name,test_date,new_positives,cumulative_number_of_positives,total_number_of_tests,cumulative_number_of_tests,tests,positive,date,pos_new,test_new,pos_rate,pos_rate_gam,case
Albany,2020-03-01T00:00:00.000,0,0,0,0,0,0,2020-03-01,0,0,0,0.00658409539467324,0
Albany,2020-03-02T00:00:00.000,0,0,0,0,0,0,2020-03-02,0,0,0,0.00747700063321313,0
Albany,2020-03-03T00:00:00.000,0,0,0,0,0,0,2020-03-03,0,0,0,0.00848949566600129,0
Albany,2020-03-04T00:00:00.000,0,0,0,0,0,0,2020-03-04,0,0,0,0.00963637299684852,0
Albany,2020-03-05T00:00:00.000,0,0,3,3,3,0,2020-03-05,0,3,0,0.0109335110538993,0
Albany,2020-03-06T00:00:00.000,0,0,0,3,3,0,2020-03-06,0,0,0,0.0123977359023876,0
Albany,2020-03-07T00:00:00.000,0,0,5,8,8,0,2020-03-07,0,5,0,0.0140466118136229,0
Albany,2020-03-08T00:00:00.000,0,0,2,10,10,0,2020-03-08,0,2,0,0.0158981502644649,0
Albany,2020-03-09T00:00:00.000,0,0,3,13,13,0,2020-03-09,0,3,0,0.0179704290487527,0
Albany,2020-03-10T00:00:00.000,0,0,2,15,15,0,2020-03-10,0,2,0,0.0202811166762708,0
Albany,2020-03-11T00:00:00.000,0,0,13,28,28,0,2020-03-11,0,13,0,0.0228469022447362,0
Albany,2020-03-12T00:00:00.000,1,1,11,39,39,1,2020-03-12,1,11,0.0909090909090909,0.025682837490435,1.7132212739091
Albany,2020-03-13T00:00:00.000,2,3,26,65,65,3,2020-03-13,2,26,0.0769230769230769,0.0288016055487346,3.25855490357559
Albany,2020-03-14T00:00:00.000,3,6,108,173,173,6,2020-03-14,3,108,0.0277777777777778,0.0322127396461595,4.65871244670575
Albany,2020-03-15T00:00:00.000,6,12,108,281,281,12,2020-03-15,6,108,0.0555555555555556,0.0359218238088109,9.03223703541673
Albany,2020-03-16T00:00:00.000,11,23,140,421,421,23,2020-03-16,11,140,0.0785714285714286,0.0399297157791618,16.0584778133648
Albany,2020-03-17T00:00:00.000,13,36,267,688,688,36,2020-03-17,13,267,0.048689138576779,0.0442318386129746,18.4143662986369
Albany,2020-03-18T00:00:00.000,7,43,331,1019,1019,43,2020-03-18,7,331,0.0211480362537764,0.0488175907667232,9.62760272480444
Albany,2020-03-19T00:00:00.000,18,61,450,1469,1469,61,2020-03-19,18,450,0.04,0.0536699239332121,24.0590081230059
Albany,2020-03-20T00:00:00.000,27,88,499,1968,1968,88,2020-03-20,27,499,0.0541082164328657,0.0587651327996142,35.1030238645324
Albany,2020-03-21T00:00:00.000,35,123,577,2545,2545,123,2020-03-21,35,577,0.0606585788561525,0.064072891170869,44.2986766017424
Albany,2020-03-22T00:00:00.000,4,127,197,2742,2742,127,2020-03-22,4,197,0.0203045685279188,0.069556554993279,4.9356115506055
Albany,2020-03-23T00:00:00.000,19,146,144,2886,2886,146,2020-03-23,19,144,0.131944444444444,0.0751737358331539,22.8912683396853
Albany,2020-03-24T00:00:00.000,6,152,198,3084,3084,152,2020-03-24,6,198,0.0303030303030303,0.0808771299192598,7.0701903867729
Albany,2020-03-25T00:00:00.000,19,171,93,3177,3177,171,2020-03-25,19,93,0.204301075268817,0.0866155698622593,22.1178776753031
Albany,2020-03-26T00:00:00.000,16,187,112,3289,3289,187,2020-03-26,16,112,0.142857142857143,0.0923352505476071,18.4277332984811
Albany,2020-03-27T00:00:00.000,8,195,101,3390,3390,195,2020-03-27,8,101,0.0792079207920792,0.0979810691110188,9.12646648429043
Albany,2020-03-28T00:00:00.000,10,205,73,3463,3463,205,2020-03-28,10,73,0.136986301369863,0.103498012464181,11.3366131960939
Albany,2020-03-29T00:00:00.000,12,217,61,3524,3524,217,2020-03-29,12,61,0.19672131147541,0.108832524986421,13.6404986606723
Albany,2020-03-30T00:00:00.000,9,226,72,3596,3596,226,2020-03-30,9,72,0.125,0.113933793450095,10.3050385558655
Albany,2020-03-31T00:00:00.000,14,240,108,3704,3704,240,2020-03-31,14,108,0.12962962962963,0.118754895139949,16.1279109542985
Albany,2020-04-01T00:00:00.000,13,253,106,3810,3810,253,2020-04-01,13,106,0.122641509433962,0.123253767148031,15.0448700559336
Albany,2020-04-02T00:00:00.000,14,267,105,3915,3915,267,2020-04-02,14,105,0.133333333333333,0.127393968506684,16.0480787314794
Albany,2020-04-03T00:00:00.000,26,293,123,4038,4038,293,2020-04-03,26,123,0.211382113821138,0.131145220719287,29.5538841000956
Albany,2020-04-04T00:00:00.000,12,305,117,4155,4155,305,2020-04-04,12,117,0.102564102564103,0.134483725165689,13.6464661588982
Albany,2020-04-05T00:00:00.000,14,319,89,4244,4244,319,2020-04-05,14,89,0.157303370786517,0.137392266911572,15.9153321816618
Albany,2020-04-06T00:00:00.000,14,333,86,4330,4330,333,2020-04-06,14,86,0.162790697674419,0.139860123146296,16.0225006620557
Albany,2020-04-07T00:00:00.000,9,342,74,4404,4404,342,2020-04-07,9,74,0.121621621621622,0.141882800652503,10.3930194039692
Albany,2020-04-08T00:00:00.000,37,379,229,4633,4633,379,2020-04-08,37,229,0.161572052401747,0.143461630480974,43.1066441315861
Albany,2020-04-09T00:00:00.000,47,426,332,4965,4965,426,2020-04-09,47,332,0.141566265060241,0.144603249669978,55.242036444908
Albany,2020-04-10T00:00:00.000,20,446,159,5124,5124,446,2020-04-10,20,159,0.125786163522013,0.145318999808311,23.7123223439752
Albany,2020-04-11T00:00:00.000,32,478,223,5347,5347,478,2020-04-11,32,223,0.143497757847534,0.145624270894499,38.2949054454017
Albany,2020-04-12T00:00:00.000,21,499,193,5540,5540,499,2020-04-12,21,193,0.10880829015544,0.145537816711381,25.4713236356356
Albany,2020-04-13T00:00:00.000,36,535,216,5756,5756,535,2020-04-13,36,216,0.166666666666667,0.145081065106841,44.2302506240751
Albany,2020-04-14T00:00:00.000,13,548,106,5862,5862,548,2020-04-14,13,106,0.122641509433962,0.144277443445371,16.1665278026368
Albany,2020-04-15T00:00:00.000,33,581,301,6163,6163,581,2020-04-15,33,301,0.109634551495017,0.143151736229593,41.462792788452
Albany,2020-04-16T00:00:00.000,38,619,273,6436,6436,619,2020-04-16,38,273,0.139194139194139,0.14172948865273,48.1102859218814
Albany,2020-04-17T00:00:00.000,29,648,291,6727,6727,648,2020-04-17,29,291,0.0996563573883162,0.140036466700939,36.9617794531559
Albany,2020-04-18T00:00:00.000,34,682,305,7032,7032,682,2020-04-18,34,305,0.111475409836066,0.138098181458284,43.5777972009593
Albany,2020-04-19T00:00:00.000,5,687,103,7135,7135,687,2020-04-19,5,103,0.0485436893203883,0.13593948252075,6.43793688001689
Albany,2020-04-20T00:00:00.000,17,704,164,7299,7299,704,2020-04-20,17,164,0.103658536585366,0.133584222920997,21.9705849428987
Albany,2020-04-21T00:00:00.000,33,737,236,7535,7535,737,2020-04-21,33,236,0.139830508474576,0.131054995747446,42.7714558455442
Albany,2020-04-22T00:00:00.000,21,758,178,7713,7713,758,2020-04-22,21,178,0.117977528089888,0.128372940706813,27.2736011367109
Albany,2020-04-23T00:00:00.000,47,805,319,8032,8032,805,2020-04-23,47,319,0.147335423197492,0.125557617248687,61.1141867442143
Albany,2020-04-24T00:00:00.000,94,899,626,8658,8658,899,2020-04-24,94,626,0.150159744408946,0.122626939546018,122.273087791628
Albany,2020-04-25T00:00:00.000,49,948,402,9060,9060,948,2020-04-25,49,402,0.121890547263682,0.11959716758264,63.7079932321891
Albany,2020-04-26T00:00:00.000,31,979,263,9323,9323,979,2020-04-26,31,263,0.11787072243346,0.11648294783889,40.2436360760418
Albany,2020-04-27T00:00:00.000,30,1009,197,9520,9520,1009,2020-04-27,30,197,0.152284263959391,0.113297396541123,38.8476570649261
Albany,2020-04-28T00:00:00.000,58,1067,351,9871,9871,1067,2020-04-28,58,351,0.165242165242165,0.110052218138974,74.849042940233
Albany,2020-04-29T00:00:00.000,98,1165,439,10310,10310,1165,2020-04-29,98,439,0.223234624145786,0.106757851543142,126.360691708162
Albany,2020-04-30T00:00:00.000,39,1204,378,10688,10688,1204,2020-04-30,39,378,0.103174603174603,0.103423636675979,50.4676613550873
Albany,2020-05-01T00:00:00.000,34,1238,434,11122,11122,1238,2020-05-01,34,434,0.0783410138248848,0.100057994026056,44.1451729530285
Albany,2020-05-02T00:00:00.000,20,1258,441,11563,11563,1258,2020-05-02,20,441,0.0453514739229025,0.0966686101278436,26.0202708392498
Albany,2020-05-03T00:00:00.000,29,1287,391,11954,11954,1287,2020-05-03,29,391,0.0741687979539642,0.0932626222071233,37.7308248832253
Albany,2020-05-04T00:00:00.000,7,1294,130,12084,12084,1294,2020-05-04,7,130,0.0538461538461538,0.0898467956290226,9.09187031476044
Albany,2020-05-05T00:00:00.000,27,1321,367,12451,12451,1321,2020-05-05,27,367,0.0735694822888283,0.0864276882633061,34.9597340811838
Albany,2020-05-06T00:00:00.000,27,1348,407,12858,12858,1348,2020-05-06,27,407,0.0663390663390663,0.0830117964601777,34.8444267855991
Albany,2020-05-07T00:00:00.000,36,1384,385,13243,13243,1384,2020-05-07,36,385,0.0935064935064935,0.0796056780076188,46.4465827236171
Albany,2020-05-08T00:00:00.000,32,1416,488,13731,13731,1416,2020-05-08,32,488,0.0655737704918033,0.0762160482462047,41.3958520611465
Albany,2020-05-09T00:00:00.000,16,1432,455,14186,14186,1432,2020-05-09,16,455,0.0351648351648352,0.0728498464483631,20.746269778999
Albany,2020-05-10T00:00:00.000,24,1456,384,14570,14570,1456,2020-05-10,24,384,0.0625,0.0695142706277196,31.18123966089
Albany,2020-05-11T00:00:00.000,23,1479,341,14911,14911,1479,2020-05-11,23,341,0.0674486803519062,0.066216780117779,29.9290172095571
Albany,2020-05-12T00:00:00.000,15,1494,335,15246,15246,1494,2020-05-12,15,335,0.0447761194029851,0.0629650665191065,19.5907963785559
Albany,2020-05-13T00:00:00.000,15,1509,546,15792,15792,1509,2020-05-13,15,546,0.0274725274725275,0.0597669949141706,19.7238758981785
Albany,2020-05-14T00:00:00.000,29,1538,541,16333,16333,1538,2020-05-14,29,541,0.0536044362292052,0.0566305185308122,38.4773366750804
Albany,2020-05-15T00:00:00.000,34,1572,482,16815,16815,1572,2020-05-15,34,482,0.0705394190871369,0.0535635712303805,45.4772504180685
Albany,2020-05-16T00:00:00.000,7,1579,411,17226,17226,1579,2020-05-16,7,411,0.0170316301703163,0.0505739432231007,9.42130989835458
Albany,2020-05-17T00:00:00.000,31,1610,342,17568,17568,1610,2020-05-17,31,342,0.0906432748538012,0.0476691462040094,41.819235216624
Albany,2020-05-18T00:00:00.000,45,1655,398,17966,17966,1655,2020-05-18,45,398,0.113065326633166,0.044856274583876,60.7804932566948
Albany,2020-05-19T00:00:00.000,27,1682,697,18663,18663,1682,2020-05-19,27,697,0.0387374461979914,0.0421418696240963,36.4786471712932
Albany,2020-05-20T00:00:00.000,18,1700,650,19313,19313,1700,2020-05-20,18,650,0.0276923076923077,0.0395317930379806,24.332089894623
Albany,2020-05-21T00:00:00.000,56,1756,920,20233,20233,1756,2020-05-21,56,920,0.0608695652173913,0.0370311160113392,75.835999172222
Albany,2020-05-22T00:00:00.000,14,1770,655,20888,20888,1770,2020-05-22,14,655,0.0213740458015267,0.034644028651161,18.9720307540739
Albany,2020-05-23T00:00:00.000,12,1782,438,21326,21326,1782,2020-05-23,12,438,0.0273972602739726,0.0323737736613563,16.2536001945931
Albany,2020-05-24T00:00:00.000,9,1791,378,21704,21704,1791,2020-05-24,9,378,0.0238095238095238,0.0302226066572435,12.1696489651556
Albany,2020-05-25T00:00:00.000,2,1793,328,22032,22032,1793,2020-05-25,2,328,0.00609756097560976,0.0281917840628527,2.69607124491528
Albany,2020-05-26T00:00:00.000,3,1796,369,22401,22401,1796,2020-05-26,3,369,0.00813008130081301,0.0262815780982628,4.02859961474543
Albany,2020-05-27T00:00:00.000,18,1814,666,23067,23067,1814,2020-05-27,18,666,0.027027027027027,0.0244913170495597,24.0925822558969
Albany,2020-05-28T00:00:00.000,20,1834,416,23483,23483,1834,2020-05-28,20,416,0.0480769230769231,0.0228194479096956,26.6581194504549
Albany,2020-05-29T00:00:00.000,9,1843,521,24004,24004,1843,2020-05-29,9,521,0.017274472168906,0.0212636176396894,11.9360228629575
Albany,2020-05-30T00:00:00.000,17,1860,760,24764,24764,1860,2020-05-30,17,760,0.0223684210526316,0.0198207687602553,22.5535483217125
Albany,2020-05-31T00:00:00.000,22,1882,537,25301,25301,1882,2020-05-31,22,537,0.0409683426443203,0.0184872447483019,29.3251834058286
Albany,2020-06-01T00:00:00.000,18,1900,618,25919,25919,1900,2020-06-01,18,618,0.029126213592233,0.0172589007615433,24.1175327275923
Albany,2020-06-02T00:00:00.000,20,1920,1170,27089,27089,1920,2020-06-02,20,1170,0.0170940170940171,0.0161312155059069,26.9132565622095
Albany,2020-06-03T00:00:00.000,10,1930,817,27906,27906,1930,2020-06-03,10,817,0.0122399020807834,0.0150994005429382,13.5027041169202
Albany,2020-06-04T00:00:00.000,11,1941,1179,29085,29085,1941,2020-06-04,11,1179,0.00932994062765055,0.0141585039466933,14.8359172262412
Albany,2020-06-05T00:00:00.000,12,1953,1164,30249,30249,1953,2020-06-05,12,1164,0.0103092783505155,0.0133035059005652,16.1492564664569
Albany,2020-06-06T00:00:00.000,8,1961,751,31000,31000,1961,2020-06-06,8,751,0.0106524633821571,0.0125294045201209,10.7360181967529
Albany,2020-06-07T00:00:00.000,17,1978,1194,32194,32194,1978,2020-06-07,17,1194,0.0142378559463987,0.011831290850805,22.7366835380326
Albany,2020-06-08T00:00:00.000,5,1983,616,32810,32810,1983,2020-06-08,5,616,0.00811688311688312,0.011204412583903,6.66082231279037
Albany,2020-06-09T00:00:00.000,3,1986,569,33379,33379,1986,2020-06-09,3,569,0.00527240773286467,0.0106442265368271,3.97855702299859
Albany,2020-06-10T00:00:00.000,10,1996,774,34153,34153,1996,2020-06-10,10,774,0.0129198966408269,0.0101464403422285,13.1956132777973
Albany,2020-06-11T00:00:00.000,11,2007,1103,35256,35256,2007,2020-06-11,11,1103,0.0099728014505893,0.00970704408071131,14.4356885486321
Albany,2020-06-12T00:00:00.000,9,2016,739,35995,35995,2016,2020-06-12,9,739,0.0121786197564276,0.0093223327788774,11.7409388318309
Albany,2020-06-13T00:00:00.000,4,2020,874,36869,36869,2020,2020-06-13,4,874,0.0045766590389016,0.00898892078776582,5.18495853797494
Albany,2020-06-14T00:00:00.000,2,2022,496,37365,37365,2022,2020-06-14,2,496,0.00403225806451613,0.00870374906903976,2.57488643098275
Albany,2020-06-15T00:00:00.000,4,2026,577,37942,37942,2026,2020-06-15,4,577,0.00693240901213172,0.00846408636230291,5.11277215930097
Albany,2020-06-16T00:00:00.000,3,2029,592,38534,38534,2029,2020-06-16,3,592,0.00506756756756757,0.00826752510086855,3.80556735150131
Albany,2020-06-17T00:00:00.000,5,2034,843,39377,39377,2034,2020-06-17,5,843,0.00593119810201661,0.00811197279916505,6.29233257579631
Albany,2020-06-18T00:00:00.000,15,2049,1070,40447,40447,2049,2020-06-18,15,1070,0.014018691588785,0.00799563946506086,18.7209620309533
Albany,2020-06-19T00:00:00.000,4,2053,610,41057,41057,2053,2020-06-19,4,610,0.00655737704918033,0.00791702140563187,4.94944045622258
Albany,2020-06-20T00:00:00.000,1,2054,784,41841,41841,2054,2020-06-20,1,784,0.00127551020408163,0.00787488160546435,1.2264069329121
Albany,2020-06-21T00:00:00.000,6,2060,931,42772,42772,2060,2020-06-21,6,931,0.00644468313641246,0.00786822667126495,7.30300711991209
Albany,2020-06-22T00:00:00.000,2,2062,427,43199,43199,2062,2020-06-22,2,427,0.00468384074941452,0.00789628016450727,2.43546926384697
Albany,2020-06-23T00:00:00.000,3,2065,586,43785,43785,2065,2020-06-23,3,586,0.00511945392491468,0.00795845199441058,3.65539868058594
Albany,2020-06-24T00:00:00.000,11,2076,1325,45110,45110,2076,2020-06-24,11,1325,0.00830188679245283,0.00805430342745777,13.4129007061986
Albany,2020-06-25T00:00:00.000,8,2084,630,45740,45740,2084,2020-06-25,8,630,0.0126984126984127,0.00818350719830368,9.75330948213919
Albany,2020-06-26T00:00:00.000,7,2091,799,46539,46539,2091,2020-06-26,7,799,0.00876095118898623,0.00834580219537966,8.51874402574613
Albany,2020-06-27T00:00:00.000,6,2097,762,47301,47301,2097,2020-06-27,6,762,0.0078740157480315,0.00854094225636383,7.28762779524368
Albany,2020-06-28T00:00:00.000,2,2099,514,47815,47815,2099,2020-06-28,2,514,0.00389105058365759,0.0087686387616046,2.42426401548112
Albany,2020-06-29T00:00:00.000,3,2102,543,48358,48358,2102,2020-06-29,3,543,0.00552486187845304,0.00902849697202316,3.63110989571433
Albany,2020-06-30T00:00:00.000,10,2112,731,49089,49089,2112,2020-06-30,10,731,0.0136798905608755,0.00931994643471464,12.1623509895179
Albany,2020-07-01T00:00:00.000,13,2125,928,50017,50017,2125,2020-07-01,13,928,0.0140086206896552,0.00964216628157799,15.9072736276786
Albany,2020-07-02T00:00:00.000,5,2130,805,50822,50822,2130,2020-07-02,5,805,0.0062111801242236,0.00999400687071225,6.1495935718907
Albany,2020-07-03T00:00:00.000,15,2145,970,51792,51792,2145,2020-07-03,15,970,0.0154639175257732,0.0103739099510715,18.4692241773646
Albany,2020-07-04T00:00:00.000,7,2152,1098,52890,52890,2152,2020-07-04,7,1098,0.0063752276867031,0.0107798303353167,8.6278635714073
Albany,2020-07-05T00:00:00.000,8,2160,626,53516,53516,2160,2020-07-05,8,626,0.012779552715655,0.0112091628895653,9.86787994358338
Albany,2020-07-06T00:00:00.000,4,2164,421,53937,53937,2164,2020-07-06,4,421,0.00950118764845606,0.0116586794185277,4.93705348980359
Albany,2020-07-07T00:00:00.000,11,2175,1020,54957,54957,2175,2020-07-07,11,1020,0.0107843137254902,0.0121244806457521,13.6062943407003
Albany,2020-07-08T00:00:00.000,8,2183,1260,56217,56217,2183,2020-07-08,8,1260,0.00634920634920635,0.012601968854024,9.91453015336337
Albany,2020-07-09T00:00:00.000,7,2190,625,56842,56842,2190,2020-07-09,7,625,0.0112,0.0130858467491052,8.68959788500618
Albany,2020-07-10T00:00:00.000,18,2208,1252,58094,58094,2208,2020-07-10,18,1252,0.0143769968051118,0.0135701476383781,22.3752400883453
Albany,2020-07-11T00:00:00.000,11,2219,815,58909,58909,2219,2020-07-11,11,815,0.0134969325153374,0.0140483010003795,13.6881857895852
Albany,2020-07-12T00:00:00.000,6,2225,594,59503,59503,2225,2020-07-12,6,594,0.0101010101010101,0.0145132359309707,7.47167961503123
Albany,2020-07-13T00:00:00.000,22,2247,1139,60642,60642,2247,2020-07-13,22,1139,0.019315188762072,0.0149575228171816,27.4063773604266
Albany,2020-07-14T00:00:00.000,33,2280,860,61502,61502,2280,2020-07-14,33,860,0.0383720930232558,0.0153735510143969,41.1099174398453
Albany,2020-07-15T00:00:00.000,10,2290,1065,62567,62567,2290,2020-07-15,10,1065,0.00938967136150235,0.0157537374608703,12.4529706067383
Albany,2020-07-16T00:00:00.000,20,2310,1098,63665,63665,2310,2020-07-16,20,1098,0.0182149362477231,0.0160907582997465,24.9097920650778
Albany,2020-07-17T00:00:00.000,5,2315,816,64481,64481,2315,2020-07-17,5,816,0.00612745098039216,0.0163777929771979,6.24665310043666
Albany,2020-07-18T00:00:00.000,3,2318,335,64816,64816,2318,2020-07-18,3,335,0.00895522388059702,0.0166087682473378,3.75656462853796
Albany,2020-07-19T00:00:00.000,4,2322,877,65693,65693,2322,2020-07-19,4,877,0.00456100342075257,0.0167785883143155,5.01603867494003
Albany,2020-07-20T00:00:00.000,29,2351,1354,67047,67047,2351,2020-07-20,29,1354,0.0214180206794682,0.01688333719018,36.3653863754377
Albany,2020-07-21T00:00:00.000,18,2369,981,68028,68028,2369,2020-07-21,18,981,0.018348623853211,0.016920440352924,22.473319957803
Albany,2020-07-22T00:00:00.000,32,2401,975,69003,69003,2401,2020-07-22,32,975,0.0328205128205128,0.0168887749410435,39.707602775947
Albany,2020-07-23T00:00:00.000,25,2426,896,69899,69899,2426,2020-07-23,25,896,0.0279017857142857,0.016788720870787,30.7825629809552
Albany,2020-07-24T00:00:00.000,12,2438,632,70531,70531,2438,2020-07-24,12,632,0.0189873417721519,0.0166221491477624,14.6423394057039
Albany,2020-07-25T00:00:00.000,13,2451,817,71348,71348,2451,2020-07-25,13,817,0.0159118727050184,0.0163923479046386,15.7600118331141
Albany,2020-07-26T00:00:00.000,2,2453,820,72168,72168,2453,2020-07-26,2,820,0.0024390243902439,0.0161038909260253,2.42367535175033
Albany,2020-07-27T00:00:00.000,15,2468,929,73097,73097,2468,2020-07-27,15,929,0.0161463939720129,0.015762457214072,18.1492563205789
Albany,2020-07-28T00:00:00.000,12,2480,843,73940,73940,2480,2020-07-28,12,843,0.0142348754448399,0.0153746131503315,14.4763511026612
Albany,2020-07-29T00:00:00.000,13,2493,763,74703,74703,2493,2020-07-29,13,763,0.0170380078636959,0.0149475707634866,15.6678966230654
Albany,2020-07-30T00:00:00.000,10,2503,745,75448,75448,2503,2020-07-30,10,745,0.0134228187919463,0.0144889363864782,12.0649498679087
Albany,2020-07-31T00:00:00.000,12,2515,1055,76503,76503,2515,2020-07-31,12,1055,0.0113744075829384,0.0140064635802604,14.4864268679182
Albany,2020-08-01T00:00:00.000,6,2521,463,76966,76966,2521,2020-08-01,6,463,0.0129589632829374,0.0135078227464103,7.24406783039275
Albany,2020-08-02T00:00:00.000,10,2531,529,77495,77495,2531,2020-08-02,10,529,0.0189035916824197,0.0130003975737328,12.0631390547742
Albany,2020-08-03T00:00:00.000,12,2543,770,78265,78265,2543,2020-08-03,12,770,0.0155844155844156,0.0124911156600493,14.437821805471
Albany,2020-08-04T00:00:00.000,13,2556,1218,79483,79483,2556,2020-08-04,13,1218,0.0106732348111658,0.0119863176337061,15.5924275051795
Albany,2020-08-05T00:00:00.000,9,2565,800,80283,80283,2565,2020-08-05,9,800,0.01125,0.0114916661658019,10.7581872496599
Albany,2020-08-06T00:00:00.000,8,2573,757,81040,81040,2573,2020-08-06,8,757,0.0105680317040951,0.011012093658406,9.52521201964366
Albany,2020-08-07T00:00:00.000,8,2581,946,81986,81986,2581,2020-08-07,8,946,0.00845665961945032,0.0105517852898001,9.477291702643
Albany,2020-08-08T00:00:00.000,14,2595,903,82889,82889,2595,2020-08-08,14,903,0.0155038759689922,0.0101141925862525,16.5291065976097
Albany,2020-08-09T00:00:00.000,5,2600,739,83628,83628,2600,2020-08-09,5,739,0.006765899864682,0.00970207178885551,5.8857220756229
Albany,2020-08-10T00:00:00.000,14,2614,1127,84755,84755,2614,2020-08-10,14,1127,0.0124223602484472,0.00931754094749636,16.422165103155
Albany,2020-08-11T00:00:00.000,10,2624,1451,86206,86206,2624,2020-08-11,10,1451,0.00689179875947622,0.00896214980998,11.6833464168594
Albany,2020-08-12T00:00:00.000,12,2636,1052,87258,87258,2636,2020-08-12,12,1052,0.0114068441064639,0.00863695706843062,13.9584116307012
Albany,2020-08-13T00:00:00.000,3,2639,1173,88431,88431,2639,2020-08-13,3,1173,0.00255754475703325,0.00834261025405517,3.47310777633662
Albany,2020-08-14T00:00:00.000,4,2643,1109,89540,89540,2643,2020-08-14,4,1109,0.0036068530207394,0.00807942442071499,4.60760128821665
Albany,2020-08-15T00:00:00.000,11,2654,1142,90682,90682,2654,2020-08-15,11,1142,0.00963222416812609,0.00784745663071927,12.6414417116086
Albany,2020-08-16T00:00:00.000,3,2657,700,91382,91382,2657,2020-08-16,3,700,0.00428571428571429,0.00764657407891601,3.43892989004003
Albany,2020-08-17T00:00:00.000,4,2661,991,92373,92373,2661,2020-08-17,4,991,0.00403632694248234,0.0074765144120598,4.58724489010832
Albany,2020-08-18T00:00:00.000,14,2675,1197,93570,93570,2675,2020-08-18,14,1197,0.0116959064327485,0.00733693739286576,16.0627982472616
Albany,2020-08-19T00:00:00.000,9,2684,1750,95320,95320,2684,2020-08-19,9,1750,0.00514285714285714,0.0072274675111276,10.330501449426
Albany,2020-08-20T00:00:00.000,7,2691,1443,96763,96763,2691,2020-08-20,7,1443,0.00485100485100485,0.00714772746264096,8.03782435357748
Albany,2020-08-21T00:00:00.000,2,2693,1336,98099,98099,2693,2020-08-21,2,1336,0.00149700598802395,0.00709736261545033,2.29719874806598
Albany,2020-08-22T00:00:00.000,6,2699,1263,99362,99362,2699,2020-08-22,6,1263,0.00475059382422803,0.0070760566824615,6.89293916392241
Albany,2020-08-23T00:00:00.000,2,2701,490,99852,99852,2701,2020-08-23,2,490,0.00408163265306122,0.0070835388439915,2.29752204426627
Albany,2020-08-24T00:00:00.000,10,2711,972,100824,100824,2711,2020-08-24,10,972,0.0102880658436214,0.00711958254052896,11.4678916757861
Albany,2020-08-25T00:00:00.000,7,2718,1042,101866,101866,2718,2020-08-25,7,1042,0.00671785028790787,0.00718399610937985,8.01237805541316
Albany,2020-08-26T00:00:00.000,18,2736,1266,103132,103132,2736,2020-08-26,18,1266,0.014218009478673,0.00727660539656741,20.598989619331
Albany,2020-08-27T00:00:00.000,10,2746,1264,104396,104396,2746,2020-08-27,10,1264,0.00791139240506329,0.00739722846116559,11.4512785331051
Albany,2020-08-28T00:00:00.000,8,2754,1183,105579,105579,2754,2020-08-28,8,1183,0.00676246830092984,0.00754564252780529,9.16777814586857
Albany,2020-08-29T00:00:00.000,10,2764,1519,107098,107098,2764,2020-08-29,10,1519,0.00658327847267939,0.00772154345534539,11.4847372561358
Albany,2020-08-30T00:00:00.000,6,2770,594,107692,107692,2770,2020-08-30,6,594,0.0101010101010101,0.00792449819516115,6.90418625708017
Albany,2020-08-31T00:00:00.000,16,2786,841,108533,108533,2786,2020-08-31,16,841,0.0190249702734839,0.00815389102324198,18.4730160186387
Albany,2020-09-01T00:00:00.000,5,2791,1116,109649,109649,2791,2020-09-01,5,1116,0.00448028673835125,0.00840886475302884,5.80596360588754
Albany,2020-09-02T00:00:00.000,11,2802,1655,111304,111304,2802,2020-09-02,11,1655,0.00664652567975831,0.00868825866448997,12.9051308098598
Albany,2020-09-03T00:00:00.000,17,2819,899,112203,112203,2819,2020-09-03,17,899,0.0189098998887653,0.00899054550046082,20.154303224785
Albany,2020-09-04T00:00:00.000,4,2823,996,113199,113199,2823,2020-09-04,4,996,0.00401606425702811,0.00931377054631819,4.78055189349405
Albany,2020-09-05T00:00:00.000,8,2831,824,114023,114023,2831,2020-09-05,8,824,0.00970873786407767,0.0096554964687615,9.62544808846073
Albany,2020-09-06T00:00:00.000,2,2833,727,114750,114750,2833,2020-09-06,2,727,0.00275103163686382,0.0100127581683764,2.42158007463082
Albany,2020-09-07T00:00:00.000,7,2840,665,115415,115415,2840,2020-09-07,7,665,0.0105263157894737,0.0103820323094271,8.52630780636299
Albany,2020-09-08T00:00:00.000,6,2846,499,115914,115914,2846,2020-09-08,6,499,0.0120240480961924,0.0107592263295152,7.34921087156881
Albany,2020-09-09T00:00:00.000,13,2859,724,116638,116638,2859,2020-09-09,13,724,0.0179558011049724,0.0111396915058707,16.0056006557609
Albany,2020-09-10T00:00:00.000,23,2882,1326,117964,117964,2882,2020-09-10,23,1326,0.0173453996983409,0.0115182639830708,28.4506706598782
Albany,2020-09-11T00:00:00.000,14,2896,1386,119350,119350,2896,2020-09-11,14,1386,0.0101010101010101,0.0118893365036074,17.4639912253239
Albany,2020-09-12T00:00:00.000,19,2915,844,120194,120194,2915,2020-09-12,19,844,0.0225118483412322,0.0122469619289217,23.9034873223351
Albany,2020-09-13T00:00:00.000,6,2921,555,120749,120749,2921,2020-09-13,6,555,0.0108108108108108,0.0125849875591927,7.60940695016332
Albany,2020-09-14T00:00:00.000,15,2936,797,121546,121546,2936,2020-09-14,15,797,0.0188205771643664,0.0128972168853584,19.1662161767833
Albany,2020-09-15T00:00:00.000,12,2948,997,122543,122543,2948,2020-09-15,12,997,0.0120361083249749,0.013177592932479,15.4375765577998
Albany,2020-09-16T00:00:00.000,21,2969,1084,123627,123627,2969,2020-09-16,21,1084,0.0193726937269373,0.0134203950212144,27.1788099656387
Albany,2020-09-17T00:00:00.000,10,2979,1229,124856,124856,2979,2020-09-17,10,1229,0.0081366965012205,0.0136204388508222,13.0088319505215
Albany,2020-09-18T00:00:00.000,27,3006,1322,126178,126178,3006,2020-09-18,27,1322,0.0204236006051437,0.0137732685465007,35.2693081494373
Albany,2020-09-19T00:00:00.000,10,3016,1147,127325,127325,3016,2020-09-19,10,1147,0.00871839581517001,0.0138753289217361,13.1023883735174
Albany,2020-09-20T00:00:00.000,8,3024,669,127994,127994,3024,2020-09-20,8,669,0.0119581464872945,0.0139241068067019,10.4990086255143
Albany,2020-09-21T00:00:00.000,13,3037,776,128770,128770,3037,2020-09-21,13,776,0.0167525773195876,0.0139182318984743,17.0611628753627
Albany,2020-09-22T00:00:00.000,6,3043,869,129639,129639,3043,2020-09-22,6,869,0.00690448791714614,0.0138575300965829,7.86328314768144
Albany,2020-09-23T00:00:00.000,10,3053,1519,131158,131158,3053,2020-09-23,10,1519,0.00658327847267939,0.0137430254771515,13.0674175819327
Albany,2020-09-24T00:00:00.000,10,3063,1348,132506,132506,3063,2020-09-24,10,1348,0.00741839762611276,0.0135768906279611,13.0793168433655
Albany,2020-09-25T00:00:00.000,19,3082,1202,133708,133708,3082,2020-09-25,19,1202,0.0158069883527454,0.0133623486587367,24.810629426895
Albany,2020-09-26T00:00:00.000,13,3095,1091,134799,134799,3095,2020-09-26,13,1091,0.0119156736938588,0.0131035334570581,16.9226327231874
Albany,2020-09-27T00:00:00.000,9,3104,789,135588,135588,3104,2020-09-27,9,789,0.0114068441064639,0.0128053173673827,11.6626353624287
Albany,2020-09-28T00:00:00.000,12,3116,939,136527,136527,3116,2020-09-28,12,939,0.012779552715655,0.0124731171973423,15.4483657414203
Albany,2020-09-29T00:00:00.000,4,3120,925,137452,137452,3120,2020-09-29,4,925,0.00432432432432432,0.0121126901818303,5.10762294250879
Albany,2020-09-30T00:00:00.000,13,3133,1496,138948,138948,3133,2020-09-30,13,1496,0.00868983957219251,0.0117299312616475,16.441488760405
Albany,2020-10-01T00:00:00.000,20,3153,1343,140291,140291,3153,2020-10-01,20,1343,0.0148920327624721,0.0113306818690607,25.0189347644829
Albany,2020-10-02T00:00:00.000,22,3175,1783,142074,142074,3175,2020-10-02,22,1783,0.0123387549074593,0.0109205585560461,27.2556135430361
Albany,2020-10-03T00:00:00.000,15,3190,1052,143126,143126,3190,2020-10-03,15,1052,0.0142585551330798,0.0105048075038442,18.5458844640532
Albany,2020-10-04T00:00:00.000,11,3201,833,143959,143959,3201,2020-10-04,11,833,0.0132052821128451,0.0100881884819367,13.6180818296786
Albany,2020-10-05T00:00:00.000,17,3218,1061,145020,145020,3218,2020-10-05,17,1061,0.0160226201696513,0.00967488943159355,21.0865628499426
Albany,2020-10-06T00:00:00.000,15,3233,1328,146348,146348,3233,2020-10-06,15,1328,0.0112951807228916,0.00926847073846569,18.6396835286335
Albany,2020-10-07T00:00:00.000,18,3251,2089,148437,148437,3251,2020-10-07,18,2089,0.00861656294877932,0.00887183657427295,22.4062086768281
Albany,2020-10-08T00:00:00.000,17,3268,2240,150677,150677,3268,2020-10-08,17,2240,0.00758928571428571,0.00848722950819436,21.1959800225295
Albany,2020-10-09T00:00:00.000,12,3280,2225,152902,152902,3280,2020-10-09,12,2225,0.00539325842696629,0.00811624393113562,14.9850043537442
Albany,2020-10-10T00:00:00.000,13,3293,1823,154725,154725,3293,2020-10-10,13,1823,0.00713110257816786,0.00775985366945331,16.2575313886194
Albany,2020-10-11T00:00:00.000,11,3304,819,155544,155544,3304,2020-10-11,11,819,0.0134310134310134,0.00741844942505536,13.7754560578547
Allegany,2020-03-01T00:00:00.000,0,0,0,0,0,0,2020-03-01,0,0,0,0.0478819667645076,0
Allegany,2020-03-02T00:00:00.000,0,0,0,0,0,0,2020-03-02,0,0,0,0.0495394093995251,0
Allegany,2020-03-03T00:00:00.000,0,0,0,0,0,0,2020-03-03,0,0,0,0.0512500722970975,0
Allegany,2020-03-04T00:00:00.000,0,0,0,0,0,0,2020-03-04,0,0,0,0.0530135975386313,0
Allegany,2020-03-05T00:00:00.000,0,0,0,0,0,0,2020-03-05,0,0,0,0.0548285914532359,0
Allegany,2020-03-06T00:00:00.000,0,0,0,0,0,0,2020-03-06,0,0,0,0.0566925569595941,0
Allegany,2020-03-07T00:00:00.000,0,0,0,0,0,0,2020-03-07,0,0,0,0.0586018315645256,0
Allegany,2020-03-08T00:00:00.000,0,0,0,0,0,0,2020-03-08,0,0,0,0.0605515336228451,0
Allegany,2020-03-09T00:00:00.000,0,0,0,0,0,0,2020-03-09,0,0,0,0.0625355197977949,0
Allegany,2020-03-10T00:00:00.000,0,0,0,0,0,0,2020-03-10,0,0,0,0.0645463568827469,0
Allegany,2020-03-11T00:00:00.000,0,0,4,4,4,0,2020-03-11,0,4,0,0.066575311232453,0
Allegany,2020-03-12T00:00:00.000,0,0,1,5,5,0,2020-03-12,0,1,0,0.0686123589875723,0
Allegany,2020-03-13T00:00:00.000,0,0,0,5,5,0,2020-03-13,0,0,0,0.070646220046142,0
Allegany,2020-03-14T00:00:00.000,0,0,1,6,6,0,2020-03-14,0,1,0,0.0726644183336774,0
Allegany,2020-03-15T00:00:00.000,2,2,5,11,11,2,2020-03-15,2,5,0.4,0.0746533703512956,3.2392403658346
Allegany,2020-03-16T00:00:00.000,0,2,1,12,12,2,2020-03-16,0,1,0,0.0765985032502165,0
Allegany,2020-03-17T00:00:00.000,0,2,0,12,12,2,2020-03-17,0,0,0,0.0784844028124073,0
Allegany,2020-03-18T00:00:00.000,0,2,3,15,15,2,2020-03-18,0,3,0,0.0802949907423486,0
Allegany,2020-03-19T00:00:00.000,0,2,2,17,17,2,2020-03-19,0,2,0,0.0820137296324779,0
Allegany,2020-03-20T00:00:00.000,0,2,10,27,27,2,2020-03-20,0,10,0,0.0836238529007848,0
Allegany,2020-03-21T00:00:00.000,0,2,10,37,37,2,2020-03-21,0,10,0,0.085108615960727,0
Allegany,2020-03-22T00:00:00.000,0,2,39,76,76,2,2020-03-22,0,39,0,0.0864515639203356,0
Allegany,2020-03-23T00:00:00.000,0,2,2,78,78,2,2020-03-23,0,2,0,0.0876368102634034,0
Allegany,2020-03-24T00:00:00.000,0,2,5,83,83,2,2020-03-24,0,5,0,0.088649320280758,0
Allegany,2020-03-25T00:00:00.000,0,2,6,89,89,2,2020-03-25,0,6,0,0.0894751925242082,0
Allegany,2020-03-26T00:00:00.000,0,2,9,98,98,2,2020-03-26,0,9,0,0.0901019312718117,0
Allegany,2020-03-27T00:00:00.000,0,2,4,102,102,2,2020-03-27,0,4,0,0.0905187029319137,0
Allegany,2020-03-28T00:00:00.000,4,6,12,114,114,6,2020-03-28,4,12,0.333333333333333,0.0907165694779641,4.47526524868961
Allegany,2020-03-29T00:00:00.000,1,7,7,121,121,7,2020-03-29,1,7,0.142857142857143,0.0906886923905643,1.11616511473412
Allegany,2020-03-30T00:00:00.000,0,7,4,125,125,7,2020-03-30,0,4,0,0.0904305011762308,0
Allegany,2020-03-31T00:00:00.000,2,9,10,135,135,9,2020-03-31,2,10,0.2,0.0899398213169827,2.24083627818035
Allegany,2020-04-01T00:00:00.000,3,12,14,149,149,12,2020-04-01,3,14,0.214285714285714,0.0892169574612576,3.36148412132373
Allegany,2020-04-02T00:00:00.000,2,14,18,167,167,14,2020-04-02,2,18,0.111111111111111,0.0882647287719069,2.20998252058626
Allegany,2020-04-03T00:00:00.000,2,16,13,180,180,16,2020-04-03,2,13,0.153846153846154,0.0870884545756436,2.18218730585336
Allegany,2020-04-04T00:00:00.000,0,16,8,188,188,16,2020-04-04,0,8,0,0.0856958897815966,0
Allegany,2020-04-05T00:00:00.000,1,17,8,196,196,17,2020-04-05,1,8,0.125,0.0840971109218184,1.08235455850162
Allegany,2020-04-06T00:00:00.000,0,17,3,199,199,17,2020-04-06,0,3,0,0.0823043550760722,0
Allegany,2020-04-07T00:00:00.000,4,21,16,215,215,21,2020-04-07,4,16,0.25,0.0803318153333028,4.3637011781238
Allegany,2020-04-08T00:00:00.000,1,22,12,227,227,22,2020-04-08,1,12,0.0833333333333333,0.0781953977646143,1.09644545888149
Allegany,2020-04-09T00:00:00.000,4,26,21,248,248,26,2020-04-09,4,21,0.19047619047619,0.0759124460837297,4.40803776624941
Allegany,2020-04-10T00:00:00.000,0,26,16,264,264,26,2020-04-10,0,16,0,0.0735014411958889,0
Allegany,2020-04-11T00:00:00.000,0,26,11,275,275,26,2020-04-11,0,11,0,0.0709816836321162,0
Allegany,2020-04-12T00:00:00.000,0,26,5,280,280,26,2020-04-12,0,5,0,0.0683729673842109,0
Allegany,2020-04-13T00:00:00.000,2,28,14,294,294,28,2020-04-13,2,14,0.142857142857143,0.0656952538609678,2.27006985260384
Allegany,2020-04-14T00:00:00.000,0,28,10,304,304,28,2020-04-14,0,10,0,0.0629683545552366,0
Allegany,2020-04-15T00:00:00.000,0,28,8,312,312,28,2020-04-15,0,8,0,0.0602116305420728,0
Allegany,2020-04-16T00:00:00.000,1,29,21,333,333,29,2020-04-16,1,21,0.0476190476190476,0.0574437161370611,1.15673152567454
Allegany,2020-04-17T00:00:00.000,1,30,15,348,348,30,2020-04-17,1,15,0.0666666666666667,0.0546822729695166,1.16015339384529
Allegany,2020-04-18T00:00:00.000,0,30,7,355,355,30,2020-04-18,0,7,0,0.0519437794238094,0
Allegany,2020-04-19T00:00:00.000,0,30,5,360,360,30,2020-04-19,0,5,0,0.0492433589449955,0
Allegany,2020-04-20T00:00:00.000,0,30,9,369,369,30,2020-04-20,0,9,0,0.0465946491723985,0
Allegany,2020-04-21T00:00:00.000,0,30,10,379,379,30,2020-04-21,0,10,0,0.044009712339615,0
Allegany,2020-04-22T00:00:00.000,0,30,14,393,393,30,2020-04-22,0,14,0,0.0414989859405204,0
Allegany,2020-04-23T00:00:00.000,1,31,10,403,403,31,2020-04-23,1,10,0.1,0.0390712713770801,1.1570326830716
Allegany,2020-04-24T00:00:00.000,4,35,61,464,464,35,2020-04-24,4,61,0.0655737704918033,0.0367337572302329,4.61223007755299
Allegany,2020-04-25T00:00:00.000,0,35,12,476,476,35,2020-04-25,0,12,0,0.0344920729664031,0
Allegany,2020-04-26T00:00:00.000,0,35,9,485,485,35,2020-04-26,0,9,0,0.0323503683265987,0
Allegany,2020-04-27T00:00:00.000,0,35,14,499,499,35,2020-04-27,0,14,0,0.0303114133420552,0
Allegany,2020-04-28T00:00:00.000,0,35,26,525,525,35,2020-04-28,0,26,0,0.0283767138630469,0
Allegany,2020-04-29T00:00:00.000,0,35,18,543,543,35,2020-04-29,0,18,0,0.0265466376464029,0
Allegany,2020-04-30T00:00:00.000,0,35,20,563,563,35,2020-04-30,0,20,0,0.0248205463840624,0
Allegany,2020-05-01T00:00:00.000,0,35,11,574,574,35,2020-05-01,0,11,0,0.0231969295266204,0
Allegany,2020-05-02T00:00:00.000,0,35,18,592,592,35,2020-05-02,0,18,0,0.0216735363183122,0
Allegany,2020-05-03T00:00:00.000,0,35,14,606,606,35,2020-05-03,0,14,0,0.0202475030713671,0
Allegany,2020-05-04T00:00:00.000,0,35,31,637,637,35,2020-05-04,0,31,0,0.0189154733310891,0
Allegany,2020-05-05T00:00:00.000,0,35,22,659,659,35,2020-05-05,0,22,0,0.0176737091874875,0
Allegany,2020-05-06T00:00:00.000,0,35,40,699,699,35,2020-05-06,0,40,0,0.016518192550717,0
Allegany,2020-05-07T00:00:00.000,0,35,33,732,732,35,2020-05-07,0,33,0,0.0154447157093832,0
Allegany,2020-05-08T00:00:00.000,0,35,18,750,750,35,2020-05-08,0,18,0,0.0144489609224735,0
Allegany,2020-05-09T00:00:00.000,1,36,20,770,770,36,2020-05-09,1,20,0.05,0.01352656915297,1.09571079417189
Allegany,2020-05-10T00:00:00.000,2,38,35,805,805,38,2020-05-10,2,35,0.0571428571428571,0.0126731983343494,2.19176182004703
Allegany,2020-05-11T00:00:00.000,4,42,41,846,846,42,2020-05-11,4,41,0.0975609756097561,0.0118845717741102,4.38355196413926
Allegany,2020-05-12T00:00:00.000,2,44,39,885,885,44,2020-05-12,2,39,0.0512820512820513,0.0111565174476176,2.1970185589149
Allegany,2020-05-13T00:00:00.000,0,44,53,938,938,44,2020-05-13,0,53,0,0.0104849990290066,0
Allegany,2020-05-14T00:00:00.000,0,44,44,982,982,44,2020-05-14,0,44,0,0.00986613955232781,0
Allegany,2020-05-15T00:00:00.000,0,44,27,1009,1009,44,2020-05-15,0,27,0,0.0092962386043952,0
Allegany,2020-05-16T00:00:00.000,0,44,36,1045,1045,44,2020-05-16,0,36,0,0.00877178392936529,0
Allegany,2020-05-17T00:00:00.000,0,44,89,1134,1134,44,2020-05-17,0,89,0,0.00828945828150384,0
Allegany,2020-05-18T00:00:00.000,0,44,28,1162,1162,44,2020-05-18,0,28,0,0.00784614230374081,0
Allegany,2020-05-19T00:00:00.000,0,44,49,1211,1211,44,2020-05-19,0,49,0,0.00743891414103121,0
Allegany,2020-05-20T00:00:00.000,0,44,68,1279,1279,44,2020-05-20,0,68,0,0.0070650464240358,0
Allegany,2020-05-21T00:00:00.000,0,44,47,1326,1326,44,2020-05-21,0,47,0,0.0067220011837765,0
Allegany,2020-05-22T00:00:00.000,0,44,26,1352,1352,44,2020-05-22,0,26,0,0.00640742318458715,0
Allegany,2020-05-23T00:00:00.000,0,44,33,1385,1385,44,2020-05-23,0,33,0,0.00611913209286336,0
Allegany,2020-05-24T00:00:00.000,0,44,53,1438,1438,44,2020-05-24,0,53,0,0.00585511383417311,0
Allegany,2020-05-25T00:00:00.000,0,44,28,1466,1466,44,2020-05-25,0,28,0,0.00561351143210307,0
Allegany,2020-05-26T00:00:00.000,1,45,96,1562,1562,45,2020-05-26,1,96,0.0104166666666667,0.00539261556913179,1.14616635099398
Allegany,2020-05-27T00:00:00.000,0,45,98,1660,1660,45,2020-05-27,0,98,0,0.00519085506299592,0
Allegany,2020-05-28T00:00:00.000,0,45,60,1720,1720,45,2020-05-28,0,60,0,0.00500678741124591,0
Allegany,2020-05-29T00:00:00.000,0,45,64,1784,1784,45,2020-05-29,0,64,0,0.00483908952168942,0
Allegany,2020-05-30T00:00:00.000,0,45,51,1835,1835,45,2020-05-30,0,51,0,0.00468654871676278,0
Allegany,2020-05-31T00:00:00.000,3,48,100,1935,1935,48,2020-05-31,3,100,0.03,0.00454805407507167,3.47563893576683
Allegany,2020-06-01T00:00:00.000,0,48,160,2095,2095,48,2020-06-01,0,160,0,0.00442258815289397,0
Allegany,2020-06-02T00:00:00.000,1,49,181,2276,2276,49,2020-06-02,1,181,0.00552486187845304,0.00430921911184097,1.17925955619275
Allegany,2020-06-03T00:00:00.000,0,49,131,2407,2407,49,2020-06-03,0,131,0,0.00420709326563686,0
Allegany,2020-06-04T00:00:00.000,2,51,154,2561,2561,51,2020-06-04,2,154,0.012987012987013,0.00411542804863994,2.38391890014468
Allegany,2020-06-05T00:00:00.000,0,51,309,2870,2870,51,2020-06-05,0,309,0,0.00403350540089583,0
Allegany,2020-06-06T00:00:00.000,0,51,98,2968,2968,51,2020-06-06,0,98,0,0.00396066555878631,0
Allegany,2020-06-07T00:00:00.000,0,51,149,3117,3117,51,2020-06-07,0,149,0,0.00389630123639724,0
Allegany,2020-06-08T00:00:00.000,0,51,220,3337,3337,51,2020-06-08,0,220,0,0.00383985218028686,0
Allegany,2020-06-09T00:00:00.000,1,52,128,3465,3465,52,2020-06-09,1,128,0.0078125,0.00379080007913244,1.1960959214666
Allegany,2020-06-10T00:00:00.000,1,53,137,3602,3602,53,2020-06-10,1,137,0.0072992700729927,0.00374866380954968,1.19449918555137
Allegany,2020-06-11T00:00:00.000,0,53,163,3765,3765,53,2020-06-11,0,163,0,0.00371299500003015,0
Allegany,2020-06-12T00:00:00.000,1,54,144,3909,3909,54,2020-06-12,1,144,0.00694444444444444,0.00368337389626371,1.18886471189024
Allegany,2020-06-13T00:00:00.000,0,54,103,4012,4012,54,2020-06-13,0,103,0,0.00365940551295149,0
Allegany,2020-06-14T00:00:00.000,1,55,65,4077,4077,55,2020-06-14,1,65,0.0153846153846154,0.00364071605945505,1.17998402502587
Allegany,2020-06-15T00:00:00.000,0,55,120,4197,4197,55,2020-06-15,0,120,0,0.00362694962914249,0
Allegany,2020-06-16T00:00:00.000,0,55,134,4331,4331,55,2020-06-16,0,134,0,0.00361776514497929,0
Allegany,2020-06-17T00:00:00.000,2,57,77,4408,4408,57,2020-06-17,2,77,0.025974025974026,0.00361283355666572,2.32136700351428
Allegany,2020-06-18T00:00:00.000,1,58,220,4628,4628,58,2020-06-18,1,220,0.00454545454545455,0.00361183528734203,1.15272145566273
Allegany,2020-06-19T00:00:00.000,0,58,166,4794,4794,58,2020-06-19,0,166,0,0.00361445793047246,0
Allegany,2020-06-20T00:00:00.000,0,58,66,4860,4860,58,2020-06-20,0,66,0,0.00362039419987574,0
Allegany,2020-06-21T00:00:00.000,0,58,114,4974,4974,58,2020-06-21,0,114,0,0.00362934013789849,0
Allegany,2020-06-22T00:00:00.000,0,58,142,5116,5116,58,2020-06-22,0,142,0,0.00364099358833247,0
Allegany,2020-06-23T00:00:00.000,0,58,104,5220,5220,58,2020-06-23,0,104,0,0.0036550529417632,0
Allegany,2020-06-24T00:00:00.000,0,58,131,5351,5351,58,2020-06-24,0,131,0,0.00367121616151608,0
Allegany,2020-06-25T00:00:00.000,0,58,109,5460,5460,58,2020-06-25,0,109,0,0.00368918009817605,0
Allegany,2020-06-26T00:00:00.000,0,58,55,5515,5515,58,2020-06-26,0,55,0,0.00370864009970641,0
Allegany,2020-06-27T00:00:00.000,1,59,74,5589,5589,59,2020-06-27,1,74,0.0135135135135135,0.0037292899224752,1.11801329845599
Allegany,2020-06-28T00:00:00.000,0,59,157,5746,5746,59,2020-06-28,0,157,0,0.00375082194596152,0
Allegany,2020-06-29T00:00:00.000,0,59,194,5940,5940,59,2020-06-29,0,194,0,0.00377292769058496,0
Allegany,2020-06-30T00:00:00.000,2,61,78,6018,6018,61,2020-06-30,2,78,0.0256410256410256,0.00379529863401613,2.223467479744
Allegany,2020-07-01T00:00:00.000,1,62,48,6066,6066,62,2020-07-01,1,48,0.0208333333333333,0.00381762731655481,1.11535801015442
Allegany,2020-07-02T00:00:00.000,1,63,105,6171,6171,63,2020-07-02,1,105,0.00952380952380952,0.00383960872081905,1.11771516221518
Allegany,2020-07-03T00:00:00.000,0,63,75,6246,6246,63,2020-07-03,0,75,0,0.00386094190522709,0
Allegany,2020-07-04T00:00:00.000,0,63,97,6343,6343,63,2020-07-04,0,97,0,0.00388133186473836,0
Allegany,2020-07-05T00:00:00.000,0,63,93,6436,6436,63,2020-07-05,0,93,0,0.00390049158628823,0
Allegany,2020-07-06T00:00:00.000,0,63,87,6523,6523,63,2020-07-06,0,87,0,0.00391814426051502,0
Allegany,2020-07-07T00:00:00.000,1,64,205,6728,6728,64,2020-07-07,1,205,0.0048780487804878,0.00393402560599945,1.10526032413146
Allegany,2020-07-08T00:00:00.000,0,64,91,6819,6819,64,2020-07-08,0,91,0,0.00394788625757604,0
Allegany,2020-07-09T00:00:00.000,0,64,78,6897,6897,64,2020-07-09,0,78,0,0.00395949416656272,0
Allegany,2020-07-10T00:00:00.000,2,66,106,7003,7003,66,2020-07-10,2,106,0.0188679245283019,0.00396863695823709,2.19852229731699
Allegany,2020-07-11T00:00:00.000,0,66,107,7110,7110,66,2020-07-11,0,107,0,0.00397512419074398,0
Allegany,2020-07-12T00:00:00.000,0,66,88,7198,7198,66,2020-07-12,0,88,0,0.00397878945999878,0
Allegany,2020-07-13T00:00:00.000,2,68,243,7441,7441,68,2020-07-13,2,243,0.00823045267489712,0.00397949229715951,2.18250751381637
Allegany,2020-07-14T00:00:00.000,1,69,97,7538,7538,69,2020-07-14,1,97,0.0103092783505155,0.00397711980887787,1.08820849734088
Allegany,2020-07-15T00:00:00.000,1,70,80,7618,7618,70,2020-07-15,1,80,0.0125,0.00397158801579666,1.08500320689735
Allegany,2020-07-16T00:00:00.000,1,71,72,7690,7690,71,2020-07-16,1,72,0.0138888888888889,0.00396284285148887,1.0826376859115
Allegany,2020-07-17T00:00:00.000,0,71,111,7801,7801,71,2020-07-17,0,111,0,0.00395086079207677,0
Allegany,2020-07-18T00:00:00.000,0,71,78,7879,7879,71,2020-07-18,0,78,0,0.00393564909586245,0
Allegany,2020-07-19T00:00:00.000,0,71,72,7951,7951,71,2020-07-19,0,72,0,0.00391724564215734,0
Allegany,2020-07-20T00:00:00.000,1,72,97,8048,8048,72,2020-07-20,1,97,0.0103092783505155,0.00389571836876787,1.08293685537408
Allegany,2020-07-21T00:00:00.000,0,72,171,8219,8219,72,2020-07-21,0,171,0,0.00387116431793442,0
Allegany,2020-07-22T00:00:00.000,0,72,130,8349,8349,72,2020-07-22,0,130,0,0.00384370831053544,0
Allegany,2020-07-23T00:00:00.000,2,74,112,8461,8461,74,2020-07-23,2,112,0.0178571428571429,0.00381350127774318,2.12336860815039
Allegany,2020-07-24T00:00:00.000,0,74,138,8599,8599,74,2020-07-24,0,138,0,0.00378071828768437,0
Allegany,2020-07-25T00:00:00.000,0,74,75,8674,8674,74,2020-07-25,0,75,0,0.00374555631177705,0
Allegany,2020-07-26T00:00:00.000,0,74,58,8732,8732,74,2020-07-26,0,58,0,0.00370823178103553,0
Allegany,2020-07-27T00:00:00.000,0,74,53,8785,8785,74,2020-07-27,0,53,0,0.00366897798662209,0
Allegany,2020-07-28T00:00:00.000,0,74,212,8997,8997,74,2020-07-28,0,212,0,0.00362804238118643,0
Allegany,2020-07-29T00:00:00.000,0,74,100,9097,9097,74,2020-07-29,0,100,0,0.00358568383807417,0
Allegany,2020-07-30T00:00:00.000,0,74,65,9162,9162,74,2020-07-30,0,65,0,0.00354216992435505,0
Allegany,2020-07-31T00:00:00.000,0,74,102,9264,9264,74,2020-07-31,0,102,0,0.00349777424097125,0
Allegany,2020-08-01T00:00:00.000,0,74,118,9382,9382,74,2020-08-01,0,118,0,0.00345277387929544,0
Allegany,2020-08-02T00:00:00.000,1,75,63,9445,9445,75,2020-08-02,1,63,0.0158730158730159,0.00340744703826345,1.05513391352097
Allegany,2020-08-03T00:00:00.000,0,75,153,9598,9598,75,2020-08-03,0,153,0,0.00336207084026064,0
Allegany,2020-08-04T00:00:00.000,1,76,178,9776,9776,76,2020-08-04,1,178,0.00561797752808989,0.00331691937735472,1.05481256514738
Allegany,2020-08-05T00:00:00.000,2,78,118,9894,9894,78,2020-08-05,2,118,0.0169491525423729,0.0032722620125713,2.10849750874298
Allegany,2020-08-06T00:00:00.000,1,79,128,10022,10022,79,2020-08-06,1,128,0.0078125,0.00322836195395688,1.0531637366826
Allegany,2020-08-07T00:00:00.000,0,79,110,10132,10132,79,2020-08-07,0,110,0,0.00318547511240109,0
Allegany,2020-08-08T00:00:00.000,0,79,65,10197,10197,79,2020-08-08,0,65,0,0.00314384924782131,0
Allegany,2020-08-09T00:00:00.000,1,80,71,10268,10268,80,2020-08-09,1,71,0.0140845070422535,0.0031037234025129,1.05034409741619
Allegany,2020-08-10T00:00:00.000,0,80,325,10593,10593,80,2020-08-10,0,325,0,0.00306532761536517,0
Allegany,2020-08-11T00:00:00.000,0,80,95,10688,10688,80,2020-08-11,0,95,0,0.0030288829063475,0
Allegany,2020-08-12T00:00:00.000,0,80,74,10762,10762,80,2020-08-12,0,74,0,0.00299460151721197,0
Allegany,2020-08-13T00:00:00.000,0,80,90,10852,10852,80,2020-08-13,0,90,0,0.00296268739176735,0
Allegany,2020-08-14T00:00:00.000,0,80,141,10993,10993,80,2020-08-14,0,141,0,0.00293333687732635,0
Allegany,2020-08-15T00:00:00.000,0,80,118,11111,11111,80,2020-08-15,0,118,0,0.00290673962797522,0
Allegany,2020-08-16T00:00:00.000,0,80,66,11177,11177,80,2020-08-16,0,66,0,0.00288307969007446,0
Allegany,2020-08-17T00:00:00.000,0,80,169,11346,11346,80,2020-08-17,0,169,0,0.00286253675080894,0
Allegany,2020-08-18T00:00:00.000,0,80,242,11588,11588,80,2020-08-18,0,242,0,0.00284528753154476,0
Allegany,2020-08-19T00:00:00.000,1,81,94,11682,11682,81,2020-08-19,1,94,0.0106382978723404,0.00283150730912625,1.04515823651991
Allegany,2020-08-20T00:00:00.000,3,84,149,11831,11831,84,2020-08-20,3,149,0.0201342281879195,0.0028213715499589,3.138997400441
Allegany,2020-08-21T00:00:00.000,0,84,145,11976,11976,84,2020-08-21,0,145,0,0.00281505764365798,0
Allegany,2020-08-22T00:00:00.000,1,85,93,12069,12069,85,2020-08-22,1,93,0.010752688172043,0.00281274672511103,1.04757982901908
Allegany,2020-08-23T00:00:00.000,0,85,47,12116,12116,85,2020-08-23,0,47,0,0.00281462557592057,0
Allegany,2020-08-24T00:00:00.000,1,86,199,12315,12315,86,2020-08-24,1,199,0.0050251256281407,0.00282088859826032,1.04538610342019
Allegany,2020-08-25T00:00:00.000,0,86,258,12573,12573,86,2020-08-25,0,258,0,0.00283173985615408,0
Allegany,2020-08-26T00:00:00.000,1,87,180,12753,12753,87,2020-08-26,1,180,0.00555555555555556,0.00284739518097778,1.04189824331001
Allegany,2020-08-27T00:00:00.000,0,87,236,12989,12989,87,2020-08-27,0,236,0,0.00286808433956523,0
Allegany,2020-08-28T00:00:00.000,1,88,180,13169,13169,88,2020-08-28,1,180,0.00555555555555556,0.00289405326460117,1.04125029495802
Allegany,2020-08-29T00:00:00.000,1,89,149,13318,13318,89,2020-08-29,1,149,0.00671140939597315,0.0029255663479941,1.04224938417922
Allegany,2020-08-30T00:00:00.000,0,89,94,13412,13412,89,2020-08-30,0,94,0,0.00296290879858091,0
Allegany,2020-08-31T00:00:00.000,0,89,355,13767,13767,89,2020-08-31,0,355,0,0.00300638906582298,0
Allegany,2020-09-01T00:00:00.000,0,89,122,13889,13889,89,2020-09-01,0,122,0,0.00305634133106898,0
Allegany,2020-09-02T00:00:00.000,1,90,253,14142,14142,90,2020-09-02,1,253,0.00395256916996047,0.00311312806747423,1.05875664811194
Allegany,2020-09-03T00:00:00.000,0,90,220,14362,14362,90,2020-09-03,0,220,0,0.00317714266876522,0
Allegany,2020-09-04T00:00:00.000,2,92,126,14488,14488,92,2020-09-04,2,126,0.0158730158730159,0.00324881214570795,2.15133452927483
Allegany,2020-09-05T00:00:00.000,0,92,51,14539,14539,92,2020-09-05,0,51,0,0.00332859988738261,0
Allegany,2020-09-06T00:00:00.000,0,92,102,14641,14641,92,2020-09-06,0,102,0,0.0034170084821827,0
Allegany,2020-09-07T00:00:00.000,0,92,194,14835,14835,92,2020-09-07,0,194,0,0.00351458259085824,0
Allegany,2020-09-08T00:00:00.000,0,92,156,14991,14991,92,2020-09-08,0,156,0,0.00362191186093861,0
Allegany,2020-09-09T00:00:00.000,1,93,86,15077,15077,93,2020-09-09,1,86,0.0116279069767442,0.00373963386853622,1.10388597764336
Allegany,2020-09-10T00:00:00.000,0,93,230,15307,15307,93,2020-09-10,0,230,0,0.0038684370699153,0
Allegany,2020-09-11T00:00:00.000,1,94,135,15442,15442,94,2020-09-11,1,135,0.00740740740740741,0.00400906374138606,1.11893279548705
Allegany,2020-09-12T00:00:00.000,0,94,51,15493,15493,94,2020-09-12,0,51,0,0.00416231288217807,0
Allegany,2020-09-13T00:00:00.000,0,94,106,15599,15599,94,2020-09-13,0,106,0,0.00432904305110134,0
Allegany,2020-09-14T00:00:00.000,0,94,121,15720,15720,94,2020-09-14,0,121,0,0.00451017510421026,0
Allegany,2020-09-15T00:00:00.000,0,94,232,15952,15952,94,2020-09-15,0,232,0,0.00470669479757781,0
Allegany,2020-09-16T00:00:00.000,0,94,86,16038,16038,94,2020-09-16,0,86,0,0.00491965521694877,0
Allegany,2020-09-17T00:00:00.000,1,95,169,16207,16207,95,2020-09-17,1,169,0.00591715976331361,0.00515017899481234,1.18032451043246
Allegany,2020-09-18T00:00:00.000,1,96,115,16322,16322,96,2020-09-18,1,115,0.00869565217391304,0.00539946027568714,1.18950017395004
Allegany,2020-09-19T00:00:00.000,2,98,165,16487,16487,98,2020-09-19,2,165,0.0121212121212121,0.00566876639261258,2.3961002881438
Allegany,2020-09-20T00:00:00.000,1,99,145,16632,16632,99,2020-09-20,1,145,0.00689655172413793,0.00595943922244454,1.20559686624321
Allegany,2020-09-21T00:00:00.000,0,99,230,16862,16862,99,2020-09-21,0,230,0,0.00627289619512052,0
Allegany,2020-09-22T00:00:00.000,0,99,135,16997,16997,99,2020-09-22,0,135,0,0.00661063094311833,0
Allegany,2020-09-23T00:00:00.000,2,101,161,17158,17158,101,2020-09-23,2,161,0.0124223602484472,0.00697421359246524,2.44208656578175
Allegany,2020-09-24T00:00:00.000,2,103,129,17287,17287,103,2020-09-24,2,129,0.0155038759689922,0.00736529071642637,2.46067362171186
Allegany,2020-09-25T00:00:00.000,3,106,301,17588,17588,106,2020-09-25,3,301,0.00996677740863787,0.00778558499792269,3.71147279042054
Allegany,2020-09-26T00:00:00.000,0,106,137,17725,17725,106,2020-09-26,0,137,0,0.00823689467730591,0
Allegany,2020-09-27T00:00:00.000,0,106,129,17854,17854,106,2020-09-27,0,129,0,0.00872109289871077,0
Allegany,2020-09-28T00:00:00.000,2,108,170,18024,18024,108,2020-09-28,2,170,0.0117647058823529,0.00924012711110687,2.49862790964266
Allegany,2020-09-29T00:00:00.000,6,114,139,18163,18163,114,2020-09-29,6,139,0.0431654676258993,0.00979601872956268,7.50051334178063
Allegany,2020-09-30T00:00:00.000,5,119,140,18303,18303,119,2020-09-30,5,140,0.0357142857142857,0.0103908633180309,6.24745891036566
Allegany,2020-10-01T00:00:00.000,3,122,207,18510,18510,122,2020-10-01,3,207,0.0144927536231884,0.0110268316171483,3.74265282829758
Allegany,2020-10-02T00:00:00.000,2,124,435,18945,18945,124,2020-10-02,2,435,0.00459770114942529,0.0117061718086858,2.49505590948985
Allegany,2020-10-03T00:00:00.000,0,124,153,19098,19098,124,2020-10-03,0,153,0,0.0124312134820994,0
Allegany,2020-10-04T00:00:00.000,1,125,67,19165,19165,125,2020-10-04,1,67,0.0149253731343284,0.0132043738476231,1.27178505361679
Allegany,2020-10-05T00:00:00.000,3,128,330,19495,19495,128,2020-10-05,3,330,0.00909090909090909,0.0140281668240961,3.86201200254175
Allegany,2020-10-06T00:00:00.000,2,130,314,19809,19809,130,2020-10-06,2,314,0.00636942675159236,0.014905215717994,2.6062152959492
Allegany,2020-10-07T00:00:00.000,1,131,309,20118,20118,131,2020-10-07,1,309,0.00323624595469256,0.0158382703029413,1.31906225455764
Allegany,2020-10-08T00:00:00.000,10,141,203,20321,20321,141,2020-10-08,10,203,0.0492610837438424,0.0168302292068562,13.3517130032879
Allegany,2020-10-09T00:00:00.000,3,144,137,20458,20458,144,2020-10-09,3,137,0.0218978102189781,0.017884168618017,4.05422874580133
Allegany,2020-10-10T00:00:00.000,6,150,266,20724,20724,150,2020-10-10,6,266,0.0225563909774436,0.0190033784338993,8.20654259119252
Allegany,2020-10-11T00:00:00.000,1,151,110,20834,20834,151,2020-10-11,1,110,0.00909090909090909,0.0201914071009651,1.38419936313475
Bronx,2020-03-01T00:00:00.000,0,0,0,0,0,0,2020-03-01,0,0,0,0.0130122589674084,0
Bronx,2020-03-02T00:00:00.000,0,0,0,0,0,0,2020-03-02,0,0,0,0.0162691782306267,0
Bronx,2020-03-03T00:00:00.000,0,0,1,1,1,0,2020-03-03,0,1,0,0.0203215335691238,0
Bronx,2020-03-04T00:00:00.000,0,0,0,1,1,0,2020-03-04,0,0,0,0.0253475362626849,0
Bronx,2020-03-05T00:00:00.000,0,0,5,6,6,0,2020-03-05,0,5,0,0.031553967629557,0
Bronx,2020-03-06T00:00:00.000,0,0,6,12,12,0,2020-03-06,0,6,0,0.0391748030258073,0
Bronx,2020-03-07T00:00:00.000,0,0,17,29,29,0,2020-03-07,0,17,0,0.0484664316162715,0
Bronx,2020-03-08T00:00:00.000,1,1,16,45,45,1,2020-03-08,1,16,0.0625,0.0596982751917182,2.42316079494314
Bronx,2020-03-09T00:00:00.000,4,5,31,76,76,5,2020-03-09,4,31,0.129032258064516,0.0731377735383221,9.24733327541761
Bronx,2020-03-10T00:00:00.000,0,5,47,123,123,5,2020-03-10,0,47,0,0.0890292491178794,0
Bronx,2020-03-11T00:00:00.000,2,7,31,154,154,7,2020-03-11,2,31,0.0645161290322581,0.107567192204907,4.21352555991085
Bronx,2020-03-12T00:00:00.000,3,10,36,190,190,10,2020-03-12,3,36,0.0833333333333333,0.128865999573154,6.03926723847026
Bronx,2020-03-13T00:00:00.000,10,20,99,289,289,20,2020-03-13,10,99,0.101010101010101,0.152929919916529,19.2531867543264
Bronx,2020-03-14T00:00:00.000,8,28,80,369,369,28,2020-03-14,8,80,0.1,0.179628412598657,14.7526274142242
Bronx,2020-03-15T00:00:00.000,29,57,116,485,485,57,2020-03-15,29,116,0.25,0.208682644933188,52.0540912798615
Bronx,2020-03-16T00:00:00.000,29,86,151,636,636,86,2020-03-16,29,151,0.19205298013245,0.239667853028975,50.6455212634496
Bronx,2020-03-17T00:00:00.000,123,209,433,1069,1069,209,2020-03-17,123,433,0.284064665127021,0.272033628923291,208.933123682648
Bronx,2020-03-18T00:00:00.000,154,363,597,1666,1666,363,2020-03-18,154,597,0.257956448911223,0.3051404217217,254.409416538031
Bronx,2020-03-19T00:00:00.000,191,554,605,2271,2271,554,2020-03-19,191,605,0.315702479338843,0.338306812268846,306.899765965314
Bronx,2020-03-20T00:00:00.000,297,851,884,3155,3155,851,2020-03-20,297,884,0.335972850678733,0.370859738952827,464.243905491885
Bronx,2020-03-21T00:00:00.000,367,1218,1044,4199,4199,1218,2020-03-21,367,1044,0.351532567049808,0.402179629843465,558.165959466635
Bronx,2020-03-22T00:00:00.000,606,1824,1276,5475,5475,1824,2020-03-22,606,1276,0.474921630094044,0.431734271423981,897.51445281633
Bronx,2020-03-23T00:00:00.000,455,2279,970,6445,6445,2279,2020-03-23,455,970,0.469072164948454,0.459098370447353,656.918683462768
Bronx,2020-03-24T00:00:00.000,611,2890,1188,7633,7633,2890,2020-03-24,611,1188,0.514309764309764,0.483958992659948,861.032118278972
Bronx,2020-03-25T00:00:00.000,838,3728,1770,9403,9403,3728,2020-03-25,838,1770,0.473446327683616,0.506109470070187,1163.8545778842
Bronx,2020-03-26T00:00:00.000,829,4557,1428,10831,10831,4557,2020-03-26,829,1428,0.580532212885154,0.52543555928078,1136.11333910172
Bronx,2020-03-27T00:00:00.000,846,5403,1478,12309,12309,5403,2020-03-27,846,1478,0.572395128552097,0.541897707413583,1145.1451900814
Bronx,2020-03-28T00:00:00.000,901,6304,1529,13838,13838,6304,2020-03-28,901,1529,0.589274035317201,0.555512620927022,1208.32653246291
Bronx,2020-03-29T00:00:00.000,658,6962,1160,14998,14998,6962,2020-03-29,658,1160,0.567241379310345,0.566336362862141,882.07694105414
Bronx,2020-03-30T00:00:00.000,804,7766,1341,16339,16339,7766,2020-03-30,804,1341,0.599552572706935,0.574450249181313,1082.23891650416
Bronx,2020-03-31T00:00:00.000,1095,8861,1818,18157,18157,8861,2020-03-31,1095,1818,0.602310231023102,0.579950050018776,1478.21671034612
Bronx,2020-04-01T00:00:00.000,1066,9927,1754,19911,19911,9927,2020-04-01,1066,1754,0.607753705815279,0.582938477931274,1441.06823575445
Bronx,2020-04-02T00:00:00.000,1159,11086,1946,21857,21857,11086,2020-04-02,1159,1946,0.595580678314491,0.583520637541251,1546.92472854986
Bronx,2020-04-03T00:00:00.000,1229,12315,2108,23965,23965,12315,2020-04-03,1229,2108,0.583017077798861,0.581801962491089,1621.41942662948
Bronx,2020-04-04T00:00:00.000,1053,13368,1778,25743,25743,13368,2020-04-04,1053,1778,0.592238470191226,0.577888116759414,1385.43045768988
Bronx,2020-04-05T00:00:00.000,959,14327,1628,27371,27371,14327,2020-04-05,959,1628,0.589066339066339,0.571886340394587,1257.30609963365
Bronx,2020-04-06T00:00:00.000,1021,15348,1996,29367,29367,15348,2020-04-06,1021,1996,0.511523046092184,0.563907742982383,1343.31981127472
Bronx,2020-04-07T00:00:00.000,1278,16626,2562,31929,31929,16626,2020-04-07,1278,2562,0.498829039812646,0.554070075422693,1691.19457472558
Bronx,2020-04-08T00:00:00.000,1166,17792,2348,34277,34277,17792,2020-04-08,1166,2348,0.496592844974446,0.542500537844729,1551.69900484914
Bronx,2020-04-09T00:00:00.000,1368,19160,2637,36914,36914,19160,2020-04-09,1368,2637,0.51877133105802,0.529338212993761,1830.68422353882
Bronx,2020-04-10T00:00:00.000,1317,20477,2580,39494,39494,20477,2020-04-10,1317,2580,0.51046511627907,0.514735758857389,1771.9687699246
Bronx,2020-04-11T00:00:00.000,964,21441,2081,41575,41575,21441,2020-04-11,964,2081,0.463238827486785,0.49886006090892,1304.7958125517
Bronx,2020-04-12T00:00:00.000,764,22205,1623,43198,43198,22205,2020-04-12,764,1623,0.470733210104744,0.481891638720999,1044.53484263616
Bronx,2020-04-13T00:00:00.000,1061,23266,2294,45492,45492,23266,2020-04-13,1061,2294,0.462510897994769,0.464022723529857,1464.28338566007
Bronx,2020-04-14T00:00:00.000,1387,24653,2622,48114,48114,24653,2020-04-14,1387,2622,0.528985507246377,0.445454063816429,1930.68005883205
Bronx,2020-04-15T00:00:00.000,1279,25932,2939,51053,51053,25932,2020-04-15,1279,2939,0.435182034705682,0.426390659363874,1792.3229349668
Bronx,2020-04-16T00:00:00.000,1103,27035,2793,53846,53846,27035,2020-04-16,1103,2793,0.394915861081275,0.407036749802062,1551.84090023257
Bronx,2020-04-17T00:00:00.000,984,28019,2597,56443,56443,28019,2020-04-17,984,2597,0.378898729303042,0.387590471151484,1388.55525554967
Bronx,2020-04-18T00:00:00.000,804,28823,2162,58605,58605,28823,2020-04-18,804,2162,0.371877890841813,0.368238628243441,1136.67561604486
Bronx,2020-04-19T00:00:00.000,549,29372,1707,60312,60312,29372,2020-04-19,549,1707,0.321616871704745,0.349152006715561,776.812038776072
Bronx,2020-04-20T00:00:00.000,617,29989,2050,62362,62362,29989,2020-04-20,617,2050,0.300975609756098,0.330481571297417,873.005681691377
Bronx,2020-04-21T00:00:00.000,879,30868,2942,65304,65304,30868,2020-04-21,879,2942,0.298776342624065,0.312355782495793,1242.64925870601
Bronx,2020-04-22T00:00:00.000,791,31659,3084,68388,68388,31659,2020-04-22,791,3084,0.256485084306096,0.294879132622985,1116.39203335688
Bronx,2020-04-23T00:00:00.000,1042,32701,3691,72079,72079,32701,2020-04-23,1042,3691,0.282308317529125,0.278131875772769,1467.07618709553
Bronx,2020-04-24T00:00:00.000,1482,34183,4800,76879,76879,34183,2020-04-24,1482,4800,0.30875,0.262170822238225,2079.9412899141
Bronx,2020-04-25T00:00:00.000,787,34970,2967,79846,79846,34970,2020-04-25,787,2967,0.265251095382541,0.24703099658762,1100.21011445217
Bronx,2020-04-26T00:00:00.000,586,35556,2363,82209,82209,35556,2020-04-26,586,2363,0.247989843419382,0.232727923006206,815.251767934387
Bronx,2020-04-27T00:00:00.000,438,35994,2107,84316,84316,35994,2020-04-27,438,2107,0.207878500237304,0.21926029829907,605.887083373912
Bronx,2020-04-28T00:00:00.000,606,36600,2938,87254,87254,36600,2020-04-28,606,2938,0.206262763784888,0.206612834494224,832.888243169595
Bronx,2020-04-29T00:00:00.000,644,37244,2977,90231,90231,37244,2020-04-29,644,2977,0.216325159556601,0.19475909026258,881.823315579377
Bronx,2020-04-30T00:00:00.000,541,37785,2824,93055,93055,37785,2020-04-30,541,2824,0.19157223796034,0.18366415458072,741.457560970918
Bronx,2020-05-01T00:00:00.000,665,38450,3694,96749,96749,38450,2020-05-01,665,3694,0.180021656740661,0.173287090204396,912.173377043201
Bronx,2020-05-02T00:00:00.000,466,38916,2857,99606,99606,38916,2020-05-02,466,2857,0.16310815540777,0.163583083859909,639.017902581434
Bronx,2020-05-03T00:00:00.000,307,39223,1869,101475,101475,39223,2020-05-03,307,1869,0.164258962011771,0.154505281941465,420.107319654765
Bronx,2020-05-04T00:00:00.000,253,39476,2001,103476,103476,39476,2020-05-04,253,2001,0.126436781609195,0.146006314169541,344.955138017354
Bronx,2020-05-05T00:00:00.000,363,39839,2657,106133,106133,39839,2020-05-05,363,2657,0.136620248400452,0.138039523547166,492.545138536926
Bronx,2020-05-06T00:00:00.000,342,40181,2786,108919,108919,40181,2020-05-06,342,2786,0.12275664034458,0.13055993016629,461.809301553035
Bronx,2020-05-07T00:00:00.000,352,40533,3078,111997,111997,40533,2020-05-07,352,3078,0.114359974009097,0.123524960515252,474.542372381929
Bronx,2020-05-08T00:00:00.000,271,40804,2873,114870,114870,40804,2020-05-08,271,2873,0.0943264879916464,0.116894974330572,365.890454891719
Bronx,2020-05-09T00:00:00.000,255,41059,2935,117805,117805,41059,2020-05-09,255,2935,0.0868824531516184,0.110633619099592,344.751422405004
Bronx,2020-05-10T00:00:00.000,237,41296,2140,119945,119945,41296,2020-05-10,237,2140,0.110747663551402,0.104708039132017,320.790196232772
Bronx,2020-05-11T00:00:00.000,145,41441,1510,121455,121455,41441,2020-05-11,145,1510,0.0960264900662252,0.0990889624957349,196.443808109498
Bronx,2020-05-12T00:00:00.000,236,41677,2678,124133,124133,41677,2020-05-12,236,2678,0.0881254667662435,0.0937506856287884,320.745308869005
Bronx,2020-05-13T00:00:00.000,303,41980,3338,127471,127471,41980,2020-05-13,303,3338,0.0907729179149191,0.0886709724590983,414.453332371548
Bronx,2020-05-14T00:00:00.000,539,42519,4408,131879,131879,42519,2020-05-14,539,4408,0.122277676950998,0.0838308825501363,743.757093347929
Bronx,2020-05-15T00:00:00.000,293,42812,3632,135511,135511,42812,2020-05-15,293,3632,0.0806718061674009,0.0792145411715919,407.545818008806
Bronx,2020-05-16T00:00:00.000,210,43022,2861,138372,138372,43022,2020-05-16,210,2861,0.0734009087731562,0.074808863218264,293.924080344053
Bronx,2020-05-17T00:00:00.000,136,43158,2126,140498,140498,43158,2020-05-17,136,2126,0.063969896519285,0.0706032423878148,190.814787511617
Bronx,2020-05-18T00:00:00.000,112,43270,2102,142600,142600,43270,2020-05-18,112,2102,0.0532825880114177,0.0665892168353236,157.372121565246
Bronx,2020-05-19T00:00:00.000,148,43418,2682,145282,145282,43418,2020-05-19,148,2682,0.0551826994780015,0.0627601224006608,208.081597519009
Bronx,2020-05-20T00:00:00.000,185,43603,3618,148900,148900,43603,2020-05-20,185,3618,0.0511332227750138,0.0591107443244872,260.345830710942
Bronx,2020-05-21T00:00:00.000,163,43766,3421,152321,152321,43766,2020-05-21,163,3421,0.0476468868751827,0.0556369779231646,229.908307161746
Bronx,2020-05-22T00:00:00.000,155,43921,3518,155839,155839,43921,2020-05-22,155,3518,0.0440591245025583,0.0523355079177365,218.89421693618
Bronx,2020-05-23T00:00:00.000,216,44137,4575,160414,160414,44137,2020-05-23,216,4575,0.0472131147540984,0.0492035149477309,305.072006264152
Bronx,2020-05-24T00:00:00.000,110,44247,2445,162859,162859,44247,2020-05-24,110,2445,0.0449897750511247,0.0462384162557774,155.201291179961
Bronx,2020-05-25T00:00:00.000,117,44364,2233,165092,165092,44364,2020-05-25,117,2233,0.0523958799820869,0.0434376456968929,164.687866115081
Bronx,2020-05-26T00:00:00.000,139,44503,3064,168156,168156,44503,2020-05-26,139,3064,0.0453655352480418,0.040798476186405,195.050425805297
Bronx,2020-05-27T00:00:00.000,250,44753,5657,173813,173813,44753,2020-05-27,250,5657,0.044193035177656,0.0383178856249181,349.936943034007
Bronx,2020-05-28T00:00:00.000,221,44974,5781,179594,179594,44974,2020-05-28,221,5781,0.038228680159142,0.035992465339701,308.306324545641
Bronx,2020-05-29T00:00:00.000,142,45116,4817,184411,184411,45116,2020-05-29,142,4817,0.0294789287938551,0.0338183683110557,197.268174868675
Bronx,2020-05-30T00:00:00.000,137,45253,4338,188749,188749,45253,2020-05-30,137,4338,0.0315813739050254,0.0317912930041477,190.548394575272
Bronx,2020-05-31T00:00:00.000,106,45359,3997,192746,192746,45359,2020-05-31,106,3997,0.0265198899174381,0.0299064975735826,148.256334296824
Bronx,2020-06-01T00:00:00.000,107,45466,4069,196815,196815,45466,2020-06-01,107,4069,0.0262963873187515,0.0281588385721571,150.558163900941
Bronx,2020-06-02T00:00:00.000,105,45571,3579,200394,200394,45571,2020-06-02,105,3579,0.0293378038558256,0.0265428280750165,148.509270578192
Bronx,2020-06-03T00:00:00.000,117,45688,4303,204697,204697,45688,2020-06-03,117,4303,0.027190332326284,0.0250527032726658,166.186637893457
Bronx,2020-06-04T00:00:00.000,90,45778,4606,209303,209303,45778,2020-06-04,90,4606,0.0195397307859314,0.0236825030281319,127.792465606042
Bronx,2020-06-05T00:00:00.000,104,45882,5144,214447,214447,45882,2020-06-05,104,5144,0.0202177293934681,0.0224261465596356,147.463140857066
Bronx,2020-06-06T00:00:00.000,98,45980,4164,218611,218611,45980,2020-06-06,98,4164,0.0235350624399616,0.0212775102087546,138.668674827655
Bronx,2020-06-07T00:00:00.000,72,46052,3718,222329,222329,46052,2020-06-07,72,3718,0.0193652501344809,0.0202304991133222,101.603376046563
Bronx,2020-06-08T00:00:00.000,75,46127,3214,225543,225543,46127,2020-06-08,75,3214,0.0233354075917859,0.0192791114569895,105.484560946355
Bronx,2020-06-09T00:00:00.000,96,46223,4468,230011,230011,46223,2020-06-09,96,4468,0.0214861235452104,0.0184174937611442,134.489137245916
Bronx,2020-06-10T00:00:00.000,93,46316,3929,233940,233940,46316,2020-06-10,93,3929,0.0236701450750827,0.0176399863819603,129.697313906688
Bronx,2020-06-11T00:00:00.000,80,46396,4894,238834,238834,46396,2020-06-11,80,4894,0.0163465467919902,0.0169411589597398,110.999345228585
Bronx,2020-06-12T00:00:00.000,105,46501,5869,244703,244703,46501,2020-06-12,105,5869,0.017890611688533,0.0163158360295818,144.863204558237
Bronx,2020-06-13T00:00:00.000,66,46567,4578,249281,249281,46567,2020-06-13,66,4578,0.0144167758846658,0.0157591133453052,90.4923058431283
Bronx,2020-06-14T00:00:00.000,78,46645,4689,253970,253970,46645,2020-06-14,78,4689,0.0166346769033909,0.0152663657054313,106.224725050934
Bronx,2020-06-15T00:00:00.000,65,46710,4542,258512,258512,46710,2020-06-15,65,4542,0.0143108762659621,0.0148332472148999,87.8770399811792
Bronx,2020-06-16T00:00:00.000,68,46778,5106,263618,263618,46778,2020-06-16,68,5106,0.0133176654915785,0.0144556849888356,91.2164961485901
Bronx,2020-06-17T00:00:00.000,52,46830,5556,269174,269174,46830,2020-06-17,52,5556,0.00935925125989921,0.0141298673219755,69.1745221765968
Bronx,2020-06-18T00:00:00.000,85,46915,6272,275446,275446,46915,2020-06-18,85,6272,0.0135522959183673,0.0138522273267904,112.07854126162
Bronx,2020-06-19T00:00:00.000,64,46979,5007,280453,280453,46979,2020-06-19,64,5007,0.0127821050529259,0.0136194230008287,83.605678452874
Bronx,2020-06-20T00:00:00.000,48,47027,4694,285147,285147,47027,2020-06-20,48,4694,0.0102258201959949,0.0134283146291593,62.0945639739658
Bronx,2020-06-21T00:00:00.000,65,47092,4917,290064,290064,47092,2020-06-21,65,4917,0.0132194427496441,0.013275940372351,83.3647924656959
Bronx,2020-06-22T00:00:00.000,62,47154,3723,293787,293787,47154,2020-06-22,62,3723,0.0166532366371206,0.0131594908387,79.4558724303664
Bronx,2020-06-23T00:00:00.000,76,47230,3549,297336,297336,47230,2020-06-23,76,3549,0.0214144829529445,0.0130762833953825,97.3178847202944
Bronx,2020-06-24T00:00:00.000,64,47294,4930,302266,302266,47294,2020-06-24,64,4930,0.0129817444219067,0.0130237369360061,81.8805519007056
Bronx,2020-06-25T00:00:00.000,89,47383,4377,306643,306643,47383,2020-06-25,89,4377,0.0203335618003199,0.0129993477939551,113.644974136217
Bronx,2020-06-26T00:00:00.000,73,47456,5794,312437,312437,47456,2020-06-26,73,5794,0.0125992405937176,0.0130006674609881,92.8645898536805
Bronx,2020-06-27T00:00:00.000,58,47514,5208,317645,317645,47514,2020-06-27,58,5208,0.011136712749616,0.0130252827435495,73.4837082336783
Bronx,2020-06-28T00:00:00.000,41,47555,3588,321233,321233,47555,2020-06-28,41,3588,0.0114269788182832,0.0130707989506599,51.7214595242817
Bronx,2020-06-29T00:00:00.000,43,47598,4056,325289,325289,47598,2020-06-29,43,4056,0.0106015779092702,0.013134826656483,54.034045333015
Bronx,2020-06-30T00:00:00.000,53,47651,4725,330014,330014,47651,2020-06-30,53,4725,0.0112169312169312,0.0132149725112146,66.7511399490308
Bronx,2020-07-01T00:00:00.000,107,47758,5267,335281,335281,47758,2020-07-01,107,5267,0.0203151699259541,0.0133088344796787,135.217442583076
Bronx,2020-07-02T00:00:00.000,80,47838,5521,340802,340802,47838,2020-07-02,80,5521,0.0144901285998913,0.0134140017676748,101.332385888316
Bronx,2020-07-03T00:00:00.000,64,47902,4449,345251,345251,47902,2020-07-03,64,4449,0.0143852551135087,0.0135280595512789,80.9220117459747
Bronx,2020-07-04T00:00:00.000,36,47938,4275,349526,349526,47938,2020-07-04,36,4275,0.00842105263157895,0.0136485984537482,45.4313187143622
Bronx,2020-07-05T00:00:00.000,56,47994,4111,353637,353637,47994,2020-07-05,56,4111,0.0136219897835077,0.0137732285292213,70.5128314860079
Bronx,2020-07-06T00:00:00.000,44,48038,3695,357332,357332,48038,2020-07-06,44,3695,0.0119079837618403,0.0138995973149998,55.270806720973
Bronx,2020-07-07T00:00:00.000,38,48076,3456,360788,360788,48076,2020-07-07,38,3456,0.0109953703703704,0.0140254113193851,47.6931513191561
Bronx,2020-07-08T00:00:00.000,50,48126,3993,364781,364781,48126,2020-07-08,50,3993,0.0125219133483596,0.0141484601314519,62.6872520570677
Bronx,2020-07-09T00:00:00.000,82,48208,5706,370487,370487,48208,2020-07-09,82,5706,0.0143708377146863,0.0142666421840996,102.675655943787
Bronx,2020-07-10T00:00:00.000,59,48267,4932,375419,375419,48267,2020-07-10,59,4932,0.0119626926196269,0.0143779910882456,73.7663974666728
Bronx,2020-07-11T00:00:00.000,60,48327,4401,379820,379820,48327,2020-07-11,60,4401,0.0136332651670075,0.0144807013911906,74.8895180806718
Bronx,2020-07-12T00:00:00.000,50,48377,3980,383800,383800,48377,2020-07-12,50,3980,0.0125628140703518,0.0145731526051891,62.2896543292251
Bronx,2020-07-13T00:00:00.000,56,48433,4169,387969,387969,48433,2020-07-13,56,4169,0.013432477812425,0.0146539304083003,69.6187825785652
Bronx,2020-07-14T00:00:00.000,63,48496,4435,392404,392404,48496,2020-07-14,63,4435,0.0142051860202931,0.0147218440322925,78.1433483114945
Bronx,2020-07-15T00:00:00.000,79,48575,5635,398039,398039,48575,2020-07-15,79,5635,0.014019520851819,0.0147759390237662,97.7500983369054
Bronx,2020-07-16T00:00:00.000,68,48643,5250,403289,403289,48643,2020-07-16,68,5250,0.012952380952381,0.0148155047760598,83.9968526594143
Bronx,2020-07-17T00:00:00.000,72,48715,5748,409037,409037,48715,2020-07-17,72,5748,0.0125260960334029,0.0148400764748065,89.0692831298832
Bronx,2020-07-18T00:00:00.000,54,48769,4297,413334,413334,48769,2020-07-18,54,4297,0.0125669071445194,0.014849431358166,66.8652711088208
Bronx,2020-07-19T00:00:00.000,68,48837,3543,416877,416877,48837,2020-07-19,68,3543,0.0191927744848998,0.0148435794500933,84.234134922733
Bronx,2020-07-20T00:00:00.000,89,48926,4443,421320,421320,48926,2020-07-20,89,4443,0.0200315102408283,0.0148227491635978,110.16084574373
Bronx,2020-07-21T00:00:00.000,91,49017,5492,426812,426812,49017,2020-07-21,91,5492,0.0165695557174071,0.0147873683798064,112.094433186458
Bronx,2020-07-22T00:00:00.000,69,49086,4802,431614,431614,49086,2020-07-22,69,4802,0.014369012911287,0.0147380417710004,84.4611410911691
Bronx,2020-07-23T00:00:00.000,114,49200,5276,436890,436890,49200,2020-07-23,114,5276,0.0216072782410917,0.0146755252537884,138.492808977269
Bronx,2020-07-24T00:00:00.000,80,49280,4754,441644,441644,49280,2020-07-24,80,4754,0.016827934371056,0.0146006985186134,96.3580175394987
Bronx,2020-07-25T00:00:00.000,56,49336,3711,445355,445355,49336,2020-07-25,56,3711,0.0150902721638372,0.0145145365943003,67.0683180426705
Bronx,2020-07-26T00:00:00.000,52,49388,3459,448814,448814,49388,2020-07-26,52,3459,0.0150332466030645,0.0144180813701498,62.3225851084354
Bronx,2020-07-27T00:00:00.000,34,49422,3654,452468,452468,49422,2020-07-27,34,3654,0.00930487137383689,0.01431241392218,40.7432237427381
Bronx,2020-07-28T00:00:00.000,59,49481,3397,455865,455865,49481,2020-07-28,59,3397,0.0173682661171622,0.01419862838433,70.6112814140111
Bronx,2020-07-29T00:00:00.000,46,49527,4741,460606,460606,49527,2020-07-29,46,4741,0.00970259438936933,0.0140778079793765,55.1088843033386
Bronx,2020-07-30T00:00:00.000,46,49573,3994,464600,464600,49573,2020-07-30,46,3994,0.0115172759138708,0.0139510036851601,55.289192631137
Bronx,2020-07-31T00:00:00.000,53,49626,5253,469853,469853,49626,2020-07-31,53,5253,0.0100894726822768,0.0138192158750616,63.8956646874401
Bronx,2020-08-01T00:00:00.000,50,49676,3384,473237,473237,49676,2020-08-01,50,3384,0.0147754137115839,0.013683379136069,60.4452339596796
Bronx,2020-08-02T00:00:00.000,38,49714,3630,476867,476867,49714,2020-08-02,38,3630,0.0104683195592286,0.0135443503477602,46.028209929379
Bronx,2020-08-03T00:00:00.000,109,49823,7059,483926,483926,49823,2020-08-03,109,7059,0.0154412806346508,0.0134028999998012,132.070762135649
Bronx,2020-08-04T00:00:00.000,83,49906,5301,489227,489227,49906,2020-08-04,83,5301,0.0156574231277118,0.013259706637185,100.561857559019
Bronx,2020-08-05T00:00:00.000,74,49980,5205,494432,494432,49980,2020-08-05,74,5205,0.0142170989433237,0.0131153542534023,89.6330163783391
Bronx,2020-08-06T00:00:00.000,77,50057,5151,499583,499583,50057,2020-08-06,77,5151,0.0149485536788973,0.0129703324010875,93.1930467878735
Bronx,2020-08-07T00:00:00.000,63,50120,4634,504217,504217,50120,2020-08-07,63,4634,0.013595166163142,0.0128250387522063,76.1041052832087
Bronx,2020-08-08T00:00:00.000,68,50188,5261,509478,509478,50188,2020-08-08,68,5261,0.0129252993727428,0.0126797838185159,82.119882735448
Bronx,2020-08-09T00:00:00.000,38,50226,4747,514225,514225,50226,2020-08-09,38,4747,0.00800505582473141,0.0125347975315241,45.8921735265781
Bronx,2020-08-10T00:00:00.000,52,50278,5083,519308,519308,50278,2020-08-10,52,5083,0.010230179028133,0.012390237375856,62.7600894219882
Bronx,2020-08-11T00:00:00.000,91,50369,7934,527242,527242,50369,2020-08-11,91,7934,0.0114696244013108,0.0122461977732017,109.690130511
Bronx,2020-08-12T00:00:00.000,116,50485,7110,534352,534352,50485,2020-08-12,116,7110,0.0163150492264416,0.0121027204183531,139.561287920274
Bronx,2020-08-13T00:00:00.000,94,50579,6420,540772,540772,50579,2020-08-13,94,6420,0.0146417445482866,0.0119598052758713,112.815058949215
Bronx,2020-08-14T00:00:00.000,72,50651,6849,547621,547621,50651,2020-08-14,72,6849,0.0105124835742444,0.0118174219548065,86.1512589217197
Bronx,2020-08-15T00:00:00.000,73,50724,6399,554020,554020,50724,2020-08-15,73,6399,0.0114080325050789,0.0116755211885932,87.2934216043439
Bronx,2020-08-16T00:00:00.000,62,50786,4742,558762,558762,50786,2020-08-16,62,4742,0.0130746520455504,0.0115340461562619,74.0534395839008
Bronx,2020-08-17T00:00:00.000,54,50840,4675,563437,563437,50840,2020-08-17,54,4675,0.0115508021390374,0.0113929433955404,64.5920949599154
Bronx,2020-08-18T00:00:00.000,67,50907,5591,569028,569028,50907,2020-08-18,67,5591,0.0119835449830084,0.0112521730716484,80.2306167260228
Bronx,2020-08-19T00:00:00.000,47,50954,5402,574430,574430,50954,2020-08-19,47,5402,0.00870048130322103,0.0111117183842437,56.3191717473814
Bronx,2020-08-20T00:00:00.000,56,51010,6412,580842,580842,51010,2020-08-20,56,6412,0.00873362445414847,0.0109715939186243,67.1179483470271
Bronx,2020-08-21T00:00:00.000,57,51067,6574,587416,587416,51067,2020-08-21,57,6574,0.00867052023121387,0.0108318527738518,68.2973741142638
Bronx,2020-08-22T00:00:00.000,70,51137,4937,592353,592353,51137,2020-08-22,70,4937,0.0141786510026332,0.0106925923329265,83.8070214252197
Bronx,2020-08-23T00:00:00.000,57,51194,5141,597494,597494,51194,2020-08-23,57,5141,0.0110873370939506,0.010553958579397,68.1429698931456
Bronx,2020-08-24T00:00:00.000,45,51239,4296,601790,601790,51239,2020-08-24,45,4296,0.0104748603351955,0.010416148903772,53.6069823813016
Bronx,2020-08-25T00:00:00.000,53,51292,5358,607148,607148,51292,2020-08-25,53,5358,0.00989175065322882,0.0102794133897897,62.8781110996693
Bronx,2020-08-26T00:00:00.000,65,51357,5535,612683,612683,51357,2020-08-26,65,5535,0.011743450767841,0.0101440546144918,76.8980001997697
Bronx,2020-08-27T00:00:00.000,49,51406,6190,618873,618873,51406,2020-08-27,49,6190,0.00791599353796446,0.0100104260416991,57.8346898919063
Bronx,2020-08-28T00:00:00.000,62,51468,6305,625178,625178,51468,2020-08-28,62,6305,0.0098334655035686,0.00987892912917982,72.9906383621017
Bronx,2020-08-29T00:00:00.000,65,51533,6778,631956,631956,51533,2020-08-29,65,6778,0.00958984951313072,0.00975000930769983,76.4125181027445
Bronx,2020-08-30T00:00:00.000,77,51610,4854,636810,636810,51610,2020-08-30,77,4854,0.0158632056036259,0.00962415101806166,90.3422785065031
Bronx,2020-08-31T00:00:00.000,53,51663,4880,641690,641690,51663,2020-08-31,53,4880,0.0108606557377049,0.00950187201477501,62.1352601696014
Bronx,2020-09-01T00:00:00.000,48,51711,7314,649004,649004,51711,2020-09-01,48,7314,0.00656275635767022,0.00938371715546551,56.3519950772475
Bronx,2020-09-02T00:00:00.000,57,51768,5696,654700,654700,51768,2020-09-02,57,5696,0.0100070224719101,0.00927025189716505,67.3070352095489
Bronx,2020-09-03T00:00:00.000,52,51820,6594,661294,661294,51820,2020-09-03,52,6594,0.00788595693054292,0.00916205571155465,61.7650644681934
Bronx,2020-09-04T00:00:00.000,40,51860,6365,667659,667659,51860,2020-09-04,40,6365,0.00628436763550668,0.00905971561444657,47.6734893170583
Bronx,2020-09-05T00:00:00.000,52,51912,5858,673517,673517,51912,2020-09-05,52,5858,0.00887674974393991,0.00896381997863983,62.1020825866986
Bronx,2020-09-06T00:00:00.000,32,51944,4414,677931,677931,51944,2020-09-06,32,4414,0.00724966017217943,0.00887495276827354,38.2807157600991
Bronx,2020-09-07T00:00:00.000,40,51984,5366,683297,683297,51984,2020-09-07,40,5366,0.00745434215430488,0.00879368829656844,47.9194502932743
Bronx,2020-09-08T00:00:00.000,34,52018,5571,688868,688868,52018,2020-09-08,34,5571,0.00610303356668462,0.00872058657161277,40.7797764701803
Bronx,2020-09-09T00:00:00.000,58,52076,5655,694523,694523,52076,2020-09-09,58,5655,0.0102564102564103,0.00865618925588001,69.6308947888451
Bronx,2020-09-10T00:00:00.000,49,52125,5615,700138,700138,52125,2020-09-10,49,5615,0.00872662511130899,0.00860101623023351,58.8676943531308
Bronx,2020-09-11T00:00:00.000,61,52186,7455,707593,707593,52186,2020-09-11,61,7455,0.00818242790073776,0.00855556271948446,73.6299320794428
Bronx,2020-09-12T00:00:00.000,49,52235,4625,712218,712218,52235,2020-09-12,49,4625,0.0105945945945946,0.00852029690949878,59.449250102589
Bronx,2020-09-13T00:00:00.000,46,52281,4288,716506,716506,52281,2020-09-13,46,4288,0.0107276119402985,0.0084956579633631,56.0908233373469
Bronx,2020-09-14T00:00:00.000,54,52335,4856,721362,721362,52335,2020-09-14,54,4856,0.0111202635914333,0.00848205432944889,66.1666866751037
Bronx,2020-09-15T00:00:00.000,36,52371,4810,726172,726172,52371,2020-09-15,36,4810,0.00748440748440748,0.00847986222517757,44.3154996154072
Bronx,2020-09-16T00:00:00.000,51,52422,5950,732122,732122,52422,2020-09-16,51,5950,0.00857142857142857,0.00848942417966494,63.0510918921065
Bronx,2020-09-17T00:00:00.000,46,52468,5601,737723,737723,52468,2020-09-17,46,5601,0.00821281913943939,0.00851104752420329,57.0920091365022
Bronx,2020-09-18T00:00:00.000,58,52526,6097,743820,743820,52526,2020-09-18,58,6097,0.00951287518451698,0.00854500273222193,72.2318418271532
Bronx,2020-09-19T00:00:00.000,52,52578,7106,750926,750926,52578,2020-09-19,52,7106,0.00731775963974106,0.00859152153071745,64.9436198171059
Bronx,2020-09-20T00:00:00.000,41,52619,3854,754780,754780,52619,2020-09-20,41,3854,0.0106382978723404,0.0086507947296498,51.3063392337322
Bronx,2020-09-21T00:00:00.000,47,52666,5869,760649,760649,52666,2020-09-21,47,5869,0.00800817856534333,0.00872296974938092,58.8668997961995
Bronx,2020-09-22T00:00:00.000,44,52710,5074,765723,765723,52710,2020-09-22,44,5074,0.0086716594402838,0.00880814786121987,55.1093409167562
Bronx,2020-09-23T00:00:00.000,46,52756,5812,771535,771535,52756,2020-09-23,46,5812,0.00791465932553338,0.00890638119909589,57.5585035208625
Bronx,2020-09-24T00:00:00.000,59,52815,7131,778666,778666,52815,2020-09-24,59,7131,0.00827373439910251,0.00901766964494076,74.0741151626808
Bronx,2020-09-25T00:00:00.000,57,52872,6388,785054,785054,52872,2020-09-25,57,6388,0.00892298058860363,0.00914195773739871,71.6596492045732
Bronx,2020-09-26T00:00:00.000,48,52920,4941,789995,789995,52920,2020-09-26,48,4941,0.00971463266545234,0.00927913180267476,60.3639577084119
Bronx,2020-09-27T00:00:00.000,36,52956,3456,793451,793451,52956,2020-09-27,36,3456,0.0104166666666667,0.00942901755305652,45.2443442903018
Bronx,2020-09-28T00:00:00.000,69,53025,6624,800075,800075,53025,2020-09-28,69,6624,0.0104166666666667,0.00959137844253398,86.524876872406
Bronx,2020-09-29T00:00:00.000,66,53091,6152,806227,806227,53091,2020-09-29,66,6152,0.0107282184655397,0.00976591510792879,82.4802572599994
Bronx,2020-09-30T00:00:00.000,78,53169,6093,812320,812320,53169,2020-09-30,78,6093,0.0128015755785327,0.00995226625237733,97.0409506077002
Bronx,2020-10-01T00:00:00.000,63,53232,6554,818874,818874,53232,2020-10-01,63,6554,0.00961245041196216,0.0101500113470003,77.947181602116
Bronx,2020-10-02T00:00:00.000,66,53298,6513,825387,825387,53298,2020-10-02,66,6513,0.0101335789958544,0.0103586755303824,81.3360645560437
Bronx,2020-10-03T00:00:00.000,55,53353,5282,830669,830669,53353,2020-10-03,55,5282,0.0104127224536161,0.0105777370728942,68.04863958091
Bronx,2020-10-04T00:00:00.000,64,53417,4521,835190,835190,53417,2020-10-04,64,4521,0.0141561601415616,0.0108066377438312,79.7794373104691
Bronx,2020-10-05T00:00:00.000,84,53501,6190,841380,841380,53501,2020-10-05,84,6190,0.0135702746365105,0.0110447963720109,105.581378909515
Bronx,2020-10-06T00:00:00.000,55,53556,5842,847222,847222,53556,2020-10-06,55,5842,0.0094145840465594,0.0112916258271575,69.7083502161778
Bronx,2020-10-07T00:00:00.000,61,53617,6595,853817,853817,53617,2020-10-07,61,6595,0.00924943138741471,0.0115465535737912,77.9595979046883
Bronx,2020-10-08T00:00:00.000,74,53691,7217,861034,861034,53691,2020-10-08,74,7217,0.0102535679645282,0.011809045866237,95.3632813289233
Bronx,2020-10-09T00:00:00.000,71,53762,6783,867817,867817,53762,2020-10-09,71,6783,0.0104673448326699,0.0120786355701495,92.2571968503796
Bronx,2020-10-10T00:00:00.000,74,53836,6143,873960,873960,53836,2020-10-10,74,6143,0.0120462314829888,0.0123549535226575,96.9486413126272
Bronx,2020-10-11T00:00:00.000,58,53894,3930,877890,877890,53894,2020-10-11,58,3930,0.0147582697201018,0.012637763289242,76.6085075651935
Broome,2020-03-01T00:00:00.000,0,0,0,0,0,0,2020-03-01,0,0,0,0.0303580294561493,0
Broome,2020-03-02T00:00:00.000,0,0,0,0,0,0,2020-03-02,0,0,0,0.0325896854911463,0
Broome,2020-03-03T00:00:00.000,0,0,0,0,0,0,2020-03-03,0,0,0,0.0349786730231954,0
Broome,2020-03-04T00:00:00.000,0,0,0,0,0,0,2020-03-04,0,0,0,0.0375337061447632,0
Broome,2020-03-05T00:00:00.000,0,0,0,0,0,0,2020-03-05,0,0,0,0.0402629315667467,0
Broome,2020-03-06T00:00:00.000,0,0,0,0,0,0,2020-03-06,0,0,0,0.0431736923291837,0
Broome,2020-03-07T00:00:00.000,0,0,0,0,0,0,2020-03-07,0,0,0,0.0462722629723683,0
Broome,2020-03-08T00:00:00.000,0,0,2,2,2,0,2020-03-08,0,2,0,0.0495635581148311,0
Broome,2020-03-09T00:00:00.000,0,0,1,3,3,0,2020-03-09,0,1,0,0.0530508180846459,0
Broome,2020-03-10T00:00:00.000,0,0,1,4,4,0,2020-03-10,0,1,0,0.0567352771788214,0
Broome,2020-03-11T00:00:00.000,0,0,1,5,5,0,2020-03-11,0,1,0,0.0606158221941808,0
Broome,2020-03-12T00:00:00.000,1,1,2,7,7,1,2020-03-12,1,2,0.5,0.0646886509939636,1.87902244450831
Broome,2020-03-13T00:00:00.000,0,1,2,9,9,1,2020-03-13,0,2,0,0.0689469429017689,0
Broome,2020-03-14T00:00:00.000,0,1,3,12,12,1,2020-03-14,0,3,0,0.0733805544842878,0
Broome,2020-03-15T00:00:00.000,0,1,2,14,14,1,2020-03-15,0,2,0,0.0779757556249682,0
Broome,2020-03-16T00:00:00.000,0,1,1,15,15,1,2020-03-16,0,1,0,0.0827150214980168,0
Broome,2020-03-17T00:00:00.000,0,1,6,21,21,1,2020-03-17,0,6,0,0.0875768959883376,0
Broome,2020-03-18T00:00:00.000,1,2,9,30,30,2,2020-03-18,1,9,0.111111111111111,0.0925359411046126,1.46620106802807
Broome,2020-03-19T00:00:00.000,0,2,3,33,33,2,2020-03-19,0,3,0,0.0975627849731657,0
Broome,2020-03-20T00:00:00.000,0,2,16,49,49,2,2020-03-20,0,16,0,0.102624278052559,0
Broome,2020-03-21T00:00:00.000,1,3,5,54,54,3,2020-03-21,1,5,0.2,0.10768376341448,1.33312323609962
Broome,2020-03-22T00:00:00.000,4,7,20,74,74,7,2020-03-22,4,20,0.2,0.112701462459268,5.17964649533505
Broome,2020-03-23T00:00:00.000,2,9,18,92,92,9,2020-03-23,2,18,0.111111111111111,0.117634972571801,2.51995788856675
Broome,2020-03-24T00:00:00.000,2,11,13,105,105,11,2020-03-24,2,13,0.153846153846154,0.122439868284622,2.45651582498137
Broome,2020-03-25T00:00:00.000,5,16,37,142,142,16,2020-03-25,5,37,0.135135135135135,0.127070392862362,6.04790131089195
Broome,2020-03-26T00:00:00.000,2,18,25,167,167,18,2020-03-26,2,25,0.08,0.13148022317618,2.38633395713107
Broome,2020-03-27T00:00:00.000,5,23,37,204,204,23,2020-03-27,5,37,0.135135135135135,0.135623287570547,5.89253118980744
Broome,2020-03-28T00:00:00.000,6,29,45,249,249,29,2020-03-28,6,45,0.133333333333333,0.139454614315028,7.00784789790913
Broome,2020-03-29T00:00:00.000,6,35,36,285,285,35,2020-03-29,6,36,0.166666666666667,0.142931187267363,7.00869371169413
Broome,2020-03-30T00:00:00.000,3,38,48,333,333,38,2020-03-30,3,48,0.0625,0.146012785479283,3.52129328997715
Broome,2020-03-31T00:00:00.000,4,42,35,368,368,42,2020-03-31,4,35,0.114285714285714,0.148662784547234,4.71264956768785
Broome,2020-04-01T00:00:00.000,4,46,43,411,411,46,2020-04-01,4,43,0.0930232558139535,0.150848899302225,4.72366700507357
Broome,2020-04-02T00:00:00.000,10,56,72,483,483,56,2020-04-02,10,72,0.138888888888889,0.152543849713862,11.6713097248167
Broome,2020-04-03T00:00:00.000,9,65,55,538,538,65,2020-04-03,9,55,0.163636363636364,0.153725934391379,10.3940115389471
Broome,2020-04-04T00:00:00.000,6,71,36,574,574,71,2020-04-04,6,36,0.166666666666667,0.15437949861053,6.91802610465423
Broome,2020-04-05T00:00:00.000,5,76,33,607,607,76,2020-04-05,5,33,0.151515151515152,0.154495286221297,5.75112716622942
Broome,2020-04-06T00:00:00.000,10,86,47,654,654,86,2020-04-06,10,47,0.212765957446809,0.15407066706032,11.5559290883475
Broome,2020-04-07T00:00:00.000,2,88,24,678,678,88,2020-04-07,2,24,0.0833333333333333,0.153109733640853,2.32721511634951
Broome,2020-04-08T00:00:00.000,17,105,82,760,760,105,2020-04-08,17,82,0.207317073170732,0.151623263014498,19.9156469637947
Broome,2020-04-09T00:00:00.000,7,112,58,818,818,112,2020-04-09,7,58,0.120689655172414,0.149628541960241,8.25569236370518
Broome,2020-04-10T00:00:00.000,5,117,31,849,849,117,2020-04-10,5,31,0.161290322580645,0.147149056226248,5.93550406671714
Broome,2020-04-11T00:00:00.000,9,126,60,909,909,126,2020-04-11,9,60,0.15,0.144214047528712,10.7599663427927
Broome,2020-04-12T00:00:00.000,7,133,39,948,948,133,2020-04-12,7,39,0.179487179487179,0.140857945521904,8.46273630506239
Broome,2020-04-13T00:00:00.000,13,146,90,1038,1038,146,2020-04-13,13,90,0.144444444444444,0.137119685889329,15.8821450921965
Broome,2020-04-14T00:00:00.000,7,153,73,1111,1111,153,2020-04-14,7,73,0.0958904109589041,0.133041929987819,8.6347635788203
Broome,2020-04-15T00:00:00.000,14,167,74,1185,1185,167,2020-04-15,14,74,0.189189189189189,0.128670205777616,17.4036677901839
Broome,2020-04-16T00:00:00.000,11,178,82,1267,1267,178,2020-04-16,11,82,0.134146341463415,0.124051993792956,13.7423618366519
Broome,2020-04-17T00:00:00.000,8,186,64,1331,1331,186,2020-04-17,8,64,0.125,0.119235785197629,10.033706832952
Broome,2020-04-18T00:00:00.000,6,192,52,1383,1383,192,2020-04-18,6,52,0.115384615384615,0.114270141156686,7.54591809955869
Broome,2020-04-19T00:00:00.000,7,199,43,1426,1426,199,2020-04-19,7,43,0.162790697674419,0.109202783494484,8.81786731648242
Broome,2020-04-20T00:00:00.000,6,205,47,1473,1473,205,2020-04-20,6,47,0.127659574468085,0.104079745668542,7.56319075485239
Broome,2020-04-21T00:00:00.000,14,219,54,1527,1527,219,2020-04-21,14,54,0.259259259259259,0.0989446104435264,17.642575513053
Broome,2020-04-22T00:00:00.000,5,224,102,1629,1629,224,2020-04-22,5,102,0.0490196078431373,0.0938378563939537,6.29337561891584
Broome,2020-04-23T00:00:00.000,8,232,85,1714,1714,232,2020-04-23,8,85,0.0941176470588235,0.0887963298139928,10.0482252259474
Broome,2020-04-24T00:00:00.000,19,251,212,1926,1926,251,2020-04-24,19,212,0.089622641509434,0.0838528522043259,23.7930338265738
Broome,2020-04-25T00:00:00.000,6,257,105,2031,2031,257,2020-04-25,6,105,0.0571428571428571,0.0790359667374435,7.48444296400302
Broome,2020-04-26T00:00:00.000,4,261,69,2100,2100,261,2020-04-26,4,69,0.0579710144927536,0.0743698205366408,4.96488219966326
Broome,2020-04-27T00:00:00.000,5,266,60,2160,2160,266,2020-04-27,5,60,0.0833333333333333,0.0698741736989155,6.16912054342295
Broome,2020-04-28T00:00:00.000,7,273,87,2247,2247,273,2020-04-28,7,87,0.0804597701149425,0.0655645211637279,8.57755096932579
Broome,2020-04-29T00:00:00.000,11,284,114,2361,2361,284,2020-04-29,11,114,0.0964912280701754,0.0614523100059102,13.4212338282828
Broome,2020-04-30T00:00:00.000,15,299,110,2471,2471,299,2020-04-30,15,110,0.136363636363636,0.0575452326333375,18.3053816011102
Broome,2020-05-01T00:00:00.000,6,305,114,2585,2585,305,2020-05-01,6,114,0.0526315789473684,0.0538475756585135,7.32229113228934
Broome,2020-05-02T00:00:00.000,22,327,415,3000,3000,327,2020-05-02,22,415,0.0530120481927711,0.0503606047292734,26.8154472007554
Broome,2020-05-03T00:00:00.000,7,334,353,3353,3353,334,2020-05-03,7,353,0.0198300283286119,0.0470829671284953,8.50573723931058
Broome,2020-05-04T00:00:00.000,4,338,180,3533,3533,338,2020-05-04,4,180,0.0222222222222222,0.0440110962006391,4.8375018376678
Broome,2020-05-05T00:00:00.000,7,345,273,3806,3806,345,2020-05-05,7,273,0.0256410256410256,0.0411396043534166,8.41517433918981
Broome,2020-05-06T00:00:00.000,15,360,333,4139,4139,360,2020-05-06,15,333,0.045045045045045,0.0384616542627201,17.9246066539493
Broome,2020-05-07T00:00:00.000,4,364,214,4353,4353,364,2020-05-07,4,214,0.0186915887850467,0.0359693007434422,4.76661474481725
Broome,2020-05-08T00:00:00.000,8,372,252,4605,4605,372,2020-05-08,8,252,0.0317460317460317,0.0336537983840077,9.53664466259492
Broome,2020-05-09T00:00:00.000,1,373,317,4922,4922,373,2020-05-09,1,317,0.00315457413249211,0.0315058723552894,1.19238450906605
Broome,2020-05-10T00:00:00.000,5,378,319,5241,5241,378,2020-05-10,5,319,0.0156739811912226,0.0295159517336343,5.96280246075842
Broome,2020-05-11T00:00:00.000,1,379,271,5512,5512,379,2020-05-11,1,271,0.003690036900369,0.0276743662031382,1.19254721477061
Broome,2020-05-12T00:00:00.000,3,382,291,5803,5803,382,2020-05-12,3,291,0.0103092783505155,0.0259715081358961,3.58609538221625
Broome,2020-05-13T00:00:00.000,1,383,343,6146,6146,383,2020-05-13,1,343,0.00291545189504373,0.0243979628245443,1.2022373518417
Broome,2020-05-14T00:00:00.000,7,390,343,6489,6489,390,2020-05-14,7,343,0.0204081632653061,0.0229446101093396,8.48531677161601
Broome,2020-05-15T00:00:00.000,23,413,458,6947,6947,413,2020-05-15,23,458,0.0502183406113537,0.021602700858441,28.0935725837995
Broome,2020-05-16T00:00:00.000,1,414,486,7433,7433,414,2020-05-16,1,486,0.00205761316872428,0.0203639117767685,1.22887211190164
Broome,2020-05-17T00:00:00.000,9,423,379,7812,7812,423,2020-05-17,9,379,0.0237467018469657,0.0192203818930955,11.0868804809205
Broome,2020-05-18T00:00:00.000,6,429,295,8107,8107,429,2020-05-18,6,295,0.0203389830508475,0.0181647338459332,7.40361012284222
Broome,2020-05-19T00:00:00.000,7,436,639,8746,8746,436,2020-05-19,7,639,0.0109546165884194,0.0171900828021231,8.64628241231427
Broome,2020-05-20T00:00:00.000,15,451,419,9165,9165,451,2020-05-20,15,419,0.035799522673031,0.016290035519715,18.5564851354785
Broome,2020-05-21T00:00:00.000,17,468,820,9985,9985,468,2020-05-21,17,820,0.0207317073170732,0.0154586817403758,21.0958424364794
Broome,2020-05-22T00:00:00.000,17,485,645,10630,10630,485,2020-05-22,17,645,0.0263565891472868,0.0146905797771214,21.1434454871895
Broome,2020-05-23T00:00:00.000,16,501,629,11259,11259,501,2020-05-23,16,629,0.0254372019077901,0.0139807378644725,19.9260853438954
Broome,2020-05-24T00:00:00.000,18,519,669,11928,11928,519,2020-05-24,18,669,0.0269058295964126,0.0133245925681507,22.4254026067048
Broome,2020-05-25T00:00:00.000,3,522,536,12464,12464,522,2020-05-25,3,536,0.00559701492537313,0.0127179853102574,3.73466971040307
Broome,2020-05-26T00:00:00.000,6,528,369,12833,12833,528,2020-05-26,6,369,0.016260162601626,0.0121571378593697,7.4593690240609
Broome,2020-05-27T00:00:00.000,17,545,523,13356,13356,545,2020-05-27,17,523,0.0325047801147228,0.0116386274568367,21.1226658775596
Broome,2020-05-28T00:00:00.000,12,557,614,13970,13970,557,2020-05-28,12,614,0.0195439739413681,0.0111593621034122,14.8906681007481
Broome,2020-05-29T00:00:00.000,4,561,531,14501,14501,561,2020-05-29,4,531,0.00753295668549906,0.0107165564080782,4.95357717908518
Broome,2020-05-30T00:00:00.000,5,566,1002,15503,15503,566,2020-05-30,5,1002,0.00499001996007984,0.0103077083017577,6.21355467336848
Broome,2020-05-31T00:00:00.000,8,574,777,16280,16280,574,2020-05-31,8,777,0.0102960102960103,0.00993057683854472,10.0211663557622
Broome,2020-06-01T00:00:00.000,4,578,629,16909,16909,578,2020-06-01,4,629,0.00635930047694754,0.0095831612437068,5.05324004567377
Broome,2020-06-02T00:00:00.000,11,589,826,17735,17735,589,2020-06-02,11,826,0.013317191283293,0.00926368131633003,14.0036288675577
Broome,2020-06-03T00:00:00.000,4,593,631,18366,18366,593,2020-06-03,4,631,0.0063391442155309,0.00897055925410022,5.12704021331024
Broome,2020-06-04T00:00:00.000,12,605,1417,19783,19783,605,2020-06-04,12,1417,0.00846859562455893,0.00870240293523557,15.4157672512429
Broome,2020-06-05T00:00:00.000,8,613,1311,21094,21094,613,2020-06-05,8,1311,0.0061022120518688,0.00845799066520095,10.2894315421908
Broome,2020-06-06T00:00:00.000,7,620,950,22044,22044,620,2020-06-06,7,950,0.00736842105263158,0.00823625737344066,9.00805936866909
Broome,2020-06-07T00:00:00.000,4,624,745,22789,22789,624,2020-06-07,4,745,0.00536912751677852,0.0080362822256333,5.14683791939837
Broome,2020-06-08T00:00:00.000,3,627,797,23586,23586,627,2020-06-08,3,797,0.00376411543287327,0.00785727759895799,3.85715773402332
Broome,2020-06-09T00:00:00.000,3,630,755,24341,24341,630,2020-06-09,3,755,0.00397350993377483,0.00769857935087081,3.85172466959687
Broome,2020-06-10T00:00:00.000,11,641,875,25216,25216,641,2020-06-10,11,875,0.0125714285714286,0.00755963829581832,14.0942183515677
Broome,2020-06-11T00:00:00.000,3,644,1085,26301,26301,644,2020-06-11,3,1085,0.00276497695852535,0.00744001278775739,3.83367013047344
Broome,2020-06-12T00:00:00.000,3,647,779,27080,27080,647,2020-06-12,3,779,0.00385109114249037,0.00733936228950398,3.82115753882377
Broome,2020-06-13T00:00:00.000,4,651,795,27875,27875,651,2020-06-13,4,795,0.0050314465408805,0.00725744179247306,5.07519681384793
Broome,2020-06-14T00:00:00.000,4,655,382,28257,28257,655,2020-06-14,4,382,0.0104712041884817,0.00719409693156849,5.0526017321828
Broome,2020-06-15T00:00:00.000,1,656,606,28863,28863,656,2020-06-15,1,606,0.00165016501650165,0.00714925961993333,1.25679529615764
Broome,2020-06-16T00:00:00.000,1,657,546,29409,29409,657,2020-06-16,1,546,0.00183150183150183,0.00712294400625518,1.24975982214258
Broome,2020-06-17T00:00:00.000,0,657,442,29851,29851,657,2020-06-17,0,442,0,0.0071152425334466,0
Broome,2020-06-18T00:00:00.000,6,663,952,30803,30803,663,2020-06-18,6,952,0.00630252100840336,0.00712632185152407,7.4026868265008
Broome,2020-06-19T00:00:00.000,2,665,586,31389,31389,665,2020-06-19,2,586,0.00341296928327645,0.0071564183091544,2.4498500226948
Broome,2020-06-20T00:00:00.000,3,668,430,31819,31819,668,2020-06-20,3,430,0.00697674418604651,0.00720583271851972,3.64669856314337
Broome,2020-06-21T00:00:00.000,2,670,552,32371,32371,670,2020-06-21,2,552,0.0036231884057971,0.00727492405700703,2.41532529407268
Broome,2020-06-22T00:00:00.000,1,671,588,32959,32959,671,2020-06-22,1,588,0.00170068027210884,0.00736410173840214,1.20926749846294
Broome,2020-06-23T00:00:00.000,0,671,179,33138,33138,671,2020-06-23,0,179,0,0.00747381605750026,0
Broome,2020-06-24T00:00:00.000,9,680,935,34073,34073,680,2020-06-24,9,935,0.00962566844919786,0.00760454638851756,10.9113143189497
Broome,2020-06-25T00:00:00.000,17,697,509,34582,34582,697,2020-06-25,17,509,0.0333988212180747,0.00775678670197609,20.6150872615158
Broome,2020-06-26T00:00:00.000,4,701,922,35504,35504,701,2020-06-26,4,922,0.00433839479392625,0.00793102796385469,4.84310248556258
Broome,2020-06-27T00:00:00.000,2,703,486,35990,35990,703,2020-06-27,2,486,0.00411522633744856,0.00812773699774493,2.41719292542651
Broome,2020-06-28T00:00:00.000,7,710,377,36367,36367,710,2020-06-28,7,377,0.0185676392572944,0.00834733143508229,8.44324725161961
Broome,2020-06-29T00:00:00.000,6,716,772,37139,37139,716,2020-06-29,6,772,0.0077720207253886,0.00859015045633328,7.22616576891546
Broome,2020-06-30T00:00:00.000,6,722,448,37587,37587,722,2020-06-30,6,448,0.0133928571428571,0.00885642114560304,7.26027828098321
Broome,2020-07-01T00:00:00.000,7,729,846,38433,38433,729,2020-07-01,7,846,0.008274231678487,0.0091462204508662,8.52034429116519
Broome,2020-07-02T00:00:00.000,7,736,476,38909,38909,736,2020-07-02,7,476,0.0147058823529412,0.00945943296759573,8.56223209112046
Broome,2020-07-03T00:00:00.000,16,752,979,39888,39888,752,2020-07-03,16,979,0.0163432073544433,0.00979570504900586,19.5878468130187
Broome,2020-07-04T00:00:00.000,1,753,898,40786,40786,753,2020-07-04,1,898,0.00111358574610245,0.0101543960924357,1.22520693567842
Broome,2020-07-05T00:00:00.000,4,757,554,41340,41340,757,2020-07-05,4,554,0.0072202166064982,0.0105345282510319,4.90340824046013
Broome,2020-07-06T00:00:00.000,5,762,588,41928,41928,762,2020-07-06,5,588,0.00850340136054422,0.010934736261878,6.13188132120082
Broome,2020-07-07T00:00:00.000,4,766,234,42162,42162,766,2020-07-07,4,234,0.0170940170940171,0.011353219543041,4.91533086778936
Broome,2020-07-08T00:00:00.000,4,770,731,42893,42893,770,2020-07-08,4,731,0.00547195622435021,0.0117876991617894,4.92426261816523
Broome,2020-07-09T00:00:00.000,14,784,662,43555,43555,784,2020-07-09,14,662,0.0211480362537764,0.0122353826744527,17.2628003621819
Broome,2020-07-10T00:00:00.000,23,807,747,44302,44302,807,2020-07-10,23,747,0.0307898259705489,0.0126929401347508,28.4001609210799
Broome,2020-07-11T00:00:00.000,13,820,1236,45538,45538,820,2020-07-11,13,1236,0.0105177993527508,0.0131564947093141,16.0711959956861
Broome,2020-07-12T00:00:00.000,7,827,595,46133,46133,827,2020-07-12,7,595,0.0117647058823529,0.0136216312711182,8.66186712387824
Broome,2020-07-13T00:00:00.000,14,841,852,46985,46985,841,2020-07-13,14,852,0.0164319248826291,0.014083426013935,17.3357187454251
Broome,2020-07-14T00:00:00.000,11,852,592,47577,47577,852,2020-07-14,11,592,0.0185810810810811,0.0145364995102253,13.6268010198075
Broome,2020-07-15T00:00:00.000,9,861,914,48491,48491,861,2020-07-15,9,914,0.00984682713347921,0.0149750947027597,11.1510065226781
Broome,2020-07-16T00:00:00.000,9,870,595,49086,49086,870,2020-07-16,9,595,0.0151260504201681,0.0153931800942522,11.1598356791225
Broome,2020-07-17T00:00:00.000,7,877,522,49608,49608,877,2020-07-17,7,522,0.0134099616858238,0.0157845769228816,8.71310968539792
Broome,2020-07-18T00:00:00.000,6,883,347,49955,49955,883,2020-07-18,6,347,0.0172910662824208,0.0161431074699184,7.49179408076806
Broome,2020-07-19T00:00:00.000,19,902,914,50869,50869,902,2020-07-19,19,914,0.0207877461706783,0.0164627599528863,23.780950489221
Broome,2020-07-20T00:00:00.000,15,917,687,51556,51556,917,2020-07-20,15,687,0.0218340611353712,0.0167378638560937,18.7934122749499
Broome,2020-07-21T00:00:00.000,13,930,915,52471,52471,930,2020-07-21,13,915,0.014207650273224,0.0169632681929378,16.2348346184312
Broome,2020-07-22T00:00:00.000,4,934,538,53009,53009,934,2020-07-22,4,538,0.00743494423791822,0.0171345142364741,4.97062553461838
Broome,2020-07-23T00:00:00.000,20,954,756,53765,53765,954,2020-07-23,20,756,0.0264550264550265,0.0172479938219444,24.6926022963312
Broome,2020-07-24T00:00:00.000,12,966,762,54527,54527,966,2020-07-24,12,762,0.015748031496063,0.0173010845156186,14.7010747134195
Broome,2020-07-25T00:00:00.000,12,978,549,55076,55076,978,2020-07-25,12,549,0.0218579234972678,0.0172922537910579,14.6256601192842
Broome,2020-07-26T00:00:00.000,8,986,1287,56363,56363,986,2020-07-26,8,1287,0.00621600621600622,0.0172211258349027,9.7599481281824
Broome,2020-07-27T00:00:00.000,6,992,522,56885,56885,992,2020-07-27,6,522,0.0114942528735632,0.0170885066278033,7.31858033814183
Broome,2020-07-28T00:00:00.000,23,1015,779,57664,57664,1015,2020-07-28,23,779,0.0295250320924262,0.0168963653613179,28.0094516899482
Broome,2020-07-29T00:00:00.000,14,1029,698,58362,58362,1029,2020-07-29,14,698,0.0200573065902579,0.016647772862973,17.0558721989462
Broome,2020-07-30T00:00:00.000,8,1037,777,59139,59139,1037,2020-07-30,8,777,0.0102960102960103,0.0163468002902993,9.76911301440061
Broome,2020-07-31T00:00:00.000,11,1048,781,59920,59920,1048,2020-07-31,11,781,0.0140845070422535,0.0159983836949327,13.4569760233833
Broome,2020-08-01T00:00:00.000,6,1054,825,60745,60745,1054,2020-08-01,6,825,0.00727272727272727,0.0156081619586087,7.34952292975478
Broome,2020-08-02T00:00:00.000,10,1064,743,61488,61488,1064,2020-08-02,10,743,0.0134589502018843,0.0151822969075656,12.251758247906
Broome,2020-08-03T00:00:00.000,14,1078,1025,62513,62513,1078,2020-08-03,14,1025,0.0136585365853659,0.0147272850355598,17.1238183925794
Broome,2020-08-04T00:00:00.000,4,1082,379,62892,62892,1082,2020-08-04,4,379,0.0105540897097625,0.0142497701889571,4.88137958359176
Broome,2020-08-05T00:00:00.000,12,1094,711,63603,63603,1094,2020-08-05,12,711,0.0168776371308017,0.013756365839984,14.6046080874529
Broome,2020-08-06T00:00:00.000,21,1115,517,64120,64120,1115,2020-08-06,21,517,0.0406189555125725,0.0132534943057367,25.4712353694277
Broome,2020-08-07T00:00:00.000,5,1120,412,64532,64532,1120,2020-08-07,5,412,0.0121359223300971,0.0127472486151455,6.03633475696023
Broome,2020-08-08T00:00:00.000,6,1126,583,65115,65115,1126,2020-08-08,6,583,0.0102915951972556,0.0122432808549715,7.22053295554673
Broome,2020-08-09T00:00:00.000,5,1131,747,65862,65862,1131,2020-08-09,5,747,0.00669344042838019,0.0117467189165007,5.9993605104357
Broome,2020-08-10T00:00:00.000,12,1143,1408,67270,67270,1143,2020-08-10,12,1408,0.00852272727272727,0.0112621117744832,14.345492963206
Broome,2020-08-11T00:00:00.000,7,1150,559,67829,67829,1150,2020-08-11,7,559,0.0125223613595707,0.0107934018810786,8.33182057342457
Broome,2020-08-12T00:00:00.000,3,1153,641,68470,68470,1153,2020-08-12,3,641,0.0046801872074883,0.0103439220369183,3.55310840419586
Broome,2020-08-13T00:00:00.000,12,1165,947,69417,69417,1165,2020-08-13,12,947,0.0126715945089757,0.00991641324762385,14.134599843128
Broome,2020-08-14T00:00:00.000,0,1165,708,70125,70125,1165,2020-08-14,0,708,0,0.00951305958805005,0
Broome,2020-08-15T00:00:00.000,1,1166,417,70542,70542,1166,2020-08-15,1,417,0.00239808153477218,0.00913553594673824,1.16682152452759
Broome,2020-08-16T00:00:00.000,6,1172,607,71149,71149,1172,2020-08-16,6,607,0.00988467874794069,0.00878506465542418,6.97398684346062
Broome,2020-08-17T00:00:00.000,5,1177,1523,72672,72672,1177,2020-08-17,5,1523,0.00328299409061064,0.00846247735327128,5.80552865555423
Broome,2020-08-18T00:00:00.000,12,1189,679,73351,73351,1189,2020-08-18,12,679,0.0176730486008837,0.00816827892536184,13.9166911623928
Broome,2020-08-19T00:00:00.000,7,1196,627,73978,73978,1196,2020-08-19,7,627,0.0111642743221691,0.00790271092081131,8.10692076444635
Broome,2020-08-20T00:00:00.000,15,1211,1124,75102,75102,1211,2020-08-20,15,1124,0.0133451957295374,0.00766581244133165,17.3448580935763
Broome,2020-08-21T00:00:00.000,16,1227,1203,76305,76305,1227,2020-08-21,16,1203,0.0133000831255195,0.00745747705243574,18.4687733239253
Broome,2020-08-22T00:00:00.000,12,1239,725,77030,77030,1239,2020-08-22,12,725,0.016551724137931,0.00727750477387677,13.8246314003062
Broome,2020-08-23T00:00:00.000,11,1250,848,77878,77878,1250,2020-08-23,11,848,0.0129716981132075,0.00712564863387544,12.6438632161642
Broome,2020-08-24T00:00:00.000,6,1256,508,78386,78386,1256,2020-08-24,6,508,0.0118110236220472,0.00700165561679944,6.86925208181261
Broome,2020-08-25T00:00:00.000,12,1268,844,79230,79230,1268,2020-08-25,12,844,0.014218009478673,0.00690530209255477,13.6812663615712
Broome,2020-08-26T00:00:00.000,6,1274,1434,80664,80664,1274,2020-08-26,6,1434,0.00418410041841004,0.00683642399696322,6.82361759851786
Broome,2020-08-27T00:00:00.000,9,1283,902,81566,81566,1283,2020-08-27,9,902,0.00997782705099778,0.00679494214291054,10.2189943925452
Broome,2020-08-28T00:00:00.000,3,1286,851,82417,82417,1286,2020-08-28,3,851,0.00352526439482961,0.00678088309512589,3.40137382935622
Broome,2020-08-29T00:00:00.000,9,1295,4937,87354,87354,1295,2020-08-29,9,4937,0.00182296941462427,0.00679439604762787,10.2048881094681
Broome,2020-08-30T00:00:00.000,12,1307,1000,88354,88354,1307,2020-08-30,12,1000,0.012,0.00683576611563399,13.6057985707138
Broome,2020-08-31T00:00:00.000,4,1311,482,88836,88836,1311,2020-08-31,4,482,0.00829875518672199,0.00690542440165829,4.54213839573238
Broome,2020-09-01T00:00:00.000,4,1315,477,89313,89313,1315,2020-09-01,4,477,0.00838574423480084,0.00700395513018755,4.56063057976866
Broome,2020-09-02T00:00:00.000,18,1333,809,90122,90122,1333,2020-09-02,18,809,0.0222496909765142,0.00713210007356898,20.7047837830877
Broome,2020-09-03T00:00:00.000,9,1342,850,90972,90972,1342,2020-09-03,9,850,0.0105882352941176,0.00729076042188795,10.4486469439261
Broome,2020-09-04T00:00:00.000,8,1350,2400,93372,93372,1350,2020-09-04,8,2400,0.00333333333333333,0.00748099618680101,9.35387199523615
Broome,2020-09-05T00:00:00.000,7,1357,873,94245,94245,1357,2020-09-05,7,873,0.00801832760595647,0.00770402318022136,8.23423592849604
Broome,2020-09-06T00:00:00.000,8,1365,546,94791,94791,1365,2020-09-06,8,546,0.0146520146520147,0.0079612075768883,9.46675958113913
Broome,2020-09-07T00:00:00.000,9,1374,644,95435,95435,1374,2020-09-07,9,644,0.0139751552795031,0.00825405806019522,10.7138112445549
Broome,2020-09-08T00:00:00.000,4,1378,199,95634,95634,1378,2020-09-08,4,199,0.0201005025125628,0.00858421556541427,4.79006500216199
Broome,2020-09-09T00:00:00.000,5,1383,572,96206,96206,1383,2020-09-09,5,572,0.00874125874125874,0.00895344067709064,6.02296457210683
Broome,2020-09-10T00:00:00.000,12,1395,1248,97454,97454,1395,2020-09-10,12,1248,0.00961538461538462,0.00936359880691103,14.5395677464954
Broome,2020-09-11T00:00:00.000,15,1410,1875,99329,99329,1410,2020-09-11,15,1875,0.008,0.00981664337611007,18.3563896289644
Broome,2020-09-12T00:00:00.000,8,1418,571,99900,99900,1418,2020-09-12,8,571,0.0140105078809107,0.0103145973477344,9.89327412405307
Broome,2020-09-13T00:00:00.000,2,1420,720,100620,100620,1420,2020-09-13,2,720,0.00277777777777778,0.0108595335952958,2.49934031358399
Broome,2020-09-14T00:00:00.000,3,1423,593,101213,101213,1423,2020-09-14,3,593,0.00505902192242833,0.0114535547464634,3.78800729950755
Broome,2020-09-15T00:00:00.000,5,1428,514,101727,101727,1428,2020-09-15,5,514,0.00972762645914397,0.0120987732951484,6.37761660523078
Broome,2020-09-16T00:00:00.000,9,1437,730,102457,102457,1437,2020-09-16,9,730,0.0123287671232877,0.0127972929186703,11.5928157351083
Broome,2020-09-17T00:00:00.000,13,1450,1394,103851,103851,1450,2020-09-17,13,1394,0.00932568149210904,0.0135511920564547,16.9028639445781
Broome,2020-09-18T00:00:00.000,9,1459,1102,104953,104953,1459,2020-09-18,9,1102,0.00816696914700544,0.0143625108880615,11.805789119335
Broome,2020-09-19T00:00:00.000,6,1465,2159,107112,107112,1465,2020-09-19,6,2159,0.00277906438165818,0.0152332428768949,7.93517715090864
Broome,2020-09-20T00:00:00.000,7,1472,502,107614,107614,1472,2020-09-20,7,502,0.0139442231075697,0.0161653320124891,9.32476882554722
Broome,2020-09-21T00:00:00.000,4,1476,738,108352,108352,1476,2020-09-21,4,738,0.00542005420054201,0.0171606767757822,5.3606851729728
Broome,2020-09-22T00:00:00.000,4,1480,850,109202,109202,1480,2020-09-22,4,850,0.00470588235294118,0.0182211416706299,5.38767798738662
Broome,2020-09-23T00:00:00.000,16,1496,1356,110558,110558,1496,2020-09-23,16,1356,0.0117994100294985,0.019348576905641,21.6354742767533
Broome,2020-09-24T00:00:00.000,17,1513,1327,111885,111885,1513,2020-09-24,17,1327,0.012810851544838,0.0205448464851507,23.1752399853855
Broome,2020-09-25T00:00:00.000,37,1550,1510,113395,113395,1550,2020-09-25,37,1510,0.0245033112582781,0.0218118645870934,50.7419209723294
Broome,2020-09-26T00:00:00.000,22,1572,606,114001,114001,1572,2020-09-26,22,606,0.0363036303630363,0.02315163968342,30.3156294997533
Broome,2020-09-27T00:00:00.000,34,1606,690,114691,114691,1606,2020-09-27,34,690,0.0492753623188406,0.0245663254172054,47.024922710104
Broome,2020-09-28T00:00:00.000,36,1642,1175,115866,115866,1642,2020-09-28,36,1175,0.0306382978723404,0.0260582768065957,49.8885482927172
Broome,2020-09-29T00:00:00.000,31,1673,928,116794,116794,1673,2020-09-29,31,928,0.0334051724137931,0.0276301099156101,42.9867619053688
Broome,2020-09-30T00:00:00.000,56,1729,1188,117982,117982,1729,2020-09-30,56,1188,0.0471380471380471,0.0292847627312202,77.6104924077325
Broome,2020-10-01T00:00:00.000,57,1786,1472,119454,119454,1786,2020-10-01,57,1472,0.0387228260869565,0.0310255546171642,78.8605906444856
Broome,2020-10-02T00:00:00.000,110,1896,2145,121599,121599,1896,2020-10-02,110,2145,0.0512820512820513,0.0328562413793678,152.146956726507
Broome,2020-10-03T00:00:00.000,51,1947,1591,123190,123190,1947,2020-10-03,51,1591,0.0320553111250786,0.0347810626666345,71.0758303030229
Broome,2020-10-04T00:00:00.000,27,1974,865,124055,124055,1974,2020-10-04,27,865,0.0312138728323699,0.0368047781239705,38.0448713714434
Broome,2020-10-05T00:00:00.000,52,2026,892,124947,124947,2026,2020-10-05,52,892,0.0582959641255605,0.0389326883953709,74.1356424195138
Broome,2020-10-06T00:00:00.000,105,2131,1723,126670,126670,2131,2020-10-06,105,1723,0.0609402205455601,0.0411706367106427,151.458804501126
Broome,2020-10-07T00:00:00.000,108,2239,2144,128814,128814,2239,2020-10-07,108,2144,0.0503731343283582,0.0435249863594153,157.613037149714
Broome,2020-10-08T00:00:00.000,75,2314,2332,131146,131146,2314,2020-10-08,75,2332,0.0321612349914237,0.046002568832554,110.730550053295
Broome,2020-10-09T00:00:00.000,86,2400,1885,133031,133031,2400,2020-10-09,86,1885,0.0456233421750663,0.0486105967800522,128.443362042077
Broome,2020-10-10T00:00:00.000,42,2442,1235,134266,134266,2442,2020-10-10,42,1235,0.0340080971659919,0.0513565351898069,63.45045747761
Broome,2020-10-11T00:00:00.000,43,2485,1371,135637,135637,2485,2020-10-11,43,1371,0.0313639679066375,0.0542479233484937,65.7035376779622
Cattaraugus,2020-03-01T00:00:00.000,0,0,0,0,0,0,2020-03-01,0,0,0,9.25907363157514e-08,0
Cattaraugus,2020-03-02T00:00:00.000,0,0,0,0,0,0,2020-03-02,0,0,0,1.73916071054051e-07,0
Cattaraugus,2020-03-03T00:00:00.000,0,0,0,0,0,0,2020-03-03,0,0,0,3.26553636382431e-07,0
Cattaraugus,2020-03-04T00:00:00.000,0,0,0,0,0,0,2020-03-04,0,0,0,6.12569630592966e-07,0
Cattaraugus,2020-03-05T00:00:00.000,0,0,0,0,0,0,2020-03-05,0,0,0,1.14704083156451e-06,0
Cattaraugus,2020-03-06T00:00:00.000,0,0,0,0,0,0,2020-03-06,0,0,0,2.14174884661613e-06,0
Cattaraugus,2020-03-07T00:00:00.000,0,0,0,0,0,0,2020-03-07,0,0,0,3.98281293567595e-06,0
Cattaraugus,2020-03-08T00:00:00.000,0,0,0,0,0,0,2020-03-08,0,0,0,7.36620891554813e-06,0
Cattaraugus,2020-03-09T00:00:00.000,0,0,0,0,0,0,2020-03-09,0,0,0,1.35294783185039e-05,0
Cattaraugus,2020-03-10T00:00:00.000,0,0,0,0,0,0,2020-03-10,0,0,0,2.46384391776345e-05,0
Cattaraugus,2020-03-11T00:00:00.000,0,0,0,0,0,0,2020-03-11,0,0,0,4.44147451894044e-05,0
Cattaraugus,2020-03-12T00:00:00.000,0,0,2,2,2,0,2020-03-12,0,2,0,7.91217573359527e-05,0
Cattaraugus,2020-03-13T00:00:00.000,0,0,2,4,4,0,2020-03-13,0,2,0,0.000139055915304674,0
Cattaraugus,2020-03-14T00:00:00.000,0,0,1,5,5,0,2020-03-14,0,1,0,0.000240704873217236,0
Cattaraugus,2020-03-15T00:00:00.000,0,0,2,7,7,0,2020-03-15,0,2,0,0.000409708701316558,0
Cattaraugus,2020-03-16T00:00:00.000,0,0,0,7,7,0,2020-03-16,0,0,0,0.000684663378039405,0
Cattaraugus,2020-03-17T00:00:00.000,0,0,0,7,7,0,2020-03-17,0,0,0,0.00112159915888545,0
Cattaraugus,2020-03-18T00:00:00.000,0,0,5,12,12,0,2020-03-18,0,5,0,0.00179862247314597,0
Cattaraugus,2020-03-19T00:00:00.000,0,0,2,14,14,0,2020-03-19,0,2,0,0.00281973553970677,0
Cattaraugus,2020-03-20T00:00:00.000,0,0,10,24,24,0,2020-03-20,0,10,0,0.00431631686803205,0
Cattaraugus,2020-03-21T00:00:00.000,0,0,23,47,47,0,2020-03-21,0,23,0,0.00644432795745909,0
Cattaraugus,2020-03-22T00:00:00.000,0,0,14,61,61,0,2020-03-22,0,14,0,0.00937527289208252,0
Cattaraugus,2020-03-23T00:00:00.000,0,0,12,73,73,0,2020-03-23,0,12,0,0.0132795807256016,0
Cattaraugus,2020-03-24T00:00:00.000,0,0,3,76,76,0,2020-03-24,0,3,0,0.0183026021567517,0
Cattaraugus,2020-03-25T00:00:00.000,0,0,12,88,88,0,2020-03-25,0,12,0,0.0245357005993662,0
Cattaraugus,2020-03-26T00:00:00.000,0,0,13,101,101,0,2020-03-26,0,13,0,0.0319873957178459,0
Cattaraugus,2020-03-27T00:00:00.000,1,1,25,126,126,1,2020-03-27,1,25,0.04,0.0405611938387695,1.0445026154061
Cattaraugus,2020-03-28T00:00:00.000,3,4,13,139,139,4,2020-03-28,3,13,0.230769230769231,0.050046590892537,3.16263324958591
Cattaraugus,2020-03-29T00:00:00.000,2,6,7,146,146,6,2020-03-29,2,7,0.285714285714286,0.0601273079829287,2.14244806187838
Cattaraugus,2020-03-30T00:00:00.000,0,6,5,151,151,6,2020-03-30,0,5,0,0.0704066888563781,0
Cattaraugus,2020-03-31T00:00:00.000,1,7,12,163,163,7,2020-03-31,1,12,0.0833333333333333,0.080445832852092,1.10798858070953
Cattaraugus,2020-04-01T00:00:00.000,1,8,28,191,191,8,2020-04-01,1,28,0.0357142857142857,0.0898071166979655,1.12123370351293
Cattaraugus,2020-04-02T00:00:00.000,1,9,24,215,215,9,2020-04-02,1,24,0.0416666666666667,0.0980952294583156,1.11672159028323
Cattaraugus,2020-04-03T00:00:00.000,0,9,8,223,223,9,2020-04-03,0,8,0,0.104989534735529,0
Cattaraugus,2020-04-04T00:00:00.000,1,10,12,235,235,10,2020-04-04,1,12,0.0833333333333333,0.11026445805009,1.11484768967655
Cattaraugus,2020-04-05T00:00:00.000,2,12,16,251,251,12,2020-04-05,2,16,0.125,0.113797473307336,2.23118047386523
Cattaraugus,2020-04-06T00:00:00.000,1,13,14,265,265,13,2020-04-06,1,14,0.0714285714285714,0.115566323806194,1.12283515546634
Cattaraugus,2020-04-07T00:00:00.000,2,15,19,284,284,15,2020-04-07,2,19,0.105263157894737,0.115638134058561,2.26280097200533
Cattaraugus,2020-04-08T00:00:00.000,2,17,15,299,299,17,2020-04-08,2,15,0.133333333333333,0.114153250965919,2.27744416278022
Cattaraugus,2020-04-09T00:00:00.000,1,18,26,325,325,18,2020-04-09,1,26,0.0384615384615385,0.111306356415322,1.14500138886374
Cattaraugus,2020-04-10T00:00:00.000,1,19,7,332,332,19,2020-04-10,1,7,0.142857142857143,0.107326926751449,1.15022479107774
Cattaraugus,2020-04-11T00:00:00.000,9,28,32,364,364,28,2020-04-11,9,32,0.28125,0.102460650702577,10.3983843795094
Cattaraugus,2020-04-12T00:00:00.000,0,28,6,370,370,28,2020-04-12,0,6,0,0.096953005974748,0
Cattaraugus,2020-04-13T00:00:00.000,4,32,13,383,383,32,2020-04-13,4,13,0.307692307692308,0.0910358206588643,4.69069341677233
Cattaraugus,2020-04-14T00:00:00.000,0,32,11,394,394,32,2020-04-14,0,11,0,0.0849172828398303,0
Cattaraugus,2020-04-15T00:00:00.000,0,32,14,408,408,32,2020-04-15,0,14,0,0.0787755066694111,0
Cattaraugus,2020-04-16T00:00:00.000,2,34,31,439,439,34,2020-04-16,2,31,0.0645161290322581,0.0727554376374449,2.36878072615332
Cattaraugus,2020-04-17T00:00:00.000,0,34,15,454,454,34,2020-04-17,0,15,0,0.0669686191548657,0
Cattaraugus,2020-04-18T00:00:00.000,0,34,17,471,471,34,2020-04-18,0,17,0,0.0614951762195575,0
Cattaraugus,2020-04-19T00:00:00.000,0,34,1,472,472,34,2020-04-19,0,1,0,0.0563873109717738,0
Cattaraugus,2020-04-20T00:00:00.000,1,35,8,480,480,35,2020-04-20,1,8,0.125,0.0516736390274523,1.17528741616965
Cattaraugus,2020-04-21T00:00:00.000,2,37,34,514,514,37,2020-04-21,2,34,0.0588235294117647,0.0473637982710825,2.34136640669663
Cattaraugus,2020-04-22T00:00:00.000,0,37,40,554,554,37,2020-04-22,0,40,0,0.0434529009191865,0
Cattaraugus,2020-04-23T00:00:00.000,2,39,32,586,586,39,2020-04-23,2,32,0.0625,0.0399255451912719,2.31907585155947
Cattaraugus,2020-04-24T00:00:00.000,6,45,102,688,688,45,2020-04-24,6,102,0.0588235294117647,0.036759233129668,6.91882477345166
Cattaraugus,2020-04-25T00:00:00.000,0,45,24,712,712,45,2020-04-25,0,24,0,0.0339271441075105,0
Cattaraugus,2020-04-26T00:00:00.000,0,45,21,733,733,45,2020-04-26,0,21,0,0.0314002858408978,0
Cattaraugus,2020-04-27T00:00:00.000,0,45,15,748,748,45,2020-04-27,0,15,0,0.0291490888238973,0
Cattaraugus,2020-04-28T00:00:00.000,2,47,76,824,824,47,2020-04-28,2,76,0.0263157894736842,0.0271445314899756,2.24386440183426
Cattaraugus,2020-04-29T00:00:00.000,0,47,85,909,909,47,2020-04-29,0,85,0,0.025358888570859,0
Cattaraugus,2020-04-30T00:00:00.000,2,49,78,987,987,49,2020-04-30,2,78,0.0256410256410256,0.023766189928062,2.23415111427186
Cattaraugus,2020-05-01T00:00:00.000,1,50,80,1067,1067,50,2020-05-01,1,80,0.0125,0.0223424663004339,1.1176150400796
Cattaraugus,2020-05-02T00:00:00.000,3,53,54,1121,1121,53,2020-05-02,3,54,0.0555555555555556,0.0210658453296014,3.35144744469693
Cattaraugus,2020-05-03T00:00:00.000,0,53,7,1128,1128,53,2020-05-03,0,7,0,0.0199165480159662,0
Cattaraugus,2020-05-04T00:00:00.000,0,53,14,1142,1142,53,2020-05-04,0,14,0,0.0188768236684888,0
Cattaraugus,2020-05-05T00:00:00.000,1,54,47,1189,1189,54,2020-05-05,1,47,0.0212765957446809,0.0179308509966787,1.10636685588345
Cattaraugus,2020-05-06T00:00:00.000,5,59,65,1254,1254,59,2020-05-06,5,65,0.0769230769230769,0.0170646243764886,5.50852413657097
Cattaraugus,2020-05-07T00:00:00.000,0,59,36,1290,1290,59,2020-05-07,0,36,0,0.0162658374627607,0
Cattaraugus,2020-05-08T00:00:00.000,1,60,54,1344,1344,60,2020-05-08,1,54,0.0185185185185185,0.0155237709944936,1.10332111062812
Cattaraugus,2020-05-09T00:00:00.000,0,60,21,1365,1365,60,2020-05-09,0,21,0,0.0148291876623137,0
Cattaraugus,2020-05-10T00:00:00.000,1,61,103,1468,1468,61,2020-05-10,1,103,0.00970873786407767,0.0141742340809228,1.10821672100983
Cattaraugus,2020-05-11T00:00:00.000,0,61,29,1497,1497,61,2020-05-11,0,29,0,0.0135523480650637,0
Cattaraugus,2020-05-12T00:00:00.000,0,61,77,1574,1574,61,2020-05-12,0,77,0,0.0129581684065,0
Cattaraugus,2020-05-13T00:00:00.000,3,64,134,1708,1708,64,2020-05-13,3,134,0.0223880597014925,0.0123874440710429,3.37034443054129
Cattaraugus,2020-05-14T00:00:00.000,0,64,173,1881,1881,64,2020-05-14,0,173,0,0.0118369400485483,0
Cattaraugus,2020-05-15T00:00:00.000,1,65,186,2067,2067,65,2020-05-15,1,186,0.00537634408602151,0.0113043378566779,1.14486121405862
Cattaraugus,2020-05-16T00:00:00.000,0,65,142,2209,2209,65,2020-05-16,0,142,0,0.0107881297826039,0
Cattaraugus,2020-05-17T00:00:00.000,2,67,207,2416,2416,67,2020-05-17,2,207,0.00966183574879227,0.0102875071646219,2.31447058592305
Cattaraugus,2020-05-18T00:00:00.000,2,69,24,2440,2440,69,2020-05-18,2,24,0.0833333333333333,0.00980224422588614,2.3202347870539
Cattaraugus,2020-05-19T00:00:00.000,1,70,152,2592,2592,70,2020-05-19,1,152,0.00657894736842105,0.00933257999642314,1.16199364258305
Cattaraugus,2020-05-20T00:00:00.000,1,71,186,2778,2778,71,2020-05-20,1,186,0.00537634408602151,0.00887910160527254,1.16425780607597
Cattaraugus,2020-05-21T00:00:00.000,3,74,125,2903,2903,74,2020-05-21,3,125,0.024,0.0084426325832028,3.50428766348632
Cattaraugus,2020-05-22T00:00:00.000,4,78,176,3079,3079,78,2020-05-22,4,176,0.0227272727272727,0.00802412978146149,4.68298461666062
Cattaraugus,2020-05-23T00:00:00.000,0,78,172,3251,3251,78,2020-05-23,0,172,0,0.00762459210047224,0
Cattaraugus,2020-05-24T00:00:00.000,3,81,311,3562,3562,81,2020-05-24,3,311,0.00964630225080386,0.0072449835013878,3.5166354082889
Cattaraugus,2020-05-25T00:00:00.000,0,81,136,3698,3698,81,2020-05-25,0,136,0,0.00688617185869388,0
Cattaraugus,2020-05-26T00:00:00.000,1,82,162,3860,3860,82,2020-05-26,1,162,0.00617283950617284,0.00654888420303197,1.16864993528629
Cattaraugus,2020-05-27T00:00:00.000,3,85,286,4146,4146,85,2020-05-27,3,286,0.0104895104895105,0.00623367793392979,3.50191275462234
Cattaraugus,2020-05-28T00:00:00.000,1,86,147,4293,4293,86,2020-05-28,1,147,0.00680272108843537,0.00594092673032264,1.16507644048996
Cattaraugus,2020-05-29T00:00:00.000,1,87,189,4482,4482,87,2020-05-29,1,189,0.00529100529100529,0.00567081923103674,1.1620317583383
Cattaraugus,2020-05-30T00:00:00.000,1,88,183,4665,4665,88,2020-05-30,1,183,0.00546448087431694,0.00542336812601378,1.16541557050768
Cattaraugus,2020-05-31T00:00:00.000,1,89,215,4880,4880,89,2020-05-31,1,215,0.00465116279069767,0.00519842709657935,1.17413499630249
Cattaraugus,2020-06-01T00:00:00.000,0,89,333,5213,5213,89,2020-06-01,0,333,0,0.004995713042808,0
Cattaraugus,2020-06-02T00:00:00.000,1,90,375,5588,5588,90,2020-06-02,1,375,0.00266666666666667,0.00481483120264384,1.19241561104889
Cattaraugus,2020-06-03T00:00:00.000,1,91,290,5878,5878,91,2020-06-03,1,290,0.00344827586206897,0.00465530104542439,1.2003822298673
Cattaraugus,2020-06-04T00:00:00.000,1,92,304,6182,6182,92,2020-06-04,1,304,0.00328947368421053,0.00451658116414125,1.20309788060708
Cattaraugus,2020-06-05T00:00:00.000,0,92,416,6598,6598,92,2020-06-05,0,416,0,0.00439809175480924,0
Cattaraugus,2020-06-06T00:00:00.000,2,94,193,6791,6791,94,2020-06-06,2,193,0.0103626943005181,0.00429923361761742,2.41173346138157
Cattaraugus,2020-06-07T00:00:00.000,1,95,245,7036,7036,95,2020-06-07,1,245,0.00408163265306122,0.00421940292347633,1.20642431752807
Cattaraugus,2020-06-08T00:00:00.000,0,95,183,7219,7219,95,2020-06-08,0,183,0,0.00415800124903191,0
Cattaraugus,2020-06-09T00:00:00.000,1,96,205,7424,7424,96,2020-06-09,1,205,0.0048780487804878,0.00411444059122768,1.20593528061498
Cattaraugus,2020-06-10T00:00:00.000,2,98,258,7682,7682,98,2020-06-10,2,258,0.00775193798449612,0.00408814323404844,2.40979897125162
Cattaraugus,2020-06-11T00:00:00.000,3,101,282,7964,7964,101,2020-06-11,3,282,0.0106382978723404,0.00407853647104122,3.61000503760042
Cattaraugus,2020-06-12T00:00:00.000,0,101,341,8305,8305,101,2020-06-12,0,341,0,0.00408504230232514,0
Cattaraugus,2020-06-13T00:00:00.000,3,104,272,8577,8577,104,2020-06-13,3,272,0.0110294117647059,0.00410706234235116,3.59574533293444
Cattaraugus,2020-06-14T00:00:00.000,2,106,155,8732,8732,106,2020-06-14,2,155,0.0129032258064516,0.00414395831437404,2.39072146167963
Cattaraugus,2020-06-15T00:00:00.000,1,107,393,9125,9125,107,2020-06-15,1,393,0.00254452926208651,0.00419502868385433,1.19154907325513
Cattaraugus,2020-06-16T00:00:00.000,2,109,202,9327,9327,109,2020-06-16,2,202,0.0099009900990099,0.00425948220863209,2.37424910051385
Cattaraugus,2020-06-17T00:00:00.000,0,109,219,9546,9546,109,2020-06-17,0,219,0,0.00433640946173944,0
Cattaraugus,2020-06-18T00:00:00.000,0,109,335,9881,9881,109,2020-06-18,0,335,0,0.00442475370807944,0
Cattaraugus,2020-06-19T00:00:00.000,4,113,325,10206,10206,113,2020-06-19,4,325,0.0123076923076923,0.00452328287268817,4.67999400524653
Cattaraugus,2020-06-20T00:00:00.000,2,115,377,10583,10583,115,2020-06-20,2,377,0.00530503978779841,0.00463056469244696,2.32596719314684
Cattaraugus,2020-06-21T00:00:00.000,0,115,252,10835,10835,115,2020-06-21,0,252,0,0.00474494745200787,0
Cattaraugus,2020-06-22T00:00:00.000,3,118,220,11055,11055,118,2020-06-22,3,220,0.0136363636363636,0.00486454890930198,3.48045413165018
Cattaraugus,2020-06-23T00:00:00.000,2,120,210,11265,11265,120,2020-06-23,2,210,0.00952380952380952,0.00498725605212178,2.32566307844517
Cattaraugus,2020-06-24T00:00:00.000,1,121,316,11581,11581,121,2020-06-24,1,316,0.00316455696202532,0.00511073812848857,1.16513322985386
Cattaraugus,2020-06-25T00:00:00.000,2,123,149,11730,11730,123,2020-06-25,2,149,0.0134228187919463,0.00523247491193346,2.33167911271766
Cattaraugus,2020-06-26T00:00:00.000,0,123,389,12119,12119,123,2020-06-26,0,389,0,0.00534980136005771,0
Cattaraugus,2020-06-27T00:00:00.000,0,123,107,12226,12226,123,2020-06-27,0,107,0,0.00545996872238143,0
Cattaraugus,2020-06-28T00:00:00.000,0,123,191,12417,12417,123,2020-06-28,0,191,0,0.00556022079616962,0
Cattaraugus,2020-06-29T00:00:00.000,0,123,120,12537,12537,123,2020-06-29,0,120,0,0.00564788253129819,0
Cattaraugus,2020-06-30T00:00:00.000,0,123,163,12700,12700,123,2020-06-30,0,163,0,0.00572045670033751,0
Cattaraugus,2020-07-01T00:00:00.000,1,124,173,12873,12873,124,2020-07-01,1,173,0.00578034682080925,0.00577572306052512,1.16250699221386
Cattaraugus,2020-07-02T00:00:00.000,0,124,313,13186,13186,124,2020-07-02,0,313,0,0.00581183353548618,0
Cattaraugus,2020-07-03T00:00:00.000,3,127,460,13646,13646,127,2020-07-03,3,460,0.00652173913043478,0.00582739660340966,3.48683870924334
Cattaraugus,2020-07-04T00:00:00.000,0,127,202,13848,13848,127,2020-07-04,0,202,0,0.00582154440093511,0
Cattaraugus,2020-07-05T00:00:00.000,1,128,249,14097,14097,128,2020-07-05,1,249,0.00401606425702811,0.00579397707365675,1.15471346278089
Cattaraugus,2020-07-06T00:00:00.000,0,128,129,14226,14226,128,2020-07-06,0,129,0,0.00574498054681505,0
Cattaraugus,2020-07-07T00:00:00.000,2,130,119,14345,14345,130,2020-07-07,2,119,0.0168067226890756,0.00567541599538381,2.29303470448699
Cattaraugus,2020-07-08T00:00:00.000,1,131,210,14555,14555,131,2020-07-08,1,210,0.00476190476190476,0.00558668162272471,1.14249340810626
Cattaraugus,2020-07-09T00:00:00.000,3,134,421,14976,14976,134,2020-07-09,3,421,0.00712589073634204,0.00548064963362064,3.41370442742808
Cattaraugus,2020-07-10T00:00:00.000,4,138,345,15321,15321,138,2020-07-10,4,345,0.0115942028985507,0.00535958324640143,4.5311645618613
Cattaraugus,2020-07-11T00:00:00.000,0,138,122,15443,15443,138,2020-07-11,0,122,0,0.00522604000361534,0
Cattaraugus,2020-07-12T00:00:00.000,0,138,105,15548,15548,138,2020-07-12,0,105,0,0.00508276837467008,0
Cattaraugus,2020-07-13T00:00:00.000,1,139,288,15836,15836,139,2020-07-13,1,288,0.00347222222222222,0.00493260465920268,1.11493773896187
Cattaraugus,2020-07-14T00:00:00.000,2,141,178,16014,16014,141,2020-07-14,2,178,0.0112359550561798,0.00477837654867156,2.21673244625805
Cattaraugus,2020-07-15T00:00:00.000,1,142,294,16308,16308,142,2020-07-15,1,294,0.00340136054421769,0.00462281853552028,1.10160344968956
Cattaraugus,2020-07-16T00:00:00.000,3,145,381,16689,16689,145,2020-07-16,3,381,0.0078740157480315,0.0044685028539054,3.28715296549042
Cattaraugus,2020-07-17T00:00:00.000,0,145,207,16896,16896,145,2020-07-17,0,207,0,0.00431778800980833,0
Cattaraugus,2020-07-18T00:00:00.000,0,145,103,16999,16999,145,2020-07-18,0,103,0,0.00417278539575957,0
Cattaraugus,2020-07-19T00:00:00.000,0,145,56,17055,17055,145,2020-07-19,0,56,0,0.00403534314041645,0
Cattaraugus,2020-07-20T00:00:00.000,2,147,359,17414,17414,147,2020-07-20,2,359,0.00557103064066852,0.00390704530980037,2.16650262387972
Cattaraugus,2020-07-21T00:00:00.000,0,147,253,17667,17667,147,2020-07-21,0,253,0,0.00378922389770378,0
Cattaraugus,2020-07-22T00:00:00.000,1,148,146,17813,17813,148,2020-07-22,1,146,0.00684931506849315,0.0036829807015119,1.06557450214344
Cattaraugus,2020-07-23T00:00:00.000,2,150,180,17993,17993,150,2020-07-23,2,180,0.0111111111111111,0.0035892161379692,2.11053696991472
Cattaraugus,2020-07-24T00:00:00.000,0,150,340,18333,18333,150,2020-07-24,0,340,0,0.00350866223140881,0
Cattaraugus,2020-07-25T00:00:00.000,1,151,104,18437,18437,151,2020-07-25,1,104,0.00961538461538462,0.00344191733629453,1.0371202504484
Cattaraugus,2020-07-26T00:00:00.000,2,153,229,18666,18666,153,2020-07-26,2,229,0.00873362445414847,0.00338948055743508,2.07393279371654
Cattaraugus,2020-07-27T00:00:00.000,0,153,182,18848,18848,153,2020-07-27,0,182,0,0.00335178424446427,0
Cattaraugus,2020-07-28T00:00:00.000,4,157,176,19024,19024,157,2020-07-28,4,176,0.0227272727272727,0.00332922331593158,4.14087123714285
Cattaraugus,2020-07-29T00:00:00.000,0,157,239,19263,19263,157,2020-07-29,0,239,0,0.00332218048198613,0
Cattaraugus,2020-07-30T00:00:00.000,1,158,254,19517,19517,158,2020-07-30,1,254,0.00393700787401575,0.00333104666578278,1.04154956722463
Cattaraugus,2020-07-31T00:00:00.000,0,158,217,19734,19734,158,2020-07-31,0,217,0,0.00335623607564485,0
Cattaraugus,2020-08-01T00:00:00.000,1,159,229,19963,19963,159,2020-08-01,1,229,0.00436681222707424,0.00339819545314852,1.05171376474413
Cattaraugus,2020-08-02T00:00:00.000,3,162,146,20109,20109,162,2020-08-02,3,146,0.0205479452054795,0.00345740703994572,3.1700125135744
Cattaraugus,2020-08-03T00:00:00.000,2,164,190,20299,20299,164,2020-08-03,2,190,0.0105263157894737,0.0035343847860878,2.12090730001595
Cattaraugus,2020-08-04T00:00:00.000,0,164,379,20678,20678,164,2020-08-04,0,379,0,0.00362966329279632,0
Cattaraugus,2020-08-05T00:00:00.000,0,164,325,21003,21003,164,2020-08-05,0,325,0,0.00374377897533643,0
Cattaraugus,2020-08-06T00:00:00.000,0,164,277,21280,21280,164,2020-08-06,0,277,0,0.00387724298124931,0
Cattaraugus,2020-08-07T00:00:00.000,1,165,217,21497,21497,165,2020-08-07,1,217,0.00460829493087558,0.00403050553808712,1.07596369755193
Cattaraugus,2020-08-08T00:00:00.000,0,165,165,21662,21662,165,2020-08-08,0,165,0,0.0042039116727413,0
Cattaraugus,2020-08-09T00:00:00.000,1,166,174,21836,21836,166,2020-08-09,1,174,0.00574712643678161,0.00439764866823483,1.08759036406884
Cattaraugus,2020-08-10T00:00:00.000,2,168,282,22118,22118,168,2020-08-10,2,282,0.00709219858156028,0.00461168622109117,2.18669503107421
Cattaraugus,2020-08-11T00:00:00.000,0,168,192,22310,22310,168,2020-08-11,0,192,0,0.00484571104006836,0
Cattaraugus,2020-08-12T00:00:00.000,1,169,238,22548,22548,169,2020-08-12,1,238,0.00420168067226891,0.00509905855492968,1.10348816383567
Cattaraugus,2020-08-13T00:00:00.000,0,169,281,22829,22829,169,2020-08-13,0,281,0,0.00537064542782094,0
Cattaraugus,2020-08-14T00:00:00.000,1,170,283,23112,23112,170,2020-08-14,1,283,0.00353356890459364,0.00565890758491096,1.11160404277921
Cattaraugus,2020-08-15T00:00:00.000,1,171,397,23509,23509,171,2020-08-15,1,397,0.00251889168765743,0.00596174937864036,1.1180684702237
Cattaraugus,2020-08-16T00:00:00.000,0,171,113,23622,23622,171,2020-08-16,0,113,0,0.00627651008514639,0
Cattaraugus,2020-08-17T00:00:00.000,1,172,276,23898,23898,172,2020-08-17,1,276,0.0036231884057971,0.00659995407037998,1.13259882850712
Cattaraugus,2020-08-18T00:00:00.000,1,173,356,24254,24254,173,2020-08-18,1,356,0.00280898876404494,0.00692829044774229,1.14078629777768
Cattaraugus,2020-08-19T00:00:00.000,1,174,354,24608,24608,174,2020-08-19,1,354,0.00282485875706215,0.00725722679252818,1.14830524430241
Cattaraugus,2020-08-20T00:00:00.000,0,174,375,24983,24983,174,2020-08-20,0,375,0,0.00758205943928614,0
Cattaraugus,2020-08-21T00:00:00.000,4,178,145,25128,25128,178,2020-08-21,4,145,0.0275862068965517,0.00789780013915205,4.64375694978749
Cattaraugus,2020-08-22T00:00:00.000,2,180,299,25427,25427,180,2020-08-22,2,299,0.00668896321070234,0.00819933560510321,2.33174968483652
Cattaraugus,2020-08-23T00:00:00.000,2,182,150,25577,25577,182,2020-08-23,2,150,0.0133333333333333,0.00848161305368186,2.3392815987941
Cattaraugus,2020-08-24T00:00:00.000,2,184,264,25841,25841,184,2020-08-24,2,264,0.00757575757575758,0.00873984166037679,2.34109200161272
Cattaraugus,2020-08-25T00:00:00.000,1,185,176,26017,26017,185,2020-08-25,1,176,0.00568181818181818,0.00896969735163069,1.1703198276064
Cattaraugus,2020-08-26T00:00:00.000,3,188,314,26331,26331,188,2020-08-26,3,314,0.00955414012738853,0.00916751694278658,3.51339483141956
Cattaraugus,2020-08-27T00:00:00.000,9,197,291,26622,26622,197,2020-08-27,9,291,0.0309278350515464,0.00933046760393173,10.5482381270777
Cattaraugus,2020-08-28T00:00:00.000,0,197,231,26853,26853,197,2020-08-28,0,231,0,0.00945667909262324,0
Cattaraugus,2020-08-29T00:00:00.000,4,201,334,27187,27187,201,2020-08-29,4,334,0.0119760479041916,0.0095453290453679,4.69234281800062
Cattaraugus,2020-08-30T00:00:00.000,4,205,283,27470,27470,205,2020-08-30,4,283,0.0141342756183746,0.0095966755443407,4.6917638430752
Cattaraugus,2020-08-31T00:00:00.000,1,206,320,27790,27790,206,2020-08-31,1,320,0.003125,0.00961203572140673,1.17371558545675
Cattaraugus,2020-09-01T00:00:00.000,10,216,242,28032,28032,216,2020-09-01,10,242,0.0413223140495868,0.00959371375299331,11.7660108280746
Cattaraugus,2020-09-02T00:00:00.000,6,222,276,28308,28308,222,2020-09-02,6,276,0.0217391304347826,0.00954488569742727,7.10566576281112
Cattaraugus,2020-09-03T00:00:00.000,1,223,320,28628,28628,223,2020-09-03,1,320,0.003125,0.00946945176128562,1.1917159340627
Cattaraugus,2020-09-04T00:00:00.000,4,227,459,29087,29087,227,2020-09-04,4,459,0.00871459694989107,0.00937186846218504,4.78352559293005
Cattaraugus,2020-09-05T00:00:00.000,2,229,214,29301,29301,229,2020-09-05,2,214,0.00934579439252336,0.00925697366568235,2.39624051427236
Cattaraugus,2020-09-06T00:00:00.000,1,230,133,29434,29434,230,2020-09-06,1,133,0.0075187969924812,0.00912981670976517,1.19966412545487
Cattaraugus,2020-09-07T00:00:00.000,3,233,372,29806,29806,233,2020-09-07,3,372,0.00806451612903226,0.00899550402603457,3.60212296599739
Cattaraugus,2020-09-08T00:00:00.000,1,234,162,29968,29968,234,2020-09-08,1,162,0.00617283950617284,0.00885906817224028,1.20129635258444
Cattaraugus,2020-09-09T00:00:00.000,2,236,200,30168,30168,236,2020-09-09,2,200,0.01,0.00872536537309014,2.40297728823159
Cattaraugus,2020-09-10T00:00:00.000,3,239,248,30416,30416,239,2020-09-10,3,248,0.0120967741935484,0.00859900389013262,3.60406021884521
Cattaraugus,2020-09-11T00:00:00.000,0,239,486,30902,30902,239,2020-09-11,0,486,0,0.00848430307145953,0
Cattaraugus,2020-09-12T00:00:00.000,2,241,258,31160,31160,241,2020-09-12,2,258,0.00775193798449612,0.00838528096708036,2.4226271803018
Cattaraugus,2020-09-13T00:00:00.000,1,242,230,31390,31390,242,2020-09-13,1,230,0.00434782608695652,0.00830566700973035,1.21661098323968
Cattaraugus,2020-09-14T00:00:00.000,0,242,244,31634,31634,242,2020-09-14,0,244,0,0.00824893545831344,0
Cattaraugus,2020-09-15T00:00:00.000,3,245,137,31771,31771,245,2020-09-15,3,137,0.0218978102189781,0.00821835500166415,3.68140852760432
Cattaraugus,2020-09-16T00:00:00.000,3,248,255,32026,32026,248,2020-09-16,3,255,0.0117647058823529,0.00821705002091342,3.69681280826293
Cattaraugus,2020-09-17T00:00:00.000,1,249,247,32273,32273,249,2020-09-17,1,247,0.00404858299595142,0.00824806937329297,1.23724134347013
Cattaraugus,2020-09-18T00:00:00.000,4,253,290,32563,32563,253,2020-09-18,4,290,0.0137931034482759,0.0083144590658443,4.96790023886968
Cattaraugus,2020-09-19T00:00:00.000,1,254,335,32898,32898,254,2020-09-19,1,335,0.00298507462686567,0.00841933572911729,1.24638990397514
Cattaraugus,2020-09-20T00:00:00.000,1,255,160,33058,33058,255,2020-09-20,1,160,0.00625,0.00856595828455508,1.25014148295968
Cattaraugus,2020-09-21T00:00:00.000,0,255,226,33284,33284,255,2020-09-21,0,226,0,0.00875779558765884,0
Cattaraugus,2020-09-22T00:00:00.000,3,258,196,33480,33480,258,2020-09-22,3,196,0.0153061224489796,0.00899858807006847,3.7655010481305
Cattaraugus,2020-09-23T00:00:00.000,0,258,298,33778,33778,258,2020-09-23,0,298,0,0.00929240152042671,0
Cattaraugus,2020-09-24T00:00:00.000,0,258,404,34182,34182,258,2020-09-24,0,404,0,0.00964367113947933,0
Cattaraugus,2020-09-25T00:00:00.000,1,259,392,34574,34574,259,2020-09-25,1,392,0.00255102040816327,0.010057233930252,1.26924001760826
Cattaraugus,2020-09-26T00:00:00.000,1,260,300,34874,34874,260,2020-09-26,1,300,0.00333333333333333,0.0105383474090491,1.27368779012653
Cattaraugus,2020-09-27T00:00:00.000,0,260,120,34994,34994,260,2020-09-27,0,120,0,0.0110926926233386,0
Cattaraugus,2020-09-28T00:00:00.000,11,271,295,35289,35289,271,2020-09-28,11,295,0.0372881355932203,0.0117263596496927,14.0738462629762
Cattaraugus,2020-09-29T00:00:00.000,5,276,141,35430,35430,276,2020-09-29,5,141,0.0354609929078014,0.0124458142413654,6.40187385886645
Cattaraugus,2020-09-30T00:00:00.000,3,279,298,35728,35728,279,2020-09-30,3,298,0.0100671140939597,0.0132578452186342,3.84093351759615
Cattaraugus,2020-10-01T00:00:00.000,11,290,233,35961,35961,290,2020-10-01,11,233,0.0472103004291846,0.0141694936863954,14.0715303853052
Cattaraugus,2020-10-02T00:00:00.000,12,302,657,36618,36618,302,2020-10-02,12,657,0.0182648401826484,0.0151879673163997,15.3652633503757
Cattaraugus,2020-10-03T00:00:00.000,1,303,419,37037,37037,303,2020-10-03,1,419,0.00238663484486874,0.0163205458110731,1.29208459587412
Cattaraugus,2020-10-04T00:00:00.000,4,307,188,37225,37225,307,2020-10-04,4,188,0.0212765957446809,0.017574487275656,5.23468066493534
Cattaraugus,2020-10-05T00:00:00.000,4,311,321,37546,37546,311,2020-10-05,4,321,0.0124610591900312,0.0189569494669804,5.30675586822558
Cattaraugus,2020-10-06T00:00:00.000,5,316,238,37784,37784,316,2020-10-06,5,238,0.0210084033613445,0.0204749445773503,6.72571940809548
Cattaraugus,2020-10-07T00:00:00.000,11,327,413,38197,38197,327,2020-10-07,11,413,0.026634382566586,0.0221353510785687,15.0036126909492
Cattaraugus,2020-10-08T00:00:00.000,16,343,330,38527,38527,343,2020-10-08,16,330,0.0484848484848485,0.0239450108681193,22.1293914933859
Cattaraugus,2020-10-09T00:00:00.000,12,355,396,38923,38923,355,2020-10-09,12,396,0.0303030303030303,0.0259109442267226,16.8294409005842
Cattaraugus,2020-10-10T00:00:00.000,3,358,265,39188,39188,358,2020-10-10,3,265,0.0113207547169811,0.0280407187510771,4.26605121118106
Cattaraugus,2020-10-11T00:00:00.000,4,362,331,39519,39519,362,2020-10-11,4,331,0.0120845921450151,0.0303430115609662,5.76697204436564
Cayuga,2020-03-01T00:00:00.000,0,0,0,0,0,0,2020-03-01,0,0,0,2.66799146790012e-06,0
Cayuga,2020-03-02T00:00:00.000,0,0,0,0,0,0,2020-03-02,0,0,0,4.06275111091787e-06,0
Cayuga,2020-03-03T00:00:00.000,0,0,0,0,0,0,2020-03-03,0,0,0,6.18555509593804e-06,0
Cayuga,2020-03-04T00:00:00.000,0,0,0,0,0,0,2020-03-04,0,0,0,9.41312034412617e-06,0
Cayuga,2020-03-05T00:00:00.000,0,0,0,0,0,0,2020-03-05,0,0,0,1.43121595906005e-05,0
Cayuga,2020-03-06T00:00:00.000,0,0,0,0,0,0,2020-03-06,0,0,0,2.17303322656866e-05,0
Cayuga,2020-03-07T00:00:00.000,0,0,0,0,0,0,2020-03-07,0,0,0,3.29267891427345e-05,0
Cayuga,2020-03-08T00:00:00.000,0,0,0,0,0,0,2020-03-08,0,0,0,4.97567162913165e-05,0
Cayuga,2020-03-09T00:00:00.000,0,0,0,0,0,0,2020-03-09,0,0,0,7.49276478737175e-05,0
Cayuga,2020-03-10T00:00:00.000,0,0,0,0,0,0,2020-03-10,0,0,0,0.000112348236739184,0
Cayuga,2020-03-11T00:00:00.000,0,0,0,0,0,0,2020-03-11,0,0,0,0.000167591635748827,0
Cayuga,2020-03-12T00:00:00.000,0,0,0,0,0,0,2020-03-12,0,0,0,0.000248494110495948,0
Cayuga,2020-03-13T00:00:00.000,0,0,0,0,0,0,2020-03-13,0,0,0,0.000365902865155208,0
Cayuga,2020-03-14T00:00:00.000,0,0,3,3,3,0,2020-03-14,0,3,0,0.000534572745860471,0
Cayuga,2020-03-15T00:00:00.000,0,0,1,4,4,0,2020-03-15,0,1,0,0.000774186815746788,0
Cayuga,2020-03-16T00:00:00.000,0,0,2,6,6,0,2020-03-16,0,2,0,0.00111043870715508,0
Cayuga,2020-03-17T00:00:00.000,0,0,2,8,8,0,2020-03-17,0,2,0,0.00157606481740811,0
Cayuga,2020-03-18T00:00:00.000,0,0,2,10,10,0,2020-03-18,0,2,0,0.00221165471027086,0
Cayuga,2020-03-19T00:00:00.000,0,0,3,13,13,0,2020-03-19,0,3,0,0.00306600620620525,0
Cayuga,2020-03-20T00:00:00.000,0,0,8,21,21,0,2020-03-20,0,8,0,0.00419574124372654,0
Cayuga,2020-03-21T00:00:00.000,0,0,25,46,46,0,2020-03-21,0,25,0,0.0056638791716656,0
Cayuga,2020-03-22T00:00:00.000,2,2,33,79,79,2,2020-03-22,2,33,0.0606060606060606,0.00753709863706553,1.97604845476664
Cayuga,2020-03-23T00:00:00.000,0,2,10,89,89,2,2020-03-23,0,10,0,0.00988152856205521,0
Cayuga,2020-03-24T00:00:00.000,0,2,5,94,94,2,2020-03-24,0,5,0,0.0127571031355687,0
Cayuga,2020-03-25T00:00:00.000,0,2,13,107,107,2,2020-03-25,0,13,0,0.0162107849942027,0
Cayuga,2020-03-26T00:00:00.000,0,2,25,132,132,2,2020-03-26,0,25,0,0.0202692664085008,0
Cayuga,2020-03-27T00:00:00.000,0,2,26,158,158,2,2020-03-27,0,26,0,0.024932033821472,0
Cayuga,2020-03-28T00:00:00.000,0,2,32,190,190,2,2020-03-28,0,32,0,0.0301658440507148,0
Cayuga,2020-03-29T00:00:00.000,1,3,37,227,227,3,2020-03-29,1,37,0.027027027027027,0.0359016368934067,1.01738318559587
Cayuga,2020-03-30T00:00:00.000,0,3,10,237,237,3,2020-03-30,0,10,0,0.0420346632865282,0
Cayuga,2020-03-31T00:00:00.000,0,3,9,246,246,3,2020-03-31,0,9,0,0.0484281662564136,0
Cayuga,2020-04-01T00:00:00.000,1,4,25,271,271,4,2020-04-01,1,25,0.04,0.0549204025290853,1.06742762884108
Cayuga,2020-04-02T00:00:00.000,2,6,36,307,307,6,2020-04-02,2,36,0.0555555555555556,0.0613342639508371,2.13098520946943
Cayuga,2020-04-03T00:00:00.000,1,7,15,322,322,7,2020-04-03,1,15,0.0666666666666667,0.067488374889424,1.06362581167367
Cayuga,2020-04-04T00:00:00.000,1,8,32,354,354,8,2020-04-04,1,32,0.03125,0.0732083846652281,1.0701091213513
Cayuga,2020-04-05T00:00:00.000,3,11,31,385,385,11,2020-04-05,3,31,0.0967741935483871,0.0783372549578113,3.22410763906948
Cayuga,2020-04-06T00:00:00.000,3,14,33,418,418,14,2020-04-06,3,33,0.0909090909090909,0.082743609852865,3.25782365968323
Cayuga,2020-04-07T00:00:00.000,0,14,11,429,429,14,2020-04-07,0,11,0,0.086327582768769,0
Cayuga,2020-04-08T00:00:00.000,2,16,37,466,466,16,2020-04-08,2,37,0.0540540540540541,0.0890239689020151,2.22151681466411
Cayuga,2020-04-09T00:00:00.000,11,27,31,497,497,27,2020-04-09,11,31,0.354838709677419,0.0908028060770638,12.3411783594727
Cayuga,2020-04-10T00:00:00.000,1,28,5,502,502,28,2020-04-10,1,5,0.2,0.0916677270820864,1.13222698316198
Cayuga,2020-04-11T00:00:00.000,1,29,8,510,510,29,2020-04-11,1,8,0.125,0.0916525497741879,1.14256811944802
Cayuga,2020-04-12T00:00:00.000,1,30,5,515,515,30,2020-04-12,1,5,0.2,0.0908166142334548,1.15704743620803
Cayuga,2020-04-13T00:00:00.000,3,33,52,567,567,33,2020-04-13,3,52,0.0576923076923077,0.0892393631941134,3.51101533975976
Cayuga,2020-04-14T00:00:00.000,3,36,10,577,577,36,2020-04-14,3,10,0.3,0.0870146151686064,3.54677821648853
Cayuga,2020-04-15T00:00:00.000,0,36,10,587,587,36,2020-04-15,0,10,0,0.0842449152116687,0
Cayuga,2020-04-16T00:00:00.000,0,36,1,588,588,36,2020-04-16,0,1,0,0.0810362756345057,0
Cayuga,2020-04-17T00:00:00.000,0,36,9,597,597,36,2020-04-17,0,9,0,0.0774935430665536,0
Cayuga,2020-04-18T00:00:00.000,0,36,9,606,606,36,2020-04-18,0,9,0,0.073716551836111,0
Cayuga,2020-04-19T00:00:00.000,0,36,12,618,618,36,2020-04-19,0,12,0,0.0697971493040016,0
Cayuga,2020-04-20T00:00:00.000,0,36,1,619,619,36,2020-04-20,0,1,0,0.065817109797601,0
Cayuga,2020-04-21T00:00:00.000,0,36,3,622,622,36,2020-04-21,0,3,0,0.0618468938925011,0
Cayuga,2020-04-22T00:00:00.000,1,37,12,634,634,37,2020-04-22,1,12,0.0833333333333333,0.0579451624542205,1.19943732554537
Cayuga,2020-04-23T00:00:00.000,2,39,14,648,648,39,2020-04-23,2,14,0.142857142857143,0.0541589224138855,2.39087499285808
Cayuga,2020-04-24T00:00:00.000,8,47,191,839,839,47,2020-04-24,8,191,0.0418848167539267,0.0505241643526767,9.52323141966168
Cayuga,2020-04-25T00:00:00.000,0,47,19,858,858,47,2020-04-25,0,19,0,0.0470668494678866,0
Cayuga,2020-04-26T00:00:00.000,1,48,20,878,878,48,2020-04-26,1,20,0.05,0.0438041127773829,1.17722851402294
Cayuga,2020-04-27T00:00:00.000,0,48,20,898,898,48,2020-04-27,0,20,0,0.0407455670427567,0
Cayuga,2020-04-28T00:00:00.000,0,48,34,932,932,48,2020-04-28,0,34,0,0.0378946141996665,0
Cayuga,2020-04-29T00:00:00.000,0,48,25,957,957,48,2020-04-29,0,25,0,0.0352496948023904,0
Cayuga,2020-04-30T00:00:00.000,3,51,28,985,985,51,2020-04-30,3,28,0.107142857142857,0.0328054285482102,3.46100653232627
Cayuga,2020-05-01T00:00:00.000,0,51,17,1002,1002,51,2020-05-01,0,17,0,0.0305536186386048,0
Cayuga,2020-05-02T00:00:00.000,0,51,14,1016,1016,51,2020-05-02,0,14,0,0.028484108669923,0
Cayuga,2020-05-03T00:00:00.000,0,51,10,1026,1026,51,2020-05-03,0,10,0,0.026585492701586,0
Cayuga,2020-05-04T00:00:00.000,0,51,22,1048,1048,51,2020-05-04,0,22,0,0.0248456873813699,0
Cayuga,2020-05-05T00:00:00.000,0,51,19,1067,1067,51,2020-05-05,0,19,0,0.0232523800483196,0
Cayuga,2020-05-06T00:00:00.000,1,52,25,1092,1092,52,2020-05-06,1,25,0.04,0.0217933692368937,1.12898459694705
Cayuga,2020-05-07T00:00:00.000,0,52,20,1112,1112,52,2020-05-07,0,20,0,0.0204568146345681,0
Cayuga,2020-05-08T00:00:00.000,1,53,61,1173,1173,53,2020-05-08,1,61,0.0163934426229508,0.0192314128871801,1.1272060845349
Cayuga,2020-05-09T00:00:00.000,5,58,23,1196,1196,58,2020-05-09,5,23,0.217391304347826,0.0181065141937615,5.64066962280854
Cayuga,2020-05-10T00:00:00.000,2,60,48,1244,1244,60,2020-05-10,2,48,0.0416666666666667,0.0170721927623094,2.25805057449954
Cayuga,2020-05-11T00:00:00.000,0,60,23,1267,1267,60,2020-05-11,0,23,0,0.0161192821823562,0
Cayuga,2020-05-12T00:00:00.000,0,60,45,1312,1312,60,2020-05-12,0,45,0,0.0152393847931489,0
Cayuga,2020-05-13T00:00:00.000,0,60,104,1416,1416,60,2020-05-13,0,104,0,0.0144248623020362,0
Cayuga,2020-05-14T00:00:00.000,1,61,261,1677,1677,61,2020-05-14,1,261,0.00383141762452107,0.0136688132972217,1.15099922931158
Cayuga,2020-05-15T00:00:00.000,2,63,111,1788,1788,63,2020-05-15,2,111,0.018018018018018,0.012965041927536,2.32132376603257
Cayuga,2020-05-16T00:00:00.000,0,63,79,1867,1867,63,2020-05-16,0,79,0,0.012308020891527,0
Cayuga,2020-05-17T00:00:00.000,2,65,189,2056,2056,65,2020-05-17,2,189,0.0105820105820106,0.0116928509738365,2.34429732608949
Cayuga,2020-05-18T00:00:00.000,3,68,68,2124,2124,68,2020-05-18,3,68,0.0441176470588235,0.011115218669015,3.52437767939883
Cayuga,2020-05-19T00:00:00.000,0,68,106,2230,2230,68,2020-05-19,0,106,0,0.0105713529135233,0
Cayuga,2020-05-20T00:00:00.000,4,72,105,2335,2335,72,2020-05-20,4,105,0.0380952380952381,0.0100579815815799,4.71545202620233
Cayuga,2020-05-21T00:00:00.000,1,73,245,2580,2580,73,2020-05-21,1,245,0.00408163265306122,0.00957228816033325,1.18285710394938
Cayuga,2020-05-22T00:00:00.000,3,76,356,2936,2936,76,2020-05-22,3,356,0.00842696629213483,0.00911186888064958,3.55717266454934
Cayuga,2020-05-23T00:00:00.000,1,77,143,3079,3079,77,2020-05-23,1,143,0.00699300699300699,0.00867469051661033,1.18733807040189
Cayuga,2020-05-24T00:00:00.000,0,77,176,3255,3255,77,2020-05-24,0,176,0,0.00825904905669494,0
Cayuga,2020-05-25T00:00:00.000,1,78,76,3331,3331,78,2020-05-25,1,76,0.0131578947368421,0.00786352947344453,1.18645389017153
Cayuga,2020-05-26T00:00:00.000,2,80,117,3448,3448,80,2020-05-26,2,117,0.0170940170940171,0.0074869668566293,2.36879945764523
Cayuga,2020-05-27T00:00:00.000,4,84,101,3549,3549,84,2020-05-27,4,101,0.0396039603960396,0.00712840921454943,4.73226312995265
Cayuga,2020-05-28T00:00:00.000,5,89,383,3932,3932,89,2020-05-28,5,383,0.0130548302872063,0.00678708227591252,5.90346939910889
Cayuga,2020-05-29T00:00:00.000,1,90,374,4306,4306,90,2020-05-29,1,374,0.00267379679144385,0.00646235663381097,1.17731454443893
Cayuga,2020-05-30T00:00:00.000,1,91,249,4555,4555,91,2020-05-30,1,249,0.00401606425702811,0.00615371755876347,1.18023275559577
Cayuga,2020-05-31T00:00:00.000,1,92,289,4844,4844,92,2020-05-31,1,289,0.00346020761245675,0.00586073776892705,1.18829991498132
Cayuga,2020-06-01T00:00:00.000,1,93,250,5094,5094,93,2020-06-01,1,250,0.004,0.00558305338426327,1.19686794677434
Cayuga,2020-06-02T00:00:00.000,3,96,288,5382,5382,96,2020-06-02,3,288,0.0104166666666667,0.00532034321272108,3.61313980430717
Cayuga,2020-06-03T00:00:00.000,0,96,375,5757,5757,96,2020-06-03,0,375,0,0.00507231142612899,0
Cayuga,2020-06-04T00:00:00.000,2,98,375,6132,6132,98,2020-06-04,2,375,0.00533333333333333,0.00483867358865392,2.42282813420631
Cayuga,2020-06-05T00:00:00.000,2,100,299,6431,6431,100,2020-06-05,2,299,0.00668896321070234,0.0046191459087113,2.42136822328715
Cayuga,2020-06-06T00:00:00.000,1,101,233,6664,6664,101,2020-06-06,1,233,0.00429184549356223,0.00441343750184121,1.20903230971038
Cayuga,2020-06-07T00:00:00.000,0,101,465,7129,7129,101,2020-06-07,0,465,0,0.00422124538263176,0
Cayuga,2020-06-08T00:00:00.000,1,102,231,7360,7360,102,2020-06-08,1,231,0.00432900432900433,0.00404225185157185,1.20304333563189
Cayuga,2020-06-09T00:00:00.000,0,102,231,7591,7591,102,2020-06-09,0,231,0,0.00387612390933305,0
Cayuga,2020-06-10T00:00:00.000,0,102,152,7743,7743,102,2020-06-10,0,152,0,0.00372251431624236,0
Cayuga,2020-06-11T00:00:00.000,1,103,337,8080,8080,103,2020-06-11,1,337,0.0029673590504451,0.0035810639173941,1.18778360244365
Cayuga,2020-06-12T00:00:00.000,0,103,170,8250,8250,103,2020-06-12,0,170,0,0.00345140487126795,0
Cayuga,2020-06-13T00:00:00.000,3,106,432,8682,8682,106,2020-06-13,3,432,0.00694444444444444,0.00333316444864652,3.52144954319138
Cayuga,2020-06-14T00:00:00.000,0,106,106,8788,8788,106,2020-06-14,0,106,0,0.00322596910566148,0
Cayuga,2020-06-15T00:00:00.000,0,106,169,8957,8957,106,2020-06-15,0,169,0,0.00312944857637743,0
Cayuga,2020-06-16T00:00:00.000,0,106,142,9099,9099,106,2020-06-16,0,142,0,0.00304323977341434,0
Cayuga,2020-06-17T00:00:00.000,0,106,98,9197,9197,106,2020-06-17,0,98,0,0.00296699032700725,0
Cayuga,2020-06-18T00:00:00.000,1,107,476,9673,9673,107,2020-06-18,1,476,0.00210084033613445,0.00290036163161876,1.12770835546443
Cayuga,2020-06-19T00:00:00.000,1,108,225,9898,9898,108,2020-06-19,1,225,0.00444444444444444,0.00284303130347196,1.11690978263291
Cayuga,2020-06-20T00:00:00.000,0,108,420,10318,10318,108,2020-06-20,0,420,0,0.00279469498127628,0
Cayuga,2020-06-21T00:00:00.000,0,108,101,10419,10419,108,2020-06-21,0,101,0,0.00275506742594377,0
Cayuga,2020-06-22T00:00:00.000,0,108,193,10612,10612,108,2020-06-22,0,193,0,0.00272388289343554,0
Cayuga,2020-06-23T00:00:00.000,1,109,144,10756,10756,109,2020-06-23,1,144,0.00694444444444444,0.00270089476874928,1.09365766803215
Cayuga,2020-06-24T00:00:00.000,0,109,116,10872,10872,109,2020-06-24,0,116,0,0.00268587445930268,0
Cayuga,2020-06-25T00:00:00.000,0,109,200,11072,11072,109,2020-06-25,0,200,0,0.00267860955394325,0
Cayuga,2020-06-26T00:00:00.000,2,111,285,11357,11357,111,2020-06-26,2,285,0.00701754385964912,0.00267890126028507,2.17248299734884
Cayuga,2020-06-27T00:00:00.000,2,113,338,11695,11695,113,2020-06-27,2,338,0.00591715976331361,0.00268656113985326,2.16388423642953
Cayuga,2020-06-28T00:00:00.000,1,114,277,11972,11972,114,2020-06-28,1,277,0.0036101083032491,0.00270140716828173,1.07749609855753
Cayuga,2020-06-29T00:00:00.000,1,115,184,12156,12156,115,2020-06-29,1,184,0.00543478260869565,0.00272325915796462,1.07365682692719
Cayuga,2020-06-30T00:00:00.000,4,119,121,12277,12277,119,2020-06-30,4,121,0.0330578512396694,0.00275193359395523,4.30625731625955
Cayuga,2020-07-01T00:00:00.000,0,119,126,12403,12403,119,2020-07-01,0,126,0,0.00278723795112531,0
Cayuga,2020-07-02T00:00:00.000,1,120,194,12597,12597,120,2020-07-02,1,194,0.00515463917525773,0.00282896458210559,1.08408964566885
Cayuga,2020-07-03T00:00:00.000,0,120,308,12905,12905,120,2020-07-03,0,308,0,0.00287688429129927,0
Cayuga,2020-07-04T00:00:00.000,0,120,97,13002,13002,120,2020-07-04,0,97,0,0.0029307397395921,0
Cayuga,2020-07-05T00:00:00.000,2,122,75,13077,13077,122,2020-07-05,2,75,0.0266666666666667,0.00299023885655073,2.16160897941601
Cayuga,2020-07-06T00:00:00.000,0,122,188,13265,13265,122,2020-07-06,0,188,0,0.0030550484699433,0
Cayuga,2020-07-07T00:00:00.000,0,122,262,13527,13527,122,2020-07-07,0,262,0,0.00312478839431996,0
Cayuga,2020-07-08T00:00:00.000,2,124,240,13767,13767,124,2020-07-08,2,240,0.00833333333333333,0.00319902624837185,2.16107623139324
Cayuga,2020-07-09T00:00:00.000,0,124,291,14058,14058,124,2020-07-09,0,291,0,0.00327727329150694,0
Cayuga,2020-07-10T00:00:00.000,2,126,236,14294,14294,126,2020-07-10,2,236,0.00847457627118644,0.00335898158033849,2.162158361694
Cayuga,2020-07-11T00:00:00.000,0,126,308,14602,14602,126,2020-07-11,0,308,0,0.00344354274195395,0
Cayuga,2020-07-12T00:00:00.000,0,126,154,14756,14756,126,2020-07-12,0,154,0,0.00353028863992863,0
Cayuga,2020-07-13T00:00:00.000,1,127,362,15118,15118,127,2020-07-13,1,362,0.00276243093922652,0.00361849416891274,1.08092552586833
Cayuga,2020-07-14T00:00:00.000,1,128,190,15308,15308,128,2020-07-14,1,190,0.00526315789473684,0.00370738235268602,1.08059258531391
Cayuga,2020-07-15T00:00:00.000,0,128,221,15529,15529,128,2020-07-15,0,221,0,0.00379613183971629,0
Cayuga,2020-07-16T00:00:00.000,1,129,574,16103,16103,129,2020-07-16,1,574,0.00174216027874564,0.00388388679098954,1.08046104075424
Cayuga,2020-07-17T00:00:00.000,0,129,253,16356,16356,129,2020-07-17,0,253,0,0.00396976904173578,0
Cayuga,2020-07-18T00:00:00.000,0,129,92,16448,16448,129,2020-07-18,0,92,0,0.00405289229718726,0
Cayuga,2020-07-19T00:00:00.000,2,131,172,16620,16620,131,2020-07-19,2,172,0.0116279069767442,0.00413237800036711,2.18009461893608
Cayuga,2020-07-20T00:00:00.000,0,131,325,16945,16945,131,2020-07-20,0,325,0,0.00420737239554755,0
Cayuga,2020-07-21T00:00:00.000,3,134,346,17291,17291,134,2020-07-21,3,346,0.00867052023121387,0.00427706421367184,3.26429496787533
Cayuga,2020-07-22T00:00:00.000,1,135,376,17667,17667,135,2020-07-22,1,376,0.00265957446808511,0.00434070233380384,1.0832279964511
Cayuga,2020-07-23T00:00:00.000,2,137,423,18090,18090,137,2020-07-23,2,423,0.00472813238770686,0.00439761273553478,2.1538462628263
Cayuga,2020-07-24T00:00:00.000,2,139,260,18350,18350,139,2020-07-24,2,260,0.00769230769230769,0.00444721405554873,2.13894346105054
Cayuga,2020-07-25T00:00:00.000,0,139,438,18788,18788,139,2020-07-25,0,438,0,0.00448903110029737,0
Cayuga,2020-07-26T00:00:00.000,1,140,238,19026,19026,140,2020-07-26,1,238,0.00420168067226891,0.00452270574465903,1.06731153170954
Cayuga,2020-07-27T00:00:00.000,0,140,168,19194,19194,140,2020-07-27,0,168,0,0.00454800475957741,0
Cayuga,2020-07-28T00:00:00.000,1,141,236,19430,19430,141,2020-07-28,1,236,0.00423728813559322,0.00456482425292222,1.06841468386384
Cayuga,2020-07-29T00:00:00.000,0,141,205,19635,19635,141,2020-07-29,0,205,0,0.00457319056766098,0
Cayuga,2020-07-30T00:00:00.000,2,143,152,19787,19787,143,2020-07-30,2,152,0.0131578947368421,0.00457325764862873,2.15017809774039
Cayuga,2020-07-31T00:00:00.000,1,144,236,20023,20023,144,2020-07-31,1,236,0.00423728813559322,0.00456530105278557,1.07918058807655
Cayuga,2020-08-01T00:00:00.000,4,148,115,20138,20138,148,2020-08-01,4,115,0.0347826086956522,0.0045497089261678,4.33142775559795
Cayuga,2020-08-02T00:00:00.000,0,148,85,20223,20223,148,2020-08-02,0,85,0,0.00452697039511433,0
Cayuga,2020-08-03T00:00:00.000,2,150,541,20764,20764,150,2020-08-03,2,541,0.00369685767097967,0.00449766191239543,2.17264607172295
Cayuga,2020-08-04T00:00:00.000,0,150,257,21021,21021,150,2020-08-04,0,257,0,0.00446243215633849,0
Cayuga,2020-08-05T00:00:00.000,1,151,262,21283,21283,151,2020-08-05,1,262,0.00381679389312977,0.00442198610199474,1.08647572359901
Cayuga,2020-08-06T00:00:00.000,0,151,233,21516,21516,151,2020-08-06,0,233,0,0.00437706886940033,0
Cayuga,2020-08-07T00:00:00.000,0,151,155,21671,21671,151,2020-08-07,0,155,0,0.00432844990888967,0
Cayuga,2020-08-08T00:00:00.000,1,152,109,21780,21780,152,2020-08-08,1,109,0.00917431192660551,0.00427690801366518,1.08328121924391
Cayuga,2020-08-09T00:00:00.000,0,152,60,21840,21840,152,2020-08-09,0,60,0,0.00422321756216485,0
Cayuga,2020-08-10T00:00:00.000,5,157,628,22468,22468,157,2020-08-10,5,628,0.00796178343949045,0.00416813629459842,5.41173401342499
Cayuga,2020-08-11T00:00:00.000,4,161,304,22772,22772,161,2020-08-11,4,304,0.0131578947368421,0.00411239482697106,4.32310223168315
Cayuga,2020-08-12T00:00:00.000,1,162,193,22965,22965,162,2020-08-12,1,193,0.00518134715025907,0.00405668800790383,1.07853896597822
Cayuga,2020-08-13T00:00:00.000,1,163,175,23140,23140,163,2020-08-13,1,175,0.00571428571428571,0.00400166813402964,1.07569937696434
Cayuga,2020-08-14T00:00:00.000,0,163,224,23364,23364,163,2020-08-14,0,224,0,0.00394793996251238,0
Cayuga,2020-08-15T00:00:00.000,1,164,131,23495,23495,164,2020-08-15,1,131,0.00763358778625954,0.00389605739659535,1.07150342496099
Cayuga,2020-08-16T00:00:00.000,0,164,374,23869,23869,164,2020-08-16,0,374,0,0.00384652167281284,0
Cayuga,2020-08-17T00:00:00.000,0,164,221,24090,24090,164,2020-08-17,0,221,0,0.00379978084698118,0
Cayuga,2020-08-18T00:00:00.000,0,164,224,24314,24314,164,2020-08-18,0,224,0,0.00375623035849662,0
Cayuga,2020-08-19T00:00:00.000,0,164,291,24605,24605,164,2020-08-19,0,291,0,0.00371621444760334,0
Cayuga,2020-08-20T00:00:00.000,0,164,427,25032,25032,164,2020-08-20,0,427,0,0.00368002820591911,0
Cayuga,2020-08-21T00:00:00.000,2,166,280,25312,25312,166,2020-08-21,2,280,0.00714285714285714,0.00364792005414476,2.14928200559971
Cayuga,2020-08-22T00:00:00.000,1,167,168,25480,25480,167,2020-08-22,1,168,0.00595238095238095,0.00362009446053731,1.0743506602918
Cayuga,2020-08-23T00:00:00.000,0,167,67,25547,25547,167,2020-08-23,0,67,0,0.00359671473755924,0
Cayuga,2020-08-24T00:00:00.000,7,174,532,26079,26079,174,2020-08-24,7,532,0.0131578947368421,0.0035779057797707,7.493747560339
Cayuga,2020-08-25T00:00:00.000,1,175,212,26291,26291,175,2020-08-25,1,212,0.00471698113207547,0.00356375663300727,1.06713063522408
Cayuga,2020-08-26T00:00:00.000,1,176,229,26520,26520,176,2020-08-26,1,229,0.00436681222707424,0.00355432281128537,1.06526146760289
Cayuga,2020-08-27T00:00:00.000,1,177,233,26753,26753,177,2020-08-27,1,233,0.00429184549356223,0.00354962830357306,1.06405815113989
Cayuga,2020-08-28T00:00:00.000,0,177,675,27428,27428,177,2020-08-28,0,675,0,0.00354966723663518,0
Cayuga,2020-08-29T00:00:00.000,0,177,374,27802,27802,177,2020-08-29,0,374,0,0.0035544051827621,0
Cayuga,2020-08-30T00:00:00.000,1,178,74,27876,27876,178,2020-08-30,1,74,0.0135135135135135,0.00356378012166094,1.06231951995948
Cayuga,2020-08-31T00:00:00.000,2,180,245,28121,28121,180,2020-08-31,2,245,0.00816326530612245,0.00357770308470482,2.12653120061776
Cayuga,2020-09-01T00:00:00.000,0,180,204,28325,28325,180,2020-09-01,0,204,0,0.00359605852653239,0
Cayuga,2020-09-02T00:00:00.000,1,181,351,28676,28676,181,2020-09-02,1,351,0.00284900284900285,0.00361870448402561,1.07481016103514
Cayuga,2020-09-03T00:00:00.000,0,181,253,28929,28929,181,2020-09-03,0,253,0,0.00364547259563575,0
Cayuga,2020-09-04T00:00:00.000,1,182,539,29468,29468,182,2020-09-04,1,539,0.00185528756957328,0.00367616806491551,1.08904300008272
Cayuga,2020-09-05T00:00:00.000,1,183,179,29647,29647,183,2020-09-05,1,179,0.00558659217877095,0.00371056966046457,1.09344657135143
Cayuga,2020-09-06T00:00:00.000,0,183,89,29736,29736,183,2020-09-06,0,89,0,0.00374842985019174,0
Cayuga,2020-09-07T00:00:00.000,1,184,155,29891,29891,184,2020-09-07,1,155,0.00645161290322581,0.00378947517020171,1.10126702623143
Cayuga,2020-09-08T00:00:00.000,1,185,114,30005,30005,185,2020-09-08,1,114,0.0087719298245614,0.00383340692752816,1.10476484608723
Cayuga,2020-09-09T00:00:00.000,0,185,178,30183,30183,185,2020-09-09,0,178,0,0.00387990233058995,0
Cayuga,2020-09-10T00:00:00.000,0,185,511,30694,30694,185,2020-09-10,0,511,0,0.00392861613173904,0
Cayuga,2020-09-11T00:00:00.000,2,187,637,31331,31331,187,2020-09-11,2,637,0.00313971742543171,0.00397918285182751,2.23619201421455
Cayuga,2020-09-12T00:00:00.000,3,190,263,31594,31594,190,2020-09-12,3,263,0.0114068441064639,0.00403121963783148,3.37730068930921
Cayuga,2020-09-13T00:00:00.000,0,190,86,31680,31680,190,2020-09-13,0,86,0,0.00408432978106408,0
Cayuga,2020-09-14T00:00:00.000,1,191,286,31966,31966,191,2020-09-14,1,286,0.0034965034965035,0.00413810689622163,1.14044853963258
Cayuga,2020-09-15T00:00:00.000,2,193,172,32138,32138,193,2020-09-15,2,172,0.0116279069767442,0.00419213973104244,2.2944988280191
Cayuga,2020-09-16T00:00:00.000,1,194,391,32529,32529,194,2020-09-16,1,391,0.00255754475703325,0.00424601754411193,1.15354035109769
Cayuga,2020-09-17T00:00:00.000,1,195,356,32885,32885,195,2020-09-17,1,356,0.00280898876404494,0.004299335955705,1.15920256025663
Cayuga,2020-09-18T00:00:00.000,1,196,806,33691,33691,196,2020-09-18,1,806,0.00124069478908189,0.00435170314512127,1.16411370197151
Cayuga,2020-09-19T00:00:00.000,3,199,344,34035,34035,199,2020-09-19,3,344,0.00872093023255814,0.00440274623985773,3.50444912735329
Cayuga,2020-09-20T00:00:00.000,0,199,119,34154,34154,199,2020-09-20,0,119,0,0.00445211771843227,0
Cayuga,2020-09-21T00:00:00.000,3,202,304,34458,34458,202,2020-09-21,3,304,0.00986842105263158,0.00449950163215232,3.51677485846152
Cayuga,2020-09-22T00:00:00.000,2,204,257,34715,34715,204,2020-09-22,2,257,0.00778210116731518,0.00454461944198794,2.34457337499706
Cayuga,2020-09-23T00:00:00.000,1,205,355,35070,35070,205,2020-09-23,1,355,0.0028169014084507,0.00458723526679287,1.17094537594276
Cayuga,2020-09-24T00:00:00.000,3,208,600,35670,35670,208,2020-09-24,3,600,0.005,0.00462716034808102,3.52336583113825
Cayuga,2020-09-25T00:00:00.000,3,211,676,36346,36346,211,2020-09-25,3,676,0.00443786982248521,0.0046642565543345,3.52610628665829
Cayuga,2020-09-26T00:00:00.000,4,215,378,36724,36724,215,2020-09-26,4,378,0.0105820105820106,0.00469843877368889,4.69938561267256
Cayuga,2020-09-27T00:00:00.000,3,218,376,37100,37100,218,2020-09-27,3,376,0.00797872340425532,0.0047296760758593,3.51900227701922
Cayuga,2020-09-28T00:00:00.000,1,219,207,37307,37307,219,2020-09-28,1,207,0.00483091787439614,0.00475799156053805,1.16908520170944
Cayuga,2020-09-29T00:00:00.000,1,220,422,37729,37729,220,2020-09-29,1,422,0.0023696682464455,0.00478346084798415,1.163614164506
Cayuga,2020-09-30T00:00:00.000,1,221,418,38147,38147,221,2020-09-30,1,418,0.00239234449760766,0.00480620920494987,1.15677397138835
Cayuga,2020-10-01T00:00:00.000,3,224,529,38676,38676,224,2020-10-01,3,529,0.0056710775047259,0.00482640733368691,3.44585395113729
Cayuga,2020-10-02T00:00:00.000,4,228,526,39202,39202,228,2020-10-02,4,526,0.00760456273764259,0.00484426588048145,4.56868888934042
Cayuga,2020-10-03T00:00:00.000,3,231,337,39539,39539,231,2020-10-03,3,337,0.00890207715133531,0.00486002874141865,3.43401841295451
Cayuga,2020-10-04T00:00:00.000,0,231,418,39957,39957,231,2020-10-04,0,418,0,0.00487396525544967,0
Cayuga,2020-10-05T00:00:00.000,1,232,412,40369,40369,232,2020-10-05,1,412,0.00242718446601942,0.00488636137746163,1.15848610856638
Cayuga,2020-10-06T00:00:00.000,2,234,356,40725,40725,234,2020-10-06,2,356,0.00561797752808989,0.00489750991709404,2.33170710024336
Cayuga,2020-10-07T00:00:00.000,3,237,344,41069,41069,237,2020-10-07,3,344,0.00872093023255814,0.00490769991322313,3.51968317906631
Cayuga,2020-10-08T00:00:00.000,3,240,595,41664,41664,240,2020-10-08,3,595,0.00504201680672269,0.00491720519105025,3.54177585844336
Cayuga,2020-10-09T00:00:00.000,1,241,920,42584,42584,241,2020-10-09,1,920,0.00108695652173913,0.00492627212078599,1.18793303059881
Cayuga,2020-10-10T00:00:00.000,3,244,275,42859,42859,244,2020-10-10,3,275,0.0109090909090909,0.0049351065674062,3.58572355331576
Cayuga,2020-10-11T00:00:00.000,2,246,437,43296,43296,246,2020-10-11,2,437,0.0045766590389016,0.00494385999360542,2.40501948100272
Chautauqua,2020-03-01T00:00:00.000,0,0,0,0,0,0,2020-03-01,0,0,0,5.18399708545264e-08,0
Chautauqua,2020-03-02T00:00:00.000,0,0,0,0,0,0,2020-03-02,0,0,0,1.10341067015733e-07,0
Chautauqua,2020-03-03T00:00:00.000,0,0,0,0,0,0,2020-03-03,0,0,0,2.34709198940687e-07,0
Chautauqua,2020-03-04T00:00:00.000,0,0,0,0,0,0,2020-03-04,0,0,0,4.98413853797278e-07,0
Chautauqua,2020-03-05T00:00:00.000,0,0,0,0,0,0,2020-03-05,0,0,0,1.0550617953284e-06,0
Chautauqua,2020-03-06T00:00:00.000,0,0,0,0,0,0,2020-03-06,0,0,0,2.2222688649413e-06,0
Chautauqua,2020-03-07T00:00:00.000,0,0,0,0,0,0,2020-03-07,0,0,0,4.64749880077278e-06,0
Chautauqua,2020-03-08T00:00:00.000,0,0,0,0,0,0,2020-03-08,0,0,0,9.62755015176523e-06,0
Chautauqua,2020-03-09T00:00:00.000,0,0,0,0,0,0,2020-03-09,0,0,0,1.97050992123969e-05,0
Chautauqua,2020-03-10T00:00:00.000,0,0,0,0,0,0,2020-03-10,0,0,0,3.9741822216583e-05,0
Chautauqua,2020-03-11T00:00:00.000,0,0,0,0,0,0,2020-03-11,0,0,0,7.87651515880338e-05,0
Chautauqua,2020-03-12T00:00:00.000,0,0,1,1,1,0,2020-03-12,0,1,0,0.000152982290919209,0
Chautauqua,2020-03-13T00:00:00.000,0,0,1,2,2,0,2020-03-13,0,1,0,0.000290392150406928,0
Chautauqua,2020-03-14T00:00:00.000,0,0,0,2,2,0,2020-03-14,0,0,0,0.000537292998301468,0
Chautauqua,2020-03-15T00:00:00.000,0,0,1,3,3,0,2020-03-15,0,1,0,0.000966520872364888,0
Chautauqua,2020-03-16T00:00:00.000,0,0,0,3,3,0,2020-03-16,0,0,0,0.00168629951524311,0
Chautauqua,2020-03-17T00:00:00.000,0,0,0,3,3,0,2020-03-17,0,0,0,0.00284709624734429,0
Chautauqua,2020-03-18T00:00:00.000,0,0,3,6,6,0,2020-03-18,0,3,0,0.00464213787737966,0
Chautauqua,2020-03-19T00:00:00.000,0,0,1,7,7,0,2020-03-19,0,1,0,0.00729603608482554,0
Chautauqua,2020-03-20T00:00:00.000,0,0,2,9,9,0,2020-03-20,0,2,0,0.011036590837429,0
Chautauqua,2020-03-21T00:00:00.000,0,0,4,13,13,0,2020-03-21,0,4,0,0.0160485740023316,0
Chautauqua,2020-03-22T00:00:00.000,0,0,12,25,25,0,2020-03-22,0,12,0,0.0224153514017977,0
Chautauqua,2020-03-23T00:00:00.000,0,0,4,29,29,0,2020-03-23,0,4,0,0.0300625196365495,0
Chautauqua,2020-03-24T00:00:00.000,1,1,3,32,32,1,2020-03-24,1,3,0.333333333333333,0.0387229329881516,1.09469745809877
Chautauqua,2020-03-25T00:00:00.000,0,1,4,36,36,1,2020-03-25,0,4,0,0.0479400615631533,0
Chautauqua,2020-03-26T00:00:00.000,0,1,20,56,56,1,2020-03-26,0,20,0,0.0571155609182257,0
Chautauqua,2020-03-27T00:00:00.000,4,5,19,75,75,5,2020-03-27,4,19,0.210526315789474,0.0655917555016594,4.38372574186724
Chautauqua,2020-03-28T00:00:00.000,0,5,20,95,95,5,2020-03-28,0,20,0,0.0727480761092488,0
Chautauqua,2020-03-29T00:00:00.000,0,5,3,98,98,5,2020-03-29,0,3,0,0.078087787274812,0
Chautauqua,2020-03-30T00:00:00.000,1,6,9,107,107,6,2020-03-30,1,9,0.111111111111111,0.0812973735241026,1.10700480848857
Chautauqua,2020-03-31T00:00:00.000,0,6,9,116,116,6,2020-03-31,0,9,0,0.0822710878008736,0
Chautauqua,2020-04-01T00:00:00.000,2,8,8,124,124,8,2020-04-01,2,8,0.25,0.0811023689461507,2.21972114015054
Chautauqua,2020-04-02T00:00:00.000,1,9,15,139,139,9,2020-04-02,1,15,0.0666666666666667,0.0780495744312653,1.09148350769228
Chautauqua,2020-04-03T00:00:00.000,1,10,20,159,159,10,2020-04-03,1,20,0.05,0.0734858286349649,1.07271988349592
Chautauqua,2020-04-04T00:00:00.000,1,11,28,187,187,11,2020-04-04,1,28,0.0357142857142857,0.0678429334578187,1.06199493455012
Chautauqua,2020-04-05T00:00:00.000,4,15,50,237,237,15,2020-04-05,4,50,0.08,0.0615581772493747,4.19643025464308
Chautauqua,2020-04-06T00:00:00.000,1,16,37,274,274,16,2020-04-06,1,37,0.027027027027027,0.0550308901785455,1.04254191752789
Chautauqua,2020-04-07T00:00:00.000,1,17,6,280,280,17,2020-04-07,1,6,0.166666666666667,0.0485928982570737,1.03744130159333
Chautauqua,2020-04-08T00:00:00.000,1,18,32,312,312,18,2020-04-08,1,32,0.03125,0.0424939915738569,1.03157703814076
Chautauqua,2020-04-09T00:00:00.000,2,20,54,366,366,20,2020-04-09,2,54,0.037037037037037,0.0369007669472222,2.05063115724533
Chautauqua,2020-04-10T00:00:00.000,1,21,67,433,433,21,2020-04-10,1,67,0.0149253731343284,0.0319053403844302,1.01882171453023
Chautauqua,2020-04-11T00:00:00.000,1,22,39,472,472,22,2020-04-11,1,39,0.0256410256410256,0.0275397412743131,1.0131264001946
Chautauqua,2020-04-12T00:00:00.000,1,23,25,497,497,23,2020-04-12,1,25,0.04,0.0237921701637428,1.01199423718625
Chautauqua,2020-04-13T00:00:00.000,0,23,8,505,505,23,2020-04-13,0,8,0,0.0206223141659267,0
Chautauqua,2020-04-14T00:00:00.000,1,24,19,524,524,24,2020-04-14,1,19,0.0526315789473684,0.0179741039225625,1.00976027753464
Chautauqua,2020-04-15T00:00:00.000,0,24,29,553,553,24,2020-04-15,0,29,0,0.0157853231712127,0
Chautauqua,2020-04-16T00:00:00.000,1,25,32,585,585,25,2020-04-16,1,32,0.03125,0.0139941886481705,1.00439164574968
Chautauqua,2020-04-17T00:00:00.000,0,25,22,607,607,25,2020-04-17,0,22,0,0.012543397256953,0
Chautauqua,2020-04-18T00:00:00.000,0,25,20,627,627,25,2020-04-18,0,20,0,0.0113822636767242,0
Chautauqua,2020-04-19T00:00:00.000,0,25,9,636,636,25,2020-04-19,0,9,0,0.0104675408020404,0
Chautauqua,2020-04-20T00:00:00.000,0,25,3,639,639,25,2020-04-20,0,3,0,0.00976340935067919,0
Chautauqua,2020-04-21T00:00:00.000,1,26,26,665,665,26,2020-04-21,1,26,0.0384615384615385,0.00924099681139441,0.99418365095796
Chautauqua,2020-04-22T00:00:00.000,0,26,38,703,703,26,2020-04-22,0,38,0,0.00887766992612513,0
Chautauqua,2020-04-23T00:00:00.000,1,27,74,777,777,27,2020-04-23,1,74,0.0135135135135135,0.0086562513599695,0.995159878347768
Chautauqua,2020-04-24T00:00:00.000,0,27,97,874,874,27,2020-04-24,0,97,0,0.00856424179540449,0
Chautauqua,2020-04-25T00:00:00.000,2,29,56,930,930,29,2020-04-25,2,56,0.0357142857142857,0.00859308011392648,1.99834577910998
Chautauqua,2020-04-26T00:00:00.000,1,30,101,1031,1031,30,2020-04-26,1,101,0.0099009900990099,0.00873744177269989,1.00195383839216
Chautauqua,2020-04-27T00:00:00.000,0,30,26,1057,1057,30,2020-04-27,0,26,0,0.00899455463325639,0
Chautauqua,2020-04-28T00:00:00.000,1,31,64,1121,1121,31,2020-04-28,1,64,0.015625,0.0093634992111359,1.0086539551421
Chautauqua,2020-04-29T00:00:00.000,2,33,39,1160,1160,33,2020-04-29,2,39,0.0512820512820513,0.00984445504262329,2.03186617255283
Chautauqua,2020-04-30T00:00:00.000,2,35,47,1207,1207,35,2020-04-30,2,47,0.0425531914893617,0.0104378564109492,2.05767944947356
Chautauqua,2020-05-01T00:00:00.000,0,35,53,1260,1260,35,2020-05-01,0,53,0,0.0111434299683922,0
Chautauqua,2020-05-02T00:00:00.000,1,36,18,1278,1278,36,2020-05-02,1,18,0.0555555555555556,0.0119591053109858,1.05565774577433
Chautauqua,2020-05-03T00:00:00.000,1,37,9,1287,1287,37,2020-05-03,1,9,0.111111111111111,0.0128798184168622,1.06737865548247
Chautauqua,2020-05-04T00:00:00.000,0,37,54,1341,1341,37,2020-05-04,0,54,0,0.0138962667659901,0
Chautauqua,2020-05-05T00:00:00.000,1,38,88,1429,1429,38,2020-05-05,1,88,0.0113636363636364,0.0149937209314437,1.08675090128005
Chautauqua,2020-05-06T00:00:00.000,2,40,80,1509,1509,40,2020-05-06,2,80,0.025,0.0161510437561277,2.19131915019916
Chautauqua,2020-05-07T00:00:00.000,0,40,51,1560,1560,40,2020-05-07,0,51,0,0.0173401044061572,0
Chautauqua,2020-05-08T00:00:00.000,0,40,97,1657,1657,40,2020-05-08,0,97,0,0.0185257873289139,0
Chautauqua,2020-05-09T00:00:00.000,1,41,58,1715,1715,41,2020-05-09,1,58,0.0172413793103448,0.0196667724803061,1.13749758602092
Chautauqua,2020-05-10T00:00:00.000,0,41,27,1742,1742,41,2020-05-10,0,27,0,0.0207171947045871,0
Chautauqua,2020-05-11T00:00:00.000,1,42,49,1791,1791,42,2020-05-11,1,49,0.0204081632653061,0.0216291776072128,1.16351453973984
Chautauqua,2020-05-12T00:00:00.000,1,43,125,1916,1916,43,2020-05-12,1,125,0.008,0.0223560936745688,1.17758009778386
Chautauqua,2020-05-13T00:00:00.000,1,44,125,2041,2041,44,2020-05-13,1,125,0.008,0.0228562528414833,1.19441531516463
Chautauqua,2020-05-14T00:00:00.000,1,45,139,2180,2180,45,2020-05-14,1,139,0.00719424460431655,0.0230965988804127,1.21298869947818
Chautauqua,2020-05-15T00:00:00.000,3,48,60,2240,2240,48,2020-05-15,3,60,0.05,0.0230559293170623,3.68831366387505
Chautauqua,2020-05-16T00:00:00.000,0,48,91,2331,2331,48,2020-05-16,0,91,0,0.0227271731091755,0
Chautauqua,2020-05-17T00:00:00.000,1,49,63,2394,2394,49,2020-05-17,1,63,0.0158730158730159,0.0221183669389974,1.24929775900363
Chautauqua,2020-05-18T00:00:00.000,0,49,98,2492,2492,49,2020-05-18,0,98,0,0.0212521512837061,0
Chautauqua,2020-05-19T00:00:00.000,1,50,90,2582,2582,50,2020-05-19,1,90,0.0111111111111111,0.0201638284584576,1.25504957004116
Chautauqua,2020-05-20T00:00:00.000,8,58,273,2855,2855,58,2020-05-20,8,273,0.0293040293040293,0.0188982426883865,10.0448714929269
Chautauqua,2020-05-21T00:00:00.000,5,63,190,3045,3045,63,2020-05-21,5,190,0.0263157894736842,0.0175059122491407,6.28230742991139
Chautauqua,2020-05-22T00:00:00.000,9,72,217,3262,3262,72,2020-05-22,9,217,0.0414746543778802,0.0160389320901665,11.2923153995607
Chautauqua,2020-05-23T00:00:00.000,3,75,134,3396,3396,75,2020-05-23,3,134,0.0223880597014925,0.014547157693982,3.75100863161045
Chautauqua,2020-05-24T00:00:00.000,0,75,38,3434,3434,75,2020-05-24,0,38,0,0.0130750856182327,0
Chautauqua,2020-05-25T00:00:00.000,2,77,94,3528,3528,77,2020-05-25,2,94,0.0212765957446809,0.011659691215431,2.46824242777954
Chautauqua,2020-05-26T00:00:00.000,1,78,145,3673,3673,78,2020-05-26,1,145,0.00689655172413793,0.0103293079483487,1.22313623094198
Chautauqua,2020-05-27T00:00:00.000,3,81,129,3802,3802,81,2020-05-27,3,129,0.0232558139534884,0.00910347357184063,3.63706949647292
Chautauqua,2020-05-28T00:00:00.000,1,82,637,4439,4439,82,2020-05-28,1,637,0.00156985871271586,0.00799355371877505,1.20017061823459
Chautauqua,2020-05-29T00:00:00.000,1,83,272,4711,4711,83,2020-05-29,1,272,0.00367647058823529,0.00700389519284723,1.1868268993278
Chautauqua,2020-05-30T00:00:00.000,1,84,637,5348,5348,84,2020-05-30,1,637,0.00156985871271586,0.00613325640441073,1.17983973895936
Chautauqua,2020-05-31T00:00:00.000,1,85,253,5601,5601,85,2020-05-31,1,253,0.00395256916996047,0.00537629726038593,1.17809188478488
Chautauqua,2020-06-01T00:00:00.000,1,86,184,5785,5785,86,2020-06-01,1,184,0.00543478260869565,0.00472496753387039,1.17706092099425
Chautauqua,2020-06-02T00:00:00.000,3,89,277,6062,6062,89,2020-06-02,3,277,0.0108303249097473,0.00416969467668518,3.52615360350953
Chautauqua,2020-06-03T00:00:00.000,6,95,604,6666,6666,95,2020-06-03,6,604,0.00993377483443709,0.00370032715954771,7.03882298042936
Chautauqua,2020-06-04T00:00:00.000,2,97,522,7188,7188,97,2020-06-04,2,522,0.00383141762452107,0.00330683131202215,2.33233634307213
Chautauqua,2020-06-05T00:00:00.000,2,99,364,7552,7552,99,2020-06-05,2,364,0.00549450549450549,0.0029797666972896,2.31751683040834
Chautauqua,2020-06-06T00:00:00.000,2,101,1131,8683,8683,101,2020-06-06,2,1131,0.0017683465959328,0.00271057892408146,2.30301311003354
Chautauqua,2020-06-07T00:00:00.000,0,101,343,9026,9026,101,2020-06-07,0,343,0,0.00249175269156245,0
Chautauqua,2020-06-08T00:00:00.000,2,103,250,9276,9276,103,2020-06-08,2,250,0.008,0.00231686527994494,2.27582575838121
Chautauqua,2020-06-09T00:00:00.000,2,105,308,9584,9584,105,2020-06-09,2,308,0.00649350649350649,0.00218057465433847,2.26349746809994
Chautauqua,2020-06-10T00:00:00.000,1,106,778,10362,10362,106,2020-06-10,1,778,0.0012853470437018,0.00207856905147911,1.12609402540383
Chautauqua,2020-06-11T00:00:00.000,0,106,487,10849,10849,106,2020-06-11,0,487,0,0.00200749776733843,0
Chautauqua,2020-06-12T00:00:00.000,0,106,370,11219,11219,106,2020-06-12,0,370,0,0.00196489657734703,0
Chautauqua,2020-06-13T00:00:00.000,1,107,723,11942,11942,107,2020-06-13,1,723,0.00138312586445367,0.0019491160461044,1.11249562277366
Chautauqua,2020-06-14T00:00:00.000,0,107,261,12203,12203,107,2020-06-14,0,261,0,0.00195925687360878,0
Chautauqua,2020-06-15T00:00:00.000,1,108,607,12810,12810,108,2020-06-15,1,607,0.00164744645799012,0.00199511317955462,1.10620392096133
Chautauqua,2020-06-16T00:00:00.000,0,108,439,13249,13249,108,2020-06-16,0,439,0,0.00205712199920164,0
Chautauqua,2020-06-17T00:00:00.000,2,110,511,13760,13760,110,2020-06-17,2,511,0.00391389432485323,0.00214631502111069,2.20357764606325
Chautauqua,2020-06-18T00:00:00.000,2,112,407,14167,14167,112,2020-06-18,2,407,0.00491400491400491,0.0022642665710074,2.2002616756909
Chautauqua,2020-06-19T00:00:00.000,3,115,281,14448,14448,115,2020-06-19,3,281,0.0106761565836299,0.00241302996875212,3.29622961453752
Chautauqua,2020-06-20T00:00:00.000,1,116,511,14959,14959,116,2020-06-20,1,511,0.00195694716242661,0.00259505271352446,1.09755125840388
Chautauqua,2020-06-21T00:00:00.000,0,116,318,15277,15277,116,2020-06-21,0,318,0,0.00281305970372322,0
Chautauqua,2020-06-22T00:00:00.000,0,116,393,15670,15670,116,2020-06-22,0,393,0,0.00306989325842075,0
Chautauqua,2020-06-23T00:00:00.000,2,118,316,15986,15986,118,2020-06-23,2,316,0.00632911392405063,0.00336829962823534,2.23615396903279
Chautauqua,2020-06-24T00:00:00.000,3,121,332,16318,16318,121,2020-06-24,3,332,0.00903614457831325,0.0037106546216414,3.38527172452768
Chautauqua,2020-06-25T00:00:00.000,1,122,586,16904,16904,122,2020-06-25,1,586,0.00170648464163823,0.00409862658145906,1.137710867164
Chautauqua,2020-06-26T00:00:00.000,1,123,207,17111,17111,123,2020-06-26,1,207,0.00483091787439614,0.0045327836407714,1.14489911283817
Chautauqua,2020-06-27T00:00:00.000,0,123,284,17395,17395,123,2020-06-27,0,284,0,0.00501216392894535,0
Chautauqua,2020-06-28T00:00:00.000,0,123,372,17767,17767,123,2020-06-28,0,372,0,0.00553384132943312,0
Chautauqua,2020-06-29T00:00:00.000,4,127,568,18335,18335,127,2020-06-29,4,568,0.00704225352112676,0.00609253367906216,4.65475018484911
Chautauqua,2020-06-30T00:00:00.000,0,127,492,18827,18827,127,2020-06-30,0,492,0,0.00668031207994078,0
Chautauqua,2020-07-01T00:00:00.000,0,127,292,19119,19119,127,2020-07-01,0,292,0,0.00728647569297814,0
Chautauqua,2020-07-02T00:00:00.000,2,129,227,19346,19346,129,2020-07-02,2,227,0.00881057268722467,0.00789765243655194,2.40260426000961
Chautauqua,2020-07-03T00:00:00.000,2,131,107,19453,19453,131,2020-07-03,2,107,0.0186915887850467,0.0084981699038772,2.41393561842155
Chautauqua,2020-07-04T00:00:00.000,1,132,287,19740,19740,132,2020-07-04,1,287,0.00348432055749129,0.0090707121721287,1.21145747851341
Chautauqua,2020-07-05T00:00:00.000,2,134,582,20322,20322,134,2020-07-05,2,582,0.00343642611683849,0.00959723967470611,2.42896457971752
Chautauqua,2020-07-06T00:00:00.000,1,135,428,20750,20750,135,2020-07-06,1,428,0.00233644859813084,0.0100601066876236,1.21619486051368
Chautauqua,2020-07-07T00:00:00.000,14,149,318,21068,21068,149,2020-07-07,14,318,0.0440251572327044,0.0104432723034166,17.0605315394817
Chautauqua,2020-07-08T00:00:00.000,3,152,193,21261,21261,152,2020-07-08,3,193,0.0155440414507772,0.0107334746074935,3.65875727343403
Chautauqua,2020-07-09T00:00:00.000,3,155,606,21867,21867,155,2020-07-09,3,606,0.00495049504950495,0.0109212310057107,3.65737819051096
Chautauqua,2020-07-10T00:00:00.000,15,170,352,22219,22219,170,2020-07-10,15,352,0.0426136363636364,0.0110015434564395,18.2588475511852
Chautauqua,2020-07-11T00:00:00.000,0,170,267,22486,22486,170,2020-07-11,0,267,0,0.0109742239993349,0
Chautauqua,2020-07-12T00:00:00.000,1,171,192,22678,22678,171,2020-07-12,1,192,0.00520833333333333,0.0108438070413402,1.20950799456982
Chautauqua,2020-07-13T00:00:00.000,9,180,573,23251,23251,180,2020-07-13,9,573,0.0157068062827225,0.0106190707429671,10.8341325807167
Chautauqua,2020-07-14T00:00:00.000,6,186,479,23730,23730,186,2020-07-14,6,479,0.0125260960334029,0.0103122400391154,7.18194040590835
Chautauqua,2020-07-15T00:00:00.000,5,191,575,24305,24305,191,2020-07-15,5,575,0.00869565217391304,0.00993797958055926,5.94613023364194
Chautauqua,2020-07-16T00:00:00.000,1,192,670,24975,24975,192,2020-07-16,1,670,0.00149253731343284,0.00951230096575734,1.18171028045004
Chautauqua,2020-07-17T00:00:00.000,2,194,275,25250,25250,194,2020-07-17,2,275,0.00727272727272727,0.00905150439892951,2.3547994133579
Chautauqua,2020-07-18T00:00:00.000,0,194,295,25545,25545,194,2020-07-18,0,295,0,0.00857125375095557,0
Chautauqua,2020-07-19T00:00:00.000,0,194,199,25744,25744,194,2020-07-19,0,199,0,0.00808585213812524,0
Chautauqua,2020-07-20T00:00:00.000,12,206,769,26513,26513,206,2020-07-20,12,769,0.0156046814044213,0.0076077497354174,13.8947663021583
Chautauqua,2020-07-21T00:00:00.000,4,210,692,27205,27205,210,2020-07-21,4,692,0.00578034682080925,0.00714728304770579,4.58171059320543
Chautauqua,2020-07-22T00:00:00.000,2,212,385,27590,27590,212,2020-07-22,2,385,0.00519480519480519,0.00671261973501867,2.26299229728254
Chautauqua,2020-07-23T00:00:00.000,0,212,629,28219,28219,212,2020-07-23,0,629,0,0.00630986745130215,0
Chautauqua,2020-07-24T00:00:00.000,4,216,408,28627,28627,216,2020-07-24,4,408,0.00980392156862745,0.00594329883972174,4.40375606238776
Chautauqua,2020-07-25T00:00:00.000,2,218,118,28745,28745,218,2020-07-25,2,118,0.0169491525423729,0.00561564618525896,2.17830676399239
Chautauqua,2020-07-26T00:00:00.000,0,218,57,28802,28802,218,2020-07-26,0,57,0,0.00532842576958424,0
Chautauqua,2020-07-27T00:00:00.000,1,219,339,29141,29141,219,2020-07-27,1,339,0.00294985250737463,0.00508226118153841,1.08046544264815
Chautauqua,2020-07-28T00:00:00.000,4,223,386,29527,29527,223,2020-07-28,4,386,0.0103626943005181,0.00487718459220039,4.30203909386246
Chautauqua,2020-07-29T00:00:00.000,1,224,471,29998,29998,224,2020-07-29,1,471,0.00212314225053079,0.00471290382469458,1.07383892154485
Chautauqua,2020-07-30T00:00:00.000,4,228,422,30420,30420,228,2020-07-30,4,422,0.00947867298578199,0.00458903010295903,4.3018370246805
Chautauqua,2020-07-31T00:00:00.000,3,231,729,31149,31149,231,2020-07-31,3,729,0.00411522633744856,0.00450526638307669,3.23325892304383
Chautauqua,2020-08-01T00:00:00.000,1,232,262,31411,31411,232,2020-08-01,1,262,0.00381679389312977,0.00446155921013528,1.08074040533812
Chautauqua,2020-08-02T00:00:00.000,2,234,230,31641,31641,234,2020-08-02,2,230,0.00869565217391304,0.00445821841097292,2.16775801398753
Chautauqua,2020-08-03T00:00:00.000,7,241,295,31936,31936,241,2020-08-03,7,295,0.023728813559322,0.00449600896516133,7.60398173865091
Chautauqua,2020-08-04T00:00:00.000,0,241,298,32234,32234,241,2020-08-04,0,298,0,0.00457621843495986,0
Chautauqua,2020-08-05T00:00:00.000,3,244,232,32466,32466,244,2020-08-05,3,232,0.0129310344827586,0.00470070166634108,3.27941072858652
Chautauqua,2020-08-06T00:00:00.000,5,249,330,32796,32796,249,2020-08-06,5,330,0.0151515151515152,0.00487190232143072,5.48703254684009
Chautauqua,2020-08-07T00:00:00.000,4,253,530,33326,33326,253,2020-08-07,4,530,0.00754716981132075,0.0050928483414481,4.40572851663061
Chautauqua,2020-08-08T00:00:00.000,0,253,350,33676,33676,253,2020-08-08,0,350,0,0.00536711586219656,0
Chautauqua,2020-08-09T00:00:00.000,4,257,418,34094,34094,257,2020-08-09,4,418,0.00956937799043062,0.00569875362024486,4.46458686841343
Chautauqua,2020-08-10T00:00:00.000,1,258,706,34800,34800,258,2020-08-10,1,706,0.00141643059490085,0.00609215779419877,1.12421496406242
Chautauqua,2020-08-11T00:00:00.000,0,258,949,35749,35749,258,2020-08-11,0,949,0,0.00655188595895443,0
Chautauqua,2020-08-12T00:00:00.000,2,260,530,36279,36279,260,2020-08-12,2,530,0.00377358490566038,0.0070823989280516,2.28069239032098
Chautauqua,2020-08-13T00:00:00.000,0,260,376,36655,36655,260,2020-08-13,0,376,0,0.00768772139237841,0
Chautauqua,2020-08-14T00:00:00.000,3,263,396,37051,37051,263,2020-08-14,3,396,0.00757575757575758,0.00837101712523002,3.46797481733899
Chautauqua,2020-08-15T00:00:00.000,0,263,194,37245,37245,263,2020-08-15,0,194,0,0.00913408267946987,0
Chautauqua,2020-08-16T00:00:00.000,2,265,167,37412,37412,265,2020-08-16,2,167,0.0119760479041916,0.0099767751596553,2.35442245585253
Chautauqua,2020-08-17T00:00:00.000,6,271,1028,38440,38440,271,2020-08-17,6,1028,0.00583657587548638,0.0108964044388423,7.14498939603021
Chautauqua,2020-08-18T00:00:00.000,1,272,259,38699,38699,272,2020-08-18,1,259,0.00386100386100386,0.0118871367846419,1.20406356149099
Chautauqua,2020-08-19T00:00:00.000,3,275,238,38937,38937,275,2020-08-19,3,238,0.0126050420168067,0.0129394729773112,3.65000275482883
Chautauqua,2020-08-20T00:00:00.000,3,278,497,39434,39434,278,2020-08-20,3,497,0.00603621730382294,0.0140398763776917,3.68537135700764
Chautauqua,2020-08-21T00:00:00.000,9,287,393,39827,39827,287,2020-08-21,9,393,0.0229007633587786,0.0151706311942852,11.1532580455093
Chautauqua,2020-08-22T00:00:00.000,2,289,308,40135,40135,289,2020-08-22,2,308,0.00649350649350649,0.0163100048140968,2.49775288562627
Chautauqua,2020-08-23T00:00:00.000,0,289,587,40722,40722,289,2020-08-23,0,587,0,0.0174327681356841,0
Chautauqua,2020-08-24T00:00:00.000,16,305,415,41137,41137,305,2020-08-24,16,415,0.0385542168674699,0.018511094177368,20.1883730281972
Chautauqua,2020-08-25T00:00:00.000,5,310,204,41341,41341,310,2020-08-25,5,204,0.0245098039215686,0.0195158107733664,6.32463472442293
Chautauqua,2020-08-26T00:00:00.000,30,340,683,42024,42024,340,2020-08-26,30,683,0.0439238653001464,0.0204179336934987,38.0629956087215
Chautauqua,2020-08-27T00:00:00.000,15,355,665,42689,42689,355,2020-08-27,15,665,0.0225563909774436,0.021190360216393,19.0832424541295
Chautauqua,2020-08-28T00:00:00.000,18,373,492,43181,43181,373,2020-08-28,18,492,0.0365853658536585,0.0218095687806941,22.9372685014554
Chautauqua,2020-08-29T00:00:00.000,9,382,361,43542,43542,382,2020-08-29,9,361,0.0249307479224377,0.0222571553747113,11.4905317529262
Chautauqua,2020-08-30T00:00:00.000,12,394,676,44218,44218,394,2020-08-30,12,676,0.0177514792899408,0.0225210460267407,15.3286593654763
Chautauqua,2020-08-31T00:00:00.000,11,405,747,44965,44965,405,2020-08-31,11,747,0.0147255689424364,0.0225962571693309,14.0629900644179
Chautauqua,2020-09-01T00:00:00.000,23,428,653,45618,45618,428,2020-09-01,23,653,0.0352220520673813,0.0224851270797574,29.4678152768492
Chautauqua,2020-09-02T00:00:00.000,24,452,543,46161,46161,452,2020-09-02,24,543,0.0441988950276243,0.0221970038805013,30.9255284251665
Chautauqua,2020-09-03T00:00:00.000,12,464,557,46718,46718,464,2020-09-03,12,557,0.0215439856373429,0.0217474385192028,15.540404535416
Chautauqua,2020-09-04T00:00:00.000,7,471,459,47177,47177,471,2020-09-04,7,459,0.0152505446623094,0.0211569848353942,9.08131854336013
Chautauqua,2020-09-05T00:00:00.000,4,475,522,47699,47699,475,2020-09-05,4,522,0.00766283524904215,0.0204497454051753,5.1877888343033
Chautauqua,2020-09-06T00:00:00.000,1,476,430,48129,48129,476,2020-09-06,1,430,0.00232558139534884,0.0196518171324779,1.29525040731204
Chautauqua,2020-09-07T00:00:00.000,1,477,207,48336,48336,477,2020-09-07,1,207,0.00483091787439614,0.0187897842908463,1.29248915817931
Chautauqua,2020-09-08T00:00:00.000,1,478,261,48597,48597,478,2020-09-08,1,261,0.00383141762452107,0.017889382456204,1.28875656014247
Chautauqua,2020-09-09T00:00:00.000,14,492,530,49127,49127,492,2020-09-09,14,530,0.0264150943396226,0.0169744205456396,17.978308964006
Chautauqua,2020-09-10T00:00:00.000,4,496,399,49526,49526,496,2020-09-10,4,399,0.0100250626566416,0.0160660072178407,5.11536651958336
Chautauqua,2020-09-11T00:00:00.000,11,507,514,50040,50040,507,2020-09-11,11,514,0.0214007782101167,0.0151820888301328,14.0613022924258
Chautauqua,2020-09-12T00:00:00.000,8,515,376,50416,50416,515,2020-09-12,8,376,0.0212765957446809,0.0143372741541101,10.2244857457924
Chautauqua,2020-09-13T00:00:00.000,1,516,140,50556,50556,516,2020-09-13,1,140,0.00714285714285714,0.0135428989513027,1.27757217683828
Chautauqua,2020-09-14T00:00:00.000,7,523,420,50976,50976,523,2020-09-14,7,420,0.0166666666666667,0.0128072719788038,8.937976864005
Chautauqua,2020-09-15T00:00:00.000,4,527,630,51606,51606,527,2020-09-15,4,630,0.00634920634920635,0.0121360418295063,5.10366273649436
Chautauqua,2020-09-16T00:00:00.000,6,533,536,52142,52142,533,2020-09-16,6,536,0.0111940298507463,0.0115326289775501,7.64854268651768
Chautauqua,2020-09-17T00:00:00.000,2,535,463,52605,52605,535,2020-09-17,2,463,0.00431965442764579,0.0109986767885184,2.54673192809422
Chautauqua,2020-09-18T00:00:00.000,1,536,387,52992,52992,536,2020-09-18,1,387,0.00258397932816537,0.0105344865725593,1.27171798203923
Chautauqua,2020-09-19T00:00:00.000,1,537,388,53380,53380,537,2020-09-19,1,388,0.00257731958762887,0.0101394130334474,1.2697768973568
Chautauqua,2020-09-20T00:00:00.000,4,541,451,53831,53831,541,2020-09-20,4,451,0.00886917960088692,0.00981220634784785,5.06895259295524
Chautauqua,2020-09-21T00:00:00.000,6,547,607,54438,54438,547,2020-09-21,6,607,0.00988467874794069,0.0095512949720237,7.58340666660148
Chautauqua,2020-09-22T00:00:00.000,4,551,530,54968,54968,551,2020-09-22,4,530,0.00754716981132075,0.00935500887203651,5.04020838661606
Chautauqua,2020-09-23T00:00:00.000,3,554,276,55244,55244,554,2020-09-23,3,276,0.0108695652173913,0.00922174646010638,3.76690013722361
Chautauqua,2020-09-24T00:00:00.000,7,561,762,56006,56006,561,2020-09-24,7,762,0.00918635170603675,0.00915009040986432,8.80127532910452
Chautauqua,2020-09-25T00:00:00.000,7,568,502,56508,56508,568,2020-09-25,7,502,0.0139442231075697,0.00913887818958122,8.80001130609912
Chautauqua,2020-09-26T00:00:00.000,5,573,608,57116,57116,573,2020-09-26,5,608,0.00822368421052632,0.0091872330505682,6.28165690366994
Chautauqua,2020-09-27T00:00:00.000,5,578,343,57459,57459,578,2020-09-27,5,343,0.0145772594752187,0.00929456071644593,6.27491785082306
Chautauqua,2020-09-28T00:00:00.000,7,585,774,58233,58233,585,2020-09-28,7,774,0.00904392764857881,0.00946051649323795,8.76583559752399
Chautauqua,2020-09-29T00:00:00.000,5,590,486,58719,58719,590,2020-09-29,5,486,0.0102880658436214,0.00968494723319017,6.24330435770478
Chautauqua,2020-09-30T00:00:00.000,12,602,600,59319,59319,602,2020-09-30,12,600,0.02,0.00996781271900185,14.9317075015428
Chautauqua,2020-10-01T00:00:00.000,2,604,588,59907,59907,604,2020-10-01,2,588,0.00340136054421769,0.0103090917547509,2.47836490502734
Chautauqua,2020-10-02T00:00:00.000,7,611,1057,60964,60964,611,2020-10-02,7,1057,0.00662251655629139,0.0107086795908662,8.65526619376673
Chautauqua,2020-10-03T00:00:00.000,18,629,759,61723,61723,629,2020-10-03,18,759,0.0237154150197628,0.011166285248086,22.3913798738711
Chautauqua,2020-10-04T00:00:00.000,3,632,390,62113,62113,632,2020-10-04,3,390,0.00769230769230769,0.0116813397172353,3.76888126555636
Chautauqua,2020-10-05T00:00:00.000,4,636,278,62391,62391,636,2020-10-05,4,278,0.0143884892086331,0.0122529286378238,5.08014670421601
Chautauqua,2020-10-06T00:00:00.000,5,641,423,62814,62814,641,2020-10-06,5,423,0.0118203309692671,0.0128797655595005,6.42106797118971
Chautauqua,2020-10-07T00:00:00.000,15,656,695,63509,63509,656,2020-10-07,15,695,0.0215827338129496,0.0135602238613603,19.4810545725786
Chautauqua,2020-10-08T00:00:00.000,12,668,620,64129,64129,668,2020-10-08,12,620,0.0193548387096774,0.0142924464432888,15.7623108820432
Chautauqua,2020-10-09T00:00:00.000,14,682,927,65056,65056,682,2020-10-09,14,927,0.0151024811218986,0.0150745521400398,18.5991285368636
Chautauqua,2020-10-10T00:00:00.000,9,691,1167,66223,66223,691,2020-10-10,9,1167,0.0077120822622108,0.0159049564432526,12.0926547438813
Chautauqua,2020-10-11T00:00:00.000,4,695,288,66511,66511,695,2020-10-11,4,288,0.0138888888888889,0.0167828219448795,5.43536203518634
Chemung,2020-03-01T00:00:00.000,0,0,0,0,0,0,2020-03-01,0,0,0,0.0562531004810126,0
Chemung,2020-03-02T00:00:00.000,0,0,0,0,0,0,2020-03-02,0,0,0,0.0553413468875633,0
Chemung,2020-03-03T00:00:00.000,0,0,0,0,0,0,2020-03-03,0,0,0,0.0544481633696244,0
Chemung,2020-03-04T00:00:00.000,0,0,0,0,0,0,2020-03-04,0,0,0,0.0535805088075588,0
Chemung,2020-03-05T00:00:00.000,0,0,0,0,0,0,2020-03-05,0,0,0,0.0527477704531423,0
Chemung,2020-03-06T00:00:00.000,0,0,0,0,0,0,2020-03-06,0,0,0,0.0519610711260939,0
Chemung,2020-03-07T00:00:00.000,0,0,0,0,0,0,2020-03-07,0,0,0,0.0512326735099865,0
Chemung,2020-03-08T00:00:00.000,0,0,0,0,0,0,2020-03-08,0,0,0,0.0505754873828172,0
Chemung,2020-03-09T00:00:00.000,0,0,0,0,0,0,2020-03-09,0,0,0,0.05000268121183,0
Chemung,2020-03-10T00:00:00.000,0,0,1,1,1,0,2020-03-10,0,1,0,0.0495273945810671,0
Chemung,2020-03-11T00:00:00.000,0,0,0,1,1,0,2020-03-11,0,0,0,0.0491625430973078,0
Chemung,2020-03-12T00:00:00.000,0,0,0,1,1,0,2020-03-12,0,0,0,0.0489207033092118,0
Chemung,2020-03-13T00:00:00.000,0,0,0,1,1,0,2020-03-13,0,0,0,0.0488140619935906,0
Chemung,2020-03-14T00:00:00.000,0,0,0,1,1,0,2020-03-14,0,0,0,0.0488544119660318,0
Chemung,2020-03-15T00:00:00.000,0,0,1,2,2,0,2020-03-15,0,1,0,0.0490531752885677,0
Chemung,2020-03-16T00:00:00.000,0,0,0,2,2,0,2020-03-16,0,0,0,0.0494214341279899,0
Chemung,2020-03-17T00:00:00.000,0,0,0,2,2,0,2020-03-17,0,0,0,0.0499699494360794,0
Chemung,2020-03-18T00:00:00.000,0,0,2,4,4,0,2020-03-18,0,2,0,0.0507091478027259,0
Chemung,2020-03-19T00:00:00.000,0,0,6,10,10,0,2020-03-19,0,6,0,0.051649057275006,0
Chemung,2020-03-20T00:00:00.000,0,0,10,20,20,0,2020-03-20,0,10,0,0.0527991735486637,0
Chemung,2020-03-21T00:00:00.000,0,0,2,22,22,0,2020-03-21,0,2,0,0.0541682389481833,0
Chemung,2020-03-22T00:00:00.000,0,0,17,39,39,0,2020-03-22,0,17,0,0.0557639182153162,0
Chemung,2020-03-23T00:00:00.000,1,1,17,56,56,1,2020-03-23,1,17,0.0588235294117647,0.0575923577703405,1.17312996467803
Chemung,2020-03-24T00:00:00.000,0,1,5,61,61,1,2020-03-24,0,5,0,0.0596576192376325,0
Chemung,2020-03-25T00:00:00.000,6,7,57,118,118,7,2020-03-25,6,57,0.105263157894737,0.0619609841868561,6.75450201075363
Chemung,2020-03-26T00:00:00.000,4,11,48,166,166,11,2020-03-26,4,48,0.0833333333333333,0.0645001356803363,4.4445852068889
Chemung,2020-03-27T00:00:00.000,1,12,48,214,214,12,2020-03-27,1,48,0.0208333333333333,0.0672682336301094,1.09870085189835
Chemung,2020-03-28T00:00:00.000,3,15,25,239,239,15,2020-03-28,3,25,0.12,0.0702529151141683,3.27173272158172
Chemung,2020-03-29T00:00:00.000,0,15,7,246,246,15,2020-03-29,0,7,0,0.0734352672013983,0
Chemung,2020-03-30T00:00:00.000,5,20,47,293,293,20,2020-03-30,5,47,0.106382978723404,0.0767888373120864,5.50353419657047
Chemung,2020-03-31T00:00:00.000,2,22,42,335,335,22,2020-03-31,2,42,0.0476190476190476,0.0802787629806893,2.21551651671245
Chemung,2020-04-01T00:00:00.000,0,22,14,349,349,22,2020-04-01,0,14,0,0.083861116650777,0
Chemung,2020-04-02T00:00:00.000,13,35,84,433,433,35,2020-04-02,13,84,0.154761904761905,0.0874825690961831,14.3521058628981
Chemung,2020-04-03T00:00:00.000,1,36,28,461,461,36,2020-04-03,1,28,0.0357142857142857,0.091080474474602,1.09599481475289
Chemung,2020-04-04T00:00:00.000,2,38,35,496,496,38,2020-04-04,2,35,0.0571428571428571,0.0945834687487387,2.19575309133665
Chemung,2020-04-05T00:00:00.000,9,47,50,546,546,47,2020-04-05,9,50,0.18,0.0979126501603503,9.89049056415994
Chemung,2020-04-06T00:00:00.000,2,49,22,568,568,49,2020-04-06,2,22,0.0909090909090909,0.100983376134544,2.21558214292083
Chemung,2020-04-07T00:00:00.000,6,55,56,624,624,55,2020-04-07,6,56,0.107142857142857,0.103707667630682,6.71488517391374
Chemung,2020-04-08T00:00:00.000,4,59,38,662,662,59,2020-04-08,4,38,0.105263157894737,0.105997163175693,4.52124799766471
Chemung,2020-04-09T00:00:00.000,0,59,39,701,701,59,2020-04-09,0,39,0,0.107766515217431,0
Chemung,2020-04-10T00:00:00.000,1,60,26,727,727,60,2020-04-10,1,26,0.0384615384615385,0.108937075698141,1.15193885080621
Chemung,2020-04-11T00:00:00.000,0,60,6,733,733,60,2020-04-11,0,6,0,0.109440679759354,0
Chemung,2020-04-12T00:00:00.000,0,60,9,742,742,60,2020-04-12,0,9,0,0.109223309236532,0
Chemung,2020-04-13T00:00:00.000,4,64,40,782,782,64,2020-04-13,4,40,0.1,0.108248402555628,4.77263219855464
Chemung,2020-04-14T00:00:00.000,5,69,43,825,825,69,2020-04-14,5,43,0.116279069767442,0.10649957597686,6.03195856452456
Chemung,2020-04-15T00:00:00.000,1,70,18,843,843,70,2020-04-15,1,18,0.0555555555555556,0.103982533641368,1.21691708643295
Chemung,2020-04-16T00:00:00.000,1,71,9,852,852,71,2020-04-16,1,9,0.111111111111111,0.100725972272012,1.22355209823147
Chemung,2020-04-17T00:00:00.000,1,72,32,884,884,72,2020-04-17,1,32,0.03125,0.0967813326320624,1.22831546197167
Chemung,2020-04-18T00:00:00.000,1,73,15,899,899,73,2020-04-18,1,15,0.0666666666666667,0.0922213159019941,1.23097913558969
Chemung,2020-04-19T00:00:00.000,0,73,17,916,916,73,2020-04-19,0,17,0,0.0871371689845499,0
Chemung,2020-04-20T00:00:00.000,2,75,32,948,948,75,2020-04-20,2,32,0.0625,0.0816348446088589,2.46056438826131
Chemung,2020-04-21T00:00:00.000,0,75,38,986,986,75,2020-04-21,0,38,0,0.0758302511565859,0
Chemung,2020-04-22T00:00:00.000,1,76,29,1015,1015,76,2020-04-22,1,29,0.0344827586206897,0.0698439091503474,1.22204921111795
Chemung,2020-04-23T00:00:00.000,3,79,39,1054,1054,79,2020-04-23,3,39,0.0769230769230769,0.0637954089907123,3.64552490692877
Chemung,2020-04-24T00:00:00.000,24,103,228,1282,1282,103,2020-04-24,24,228,0.105263157894737,0.0577981010099915,28.9565645884645
Chemung,2020-04-25T00:00:00.000,3,106,17,1299,1299,106,2020-04-25,3,17,0.176470588235294,0.0519544327861565,3.58846959882148
Chemung,2020-04-26T00:00:00.000,2,108,20,1319,1319,108,2020-04-26,2,20,0.1,0.0463522781525414,2.36780747879939
Chemung,2020-04-27T00:00:00.000,5,113,64,1383,1383,113,2020-04-27,5,64,0.078125,0.0410624867778887,5.84973392352286
Chemung,2020-04-28T00:00:00.000,6,119,96,1479,1479,119,2020-04-28,6,96,0.0625,0.0361377417589369,6.92700864098138
Chemung,2020-04-29T00:00:00.000,3,122,84,1563,1563,122,2020-04-29,3,84,0.0357142857142857,0.0316126695110506,3.42494268552521
Chemung,2020-04-30T00:00:00.000,1,123,54,1617,1617,123,2020-04-30,1,54,0.0185185185185185,0.0275050246803792,1.1335163703176
Chemung,2020-05-01T00:00:00.000,1,124,36,1653,1653,124,2020-05-01,1,36,0.0277777777777778,0.0238176896951973,1.12478389589243
Chemung,2020-05-02T00:00:00.000,1,125,26,1679,1679,125,2020-05-02,1,26,0.0384615384615385,0.0205411912409592,1.11433515594141
Chemung,2020-05-03T00:00:00.000,1,126,244,1923,1923,126,2020-05-03,1,244,0.00409836065573771,0.0176564420354423,1.10158460828843
Chemung,2020-05-04T00:00:00.000,0,126,154,2077,2077,126,2020-05-04,0,154,0,0.0151374560499852,0
Chemung,2020-05-05T00:00:00.000,2,128,143,2220,2220,128,2020-05-05,2,143,0.013986013986014,0.0129538453713461,2.14194804912058
Chemung,2020-05-06T00:00:00.000,1,129,89,2309,2309,129,2020-05-06,1,89,0.0112359550561798,0.0110729737789067,1.05507177779843
Chemung,2020-05-07T00:00:00.000,1,130,46,2355,2355,130,2020-05-07,1,46,0.0217391304347826,0.00946170492522236,1.04268662151994
Chemung,2020-05-08T00:00:00.000,1,131,108,2463,2463,131,2020-05-08,1,108,0.00925925925925926,0.00808773474623889,1.03367710011784
Chemung,2020-05-09T00:00:00.000,0,131,125,2588,2588,131,2020-05-09,0,125,0,0.00692053522926841,0
Chemung,2020-05-10T00:00:00.000,0,131,174,2762,2762,131,2020-05-10,0,174,0,0.00593195990605632,0
Chemung,2020-05-11T00:00:00.000,0,131,68,2830,2830,131,2020-05-11,0,68,0,0.00509657240564124,0
Chemung,2020-05-12T00:00:00.000,1,132,282,3112,3112,132,2020-05-12,1,282,0.00354609929078014,0.00439176104605476,1.00072496730858
Chemung,2020-05-13T00:00:00.000,0,132,312,3424,3424,132,2020-05-13,0,312,0,0.0037976978555695,0
Chemung,2020-05-14T00:00:00.000,1,133,234,3658,3658,133,2020-05-14,1,234,0.00427350427350427,0.00329719231453529,0.998427144026177
Chemung,2020-05-15T00:00:00.000,1,134,240,3898,3898,134,2020-05-15,1,240,0.00416666666666667,0.00287548060604058,0.998388049262927
Chemung,2020-05-16T00:00:00.000,0,134,106,4004,4004,134,2020-05-16,0,106,0,0.00251998170989394,0
Chemung,2020-05-17T00:00:00.000,0,134,68,4072,4072,134,2020-05-17,0,68,0,0.00222004314996522,0
Chemung,2020-05-18T00:00:00.000,0,134,118,4190,4190,134,2020-05-18,0,118,0,0.00196669203317105,0
Chemung,2020-05-19T00:00:00.000,0,134,113,4303,4303,134,2020-05-19,0,113,0,0.00175240131750586,0
Chemung,2020-05-20T00:00:00.000,0,134,91,4394,4394,134,2020-05-20,0,91,0,0.00157087693147213,0
Chemung,2020-05-21T00:00:00.000,1,135,141,4535,4535,135,2020-05-21,1,141,0.00709219858156028,0.00141686825900672,0.977155437861649
Chemung,2020-05-22T00:00:00.000,1,136,233,4768,4768,136,2020-05-22,1,233,0.00429184549356223,0.00128600237772615,0.974870935248275
Chemung,2020-05-23T00:00:00.000,0,136,215,4983,4983,136,2020-05-23,0,215,0,0.00117464107489229,0
Chemung,2020-05-24T00:00:00.000,0,136,196,5179,5179,136,2020-05-24,0,196,0,0.00107975886819346,0
Chemung,2020-05-25T00:00:00.000,0,136,96,5275,5275,136,2020-05-25,0,96,0,0.000998839861975003,0
Chemung,2020-05-26T00:00:00.000,0,136,295,5570,5570,136,2020-05-26,0,295,0,0.000929791146040782,0
Chemung,2020-05-27T00:00:00.000,0,136,63,5633,5633,136,2020-05-27,0,63,0,0.000870870493769699,0
Chemung,2020-05-28T00:00:00.000,1,137,99,5732,5732,137,2020-05-28,1,99,0.0101010101010101,0.000820626269480623,0.955836349307096
Chemung,2020-05-29T00:00:00.000,0,137,451,6183,6183,137,2020-05-29,0,451,0,0.000777847660995845,0
Chemung,2020-05-30T00:00:00.000,0,137,337,6520,6520,137,2020-05-30,0,337,0,0.000741523579461304,0
Chemung,2020-05-31T00:00:00.000,0,137,73,6593,6593,137,2020-05-31,0,73,0,0.000710808793365406,0
Chemung,2020-06-01T00:00:00.000,0,137,145,6738,6738,137,2020-06-01,0,145,0,0.000684996075115841,0
Chemung,2020-06-02T00:00:00.000,0,137,247,6985,6985,137,2020-06-02,0,247,0,0.000663493329466253,0
Chemung,2020-06-03T00:00:00.000,0,137,219,7204,7204,137,2020-06-03,0,219,0,0.000645804841350543,0
Chemung,2020-06-04T00:00:00.000,0,137,114,7318,7318,137,2020-06-04,0,114,0,0.000631515925891688,0
Chemung,2020-06-05T00:00:00.000,0,137,853,8171,8171,137,2020-06-05,0,853,0,0.000620280386538732,0
Chemung,2020-06-06T00:00:00.000,0,137,263,8434,8434,137,2020-06-06,0,263,0,0.000611810290908814,0
Chemung,2020-06-07T00:00:00.000,0,137,217,8651,8651,137,2020-06-07,0,217,0,0.000605867660055009,0
Chemung,2020-06-08T00:00:00.000,1,138,544,9195,9195,138,2020-06-08,1,544,0.00183823529411765,0.000602257737977767,0.994482565095542
Chemung,2020-06-09T00:00:00.000,0,138,296,9491,9491,138,2020-06-09,0,296,0,0.000600823566568378,0
Chemung,2020-06-10T00:00:00.000,0,138,437,9928,9928,138,2020-06-10,0,437,0,0.00060144163904361,0
Chemung,2020-06-11T00:00:00.000,0,138,169,10097,10097,138,2020-06-11,0,169,0,0.000604018443873058,0
Chemung,2020-06-12T00:00:00.000,0,138,380,10477,10477,138,2020-06-12,0,380,0,0.000608487742929525,0
Chemung,2020-06-13T00:00:00.000,0,138,157,10634,10634,138,2020-06-13,0,157,0,0.000614808453414361,0
Chemung,2020-06-14T00:00:00.000,0,138,106,10740,10740,138,2020-06-14,0,106,0,0.000622963023929158,0
Chemung,2020-06-15T00:00:00.000,0,138,219,10959,10959,138,2020-06-15,0,219,0,0.000632956211803868,0
Chemung,2020-06-16T00:00:00.000,0,138,325,11284,11284,138,2020-06-16,0,325,0,0.000644814181899591,0
Chemung,2020-06-17T00:00:00.000,0,138,317,11601,11601,138,2020-06-17,0,317,0,0.000658583857085981,0
Chemung,2020-06-18T00:00:00.000,1,139,372,11973,11973,139,2020-06-18,1,372,0.00268817204301075,0.000674332457667129,0.974628236730785
Chemung,2020-06-19T00:00:00.000,0,139,267,12240,12240,139,2020-06-19,0,267,0,0.000692147171222233,0
Chemung,2020-06-20T00:00:00.000,0,139,108,12348,12348,139,2020-06-20,0,108,0,0.000712134895887917,0
Chemung,2020-06-21T00:00:00.000,0,139,198,12546,12546,139,2020-06-21,0,198,0,0.0007344219988441,0
Chemung,2020-06-22T00:00:00.000,0,139,237,12783,12783,139,2020-06-22,0,237,0,0.000759154027814054,0
Chemung,2020-06-23T00:00:00.000,0,139,275,13058,13058,139,2020-06-23,0,275,0,0.000786495306725759,0
Chemung,2020-06-24T00:00:00.000,0,139,306,13364,13364,139,2020-06-24,0,306,0,0.000816628337606843,0
Chemung,2020-06-25T00:00:00.000,0,139,148,13512,13512,139,2020-06-25,0,148,0,0.000849752919112082,0
Chemung,2020-06-26T00:00:00.000,0,139,340,13852,13852,139,2020-06-26,0,340,0,0.000886084879172909,0
Chemung,2020-06-27T00:00:00.000,1,140,276,14128,14128,140,2020-06-27,1,276,0.0036231884057971,0.00092585430471251,0.972609751735906
Chemung,2020-06-28T00:00:00.000,0,140,231,14359,14359,140,2020-06-28,0,231,0,0.000969303137331641,0
Chemung,2020-06-29T00:00:00.000,1,141,167,14526,14526,141,2020-06-29,1,167,0.00598802395209581,0.00101668199121831,0.972915462673482
Chemung,2020-06-30T00:00:00.000,3,144,278,14804,14804,144,2020-06-30,3,278,0.0107913669064748,0.00106824604033271,2.9380864797704
Chemung,2020-07-01T00:00:00.000,0,144,194,14998,14998,144,2020-07-01,0,194,0,0.00112424981895134,0
Chemung,2020-07-02T00:00:00.000,1,145,205,15203,15203,145,2020-07-02,1,205,0.0048780487804878,0.00118494078561377,0.993738487116592
Chemung,2020-07-03T00:00:00.000,1,146,419,15622,15622,146,2020-07-03,1,419,0.00238663484486874,0.00125055151886833,0.996490826689905
Chemung,2020-07-04T00:00:00.000,0,146,257,15879,15879,146,2020-07-04,0,257,0,0.00132129044819854,0
Chemung,2020-07-05T00:00:00.000,0,146,250,16129,16129,146,2020-07-05,0,250,0,0.00139733107797511,0
Chemung,2020-07-06T00:00:00.000,1,147,244,16373,16373,147,2020-07-06,1,244,0.00409836065573771,0.00147879974040768,1.00400029803572
Chemung,2020-07-07T00:00:00.000,0,147,276,16649,16649,147,2020-07-07,0,276,0,0.00156576201682537,0
Chemung,2020-07-08T00:00:00.000,1,148,179,16828,16828,148,2020-07-08,1,179,0.00558659217877095,0.00165820809565373,1.0118175637093
Chemung,2020-07-09T00:00:00.000,0,148,308,17136,17136,148,2020-07-09,0,308,0,0.00175603748818744,0
Chemung,2020-07-10T00:00:00.000,0,148,268,17404,17404,148,2020-07-10,0,268,0,0.0018590436929899,0
Chemung,2020-07-11T00:00:00.000,0,148,378,17782,17782,148,2020-07-11,0,378,0,0.00196689957698168,0
Chemung,2020-07-12T00:00:00.000,0,148,190,17972,17972,148,2020-07-12,0,190,0,0.00207914441075942,0
Chemung,2020-07-13T00:00:00.000,1,149,332,18304,18304,149,2020-07-13,1,332,0.00301204819277108,0.00219517363754018,1.02822905780928
Chemung,2020-07-14T00:00:00.000,2,151,464,18768,18768,151,2020-07-14,2,464,0.00431034482758621,0.00231423254789291,2.06170223051877
Chemung,2020-07-15T00:00:00.000,0,151,422,19190,19190,151,2020-07-15,0,422,0,0.00243541504960526,0
Chemung,2020-07-16T00:00:00.000,0,151,473,19663,19663,151,2020-07-16,0,473,0,0.00255766864300077,0
Chemung,2020-07-17T00:00:00.000,2,153,284,19947,19947,153,2020-07-17,2,284,0.00704225352112676,0.00267980651677303,2.08493339757583
Chemung,2020-07-18T00:00:00.000,1,154,213,20160,20160,154,2020-07-18,1,213,0.00469483568075117,0.00280052736081507,1.0479965420975
Chemung,2020-07-19T00:00:00.000,1,155,139,20299,20299,155,2020-07-19,1,139,0.00719424460431655,0.00291844305419875,1.05278688367769
Chemung,2020-07-20T00:00:00.000,0,155,188,20487,20487,155,2020-07-20,0,188,0,0.00303211384954472,0
Chemung,2020-07-21T00:00:00.000,1,156,273,20760,20760,156,2020-07-21,1,273,0.00366300366300366,0.0031400900758394,1.05498861851631
Chemung,2020-07-22T00:00:00.000,1,157,506,21266,21266,157,2020-07-22,1,506,0.00197628458498024,0.00324095877543509,1.05203751363614
Chemung,2020-07-23T00:00:00.000,1,158,640,21906,21906,158,2020-07-23,1,640,0.0015625,0.00333339313746724,1.04749428183887
Chemung,2020-07-24T00:00:00.000,2,160,336,22242,22242,160,2020-07-24,2,336,0.00595238095238095,0.00341620216068389,2.0832666327355
Chemung,2020-07-25T00:00:00.000,0,160,146,22388,22388,160,2020-07-25,0,146,0,0.003488377731385,0
Chemung,2020-07-26T00:00:00.000,0,160,109,22497,22497,160,2020-07-26,0,109,0,0.00354913628523261,0
Chemung,2020-07-27T00:00:00.000,0,160,142,22639,22639,160,2020-07-27,0,142,0,0.00359795245674671,0
Chemung,2020-07-28T00:00:00.000,1,161,413,23052,23052,161,2020-07-28,1,413,0.00242130750605327,0.00363458259970891,1.04434236562527
Chemung,2020-07-29T00:00:00.000,1,162,387,23439,23439,162,2020-07-29,1,387,0.00258397932816537,0.0036590767476413,1.0470018165056
Chemung,2020-07-30T00:00:00.000,1,163,409,23848,23848,163,2020-07-30,1,409,0.00244498777506112,0.00367177841248481,1.05174272712991
Chemung,2020-07-31T00:00:00.000,0,163,232,24080,24080,163,2020-07-31,0,232,0,0.00367331250427925,0
Chemung,2020-08-01T00:00:00.000,0,163,196,24276,24276,163,2020-08-01,0,196,0,0.00366456250854444,0
Chemung,2020-08-02T00:00:00.000,0,163,90,24366,24366,163,2020-08-02,0,90,0,0.00364663879064314,0
Chemung,2020-08-03T00:00:00.000,0,163,101,24467,24467,163,2020-08-03,0,101,0,0.00362084044161586,0
Chemung,2020-08-04T00:00:00.000,2,165,570,25037,25037,165,2020-08-04,2,570,0.00350877192982456,0.00358861339400964,2.12629964192053
Chemung,2020-08-05T00:00:00.000,0,165,417,25454,25454,165,2020-08-05,0,417,0,0.00355150760517259,0
Chemung,2020-08-06T00:00:00.000,3,168,376,25830,25830,168,2020-08-06,3,376,0.00797872340425532,0.00351113594544544,3.18613148236706
Chemung,2020-08-07T00:00:00.000,3,171,387,26217,26217,171,2020-08-07,3,387,0.00775193798449612,0.00346913708216995,3.17983852970217
Chemung,2020-08-08T00:00:00.000,0,171,264,26481,26481,171,2020-08-08,0,264,0,0.00342714417136263,0
Chemung,2020-08-09T00:00:00.000,1,172,181,26662,26662,172,2020-08-09,1,181,0.00552486187845304,0.00338676062314126,1.05955071350726
Chemung,2020-08-10T00:00:00.000,4,176,273,26935,26935,176,2020-08-10,4,273,0.0146520146520147,0.00334954365679359,4.23575471536255
Chemung,2020-08-11T00:00:00.000,1,177,443,27378,27378,177,2020-08-11,1,443,0.00225733634311512,0.00331699585623679,1.05779260584421
Chemung,2020-08-12T00:00:00.000,7,184,472,27850,27850,184,2020-08-12,7,472,0.0148305084745763,0.00329056451756087,7.39339246152924
Chemung,2020-08-13T00:00:00.000,3,187,396,28246,28246,187,2020-08-13,3,396,0.00757575757575758,0.00327164826731192,3.16274898909229
Chemung,2020-08-14T00:00:00.000,1,188,476,28722,28722,188,2020-08-14,1,476,0.00210084033613445,0.00326161022920512,1.05201047334707
Chemung,2020-08-15T00:00:00.000,1,189,253,28975,28975,189,2020-08-15,1,253,0.00395256916996047,0.00326179692129399,1.05263236927141
Chemung,2020-08-16T00:00:00.000,1,190,149,29124,29124,190,2020-08-16,1,149,0.00671140939597315,0.00327356205919597,1.05307047111892
Chemung,2020-08-17T00:00:00.000,0,190,155,29279,29279,190,2020-08-17,0,155,0,0.00329829449772116,0
Chemung,2020-08-18T00:00:00.000,1,191,320,29599,29599,191,2020-08-18,1,320,0.003125,0.00333744964154172,1.06043281796745
Chemung,2020-08-19T00:00:00.000,2,193,247,29846,29846,193,2020-08-19,2,247,0.00809716599190283,0.00339258376622297,2.12844941114283
Chemung,2020-08-20T00:00:00.000,0,193,573,30419,30419,193,2020-08-20,0,573,0,0.00346539079019839,0
Chemung,2020-08-21T00:00:00.000,1,194,407,30826,30826,194,2020-08-21,1,407,0.00245700245700246,0.00355774110546836,1.07195439683322
Chemung,2020-08-22T00:00:00.000,0,194,264,31090,31090,194,2020-08-22,0,264,0,0.00367172208856882,0
Chemung,2020-08-23T00:00:00.000,0,194,164,31254,31254,194,2020-08-23,0,164,0,0.00380967985513667,0
Chemung,2020-08-24T00:00:00.000,0,194,103,31357,31357,194,2020-08-24,0,103,0,0.00397426167952148,0
Chemung,2020-08-25T00:00:00.000,0,194,430,31787,31787,194,2020-08-25,0,430,0,0.00416845825539261,0
Chemung,2020-08-26T00:00:00.000,0,194,371,32158,32158,194,2020-08-26,0,371,0,0.00439564461841036,0
Chemung,2020-08-27T00:00:00.000,2,196,525,32683,32683,196,2020-08-27,2,525,0.00380952380952381,0.00465961807570662,2.18681529556736
Chemung,2020-08-28T00:00:00.000,0,196,302,32985,32985,196,2020-08-28,0,302,0,0.00496463089127338,0
Chemung,2020-08-29T00:00:00.000,4,200,218,33203,33203,200,2020-08-29,4,218,0.018348623853211,0.0053154147671775,4.42552052410336
Chemung,2020-08-30T00:00:00.000,3,203,146,33349,33349,203,2020-08-30,3,146,0.0205479452054795,0.00571719336701961,3.3412087831293
Chemung,2020-08-31T00:00:00.000,2,205,95,33444,33444,205,2020-08-31,2,95,0.0210526315789474,0.00617567829108153,2.2458450849963
Chemung,2020-09-01T00:00:00.000,0,205,338,33782,33782,205,2020-09-01,0,338,0,0.00669704311151555,0
Chemung,2020-09-02T00:00:00.000,0,205,554,34336,34336,205,2020-09-02,0,554,0,0.00728786941441991,0
Chemung,2020-09-03T00:00:00.000,1,206,243,34579,34579,206,2020-09-03,1,243,0.00411522633744856,0.00795505842058826,1.17112863498013
Chemung,2020-09-04T00:00:00.000,0,206,239,34818,34818,206,2020-09-04,0,239,0,0.00870570184192517,0
Chemung,2020-09-05T00:00:00.000,2,208,176,34994,34994,208,2020-09-05,2,176,0.0113636363636364,0.00954690638081176,2.40364192365757
Chemung,2020-09-06T00:00:00.000,2,210,105,35099,35099,210,2020-09-06,2,105,0.019047619047619,0.0104855678938071,2.43277899529247
Chemung,2020-09-07T00:00:00.000,1,211,141,35240,35240,211,2020-09-07,1,141,0.00709219858156028,0.0115280938949118,1.23086516233017
Chemung,2020-09-08T00:00:00.000,3,214,159,35399,35399,214,2020-09-08,3,159,0.0188679245283019,0.0126800768599272,3.73546608232167
Chemung,2020-09-09T00:00:00.000,4,218,677,36076,36076,218,2020-09-09,4,677,0.00590841949778434,0.0139459256873068,5.03669942460017
Chemung,2020-09-10T00:00:00.000,21,239,427,36503,36503,239,2020-09-10,21,427,0.0491803278688525,0.0153284684524627,26.7297650091631
Chemung,2020-09-11T00:00:00.000,8,247,379,36882,36882,247,2020-09-11,8,379,0.0211081794195251,0.0168285458433837,10.3322368451283
Chemung,2020-09-12T00:00:00.000,4,251,134,37016,37016,251,2020-09-12,4,134,0.0298507462686567,0.0184446207185037,5.24266118984207
Chemung,2020-09-13T00:00:00.000,0,251,325,37341,37341,251,2020-09-13,0,325,0,0.0201724342406799,0
Chemung,2020-09-14T00:00:00.000,18,269,444,37785,37785,269,2020-09-14,18,444,0.0405405405405405,0.0220047420498665,24.261612174846
Chemung,2020-09-15T00:00:00.000,6,275,365,38150,38150,275,2020-09-15,6,365,0.0164383561643836,0.0239311640337043,8.19335745248881
Chemung,2020-09-16T00:00:00.000,19,294,728,38878,38878,294,2020-09-16,19,728,0.0260989010989011,0.0259381777273022,26.2652875349519
Chemung,2020-09-17T00:00:00.000,11,305,653,39531,39531,305,2020-09-17,11,653,0.0168453292496172,0.0280092779292932,15.3794948089429
Chemung,2020-09-18T00:00:00.000,17,322,621,40152,40152,322,2020-09-18,17,621,0.0273752012882448,0.0301253140036927,24.0143897262542
Chemung,2020-09-19T00:00:00.000,8,330,273,40425,40425,330,2020-09-19,8,273,0.0293040293040293,0.0322650023936219,11.4048426251194
Chemung,2020-09-20T00:00:00.000,8,338,179,40604,40604,338,2020-09-20,8,179,0.0446927374301676,0.0344055965311917,11.4930280629666
Chemung,2020-09-21T00:00:00.000,11,349,243,40847,40847,349,2020-09-21,11,243,0.0452674897119342,0.0365236813386813,15.8985314214179
Chemung,2020-09-22T00:00:00.000,12,361,825,41672,41672,361,2020-09-22,12,825,0.0145454545454545,0.0385960468197101,17.4228665215082
Chemung,2020-09-23T00:00:00.000,26,387,750,42422,42422,387,2020-09-23,26,750,0.0346666666666667,0.0406005864640912,37.8623977168488
Chemung,2020-09-24T00:00:00.000,28,415,706,43128,43128,415,2020-09-24,28,706,0.0396600566572238,0.0425171625531678,41.0505979335973
Chemung,2020-09-25T00:00:00.000,25,440,599,43727,43727,440,2020-09-25,25,599,0.0417362270450751,0.0443283824136836,36.8047691692228
Chemung,2020-09-26T00:00:00.000,21,461,413,44140,44140,461,2020-09-26,21,413,0.0508474576271186,0.0460202369163042,30.9955904731367
Chemung,2020-09-27T00:00:00.000,9,470,152,44292,44292,470,2020-09-27,9,152,0.0592105263157895,0.0475825640722745,13.298493546862
Chemung,2020-09-28T00:00:00.000,22,492,384,44676,44676,492,2020-09-28,22,384,0.0572916666666667,0.0490093149193176,32.4753874009315
Chemung,2020-09-29T00:00:00.000,18,510,582,45258,45258,510,2020-09-29,18,582,0.0309278350515464,0.0502986142341299,26.5010379461633
Chemung,2020-09-30T00:00:00.000,50,560,742,46000,46000,560,2020-09-30,50,742,0.0673854447439353,0.0514526232415616,73.3126633949851
Chemung,2020-10-01T00:00:00.000,31,591,590,46590,46590,591,2020-10-01,31,590,0.0525423728813559,0.0524772238830933,45.2034928179128
Chemung,2020-10-02T00:00:00.000,60,651,824,47414,47414,651,2020-10-02,60,824,0.0728155339805825,0.053381553311892,87.1162490505844
Chemung,2020-10-03T00:00:00.000,70,721,744,48158,48158,721,2020-10-03,70,744,0.0940860215053763,0.0541774225214093,101.975854933295
Chemung,2020-10-04T00:00:00.000,26,747,302,48460,48460,747,2020-10-04,26,302,0.0860927152317881,0.0548786542989504,38.1290187499475
Chemung,2020-10-05T00:00:00.000,38,785,499,48959,48959,785,2020-10-05,38,499,0.0761523046092184,0.0555003734034922,56.1313463722879
Chemung,2020-10-06T00:00:00.000,31,816,664,49623,49623,816,2020-10-06,31,664,0.0466867469879518,0.0560582766764022,46.1181773628041
Chemung,2020-10-07T00:00:00.000,39,855,869,50492,50492,855,2020-10-07,39,869,0.0448791714614499,0.0565679035899038,58.4273425030462
Chemung,2020-10-08T00:00:00.000,33,888,769,51261,51261,888,2020-10-08,33,769,0.0429128738621586,0.0570439195096212,49.7809134305679
Chemung,2020-10-09T00:00:00.000,41,929,930,52191,52191,929,2020-10-09,41,930,0.0440860215053763,0.057499415668321,62.2716420925766
Chemung,2020-10-10T00:00:00.000,29,958,677,52868,52868,958,2020-10-10,29,677,0.0428360413589365,0.0579452224315734,44.3430597632413
Chemung,2020-10-11T00:00:00.000,27,985,401,53269,53269,985,2020-10-11,27,401,0.0673316708229426,0.0583892267376244,41.5603334260386
Chenango,2020-03-01T00:00:00.000,0,0,0,0,0,0,2020-03-01,0,0,0,0.0959534208426797,0
Chenango,2020-03-02T00:00:00.000,0,0,0,0,0,0,2020-03-02,0,0,0,0.10278871123659,0
Chenango,2020-03-03T00:00:00.000,0,0,0,0,0,0,2020-03-03,0,0,0,0.110041542536555,0
Chenango,2020-03-04T00:00:00.000,0,0,0,0,0,0,2020-03-04,0,0,0,0.117710903125026,0
Chenango,2020-03-05T00:00:00.000,0,0,0,0,0,0,2020-03-05,0,0,0,0.125783574830327,0
Chenango,2020-03-06T00:00:00.000,0,0,0,0,0,0,2020-03-06,0,0,0,0.134232712295149,0
Chenango,2020-03-07T00:00:00.000,0,0,0,0,0,0,2020-03-07,0,0,0,0.143016741236762,0
Chenango,2020-03-08T00:00:00.000,0,0,0,0,0,0,2020-03-08,0,0,0,0.152078708762835,0
Chenango,2020-03-09T00:00:00.000,0,0,0,0,0,0,2020-03-09,0,0,0,0.16134620916707,0
Chenango,2020-03-10T00:00:00.000,0,0,0,0,0,0,2020-03-10,0,0,0,0.170731981328962,0
Chenango,2020-03-11T00:00:00.000,0,0,0,0,0,0,2020-03-11,0,0,0,0.180135230248907,0
Chenango,2020-03-12T00:00:00.000,0,0,0,0,0,0,2020-03-12,0,0,0,0.189443669455543,0
Chenango,2020-03-13T00:00:00.000,0,0,0,0,0,0,2020-03-13,0,0,0,0.198536220035075,0
Chenango,2020-03-14T00:00:00.000,0,0,0,0,0,0,2020-03-14,0,0,0,0.207286244445179,0
Chenango,2020-03-15T00:00:00.000,0,0,1,1,1,0,2020-03-15,0,1,0,0.215565147566724,0
Chenango,2020-03-16T00:00:00.000,0,0,2,3,3,0,2020-03-16,0,2,0,0.223246150428401,0
Chenango,2020-03-17T00:00:00.000,1,1,1,4,4,1,2020-03-17,1,1,1,0.230208036822952,1.67052113455712
Chenango,2020-03-18T00:00:00.000,1,2,1,5,5,2,2020-03-18,1,1,1,0.236338689113624,1.61033402439289
Chenango,2020-03-19T00:00:00.000,0,2,0,5,5,2,2020-03-19,0,0,0.5,0.241538262170809,0
Chenango,2020-03-20T00:00:00.000,0,2,4,9,9,2,2020-03-20,0,4,0,0.245721886807506,0
Chenango,2020-03-21T00:00:00.000,1,3,4,13,13,3,2020-03-21,1,4,0.25,0.248821838185056,1.44958646425464
Chenango,2020-03-22T00:00:00.000,0,3,2,15,15,3,2020-03-22,0,2,0,0.250789143611088,0
Chenango,2020-03-23T00:00:00.000,0,3,3,18,18,3,2020-03-23,0,3,0,0.251594632971886,0
Chenango,2020-03-24T00:00:00.000,0,3,6,24,24,3,2020-03-24,0,6,0,0.251229451872069,0
Chenango,2020-03-25T00:00:00.000,0,3,1,25,25,3,2020-03-25,0,1,0,0.249705063198714,0
Chenango,2020-03-26T00:00:00.000,1,4,6,31,31,4,2020-03-26,1,6,0.166666666666667,0.247052760515037,1.27084959072267
Chenango,2020-03-27T00:00:00.000,4,8,13,44,44,8,2020-03-27,4,13,0.307692307692308,0.243322710971125,4.99777516763251
Chenango,2020-03-28T00:00:00.000,7,15,15,59,59,15,2020-03-28,7,15,0.466666666666667,0.238582541188699,8.62684577033077
Chenango,2020-03-29T00:00:00.000,2,17,7,66,66,17,2020-03-29,2,7,0.285714285714286,0.232915480933521,2.45314354683671
Chenango,2020-03-30T00:00:00.000,2,19,9,75,75,19,2020-03-30,2,9,0.222222222222222,0.226418089057126,2.45280466529741
Chenango,2020-03-31T00:00:00.000,7,26,20,95,95,26,2020-03-31,7,20,0.35,0.219197604494077,8.57366577641224
Chenango,2020-04-01T00:00:00.000,2,28,16,111,111,28,2020-04-01,2,16,0.125,0.211368990335736,2.44286344900403
Chenango,2020-04-02T00:00:00.000,4,32,17,128,128,32,2020-04-02,4,17,0.235294117647059,0.20305176726192,4.80397559745114
Chenango,2020-04-03T00:00:00.000,7,39,40,168,168,39,2020-04-03,7,40,0.175,0.194366758797938,8.27610916047815
Chenango,2020-04-04T00:00:00.000,4,43,17,185,185,43,2020-04-04,4,17,0.235294117647059,0.185432889531401,4.69732545479166
Chenango,2020-04-05T00:00:00.000,3,46,27,212,212,46,2020-04-05,3,27,0.111111111111111,0.176364184155354,3.4966626697435
Chenango,2020-04-06T00:00:00.000,5,51,42,254,254,51,2020-04-06,5,42,0.119047619047619,0.167267107418667,5.82564385439561
Chenango,2020-04-07T00:00:00.000,2,53,11,265,265,53,2020-04-07,2,11,0.181818181818182,0.158238362748831,2.33489538715041
Chenango,2020-04-08T00:00:00.000,2,55,21,286,286,55,2020-04-08,2,21,0.0952380952380952,0.149363233085976,2.33950124210684
Chenango,2020-04-09T00:00:00.000,5,60,29,315,315,60,2020-04-09,5,29,0.172413793103448,0.140714505849827,5.8608135871177
Chenango,2020-04-10T00:00:00.000,1,61,17,332,332,61,2020-04-10,1,17,0.0588235294117647,0.132351980539412,1.17458621300426
Chenango,2020-04-11T00:00:00.000,2,63,12,344,344,63,2020-04-11,2,12,0.166666666666667,0.124322517801343,2.35587705384267
Chenango,2020-04-12T00:00:00.000,2,65,17,361,361,65,2020-04-12,2,17,0.117647058823529,0.11666055711058,2.37277760093589
Chenango,2020-04-13T00:00:00.000,3,68,36,397,397,68,2020-04-13,3,36,0.0833333333333333,0.109389009309104,3.58322805339748
Chenango,2020-04-14T00:00:00.000,3,71,17,414,414,71,2020-04-14,3,17,0.176470588235294,0.102520420678966,3.60541988805655
Chenango,2020-04-15T00:00:00.000,2,73,21,435,435,73,2020-04-15,2,21,0.0952380952380952,0.0960583061821286,2.41461802081876
Chenango,2020-04-16T00:00:00.000,3,76,16,451,451,76,2020-04-16,3,16,0.1875,0.0899985586974677,3.62955289099971
Chenango,2020-04-17T00:00:00.000,1,77,11,462,462,77,2020-04-17,1,11,0.0909090909090909,0.084330855903726,1.21151671338508
Chenango,2020-04-18T00:00:00.000,1,78,13,475,475,78,2020-04-18,1,13,0.0769230769230769,0.0790400040570998,1.21213852878915
Chenango,2020-04-19T00:00:00.000,0,78,11,486,486,78,2020-04-19,0,11,0,0.0741071759188149,0
Chenango,2020-04-20T00:00:00.000,1,79,7,493,493,79,2020-04-20,1,7,0.142857142857143,0.0695110167220093,1.21066098104094
Chenango,2020-04-21T00:00:00.000,0,79,17,510,510,79,2020-04-21,0,17,0,0.0652286061235965,0
Chenango,2020-04-22T00:00:00.000,3,82,20,530,530,82,2020-04-22,3,20,0.15,0.0612362750781346,3.61824501456164
Chenango,2020-04-23T00:00:00.000,2,84,20,550,550,84,2020-04-23,2,20,0.1,0.0575102843878518,2.40527324047744
Chenango,2020-04-24T00:00:00.000,7,91,144,694,694,91,2020-04-24,7,144,0.0486111111111111,0.0540273765826558,8.38887774259202
Chenango,2020-04-25T00:00:00.000,2,93,19,713,713,93,2020-04-25,2,19,0.105263157894737,0.050765215253327,2.38677991552826
Chenango,2020-04-26T00:00:00.000,2,95,23,736,736,95,2020-04-26,2,23,0.0869565217391304,0.0477027264858658,2.37461714853357
Chenango,2020-04-27T00:00:00.000,0,95,10,746,746,95,2020-04-27,0,10,0,0.0448203562227396,0
Chenango,2020-04-28T00:00:00.000,1,96,18,764,764,96,2020-04-28,1,18,0.0555555555555556,0.0421002556595556,1.17226784162121
Chenango,2020-04-29T00:00:00.000,2,98,25,789,789,98,2020-04-29,2,25,0.08,0.0395264046557047,2.3348805277987
Chenango,2020-04-30T00:00:00.000,1,99,21,810,810,99,2020-04-30,1,21,0.0476190476190476,0.0370846809271706,1.16790104597437
Chenango,2020-05-01T00:00:00.000,0,99,35,845,845,99,2020-05-01,0,35,0,0.0347628807913017,0
Chenango,2020-05-02T00:00:00.000,0,99,36,881,881,99,2020-05-02,0,36,0,0.0325506956708076,0
Chenango,2020-05-03T00:00:00.000,1,100,50,931,931,100,2020-05-03,1,50,0.02,0.0304396475490428,1.16324582327113
Chenango,2020-05-04T00:00:00.000,0,100,42,973,973,100,2020-05-04,0,42,0,0.0284229861817925,0
Chenango,2020-05-05T00:00:00.000,2,102,51,1024,1024,102,2020-05-05,2,51,0.0392156862745098,0.0264955510980692,2.30083967747337
Chenango,2020-05-06T00:00:00.000,3,105,50,1074,1074,105,2020-05-06,3,50,0.06,0.024653602168441,3.42897936914171
Chenango,2020-05-07T00:00:00.000,0,105,26,1100,1100,105,2020-05-07,0,26,0,0.0228946236664022,0
Chenango,2020-05-08T00:00:00.000,4,109,181,1281,1281,109,2020-05-08,4,181,0.0220994475138122,0.0212171080760934,4.55334770482109
Chenango,2020-05-09T00:00:00.000,0,109,45,1326,1326,109,2020-05-09,0,45,0,0.0196203272005751,0
Chenango,2020-05-10T00:00:00.000,2,111,107,1433,1433,111,2020-05-10,2,107,0.0186915887850467,0.0181040991678292,2.27134144850394
Chenango,2020-05-11T00:00:00.000,1,112,197,1630,1630,112,2020-05-11,1,197,0.0050761421319797,0.0166685605136164,1.1335942221943
Chenango,2020-05-12T00:00:00.000,0,112,83,1713,1713,112,2020-05-12,0,83,0,0.0153139524951711,0
Chenango,2020-05-13T00:00:00.000,0,112,41,1754,1754,112,2020-05-13,0,41,0,0.0140404300904286,0
Chenango,2020-05-14T00:00:00.000,1,113,45,1799,1799,113,2020-05-14,1,45,0.0222222222222222,0.0128479007802332,1.14389238559139
Chenango,2020-05-15T00:00:00.000,2,115,54,1853,1853,115,2020-05-15,2,54,0.037037037037037,0.0117358983016921,2.29831715640081
Chenango,2020-05-16T00:00:00.000,2,117,50,1903,1903,117,2020-05-16,2,50,0.04,0.0107034942843897,2.30464013904844
Chenango,2020-05-17T00:00:00.000,1,118,62,1965,1965,118,2020-05-17,1,62,0.0161290322580645,0.00974924825387476,1.15103298150499
Chenango,2020-05-18T00:00:00.000,0,118,67,2032,2032,118,2020-05-18,0,67,0,0.00887119415696754,0
Chenango,2020-05-19T00:00:00.000,0,118,54,2086,2086,118,2020-05-19,0,54,0,0.0080668595358721,0
Chenango,2020-05-20T00:00:00.000,0,118,150,2236,2236,118,2020-05-20,0,150,0,0.00733331193287381,0
Chenango,2020-05-21T00:00:00.000,0,118,219,2455,2455,118,2020-05-21,0,219,0,0.00666722613127246,0
Chenango,2020-05-22T00:00:00.000,0,118,143,2598,2598,118,2020-05-22,0,143,0,0.00606496546439838,0
Chenango,2020-05-23T00:00:00.000,0,118,226,2824,2824,118,2020-05-23,0,226,0,0.00552267060554701,0
Chenango,2020-05-24T00:00:00.000,1,119,217,3041,3041,119,2020-05-24,1,217,0.00460829493087558,0.00503634988896224,1.1303526042252
Chenango,2020-05-25T00:00:00.000,4,123,221,3262,3262,123,2020-05-25,4,221,0.0180995475113122,0.00460196617938965,4.498248526341
Chenango,2020-05-26T00:00:00.000,2,125,122,3384,3384,125,2020-05-26,2,122,0.0163934426229508,0.00421551645783329,2.23657148093821
Chenango,2020-05-27T00:00:00.000,1,126,139,3523,3523,126,2020-05-27,1,139,0.00719424460431655,0.00387310149654279,1.11305216585842
Chenango,2020-05-28T00:00:00.000,4,130,168,3691,3691,130,2020-05-28,4,168,0.0238095238095238,0.00357098414000119,4.42902145538714
Chenango,2020-05-29T00:00:00.000,2,132,199,3890,3890,132,2020-05-29,2,199,0.0100502512562814,0.00330563571283892,2.20195739652235
Chenango,2020-05-30T00:00:00.000,1,133,404,4294,4294,133,2020-05-30,1,404,0.00247524752475248,0.00307377088922352,1.10108553430298
Chenango,2020-05-31T00:00:00.000,0,133,173,4467,4467,133,2020-05-31,0,173,0,0.00287237196251178,0
Chenango,2020-06-01T00:00:00.000,0,133,190,4657,4657,133,2020-06-01,0,190,0,0.00269870385259719,0
Chenango,2020-06-02T00:00:00.000,0,133,245,4902,4902,133,2020-06-02,0,245,0,0.00255032140436024,0
Chenango,2020-06-03T00:00:00.000,0,133,193,5095,5095,133,2020-06-03,0,193,0,0.00242507059392942,0
Chenango,2020-06-04T00:00:00.000,0,133,329,5424,5424,133,2020-06-04,0,329,0,0.00232108520577717,0
Chenango,2020-06-05T00:00:00.000,0,133,252,5676,5676,133,2020-06-05,0,252,0,0.00223678040752107,0
Chenango,2020-06-06T00:00:00.000,1,134,233,5909,5909,134,2020-06-06,1,233,0.00429184549356223,0.00217084445897381,1.12621959564379
Chenango,2020-06-07T00:00:00.000,1,135,313,6222,6222,135,2020-06-07,1,313,0.00319488817891374,0.00212222957166485,1.12630034927463
Chenango,2020-06-08T00:00:00.000,0,135,177,6399,6399,135,2020-06-08,0,177,0,0.00209014270126984,0
Chenango,2020-06-09T00:00:00.000,2,137,234,6633,6633,137,2020-06-09,2,234,0.00854700854700855,0.00207403681823518,2.25218760106765
Chenango,2020-06-10T00:00:00.000,0,137,264,6897,6897,137,2020-06-10,0,264,0,0.00207360296563512,0
Chenango,2020-06-11T00:00:00.000,1,138,273,7170,7170,138,2020-06-11,1,273,0.00366300366300366,0.00208876317879855,1.12544697579514
Chenango,2020-06-12T00:00:00.000,0,138,188,7358,7358,138,2020-06-12,0,188,0,0.00211966410528458,0
Chenango,2020-06-13T00:00:00.000,0,138,219,7577,7577,138,2020-06-13,0,219,0,0.00216667092201038,0
Chenango,2020-06-14T00:00:00.000,0,138,79,7656,7656,138,2020-06-14,0,79,0,0.00223036089481983,0
Chenango,2020-06-15T00:00:00.000,1,139,213,7869,7869,139,2020-06-15,1,213,0.00469483568075117,0.00231151566182258,1.12260797671613
Chenango,2020-06-16T00:00:00.000,0,139,175,8044,8044,139,2020-06-16,0,175,0,0.00241111104710486,0
Chenango,2020-06-17T00:00:00.000,0,139,281,8325,8325,139,2020-06-17,0,281,0,0.00253030293287901,0
Chenango,2020-06-18T00:00:00.000,0,139,359,8684,8684,139,2020-06-18,0,359,0,0.00267040745108424,0
Chenango,2020-06-19T00:00:00.000,0,139,169,8853,8853,139,2020-06-19,0,169,0,0.0028328735254987,0
Chenango,2020-06-20T00:00:00.000,0,139,348,9201,9201,139,2020-06-20,0,348,0,0.00301924563901297,0
Chenango,2020-06-21T00:00:00.000,1,140,134,9335,9335,140,2020-06-21,1,134,0.00746268656716418,0.00323111466750974,1.11352000675365
Chenango,2020-06-22T00:00:00.000,1,141,273,9608,9608,141,2020-06-22,1,273,0.00366300366300366,0.00347005477133668,1.12161558557384
Chenango,2020-06-23T00:00:00.000,1,142,83,9691,9691,142,2020-06-23,1,83,0.0120481927710843,0.00373754473451581,1.12976801671669
Chenango,2020-06-24T00:00:00.000,2,144,217,9908,9908,144,2020-06-24,2,217,0.00921658986175115,0.00403487285589969,2.27583203760978
Chenango,2020-06-25T00:00:00.000,1,145,300,10208,10208,145,2020-06-25,1,300,0.00333333333333333,0.00436302558051328,1.14484540950839
Chenango,2020-06-26T00:00:00.000,1,146,199,10407,10407,146,2020-06-26,1,199,0.0050251256281407,0.00472256153627509,1.14960457226433
Chenango,2020-06-27T00:00:00.000,0,146,234,10641,10641,146,2020-06-27,0,234,0,0.00511347449533632,0
Chenango,2020-06-28T00:00:00.000,0,146,162,10803,10803,146,2020-06-28,0,162,0,0.00553505092405032,0
Chenango,2020-06-29T00:00:00.000,0,146,104,10907,10907,146,2020-06-29,0,104,0,0.00598573006326324,0
Chenango,2020-06-30T00:00:00.000,0,146,119,11026,11026,146,2020-06-30,0,119,0,0.00646297664984922,0
Chenango,2020-07-01T00:00:00.000,2,148,231,11257,11257,148,2020-07-01,2,231,0.00865800865800866,0.00696317813737275,2.36889430509283
Chenango,2020-07-02T00:00:00.000,0,148,256,11513,11513,148,2020-07-02,0,256,0,0.0074815792439188,0
Chenango,2020-07-03T00:00:00.000,1,149,115,11628,11628,149,2020-07-03,1,115,0.00869565217391304,0.00801226649750001,1.1998824049813
Chenango,2020-07-04T00:00:00.000,1,150,89,11717,11717,150,2020-07-04,1,89,0.0112359550561798,0.00854821387838723,1.2042913711056
Chenango,2020-07-05T00:00:00.000,6,156,433,12150,12150,156,2020-07-05,6,433,0.0138568129330254,0.00908139753111246,7.2467465280726
Chenango,2020-07-06T00:00:00.000,1,157,225,12375,12375,157,2020-07-06,1,225,0.00444444444444444,0.00960298288610559,1.21055219815103
Chenango,2020-07-07T00:00:00.000,2,159,83,12458,12458,159,2020-07-07,2,83,0.0240963855421687,0.0101035816858226,2.42917270964912
Chenango,2020-07-08T00:00:00.000,4,163,87,12545,12545,163,2020-07-08,4,87,0.0459770114942529,0.0105735698814235,4.87102620607831
Chenango,2020-07-09T00:00:00.000,3,166,208,12753,12753,166,2020-07-09,3,208,0.0144230769230769,0.0110034508721066,3.66012234302253
Chenango,2020-07-10T00:00:00.000,0,166,133,12886,12886,166,2020-07-10,0,133,0,0.0113842429238877,0
Chenango,2020-07-11T00:00:00.000,0,166,162,13048,13048,166,2020-07-11,0,162,0,0.0117078656207062,0
Chenango,2020-07-12T00:00:00.000,3,169,188,13236,13236,169,2020-07-12,3,188,0.0159574468085106,0.0119674985083183,3.6644783324813
Chenango,2020-07-13T00:00:00.000,2,171,282,13518,13518,171,2020-07-13,2,282,0.00709219858156028,0.0121578860562598,2.44038747629075
Chenango,2020-07-14T00:00:00.000,4,175,209,13727,13727,175,2020-07-14,4,209,0.0191387559808612,0.012275566693018,4.87213587786287
Chenango,2020-07-15T00:00:00.000,3,178,129,13856,13856,178,2020-07-15,3,129,0.0232558139534884,0.0123190096214791,3.64513348486732
Chenango,2020-07-16T00:00:00.000,3,181,197,14053,14053,181,2020-07-16,3,197,0.0152284263959391,0.0122886507151059,3.63709069002133
Chenango,2020-07-17T00:00:00.000,1,182,173,14226,14226,182,2020-07-17,1,173,0.00578034682080925,0.0121868271515931,1.21294445025611
Chenango,2020-07-18T00:00:00.000,0,182,112,14338,14338,182,2020-07-18,0,112,0,0.0120176185859716,0
Chenango,2020-07-19T00:00:00.000,2,184,134,14472,14472,184,2020-07-19,2,134,0.0149253731343284,0.0117866096995893,2.4209968765425
Chenango,2020-07-20T00:00:00.000,4,188,175,14647,14647,188,2020-07-20,4,175,0.0228571428571429,0.0115005941710846,4.82698998877856
Chenango,2020-07-21T00:00:00.000,3,191,306,14953,14953,191,2020-07-21,3,306,0.00980392156862745,0.0111672430718315,3.59310091938281
Chenango,2020-07-22T00:00:00.000,3,194,204,15157,15157,194,2020-07-22,3,204,0.0147058823529412,0.0107947612692781,3.55964291884944
Chenango,2020-07-23T00:00:00.000,2,196,212,15369,15369,196,2020-07-23,2,212,0.00943396226415094,0.0103915538238343,2.34725921105822
Chenango,2020-07-24T00:00:00.000,7,203,220,15589,15589,203,2020-07-24,7,220,0.0318181818181818,0.00996592100372416,8.11540671503651
Chenango,2020-07-25T00:00:00.000,0,203,102,15691,15691,203,2020-07-25,0,102,0,0.00952579600836829,0
Chenango,2020-07-26T00:00:00.000,0,203,249,15940,15940,203,2020-07-26,0,249,0,0.00907853441097106,0
Chenango,2020-07-27T00:00:00.000,0,203,92,16032,16032,203,2020-07-27,0,92,0,0.0086307593016671,0
Chenango,2020-07-28T00:00:00.000,2,205,147,16179,16179,205,2020-07-28,2,147,0.0136054421768707,0.00818826161942263,2.26540893285112
Chenango,2020-07-29T00:00:00.000,1,206,108,16287,16287,206,2020-07-29,1,108,0.00925925925925926,0.00775595153704031,1.12868769912902
Chenango,2020-07-30T00:00:00.000,1,207,189,16476,16476,207,2020-07-30,1,189,0.00529100529100529,0.00733785417732926,1.12714237857619
Chenango,2020-07-31T00:00:00.000,2,209,193,16669,16669,209,2020-07-31,2,193,0.0103626943005181,0.00693714141656972,2.2505840312874
Chenango,2020-08-01T00:00:00.000,2,211,289,16958,16958,211,2020-08-01,2,289,0.0069204152249135,0.00655619096909618,2.24630062377535
Chenango,2020-08-02T00:00:00.000,0,211,206,17164,17164,211,2020-08-02,0,206,0,0.00619666417703836,0
Chenango,2020-08-03T00:00:00.000,1,212,111,17275,17275,212,2020-08-03,1,111,0.00900900900900901,0.00585959473505009,1.11544218826325
Chenango,2020-08-04T00:00:00.000,0,212,179,17454,17454,212,2020-08-04,0,179,0,0.00554548174741939,0
Chenango,2020-08-05T00:00:00.000,0,212,95,17549,17549,212,2020-08-05,0,95,0,0.00525438185243382,0
Chenango,2020-08-06T00:00:00.000,3,215,213,17762,17762,215,2020-08-06,3,213,0.0140845070422535,0.00498599650078062,3.2998494496912
Chenango,2020-08-07T00:00:00.000,0,215,155,17917,17917,215,2020-08-07,0,155,0,0.00473975172711212,0
Chenango,2020-08-08T00:00:00.000,1,216,165,18082,18082,216,2020-08-08,1,165,0.00606060606060606,0.00451486884021461,1.08916264202971
Chenango,2020-08-09T00:00:00.000,0,216,122,18204,18204,216,2020-08-09,0,122,0,0.00431042534139746,0
Chenango,2020-08-10T00:00:00.000,2,218,520,18724,18724,218,2020-08-10,2,520,0.00384615384615385,0.00412540605683861,2.16246413464476
Chenango,2020-08-11T00:00:00.000,0,218,95,18819,18819,218,2020-08-11,0,95,0,0.00395874495412218,0
Chenango,2020-08-12T00:00:00.000,0,218,158,18977,18977,218,2020-08-12,0,158,0,0.00380935842845496,0
Chenango,2020-08-13T00:00:00.000,0,218,185,19162,19162,218,2020-08-13,0,185,0,0.00367617102265031,0
Chenango,2020-08-14T00:00:00.000,0,218,227,19389,19389,218,2020-08-14,0,227,0,0.00355813461821879,0
Chenango,2020-08-15T00:00:00.000,0,218,278,19667,19667,218,2020-08-15,0,278,0,0.00345424213145865,0
Chenango,2020-08-16T00:00:00.000,0,218,249,19916,19916,218,2020-08-16,0,249,0,0.00336353669261077,0
Chenango,2020-08-17T00:00:00.000,0,218,173,20089,20089,218,2020-08-17,0,173,0,0.00328511720048407,0
Chenango,2020-08-18T00:00:00.000,0,218,183,20272,20272,218,2020-08-18,0,183,0,0.00321814104163067,0
Chenango,2020-08-19T00:00:00.000,1,219,144,20416,20416,219,2020-08-19,1,144,0.00694444444444444,0.0031618246558573,1.05675438084256
Chenango,2020-08-20T00:00:00.000,3,222,419,20835,20835,222,2020-08-20,3,419,0.00715990453460621,0.00311544252551021,3.1702747530109
Chenango,2020-08-21T00:00:00.000,1,223,280,21115,21115,223,2020-08-21,1,280,0.00357142857142857,0.00307832506805905,1.05655065526362
Chenango,2020-08-22T00:00:00.000,0,223,131,21246,21246,223,2020-08-22,0,131,0,0.00304985582371351,0
Chenango,2020-08-23T00:00:00.000,0,223,119,21365,21365,223,2020-08-23,0,119,0,0.00302946825337469,0
Chenango,2020-08-24T00:00:00.000,0,223,144,21509,21509,223,2020-08-24,0,144,0,0.003016642394431,0
Chenango,2020-08-25T00:00:00.000,0,223,144,21653,21653,223,2020-08-25,0,144,0,0.00301090156574876,0
Chenango,2020-08-26T00:00:00.000,1,224,173,21826,21826,224,2020-08-26,1,173,0.00578034682080925,0.00301180926389485,1.04776353004285
Chenango,2020-08-27T00:00:00.000,0,224,361,22187,22187,224,2020-08-27,0,361,0,0.00301896635169652,0
Chenango,2020-08-28T00:00:00.000,1,225,290,22477,22477,225,2020-08-28,1,290,0.00344827586206897,0.00303200860461213,1.04611042093695
Chenango,2020-08-29T00:00:00.000,2,227,210,22687,22687,227,2020-08-29,2,210,0.00952380952380952,0.00305060465091372,2.09324103793173
Chenango,2020-08-30T00:00:00.000,1,228,153,22840,22840,228,2020-08-30,1,153,0.0065359477124183,0.00307445431533362,1.04674495390985
Chenango,2020-08-31T00:00:00.000,1,229,349,23189,23189,229,2020-08-31,1,349,0.00286532951289398,0.00310328735472094,1.04824677047263
Chenango,2020-09-01T00:00:00.000,0,229,158,23347,23347,229,2020-09-01,0,158,0,0.00313686255557785,0
Chenango,2020-09-02T00:00:00.000,1,230,134,23481,23481,230,2020-09-02,1,134,0.00746268656716418,0.00317496714875701,1.06084119298935
Chenango,2020-09-03T00:00:00.000,1,231,164,23645,23645,231,2020-09-03,1,164,0.00609756097560976,0.00321741648469451,1.0697714193887
Chenango,2020-09-04T00:00:00.000,2,233,330,23975,23975,233,2020-09-04,2,330,0.00606060606060606,0.00326405390460946,2.15234170051913
Chenango,2020-09-05T00:00:00.000,2,235,176,24151,24151,235,2020-09-05,2,176,0.0113636363636364,0.00331475073765307,2.16236294963658
Chenango,2020-09-06T00:00:00.000,0,235,294,24445,24445,235,2020-09-06,0,294,0,0.00336940635234099,0
Chenango,2020-09-07T00:00:00.000,4,239,187,24632,24632,239,2020-09-07,4,187,0.0213903743315508,0.00342794819148768,4.36112109252638
Chenango,2020-09-08T00:00:00.000,1,240,80,24712,24712,240,2020-09-08,1,80,0.0125,0.0034903317240696,1.09445528952463
Chenango,2020-09-09T00:00:00.000,2,242,120,24832,24832,242,2020-09-09,2,120,0.0166666666666667,0.00355654025317471,2.19671682679387
Chenango,2020-09-10T00:00:00.000,2,244,232,25064,25064,244,2020-09-10,2,232,0.00862068965517241,0.0036265845280662,2.20397033990531
Chenango,2020-09-11T00:00:00.000,1,245,446,25510,25510,245,2020-09-11,1,446,0.00224215246636771,0.00370050211747792,1.11000714068179
Chenango,2020-09-12T00:00:00.000,0,245,314,25824,25824,245,2020-09-12,0,314,0,0.00377835651220547,0
Chenango,2020-09-13T00:00:00.000,0,245,255,26079,26079,245,2020-09-13,0,255,0,0.00386023593565823,0
Chenango,2020-09-14T00:00:00.000,0,245,93,26172,26172,245,2020-09-14,0,93,0,0.00394625185230989,0
Chenango,2020-09-15T00:00:00.000,0,245,92,26264,26264,245,2020-09-15,0,92,0,0.0040365371739422,0
Chenango,2020-09-16T00:00:00.000,0,245,218,26482,26482,245,2020-09-16,0,218,0,0.00413124417367437,0
Chenango,2020-09-17T00:00:00.000,3,248,223,26705,26705,248,2020-09-17,3,223,0.0134529147982063,0.00423054212653946,3.47200267018052
Chenango,2020-09-18T00:00:00.000,0,248,338,27043,27043,248,2020-09-18,0,338,0,0.00433461470333398,0
Chenango,2020-09-19T00:00:00.000,0,248,283,27326,27326,248,2020-09-19,0,283,0,0.00444365715238052,0
Chenango,2020-09-20T00:00:00.000,0,248,173,27499,27499,248,2020-09-20,0,173,0,0.0045578733097509,0
Chenango,2020-09-21T00:00:00.000,0,248,87,27586,27586,248,2020-09-21,0,87,0,0.00467747248643559,0
Chenango,2020-09-22T00:00:00.000,0,248,107,27693,27693,248,2020-09-22,0,107,0,0.00480266628602622,0
Chenango,2020-09-23T00:00:00.000,0,248,161,27854,27854,248,2020-09-23,0,161,0,0.00493366541421932,0
Chenango,2020-09-24T00:00:00.000,0,248,166,28020,28020,248,2020-09-24,0,166,0,0.00507067654798214,0
Chenango,2020-09-25T00:00:00.000,1,249,457,28477,28477,249,2020-09-25,1,457,0.00218818380743982,0.00521389933901429,1.18853552025522
Chenango,2020-09-26T00:00:00.000,0,249,186,28663,28663,249,2020-09-26,0,186,0,0.00536352363407071,0
Chenango,2020-09-27T00:00:00.000,2,251,103,28766,28766,251,2020-09-27,2,103,0.0194174757281553,0.00551972700132669,2.38252194126358
Chenango,2020-09-28T00:00:00.000,0,251,111,28877,28877,251,2020-09-28,0,111,0,0.00568267265831662,0
Chenango,2020-09-29T00:00:00.000,2,253,174,29051,29051,253,2020-09-29,2,174,0.0114942528735632,0.00585250790289428,2.37464653031765
Chenango,2020-09-30T00:00:00.000,0,253,157,29208,29208,253,2020-09-30,0,157,0,0.00602936315122352,0
Chenango,2020-10-01T00:00:00.000,4,257,262,29470,29470,257,2020-10-01,4,262,0.0152671755725191,0.00621335168843767,4.71200561612872
Chenango,2020-10-02T00:00:00.000,2,259,457,29927,29927,259,2020-10-02,2,457,0.00437636761487965,0.00640457023521471,2.34902582643874
Chenango,2020-10-03T00:00:00.000,2,261,298,30225,30225,261,2020-10-03,2,298,0.00671140939597315,0.0066031004271085,2.36059926150933
Chenango,2020-10-04T00:00:00.000,1,262,148,30373,30373,262,2020-10-04,1,148,0.00675675675675676,0.00680901129390949,1.19028330173011
Chenango,2020-10-05T00:00:00.000,1,263,78,30451,30451,263,2020-10-05,1,78,0.0128205128205128,0.00702236281188907,1.20126990953137
Chenango,2020-10-06T00:00:00.000,2,265,98,30549,30549,265,2020-10-06,2,98,0.0204081632653061,0.00724321058346006,2.42476454946234
Chenango,2020-10-07T00:00:00.000,2,267,247,30796,30796,267,2020-10-07,2,247,0.00809716599190283,0.00747161167765184,2.4471801589489
Chenango,2020-10-08T00:00:00.000,1,268,295,31091,31091,268,2020-10-08,1,295,0.00338983050847458,0.00770763164147716,1.23486670341488
Chenango,2020-10-09T00:00:00.000,3,271,312,31403,31403,271,2020-10-09,3,312,0.00961538461538462,0.00795135266845633,3.7385696382043
Chenango,2020-10-10T00:00:00.000,4,275,247,31650,31650,275,2020-10-10,4,247,0.0161943319838057,0.00820288288899684,5.03016855689012
Chenango,2020-10-11T00:00:00.000,2,277,400,32050,32050,277,2020-10-11,2,400,0.005,0.00846236672916679,2.53782205000924
Clinton,2020-03-01T00:00:00.000,0,0,0,0,0,0,2020-03-01,0,0,0,0.00337404622095241,0
Clinton,2020-03-02T00:00:00.000,0,0,0,0,0,0,2020-03-02,0,0,0,0.00420660491226914,0
Clinton,2020-03-03T00:00:00.000,0,0,0,0,0,0,2020-03-03,0,0,0,0.00524228068545464,0
Clinton,2020-03-04T00:00:00.000,0,0,0,0,0,0,2020-03-04,0,0,0,0.00652723500420029,0
Clinton,2020-03-05T00:00:00.000,0,0,0,0,0,0,2020-03-05,0,0,0,0.00811521609754833,0
Clinton,2020-03-06T00:00:00.000,0,0,0,0,0,0,2020-03-06,0,0,0,0.0100673237171786,0
Clinton,2020-03-07T00:00:00.000,0,0,0,0,0,0,2020-03-07,0,0,0,0.0124509710488393,0
Clinton,2020-03-08T00:00:00.000,0,0,0,0,0,0,2020-03-08,0,0,0,0.0153377610156235,0
Clinton,2020-03-09T00:00:00.000,0,0,0,0,0,0,2020-03-09,0,0,0,0.0188000184398921,0
Clinton,2020-03-10T00:00:00.000,0,0,0,0,0,0,2020-03-10,0,0,0,0.0229058124233907,0
Clinton,2020-03-11T00:00:00.000,0,0,4,4,4,0,2020-03-11,0,4,0,0.0277124831144692,0
Clinton,2020-03-12T00:00:00.000,0,0,3,7,7,0,2020-03-12,0,3,0,0.0332589559475364,0
Clinton,2020-03-13T00:00:00.000,0,0,1,8,8,0,2020-03-13,0,1,0,0.039557458964323,0
Clinton,2020-03-14T00:00:00.000,0,0,1,9,9,0,2020-03-14,0,1,0,0.0465855944249136,0
Clinton,2020-03-15T00:00:00.000,0,0,0,9,9,0,2020-03-15,0,0,0.5,0.0542799633104636,0
Clinton,2020-03-16T00:00:00.000,1,1,1,10,10,1,2020-03-16,1,1,1,0.0625325999424012,1.52683714716076
Clinton,2020-03-17T00:00:00.000,0,1,3,13,13,1,2020-03-17,0,3,0,0.0711912696560359,0
Clinton,2020-03-18T00:00:00.000,1,2,21,34,34,2,2020-03-18,1,21,0.0476190476190476,0.0800642067898828,1.44512803886687
Clinton,2020-03-19T00:00:00.000,0,2,9,43,43,2,2020-03-19,0,9,0,0.0889292008038899,0
Clinton,2020-03-20T00:00:00.000,2,4,12,55,55,4,2020-03-20,2,12,0.166666666666667,0.0975462269463069,2.73539366129946
Clinton,2020-03-21T00:00:00.000,0,4,2,57,57,4,2020-03-21,0,2,0,0.105672241602326,0
Clinton,2020-03-22T00:00:00.000,2,6,12,69,69,6,2020-03-22,2,12,0.166666666666667,0.113076460875699,2.59068368771273
Clinton,2020-03-23T00:00:00.000,2,8,17,86,86,8,2020-03-23,2,17,0.117647058823529,0.119554466355285,2.52403991334963
Clinton,2020-03-24T00:00:00.000,2,10,14,100,100,10,2020-03-24,2,14,0.142857142857143,0.124939789194684,2.46148593041011
Clinton,2020-03-25T00:00:00.000,1,11,16,116,116,11,2020-03-25,1,16,0.0625,0.129112098386613,1.21150984629629
Clinton,2020-03-26T00:00:00.000,0,11,6,122,122,11,2020-03-26,0,6,0,0.132001629260336,0
Clinton,2020-03-27T00:00:00.000,1,12,22,144,144,12,2020-03-27,1,22,0.0454545454545455,0.133589929288772,1.17672730457752
Clinton,2020-03-28T00:00:00.000,1,13,18,162,162,13,2020-03-28,1,18,0.0555555555555556,0.133907317059384,1.16324329709551
Clinton,2020-03-29T00:00:00.000,4,17,19,181,181,17,2020-03-29,4,19,0.210526315789474,0.133027642519987,4.63903139341694
Clinton,2020-03-30T00:00:00.000,4,21,9,190,190,21,2020-03-30,4,9,0.444444444444444,0.131061029037014,4.64460948246758
Clinton,2020-03-31T00:00:00.000,4,25,21,211,211,25,2020-03-31,4,21,0.19047619047619,0.128145304492464,4.64317647387801
Clinton,2020-04-01T00:00:00.000,0,25,5,216,216,25,2020-04-01,0,5,0,0.124436815889762,0
Clinton,2020-04-02T00:00:00.000,5,30,16,232,232,30,2020-04-02,5,16,0.3125,0.120101281082547,5.69776971216243
Clinton,2020-04-03T00:00:00.000,1,31,11,243,243,31,2020-04-03,1,11,0.0909090909090909,0.115305262239405,1.12214992252925
Clinton,2020-04-04T00:00:00.000,2,33,23,266,266,33,2020-04-04,2,23,0.0869565217391304,0.110208744446666,2.22958269334296
Clinton,2020-04-05T00:00:00.000,3,36,14,280,280,36,2020-04-05,3,14,0.214285714285714,0.104959169779824,3.31982152406959
Clinton,2020-04-06T00:00:00.000,1,37,16,296,296,37,2020-04-06,1,16,0.0625,0.099687120901631,1.10636079371362
Clinton,2020-04-07T00:00:00.000,2,39,25,321,321,39,2020-04-07,2,25,0.08,0.0945036856195088,2.21758933205779
Clinton,2020-04-08T00:00:00.000,1,40,25,346,346,40,2020-04-08,1,25,0.04,0.089499385554206,1.11135016738216
Clinton,2020-04-09T00:00:00.000,3,43,17,363,363,43,2020-04-09,3,17,0.176470588235294,0.0847444364177589,3.34261525687802
Clinton,2020-04-10T00:00:00.000,0,43,23,386,386,43,2020-04-10,0,23,0,0.0802900357408082,0
Clinton,2020-04-11T00:00:00.000,0,43,25,411,411,43,2020-04-11,0,25,0,0.0761703486946367,0
Clinton,2020-04-12T00:00:00.000,1,44,9,420,420,44,2020-04-12,1,9,0.111111111111111,0.0724048776132706,1.13112712226817
Clinton,2020-04-13T00:00:00.000,1,45,23,443,443,45,2020-04-13,1,23,0.0434782608695652,0.0690009450576004,1.14062091258928
Clinton,2020-04-14T00:00:00.000,0,45,8,451,451,45,2020-04-14,0,8,0,0.0659560803087009,0
Clinton,2020-04-15T00:00:00.000,1,46,17,468,468,46,2020-04-15,1,17,0.0588235294117647,0.0632601635677589,1.15791846749471
Clinton,2020-04-16T00:00:00.000,1,47,21,489,489,47,2020-04-16,1,21,0.0476190476190476,0.0608972418287476,1.16350453826163
Clinton,2020-04-17T00:00:00.000,1,48,16,505,505,48,2020-04-17,1,16,0.0625,0.0588469805154468,1.16870035874439
Clinton,2020-04-18T00:00:00.000,1,49,12,517,517,49,2020-04-18,1,12,0.0833333333333333,0.0570857535335201,1.17333043039519
Clinton,2020-04-19T00:00:00.000,2,51,10,527,527,51,2020-04-19,2,10,0.2,0.055587401962635,2.35488542708113
Clinton,2020-04-20T00:00:00.000,0,51,17,544,544,51,2020-04-20,0,17,0,0.0543237101721446,0
Clinton,2020-04-21T00:00:00.000,0,51,4,548,548,51,2020-04-21,0,4,0,0.0532646599273372,0
Clinton,2020-04-22T00:00:00.000,1,52,11,559,559,52,2020-04-22,1,11,0.0909090909090909,0.0523785304108218,1.18738394408042
Clinton,2020-04-23T00:00:00.000,1,53,14,573,573,53,2020-04-23,1,14,0.0714285714285714,0.051631916524005,1.18973899701957
Clinton,2020-04-24T00:00:00.000,1,54,39,612,612,54,2020-04-24,1,39,0.0256410256410256,0.0509897401216488,1.19149635194643
Clinton,2020-04-25T00:00:00.000,3,57,28,640,640,57,2020-04-25,3,28,0.107142857142857,0.0504153289822602,3.57769464603664
Clinton,2020-04-26T00:00:00.000,2,59,30,670,670,59,2020-04-26,2,30,0.0666666666666667,0.049870635316865,2.38519433747621
Clinton,2020-04-27T00:00:00.000,0,59,15,685,685,59,2020-04-27,0,15,0,0.0493166582082979,0
Clinton,2020-04-28T00:00:00.000,0,59,23,708,708,59,2020-04-28,0,23,0,0.048714120761193,0
Clinton,2020-04-29T00:00:00.000,0,59,40,748,748,59,2020-04-29,0,40,0,0.0480244316827707,0
Clinton,2020-04-30T00:00:00.000,2,61,48,796,796,61,2020-04-30,2,48,0.0416666666666667,0.0472109317979547,2.39287959103135
Clinton,2020-05-01T00:00:00.000,1,62,35,831,831,62,2020-05-01,1,35,0.0285714285714286,0.0462403893386538,1.20193581018976
Clinton,2020-05-02T00:00:00.000,4,66,33,864,864,66,2020-05-02,4,33,0.121212121212121,0.0450846662267874,4.82187721034103
Clinton,2020-05-03T00:00:00.000,2,68,21,885,885,68,2020-05-03,2,21,0.0952380952380952,0.0437224352576283,2.41228140931471
Clinton,2020-05-04T00:00:00.000,1,69,27,912,912,69,2020-05-04,1,27,0.037037037037037,0.0421407912751946,1.20413506016815
Clinton,2020-05-05T00:00:00.000,0,69,25,937,937,69,2020-05-05,0,25,0,0.0403365753589042,0
Clinton,2020-05-06T00:00:00.000,0,69,22,959,959,69,2020-05-06,0,22,0,0.0383172268979401,0
Clinton,2020-05-07T00:00:00.000,5,74,72,1031,1031,74,2020-05-07,5,72,0.0694444444444444,0.0361010000750509,5.96044642735626
Clinton,2020-05-08T00:00:00.000,2,76,27,1058,1058,76,2020-05-08,2,27,0.0740740740740741,0.0337164310446489,2.38460450771513
Clinton,2020-05-09T00:00:00.000,0,76,33,1091,1091,76,2020-05-09,0,33,0,0.0312010176423251,0
Clinton,2020-05-10T00:00:00.000,0,76,53,1144,1144,76,2020-05-10,0,53,0,0.0285991666352402,0
Clinton,2020-05-11T00:00:00.000,1,77,38,1182,1182,77,2020-05-11,1,38,0.0263157894736842,0.0259595607566034,1.1849432410278
Clinton,2020-05-12T00:00:00.000,1,78,53,1235,1235,78,2020-05-12,1,53,0.0188679245283019,0.0233321820879847,1.18262321696106
Clinton,2020-05-13T00:00:00.000,3,81,123,1358,1358,81,2020-05-13,3,123,0.024390243902439,0.0207652828627676,3.54903187663862
Clinton,2020-05-14T00:00:00.000,4,85,126,1484,1484,85,2020-05-14,4,126,0.0317460317460317,0.0183026068937822,4.74038088491609
Clinton,2020-05-15T00:00:00.000,6,91,150,1634,1634,91,2020-05-15,6,150,0.04,0.0159811301906563,7.11115801212547
Clinton,2020-05-16T00:00:00.000,1,92,88,1722,1722,92,2020-05-16,1,88,0.0113636363636364,0.0138295136389475,1.1822280474611
Clinton,2020-05-17T00:00:00.000,2,94,155,1877,1877,94,2020-05-17,2,155,0.0129032258064516,0.0118673586037594,2.34777274870788
Clinton,2020-05-18T00:00:00.000,0,94,59,1936,1936,94,2020-05-18,0,59,0,0.0101052482019715,0
Clinton,2020-05-19T00:00:00.000,0,94,58,1994,1994,94,2020-05-19,0,58,0,0.00854546291030897,0
Clinton,2020-05-20T00:00:00.000,0,94,204,2198,2198,94,2020-05-20,0,204,0,0.00718319438963337,0
Clinton,2020-05-21T00:00:00.000,0,94,131,2329,2329,94,2020-05-21,0,131,0,0.00600805286491215,0
Clinton,2020-05-22T00:00:00.000,1,95,135,2464,2464,95,2020-05-22,1,135,0.00740740740740741,0.00500566953998753,1.11678394773806
Clinton,2020-05-23T00:00:00.000,0,95,131,2595,2595,95,2020-05-23,0,131,0,0.00415922810023867,0
Clinton,2020-05-24T00:00:00.000,0,95,70,2665,2665,95,2020-05-24,0,70,0,0.00345080684692023,0
Clinton,2020-05-25T00:00:00.000,0,95,108,2773,2773,95,2020-05-25,0,108,0,0.00286246399929226,0
Clinton,2020-05-26T00:00:00.000,0,95,51,2824,2824,95,2020-05-26,0,51,0,0.00237704427774944,0
Clinton,2020-05-27T00:00:00.000,0,95,201,3025,3025,95,2020-05-27,0,201,0,0.00197871978999369,0
Clinton,2020-05-28T00:00:00.000,0,95,226,3251,3251,95,2020-05-28,0,226,0,0.0016533007257716,0
Clinton,2020-05-29T00:00:00.000,0,95,441,3692,3692,95,2020-05-29,0,441,0,0.00138836235827987,0
Clinton,2020-05-30T00:00:00.000,0,95,329,4021,4021,95,2020-05-30,0,329,0,0.00117323681015691,0
Clinton,2020-05-31T00:00:00.000,1,96,146,4167,4167,96,2020-05-31,1,146,0.00684931506849315,0.000998913947413848,0.995597150098426
Clinton,2020-06-01T00:00:00.000,1,97,147,4314,4314,97,2020-06-01,1,147,0.00680272108843537,0.000857888381517375,0.992435148190496
Clinton,2020-06-02T00:00:00.000,0,97,309,4623,4623,97,2020-06-02,0,309,0,0.000743981059382198,0
Clinton,2020-06-03T00:00:00.000,0,97,632,5255,5255,97,2020-06-03,0,632,0,0.000652155760729524,0
Clinton,2020-06-04T00:00:00.000,0,97,319,5574,5574,97,2020-06-04,0,319,0,0.000578343819065669,0
Clinton,2020-06-05T00:00:00.000,0,97,421,5995,5995,97,2020-06-05,0,421,0,0.000519284858911373,0
Clinton,2020-06-06T00:00:00.000,0,97,305,6300,6300,97,2020-06-06,0,305,0,0.000472387292309114,0
Clinton,2020-06-07T00:00:00.000,0,97,220,6520,6520,97,2020-06-07,0,220,0,0.000435609557224606,0
Clinton,2020-06-08T00:00:00.000,0,97,105,6625,6625,97,2020-06-08,0,105,0,0.000407361348564294,0
Clinton,2020-06-09T00:00:00.000,0,97,306,6931,6931,97,2020-06-09,0,306,0,0.000386423122358875,0
Clinton,2020-06-10T00:00:00.000,1,98,268,7199,7199,98,2020-06-10,1,268,0.00373134328358209,0.000371881708961855,0.948066258586339
Clinton,2020-06-11T00:00:00.000,0,98,350,7549,7549,98,2020-06-11,0,350,0,0.000363079761663379,0
Clinton,2020-06-12T00:00:00.000,0,98,285,7834,7834,98,2020-06-12,0,285,0,0.00035957684843216,0
Clinton,2020-06-13T00:00:00.000,0,98,187,8021,8021,98,2020-06-13,0,187,0,0.000361120163120457,0
Clinton,2020-06-14T00:00:00.000,0,98,137,8158,8158,98,2020-06-14,0,137,0,0.000367623017470193,0
Clinton,2020-06-15T00:00:00.000,1,99,225,8383,8383,99,2020-06-15,1,225,0.00444444444444444,0.000379149429506285,0.936956612248716
Clinton,2020-06-16T00:00:00.000,0,99,242,8625,8625,99,2020-06-16,0,242,0,0.000395903218285354,0
Clinton,2020-06-17T00:00:00.000,0,99,252,8877,8877,99,2020-06-17,0,252,0,0.000418220033377539,0
Clinton,2020-06-18T00:00:00.000,0,99,251,9128,9128,99,2020-06-18,0,251,0,0.000446560685469061,0
Clinton,2020-06-19T00:00:00.000,1,100,325,9453,9453,100,2020-06-19,1,325,0.00307692307692308,0.000481504009738468,0.935190144667868
Clinton,2020-06-20T00:00:00.000,0,100,112,9565,9565,100,2020-06-20,0,112,0,0.000523737307702025,0
Clinton,2020-06-21T00:00:00.000,0,100,192,9757,9757,100,2020-06-21,0,192,0,0.000574042216006334,0
Clinton,2020-06-22T00:00:00.000,0,100,167,9924,9924,100,2020-06-22,0,167,0,0.000633273702815781,0
Clinton,2020-06-23T00:00:00.000,0,100,184,10108,10108,100,2020-06-23,0,184,0,0.00070232987744519,0
Clinton,2020-06-24T00:00:00.000,1,101,312,10420,10420,101,2020-06-24,1,312,0.00320512820512821,0.000782110518868238,0.965726254572652
Clinton,2020-06-25T00:00:00.000,0,101,153,10573,10573,101,2020-06-25,0,153,0,0.000873462795711253,0
Clinton,2020-06-26T00:00:00.000,0,101,264,10837,10837,101,2020-06-26,0,264,0,0.000977113662008278,0
Clinton,2020-06-27T00:00:00.000,0,101,226,11063,11063,101,2020-06-27,0,226,0,0.00109358992985191,0
Clinton,2020-06-28T00:00:00.000,0,101,160,11223,11223,101,2020-06-28,0,160,0,0.00122312901980491,0
Clinton,2020-06-29T00:00:00.000,0,101,133,11356,11356,101,2020-06-29,0,133,0,0.00136558573918295,0
Clinton,2020-06-30T00:00:00.000,0,101,287,11643,11643,101,2020-06-30,0,287,0,0.00152034286417533,0
Clinton,2020-07-01T00:00:00.000,0,101,254,11897,11897,101,2020-07-01,0,254,0,0.00168623539524242,0
Clinton,2020-07-02T00:00:00.000,0,101,156,12053,12053,101,2020-07-02,0,156,0,0.0018614996167426,0
Clinton,2020-07-03T00:00:00.000,0,101,114,12167,12167,101,2020-07-03,0,114,0,0.00204375801647437,0
Clinton,2020-07-04T00:00:00.000,2,103,183,12350,12350,103,2020-07-04,2,183,0.0109289617486339,0.00223004932087422,2.10574355000204
Clinton,2020-07-05T00:00:00.000,0,103,140,12490,12490,103,2020-07-05,0,140,0,0.00241690924762365,0
Clinton,2020-07-06T00:00:00.000,2,105,295,12785,12785,105,2020-07-06,2,295,0.00677966101694915,0.00260050229285171,2.12460708269079
Clinton,2020-07-07T00:00:00.000,1,106,186,12971,12971,106,2020-07-07,1,186,0.00537634408602151,0.00277679857905615,1.06741991173776
Clinton,2020-07-08T00:00:00.000,1,107,339,13310,13310,107,2020-07-08,1,339,0.00294985250737463,0.00294178344434579,1.07151777729224
Clinton,2020-07-09T00:00:00.000,0,107,278,13588,13588,107,2020-07-09,0,278,0,0.00309168216691,0
Clinton,2020-07-10T00:00:00.000,1,108,211,13799,13799,108,2020-07-10,1,211,0.004739336492891,0.00322317903277925,1.07662679571324
Clinton,2020-07-11T00:00:00.000,1,109,190,13989,13989,109,2020-07-11,1,190,0.00526315789473684,0.00333360957968116,1.07766133002452
Clinton,2020-07-12T00:00:00.000,0,109,178,14167,14167,109,2020-07-12,0,178,0,0.00342110748596194,0
Clinton,2020-07-13T00:00:00.000,1,110,280,14447,14447,110,2020-07-13,1,280,0.00357142857142857,0.00348469284158865,1.07686047107739
Clinton,2020-07-14T00:00:00.000,1,111,215,14662,14662,111,2020-07-14,1,215,0.00465116279069767,0.00352429554612678,1.07513370615151
Clinton,2020-07-15T00:00:00.000,0,111,261,14923,14923,111,2020-07-15,0,261,0,0.0035407151448323,0
Clinton,2020-07-16T00:00:00.000,0,111,236,15159,15159,111,2020-07-16,0,236,0,0.00353552530025147,0
Clinton,2020-07-17T00:00:00.000,0,111,357,15516,15516,111,2020-07-17,0,357,0,0.00351093630270157,0
Clinton,2020-07-18T00:00:00.000,2,113,145,15661,15661,113,2020-07-18,2,145,0.0137931034482759,0.00346963193626308,2.14138227728098
Clinton,2020-07-19T00:00:00.000,0,113,134,15795,15795,113,2020-07-19,0,134,0,0.00341459750786548,0
Clinton,2020-07-20T00:00:00.000,1,114,339,16134,16134,114,2020-07-20,1,339,0.00294985250737463,0.00334895420938288,1.06668281866626
Clinton,2020-07-21T00:00:00.000,0,114,264,16398,16398,114,2020-07-21,0,264,0,0.00327581181577386,0
Clinton,2020-07-22T00:00:00.000,0,114,317,16715,16715,114,2020-07-22,0,317,0,0.00319814774713663,0
Clinton,2020-07-23T00:00:00.000,3,117,285,17000,17000,117,2020-07-23,3,285,0.0105263157894737,0.00311871644989486,3.12163305625273
Clinton,2020-07-24T00:00:00.000,2,119,334,17334,17334,119,2020-07-24,2,334,0.00598802395209581,0.00303998942482446,2.05910128148541
Clinton,2020-07-25T00:00:00.000,1,120,368,17702,17702,120,2020-07-25,1,368,0.00271739130434783,0.00296412340853876,1.02173600733093
Clinton,2020-07-26T00:00:00.000,0,120,183,17885,17885,120,2020-07-26,0,183,0,0.00289295233504451,0
Clinton,2020-07-27T00:00:00.000,3,123,395,18280,18280,123,2020-07-27,3,395,0.00759493670886076,0.00282799773518299,3.05685151437478
Clinton,2020-07-28T00:00:00.000,0,123,129,18409,18409,123,2020-07-28,0,129,0,0.00277049202626034,0
Clinton,2020-07-29T00:00:00.000,2,125,307,18716,18716,125,2020-07-29,2,307,0.00651465798045603,0.00272140949571276,2.03291709794768
Clinton,2020-07-30T00:00:00.000,1,126,158,18874,18874,126,2020-07-30,1,158,0.00632911392405063,0.00268150047557884,1.01920057250029
Clinton,2020-07-31T00:00:00.000,1,127,297,19171,19171,127,2020-07-31,1,297,0.00336700336700337,0.00265132505960501,1.02210021651231
Clinton,2020-08-01T00:00:00.000,0,127,381,19552,19552,127,2020-08-01,0,381,0,0.00263128358243847,0
Clinton,2020-08-02T00:00:00.000,0,127,184,19736,19736,127,2020-08-02,0,184,0,0.00262164187906351,0
Clinton,2020-08-03T00:00:00.000,0,127,309,20045,20045,127,2020-08-03,0,309,0,0.00262255002265718,0
Clinton,2020-08-04T00:00:00.000,0,127,164,20209,20209,127,2020-08-04,0,164,0,0.00263405379422716,0
Clinton,2020-08-05T00:00:00.000,0,127,116,20325,20325,127,2020-08-05,0,116,0,0.00265609858763716,0
Clinton,2020-08-06T00:00:00.000,0,127,134,20459,20459,127,2020-08-06,0,134,0,0.00268852583364191,0
Clinton,2020-08-07T00:00:00.000,0,127,338,20797,20797,127,2020-08-07,0,338,0,0.00273106237422405,0
Clinton,2020-08-08T00:00:00.000,0,127,226,21023,21023,127,2020-08-08,0,226,0,0.00278330357937671,0
Clinton,2020-08-09T00:00:00.000,1,128,252,21275,21275,128,2020-08-09,1,252,0.00396825396825397,0.00284469140134129,1.04123033939954
Clinton,2020-08-10T00:00:00.000,1,129,374,21649,21649,129,2020-08-10,1,374,0.00267379679144385,0.00291448902253011,1.04430772303515
Clinton,2020-08-11T00:00:00.000,0,129,139,21788,21788,129,2020-08-11,0,139,0,0.00299175427536805,0
Clinton,2020-08-12T00:00:00.000,0,129,230,22018,22018,129,2020-08-12,0,230,0,0.00307531456041931,0
Clinton,2020-08-13T00:00:00.000,1,130,151,22169,22169,130,2020-08-13,1,151,0.00662251655629139,0.00316374650879508,1.05071994953641
Clinton,2020-08-14T00:00:00.000,1,131,257,22426,22426,131,2020-08-14,1,257,0.00389105058365759,0.00325536403940707,1.05180883285979
Clinton,2020-08-15T00:00:00.000,1,132,287,22713,22713,132,2020-08-15,1,287,0.00348432055749129,0.00334821864055118,1.05538862717671
Clinton,2020-08-16T00:00:00.000,1,133,109,22822,22822,133,2020-08-16,1,109,0.00917431192660551,0.0034401155361996,1.05830946436584
Clinton,2020-08-17T00:00:00.000,1,134,363,23185,23185,134,2020-08-17,1,363,0.00275482093663912,0.00352864877827003,1.06385603135834
Clinton,2020-08-18T00:00:00.000,0,134,213,23398,23398,134,2020-08-18,0,213,0,0.00361125715548546,0
Clinton,2020-08-19T00:00:00.000,1,135,170,23568,23568,135,2020-08-19,1,170,0.00588235294117647,0.0036853011298615,1.07306882230574
Clinton,2020-08-20T00:00:00.000,1,136,265,23833,23833,136,2020-08-20,1,265,0.00377358490566038,0.00374815888963374,1.07647877775587
Clinton,2020-08-21T00:00:00.000,5,141,335,24168,24168,141,2020-08-21,5,335,0.0149253731343284,0.00379733723010271,5.39481798745303
Clinton,2020-08-22T00:00:00.000,0,141,254,24422,24422,141,2020-08-22,0,254,0,0.00383059063496318,0
Clinton,2020-08-23T00:00:00.000,1,142,82,24504,24504,142,2020-08-23,1,82,0.0121951219512195,0.00384603998673903,1.08070221831253
Clinton,2020-08-24T00:00:00.000,4,146,400,24904,24904,146,2020-08-24,4,400,0.01,0.00384228113805051,4.31277731322095
Clinton,2020-08-25T00:00:00.000,1,147,157,25061,25061,147,2020-08-25,1,157,0.00636942675159236,0.0038184734417997,1.07452311248252
Clinton,2020-08-26T00:00:00.000,1,148,267,25328,25328,148,2020-08-26,1,267,0.00374531835205993,0.00377439941817222,1.07168047136941
Clinton,2020-08-27T00:00:00.000,1,149,193,25521,25521,149,2020-08-27,1,193,0.00518134715025907,0.00371048901772573,1.06878460654587
Clinton,2020-08-28T00:00:00.000,1,150,369,25890,25890,150,2020-08-28,1,369,0.002710027100271,0.00362780518293171,1.06504726420375
Clinton,2020-08-29T00:00:00.000,0,150,197,26087,26087,150,2020-08-29,0,197,0,0.00352799120853478,0
Clinton,2020-08-30T00:00:00.000,0,150,255,26342,26342,150,2020-08-30,0,255,0,0.00341318421485635,0
Clinton,2020-08-31T00:00:00.000,1,151,203,26545,26545,151,2020-08-31,1,203,0.00492610837438424,0.0032859023424214,1.0542577423031
Clinton,2020-09-01T00:00:00.000,0,151,249,26794,26794,151,2020-09-01,0,249,0,0.0031489155809959,0
Clinton,2020-09-02T00:00:00.000,1,152,171,26965,26965,152,2020-09-02,1,171,0.00584795321637427,0.00300511118239968,1.05502440546062
Clinton,2020-09-03T00:00:00.000,0,152,191,27156,27156,152,2020-09-03,0,191,0,0.00285736430241331,0
Clinton,2020-09-04T00:00:00.000,0,152,385,27541,27541,152,2020-09-04,0,385,0,0.00270842302934033,0
Clinton,2020-09-05T00:00:00.000,0,152,157,27698,27698,152,2020-09-05,0,157,0,0.00256081460346333,0
Clinton,2020-09-06T00:00:00.000,0,152,308,28006,28006,152,2020-09-06,0,308,0,0.00241677683602501,0
Clinton,2020-09-07T00:00:00.000,0,152,225,28231,28231,152,2020-09-07,0,225,0,0.00227821592149016,0
Clinton,2020-09-08T00:00:00.000,0,152,51,28282,28282,152,2020-09-08,0,51,0,0.0021466893665475,0
Clinton,2020-09-09T00:00:00.000,0,152,267,28549,28549,152,2020-09-09,0,267,0,0.0020234108747383,0
Clinton,2020-09-10T00:00:00.000,0,152,173,28722,28722,152,2020-09-10,0,173,0,0.00190927284372016,0
Clinton,2020-09-11T00:00:00.000,0,152,441,29163,29163,152,2020-09-11,0,441,0,0.00180488163618464,0
Clinton,2020-09-12T00:00:00.000,1,153,229,29392,29392,153,2020-09-12,1,229,0.00436681222707424,0.00171060087771056,1.03328398174279
Clinton,2020-09-13T00:00:00.000,0,153,225,29617,29617,153,2020-09-13,0,225,0,0.00162659855572697,0
Clinton,2020-09-14T00:00:00.000,1,154,330,29947,29947,154,2020-09-14,1,330,0.00303030303030303,0.00155289447529117,1.03397423600337
Clinton,2020-09-15T00:00:00.000,0,154,108,30055,30055,154,2020-09-15,0,108,0,0.00148940550988892,0
Clinton,2020-09-16T00:00:00.000,0,154,241,30296,30296,154,2020-09-16,0,241,0,0.00143598694763983,0
Clinton,2020-09-17T00:00:00.000,0,154,150,30446,30446,154,2020-09-17,0,150,0,0.0013924689880848,0
Clinton,2020-09-18T00:00:00.000,0,154,328,30774,30774,154,2020-09-18,0,328,0,0.00135868804671142,0
Clinton,2020-09-19T00:00:00.000,0,154,287,31061,31061,154,2020-09-19,0,287,0,0.00133451295898794,0
Clinton,2020-09-20T00:00:00.000,0,154,94,31155,31155,154,2020-09-20,0,94,0,0.001319866447816,0
Clinton,2020-09-21T00:00:00.000,1,155,381,31536,31536,155,2020-09-21,1,381,0.0026246719160105,0.0013147423531874,1.03655162122918
Clinton,2020-09-22T00:00:00.000,1,156,226,31762,31762,156,2020-09-22,1,226,0.00442477876106195,0.00131921914187134,1.03589509192216
Clinton,2020-09-23T00:00:00.000,1,157,298,32060,32060,157,2020-09-23,1,298,0.00335570469798658,0.0013334701525654,1.0348558626812
Clinton,2020-09-24T00:00:00.000,1,158,433,32493,32493,158,2020-09-24,1,433,0.0023094688221709,0.00135777091075571,1.03893332893601
Clinton,2020-09-25T00:00:00.000,1,159,417,32910,32910,159,2020-09-25,1,417,0.00239808153477218,0.00139250369413965,1.04153900064197
Clinton,2020-09-26T00:00:00.000,1,160,412,33322,33322,160,2020-09-26,1,412,0.00242718446601942,0.00143815936789557,1.04367777636787
Clinton,2020-09-27T00:00:00.000,1,161,259,33581,33581,161,2020-09-27,1,259,0.00386100386100386,0.00149533636041578,1.04541575941029
Clinton,2020-09-28T00:00:00.000,1,162,296,33877,33877,162,2020-09-28,1,296,0.00337837837837838,0.00156473654053038,1.04603910142082
Clinton,2020-09-29T00:00:00.000,0,162,361,34238,34238,162,2020-09-29,0,361,0,0.00164715771490953,0
Clinton,2020-09-30T00:00:00.000,0,162,1234,35472,35472,162,2020-09-30,0,1234,0,0.00174348251877687,0
Clinton,2020-10-01T00:00:00.000,2,164,407,35879,35879,164,2020-10-01,2,407,0.00491400491400491,0.00185466366150309,2.08770786054587
Clinton,2020-10-02T00:00:00.000,1,165,504,36383,36383,165,2020-10-02,1,504,0.00198412698412698,0.00198170584339649,1.04451027302546
Clinton,2020-10-03T00:00:00.000,1,166,467,36850,36850,166,2020-10-03,1,467,0.00214132762312634,0.00212564521085056,1.05382029666899
Clinton,2020-10-04T00:00:00.000,4,170,325,37175,37175,170,2020-10-04,4,325,0.0123076923076923,0.00228752798290556,4.26912202429041
Clinton,2020-10-05T00:00:00.000,3,173,425,37600,37600,173,2020-10-05,3,425,0.00705882352941176,0.00246839085962851,3.24604786837816
Clinton,2020-10-06T00:00:00.000,0,173,382,37982,37982,173,2020-10-06,0,382,0,0.00266924698407886,0
Clinton,2020-10-07T00:00:00.000,4,177,444,38426,38426,177,2020-10-07,4,444,0.00900900900900901,0.00289108251924655,4.45103037542819
Clinton,2020-10-08T00:00:00.000,1,178,1050,39476,39476,178,2020-10-08,1,1050,0.000952380952380952,0.0031348702402197,1.12862571823167
Clinton,2020-10-09T00:00:00.000,0,178,490,39966,39966,178,2020-10-09,0,490,0,0.00340160784807374,0
Clinton,2020-10-10T00:00:00.000,1,179,582,40548,40548,179,2020-10-10,1,582,0.00171821305841924,0.00369238993458567,1.1610653154181
Clinton,2020-10-11T00:00:00.000,0,179,255,40803,40803,179,2020-10-11,0,255,0,0.00400852369327632,0
Columbia,2020-03-01T00:00:00.000,0,0,0,0,0,0,2020-03-01,0,0,0,0.0286187441410878,0
Columbia,2020-03-02T00:00:00.000,0,0,0,0,0,0,2020-03-02,0,0,0,0.0301453306089383,0
Columbia,2020-03-03T00:00:00.000,0,0,0,0,0,0,2020-03-03,0,0,0,0.031750842092595,0
Columbia,2020-03-04T00:00:00.000,0,0,0,0,0,0,2020-03-04,0,0,0,0.0334393240657839,0
Columbia,2020-03-05T00:00:00.000,0,0,0,0,0,0,2020-03-05,0,0,0,0.0352151006403574,0
Columbia,2020-03-06T00:00:00.000,0,0,0,0,0,0,2020-03-06,0,0,0,0.0370827645828423,0
Columbia,2020-03-07T00:00:00.000,0,0,0,0,0,0,2020-03-07,0,0,0,0.0390471601481465,0
Columbia,2020-03-08T00:00:00.000,0,0,1,1,1,0,2020-03-08,0,1,0,0.0411133576977867,0
Columbia,2020-03-09T00:00:00.000,0,0,0,1,1,0,2020-03-09,0,0,0,0.0432866190251901,0
Columbia,2020-03-10T00:00:00.000,0,0,0,1,1,0,2020-03-10,0,0,0,0.045572352277978,0
Columbia,2020-03-11T00:00:00.000,0,0,2,3,3,0,2020-03-11,0,2,0,0.0479760553534114,0
Columbia,2020-03-12T00:00:00.000,0,0,2,5,5,0,2020-03-12,0,2,0,0.0505032466590149,0
Columbia,2020-03-13T00:00:00.000,0,0,1,6,6,0,2020-03-13,0,1,0,0.0531593821862816,0
Columbia,2020-03-14T00:00:00.000,0,0,4,10,10,0,2020-03-14,0,4,0,0.0559497579540702,0
Columbia,2020-03-15T00:00:00.000,0,0,2,12,12,0,2020-03-15,0,2,0,0.0588793970533979,0
Columbia,2020-03-16T00:00:00.000,0,0,13,25,25,0,2020-03-16,0,13,0,0.0619529207792823,0
Columbia,2020-03-17T00:00:00.000,0,0,14,39,39,0,2020-03-17,0,14,0,0.0651744036820326,0
Columbia,2020-03-18T00:00:00.000,0,0,32,71,71,0,2020-03-18,0,32,0,0.0685472128180017,0
Columbia,2020-03-19T00:00:00.000,1,1,24,95,95,1,2020-03-19,1,24,0.0416666666666667,0.072073832036909,1.3766066939284
Columbia,2020-03-20T00:00:00.000,1,2,35,130,130,2,2020-03-20,1,35,0.0285714285714286,0.0757556728078552,1.33355308659141
Columbia,2020-03-21T00:00:00.000,3,5,52,182,182,5,2020-03-21,3,52,0.0576923076923077,0.0795928738544109,3.88028789525928
Columbia,2020-03-22T00:00:00.000,5,10,48,230,230,10,2020-03-22,5,48,0.104166666666667,0.0835840927230579,6.28390400208862
Columbia,2020-03-23T00:00:00.000,1,11,10,240,240,11,2020-03-23,1,10,0.1,0.0877262933238274,1.22355253180593
Columbia,2020-03-24T00:00:00.000,1,12,15,255,255,12,2020-03-24,1,15,0.0666666666666667,0.0920145344176375,1.1936662879013
Columbia,2020-03-25T00:00:00.000,1,13,22,277,277,13,2020-03-25,1,22,0.0454545454545455,0.0964417649334353,1.17667565766652
Columbia,2020-03-26T00:00:00.000,7,20,20,297,297,20,2020-03-26,7,20,0.35,0.100998632819766,8.13476051225488
Columbia,2020-03-27T00:00:00.000,2,22,15,312,312,22,2020-03-27,2,15,0.133333333333333,0.105673314802448,2.29892597667698
Columbia,2020-03-28T00:00:00.000,1,23,11,323,323,23,2020-03-28,1,11,0.0909090909090909,0.11045137486298,1.1410567395706
Columbia,2020-03-29T00:00:00.000,3,26,26,349,349,26,2020-03-29,3,26,0.115384615384615,0.115315659403962,3.42991386738241
Columbia,2020-03-30T00:00:00.000,4,30,14,363,363,30,2020-03-30,4,14,0.285714285714286,0.120246236868299,4.60478117219992
Columbia,2020-03-31T00:00:00.000,1,31,12,375,375,31,2020-03-31,1,12,0.0833333333333333,0.125220388988914,1.15811699305269
Columbia,2020-04-01T00:00:00.000,5,36,21,396,396,36,2020-04-01,5,21,0.238095238095238,0.130212659845224,5.81835738773898
Columbia,2020-04-02T00:00:00.000,6,42,22,418,418,42,2020-04-02,6,22,0.272727272727273,0.135194967504107,6.91874663382664
Columbia,2020-04-03T00:00:00.000,7,49,20,438,438,49,2020-04-03,7,20,0.35,0.140136781269264,8.0097548643909
Columbia,2020-04-04T00:00:00.000,2,51,15,453,453,51,2020-04-04,2,15,0.133333333333333,0.145005365530861,2.2916082990242
Columbia,2020-04-05T00:00:00.000,8,59,23,476,476,59,2020-04-05,8,23,0.347826086956522,0.149766088999695,9.17324047937148
Columbia,2020-04-06T00:00:00.000,2,61,15,491,491,61,2020-04-06,2,15,0.133333333333333,0.154382795853184,2.3116536100438
Columbia,2020-04-07T00:00:00.000,2,63,8,499,499,63,2020-04-07,2,8,0.25,0.158818233148602,2.33574961059401
Columbia,2020-04-08T00:00:00.000,7,70,27,526,526,70,2020-04-08,7,27,0.259259259259259,0.163034526901852,8.26028273368976
Columbia,2020-04-09T00:00:00.000,4,74,55,581,581,74,2020-04-09,4,55,0.0727272727272727,0.166993697602582,4.76962259705832
Columbia,2020-04-10T00:00:00.000,3,77,30,611,611,77,2020-04-10,3,30,0.1,0.170658204722468,3.61448000350268
Columbia,2020-04-11T00:00:00.000,2,79,35,646,646,79,2020-04-11,2,35,0.0571428571428571,0.173991509015853,2.43641041854798
Columbia,2020-04-12T00:00:00.000,1,80,27,673,673,80,2020-04-12,1,27,0.037037037037037,0.176958641116008,1.2368636068714
Columbia,2020-04-13T00:00:00.000,4,84,30,703,703,84,2020-04-13,4,30,0.133333333333333,0.179526765049461,5.0202892215174
Columbia,2020-04-14T00:00:00.000,12,96,55,758,758,96,2020-04-14,12,55,0.218181818181818,0.181665725752233,15.2708110390634
Columbia,2020-04-15T00:00:00.000,3,99,28,786,786,99,2020-04-15,3,28,0.107142857142857,0.183348570366059,3.86379393961798
Columbia,2020-04-16T00:00:00.000,2,101,20,806,806,101,2020-04-16,2,20,0.1,0.184552033909244,2.59986141457095
Columbia,2020-04-17T00:00:00.000,4,105,32,838,838,105,2020-04-17,4,32,0.125,0.185256980740009,5.24285936706117
Columbia,2020-04-18T00:00:00.000,2,107,34,872,872,107,2020-04-18,2,34,0.0588235294117647,0.185448793971374,2.64009744891671
Columbia,2020-04-19T00:00:00.000,4,111,17,889,889,111,2020-04-19,4,17,0.235294117647059,0.185117705597322,5.31186386291448
Columbia,2020-04-20T00:00:00.000,2,113,24,913,913,113,2020-04-20,2,24,0.0833333333333333,0.184259060532724,2.66925498449422
Columbia,2020-04-21T00:00:00.000,4,117,34,947,947,117,2020-04-21,4,34,0.117647058823529,0.182873508089559,5.36006190994934
Columbia,2020-04-22T00:00:00.000,6,123,35,982,982,123,2020-04-22,6,35,0.171428571428571,0.180967114683247,8.06467847949901
Columbia,2020-04-23T00:00:00.000,6,129,35,1017,1017,129,2020-04-23,6,35,0.171428571428571,0.178551391903693,8.08141569662729
Columbia,2020-04-24T00:00:00.000,11,140,105,1122,1122,140,2020-04-24,11,105,0.104761904761905,0.17564323463708,14.8320187200159
Columbia,2020-04-25T00:00:00.000,3,143,27,1149,1149,143,2020-04-25,3,27,0.111111111111111,0.172264764832864,4.04544830667277
Columbia,2020-04-26T00:00:00.000,3,146,22,1171,1171,146,2020-04-26,3,22,0.136363636363636,0.168443077912437,4.04087908690608
Columbia,2020-04-27T00:00:00.000,8,154,33,1204,1204,154,2020-04-27,8,33,0.242424242424242,0.164209890804016,10.7510653503844
Columbia,2020-04-28T00:00:00.000,11,165,37,1241,1241,165,2020-04-28,11,37,0.297297297297297,0.159601093202491,14.7331173937991
Columbia,2020-04-29T00:00:00.000,5,170,61,1302,1302,170,2020-04-29,5,61,0.0819672131147541,0.154656206848859,6.69040912572662
Columbia,2020-04-30T00:00:00.000,32,202,76,1378,1378,202,2020-04-30,32,76,0.421052631578947,0.149417761276733,42.9612385692222
Columbia,2020-05-01T00:00:00.000,3,205,37,1415,1415,205,2020-05-01,3,37,0.0810810810810811,0.143930598368731,4.03938914652226
Columbia,2020-05-02T00:00:00.000,4,209,57,1472,1472,209,2020-05-02,4,57,0.0701754385964912,0.138241121915846,5.39357827554555
Columbia,2020-05-03T00:00:00.000,4,213,38,1510,1510,213,2020-05-03,4,38,0.105263157894737,0.132396511846066,5.38983146642702
Columbia,2020-05-04T00:00:00.000,16,229,79,1589,1589,229,2020-05-04,16,79,0.20253164556962,0.126443925536899,21.5037752739382
Columbia,2020-05-05T00:00:00.000,62,291,188,1777,1777,291,2020-05-05,62,188,0.329787234042553,0.120429710335438,82.9858640780519
Columbia,2020-05-06T00:00:00.000,11,302,58,1835,1835,302,2020-05-06,11,58,0.189655172413793,0.11439865183806,14.6585277955853
Columbia,2020-05-07T00:00:00.000,2,304,70,1905,1905,304,2020-05-07,2,70,0.0285714285714286,0.108393281494396,2.66125869466337
Columbia,2020-05-08T00:00:00.000,0,304,42,1947,1947,304,2020-05-08,0,42,0,0.102453264699308,0
Columbia,2020-05-09T00:00:00.000,8,312,264,2211,2211,312,2020-05-09,8,264,0.0303030303030303,0.0966148868594371,10.670175589438
Columbia,2020-05-10T00:00:00.000,2,314,41,2252,2252,314,2020-05-10,2,41,0.0487804878048781,0.0909106502330396,2.66910839100937
Columbia,2020-05-11T00:00:00.000,0,314,55,2307,2307,314,2020-05-11,0,55,0,0.0853689890053478,0
Columbia,2020-05-12T00:00:00.000,4,318,85,2392,2392,318,2020-05-12,4,85,0.0470588235294118,0.0800141044915444,5.35090833470981
Columbia,2020-05-13T00:00:00.000,9,327,100,2492,2492,327,2020-05-13,9,100,0.09,0.0748659169765296,12.1039127517076
Columbia,2020-05-14T00:00:00.000,6,333,95,2587,2587,333,2020-05-14,6,95,0.0631578947368421,0.0699401258845747,8.13066079549689
Columbia,2020-05-15T00:00:00.000,5,338,71,2658,2658,338,2020-05-15,5,71,0.0704225352112676,0.0652483660233881,6.82111384401662
Columbia,2020-05-16T00:00:00.000,2,340,68,2726,2726,340,2020-05-16,2,68,0.0294117647058824,0.0607984447622593,2.74182549496906
Columbia,2020-05-17T00:00:00.000,6,346,86,2812,2812,346,2020-05-17,6,86,0.0697674418604651,0.056594643267557,8.23416258816344
Columbia,2020-05-18T00:00:00.000,4,350,39,2851,2851,350,2020-05-18,4,39,0.102564102564103,0.0526380643068199,5.48983597282265
Columbia,2020-05-19T00:00:00.000,0,350,107,2958,2958,350,2020-05-19,0,107,0,0.0489270095335909,0
Columbia,2020-05-20T00:00:00.000,5,355,128,3086,3086,355,2020-05-20,5,128,0.0390625,0.0454573704001588,6.85397776407757
Columbia,2020-05-21T00:00:00.000,1,356,78,3164,3164,356,2020-05-21,1,78,0.0128205128205128,0.0422230187023475,1.37209958839041
Columbia,2020-05-22T00:00:00.000,3,359,96,3260,3260,359,2020-05-22,3,96,0.03125,0.0392161850144086,4.11614565477495
Columbia,2020-05-23T00:00:00.000,6,365,94,3354,3354,365,2020-05-23,6,94,0.0638297872340425,0.0364278157121352,8.2232512097962
Columbia,2020-05-24T00:00:00.000,7,372,134,3488,3488,372,2020-05-24,7,134,0.0522388059701493,0.0338479017257613,9.57312136867842
Columbia,2020-05-25T00:00:00.000,1,373,145,3633,3633,373,2020-05-25,1,145,0.00689655172413793,0.0314657744656515,1.36292813033929
Columbia,2020-05-26T00:00:00.000,7,380,62,3695,3695,380,2020-05-26,7,62,0.112903225806452,0.0292703664210443,9.5018586194767
Columbia,2020-05-27T00:00:00.000,0,380,145,3840,3840,380,2020-05-27,0,145,0,0.0272504356810948,0
Columbia,2020-05-28T00:00:00.000,2,382,159,3999,3999,382,2020-05-28,2,159,0.0125786163522013,0.0253947550415393,2.69447028892119
Columbia,2020-05-29T00:00:00.000,1,383,125,4124,4124,383,2020-05-29,1,125,0.008,0.0236922674396338,1.34064588586926
Columbia,2020-05-30T00:00:00.000,4,387,211,4335,4335,387,2020-05-30,4,211,0.018957345971564,0.0221322102268954,5.36557633343654
Columbia,2020-05-31T00:00:00.000,2,389,94,4429,4429,389,2020-05-31,2,94,0.0212765957446809,0.0207042112790665,2.69629062585743
Columbia,2020-06-01T00:00:00.000,2,391,167,4596,4596,391,2020-06-01,2,167,0.0119760479041916,0.0193983601990407,2.71122497143356
Columbia,2020-06-02T00:00:00.000,8,399,393,4989,4989,399,2020-06-02,8,393,0.0203562340966921,0.0182052579364248,10.8963041478053
Columbia,2020-06-03T00:00:00.000,1,400,276,5265,5265,400,2020-06-03,1,276,0.0036231884057971,0.0171160480714106,1.36730414475582
Columbia,2020-06-04T00:00:00.000,11,411,269,5534,5534,411,2020-06-04,11,269,0.0408921933085502,0.0161224328307922,15.0298872490887
Columbia,2020-06-05T00:00:00.000,1,412,225,5759,5759,412,2020-06-05,1,225,0.00444444444444444,0.0152166766549765,1.36397577209019
Columbia,2020-06-06T00:00:00.000,2,414,211,5970,5970,414,2020-06-06,2,211,0.00947867298578199,0.014391599845796,2.72145471470557
Columbia,2020-06-07T00:00:00.000,0,414,144,6114,6114,414,2020-06-07,0,144,0,0.0136405645185042,0
Columbia,2020-06-08T00:00:00.000,0,414,145,6259,6259,414,2020-06-08,0,145,0,0.0129574547748706,0
Columbia,2020-06-09T00:00:00.000,6,420,310,6569,6569,420,2020-06-09,6,310,0.0193548387096774,0.0123366527201708,8.07539743787764
Columbia,2020-06-10T00:00:00.000,4,424,233,6802,6802,424,2020-06-10,4,233,0.0171673819742489,0.0117730116734697,5.35731221952143
Columbia,2020-06-11T00:00:00.000,4,428,412,7214,7214,428,2020-06-11,4,412,0.00970873786407767,0.0112618276727362,5.3279114383035
Columbia,2020-06-12T00:00:00.000,3,431,176,7390,7390,431,2020-06-12,3,176,0.0170454545454545,0.010798810156512,3.97161096631625
Columbia,2020-06-13T00:00:00.000,5,436,198,7588,7588,436,2020-06-13,5,198,0.0252525252525253,0.0103800525125182,6.57513237250546
Columbia,2020-06-14T00:00:00.000,3,439,95,7683,7683,439,2020-06-14,3,95,0.0315789473684211,0.0100020030198474,3.91640322610237
Columbia,2020-06-15T00:00:00.000,3,442,198,7881,7881,442,2020-06-15,3,198,0.0151515151515152,0.00966143657351095,3.88565166626198
Columbia,2020-06-16T00:00:00.000,0,442,134,8015,8015,442,2020-06-16,0,134,0,0.00935542746577234,0
Columbia,2020-06-17T00:00:00.000,1,443,189,8204,8204,443,2020-06-17,1,189,0.00529100529100529,0.00908132340538873,1.27275241603024
Columbia,2020-06-18T00:00:00.000,3,446,454,8658,8658,446,2020-06-18,3,454,0.0066079295154185,0.00883672088099286,3.78182955536777
Columbia,2020-06-19T00:00:00.000,5,451,335,8993,8993,451,2020-06-19,5,335,0.0149253731343284,0.00861944191583223,6.23961580845496
Columbia,2020-06-20T00:00:00.000,0,451,182,9175,9175,451,2020-06-20,0,182,0,0.00842751221566604,0
Columbia,2020-06-21T00:00:00.000,1,452,146,9321,9321,452,2020-06-21,1,146,0.00684931506849315,0.00825914067762779,1.22308396854723
Columbia,2020-06-22T00:00:00.000,2,454,106,9427,9427,454,2020-06-22,2,106,0.0188679245283019,0.00811270020346721,2.44206343450067
Columbia,2020-06-23T00:00:00.000,0,454,174,9601,9601,454,2020-06-23,0,174,0,0.00798670974417508,0
Columbia,2020-06-24T00:00:00.000,1,455,300,9901,9901,455,2020-06-24,1,300,0.00333333333333333,0.00787981749323271,1.21668692684633
Columbia,2020-06-25T00:00:00.000,5,460,447,10348,10348,460,2020-06-25,5,447,0.0111856823266219,0.00779078514140054,6.06591329399403
Columbia,2020-06-26T00:00:00.000,1,461,179,10527,10527,461,2020-06-26,1,179,0.00558659217877095,0.00771847310631584,1.20749088033292
Columbia,2020-06-27T00:00:00.000,2,463,165,10692,10692,463,2020-06-27,2,165,0.0121212121212121,0.00766182665422221,2.40296575965885
Columbia,2020-06-28T00:00:00.000,0,463,96,10788,10788,463,2020-06-28,0,96,0,0.00761986283851494,0
Columbia,2020-06-29T00:00:00.000,1,464,221,11009,11009,464,2020-06-29,1,221,0.00452488687782805,0.00759165818982559,1.18957069618818
Columbia,2020-06-30T00:00:00.000,2,466,136,11145,11145,466,2020-06-30,2,136,0.0147058823529412,0.00757633710470177,2.38260536558069
Columbia,2020-07-01T00:00:00.000,6,472,289,11434,11434,472,2020-07-01,6,289,0.0207612456747405,0.00757306089424518,7.16660276717789
Columbia,2020-07-02T00:00:00.000,2,474,234,11668,11668,474,2020-07-02,2,234,0.00854700854700855,0.00758101746994636,2.39279333765464
Columbia,2020-07-03T00:00:00.000,0,474,150,11818,11818,474,2020-07-03,0,150,0,0.00759941166105994,0
Columbia,2020-07-04T00:00:00.000,1,475,220,12038,12038,475,2020-07-04,1,220,0.00454545454545455,0.00762745617587013,1.19064422191334
Columbia,2020-07-05T00:00:00.000,2,477,247,12285,12285,477,2020-07-05,2,247,0.00809716599190283,0.00766436323753522,2.37494827624074
Columbia,2020-07-06T00:00:00.000,2,479,312,12597,12597,479,2020-07-06,2,312,0.00641025641025641,0.00770933694348097,2.3685066234607
Columbia,2020-07-07T00:00:00.000,3,482,291,12888,12888,482,2020-07-07,3,291,0.0103092783505155,0.00776156641481737,3.54892690530944
Columbia,2020-07-08T00:00:00.000,0,482,191,13079,13079,482,2020-07-08,0,191,0,0.00782021981832272,0
Columbia,2020-07-09T00:00:00.000,0,482,212,13291,13291,482,2020-07-09,0,212,0,0.00788443935737605,0
Columbia,2020-07-10T00:00:00.000,3,485,172,13463,13463,485,2020-07-10,3,172,0.0174418604651163,0.00795333733889203,3.53519143794929
Columbia,2020-07-11T00:00:00.000,1,486,189,13652,13652,486,2020-07-11,1,189,0.00529100529100529,0.0080259934299622,1.17663213623919
Columbia,2020-07-12T00:00:00.000,1,487,197,13849,13849,487,2020-07-12,1,197,0.0050761421319797,0.00810145321954163,1.17475379874446
Columbia,2020-07-13T00:00:00.000,2,489,289,14138,14138,489,2020-07-13,2,289,0.0069204152249135,0.00817872819622014,2.34553305785539
Columbia,2020-07-14T00:00:00.000,0,489,226,14364,14364,489,2020-07-14,0,226,0,0.00825679724217844,0
Columbia,2020-07-15T00:00:00.000,0,489,200,14564,14564,489,2020-07-15,0,200,0,0.00833460972506797,0
Columbia,2020-07-16T00:00:00.000,1,490,201,14765,14765,490,2020-07-16,1,201,0.00497512437810945,0.0084110902435817,1.16726021900487
Columbia,2020-07-17T00:00:00.000,1,491,307,15072,15072,491,2020-07-17,1,307,0.00325732899022801,0.00848514504869719,1.16981658343962
Columbia,2020-07-18T00:00:00.000,1,492,99,15171,15171,492,2020-07-18,1,99,0.0101010101010101,0.0085556701214603,1.17182098420207
Columbia,2020-07-19T00:00:00.000,0,492,99,15270,15270,492,2020-07-19,0,99,0,0.00862156084049695,0
Columbia,2020-07-20T00:00:00.000,3,495,222,15492,15492,495,2020-07-20,3,222,0.0135135135135135,0.00868172311955982,3.51986678110181
Columbia,2020-07-21T00:00:00.000,2,497,197,15689,15689,497,2020-07-21,2,197,0.0101522842639594,0.00873508583911116,2.33727749359091
Columbia,2020-07-22T00:00:00.000,0,497,309,15998,15998,497,2020-07-22,0,309,0,0.0087806143386376,0
Columbia,2020-07-23T00:00:00.000,1,498,324,16322,16322,498,2020-07-23,1,324,0.00308641975308642,0.00881732468059908,1.15450731904803
Columbia,2020-07-24T00:00:00.000,2,500,284,16606,16606,500,2020-07-24,2,284,0.00704225352112676,0.00884429834586747,2.29116749886113
Columbia,2020-07-25T00:00:00.000,0,500,116,16722,16722,500,2020-07-25,0,116,0,0.00886069697711948,0
Columbia,2020-07-26T00:00:00.000,3,503,139,16861,16861,503,2020-07-26,3,139,0.0215827338129496,0.00886577675413155,3.42487166393673
Columbia,2020-07-27T00:00:00.000,1,504,232,17093,17093,504,2020-07-27,1,232,0.00431034482758621,0.0088589019660397,1.14220267422932
Columbia,2020-07-28T00:00:00.000,6,510,119,17212,17212,510,2020-07-28,6,119,0.0504201680672269,0.00883955734268892,6.84844140200422
Columbia,2020-07-29T00:00:00.000,3,513,221,17433,17433,513,2020-07-29,3,221,0.0135746606334842,0.00880735872183446,3.42938391517
Columbia,2020-07-30T00:00:00.000,3,516,253,17686,17686,516,2020-07-30,3,253,0.0118577075098814,0.00876206166199634,3.44194365295987
Columbia,2020-07-31T00:00:00.000,3,519,258,17944,17944,519,2020-07-31,3,258,0.0116279069767442,0.00870356766179041,3.45333069051051
Columbia,2020-08-01T00:00:00.000,3,522,73,18017,18017,522,2020-08-01,3,73,0.0410958904109589,0.00863192771445757,3.4634167798453
Columbia,2020-08-02T00:00:00.000,1,523,73,18090,18090,523,2020-08-02,1,73,0.0136986301369863,0.00854734300847848,1.15677204286682
Columbia,2020-08-03T00:00:00.000,6,529,268,18358,18358,529,2020-08-03,6,268,0.0223880597014925,0.00845016267834592,6.94221509742056
Columbia,2020-08-04T00:00:00.000,2,531,264,18622,18622,531,2020-08-04,2,264,0.00757575757575758,0.00834087860956769,2.31341197198882
Columbia,2020-08-05T00:00:00.000,3,534,235,18857,18857,534,2020-08-05,3,235,0.0127659574468085,0.00822011740401236,3.46790623265068
Columbia,2020-08-06T00:00:00.000,1,535,194,19051,19051,535,2020-08-06,1,194,0.00515463917525773,0.00808862971077369,1.15447669425896
Columbia,2020-08-07T00:00:00.000,4,539,158,19209,19209,539,2020-08-07,4,158,0.0253164556962025,0.00794727721896245,4.60620745688966
Columbia,2020-08-08T00:00:00.000,1,540,166,19375,19375,540,2020-08-08,1,166,0.00602409638554217,0.00779701768754813,1.1503263679229
Columbia,2020-08-09T00:00:00.000,1,541,120,19495,19495,541,2020-08-09,1,120,0.00833333333333333,0.00763888844981865,1.14933416029614
Columbia,2020-08-10T00:00:00.000,5,546,415,19910,19910,546,2020-08-10,5,415,0.0120481927710843,0.0074739888733413,5.7371670624023
Columbia,2020-08-11T00:00:00.000,2,548,247,20157,20157,548,2020-08-11,2,247,0.00809716599190283,0.00730346227865863,2.28933268468914
Columbia,2020-08-12T00:00:00.000,2,550,222,20379,20379,550,2020-08-12,2,222,0.00900900900900901,0.00712847782096738,2.28217190821846
Columbia,2020-08-13T00:00:00.000,1,551,304,20683,20683,551,2020-08-13,1,304,0.00328947368421053,0.00695021281941702,1.13675433879335
Columbia,2020-08-14T00:00:00.000,0,551,214,20897,20897,551,2020-08-14,0,214,0,0.00676983598029609,0
Columbia,2020-08-15T00:00:00.000,1,552,221,21118,21118,552,2020-08-15,1,221,0.00452488687782805,0.00658849190617159,1.12930078651565
Columbia,2020-08-16T00:00:00.000,0,552,103,21221,21221,552,2020-08-16,0,103,0,0.00640728721662824,0
Columbia,2020-08-17T00:00:00.000,6,558,505,21726,21726,558,2020-08-17,6,505,0.0118811881188119,0.00622727853153774,6.75620931828782
Columbia,2020-08-18T00:00:00.000,1,559,398,22124,22124,559,2020-08-18,1,398,0.00251256281407035,0.00604946248916094,1.12541672856962
Columbia,2020-08-19T00:00:00.000,1,560,228,22352,22352,560,2020-08-19,1,228,0.0043859649122807,0.00587476789274537,1.12429259432462
Columbia,2020-08-20T00:00:00.000,1,561,296,22648,22648,561,2020-08-20,1,296,0.00337837837837838,0.00570405000437677,1.12264386003491
Columbia,2020-08-21T00:00:00.000,0,561,315,22963,22963,561,2020-08-21,0,315,0,0.00553808693680934,0
Columbia,2020-08-22T00:00:00.000,1,562,203,23166,23166,562,2020-08-22,1,203,0.00492610837438424,0.00537757803517763,1.11771926609446
Columbia,2020-08-23T00:00:00.000,0,562,141,23307,23307,562,2020-08-23,0,141,0,0.00522314409248458,0
Columbia,2020-08-24T00:00:00.000,2,564,317,23624,23624,564,2020-08-24,2,317,0.00630914826498423,0.00507532920650351,2.21724940227736
Columbia,2020-08-25T00:00:00.000,0,564,109,23733,23733,564,2020-08-25,0,109,0,0.00493460406116435,0
Columbia,2020-08-26T00:00:00.000,4,568,279,24012,24012,568,2020-08-26,4,279,0.014336917562724,0.00480137040223623,4.39113757313656
Columbia,2020-08-27T00:00:00.000,0,568,295,24307,24307,568,2020-08-27,0,295,0,0.00467596647400763,0
Columbia,2020-08-28T00:00:00.000,1,569,304,24611,24611,569,2020-08-28,1,304,0.00328947368421053,0.00455867318935903,1.08965328212226
Columbia,2020-08-29T00:00:00.000,0,569,280,24891,24891,569,2020-08-29,0,280,0,0.00444972081841154,0
Columbia,2020-08-30T00:00:00.000,0,569,261,25152,25152,569,2020-08-30,0,261,0,0.00434929599914707,0
Columbia,2020-08-31T00:00:00.000,0,569,233,25385,25385,569,2020-08-31,0,233,0,0.00425754889521312,0
Columbia,2020-09-01T00:00:00.000,1,570,347,25732,25732,570,2020-09-01,1,347,0.00288184438040346,0.00417460035002746,1.08265991773365
Columbia,2020-09-02T00:00:00.000,0,570,245,25977,25977,570,2020-09-02,0,245,0,0.00410054891076709,0
Columbia,2020-09-03T00:00:00.000,4,574,206,26183,26183,574,2020-09-03,4,206,0.0194174757281553,0.00403547761970786,4.37713305344876
Columbia,2020-09-04T00:00:00.000,1,575,198,26381,26381,575,2020-09-04,1,198,0.00505050505050505,0.00397946049264124,1.09771073616952
Columbia,2020-09-05T00:00:00.000,0,575,190,26571,26571,575,2020-09-05,0,190,0,0.00393256862406434,0
Columbia,2020-09-06T00:00:00.000,1,576,116,26687,26687,576,2020-09-06,1,116,0.00862068965517241,0.00389487587595566,1.10169867801081
Columbia,2020-09-07T00:00:00.000,0,576,237,26924,26924,576,2020-09-07,0,237,0,0.00386646412097074,0
Columbia,2020-09-08T00:00:00.000,0,576,223,27147,27147,576,2020-09-08,0,223,0,0.00384742802165991,0
Columbia,2020-09-09T00:00:00.000,0,576,213,27360,27360,576,2020-09-09,0,213,0,0.0038378793349317,0
Columbia,2020-09-10T00:00:00.000,1,577,222,27582,27582,577,2020-09-10,1,222,0.0045045045045045,0.00383795073553118,1.10824532802416
Columbia,2020-09-11T00:00:00.000,0,577,182,27764,27764,577,2020-09-11,0,182,0,0.00384779915415142,0
Columbia,2020-09-12T00:00:00.000,0,577,263,28027,28027,577,2020-09-12,0,263,0,0.00386760862519952,0
Columbia,2020-09-13T00:00:00.000,0,577,133,28160,28160,577,2020-09-13,0,133,0,0.0038975926366869,0
Columbia,2020-09-14T00:00:00.000,0,577,285,28445,28445,577,2020-09-14,0,285,0,0.00393799597063959,0
Columbia,2020-09-15T00:00:00.000,0,577,162,28607,28607,577,2020-09-15,0,162,0,0.00398909601741768,0
Columbia,2020-09-16T00:00:00.000,2,579,196,28803,28803,579,2020-09-16,2,196,0.0102040816326531,0.00405120354197255,2.29627033049624
Columbia,2020-09-17T00:00:00.000,1,580,153,28956,28956,580,2020-09-17,1,153,0.0065359477124183,0.00412466287505284,1.1544045748007
Columbia,2020-09-18T00:00:00.000,0,580,195,29151,29151,580,2020-09-18,0,195,0,0.00420985149848059,0
Columbia,2020-09-19T00:00:00.000,1,581,318,29469,29469,581,2020-09-19,1,318,0.00314465408805031,0.00430717899164963,1.16558897708375
Columbia,2020-09-20T00:00:00.000,1,582,230,29699,29699,582,2020-09-20,1,230,0.00434782608695652,0.00441708530738847,1.17002502203117
Columbia,2020-09-21T00:00:00.000,0,582,233,29932,29932,582,2020-09-21,0,233,0,0.00454003835014599,0
Columbia,2020-09-22T00:00:00.000,3,585,130,30062,30062,585,2020-09-22,3,130,0.0230769230769231,0.00467653083936592,3.52693711205129
Columbia,2020-09-23T00:00:00.000,1,586,227,30289,30289,586,2020-09-23,1,227,0.00440528634361234,0.00482707645683537,1.17692815466007
Columbia,2020-09-24T00:00:00.000,2,588,272,30561,30561,588,2020-09-24,2,272,0.00735294117647059,0.00499220529996607,2.36681475472836
Columbia,2020-09-25T00:00:00.000,3,591,220,30781,30781,591,2020-09-25,3,220,0.0136363636363636,0.00517245869434108,3.56276239002042
Columbia,2020-09-26T00:00:00.000,0,591,342,31123,31123,591,2020-09-26,0,342,0,0.00536838345927047,0
Columbia,2020-09-27T00:00:00.000,0,591,180,31303,31303,591,2020-09-27,0,180,0,0.00558052577019972,0
Columbia,2020-09-28T00:00:00.000,1,592,268,31571,31571,592,2020-09-28,1,268,0.00373134328358209,0.00580942482177726,1.19266125277015
Columbia,2020-09-29T00:00:00.000,3,595,236,31807,31807,595,2020-09-29,3,236,0.0127118644067797,0.00605560656497964,3.57414194836006
Columbia,2020-09-30T00:00:00.000,0,595,283,32090,32090,595,2020-09-30,0,283,0,0.00631957787014852,0
Columbia,2020-10-01T00:00:00.000,9,604,267,32357,32357,604,2020-10-01,9,267,0.0337078651685393,0.0066018215536402,10.6665040357021
Columbia,2020-10-02T00:00:00.000,1,605,224,32581,32581,605,2020-10-02,1,224,0.00446428571428571,0.00690279279702308,1.18334472853686
Columbia,2020-10-03T00:00:00.000,3,608,292,32873,32873,608,2020-10-03,3,292,0.0102739726027397,0.00722291758180331,3.5728106611938
Columbia,2020-10-04T00:00:00.000,0,608,138,33011,33011,608,2020-10-04,0,138,0,0.00756259385652432,0
Columbia,2020-10-05T00:00:00.000,1,609,330,33341,33341,609,2020-10-05,1,330,0.00303030303030303,0.00792219624379574,1.21584113303819
Columbia,2020-10-06T00:00:00.000,2,611,202,33543,33543,611,2020-10-06,2,202,0.0099009900990099,0.00830208517969425,2.45807529119952
Columbia,2020-10-07T00:00:00.000,0,611,346,33889,33889,611,2020-10-07,0,346,0,0.00870262145538183,0
Columbia,2020-10-08T00:00:00.000,4,615,242,34131,34131,615,2020-10-08,4,242,0.0165289256198347,0.00912418720070077,5.02351143916669
Columbia,2020-10-09T00:00:00.000,2,617,365,34496,34496,617,2020-10-09,2,365,0.00547945205479452,0.00956721441461423,2.53891794207111
Columbia,2020-10-10T00:00:00.000,4,621,248,34744,34744,621,2020-10-10,4,248,0.0161290322580645,0.0100322222137793,5.13246033074415
Columbia,2020-10-11T00:00:00.000,3,624,267,35011,35011,624,2020-10-11,3,267,0.0112359550561798,0.0105198640492844,3.89048955811354
Cortland,2020-03-01T00:00:00.000,0,0,0,0,0,0,2020-03-01,0,0,0,6.84892384831431e-06,0
Cortland,2020-03-02T00:00:00.000,0,0,0,0,0,0,2020-03-02,0,0,0,1.05132313482802e-05,0
Cortland,2020-03-03T00:00:00.000,0,0,0,0,0,0,2020-03-03,0,0,0,1.6132712818081e-05,0
Cortland,2020-03-04T00:00:00.000,0,0,0,0,0,0,2020-03-04,0,0,0,2.47346233885069e-05,0
Cortland,2020-03-05T00:00:00.000,0,0,0,0,0,0,2020-03-05,0,0,0,3.78621091907312e-05,0
Cortland,2020-03-06T00:00:00.000,0,0,0,0,0,0,2020-03-06,0,0,0,5.78096646489546e-05,0
Cortland,2020-03-07T00:00:00.000,0,0,1,1,1,0,2020-03-07,0,1,0,8.79468463122373e-05,0
Cortland,2020-03-08T00:00:00.000,0,0,0,1,1,0,2020-03-08,0,0,0,0.000133149392962186,0
Cortland,2020-03-09T00:00:00.000,0,0,0,1,1,0,2020-03-09,0,0,0,0.000200351207941959,0
Cortland,2020-03-10T00:00:00.000,0,0,0,1,1,0,2020-03-10,0,0,0,0.000299216527648477,0
Cortland,2020-03-11T00:00:00.000,0,0,0,1,1,0,2020-03-11,0,0,0,0.000442905491317295,0
Cortland,2020-03-12T00:00:00.000,0,0,0,1,1,0,2020-03-12,0,0,0,0.000648865538342972,0
Cortland,2020-03-13T00:00:00.000,0,0,0,1,1,0,2020-03-13,0,0,0,0.000939525620049709,0
Cortland,2020-03-14T00:00:00.000,0,0,1,2,2,0,2020-03-14,0,1,0,0.00134270541195127,0
Cortland,2020-03-15T00:00:00.000,0,0,0,2,2,0,2020-03-15,0,0,0,0.00189149058751188,0
Cortland,2020-03-16T00:00:00.000,0,0,2,4,4,0,2020-03-16,0,2,0,0.00262328967698719,0
Cortland,2020-03-17T00:00:00.000,0,0,1,5,5,0,2020-03-17,0,1,0,0.00357780675489618,0
Cortland,2020-03-18T00:00:00.000,0,0,1,6,6,0,2020-03-18,0,1,0,0.00479376556059257,0
Cortland,2020-03-19T00:00:00.000,0,0,7,13,13,0,2020-03-19,0,7,0,0.00630442044047452,0
Cortland,2020-03-20T00:00:00.000,0,0,15,28,28,0,2020-03-20,0,15,0,0.00813217605617237,0
Cortland,2020-03-21T00:00:00.000,1,1,17,45,45,1,2020-03-21,1,17,0.0588235294117647,0.0102829610000551,1.05406427574619
Cortland,2020-03-22T00:00:00.000,1,2,55,100,100,2,2020-03-22,1,55,0.0181818181818182,0.0127412732423797,1.04128223030514
Cortland,2020-03-23T00:00:00.000,0,2,30,130,130,2,2020-03-23,0,30,0,0.0154669341998359,0
Cortland,2020-03-24T00:00:00.000,0,2,3,133,133,2,2020-03-24,0,3,0,0.0183944708996812,0
Cortland,2020-03-25T00:00:00.000,0,2,41,174,174,2,2020-03-25,0,41,0,0.0214356722945928,0
Cortland,2020-03-26T00:00:00.000,2,4,34,208,208,4,2020-03-26,2,34,0.0588235294117647,0.024485301945615,2.01713852677208
Cortland,2020-03-27T00:00:00.000,1,5,45,253,253,5,2020-03-27,1,45,0.0222222222222222,0.0274293344995537,1.00443071773642
Cortland,2020-03-28T00:00:00.000,1,6,28,281,281,6,2020-03-28,1,28,0.0357142857142857,0.0301545841046914,1.0021332274015
Cortland,2020-03-29T00:00:00.000,2,8,48,329,329,8,2020-03-29,2,48,0.0416666666666667,0.0325583412777627,2.01497356777585
Cortland,2020-03-30T00:00:00.000,0,8,9,338,338,8,2020-03-30,0,9,0,0.034556682680873,0
Cortland,2020-03-31T00:00:00.000,0,8,12,350,350,8,2020-03-31,0,12,0,0.0360904272358181,0
Cortland,2020-04-01T00:00:00.000,0,8,42,392,392,8,2020-04-01,0,42,0,0.0371281788511792,0
Cortland,2020-04-02T00:00:00.000,2,10,54,446,446,10,2020-04-02,2,54,0.037037037037037,0.0376663965594993,2.02957697400681
Cortland,2020-04-03T00:00:00.000,0,10,32,478,478,10,2020-04-03,0,32,0,0.0377268616108233,0
Cortland,2020-04-04T00:00:00.000,0,10,38,516,516,10,2020-04-04,0,38,0,0.037352203364696,0
Cortland,2020-04-05T00:00:00.000,3,13,42,558,558,13,2020-04-05,3,42,0.0714285714285714,0.0366002809682868,2.98786616027035
Cortland,2020-04-06T00:00:00.000,3,16,25,583,583,16,2020-04-06,3,25,0.12,0.0355382096814282,2.99380618419167
Cortland,2020-04-07T00:00:00.000,0,16,18,601,601,16,2020-04-07,0,18,0,0.0342367042411669,0
Cortland,2020-04-08T00:00:00.000,0,16,41,642,642,16,2020-04-08,0,41,0,0.0327652303097126,0
Cortland,2020-04-09T00:00:00.000,1,17,25,667,667,17,2020-04-09,1,25,0.04,0.0311882511946775,1.00821491799497
Cortland,2020-04-10T00:00:00.000,0,17,20,687,687,17,2020-04-10,0,20,0,0.0295626657095319,0
Cortland,2020-04-11T00:00:00.000,1,18,18,705,705,18,2020-04-11,1,18,0.0555555555555556,0.0279363784245291,1.01457616946572
Cortland,2020-04-12T00:00:00.000,2,20,18,723,723,20,2020-04-12,2,18,0.111111111111111,0.0263478376235403,2.04474486954968
Cortland,2020-04-13T00:00:00.000,2,22,38,761,761,22,2020-04-13,2,38,0.0526315789473684,0.0248263203569995,2.05957237081666
Cortland,2020-04-14T00:00:00.000,1,23,6,767,767,23,2020-04-14,1,6,0.166666666666667,0.0233927310084994,1.03672041344442
Cortland,2020-04-15T00:00:00.000,1,24,17,784,784,24,2020-04-15,1,17,0.0588235294117647,0.0220606983854614,1.04214194270764
Cortland,2020-04-16T00:00:00.000,1,25,13,797,797,25,2020-04-16,1,13,0.0769230769230769,0.0208377937473772,1.0451857809503
Cortland,2020-04-17T00:00:00.000,0,25,19,816,816,25,2020-04-17,0,19,0,0.0197267372238283,0
Cortland,2020-04-18T00:00:00.000,0,25,11,827,827,25,2020-04-18,0,11,0,0.0187265042879675,0
Cortland,2020-04-19T00:00:00.000,0,25,12,839,839,25,2020-04-19,0,12,0,0.0178332821630343,0
Cortland,2020-04-20T00:00:00.000,0,25,2,841,841,25,2020-04-20,0,2,0,0.0170412559209704,0
Cortland,2020-04-21T00:00:00.000,0,25,5,846,846,25,2020-04-21,0,5,0,0.0163432252947702,0
Cortland,2020-04-22T00:00:00.000,0,25,30,876,876,25,2020-04-22,0,30,0,0.0157310669440072,0
Cortland,2020-04-23T00:00:00.000,0,25,30,906,906,25,2020-04-23,0,30,0,0.0151960646724478,0
Cortland,2020-04-24T00:00:00.000,3,28,109,1015,1015,28,2020-04-24,3,109,0.0275229357798165,0.0147291335897452,3.15706418878713
Cortland,2020-04-25T00:00:00.000,0,28,26,1041,1041,28,2020-04-25,0,26,0,0.0143209649367601,0
Cortland,2020-04-26T00:00:00.000,0,28,16,1057,1057,28,2020-04-26,0,16,0,0.0139621173336057,0
Cortland,2020-04-27T00:00:00.000,0,28,7,1064,1064,28,2020-04-27,0,7,0,0.0136430783276686,0
Cortland,2020-04-28T00:00:00.000,0,28,22,1086,1086,28,2020-04-28,0,22,0,0.0133543176482881,0
Cortland,2020-04-29T00:00:00.000,0,28,26,1112,1112,28,2020-04-29,0,26,0,0.0130863506431167,0
Cortland,2020-04-30T00:00:00.000,0,28,31,1143,1143,28,2020-04-30,0,31,0,0.0128298268606018,0
Cortland,2020-05-01T00:00:00.000,0,28,30,1173,1173,28,2020-05-01,0,30,0,0.0125756544815405,0
Cortland,2020-05-02T00:00:00.000,0,28,16,1189,1189,28,2020-05-02,0,16,0,0.0123151661560942,0
Cortland,2020-05-03T00:00:00.000,0,28,42,1231,1231,28,2020-05-03,0,42,0,0.0120403257371289,0
Cortland,2020-05-04T00:00:00.000,0,28,12,1243,1243,28,2020-05-04,0,12,0,0.0117439686491234,0
Cortland,2020-05-05T00:00:00.000,0,28,33,1276,1276,28,2020-05-05,0,33,0,0.0114200616919168,0
Cortland,2020-05-06T00:00:00.000,1,29,27,1303,1303,29,2020-05-06,1,27,0.037037037037037,0.0110639617136356,1.05498587621395
Cortland,2020-05-07T00:00:00.000,0,29,38,1341,1341,29,2020-05-07,0,38,0,0.0106726478098589,0
Cortland,2020-05-08T00:00:00.000,0,29,96,1437,1437,29,2020-05-08,0,96,0,0.0102448995165825,0
Cortland,2020-05-09T00:00:00.000,0,29,29,1466,1466,29,2020-05-09,0,29,0,0.00978139473380714,0
Cortland,2020-05-10T00:00:00.000,0,29,27,1493,1493,29,2020-05-10,0,27,0,0.00928470627745209,0
Cortland,2020-05-11T00:00:00.000,1,30,33,1526,1526,30,2020-05-11,1,33,0.0303030303030303,0.00875918482326746,1.06295329645864
Cortland,2020-05-12T00:00:00.000,1,31,40,1566,1566,31,2020-05-12,1,40,0.025,0.0082107276772698,1.06534195304358
Cortland,2020-05-13T00:00:00.000,2,33,50,1616,1616,33,2020-05-13,2,50,0.04,0.00764644573178575,2.14106975669311
Cortland,2020-05-14T00:00:00.000,0,33,95,1711,1711,33,2020-05-14,0,95,0,0.00707425316664333,0
Cortland,2020-05-15T00:00:00.000,1,34,221,1932,1932,34,2020-05-15,1,221,0.00452488687782805,0.00650241391195966,1.08326769197633
Cortland,2020-05-16T00:00:00.000,0,34,140,2072,2072,34,2020-05-16,0,140,0,0.00593908397909702,0
Cortland,2020-05-17T00:00:00.000,1,35,99,2171,2171,35,2020-05-17,1,99,0.0101010101010101,0.00539188860157563,1.08483764227556
Cortland,2020-05-18T00:00:00.000,1,36,62,2233,2233,36,2020-05-18,1,62,0.0161290322580645,0.0048675678136545,1.08168445225279
Cortland,2020-05-19T00:00:00.000,0,36,77,2310,2310,36,2020-05-19,0,77,0,0.00437171464491476,0
Cortland,2020-05-20T00:00:00.000,0,36,144,2454,2454,36,2020-05-20,0,144,0,0.00390861827290664,0
Cortland,2020-05-21T00:00:00.000,1,37,86,2540,2540,37,2020-05-21,1,86,0.0116279069767442,0.00348121225673997,1.06906412617955
Cortland,2020-05-22T00:00:00.000,1,38,223,2763,2763,38,2020-05-22,1,223,0.00448430493273543,0.00309111726424351,1.06422754022317
Cortland,2020-05-23T00:00:00.000,1,39,147,2910,2910,39,2020-05-23,1,147,0.00680272108843537,0.00273875987090054,1.05804561035398
Cortland,2020-05-24T00:00:00.000,0,39,221,3131,3131,39,2020-05-24,0,221,0,0.0024235447179124,0
Cortland,2020-05-25T00:00:00.000,0,39,64,3195,3195,39,2020-05-25,0,64,0,0.00214405653160988,0
Cortland,2020-05-26T00:00:00.000,0,39,82,3277,3277,39,2020-05-26,0,82,0,0.00189827060963321,0
Cortland,2020-05-27T00:00:00.000,0,39,34,3311,3311,39,2020-05-27,0,34,0,0.00168375444296546,0
Cortland,2020-05-28T00:00:00.000,0,39,207,3518,3518,39,2020-05-28,0,207,0,0.00149784814422515,0
Cortland,2020-05-29T00:00:00.000,2,41,188,3706,3706,41,2020-05-29,2,188,0.0106382978723404,0.00133781640400873,2.01151402275949
Cortland,2020-05-30T00:00:00.000,0,41,261,3967,3967,41,2020-05-30,0,261,0,0.00120096914627526,0
Cortland,2020-05-31T00:00:00.000,0,41,84,4051,4051,41,2020-05-31,0,84,0,0.00108475153195785,0
Cortland,2020-06-01T00:00:00.000,0,41,128,4179,4179,41,2020-06-01,0,128,0,0.000986806349297248,0
Cortland,2020-06-02T00:00:00.000,0,41,92,4271,4271,41,2020-06-02,0,92,0,0.000905013202482845,0
Cortland,2020-06-03T00:00:00.000,0,41,130,4401,4401,41,2020-06-03,0,130,0,0.000837509448890979,0
Cortland,2020-06-04T00:00:00.000,0,41,343,4744,4744,41,2020-06-04,0,343,0,0.000782697768446221,0
Cortland,2020-06-05T00:00:00.000,0,41,294,5038,5038,41,2020-06-05,0,294,0,0.000739244799604783,0
Cortland,2020-06-06T00:00:00.000,0,41,201,5239,5239,41,2020-06-06,0,201,0,0.000706074631158283,0
Cortland,2020-06-07T00:00:00.000,1,42,179,5418,5418,42,2020-06-07,1,179,0.00558659217877095,0.000682360237377446,1.00548675417298
Cortland,2020-06-08T00:00:00.000,0,42,162,5580,5580,42,2020-06-08,0,162,0,0.000667515276013408,0
Cortland,2020-06-09T00:00:00.000,0,42,153,5733,5733,42,2020-06-09,0,153,0,0.00066118808199174,0
Cortland,2020-06-10T00:00:00.000,0,42,110,5843,5843,42,2020-06-10,0,110,0,0.000663259198220889,0
Cortland,2020-06-11T00:00:00.000,0,42,258,6101,6101,42,2020-06-11,0,258,0,0.000673843378951187,0
Cortland,2020-06-12T00:00:00.000,0,42,216,6317,6317,42,2020-06-12,0,216,0,0.000693296652204402,0
Cortland,2020-06-13T00:00:00.000,0,42,174,6491,6491,42,2020-06-13,0,174,0,0.000722228695350355,0
Cortland,2020-06-14T00:00:00.000,0,42,87,6578,6578,42,2020-06-14,0,87,0,0.000761520412193511,0
Cortland,2020-06-15T00:00:00.000,0,42,155,6733,6733,42,2020-06-15,0,155,0,0.000812346143410763,0
Cortland,2020-06-16T00:00:00.000,0,42,124,6857,6857,42,2020-06-16,0,124,0,0.000876199333178622,0
Cortland,2020-06-17T00:00:00.000,2,44,107,6964,6964,44,2020-06-17,2,107,0.0186915887850467,0.000954919650947138,2.03214968680234
Cortland,2020-06-18T00:00:00.000,0,44,216,7180,7180,44,2020-06-18,0,216,0,0.00105071847456283,0
Cortland,2020-06-19T00:00:00.000,0,44,251,7431,7431,44,2020-06-19,0,251,0,0.00116619824791226,0
Cortland,2020-06-20T00:00:00.000,0,44,130,7561,7561,44,2020-06-20,0,130,0,0.00130435954460327,0
Cortland,2020-06-21T00:00:00.000,0,44,84,7645,7645,44,2020-06-21,0,84,0,0.00146858778490448,0
Cortland,2020-06-22T00:00:00.000,0,44,181,7826,7826,44,2020-06-22,0,181,0,0.00166260965949176,0
Cortland,2020-06-23T00:00:00.000,0,44,90,7916,7916,44,2020-06-23,0,90,0,0.00189040774687614,0
Cortland,2020-06-24T00:00:00.000,0,44,153,8069,8069,44,2020-06-24,0,153,0,0.00215608107139238,0
Cortland,2020-06-25T00:00:00.000,0,44,106,8175,8175,44,2020-06-25,0,106,0,0.00246364009354129,0
Cortland,2020-06-26T00:00:00.000,0,44,234,8409,8409,44,2020-06-26,0,234,0,0.00281672760103683,0
Cortland,2020-06-27T00:00:00.000,2,46,234,8643,8643,46,2020-06-27,2,234,0.00854700854700855,0.00321826289338664,2.20331454835513
Cortland,2020-06-28T00:00:00.000,1,47,95,8738,8738,47,2020-06-28,1,95,0.0105263157894737,0.00367001597578178,1.11102414445671
Cortland,2020-06-29T00:00:00.000,0,47,144,8882,8882,47,2020-06-29,0,144,0,0.00417213112041396,0
Cortland,2020-06-30T00:00:00.000,0,47,111,8993,8993,47,2020-06-30,0,111,0,0.00472263420524097,0
Cortland,2020-07-01T00:00:00.000,0,47,138,9131,9131,47,2020-07-01,0,138,0,0.00531697375748249,0
Cortland,2020-07-02T00:00:00.000,1,48,41,9172,9172,48,2020-07-02,1,41,0.024390243902439,0.00594765864914711,1.16771551062239
Cortland,2020-07-03T00:00:00.000,2,50,135,9307,9307,50,2020-07-03,2,135,0.0148148148148148,0.00660406226673634,2.35382547002506
Cortland,2020-07-04T00:00:00.000,1,51,217,9524,9524,51,2020-07-04,1,217,0.00460829493087558,0.0072724600825011,1.18498314000418
Cortland,2020-07-05T00:00:00.000,1,52,55,9579,9579,52,2020-07-05,1,55,0.0181818181818182,0.00793635231538361,1.19162236568545
Cortland,2020-07-06T00:00:00.000,1,53,164,9743,9743,53,2020-07-06,1,164,0.00609756097560976,0.00857709529518284,1.19695253454987
Cortland,2020-07-07T00:00:00.000,1,54,137,9880,9880,54,2020-07-07,1,137,0.0072992700729927,0.00917482662749797,1.20293081090763
Cortland,2020-07-08T00:00:00.000,1,55,147,10027,10027,55,2020-07-08,1,147,0.00680272108843537,0.00970962567428374,1.20742053977955
Cortland,2020-07-09T00:00:00.000,1,56,92,10119,10119,56,2020-07-09,1,92,0.0108695652173913,0.0101628098231714,1.21038305930767
Cortland,2020-07-10T00:00:00.000,2,58,138,10257,10257,58,2020-07-10,2,138,0.0144927536231884,0.0105182368235776,2.42360049107695
Cortland,2020-07-11T00:00:00.000,0,58,278,10535,10535,58,2020-07-11,0,278,0,0.0107634710995391,0
Cortland,2020-07-12T00:00:00.000,1,59,103,10638,10638,59,2020-07-12,1,103,0.00970873786407767,0.0108906812346119,1.21002981065931
Cortland,2020-07-13T00:00:00.000,0,59,143,10781,10781,59,2020-07-13,0,143,0,0.010897166275189,0
Cortland,2020-07-14T00:00:00.000,2,61,160,10941,10941,61,2020-07-14,2,160,0.0125,0.0107854552234894,2.4047453247799
Cortland,2020-07-15T00:00:00.000,2,63,85,11026,11026,63,2020-07-15,2,85,0.0235294117647059,0.0105629789092633,2.39300298080756
Cortland,2020-07-16T00:00:00.000,4,67,216,11242,11242,67,2020-07-16,4,216,0.0185185185185185,0.0102413666525927,4.76187771211101
Cortland,2020-07-17T00:00:00.000,1,68,285,11527,11527,68,2020-07-17,1,285,0.00350877192982456,0.00983546282575368,1.18722033507118
Cortland,2020-07-18T00:00:00.000,1,69,133,11660,11660,69,2020-07-18,1,133,0.0075187969924812,0.00936218420061455,1.1824249520959
Cortland,2020-07-19T00:00:00.000,0,69,83,11743,11743,69,2020-07-19,0,83,0,0.0088393451845076,0
Cortland,2020-07-20T00:00:00.000,4,73,182,11925,11925,73,2020-07-20,4,182,0.021978021978022,0.00828456593909748,4.67123101877926
Cortland,2020-07-21T00:00:00.000,4,77,398,12323,12323,77,2020-07-21,4,398,0.0100502512562814,0.00771435236476027,4.61682594909986
Cortland,2020-07-22T00:00:00.000,3,80,259,12582,12582,80,2020-07-22,3,259,0.0115830115830116,0.00714340324433896,3.41566796761505
Cortland,2020-07-23T00:00:00.000,2,82,98,12680,12680,82,2020-07-23,2,98,0.0204081632653061,0.0065841650224451,2.24255484711933
Cortland,2020-07-24T00:00:00.000,2,84,362,13042,13042,84,2020-07-24,2,362,0.00552486187845304,0.0060466241925776,2.20567641487446
Cortland,2020-07-25T00:00:00.000,1,85,212,13254,13254,85,2020-07-25,1,212,0.00471698113207547,0.0055383046637766,1.08764396625225
Cortland,2020-07-26T00:00:00.000,2,87,470,13724,13724,87,2020-07-26,2,470,0.00425531914893617,0.00506442418160592,2.15890917263932
Cortland,2020-07-27T00:00:00.000,2,89,267,13991,13991,89,2020-07-27,2,267,0.00749063670411985,0.00462815941894168,2.14079957430747
Cortland,2020-07-28T00:00:00.000,1,90,148,14139,14139,90,2020-07-28,1,148,0.00675675675675676,0.00423097196683191,1.06033099530647
Cortland,2020-07-29T00:00:00.000,0,90,166,14305,14305,90,2020-07-29,0,166,0,0.00387295477506991,0
Cortland,2020-07-30T00:00:00.000,1,91,247,14552,14552,91,2020-07-30,1,247,0.00404858299595142,0.00355316824238637,1.04829484049737
Cortland,2020-07-31T00:00:00.000,0,91,168,14720,14720,91,2020-07-31,0,168,0,0.00326994518146706,0
Cortland,2020-08-01T00:00:00.000,1,92,233,14953,14953,92,2020-08-01,1,233,0.00429184549356223,0.00302115290683182,1.03941742502941
Cortland,2020-08-02T00:00:00.000,0,92,103,15056,15056,92,2020-08-02,0,103,0,0.00280440797077812,0
Cortland,2020-08-03T00:00:00.000,1,93,311,15367,15367,93,2020-08-03,1,311,0.00321543408360129,0.00261724435074448,1.02906956839406
Cortland,2020-08-04T00:00:00.000,1,94,88,15455,15455,94,2020-08-04,1,88,0.0113636363636364,0.00245723928183241,1.02363834964205
Cortland,2020-08-05T00:00:00.000,0,94,192,15647,15647,94,2020-08-05,0,192,0,0.00232210274289388,0
Cortland,2020-08-06T00:00:00.000,1,95,148,15795,15795,95,2020-08-06,1,148,0.00675675675675676,0.00220973723115049,1.01398548450387
Cortland,2020-08-07T00:00:00.000,0,95,255,16050,16050,95,2020-08-07,0,255,0,0.00211827427576533,0
Cortland,2020-08-08T00:00:00.000,0,95,149,16199,16199,95,2020-08-08,0,149,0,0.00204609347217159,0
Cortland,2020-08-09T00:00:00.000,0,95,247,16446,16446,95,2020-08-09,0,247,0,0.00199182891044928,0
Cortland,2020-08-10T00:00:00.000,0,95,327,16773,16773,95,2020-08-10,0,327,0,0.00195436689437536,0
Cortland,2020-08-11T00:00:00.000,1,96,109,16882,16882,96,2020-08-11,1,109,0.00917431192660551,0.00193283791418712,1.00217964488364
Cortland,2020-08-12T00:00:00.000,1,97,187,17069,17069,97,2020-08-12,1,187,0.0053475935828877,0.00192660500063534,1.00114722432452
Cortland,2020-08-13T00:00:00.000,0,97,113,17182,17182,97,2020-08-13,0,113,0,0.00193524987763837,0
Cortland,2020-08-14T00:00:00.000,0,97,211,17393,17393,97,2020-08-14,0,211,0,0.00195855774938259,0
Cortland,2020-08-15T00:00:00.000,0,97,150,17543,17543,97,2020-08-15,0,150,0,0.00199650109707643,0
Cortland,2020-08-16T00:00:00.000,0,97,112,17655,17655,97,2020-08-16,0,112,0,0.00204922250796259,0
Cortland,2020-08-17T00:00:00.000,0,97,372,18027,18027,97,2020-08-17,0,372,0,0.00211701630690827,0
Cortland,2020-08-18T00:00:00.000,0,97,143,18170,18170,97,2020-08-18,0,143,0,0.00220030859550131,0
Cortland,2020-08-19T00:00:00.000,1,98,176,18346,18346,98,2020-08-19,1,176,0.00568181818181818,0.00229963522392657,1.02363746810053
Cortland,2020-08-20T00:00:00.000,0,98,168,18514,18514,98,2020-08-20,0,168,0,0.00241561722487586,0
Cortland,2020-08-21T00:00:00.000,0,98,223,18737,18737,98,2020-08-21,0,223,0,0.00254893332456661,0
Cortland,2020-08-22T00:00:00.000,0,98,106,18843,18843,98,2020-08-22,0,106,0,0.00270028931569617,0
Cortland,2020-08-23T00:00:00.000,0,98,239,19082,19082,98,2020-08-23,0,239,0,0.00287038432956544,0
Cortland,2020-08-24T00:00:00.000,0,98,103,19185,19185,98,2020-08-24,0,103,0,0.00305987436544472,0
Cortland,2020-08-25T00:00:00.000,0,98,173,19358,19358,98,2020-08-25,0,173,0,0.00326933381653703,0
Cortland,2020-08-26T00:00:00.000,0,98,82,19440,19440,98,2020-08-26,0,82,0,0.00349921613908525,0
Cortland,2020-08-27T00:00:00.000,0,98,200,19640,19640,98,2020-08-27,0,200,0,0.00374981521439039,0
Cortland,2020-08-28T00:00:00.000,0,98,196,19836,19836,98,2020-08-28,0,196,0,0.00402122930306957,0
Cortland,2020-08-29T00:00:00.000,1,99,156,19992,19992,99,2020-08-29,1,156,0.00641025641025641,0.00431332974286974,1.08350749048668
Cortland,2020-08-30T00:00:00.000,1,100,93,20085,20085,100,2020-08-30,1,93,0.010752688172043,0.00462573664038509,1.09039075809604
Cortland,2020-08-31T00:00:00.000,1,101,145,20230,20230,101,2020-08-31,1,145,0.00689655172413793,0.00495780372222565,1.09852581412683
Cortland,2020-09-01T00:00:00.000,1,102,92,20322,20322,102,2020-09-01,1,92,0.0108695652173913,0.00530861421062181,1.10899269293013
Cortland,2020-09-02T00:00:00.000,0,102,112,20434,20434,102,2020-09-02,0,112,0,0.00567698907749757,0
Cortland,2020-09-03T00:00:00.000,0,102,231,20665,20665,102,2020-09-03,0,231,0,0.00606150833007471,0
Cortland,2020-09-04T00:00:00.000,0,102,171,20836,20836,102,2020-09-04,0,171,0,0.00646054514786632,0
Cortland,2020-09-05T00:00:00.000,1,103,223,21059,21059,103,2020-09-05,1,223,0.00448430493273543,0.00687231179346131,1.16295736577868
Cortland,2020-09-06T00:00:00.000,0,103,77,21136,21136,103,2020-09-06,0,77,0,0.00729491535263524,0
Cortland,2020-09-07T00:00:00.000,0,103,224,21360,21360,103,2020-09-07,0,224,0,0.00772642060833133,0
Cortland,2020-09-08T00:00:00.000,0,103,101,21461,21461,103,2020-09-08,0,101,0,0.00816491680414547,0
Cortland,2020-09-09T00:00:00.000,1,104,98,21559,21559,104,2020-09-09,1,98,0.0102040816326531,0.00860858475623253,1.19987079916135
Cortland,2020-09-10T00:00:00.000,5,109,187,21746,21746,109,2020-09-10,5,187,0.0267379679144385,0.00905576076913815,6.03793548084183
Cortland,2020-09-11T00:00:00.000,10,119,378,22124,22124,119,2020-09-11,10,378,0.0264550264550265,0.00950499408112064,12.198175908698
Cortland,2020-09-12T00:00:00.000,9,128,221,22345,22345,128,2020-09-12,9,221,0.0407239819004525,0.00995509508475566,11.0905192128933
Cortland,2020-09-13T00:00:00.000,4,132,193,22538,22538,132,2020-09-13,4,193,0.0207253886010363,0.0104051722658826,4.97736168223575
Cortland,2020-09-14T00:00:00.000,5,137,241,22779,22779,137,2020-09-14,5,241,0.020746887966805,0.0108546566106682,6.27952995002079
Cortland,2020-09-15T00:00:00.000,0,137,279,23058,23058,137,2020-09-15,0,279,0,0.0113033130533056,0
Cortland,2020-09-16T00:00:00.000,4,141,287,23345,23345,141,2020-09-16,4,287,0.0139372822299652,0.0117512393124042,5.10861260719044
Cortland,2020-09-17T00:00:00.000,9,150,279,23624,23624,150,2020-09-17,9,279,0.032258064516129,0.0121988531225648,11.5796012121025
Cortland,2020-09-18T00:00:00.000,5,155,356,23980,23980,155,2020-09-18,5,356,0.0140449438202247,0.0126468693721897,6.4758649383623
Cortland,2020-09-19T00:00:00.000,4,159,305,24285,24285,159,2020-09-19,4,305,0.0131147540983607,0.0130962689968813,5.21075782887862
Cortland,2020-09-20T00:00:00.000,2,161,193,24478,24478,161,2020-09-20,2,193,0.0103626943005181,0.0135482616347437,2.6175797611266
Cortland,2020-09-21T00:00:00.000,1,162,167,24645,24645,162,2020-09-21,1,167,0.00598802395209581,0.0140042440755899,1.31320593551523
Cortland,2020-09-22T00:00:00.000,2,164,255,24900,24900,164,2020-09-22,2,255,0.00784313725490196,0.0144657564191946,2.63237762949203
Cortland,2020-09-23T00:00:00.000,3,167,172,25072,25072,167,2020-09-23,3,172,0.0174418604651163,0.0149344376779442,3.95295323655724
Cortland,2020-09-24T00:00:00.000,2,169,328,25400,25400,169,2020-09-24,2,328,0.00609756097560976,0.0154119823205542,2.64923738200129
Cortland,2020-09-25T00:00:00.000,2,171,376,25776,25776,171,2020-09-25,2,376,0.00531914893617021,0.015900099000688,2.65745475896728
Cortland,2020-09-26T00:00:00.000,0,171,253,26029,26029,171,2020-09-26,0,253,0,0.0164004724823568,0
Cortland,2020-09-27T00:00:00.000,0,171,176,26205,26205,171,2020-09-27,0,176,0,0.0169147295627752,0
Cortland,2020-09-28T00:00:00.000,10,181,215,26420,26420,181,2020-09-28,10,215,0.0465116279069767,0.0174444096249192,13.3128005066059
Cortland,2020-09-29T00:00:00.000,3,184,858,27278,27278,184,2020-09-29,3,858,0.0034965034965035,0.0179909403316845,3.98530365857526
Cortland,2020-09-30T00:00:00.000,11,195,759,28037,28037,195,2020-09-30,11,759,0.0144927536231884,0.0185556188767212,14.5649323042922
Cortland,2020-10-01T00:00:00.000,3,198,350,28387,28387,198,2020-10-01,3,350,0.00857142857142857,0.0191395991504753,3.95482939035772
Cortland,2020-10-02T00:00:00.000,7,205,525,28912,28912,205,2020-10-02,7,525,0.0133333333333333,0.0197438851298514,9.20131922926235
Cortland,2020-10-03T00:00:00.000,18,223,411,29323,29323,223,2020-10-03,18,411,0.0437956204379562,0.0203693307466995,23.778675602405
Cortland,2020-10-04T00:00:00.000,0,223,150,29473,29473,223,2020-10-04,0,150,0,0.021016646431141,0
Cortland,2020-10-05T00:00:00.000,14,237,166,29639,29639,237,2020-10-05,14,166,0.0843373493975904,0.0216864124355683,18.8251774756864
Cortland,2020-10-06T00:00:00.000,3,240,583,30222,30222,240,2020-10-06,3,583,0.00514579759862779,0.0223790989232946,4.07147695910648
Cortland,2020-10-07T00:00:00.000,20,260,347,30569,30569,260,2020-10-07,20,347,0.0576368876080692,0.0230950926535997,27.3953267371645
Cortland,2020-10-08T00:00:00.000,17,277,790,31359,31359,277,2020-10-08,17,790,0.0215189873417722,0.0238347299125308,23.5016270642184
Cortland,2020-10-09T00:00:00.000,16,293,546,31905,31905,293,2020-10-09,16,546,0.0293040293040293,0.0245983351372095,22.3229030134143
Cortland,2020-10-10T00:00:00.000,8,301,474,32379,32379,301,2020-10-10,8,474,0.0168776371308017,0.0253862644829231,11.2635622276968
Cortland,2020-10-11T00:00:00.000,16,317,498,32877,32877,317,2020-10-11,16,498,0.0321285140562249,0.0261989533972721,22.7316187461403
Delaware,2020-03-01T00:00:00.000,0,0,0,0,0,0,2020-03-01,0,0,0,0.0264714740552044,0
Delaware,2020-03-02T00:00:00.000,0,0,0,0,0,0,2020-03-02,0,0,0,0.0293746338391954,0
Delaware,2020-03-03T00:00:00.000,0,0,0,0,0,0,2020-03-03,0,0,0,0.0325826342167906,0
Delaware,2020-03-04T00:00:00.000,0,0,0,0,0,0,2020-03-04,0,0,0,0.0361195246224482,0
Delaware,2020-03-05T00:00:00.000,0,0,0,0,0,0,2020-03-05,0,0,0,0.0400070144664719,0
Delaware,2020-03-06T00:00:00.000,0,0,0,0,0,0,2020-03-06,0,0,0,0.0442631591319395,0
Delaware,2020-03-07T00:00:00.000,0,0,0,0,0,0,2020-03-07,0,0,0,0.0489008691769301,0
Delaware,2020-03-08T00:00:00.000,0,0,0,0,0,0,2020-03-08,0,0,0,0.0539262893381723,0
Delaware,2020-03-09T00:00:00.000,0,0,1,1,1,0,2020-03-09,0,1,0,0.0593371205510426,0
Delaware,2020-03-10T00:00:00.000,0,0,1,2,2,0,2020-03-10,0,1,0,0.0651209848134558,0
Delaware,2020-03-11T00:00:00.000,0,0,2,4,4,0,2020-03-11,0,2,0,0.0712539555908383,0
Delaware,2020-03-12T00:00:00.000,1,1,1,5,5,1,2020-03-12,1,1,1,0.0776993912225151,1.91377518872236
Delaware,2020-03-13T00:00:00.000,0,1,1,6,6,1,2020-03-13,0,1,0,0.0844072111736883,0
Delaware,2020-03-14T00:00:00.000,0,1,1,7,7,1,2020-03-14,0,1,0,0.09131374173448,0
Delaware,2020-03-15T00:00:00.000,0,1,5,12,12,1,2020-03-15,0,5,0,0.0983422276496787,0
Delaware,2020-03-16T00:00:00.000,0,1,0,12,12,1,2020-03-16,0,0,0,0.105404060673195,0
Delaware,2020-03-17T00:00:00.000,0,1,0,12,12,1,2020-03-17,0,0,0,0.112400719618338,0
Delaware,2020-03-18T00:00:00.000,0,1,1,13,13,1,2020-03-18,0,1,0,0.119226356027868,0
Delaware,2020-03-19T00:00:00.000,0,1,4,17,17,1,2020-03-19,0,4,0,0.125770903258004,0
Delaware,2020-03-20T00:00:00.000,0,1,8,25,25,1,2020-03-20,0,8,0,0.131923542345804,0
Delaware,2020-03-21T00:00:00.000,2,3,10,35,35,3,2020-03-21,2,10,0.2,0.137576331253946,2.73237085149861
Delaware,2020-03-22T00:00:00.000,0,3,10,45,45,3,2020-03-22,0,10,0,0.1426277975297,0
Delaware,2020-03-23T00:00:00.000,0,3,5,50,50,3,2020-03-23,0,5,0,0.146986307046145,0
Delaware,2020-03-24T00:00:00.000,2,5,5,55,55,5,2020-03-24,2,5,0.4,0.150573049227066,2.50785259016992
Delaware,2020-03-25T00:00:00.000,2,7,12,67,67,7,2020-03-25,2,12,0.166666666666667,0.153324516010181,2.46502546476123
Delaware,2020-03-26T00:00:00.000,1,8,7,74,74,8,2020-03-26,1,7,0.142857142857143,0.155194391432594,1.21311726752956
Delaware,2020-03-27T00:00:00.000,0,8,13,87,87,8,2020-03-27,0,13,0,0.156154805791141,0
Delaware,2020-03-28T00:00:00.000,0,8,4,91,91,8,2020-03-28,0,4,0,0.156196939459228,0
Delaware,2020-03-29T00:00:00.000,3,11,12,103,103,11,2020-03-29,3,12,0.25,0.155330985520969,3.53362285480057
Delaware,2020-03-30T00:00:00.000,5,16,11,114,114,16,2020-03-30,5,11,0.454545454545455,0.153585498323589,5.89857195026744
Delaware,2020-03-31T00:00:00.000,4,20,13,127,127,20,2020-03-31,4,13,0.307692307692308,0.151006169052385,4.72002598474582
Delaware,2020-04-01T00:00:00.000,2,22,7,134,134,22,2020-04-01,2,7,0.285714285714286,0.147654082112931,2.35678307149274
Delaware,2020-04-02T00:00:00.000,2,24,9,143,143,24,2020-04-02,2,9,0.222222222222222,0.14360351957849,2.32020644083376
Delaware,2020-04-03T00:00:00.000,2,26,18,161,161,26,2020-04-03,2,18,0.111111111111111,0.138939396182514,2.28653844272108
Delaware,2020-04-04T00:00:00.000,1,27,12,173,173,27,2020-04-04,1,12,0.0833333333333333,0.133754423773341,1.1365872997934
Delaware,2020-04-05T00:00:00.000,2,29,28,201,201,29,2020-04-05,2,28,0.0714285714285714,0.12814611986675,2.25783387542645
Delaware,2020-04-06T00:00:00.000,7,36,30,231,231,36,2020-04-06,7,30,0.233333333333333,0.122213787048313,7.90392721109354
Delaware,2020-04-07T00:00:00.000,1,37,16,247,247,37,2020-04-07,1,16,0.0625,0.116055595393612,1.13180826706863
Delaware,2020-04-08T00:00:00.000,0,37,22,269,269,37,2020-04-08,0,22,0,0.109765896306021,0
Delaware,2020-04-09T00:00:00.000,2,39,20,289,289,39,2020-04-09,2,20,0.1,0.103432882036931,2.27326400361404
Delaware,2020-04-10T00:00:00.000,0,39,17,306,306,39,2020-04-10,0,17,0,0.0971366811881824,0
Delaware,2020-04-11T00:00:00.000,0,39,10,316,316,39,2020-04-11,0,10,0,0.0909479489501896,0
Delaware,2020-04-12T00:00:00.000,3,42,14,330,330,42,2020-04-12,3,14,0.214285714285714,0.0849269752281757,3.44794598846878
Delaware,2020-04-13T00:00:00.000,3,45,48,378,378,45,2020-04-13,3,48,0.0625,0.0791232983056421,3.46902571323603
Delaware,2020-04-14T00:00:00.000,1,46,7,385,385,46,2020-04-14,1,7,0.142857142857143,0.0735757802221377,1.1625912365484
Delaware,2020-04-15T00:00:00.000,1,47,9,394,394,47,2020-04-15,1,9,0.111111111111111,0.068313075683365,1.16685081359398
Delaware,2020-04-16T00:00:00.000,1,48,10,404,404,48,2020-04-16,1,10,0.1,0.0633544108303401,1.16811608697091
Delaware,2020-04-17T00:00:00.000,1,49,8,412,412,49,2020-04-17,1,8,0.125,0.05871058192515,1.16842918834023
Delaware,2020-04-18T00:00:00.000,0,49,10,422,422,49,2020-04-18,0,10,0,0.0543850860630693,0
Delaware,2020-04-19T00:00:00.000,0,49,5,427,427,49,2020-04-19,0,5,0,0.0503753046315191,0
Delaware,2020-04-20T00:00:00.000,0,49,3,430,430,49,2020-04-20,0,3,0,0.0466736732158948,0
Delaware,2020-04-21T00:00:00.000,1,50,18,448,448,50,2020-04-21,1,18,0.0555555555555556,0.043268786792208,1.160144824131
Delaware,2020-04-22T00:00:00.000,0,50,21,469,469,50,2020-04-22,0,21,0,0.0401464044401558,0
Delaware,2020-04-23T00:00:00.000,1,51,15,484,484,51,2020-04-23,1,15,0.0666666666666667,0.0372903320138898,1.15164730984108
Delaware,2020-04-24T00:00:00.000,7,58,135,619,619,58,2020-04-24,7,135,0.0518518518518519,0.0346831733024457,8.02517219450974
Delaware,2020-04-25T00:00:00.000,0,58,35,654,654,58,2020-04-25,0,35,0,0.0323069497615731,0
Delaware,2020-04-26T00:00:00.000,0,58,21,675,675,58,2020-04-26,0,21,0,0.0301435958466497,0
Delaware,2020-04-27T00:00:00.000,1,59,16,691,691,59,2020-04-27,1,16,0.0625,0.0281753415396896,1.12670053991233
Delaware,2020-04-28T00:00:00.000,1,60,14,705,705,60,2020-04-28,1,14,0.0714285714285714,0.0263849962072438,1.11875266175696
Delaware,2020-04-29T00:00:00.000,1,61,24,729,729,61,2020-04-29,1,24,0.0416666666666667,0.0247561488842362,1.11407452867729
Delaware,2020-04-30T00:00:00.000,0,61,24,753,753,61,2020-04-30,0,24,0,0.0232732998758521,0
Delaware,2020-05-01T00:00:00.000,0,61,29,782,782,61,2020-05-01,0,29,0,0.0219219375863726,0
Delaware,2020-05-02T00:00:00.000,0,61,28,810,810,61,2020-05-02,0,28,0,0.0206885730345411,0
Delaware,2020-05-03T00:00:00.000,1,62,54,864,864,62,2020-05-03,1,54,0.0185185185185185,0.0195607428391658,1.11292545105331
Delaware,2020-05-04T00:00:00.000,0,62,31,895,895,62,2020-05-04,0,31,0,0.0185269897306031,0
Delaware,2020-05-05T00:00:00.000,0,62,30,925,925,62,2020-05-05,0,30,0,0.0175768279784487,0
Delaware,2020-05-06T00:00:00.000,1,63,30,955,955,63,2020-05-06,1,30,0.0333333333333333,0.0167006995916261,1.09933244455456
Delaware,2020-05-07T00:00:00.000,0,63,24,979,979,63,2020-05-07,0,24,0,0.0158899257809916,0
Delaware,2020-05-08T00:00:00.000,0,63,30,1009,1009,63,2020-05-08,0,30,0,0.0151366569868449,0
Delaware,2020-05-09T00:00:00.000,1,64,33,1042,1042,64,2020-05-09,1,33,0.0303030303030303,0.0144338237626257,1.10284712189265
Delaware,2020-05-10T00:00:00.000,1,65,19,1061,1061,65,2020-05-10,1,19,0.0526315789473684,0.0137750899606955,1.10505573525842
Delaware,2020-05-11T00:00:00.000,0,65,50,1111,1111,65,2020-05-11,0,50,0,0.0131548089725466,0
Delaware,2020-05-12T00:00:00.000,1,66,53,1164,1164,66,2020-05-12,1,53,0.0188679245283019,0.0125679832202015,1.11167393801461
Delaware,2020-05-13T00:00:00.000,1,67,136,1300,1300,67,2020-05-13,1,136,0.00735294117647059,0.0120102266660066,1.11997926060044
Delaware,2020-05-14T00:00:00.000,0,67,120,1420,1420,67,2020-05-14,0,120,0,0.0114777297942002,0
Delaware,2020-05-15T00:00:00.000,1,68,70,1490,1490,68,2020-05-15,1,70,0.0142857142857143,0.0109672263114008,1.14140037291361
Delaware,2020-05-16T00:00:00.000,1,69,51,1541,1541,69,2020-05-16,1,51,0.0196078431372549,0.0104759607078561,1.14984672827195
Delaware,2020-05-17T00:00:00.000,0,69,56,1597,1597,69,2020-05-17,0,56,0,0.0100016558089713,0
Delaware,2020-05-18T00:00:00.000,0,69,65,1662,1662,69,2020-05-18,0,65,0,0.00954247951959527,0
Delaware,2020-05-19T00:00:00.000,0,69,45,1707,1707,69,2020-05-19,0,45,0,0.00909701010964324,0
Delaware,2020-05-20T00:00:00.000,2,71,65,1772,1772,71,2020-05-20,2,65,0.0307692307692308,0.008664199595907,2.32281753781913
Delaware,2020-05-21T00:00:00.000,1,72,124,1896,1896,72,2020-05-21,1,124,0.00806451612903226,0.00824333502274383,1.16530873305032
Delaware,2020-05-22T00:00:00.000,2,74,51,1947,1947,74,2020-05-22,2,51,0.0392156862745098,0.00783399771429153,2.33588407097206
Delaware,2020-05-23T00:00:00.000,3,77,80,2027,2027,77,2020-05-23,3,80,0.0375,0.00743602084066435,3.50755353818791
Delaware,2020-05-24T00:00:00.000,0,77,44,2071,2071,77,2020-05-24,0,44,0,0.00704944588793003,0
Delaware,2020-05-25T00:00:00.000,0,77,22,2093,2093,77,2020-05-25,0,22,0,0.00667447882668699,0
Delaware,2020-05-26T00:00:00.000,1,78,205,2298,2298,78,2020-05-26,1,205,0.0048780487804878,0.00631144691919576,1.1643421020613
Delaware,2020-05-27T00:00:00.000,0,78,213,2511,2511,78,2020-05-27,0,213,0,0.00596075717956884,0
Delaware,2020-05-28T00:00:00.000,1,79,156,2667,2667,79,2020-05-28,1,156,0.00641025641025641,0.00562285749968363,1.15868319551486
Delaware,2020-05-29T00:00:00.000,0,79,123,2790,2790,79,2020-05-29,0,123,0,0.00529820137753016,0
Delaware,2020-05-30T00:00:00.000,0,79,209,2999,2999,79,2020-05-30,0,209,0,0.00498721704278495,0
Delaware,2020-05-31T00:00:00.000,2,81,96,3095,3095,81,2020-05-31,2,96,0.0208333333333333,0.00469028158055047,2.32423867955622
Delaware,2020-06-01T00:00:00.000,1,82,138,3233,3233,82,2020-06-01,1,138,0.0072463768115942,0.0044077004260757,1.16890782311676
Delaware,2020-06-02T00:00:00.000,0,82,195,3428,3428,82,2020-06-02,0,195,0,0.00413969236077156,0
Delaware,2020-06-03T00:00:00.000,0,82,171,3599,3599,82,2020-06-03,0,171,0,0.00388637990218735,0
Delaware,2020-06-04T00:00:00.000,2,84,129,3728,3728,84,2020-06-04,2,129,0.0155038759689922,0.00364778476521735,2.35533614066815
Delaware,2020-06-05T00:00:00.000,1,85,217,3945,3945,85,2020-06-05,1,217,0.00460829493087558,0.00342382789248127,1.17496753636089
Delaware,2020-06-06T00:00:00.000,0,85,124,4069,4069,85,2020-06-06,0,124,0,0.0032143334174924,0
Delaware,2020-06-07T00:00:00.000,0,85,164,4233,4233,85,2020-06-07,0,164,0,0.00301903583931226,0
Delaware,2020-06-08T00:00:00.000,1,86,194,4427,4427,86,2020-06-08,1,194,0.00515463917525773,0.0028375896515143,1.16121836026256
Delaware,2020-06-09T00:00:00.000,1,87,198,4625,4625,87,2020-06-09,1,198,0.00505050505050505,0.00266958067716156,1.15488097335529
Delaware,2020-06-10T00:00:00.000,1,88,173,4798,4798,88,2020-06-10,1,173,0.00578034682080925,0.00251453840793436,1.14774137011191
Delaware,2020-06-11T00:00:00.000,0,88,92,4890,4890,88,2020-06-11,0,92,0,0.00237194872069086,0
Delaware,2020-06-12T00:00:00.000,0,88,110,5000,5000,88,2020-06-12,0,110,0,0.00224126643896743,0
Delaware,2020-06-13T00:00:00.000,0,88,181,5181,5181,88,2020-06-13,0,181,0,0.00212192731096519,0
Delaware,2020-06-14T00:00:00.000,0,88,111,5292,5292,88,2020-06-14,0,111,0,0.00201335908125181,0
Delaware,2020-06-15T00:00:00.000,0,88,206,5498,5498,88,2020-06-15,0,206,0,0.00191499143400596,0
Delaware,2020-06-16T00:00:00.000,1,89,202,5700,5700,89,2020-06-16,1,202,0.00495049504950495,0.00182626467623998,1.09072929468386
Delaware,2020-06-17T00:00:00.000,0,89,116,5816,5816,89,2020-06-17,0,116,0,0.00174663710683716,0
Delaware,2020-06-18T00:00:00.000,0,89,143,5959,5959,89,2020-06-18,0,143,0,0.00167559107984658,0
Delaware,2020-06-19T00:00:00.000,1,90,144,6103,6103,90,2020-06-19,1,144,0.00694444444444444,0.00161263781805397,1.05534295337281
Delaware,2020-06-20T00:00:00.000,0,90,167,6270,6270,90,2020-06-20,0,167,0,0.00155732106610289,0
Delaware,2020-06-21T00:00:00.000,0,90,134,6404,6404,90,2020-06-21,0,134,0,0.00150921969288675,0
Delaware,2020-06-22T00:00:00.000,1,91,167,6571,6571,91,2020-06-22,1,167,0.00598802395209581,0.00146794936241441,1.02915671002154
Delaware,2020-06-23T00:00:00.000,0,91,91,6662,6662,91,2020-06-23,0,91,0,0.00143316339293611,0
Delaware,2020-06-24T00:00:00.000,0,91,215,6877,6877,91,2020-06-24,0,215,0,0.00140455291781357,0
Delaware,2020-06-25T00:00:00.000,0,91,69,6946,6946,91,2020-06-25,0,69,0,0.00138184645040037,0
Delaware,2020-06-26T00:00:00.000,0,91,131,7077,7077,91,2020-06-26,0,131,0,0.00136480894062725,0
Delaware,2020-06-27T00:00:00.000,0,91,220,7297,7297,91,2020-06-27,0,220,0,0.00135324039467617,0
Delaware,2020-06-28T00:00:00.000,0,91,154,7451,7451,91,2020-06-28,0,154,0,0.00134697411213814,0
Delaware,2020-06-29T00:00:00.000,0,91,147,7598,7598,91,2020-06-29,0,147,0,0.00134587457847065,0
Delaware,2020-06-30T00:00:00.000,0,91,157,7755,7755,91,2020-06-30,0,157,0,0.00134983503519883,0
Delaware,2020-07-01T00:00:00.000,0,91,106,7861,7861,91,2020-07-01,0,106,0,0.00135877473680396,0
Delaware,2020-07-02T00:00:00.000,0,91,62,7923,7923,91,2020-07-02,0,62,0,0.00137263589223192,0
Delaware,2020-07-03T00:00:00.000,0,91,73,7996,7996,91,2020-07-03,0,73,0,0.00139138028096276,0
Delaware,2020-07-04T00:00:00.000,0,91,265,8261,8261,91,2020-07-04,0,265,0,0.0014149855290466,0
Delaware,2020-07-05T00:00:00.000,0,91,85,8346,8346,91,2020-07-05,0,85,0,0.00144344102996024,0
Delaware,2020-07-06T00:00:00.000,0,91,147,8493,8493,91,2020-07-06,0,147,0,0.00147674349888464,0
Delaware,2020-07-07T00:00:00.000,0,91,50,8543,8543,91,2020-07-07,0,50,0,0.00151489215741817,0
Delaware,2020-07-08T00:00:00.000,0,91,83,8626,8626,91,2020-07-08,0,83,0,0.00155788355900829,0
Delaware,2020-07-09T00:00:00.000,0,91,78,8704,8704,91,2020-07-09,0,78,0,0.0016057060834779,0
Delaware,2020-07-10T00:00:00.000,0,91,147,8851,8851,91,2020-07-10,0,147,0,0.00165833415175246,0
Delaware,2020-07-11T00:00:00.000,1,92,247,9098,9098,92,2020-07-11,1,247,0.00404858299595142,0.0017157222386306,1.00840623843943
Delaware,2020-07-12T00:00:00.000,0,92,80,9178,9178,92,2020-07-12,0,80,0,0.00177779879123872,0
Delaware,2020-07-13T00:00:00.000,0,92,111,9289,9289,92,2020-07-13,0,111,0,0.00184446019230228,0
Delaware,2020-07-14T00:00:00.000,0,92,100,9389,9389,92,2020-07-14,0,100,0,0.00191556493860425,0
Delaware,2020-07-15T00:00:00.000,0,92,117,9506,9506,92,2020-07-15,0,117,0,0.00199092823385348,0
Delaware,2020-07-16T00:00:00.000,0,92,161,9667,9667,92,2020-07-16,0,161,0,0.00207031721889402,0
Delaware,2020-07-17T00:00:00.000,1,93,193,9860,9860,93,2020-07-17,1,193,0.00518134715025907,0.00215344707809829,1.0199180245124
Delaware,2020-07-18T00:00:00.000,0,93,64,9924,9924,93,2020-07-18,0,64,0,0.00223997826604028,0
Delaware,2020-07-19T00:00:00.000,0,93,105,10029,10029,93,2020-07-19,0,105,0,0.00232951509071187,0
Delaware,2020-07-20T00:00:00.000,0,93,119,10148,10148,93,2020-07-20,0,119,0,0.00242160586667705,0
Delaware,2020-07-21T00:00:00.000,0,93,187,10335,10335,93,2020-07-21,0,187,0,0.00251574481267803,0
Delaware,2020-07-22T00:00:00.000,2,95,114,10449,10449,95,2020-07-22,2,114,0.0175438596491228,0.00261137581326944,2.05911597953745
Delaware,2020-07-23T00:00:00.000,2,97,120,10569,10569,97,2020-07-23,2,120,0.0166666666666667,0.00270789809467775,2.05190020332087
Delaware,2020-07-24T00:00:00.000,1,98,133,10702,10702,98,2020-07-24,1,133,0.0075187969924812,0.00280467378382667,1.02128920497689
Delaware,2020-07-25T00:00:00.000,0,98,77,10779,10779,98,2020-07-25,0,77,0,0.00290103723070251,0
Delaware,2020-07-26T00:00:00.000,0,98,65,10844,10844,98,2020-07-26,0,65,0,0.00299630588310417,0
Delaware,2020-07-27T00:00:00.000,1,99,110,10954,10954,99,2020-07-27,1,110,0.00909090909090909,0.00308979241541155,1.02801183223851
Delaware,2020-07-28T00:00:00.000,2,101,98,11052,11052,101,2020-07-28,2,98,0.0204081632653061,0.00318081773566484,2.06101577594711
Delaware,2020-07-29T00:00:00.000,0,101,186,11238,11238,101,2020-07-29,0,186,0,0.00326872443400041,0
Delaware,2020-07-30T00:00:00.000,1,102,126,11364,11364,102,2020-07-30,1,126,0.00793650793650794,0.00335289019541647,1.04223056218879
Delaware,2020-07-31T00:00:00.000,1,103,156,11520,11520,103,2020-07-31,1,156,0.00641025641025641,0.0034327406849013,1.04884492791096
Delaware,2020-08-01T00:00:00.000,0,103,148,11668,11668,103,2020-08-01,0,148,0,0.0035077614247925,0
Delaware,2020-08-02T00:00:00.000,1,104,134,11802,11802,104,2020-08-02,1,134,0.00746268656716418,0.00357750822297247,1.06028528641489
Delaware,2020-08-03T00:00:00.000,0,104,153,11955,11955,104,2020-08-03,0,153,0,0.00364161577377317,0
Delaware,2020-08-04T00:00:00.000,0,104,130,12085,12085,104,2020-08-04,0,130,0,0.00369980413708554,0
Delaware,2020-08-05T00:00:00.000,0,104,35,12120,12120,104,2020-08-05,0,35,0,0.00375188289955774,0
Delaware,2020-08-06T00:00:00.000,0,104,163,12283,12283,104,2020-08-06,0,163,0,0.00379775292820638,0
Delaware,2020-08-07T00:00:00.000,1,105,184,12467,12467,105,2020-08-07,1,184,0.00543478260869565,0.0038374057340356,1.07069417144015
Delaware,2020-08-08T00:00:00.000,0,105,150,12617,12617,105,2020-08-08,0,150,0,0.0038709205647458,0
Delaware,2020-08-09T00:00:00.000,0,105,135,12752,12752,105,2020-08-09,0,135,0,0.00389845943513466,0
Delaware,2020-08-10T00:00:00.000,1,106,273,13025,13025,106,2020-08-10,1,273,0.00366300366300366,0.0039202603765569,1.0757311351431
Delaware,2020-08-11T00:00:00.000,0,106,154,13179,13179,106,2020-08-11,0,154,0,0.00393662923982136,0
Delaware,2020-08-12T00:00:00.000,1,107,139,13318,13318,107,2020-08-12,1,139,0.00719424460431655,0.00394793041745829,1.07561197399813
Delaware,2020-08-13T00:00:00.000,0,107,102,13420,13420,107,2020-08-13,0,102,0,0.00395457686164965,0
Delaware,2020-08-14T00:00:00.000,0,107,169,13589,13589,107,2020-08-14,0,169,0,0.00395701976491568,0
Delaware,2020-08-15T00:00:00.000,0,107,117,13706,13706,107,2020-08-15,0,117,0,0.00395573824462706,0
Delaware,2020-08-16T00:00:00.000,0,107,80,13786,13786,107,2020-08-16,0,80,0,0.00395122933301629,0
Delaware,2020-08-17T00:00:00.000,0,107,165,13951,13951,107,2020-08-17,0,165,0,0.00394399852585386,0
Delaware,2020-08-18T00:00:00.000,1,108,173,14124,14124,108,2020-08-18,1,173,0.00578034682080925,0.00393455108895996,1.07803089270904
Delaware,2020-08-19T00:00:00.000,1,109,119,14243,14243,109,2020-08-19,1,119,0.00840336134453781,0.00392338426627951,1.07980755897574
Delaware,2020-08-20T00:00:00.000,0,109,146,14389,14389,109,2020-08-20,0,146,0,0.0039109804795467,0
Delaware,2020-08-21T00:00:00.000,0,109,143,14532,14532,109,2020-08-21,0,143,0,0.00389780156011691,0
Delaware,2020-08-22T00:00:00.000,0,109,177,14709,14709,109,2020-08-22,0,177,0,0.00388428401034204,0
Delaware,2020-08-23T00:00:00.000,0,109,143,14852,14852,109,2020-08-23,0,143,0,0.0038708352562275,0
Delaware,2020-08-24T00:00:00.000,0,109,112,14964,14964,109,2020-08-24,0,112,0,0.00385783082520368,0
Delaware,2020-08-25T00:00:00.000,0,109,173,15137,15137,109,2020-08-25,0,173,0,0.00384561236316108,0
Delaware,2020-08-26T00:00:00.000,1,110,131,15268,15268,110,2020-08-26,1,131,0.00763358778625954,0.00383448639250863,1.07337444490883
Delaware,2020-08-27T00:00:00.000,2,112,175,15443,15443,112,2020-08-27,2,175,0.0114285714285714,0.00382472370748483,2.14406070555853
Delaware,2020-08-28T00:00:00.000,0,112,120,15563,15563,112,2020-08-28,0,120,0,0.00381655930305457,0
Delaware,2020-08-29T00:00:00.000,3,115,183,15746,15746,115,2020-08-29,3,183,0.0163934426229508,0.00381019273862303,3.21045510584211
Delaware,2020-08-30T00:00:00.000,0,115,90,15836,15836,115,2020-08-30,0,90,0,0.00380578884608858,0
Delaware,2020-08-31T00:00:00.000,0,115,289,16125,16125,115,2020-08-31,0,289,0,0.00380347870274903,0
Delaware,2020-09-01T00:00:00.000,5,120,159,16284,16284,120,2020-09-01,5,159,0.0314465408805031,0.00380336080198712,5.3631176614933
Delaware,2020-09-02T00:00:00.000,1,121,160,16444,16444,121,2020-09-02,1,160,0.00625,0.00380550236788132,1.08023352460631
Delaware,2020-09-03T00:00:00.000,0,121,382,16826,16826,121,2020-09-03,0,382,0,0.00380994077304669,0
Delaware,2020-09-04T00:00:00.000,2,123,213,17039,17039,123,2020-09-04,2,213,0.00938967136150235,0.00381668503165095,2.18627163357155
Delaware,2020-09-05T00:00:00.000,0,123,134,17173,17173,123,2020-09-05,0,134,0,0.00382571735104913,0
Delaware,2020-09-06T00:00:00.000,1,124,229,17402,17402,124,2020-09-06,1,229,0.00436681222707424,0.00383699473561339,1.10005040799786
Delaware,2020-09-07T00:00:00.000,1,125,165,17567,17567,125,2020-09-07,1,165,0.00606060606060606,0.00385045064468929,1.1030263451428
Delaware,2020-09-08T00:00:00.000,0,125,32,17599,17599,125,2020-09-08,0,32,0,0.00386599671313408,0
Delaware,2020-09-09T00:00:00.000,0,125,69,17668,17668,125,2020-09-09,0,69,0,0.0038835245472598,0
Delaware,2020-09-10T00:00:00.000,3,128,140,17808,17808,128,2020-09-10,3,140,0.0214285714285714,0.00390290761143273,3.33032065846892
Delaware,2020-09-11T00:00:00.000,0,128,213,18021,18021,128,2020-09-11,0,213,0,0.00392400322074651,0
Delaware,2020-09-12T00:00:00.000,0,128,217,18238,18238,128,2020-09-12,0,217,0,0.00394665465345645,0
Delaware,2020-09-13T00:00:00.000,0,128,169,18407,18407,128,2020-09-13,0,169,0,0.00397069339313766,0
Delaware,2020-09-14T00:00:00.000,0,128,82,18489,18489,128,2020-09-14,0,82,0,0.0039959415051704,0
Delaware,2020-09-15T00:00:00.000,1,129,86,18575,18575,129,2020-09-15,1,86,0.0116279069767442,0.00402221414528497,1.14251204789126
Delaware,2020-09-16T00:00:00.000,0,129,127,18702,18702,129,2020-09-16,0,127,0,0.0040493221899539,0
Delaware,2020-09-17T00:00:00.000,0,129,132,18834,18834,129,2020-09-17,0,132,0,0.00407707496972537,0
Delaware,2020-09-18T00:00:00.000,1,130,139,18973,18973,130,2020-09-18,1,139,0.00719424460431655,0.004105283077551,1.15734752103021
Delaware,2020-09-19T00:00:00.000,0,130,217,19190,19190,130,2020-09-19,0,217,0,0.00413376121536822,0
Delaware,2020-09-20T00:00:00.000,0,130,220,19410,19410,130,2020-09-20,0,220,0,0.00416233103386089,0
Delaware,2020-09-21T00:00:00.000,1,131,205,19615,19615,131,2020-09-21,1,205,0.0048780487804878,0.00419082391330239,1.16395666425061
Delaware,2020-09-22T00:00:00.000,1,132,139,19754,19754,132,2020-09-22,1,139,0.00719424460431655,0.00421908362758593,1.16360584555853
Delaware,2020-09-23T00:00:00.000,1,133,122,19876,19876,133,2020-09-23,1,122,0.00819672131147541,0.00424696882982987,1.16195535509222
Delaware,2020-09-24T00:00:00.000,0,133,107,19983,19983,133,2020-09-24,0,107,0,0.0042743552961723,0
Delaware,2020-09-25T00:00:00.000,0,133,232,20215,20215,133,2020-09-25,0,232,0,0.00430113786481904,0
Delaware,2020-09-26T00:00:00.000,1,134,167,20382,20382,134,2020-09-26,1,167,0.00598802395209581,0.00432723201016134,1.16521684001842
Delaware,2020-09-27T00:00:00.000,1,135,171,20553,20553,135,2020-09-27,1,171,0.00584795321637427,0.00435257499650405,1.16329478085221
Delaware,2020-09-28T00:00:00.000,1,136,237,20790,20790,136,2020-09-28,1,237,0.00421940928270042,0.00437712656246413,1.15937173148098
Delaware,2020-09-29T00:00:00.000,0,136,510,21300,21300,136,2020-09-29,0,510,0,0.0044008690951084,0
Delaware,2020-09-30T00:00:00.000,1,137,111,21411,21411,137,2020-09-30,1,111,0.00900900900900901,0.00442380726160241,1.14722304038727
Delaware,2020-10-01T00:00:00.000,1,138,129,21540,21540,138,2020-10-01,1,129,0.00775193798449612,0.00444596707534361,1.13922587034512
Delaware,2020-10-02T00:00:00.000,2,140,227,21767,21767,140,2020-10-02,2,227,0.00881057268722467,0.00446739438233058,2.26591816903341
Delaware,2020-10-03T00:00:00.000,1,141,170,21937,21937,141,2020-10-03,1,170,0.00588235294117647,0.00448815276145471,1.13559701961553
Delaware,2020-10-04T00:00:00.000,0,141,191,22128,22128,141,2020-10-04,0,191,0,0.00450832083893327,0
Delaware,2020-10-05T00:00:00.000,2,143,139,22267,22267,143,2020-10-05,2,139,0.0143884892086331,0.00452798902176307,2.29939087969383
Delaware,2020-10-06T00:00:00.000,0,143,480,22747,22747,143,2020-10-06,0,480,0,0.00454725565754975,0
Delaware,2020-10-07T00:00:00.000,1,144,159,22906,22906,144,2020-10-07,1,159,0.00628930817610063,0.00456622262826085,1.16479695370071
Delaware,2020-10-08T00:00:00.000,0,144,175,23081,23081,144,2020-10-08,0,175,0,0.00458499038337656,0
Delaware,2020-10-09T00:00:00.000,2,146,185,23266,23266,146,2020-10-09,2,185,0.0108108108108108,0.00460365241381306,2.3598280908291
Delaware,2020-10-10T00:00:00.000,2,148,146,23412,23412,148,2020-10-10,2,146,0.0136986301369863,0.00462228916244252,2.37487962996847
Delaware,2020-10-11T00:00:00.000,1,149,223,23635,23635,149,2020-10-11,1,223,0.00448430493273543,0.00464096136063966,1.19493087258392
Dutchess,2020-03-01T00:00:00.000,0,0,0,0,0,0,2020-03-01,0,0,0,0.00521239503191067,0
Dutchess,2020-03-02T00:00:00.000,0,0,0,0,0,0,2020-03-02,0,0,0,0.00646888888853024,0
Dutchess,2020-03-03T00:00:00.000,0,0,0,0,0,0,2020-03-03,0,0,0,0.00802449715598354,0
Dutchess,2020-03-04T00:00:00.000,0,0,0,0,0,0,2020-03-04,0,0,0,0.00994612299210918,0
Dutchess,2020-03-05T00:00:00.000,0,0,0,0,0,0,2020-03-05,0,0,0,0.0123122021280558,0
Dutchess,2020-03-06T00:00:00.000,0,0,0,0,0,0,2020-03-06,0,0,0,0.015212983929176,0
Dutchess,2020-03-07T00:00:00.000,0,0,0,0,0,0,2020-03-07,0,0,0,0.0187499646732457,0
Dutchess,2020-03-08T00:00:00.000,0,0,0,0,0,0,2020-03-08,0,0,0,0.0230341144223884,0
Dutchess,2020-03-09T00:00:00.000,0,0,0,0,0,0,2020-03-09,0,0,0,0.0281825264964936,0
Dutchess,2020-03-10T00:00:00.000,0,0,2,2,2,0,2020-03-10,0,2,0,0.0343131714052426,0
Dutchess,2020-03-11T00:00:00.000,1,1,5,7,7,1,2020-03-11,1,5,0.2,0.0415375836968022,1.91554243252099
Dutchess,2020-03-12T00:00:00.000,0,1,3,10,10,1,2020-03-12,0,3,0,0.049951569776289,0
Dutchess,2020-03-13T00:00:00.000,2,3,10,20,20,3,2020-03-13,2,10,0.2,0.0596243933450849,3.50449762785648
Dutchess,2020-03-14T00:00:00.000,4,7,17,37,37,7,2020-03-14,4,17,0.235294117647059,0.0705873311336357,6.71853449830273
Dutchess,2020-03-15T00:00:00.000,3,10,20,57,57,10,2020-03-15,3,20,0.15,0.0828229086331137,4.90958225633226
Dutchess,2020-03-16T00:00:00.000,6,16,32,89,89,16,2020-03-16,6,32,0.1875,0.0962564015519315,9.56480854964524
Dutchess,2020-03-17T00:00:00.000,4,20,23,112,112,20,2020-03-17,4,23,0.173913043478261,0.110751197094208,6.2106171837353
Dutchess,2020-03-18T00:00:00.000,11,31,107,219,219,31,2020-03-18,11,107,0.102803738317757,0.126109267896263,16.6352707049145
Dutchess,2020-03-19T00:00:00.000,5,36,59,278,278,36,2020-03-19,5,59,0.0847457627118644,0.14207733133788,7.36638815278521
Dutchess,2020-03-20T00:00:00.000,13,49,205,483,483,49,2020-03-20,13,205,0.0634146341463415,0.158358373486889,18.6627762166989
Dutchess,2020-03-21T00:00:00.000,33,82,205,688,688,82,2020-03-21,33,205,0.160975609756098,0.174627324167645,46.1721858885655
Dutchess,2020-03-22T00:00:00.000,18,100,135,823,823,100,2020-03-22,18,135,0.133333333333333,0.190549010311008,24.5652025281241
Dutchess,2020-03-23T00:00:00.000,24,124,111,934,934,124,2020-03-23,24,111,0.216216216216216,0.205796254274207,31.9789816903663
Dutchess,2020-03-24T00:00:00.000,29,153,146,1080,1080,153,2020-03-24,29,146,0.198630136986301,0.220066161409921,37.7703152691237
Dutchess,2020-03-25T00:00:00.000,37,190,209,1289,1289,190,2020-03-25,37,209,0.177033492822967,0.233093164532957,47.5537677126954
Dutchess,2020-03-26T00:00:00.000,35,225,155,1444,1444,225,2020-03-26,35,155,0.225806451612903,0.244658086133547,44.4364323929307
Dutchess,2020-03-27T00:00:00.000,37,262,200,1644,1644,262,2020-03-27,37,200,0.185,0.254593154015161,46.4392134147095
Dutchess,2020-03-28T00:00:00.000,58,320,195,1839,1839,320,2020-03-28,58,195,0.297435897435897,0.262783422757445,72.1735251436467
Dutchess,2020-03-29T00:00:00.000,72,392,227,2066,2066,392,2020-03-29,72,227,0.317180616740088,0.26916534882139,89.5999035430119
Dutchess,2020-03-30T00:00:00.000,92,484,300,2366,2366,484,2020-03-30,92,300,0.306666666666667,0.273723349610711,114.990210173002
Dutchess,2020-03-31T00:00:00.000,63,547,196,2562,2562,547,2020-03-31,63,196,0.321428571428571,0.276485100275183,78.9755486892088
Dutchess,2020-04-01T00:00:00.000,120,667,330,2892,2892,667,2020-04-01,120,330,0.363636363636364,0.277516157032189,150.61739842546
Dutchess,2020-04-02T00:00:00.000,142,809,415,3307,3307,809,2020-04-02,142,415,0.342168674698795,0.276914306428617,175.915054706049
Dutchess,2020-04-03T00:00:00.000,129,938,447,3754,3754,938,2020-04-03,129,447,0.288590604026846,0.274803872491667,157.891214801695
Dutchess,2020-04-04T00:00:00.000,139,1077,352,4106,4106,1077,2020-04-04,139,352,0.394886363636364,0.271330093357441,169.565142870446
Dutchess,2020-04-05T00:00:00.000,112,1189,338,4444,4444,1189,2020-04-05,112,338,0.331360946745562,0.266653612934121,136.05177521538
Dutchess,2020-04-06T00:00:00.000,60,1249,335,4779,4779,1249,2020-04-06,60,335,0.17910447761194,0.260945115273341,73.0868154974358
Dutchess,2020-04-07T00:00:00.000,146,1395,462,5241,5241,1395,2020-04-07,146,462,0.316017316017316,0.254380145456558,178.734105162597
Dutchess,2020-04-08T00:00:00.000,98,1493,512,5753,5753,1493,2020-04-08,98,512,0.19140625,0.247134193647661,120.555845554708
Dutchess,2020-04-09T00:00:00.000,105,1598,509,6262,6262,1598,2020-04-09,105,509,0.206286836935167,0.239378151681994,129.793148267134
Dutchess,2020-04-10T00:00:00.000,146,1744,584,6846,6846,1744,2020-04-10,146,584,0.25,0.23127427100646,181.333248707021
Dutchess,2020-04-11T00:00:00.000,94,1838,431,7277,7277,1838,2020-04-11,94,431,0.218097447795824,0.222972749513873,117.38718261752
Dutchess,2020-04-12T00:00:00.000,43,1881,499,7776,7776,1881,2020-04-12,43,499,0.0861723446893788,0.214609051111731,54.2210461527709
Dutchess,2020-04-13T00:00:00.000,53,1934,566,8342,8342,1934,2020-04-13,53,566,0.0936395759717314,0.20630202011188,67.4500139157437
Dutchess,2020-04-14T00:00:00.000,114,2048,487,8829,8829,2048,2020-04-14,114,487,0.234086242299795,0.19815280016652,146.338443045567
Dutchess,2020-04-15T00:00:00.000,37,2085,314,9143,9143,2085,2020-04-15,37,314,0.117834394904459,0.190244514018463,47.8297254233357
Dutchess,2020-04-16T00:00:00.000,57,2142,300,9443,9443,2142,2020-04-16,57,300,0.19,0.182642613933817,74.0190294716039
Dutchess,2020-04-17T00:00:00.000,59,2201,381,9824,9824,2201,2020-04-17,59,381,0.154855643044619,0.175395779540338,76.9103317214863
Dutchess,2020-04-18T00:00:00.000,39,2240,196,10020,10020,2240,2020-04-18,39,196,0.198979591836735,0.168537222556862,50.9919653179066
Dutchess,2020-04-19T00:00:00.000,44,2284,357,10377,10377,2284,2020-04-19,44,357,0.123249299719888,0.162086256336254,57.6593104654587
Dutchess,2020-04-20T00:00:00.000,47,2331,209,10586,10586,2331,2020-04-20,47,209,0.22488038277512,0.156049999716885,61.6937851407672
Dutchess,2020-04-21T00:00:00.000,60,2391,313,10899,10899,2391,2020-04-21,60,313,0.191693290734824,0.150425105353912,78.8457008287727
Dutchess,2020-04-22T00:00:00.000,69,2460,366,11265,11265,2460,2020-04-22,69,366,0.188524590163934,0.145199428409718,90.7238396973517
Dutchess,2020-04-23T00:00:00.000,57,2517,374,11639,11639,2517,2020-04-23,57,374,0.152406417112299,0.140353578370556,74.9474872770149
Dutchess,2020-04-24T00:00:00.000,143,2660,913,12552,12552,2660,2020-04-24,143,913,0.156626506024096,0.135862321911113,187.927517945948
Dutchess,2020-04-25T00:00:00.000,69,2729,485,13037,13037,2729,2020-04-25,69,485,0.142268041237113,0.131695826335998,90.5799439663513
Dutchess,2020-04-26T00:00:00.000,64,2793,389,13426,13426,2793,2020-04-26,64,389,0.16452442159383,0.127820750060664,83.8589449332242
Dutchess,2020-04-27T00:00:00.000,24,2817,223,13649,13649,2817,2020-04-27,24,223,0.10762331838565,0.124201198711782,31.3650080947794
Dutchess,2020-04-28T00:00:00.000,64,2881,566,14215,14215,2881,2020-04-28,64,566,0.113074204946996,0.120799572781384,83.3652183128797
Dutchess,2020-04-29T00:00:00.000,73,2954,427,14642,14642,2954,2020-04-29,73,427,0.17096018735363,0.117577335946667,95.0388468304501
Dutchess,2020-04-30T00:00:00.000,48,3002,443,15085,15085,3002,2020-04-30,48,443,0.108352144469526,0.114495732665417,62.7489929313338
Dutchess,2020-05-01T00:00:00.000,47,3049,473,15558,15558,3049,2020-05-01,47,473,0.0993657505285412,0.111516480099605,61.6894487775872
Dutchess,2020-05-02T00:00:00.000,37,3086,434,15992,15992,3086,2020-05-02,37,434,0.0852534562211982,0.108602453455833,48.7011209370528
Dutchess,2020-05-03T00:00:00.000,45,3131,370,16362,16362,3131,2020-05-03,45,370,0.121621621621622,0.105718375979616,59.2864030197969
Dutchess,2020-05-04T00:00:00.000,20,3151,307,16669,16669,3151,2020-05-04,20,307,0.0651465798045603,0.102831515775589,26.3297995316216
Dutchess,2020-05-05T00:00:00.000,41,3192,370,17039,17039,3192,2020-05-05,41,370,0.110810810810811,0.0999123820049412,53.8622950692779
Dutchess,2020-05-06T00:00:00.000,41,3233,438,17477,17477,3233,2020-05-06,41,438,0.0936073059360731,0.0969354035058414,53.7387645763072
Dutchess,2020-05-07T00:00:00.000,44,3277,482,17959,17959,3277,2020-05-07,44,482,0.0912863070539419,0.0938795643880916,57.7120690129357
Dutchess,2020-05-08T00:00:00.000,42,3319,534,18493,18493,3319,2020-05-08,42,534,0.0786516853932584,0.0907289644045904,55.2873903377366
Dutchess,2020-05-09T00:00:00.000,40,3359,471,18964,18964,3359,2020-05-09,40,471,0.0849256900212314,0.0874732677771761,52.8231992408181
Dutchess,2020-05-10T00:00:00.000,19,3378,348,19312,19312,3378,2020-05-10,19,348,0.0545977011494253,0.0841080033625797,25.1600831371904
Dutchess,2020-05-11T00:00:00.000,21,3399,216,19528,19528,3399,2020-05-11,21,216,0.0972222222222222,0.0806346821000708,27.8701493900398
Dutchess,2020-05-12T00:00:00.000,30,3429,387,19915,19915,3429,2020-05-12,30,387,0.0775193798449612,0.077060704801977,39.9811624816841
Dutchess,2020-05-13T00:00:00.000,45,3474,459,20374,20374,3474,2020-05-13,45,459,0.0980392156862745,0.0733990443529133,60.3999271168212
Dutchess,2020-05-14T00:00:00.000,24,3498,394,20768,20768,3498,2020-05-14,24,394,0.0609137055837563,0.0696677005893563,32.5099529575841
Dutchess,2020-05-15T00:00:00.000,29,3527,627,21395,21395,3527,2020-05-15,29,627,0.0462519936204147,0.0658889423713664,39.6011302387654
Dutchess,2020-05-16T00:00:00.000,16,3543,491,21886,21886,3543,2020-05-16,16,491,0.0325865580448065,0.0620883680854691,21.980702834836
Dutchess,2020-05-17T00:00:00.000,9,3552,337,22223,22223,3552,2020-05-17,9,337,0.0267062314540059,0.0582938311325647,12.3878353490636
Dutchess,2020-05-18T00:00:00.000,158,3710,972,23195,23195,3710,2020-05-18,158,972,0.162551440329218,0.0545342890437455,217.617310596413
Dutchess,2020-05-19T00:00:00.000,14,3724,536,23731,23731,3724,2020-05-19,14,536,0.0261194029850746,0.0508386420351965,19.2730749219423
Dutchess,2020-05-20T00:00:00.000,21,3745,573,24304,24304,3745,2020-05-20,21,573,0.0366492146596859,0.0472346280664091,28.8973222226342
Dutchess,2020-05-21T00:00:00.000,22,3767,556,24860,24860,3767,2020-05-21,22,556,0.039568345323741,0.0437478364016571,30.2934715282883
Dutchess,2020-05-22T00:00:00.000,26,3793,549,25409,25409,3793,2020-05-22,26,549,0.0473588342440801,0.04040089088307,35.7795922979543
Dutchess,2020-05-23T00:00:00.000,14,3807,874,26283,26283,3807,2020-05-23,14,874,0.0160183066361556,0.037212838906179,19.2285400032662
Dutchess,2020-05-24T00:00:00.000,18,3825,650,26933,26933,3825,2020-05-24,18,650,0.0276923076923077,0.0341987643394459,24.6419967730798
Dutchess,2020-05-25T00:00:00.000,9,3834,301,27234,27234,3834,2020-05-25,9,301,0.0299003322259136,0.0313696245406222,12.2625997811006
Dutchess,2020-05-26T00:00:00.000,13,3847,423,27657,27657,3847,2020-05-26,13,423,0.0307328605200946,0.0287322952078977,17.6135985038438
Dutchess,2020-05-27T00:00:00.000,20,3867,911,28568,28568,3867,2020-05-27,20,911,0.021953896816685,0.0262897937504086,26.9599042117195
Dutchess,2020-05-28T00:00:00.000,20,3887,1257,29825,29825,3887,2020-05-28,20,1257,0.0159108989657916,0.0240416431371418,26.7975698101279
Dutchess,2020-05-29T00:00:00.000,12,3899,1265,31090,31090,3899,2020-05-29,12,1265,0.00948616600790514,0.0219843341199689,15.967833473893
Dutchess,2020-05-30T00:00:00.000,10,3909,765,31855,31855,3909,2020-05-30,10,765,0.0130718954248366,0.0201118439776017,13.2861483345927
Dutchess,2020-05-31T00:00:00.000,15,3924,1034,32889,32889,3924,2020-05-31,15,1034,0.0145067698259188,0.0184161736855817,19.9867433784428
Dutchess,2020-06-01T00:00:00.000,12,3936,936,33825,33825,3936,2020-06-01,12,936,0.0128205128205128,0.0168878715979277,16.0434511462352
Dutchess,2020-06-02T00:00:00.000,15,3951,1003,34828,34828,3951,2020-06-02,15,1003,0.0149551345962114,0.0155165192042033,20.1066739709348
Dutchess,2020-06-03T00:00:00.000,11,3962,771,35599,35599,3962,2020-06-03,11,771,0.0142671854734112,0.0142911622674123,14.7714871407716
Dutchess,2020-06-04T00:00:00.000,22,3984,1166,36765,36765,3984,2020-06-04,22,1166,0.0188679245283019,0.0132006778582365,29.4647176626647
Dutchess,2020-06-05T00:00:00.000,11,3995,1072,37837,37837,3995,2020-06-05,11,1072,0.0102611940298507,0.0122340739509064,14.6799464115069
Dutchess,2020-06-06T00:00:00.000,5,4000,793,38630,38630,4000,2020-06-06,5,793,0.00630517023959647,0.0113807230533913,6.64579894839596
Dutchess,2020-06-07T00:00:00.000,6,4006,906,39536,39536,4006,2020-06-07,6,906,0.00662251655629139,0.0106305347609729,7.93929143310326
Dutchess,2020-06-08T00:00:00.000,10,4016,717,40253,40253,4016,2020-06-08,10,717,0.0139470013947001,0.00997407424946965,13.1675869387336
Dutchess,2020-06-09T00:00:00.000,6,4022,944,41197,41197,4022,2020-06-09,6,944,0.00635593220338983,0.00940263476084572,7.85903329058651
Dutchess,2020-06-10T00:00:00.000,5,4027,1072,42269,42269,4027,2020-06-10,5,1072,0.00466417910447761,0.00890827231957727,6.51249737753405
Dutchess,2020-06-11T00:00:00.000,8,4035,1046,43315,43315,4035,2020-06-11,8,1046,0.00764818355640535,0.00848381050089399,10.3582216765399
Dutchess,2020-06-12T00:00:00.000,14,4049,1186,44501,44501,4049,2020-06-12,14,1186,0.0118043844856661,0.00812282226848264,18.0138518460032
Dutchess,2020-06-13T00:00:00.000,7,4056,766,45267,45267,4056,2020-06-13,7,766,0.00913838120104439,0.00781959489070196,8.94810366118714
Dutchess,2020-06-14T00:00:00.000,12,4068,1161,46428,46428,4068,2020-06-14,12,1161,0.0103359173126615,0.00756908287117678,15.2350196551771
Dutchess,2020-06-15T00:00:00.000,7,4075,817,47245,47245,4075,2020-06-15,7,817,0.00856793145654835,0.00736685278873144,8.82398332858466
Dutchess,2020-06-16T00:00:00.000,2,4077,841,48086,48086,4077,2020-06-16,2,841,0.00237812128418549,0.007209022998908,2.50252394927173
Dutchess,2020-06-17T00:00:00.000,11,4088,1071,49157,49157,4088,2020-06-17,11,1071,0.0102707749766573,0.00709220034106232,13.6583991588946
Dutchess,2020-06-18T00:00:00.000,22,4110,1206,50363,50363,4110,2020-06-18,22,1206,0.0182421227197347,0.00701341533961635,27.0998707665135
Dutchess,2020-06-19T00:00:00.000,17,4127,978,51341,51341,4127,2020-06-19,17,978,0.0173824130879346,0.0069700568911254,20.7688516543097
Dutchess,2020-06-20T00:00:00.000,11,4138,1101,52442,52442,4138,2020-06-20,11,1101,0.00999091734786558,0.00695980708461129,13.3248582887335
Dutchess,2020-06-21T00:00:00.000,7,4145,781,53223,53223,4145,2020-06-21,7,781,0.0089628681177977,0.00698057660423365,8.41879543967408
Dutchess,2020-06-22T00:00:00.000,5,4150,494,53717,53717,4150,2020-06-22,5,494,0.0101214574898785,0.00703044109711888,6.01836695477532
Dutchess,2020-06-23T00:00:00.000,8,4158,595,54312,54312,4158,2020-06-23,8,595,0.0134453781512605,0.00710757894061307,9.63813027299366
Dutchess,2020-06-24T00:00:00.000,18,4176,1245,55557,55557,4176,2020-06-24,18,1245,0.0144578313253012,0.00721021099263572,21.7067361943467
Dutchess,2020-06-25T00:00:00.000,3,4179,958,56515,56515,4179,2020-06-25,3,958,0.00313152400835073,0.00733654313745754,3.6177493438283
Dutchess,2020-06-26T00:00:00.000,12,4191,1099,57614,57614,4191,2020-06-26,12,1099,0.010919017288444,0.00748471271229599,14.4453969160495
Dutchess,2020-06-27T00:00:00.000,7,4198,828,58442,58442,4198,2020-06-27,7,828,0.00845410628019324,0.00765274019332203,8.40938220612241
Dutchess,2020-06-28T00:00:00.000,3,4201,773,59215,59215,4201,2020-06-28,3,773,0.00388098318240621,0.00783848778524577,3.59584683622149
Dutchess,2020-06-29T00:00:00.000,6,4207,422,59637,59637,4207,2020-06-29,6,422,0.014218009478673,0.00803962675799198,7.1784624298441
Dutchess,2020-06-30T00:00:00.000,6,4213,1015,60652,60652,4213,2020-06-30,6,1015,0.00591133004926108,0.00825361546106927,7.20927951772731
Dutchess,2020-07-01T00:00:00.000,12,4225,973,61625,61625,4225,2020-07-01,12,973,0.0123329907502569,0.0084776898768316,14.4958583402899
Dutchess,2020-07-02T00:00:00.000,6,4231,967,62592,62592,4231,2020-07-02,6,967,0.0062047569803516,0.00870886831658886,7.27863377143741
Dutchess,2020-07-03T00:00:00.000,7,4238,828,63420,63420,4238,2020-07-03,7,828,0.00845410628019324,0.00894397139948686,8.49208292708257
Dutchess,2020-07-04T00:00:00.000,5,4243,1123,64543,64543,4243,2020-07-04,5,1123,0.00445235975066785,0.00917965778195344,6.06452359448334
Dutchess,2020-07-05T00:00:00.000,3,4246,1096,65639,65639,4246,2020-07-05,3,1096,0.00273722627737226,0.00941247525832376,3.63637104940978
Dutchess,2020-07-06T00:00:00.000,2,4248,772,66411,66411,4248,2020-07-06,2,772,0.00259067357512953,0.00963892587863095,2.42200906846132
Dutchess,2020-07-07T00:00:00.000,2,4250,699,67110,67110,4250,2020-07-07,2,699,0.00286123032904149,0.00985554270988602,2.42314226183156
Dutchess,2020-07-08T00:00:00.000,5,4255,1052,68162,68162,4255,2020-07-08,5,1052,0.00475285171102662,0.0100589748978007,6.05848012525269
Dutchess,2020-07-09T00:00:00.000,7,4262,1041,69203,69203,4262,2020-07-09,7,1041,0.00672430355427474,0.01024607686853,8.47959788239929
Dutchess,2020-07-10T00:00:00.000,7,4269,1229,70432,70432,4269,2020-07-10,7,1229,0.00569568755085435,0.0104139969475333,8.47415739814259
Dutchess,2020-07-11T00:00:00.000,7,4276,1047,71479,71479,4276,2020-07-11,7,1047,0.00668576886341929,0.0105602604400182,8.46557240660936
Dutchess,2020-07-12T00:00:00.000,4,4280,839,72318,72318,4280,2020-07-12,4,839,0.00476758045292014,0.0106828423644674,4.83080201217159
Dutchess,2020-07-13T00:00:00.000,38,4318,1153,73471,73471,4318,2020-07-13,38,1153,0.0329575021682567,0.0107802255670709,45.8130669434505
Dutchess,2020-07-14T00:00:00.000,19,4337,907,74378,74378,4337,2020-07-14,19,907,0.0209481808158765,0.0108514408277018,22.859018914962
Dutchess,2020-07-15T00:00:00.000,20,4357,1278,75656,75656,4357,2020-07-15,20,1278,0.0156494522691706,0.0108960867311171,24.0044441294467
Dutchess,2020-07-16T00:00:00.000,6,4363,1198,76854,76854,4363,2020-07-16,6,1198,0.00500834724540901,0.0109143284016335,7.1884193998094
Dutchess,2020-07-17T00:00:00.000,10,4373,1125,77979,77979,4373,2020-07-17,10,1125,0.00888888888888889,0.0109068755701976,11.995597429079
Dutchess,2020-07-18T00:00:00.000,3,4376,802,78781,78781,4376,2020-07-18,3,802,0.00374064837905237,0.0108749417260094,3.60080676815428
Dutchess,2020-07-19T00:00:00.000,0,4376,603,79384,79384,4376,2020-07-19,0,603,0,0.0108201871920558,0
Dutchess,2020-07-20T00:00:00.000,4,4380,852,80236,80236,4380,2020-07-20,4,852,0.00469483568075117,0.0107446497671358,4.79428223113903
Dutchess,2020-07-21T00:00:00.000,7,4387,986,81222,81222,4387,2020-07-21,7,986,0.00709939148073022,0.0106506670502462,8.34428798882037
Dutchess,2020-07-22T00:00:00.000,13,4400,1149,82371,82371,4400,2020-07-22,13,1149,0.0113141862489121,0.0105407946873892,15.3884388553911
Dutchess,2020-07-23T00:00:00.000,8,4408,1146,83517,83517,4408,2020-07-23,8,1146,0.00698080279232112,0.0104177245923266,9.39139876509927
Dutchess,2020-07-24T00:00:00.000,4,4412,1041,84558,84558,4412,2020-07-24,4,1041,0.00384245917387128,0.0102842067310302,4.65197719527325
Dutchess,2020-07-25T00:00:00.000,13,4425,921,85479,85479,4425,2020-07-25,13,921,0.0141150922909881,0.0101429774092191,15.0213501178399
Dutchess,2020-07-26T00:00:00.000,15,4440,739,86218,86218,4440,2020-07-26,15,739,0.020297699594046,0.00999669623680892,17.3311857581844
Dutchess,2020-07-27T00:00:00.000,7,4447,1020,87238,87238,4447,2020-07-27,7,1020,0.00686274509803922,0.00984789314359113,8.08048737085943
Dutchess,2020-07-28T00:00:00.000,6,4453,1250,88488,88488,4453,2020-07-28,6,1250,0.0048,0.00969892605696084,6.91227578452206
Dutchess,2020-07-29T00:00:00.000,15,4468,1715,90203,90203,4468,2020-07-29,15,1715,0.0087463556851312,0.00955194917817638,17.2866461652716
Dutchess,2020-07-30T00:00:00.000,22,4490,1610,91813,91813,4490,2020-07-30,22,1610,0.0136645962732919,0.0094088912408378,25.4213375175988
Dutchess,2020-07-31T00:00:00.000,14,4504,1376,93189,93189,4504,2020-07-31,14,1376,0.0101744186046512,0.00927144272989468,16.2177256862123
Dutchess,2020-08-01T00:00:00.000,16,4520,1429,94618,94618,4520,2020-08-01,16,1429,0.0111966410076977,0.00914105077242686,18.57771590664
Dutchess,2020-08-02T00:00:00.000,23,4543,1047,95665,95665,4543,2020-08-02,23,1047,0.0219675262655205,0.00901892028315383,26.7490253003972
Dutchess,2020-08-03T00:00:00.000,14,4557,796,96461,96461,4557,2020-08-03,14,796,0.0175879396984925,0.00890601993280394,16.2838356437843
Dutchess,2020-08-04T00:00:00.000,11,4568,990,97451,97451,4568,2020-08-04,11,990,0.0111111111111111,0.00880309158426842,12.7925761299072
Dutchess,2020-08-05T00:00:00.000,14,4582,1232,98683,98683,4582,2020-08-05,14,1232,0.0113636363636364,0.00871066198689319,16.2776400755465
Dutchess,2020-08-06T00:00:00.000,7,4589,992,99675,99675,4589,2020-08-06,7,992,0.00705645161290323,0.00862905570989095,8.13377289100654
Dutchess,2020-08-07T00:00:00.000,11,4600,1191,100866,100866,4600,2020-08-07,11,1191,0.00923593618807725,0.00855840850702061,12.7612628127309
Dutchess,2020-08-08T00:00:00.000,7,4607,1244,102110,102110,4607,2020-08-08,7,1244,0.00562700964630225,0.00849868052576044,8.12197060436036
Dutchess,2020-08-09T00:00:00.000,6,4613,998,103108,103108,4613,2020-08-09,6,998,0.00601202404809619,0.00844966898770909,6.96592057073723
Dutchess,2020-08-10T00:00:00.000,6,4619,885,103993,103993,4619,2020-08-10,6,885,0.00677966101694915,0.00841102016184367,6.96639932335678
Dutchess,2020-08-11T00:00:00.000,12,4631,1114,105107,105107,4631,2020-08-11,12,1114,0.0107719928186715,0.00838224062740467,13.9265419738096
Dutchess,2020-08-12T00:00:00.000,9,4640,1362,106469,106469,4640,2020-08-12,9,1362,0.0066079295154185,0.00836270796715845,10.43508237732
Dutchess,2020-08-13T00:00:00.000,15,4655,1549,108018,108018,4655,2020-08-13,15,1549,0.00968366688185926,0.0083516811450809,17.3674261074633
Dutchess,2020-08-14T00:00:00.000,13,4668,1797,109815,109815,4668,2020-08-14,13,1797,0.00723427935447969,0.00834831090299932,15.0238096046224
Dutchess,2020-08-15T00:00:00.000,18,4686,1581,111396,111396,4686,2020-08-15,18,1581,0.0113851992409867,0.00835165055612023,20.8152085023813
Dutchess,2020-08-16T00:00:00.000,14,4700,1177,112573,112573,4700,2020-08-16,14,1177,0.0118946474086661,0.00836066757482936,16.1922614805732
Dutchess,2020-08-17T00:00:00.000,4,4704,787,113360,113360,4704,2020-08-17,4,787,0.00508259212198221,0.00837425631650401,4.63955826433319
Dutchess,2020-08-18T00:00:00.000,6,4710,1253,114613,114613,4710,2020-08-18,6,1253,0.00478850758180367,0.00839125220818582,6.97711072825144
Dutchess,2020-08-19T00:00:00.000,11,4721,1406,116019,116019,4721,2020-08-19,11,1406,0.00782361308677098,0.00841044758831962,12.8190214652974
Dutchess,2020-08-20T00:00:00.000,13,4734,1832,117851,117851,4734,2020-08-20,13,1832,0.00709606986899563,0.00843060929618832,15.1758463791338
Dutchess,2020-08-21T00:00:00.000,19,4753,1522,119373,119373,4753,2020-08-21,19,1522,0.0124835742444152,0.00845049795377738,22.2075529790502
Dutchess,2020-08-22T00:00:00.000,14,4767,1475,120848,120848,4767,2020-08-22,14,1475,0.00949152542372881,0.00846888872850314,16.3751294971593
Dutchess,2020-08-23T00:00:00.000,10,4777,1245,122093,122093,4777,2020-08-23,10,1245,0.00803212851405622,0.00848459320841416,11.6968189016034
Dutchess,2020-08-24T00:00:00.000,13,4790,1523,123616,123616,4790,2020-08-24,13,1523,0.00853578463558766,0.00849648186710108,15.1741857089631
Dutchess,2020-08-25T00:00:00.000,8,4798,1335,124951,124951,4798,2020-08-25,8,1335,0.00599250936329588,0.00850350646856685,9.31272064579817
Dutchess,2020-08-26T00:00:00.000,17,4815,2006,126957,126957,4815,2020-08-26,17,2006,0.00847457627118644,0.00850472166244458,19.7603877848435
Dutchess,2020-08-27T00:00:00.000,12,4827,1803,128760,128760,4827,2020-08-27,12,1803,0.00665557404326123,0.00849930496665571,13.9337066311737
Dutchess,2020-08-28T00:00:00.000,19,4846,2102,130862,130862,4846,2020-08-28,19,2102,0.00903901046622265,0.00848657432895667,22.0308537938032
Dutchess,2020-08-29T00:00:00.000,6,4852,1867,132729,132729,4852,2020-08-29,6,1867,0.00321371183717193,0.00846600251084871,6.95456133502229
Dutchess,2020-08-30T00:00:00.000,13,4865,1455,134184,134184,4865,2020-08-30,13,1455,0.00893470790378007,0.00843722763853299,15.0531503898397
Dutchess,2020-08-31T00:00:00.000,3,4868,1515,135699,135699,4868,2020-08-31,3,1515,0.00198019801980198,0.00840005941969361,3.4740080816958
Dutchess,2020-09-01T00:00:00.000,10,4878,1329,137028,137028,4878,2020-09-01,10,1329,0.00752445447705041,0.00835448071351294,11.6043952916801
Dutchess,2020-09-02T00:00:00.000,14,4892,1400,138428,138428,4892,2020-09-02,14,1400,0.01,0.00830064435717295,16.3499213557917
Dutchess,2020-09-03T00:00:00.000,10,4902,1308,139736,139736,4902,2020-09-03,10,1308,0.00764525993883792,0.00823886537481506,11.7524118725027
Dutchess,2020-09-04T00:00:00.000,12,4914,1692,141428,141428,4914,2020-09-04,12,1692,0.00709219858156028,0.008169608912074,14.1549019321936
Dutchess,2020-09-05T00:00:00.000,14,4928,1404,142832,142832,4928,2020-09-05,14,1404,0.00997150997150997,0.00809347443029016,16.5498874175518
Dutchess,2020-09-06T00:00:00.000,11,4939,992,143824,143824,4939,2020-09-06,11,992,0.0110887096774194,0.00801117685048219,13.0249415534997
Dutchess,2020-09-07T00:00:00.000,5,4944,609,144433,144433,4944,2020-09-07,5,609,0.00821018062397373,0.00792352544473557,5.92784145232481
Dutchess,2020-09-08T00:00:00.000,12,4956,867,145300,145300,4956,2020-09-08,12,867,0.013840830449827,0.00783140132992083,14.238903547812
Dutchess,2020-09-09T00:00:00.000,6,4962,1341,146641,146641,4962,2020-09-09,6,1341,0.00447427293064877,0.00773573442063169,7.12266819918912
Dutchess,2020-09-10T00:00:00.000,13,4975,1436,148077,148077,4975,2020-09-10,13,1436,0.00905292479108635,0.00763748065491338,15.4334967275745
Dutchess,2020-09-11T00:00:00.000,9,4984,1632,149709,149709,4984,2020-09-11,9,1632,0.00551470588235294,0.00753760021814812,10.7266849748913
Dutchess,2020-09-12T00:00:00.000,2,4986,1298,151007,151007,4986,2020-09-12,2,1298,0.00154083204930663,0.00743703737384155,2.39372811039424
Dutchess,2020-09-13T00:00:00.000,8,4994,1157,152164,152164,4994,2020-09-13,8,1157,0.00691443388072602,0.00733670237168139,9.61289853741994
Dutchess,2020-09-14T00:00:00.000,12,5006,1047,153211,153211,5006,2020-09-14,12,1047,0.0114613180515759,0.00723745575878946,14.472226841192
Dutchess,2020-09-15T00:00:00.000,8,5014,1186,154397,154397,5014,2020-09-15,8,1186,0.00674536256323777,0.00714009527620273,9.67998439592541
Dutchess,2020-09-16T00:00:00.000,28,5042,1294,155691,155691,5042,2020-09-16,28,1294,0.0216383307573416,0.00704534539262853,33.9768312054609
Dutchess,2020-09-17T00:00:00.000,8,5050,1205,156896,156896,5050,2020-09-17,8,1205,0.00663900414937759,0.00695384941499058,9.73042273728999
Dutchess,2020-09-18T00:00:00.000,3,5053,1444,158340,158340,5053,2020-09-18,3,1444,0.00207756232686981,0.00686616402597146,3.65529259788614
Dutchess,2020-09-19T00:00:00.000,6,5059,1591,159931,159931,5059,2020-09-19,6,1591,0.00377121307353866,0.00678275603598665,7.31843145789911
Dutchess,2020-09-20T00:00:00.000,17,5076,1090,161021,161021,5076,2020-09-20,17,1090,0.0155963302752294,0.00670400109627978,20.7378581720187
Dutchess,2020-09-21T00:00:00.000,8,5084,982,162003,162003,5084,2020-09-21,8,982,0.00814663951120163,0.00663018410699047,9.74876082701471
Dutchess,2020-09-22T00:00:00.000,5,5089,910,162913,162913,5089,2020-09-22,5,910,0.00549450549450549,0.00656150105575925,6.0807115957804
Dutchess,2020-09-23T00:00:00.000,16,5105,1303,164216,164216,5105,2020-09-23,16,1303,0.012279355333845,0.00649806204524304,19.3990249897145
Dutchess,2020-09-24T00:00:00.000,3,5108,1388,165604,165604,5108,2020-09-24,3,1388,0.00216138328530259,0.00643989529955279,3.64178383644575
Dutchess,2020-09-25T00:00:00.000,7,5115,1346,166950,166950,5115,2020-09-25,7,1346,0.00520059435364042,0.00638695197881975,8.49030528368442
Dutchess,2020-09-26T00:00:00.000,5,5120,1218,168168,168168,5120,2020-09-26,5,1218,0.00410509031198686,0.00633911167499496,6.05283142946646
Dutchess,2020-09-27T00:00:00.000,4,5124,886,169054,169054,5124,2020-09-27,4,886,0.00451467268623025,0.00629618850314679,4.82817404276378
Dutchess,2020-09-28T00:00:00.000,6,5130,896,169950,169950,5130,2020-09-28,6,896,0.00669642857142857,0.00625793774019457,7.2093842047392
Dutchess,2020-09-29T00:00:00.000,7,5137,837,170787,170787,5137,2020-09-29,7,837,0.00836320191158901,0.00622406299484147,8.36257864005872
Dutchess,2020-09-30T00:00:00.000,11,5148,1617,172404,172404,5148,2020-09-30,11,1617,0.00680272108843537,0.00619422391308813,13.0514756094379
Dutchess,2020-10-01T00:00:00.000,17,5165,2223,174627,174627,5165,2020-10-01,17,2223,0.00764732343679712,0.00616804443633819,20.0113729162065
Dutchess,2020-10-02T00:00:00.000,4,5169,2087,176714,176714,5169,2020-10-02,4,2087,0.00191662673694298,0.0061451216295153,4.6786637748118
Dutchess,2020-10-03T00:00:00.000,10,5179,1408,178122,178122,5179,2020-10-03,10,1408,0.00710227272727273,0.00612503508603267,11.7146236040376
Dutchess,2020-10-04T00:00:00.000,8,5187,1157,179279,179279,5187,2020-10-04,8,1157,0.00691443388072602,0.00610735689730127,9.41927014187368
Dutchess,2020-10-05T00:00:00.000,18,5205,1487,180766,180766,5205,2020-10-05,18,1487,0.0121049092131809,0.00609166214647815,21.3176024202372
Dutchess,2020-10-06T00:00:00.000,9,5214,1341,182107,182107,5214,2020-10-06,9,1341,0.00671140939597315,0.00607753985291835,10.72165326277
Dutchess,2020-10-07T00:00:00.000,8,5222,2438,184545,184545,5222,2020-10-07,8,2438,0.00328137817883511,0.00606460425898168,9.58660319556277
Dutchess,2020-10-08T00:00:00.000,11,5233,1790,186335,186335,5233,2020-10-08,11,1790,0.00614525139664804,0.00605250631767798,13.2591045714679
Dutchess,2020-10-09T00:00:00.000,12,5245,1883,188218,188218,5245,2020-10-09,12,1883,0.00637280934678704,0.00604094521243289,14.5489567902395
Dutchess,2020-10-10T00:00:00.000,7,5252,1454,189672,189672,5252,2020-10-10,7,1454,0.00481430536451169,0.00602967972392061,8.5359794361704
Dutchess,2020-10-11T00:00:00.000,7,5259,1465,191137,191137,5259,2020-10-11,7,1465,0.00477815699658703,0.00601853925613613,8.58477933303825
Erie,2020-03-01T00:00:00.000,0,0,0,0,0,0,2020-03-01,0,0,0,0.0140570956688935,0
Erie,2020-03-02T00:00:00.000,0,0,0,0,0,0,2020-03-02,0,0,0,0.0162469468222438,0
Erie,2020-03-03T00:00:00.000,0,0,0,0,0,0,2020-03-03,0,0,0,0.018769880643088,0
Erie,2020-03-04T00:00:00.000,0,0,6,6,6,0,2020-03-04,0,6,0,0.0216712266071026,0
Erie,2020-03-05T00:00:00.000,0,0,6,12,12,0,2020-03-05,0,6,0,0.0249993900142776,0
Erie,2020-03-06T00:00:00.000,0,0,0,12,12,0,2020-03-06,0,0,0,0.02880498776645,0
Erie,2020-03-07T00:00:00.000,0,0,2,14,14,0,2020-03-07,0,2,0,0.0331395975271548,0
Erie,2020-03-08T00:00:00.000,0,0,1,15,15,0,2020-03-08,0,1,0,0.0380540773915608,0
Erie,2020-03-09T00:00:00.000,0,0,1,16,16,0,2020-03-09,0,1,0,0.0435964390352272,0
Erie,2020-03-10T00:00:00.000,0,0,2,18,18,0,2020-03-10,0,2,0,0.0498092956565226,0
Erie,2020-03-11T00:00:00.000,0,0,0,18,18,0,2020-03-11,0,0,0,0.0567269562171344,0
Erie,2020-03-12T00:00:00.000,0,0,13,31,31,0,2020-03-12,0,13,0,0.0643722962031312,0
Erie,2020-03-13T00:00:00.000,0,0,5,36,36,0,2020-03-13,0,5,0,0.0727535959615885,0
Erie,2020-03-14T00:00:00.000,3,3,22,58,58,3,2020-03-14,3,22,0.136363636363636,0.0818615912224397,5.11412285751773
Erie,2020-03-15T00:00:00.000,3,6,10,68,68,6,2020-03-15,3,10,0.3,0.0916670153781099,4.95964740038614
Erie,2020-03-16T00:00:00.000,1,7,2,70,70,7,2020-03-16,1,2,0.5,0.102118918370797,1.60358760094333
Erie,2020-03-17T00:00:00.000,0,7,2,72,72,7,2020-03-17,0,2,0,0.113144014477024,0
Erie,2020-03-18T00:00:00.000,21,28,130,202,202,28,2020-03-18,21,130,0.161538461538462,0.12464723871388,31.7212321170409
Erie,2020-03-19T00:00:00.000,3,31,43,245,245,31,2020-03-19,3,43,0.0697674418604651,0.136513584626486,4.40221204242834
Erie,2020-03-20T00:00:00.000,7,38,55,300,300,38,2020-03-20,7,55,0.127272727272727,0.148611168591821,9.98554970745967
Erie,2020-03-21T00:00:00.000,16,54,111,411,411,54,2020-03-21,16,111,0.144144144144144,0.160795336969986,22.2025370429224
Erie,2020-03-22T00:00:00.000,33,87,247,658,658,87,2020-03-22,33,247,0.133603238866397,0.17291352375152,44.6009398232468
Erie,2020-03-23T00:00:00.000,20,107,100,758,758,107,2020-03-23,20,100,0.2,0.184810495720709,26.3640605807509
Erie,2020-03-24T00:00:00.000,15,122,114,872,872,122,2020-03-24,15,114,0.131578947368421,0.196333600025289,19.3147017906196
Erie,2020-03-25T00:00:00.000,12,134,116,988,988,134,2020-03-25,12,116,0.103448275862069,0.207337656027869,15.2433112914541
Erie,2020-03-26T00:00:00.000,85,219,348,1336,1336,219,2020-03-26,85,348,0.244252873563218,0.217689200798825,106.663982908044
Erie,2020-03-27T00:00:00.000,99,318,370,1706,1706,318,2020-03-27,99,370,0.267567567567568,0.227269890534349,122.853587704383
Erie,2020-03-28T00:00:00.000,40,358,126,1832,1832,358,2020-03-28,40,126,0.317460317460317,0.235978961165158,49.2421999917005
Erie,2020-03-29T00:00:00.000,18,376,67,1899,1899,376,2020-03-29,18,67,0.26865671641791,0.243734744700458,22.1787660628253
Erie,2020-03-30T00:00:00.000,62,438,189,2088,2088,438,2020-03-30,62,189,0.328042328042328,0.250475312225874,76.8086333798682
Erie,2020-03-31T00:00:00.000,26,464,119,2207,2207,464,2020-03-31,26,119,0.218487394957983,0.256158364260192,32.3451471548359
Erie,2020-04-01T00:00:00.000,153,617,571,2778,2778,617,2020-04-01,153,571,0.267950963222417,0.260760514092054,190.844954290317
Erie,2020-04-02T00:00:00.000,103,720,429,3207,3207,720,2020-04-02,103,429,0.24009324009324,0.264276113320646,127.005678740867
Erie,2020-04-03T00:00:00.000,88,808,317,3524,3524,808,2020-04-03,88,317,0.277602523659306,0.266715756897646,107.387445226512
Erie,2020-04-04T00:00:00.000,110,918,402,3926,3926,918,2020-04-04,110,402,0.27363184079602,0.268104583805249,134.027862840672
Erie,2020-04-05T00:00:00.000,105,1023,549,4475,4475,1023,2020-04-05,105,549,0.191256830601093,0.268480464832395,127.635654912965
Erie,2020-04-06T00:00:00.000,112,1135,396,4871,4871,1135,2020-04-06,112,396,0.282828282828283,0.267892145085581,136.787651280832
Erie,2020-04-07T00:00:00.000,70,1205,295,5166,5166,1205,2020-04-07,70,295,0.23728813559322,0.26639738871419,86.0909082879073
Erie,2020-04-08T00:00:00.000,157,1362,458,5624,5624,1362,2020-04-08,157,458,0.342794759825328,0.264061158246802,194.419140423596
Erie,2020-04-09T00:00:00.000,47,1409,309,5933,5933,1409,2020-04-09,47,309,0.15210355987055,0.260953851071676,58.6014343094592
Erie,2020-04-10T00:00:00.000,63,1472,297,6230,6230,1472,2020-04-10,63,297,0.212121212121212,0.257149610271734,79.0807885015649
Erie,2020-04-11T00:00:00.000,99,1571,317,6547,6547,1571,2020-04-11,99,317,0.312302839116719,0.252724725132929,125.189416352583
Erie,2020-04-12T00:00:00.000,53,1624,182,6729,6729,1624,2020-04-12,53,182,0.291208791208791,0.247756136703688,67.7973853472197
Erie,2020-04-13T00:00:00.000,44,1668,223,6952,6952,1668,2020-04-13,44,223,0.197309417040359,0.242320064616436,56.9046085360281
Erie,2020-04-14T00:00:00.000,83,1751,326,7278,7278,1751,2020-04-14,83,326,0.254601226993865,0.236490771767629,108.445883081995
Erie,2020-04-15T00:00:00.000,99,1850,394,7672,7672,1850,2020-04-15,99,394,0.251269035532995,0.23033948276944,130.447867174216
Erie,2020-04-16T00:00:00.000,79,1929,348,8020,8020,1929,2020-04-16,79,348,0.227011494252874,0.223933469855145,104.700151849975
Erie,2020-04-17T00:00:00.000,68,1997,262,8282,8282,1997,2020-04-17,68,262,0.259541984732824,0.217335316224759,90.5633965082773
Erie,2020-04-18T00:00:00.000,73,2070,367,8649,8649,2070,2020-04-18,73,367,0.198910081743869,0.210602361877339,97.5970620413701
Erie,2020-04-19T00:00:00.000,39,2109,199,8848,8848,2109,2020-04-19,39,199,0.195979899497487,0.203786331285935,52.2906765556341
Erie,2020-04-20T00:00:00.000,38,2147,258,9106,9106,2147,2020-04-20,38,258,0.147286821705426,0.196933136423036,51.0543390111816
Erie,2020-04-21T00:00:00.000,86,2233,347,9453,9453,2233,2020-04-21,86,347,0.247838616714697,0.190082843129657,115.687777583029
Erie,2020-04-22T00:00:00.000,217,2450,1307,10760,10760,2450,2020-04-22,217,1307,0.166029074215761,0.183269784161477,292.041561462151
Erie,2020-04-23T00:00:00.000,153,2603,982,11742,11742,2603,2020-04-23,153,982,0.155804480651731,0.176522798718151,205.840763321661
Erie,2020-04-24T00:00:00.000,170,2773,872,12614,12614,2773,2020-04-24,170,872,0.194954128440367,0.169865576015248,228.456698369772
Erie,2020-04-25T00:00:00.000,181,2954,795,13409,13409,2954,2020-04-25,181,795,0.227672955974843,0.163317079535455,242.776972407904
Erie,2020-04-26T00:00:00.000,67,3021,508,13917,13917,3021,2020-04-26,67,508,0.131889763779528,0.156892028810828,89.6074615368868
Erie,2020-04-27T00:00:00.000,68,3089,586,14503,14503,3089,2020-04-27,68,586,0.116040955631399,0.150601416799964,90.5969134575152
Erie,2020-04-28T00:00:00.000,107,3196,716,15219,15219,3196,2020-04-28,107,716,0.149441340782123,0.144453042817746,141.890992043569
Erie,2020-04-29T00:00:00.000,123,3319,885,16104,16104,3319,2020-04-29,123,885,0.138983050847458,0.138452043355827,162.772481632994
Erie,2020-04-30T00:00:00.000,162,3481,905,17009,17009,3481,2020-04-30,162,905,0.179005524861878,0.13260140573161,214.909899006552
Erie,2020-05-01T00:00:00.000,117,3598,1058,18067,18067,3598,2020-05-01,117,1058,0.110586011342155,0.126902452145708,155.56503447954
Erie,2020-05-02T00:00:00.000,112,3710,799,18866,18866,3710,2020-05-02,112,799,0.14017521902378,0.121355284301583,149.06550697957
Erie,2020-05-03T00:00:00.000,92,3802,760,19626,19626,3802,2020-05-03,92,760,0.121052631578947,0.11595918112974,122.333635206977
Erie,2020-05-04T00:00:00.000,89,3891,779,20405,20405,3891,2020-05-04,89,779,0.114249037227214,0.110712944353367,118.03608047527
Erie,2020-05-05T00:00:00.000,117,4008,1498,21903,21903,4008,2020-05-05,117,1498,0.0781041388518024,0.105615188625809,154.560162740523
Erie,2020-05-06T00:00:00.000,128,4136,1164,23067,23067,4136,2020-05-06,128,1164,0.109965635738832,0.100664574756665,168.404314947688
Erie,2020-05-07T00:00:00.000,119,4255,1008,24075,24075,4255,2020-05-07,119,1008,0.118055555555556,0.0958599861924323,156.411095869383
Erie,2020-05-08T00:00:00.000,82,4337,1049,25124,25124,4337,2020-05-08,82,1049,0.0781696854146807,0.091200650411808,107.998034366724
Erie,2020-05-09T00:00:00.000,116,4453,1231,26355,26355,4453,2020-05-09,116,1231,0.0942323314378554,0.0866862082755904,153.048882971994
Erie,2020-05-10T00:00:00.000,30,4483,386,26741,26741,4483,2020-05-10,30,386,0.077720207253886,0.0823167356312224,39.6410187643969
Erie,2020-05-11T00:00:00.000,47,4530,696,27437,27437,4530,2020-05-11,47,696,0.0675287356321839,0.0780927225929333,62.1765654377811
Erie,2020-05-12T00:00:00.000,76,4606,1591,29028,29028,4606,2020-05-12,76,1591,0.0477686989314896,0.0740150168705886,100.877994928772
Erie,2020-05-13T00:00:00.000,65,4671,1664,30692,30692,4671,2020-05-13,65,1664,0.0390625,0.0700847382697371,86.8421490961887
Erie,2020-05-14T00:00:00.000,111,4782,1690,32382,32382,4782,2020-05-14,111,1690,0.0656804733727811,0.0663031719837701,149.616110723081
Erie,2020-05-15T00:00:00.000,85,4867,1164,33546,33546,4867,2020-05-15,85,1164,0.0730240549828179,0.0626716485060859,115.492655505968
Erie,2020-05-16T00:00:00.000,87,4954,1827,35373,35373,4954,2020-05-16,87,1827,0.0476190476190476,0.0591914178924458,118.950341907264
Erie,2020-05-17T00:00:00.000,39,4993,628,36001,36001,4993,2020-05-17,39,628,0.0621019108280255,0.055863525674299,53.4525091158345
Erie,2020-05-18T00:00:00.000,44,5037,934,36935,36935,5037,2020-05-18,44,934,0.0471092077087794,0.0526886970014291,60.3940019448926
Erie,2020-05-19T00:00:00.000,94,5131,2198,39133,39133,5131,2020-05-19,94,2198,0.0427661510464058,0.0496672345869824,129.103623443758
Erie,2020-05-20T00:00:00.000,139,5270,2974,42107,42107,5270,2020-05-20,139,2974,0.046738399462004,0.0467989348312234,191.095584816806
Erie,2020-05-21T00:00:00.000,127,5397,2175,44282,44282,5397,2020-05-21,127,2175,0.0583908045977012,0.0440830251577457,175.009476629694
Erie,2020-05-22T00:00:00.000,155,5552,2767,47049,47049,5552,2020-05-22,155,2767,0.0560173473075533,0.0415181242142246,213.884058306393
Erie,2020-05-23T00:00:00.000,74,5626,1742,48791,48791,5626,2020-05-23,74,1742,0.0424799081515499,0.0391022252470888,102.141177738681
Erie,2020-05-24T00:00:00.000,74,5700,1718,50509,50509,5700,2020-05-24,74,1718,0.0430733410942957,0.0368327017311174,102.060437846575
Erie,2020-05-25T00:00:00.000,53,5753,1334,51843,51843,5753,2020-05-25,53,1334,0.0397301349325337,0.0347063332990615,72.9467345736753
Erie,2020-05-26T00:00:00.000,57,5810,1572,53415,53415,5810,2020-05-26,57,1572,0.0362595419847328,0.0327193492008556,78.238952914001
Erie,2020-05-27T00:00:00.000,76,5886,2367,55782,55782,5886,2020-05-27,76,2367,0.0321081537811576,0.0308674859708946,104.105422128716
Erie,2020-05-28T00:00:00.000,49,5935,1944,57726,57726,5935,2020-05-28,49,1944,0.0252057613168724,0.0291460556805119,66.9303443977355
Erie,2020-05-29T00:00:00.000,79,6014,2434,60160,60160,6014,2020-05-29,79,2434,0.0324568611339359,0.0275500210960464,107.520853216343
Erie,2020-05-30T00:00:00.000,56,6070,2402,62562,62562,6070,2020-05-30,56,2402,0.0233139050791007,0.0260740742130447,76.3594557787052
Erie,2020-05-31T00:00:00.000,53,6123,1951,64513,64513,6123,2020-05-31,53,1951,0.0271655561250641,0.0247127149541776,72.7275156829947
Erie,2020-06-01T00:00:00.000,50,6173,2225,66738,66738,6173,2020-06-01,50,2225,0.0224719101123595,0.0234603272518807,69.0816129616468
Erie,2020-06-02T00:00:00.000,61,6234,3364,70102,70102,6234,2020-06-02,61,3364,0.0181331747919144,0.022311250244318,84.7913934131477
Erie,2020-06-03T00:00:00.000,74,6308,2639,72741,72741,6308,2020-06-03,74,2639,0.0280409245926487,0.0212598428456838,103.39808734276
Erie,2020-06-04T00:00:00.000,51,6359,2896,75637,75637,6359,2020-06-04,51,2896,0.0176104972375691,0.020300540474347,71.3084367829535
Erie,2020-06-05T00:00:00.000,70,6429,4101,79738,79738,6429,2020-06-05,70,4101,0.0170690075591319,0.0194279032089089,97.8397440804322
Erie,2020-06-06T00:00:00.000,57,6486,2102,81840,81840,6486,2020-06-06,57,2102,0.0271170313986679,0.018636655068064,79.5924477923031
Erie,2020-06-07T00:00:00.000,45,6531,1670,83510,83510,6531,2020-06-07,45,1670,0.0269461077844311,0.0179217144673056,62.737246197575
Erie,2020-06-08T00:00:00.000,64,6595,3600,87110,87110,6595,2020-06-08,64,3600,0.0177777777777778,0.0172782161897281,89.0325473046064
Erie,2020-06-09T00:00:00.000,21,6616,2358,89468,89468,6616,2020-06-09,21,2358,0.0089058524173028,0.0167015254212105,29.1331758323349
Erie,2020-06-10T00:00:00.000,43,6659,2427,91895,91895,6659,2020-06-10,43,2427,0.0177173465183354,0.0161872445472274,59.454394019825
Erie,2020-06-11T00:00:00.000,58,6717,3047,94942,94942,6717,2020-06-11,58,3047,0.0190351165080407,0.0157312135014032,79.8804190124027
Erie,2020-06-12T00:00:00.000,36,6753,2819,97761,97761,6753,2020-06-12,36,2819,0.012770485987939,0.0153295045037471,49.3586381194879
Erie,2020-06-13T00:00:00.000,32,6785,2624,100385,100385,6785,2020-06-13,32,2624,0.0121951219512195,0.0149784120402545,43.6526985998718
Erie,2020-06-14T00:00:00.000,32,6817,1796,102181,102181,6817,2020-06-14,32,1796,0.0178173719376392,0.0146744389268259,43.4073802308142
Erie,2020-06-15T00:00:00.000,35,6852,2174,104355,104355,6852,2020-06-15,35,2174,0.016099356025759,0.0144142792772659,47.18302460639
Erie,2020-06-16T00:00:00.000,30,6882,2419,106774,106774,6882,2020-06-16,30,2419,0.0124018189334436,0.0141947991661031,40.1693482719376
Erie,2020-06-17T00:00:00.000,38,6920,2888,109662,109662,6920,2020-06-17,38,2888,0.0131578947368421,0.0140130157467805,50.5086514799701
Erie,2020-06-18T00:00:00.000,35,6955,3405,113067,113067,6955,2020-06-18,35,3405,0.0102790014684288,0.0138660755582299,46.1545991715665
Erie,2020-06-19T00:00:00.000,25,6980,3055,116122,116122,6980,2020-06-19,25,3055,0.00818330605564648,0.0137512327302427,32.6899384246044
Erie,2020-06-20T00:00:00.000,24,7004,2204,118326,118326,7004,2020-06-20,24,2204,0.0108892921960073,0.0136658277784046,31.1017645755139
Erie,2020-06-21T00:00:00.000,31,7035,2224,120550,120550,7035,2020-06-21,31,2224,0.0139388489208633,0.0136072676620995,39.8567216815163
Erie,2020-06-22T00:00:00.000,38,7073,2083,122633,122633,7073,2020-06-22,38,2083,0.0182429188670187,0.0135730077595249,48.8496671455998
Erie,2020-06-23T00:00:00.000,35,7108,2861,125494,125494,7108,2020-06-23,35,2861,0.012233484795526,0.0135605363876188,44.9807162998284
Erie,2020-06-24T00:00:00.000,30,7138,3065,128559,128559,7138,2020-06-24,30,3065,0.00978792822185971,0.0135673624558741,38.5387854038891
Erie,2020-06-25T00:00:00.000,43,7181,2620,131179,131179,7181,2020-06-25,43,2620,0.016412213740458,0.0135910067885824,55.152053795767
Erie,2020-06-26T00:00:00.000,25,7206,2428,133607,133607,7206,2020-06-26,25,2428,0.0102965403624382,0.0136289975697741,31.9534032307813
Erie,2020-06-27T00:00:00.000,22,7228,2116,135723,135723,7228,2020-06-27,22,2116,0.0103969754253308,0.0136788702622352,28.0099322592913
Erie,2020-06-28T00:00:00.000,21,7249,1787,137510,137510,7249,2020-06-28,21,1787,0.0117515388919978,0.0137381722182014,26.6237294839224
Erie,2020-06-29T00:00:00.000,43,7292,2534,140044,140044,7292,2020-06-29,43,2534,0.0169692186266772,0.01380447203908,54.3034007819704
Erie,2020-06-30T00:00:00.000,45,7337,2670,142714,142714,7337,2020-06-30,45,2670,0.0168539325842697,0.0138753735575315,56.9525498673455
Erie,2020-07-01T00:00:00.000,33,7370,2959,145673,145673,7370,2020-07-01,33,2959,0.0111524163568773,0.013948534112706,41.8988144371516
Erie,2020-07-02T00:00:00.000,57,7427,2920,148593,148593,7427,2020-07-02,57,2920,0.0195205479452055,0.0140216865795769,72.519921713624
Erie,2020-07-03T00:00:00.000,35,7462,2542,151135,151135,7462,2020-07-03,35,2542,0.0137686860739575,0.0140926644081092,44.435544030532
Erie,2020-07-04T00:00:00.000,13,7475,1775,152910,152910,7475,2020-07-04,13,1775,0.00732394366197183,0.0141594287392044,16.4661460110859
Erie,2020-07-05T00:00:00.000,25,7500,1603,154513,154513,7500,2020-07-05,25,1603,0.0155957579538366,0.0142200965103221,31.5796138405655
Erie,2020-07-06T00:00:00.000,44,7544,2750,157263,157263,7544,2020-07-06,44,2750,0.016,0.0142729683540971,55.417510461683
Erie,2020-07-07T00:00:00.000,52,7596,3240,160503,160503,7596,2020-07-07,52,3240,0.0160493827160494,0.0143165550424377,65.3985408245297
Erie,2020-07-08T00:00:00.000,28,7624,3212,163715,163715,7624,2020-07-08,28,3212,0.0087173100871731,0.0143496012438381,35.1544514326132
Erie,2020-07-09T00:00:00.000,36,7660,3299,167014,167014,7660,2020-07-09,36,3299,0.0109123976962716,0.0143711054450418,45.1100153732404
Erie,2020-07-10T00:00:00.000,51,7711,2752,169766,169766,7711,2020-07-10,51,2752,0.018531976744186,0.0143803350402754,63.765213511703
Erie,2020-07-11T00:00:00.000,31,7742,2421,172187,172187,7742,2020-07-11,31,2421,0.0128046261875258,0.0143768358019536,38.6650744542624
Erie,2020-07-12T00:00:00.000,24,7766,1765,173952,173952,7766,2020-07-12,24,1765,0.0135977337110482,0.0143604352047129,29.8551025358452
Erie,2020-07-13T00:00:00.000,67,7833,2651,176603,176603,7833,2020-07-13,67,2651,0.025273481705017,0.0143312393643621,83.1086375502685
Erie,2020-07-14T00:00:00.000,58,7891,2975,179578,179578,7891,2020-07-14,58,2975,0.0194957983193277,0.0142896236519181,71.7274378831255
Erie,2020-07-15T00:00:00.000,36,7927,3015,182593,182593,7927,2020-07-15,36,3015,0.0119402985074627,0.0142362173356719,44.3789031685697
Erie,2020-07-16T00:00:00.000,55,7982,3391,185984,185984,7982,2020-07-16,55,3391,0.0162194043055146,0.0141718828661187,67.6375550453752
Erie,2020-07-17T00:00:00.000,34,8016,2039,188023,188023,8016,2020-07-17,34,2039,0.0166748406081412,0.0140976906383133,41.8451916497136
Erie,2020-07-18T00:00:00.000,19,8035,1699,189722,189722,8035,2020-07-18,19,1699,0.011183048852266,0.0140148902277546,23.390981134928
Erie,2020-07-19T00:00:00.000,11,8046,1434,191156,191156,8046,2020-07-19,11,1434,0.00767085076708508,0.0139248791939005,13.5393299490039
Erie,2020-07-20T00:00:00.000,60,8106,3225,194381,194381,8106,2020-07-20,60,3225,0.0186046511627907,0.0138291705763916,73.7522446563012
Erie,2020-07-21T00:00:00.000,29,8135,2772,197153,197153,8135,2020-07-21,29,2772,0.0104617604617605,0.013729360177987,35.458192341589
Erie,2020-07-22T00:00:00.000,52,8187,3067,200220,200220,8187,2020-07-22,52,3067,0.0169546788392566,0.0136270946385915,63.1549719159524
Erie,2020-07-23T00:00:00.000,47,8234,3348,203568,203568,8234,2020-07-23,47,3348,0.0140382317801673,0.0135240411733586,56.6332537083205
Erie,2020-07-24T00:00:00.000,48,8282,4090,207658,207658,8282,2020-07-24,48,4090,0.0117359413202934,0.013421859680581,57.3301413738175
Erie,2020-07-25T00:00:00.000,19,8301,1879,209537,209537,8301,2020-07-25,19,1879,0.010111761575306,0.0133221777417235,22.5610960240808
Erie,2020-07-26T00:00:00.000,26,8327,1845,211382,211382,8327,2020-07-26,26,1845,0.0140921409214092,0.0132265688460284,30.893665231034
Erie,2020-07-27T00:00:00.000,37,8364,2806,214188,214188,8364,2020-07-27,37,2806,0.0131860299358517,0.0131365339886526,43.9597269821755
Erie,2020-07-28T00:00:00.000,46,8410,2416,216604,216604,8410,2020-07-28,46,2416,0.0190397350993377,0.0130534866244806,54.5918644130648
Erie,2020-07-29T00:00:00.000,24,8434,3886,220490,220490,8434,2020-07-29,24,3886,0.00617601646937725,0.012978740816676,28.5196887136887
Erie,2020-07-30T00:00:00.000,58,8492,3108,223598,223598,8492,2020-07-30,58,3108,0.0186615186615187,0.0129135023025865,69.1758125449746
Erie,2020-07-31T00:00:00.000,56,8548,3740,227338,227338,8548,2020-07-31,56,3740,0.0149732620320856,0.0128588621162059,67.0278769284437
Erie,2020-08-01T00:00:00.000,24,8572,2624,229962,229962,8572,2020-08-01,24,2624,0.00914634146341463,0.0128157923502115,28.824282824376
Erie,2020-08-02T00:00:00.000,54,8626,2148,232110,232110,8626,2020-08-02,54,2148,0.0251396648044693,0.0127851436155454,65.0322816700595
Erie,2020-08-03T00:00:00.000,41,8667,3906,236016,236016,8667,2020-08-03,41,3906,0.0104966717869944,0.0127676437563018,49.4373565543312
Erie,2020-08-04T00:00:00.000,35,8702,5925,241941,241941,8702,2020-08-04,35,5925,0.00590717299578059,0.0127638973993112,42.2443058060065
Erie,2020-08-05T00:00:00.000,35,8737,3420,245361,245361,8737,2020-08-05,35,3420,0.010233918128655,0.0127743859582644,42.2824688111123
Erie,2020-08-06T00:00:00.000,54,8791,3434,248795,248795,8791,2020-08-06,54,3434,0.0157251019219569,0.0127994677675264,65.2695510735558
Erie,2020-08-07T00:00:00.000,59,8850,4495,253290,253290,8850,2020-08-07,59,4495,0.0131256952169077,0.0128393780849804,71.28006333476
Erie,2020-08-08T00:00:00.000,54,8904,2649,255939,255939,8904,2020-08-08,54,2649,0.0203850509626274,0.0128942287764873,65.3223078253847
Erie,2020-08-09T00:00:00.000,14,8918,1745,257684,257684,8918,2020-08-09,14,1745,0.00802292263610315,0.0129640075716064,16.964663956993
Erie,2020-08-10T00:00:00.000,69,8987,4022,261706,261706,8987,2020-08-10,69,4022,0.0171556439582297,0.0130485768576244,83.710059944471
Erie,2020-08-11T00:00:00.000,26,9013,3239,264945,264945,9013,2020-08-11,26,3239,0.00802716887928373,0.0131476720577562,31.5634355492707
Erie,2020-08-12T00:00:00.000,20,9033,2742,267687,267687,9033,2020-08-12,20,2742,0.00729394602479942,0.0132608997135067,24.2832032010092
Erie,2020-08-13T00:00:00.000,31,9064,3467,271154,271154,9064,2020-08-13,31,3467,0.0089414479376983,0.0133877354605284,37.6269673228022
Erie,2020-08-14T00:00:00.000,50,9114,3109,274263,274263,9114,2020-08-14,50,3109,0.0160823415889353,0.0135275221496992,60.6413257217793
Erie,2020-08-15T00:00:00.000,33,9147,2644,276907,276907,9147,2020-08-15,33,2644,0.0124810892586989,0.0136794684177245,40.0914617352473
Erie,2020-08-16T00:00:00.000,10,9157,1992,278899,278899,9157,2020-08-16,10,1992,0.00502008032128514,0.0138426480504948,12.1640247422707
Erie,2020-08-17T00:00:00.000,30,9187,2900,281799,281799,9187,2020-08-17,30,2900,0.0103448275862069,0.0140160005095383,36.6358002074488
Erie,2020-08-18T00:00:00.000,54,9241,3346,285145,285145,9241,2020-08-18,54,3346,0.0161386730424387,0.0141983329990508,66.1849405562985
Erie,2020-08-19T00:00:00.000,42,9283,3339,288484,288484,9283,2020-08-19,42,3339,0.0125786163522013,0.014388324440425,51.6452746482158
Erie,2020-08-20T00:00:00.000,81,9364,4163,292647,292647,9364,2020-08-20,81,4163,0.0194571222675955,0.0145845316906271,99.8844633865388
Erie,2020-08-21T00:00:00.000,49,9413,3703,296350,296350,9413,2020-08-21,49,3703,0.0132325141776938,0.0147853982869687,60.567306239022
Erie,2020-08-22T00:00:00.000,52,9465,2255,298605,298605,9465,2020-08-22,52,2255,0.023059866962306,0.0149892659263621,64.3954889157732
Erie,2020-08-23T00:00:00.000,26,9491,1452,300057,300057,9491,2020-08-23,26,1452,0.0179063360881543,0.0151943887946868,32.2363850704722
Erie,2020-08-24T00:00:00.000,55,9546,3320,303377,303377,9546,2020-08-24,55,3320,0.016566265060241,0.0153989507483977,68.1318107737098
Erie,2020-08-25T00:00:00.000,43,9589,2649,306026,306026,9589,2020-08-25,43,2649,0.0162325405813515,0.0156010852287936,53.1876399884931
Erie,2020-08-26T00:00:00.000,79,9668,3893,309919,309919,9668,2020-08-26,79,3893,0.0202928332905215,0.0157988976567595,97.6945419695597
Erie,2020-08-27T00:00:00.000,45,9713,4199,314118,314118,9713,2020-08-27,45,4199,0.0107168373422243,0.0159904899252413,55.6603285915755
Erie,2020-08-28T00:00:00.000,28,9741,3012,317130,317130,9741,2020-08-28,28,3012,0.00929614873837981,0.0161739864811552,34.6293407928473
Erie,2020-08-29T00:00:00.000,66,9807,3774,320904,320904,9807,2020-08-29,66,3774,0.0174880763116057,0.0163475613800183,81.7033540236396
Erie,2020-08-30T00:00:00.000,65,9872,2691,323595,323595,9872,2020-08-30,65,2691,0.0241545893719807,0.016509465607141,80.4916314058583
Erie,2020-08-31T00:00:00.000,75,9947,3839,327434,327434,9947,2020-08-31,75,3839,0.0195363375879135,0.0166580539018892,93.0047272765798
Erie,2020-09-01T00:00:00.000,70,10017,4364,331798,331798,10017,2020-09-01,70,4364,0.0160403299725023,0.0167918102952154,87.1040523152469
Erie,2020-09-02T00:00:00.000,69,10086,3801,335599,335599,10086,2020-09-02,69,3801,0.0181531176006314,0.016909371583004,86.5243387964564
Erie,2020-09-03T00:00:00.000,70,10156,3606,339205,339205,10156,2020-09-03,70,3606,0.0194120909595119,0.017009548006277,88.4519842548507
Erie,2020-09-04T00:00:00.000,56,10212,4124,343329,343329,10212,2020-09-04,56,4124,0.0135790494665373,0.0170913404954612,71.116623970677
Erie,2020-09-05T00:00:00.000,54,10266,2017,345346,345346,10266,2020-09-05,54,2017,0.0267724343083788,0.0171539539520317,68.8150915557119
Erie,2020-09-06T00:00:00.000,54,10320,2176,347522,347522,10320,2020-09-06,54,2176,0.0248161764705882,0.0171968061841572,69.0163528819293
Erie,2020-09-07T00:00:00.000,26,10346,2250,349772,349772,10346,2020-09-07,26,2250,0.0115555555555556,0.0172195322726809,33.3127290423863
Erie,2020-09-08T00:00:00.000,48,10394,2523,352295,352295,10394,2020-09-08,48,2523,0.0190249702734839,0.0172219843135977,61.6255644839175
Erie,2020-09-09T00:00:00.000,50,10444,4218,356513,356513,10444,2020-09-09,50,4218,0.0118539592223803,0.017204226650141,64.2946487551251
Erie,2020-09-10T00:00:00.000,59,10503,3118,359631,359631,10503,2020-09-10,59,3118,0.0189223861449647,0.0171665268676717,75.9532260634041
Erie,2020-09-11T00:00:00.000,64,10567,3728,363359,363359,10567,2020-09-11,64,3728,0.0171673819742489,0.0171093429637714,82.7947909821105
Erie,2020-09-12T00:00:00.000,70,10637,3130,366489,366489,10637,2020-09-12,70,3130,0.0223642172523962,0.017033307223031,91.0191479819352
Erie,2020-09-13T00:00:00.000,31,10668,2288,368777,368777,10668,2020-09-13,31,2288,0.013548951048951,0.0169392074121636,40.500956850608
Erie,2020-09-14T00:00:00.000,48,10716,2882,371659,371659,10716,2020-09-14,48,2882,0.0166551006245663,0.016827965967101,62.985404497033
Erie,2020-09-15T00:00:00.000,36,10752,2568,374227,374227,10752,2020-09-15,36,2568,0.014018691588785,0.0167006178655675,47.423109197822
Erie,2020-09-16T00:00:00.000,81,10833,4437,378664,378664,10833,2020-09-16,81,4437,0.0182555780933063,0.0165582878713581,107.058504925479
Erie,2020-09-17T00:00:00.000,40,10873,2670,381334,381334,10873,2020-09-17,40,2670,0.0149812734082397,0.0164021678005512,53.0114043858047
Erie,2020-09-18T00:00:00.000,44,10917,4544,385878,385878,10917,2020-09-18,44,4544,0.0096830985915493,0.0162334944005382,58.4283137769209
Erie,2020-09-19T00:00:00.000,82,10999,4104,389982,389982,10999,2020-09-19,82,4104,0.0199805068226121,0.0160535283566746,109.017706716716
Erie,2020-09-20T00:00:00.000,43,11042,2187,392169,392169,11042,2020-09-20,43,2187,0.0196616369455876,0.0158635348500197,57.1728738785538
Erie,2020-09-21T00:00:00.000,40,11082,2592,394761,394761,11082,2020-09-21,40,2592,0.0154320987654321,0.0156647659957454,53.1201450656361
Erie,2020-09-22T00:00:00.000,30,11112,3058,397819,397819,11112,2020-09-22,30,3058,0.00981033355134074,0.0154584453912729,39.7486073647719
Erie,2020-09-23T00:00:00.000,89,11201,4107,401926,401926,11201,2020-09-23,89,4107,0.0216703189676163,0.0152457549101341,117.513140956179
Erie,2020-09-24T00:00:00.000,50,11251,3783,405709,405709,11251,2020-09-24,50,3783,0.0132170235263019,0.0150278237885891,66.0639660546883
Erie,2020-09-25T00:00:00.000,57,11308,3901,409610,409610,11308,2020-09-25,57,3901,0.0146116380415278,0.0148057199727844,75.1992847769212
Erie,2020-09-26T00:00:00.000,34,11342,3908,413518,413518,11342,2020-09-26,34,3908,0.00870010235414534,0.014580443627976,44.734411180129
Erie,2020-09-27T00:00:00.000,17,11359,1515,415033,415033,11359,2020-09-27,17,1515,0.0112211221122112,0.0143529226557299,22.2822021101273
Erie,2020-09-28T00:00:00.000,86,11445,5162,420195,420195,11445,2020-09-28,86,5162,0.0166602092212321,0.0141240100227557,112.09804782161
Erie,2020-09-29T00:00:00.000,55,11500,5326,425521,425521,11500,2020-09-29,55,5326,0.0103266992114157,0.0138944826760497,71.2002804864186
Erie,2020-09-30T00:00:00.000,74,11574,3856,429377,429377,11574,2020-09-30,74,3856,0.0191908713692946,0.013665041799475,95.0300717300186
Erie,2020-10-01T00:00:00.000,63,11637,5162,434539,434539,11637,2020-10-01,63,5162,0.0122045718713677,0.0134363141598563,80.1644429134299
Erie,2020-10-02T00:00:00.000,60,11697,4462,439001,439001,11697,2020-10-02,60,4462,0.0134468848050202,0.0132088542912989,75.7611506525686
Erie,2020-10-03T00:00:00.000,70,11767,6965,445966,445966,11767,2020-10-03,70,6965,0.0100502512562814,0.012983147274467,88.4002553236532
Erie,2020-10-04T00:00:00.000,31,11798,2448,448414,448414,11798,2020-10-04,31,2448,0.0126633986928105,0.0127596118826402,39.2904837391442
Erie,2020-10-05T00:00:00.000,66,11864,3354,451768,451768,11864,2020-10-05,66,3354,0.0196779964221825,0.0125386038853625,84.0158307489252
Erie,2020-10-06T00:00:00.000,34,11898,3953,455721,455721,11898,2020-10-06,34,3953,0.00860106248418922,0.0123204193231701,43.4698291280265
Erie,2020-10-07T00:00:00.000,55,11953,4054,459775,459775,11953,2020-10-07,55,4054,0.0135668475579674,0.0121052975922993,70.6243972805499
Erie,2020-10-08T00:00:00.000,45,11998,4900,464675,464675,11998,2020-10-08,45,4900,0.00918367346938776,0.0118934242052241,58.0324879906229
Erie,2020-10-09T00:00:00.000,57,12055,4372,469047,469047,12055,2020-10-09,57,4372,0.0130375114364135,0.0116849331206188,73.8206044767082
Erie,2020-10-10T00:00:00.000,52,12107,3399,472446,472446,12107,2020-10-10,52,3399,0.0152986172403648,0.0114799085649527,67.6274609417509
Erie,2020-10-11T00:00:00.000,47,12154,3798,476244,476244,12154,2020-10-11,47,3798,0.012374934175882,0.0112783862960373,61.3768422802647
Essex,2020-03-01T00:00:00.000,0,0,0,0,0,0,2020-03-01,0,0,0,0.037032556921644,0
Essex,2020-03-02T00:00:00.000,0,0,0,0,0,0,2020-03-02,0,0,0,0.0379456188741801,0
Essex,2020-03-03T00:00:00.000,0,0,0,0,0,0,2020-03-03,0,0,0,0.038881113086688,0
Essex,2020-03-04T00:00:00.000,0,0,0,0,0,0,2020-03-04,0,0,0,0.0398408941442412,0
Essex,2020-03-05T00:00:00.000,0,0,0,0,0,0,2020-03-05,0,0,0,0.0408274357638081,0
Essex,2020-03-06T00:00:00.000,0,0,0,0,0,0,2020-03-06,0,0,0,0.0418437648709267,0
Essex,2020-03-07T00:00:00.000,0,0,0,0,0,0,2020-03-07,0,0,0,0.0428933921321582,0
Essex,2020-03-08T00:00:00.000,0,0,0,0,0,0,2020-03-08,0,0,0,0.0439802393604414,0
Essex,2020-03-09T00:00:00.000,0,0,0,0,0,0,2020-03-09,0,0,0,0.0451085639731232,0
Essex,2020-03-10T00:00:00.000,0,0,0,0,0,0,2020-03-10,0,0,0,0.0462828803445457,0
Essex,2020-03-11T00:00:00.000,0,0,0,0,0,0,2020-03-11,0,0,0,0.0475078775534441,0
Essex,2020-03-12T00:00:00.000,0,0,0,0,0,0,2020-03-12,0,0,0,0.0487883326499181,0
Essex,2020-03-13T00:00:00.000,0,0,2,2,2,0,2020-03-13,0,2,0,0.0501290182173194,0
Essex,2020-03-14T00:00:00.000,0,0,1,3,3,0,2020-03-14,0,1,0,0.0515346027030943,0
Essex,2020-03-15T00:00:00.000,0,0,2,5,5,0,2020-03-15,0,2,0,0.0530095417313676,0
Essex,2020-03-16T00:00:00.000,0,0,0,5,5,0,2020-03-16,0,0,0.25,0.0545579584717916,0
Essex,2020-03-17T00:00:00.000,1,1,2,7,7,1,2020-03-17,1,2,0.5,0.0561835110614492,1.45077750809903
Essex,2020-03-18T00:00:00.000,0,1,1,8,8,1,2020-03-18,0,1,0,0.0578892451885884,0
Essex,2020-03-19T00:00:00.000,0,1,10,18,18,1,2020-03-19,0,10,0,0.0596774301635142,0
Essex,2020-03-20T00:00:00.000,1,2,5,23,23,2,2020-03-20,1,5,0.2,0.0615493772659203,1.30614429935894
Essex,2020-03-21T00:00:00.000,1,3,8,31,31,3,2020-03-21,1,8,0.125,0.0635052397952576,1.26455065732857
Essex,2020-03-22T00:00:00.000,0,3,2,33,33,3,2020-03-22,0,2,0,0.0655437951747592,0
Essex,2020-03-23T00:00:00.000,0,3,11,44,44,3,2020-03-23,0,11,0,0.0676622106295701,0
Essex,2020-03-24T00:00:00.000,1,4,6,50,50,4,2020-03-24,1,6,0.166666666666667,0.0698557954367268,1.16122808086207
Essex,2020-03-25T00:00:00.000,0,4,7,57,57,4,2020-03-25,0,7,0,0.0721177444909029,0
Essex,2020-03-26T00:00:00.000,0,4,6,63,63,4,2020-03-26,0,6,0,0.0744388799402696,0
Essex,2020-03-27T00:00:00.000,0,4,5,68,68,4,2020-03-27,0,5,0,0.076807399863387,0
Essex,2020-03-28T00:00:00.000,0,4,3,71,71,4,2020-03-28,0,3,0,0.0792086453039841,0
Essex,2020-03-29T00:00:00.000,0,4,3,74,74,4,2020-03-29,0,3,0,0.0816248992914008,0
Essex,2020-03-30T00:00:00.000,0,4,5,79,79,4,2020-03-30,0,5,0,0.0840352336627975,0
Essex,2020-03-31T00:00:00.000,2,6,8,87,87,6,2020-03-31,2,8,0.25,0.0864154212834741,2.23189649424573
Essex,2020-04-01T00:00:00.000,0,6,2,89,89,6,2020-04-01,0,2,0,0.0887379324840444,0
Essex,2020-04-02T00:00:00.000,0,6,2,91,91,6,2020-04-02,0,2,0,0.0909720349161648,0
Essex,2020-04-03T00:00:00.000,1,7,7,98,98,7,2020-04-03,1,7,0.142857142857143,0.0930840153813697,1.09838218911729
Essex,2020-04-04T00:00:00.000,0,7,4,102,102,7,2020-04-04,0,4,0,0.0950375402642806,0
Essex,2020-04-05T00:00:00.000,0,7,4,106,106,7,2020-04-05,0,4,0,0.0967941679027211,0
Essex,2020-04-06T00:00:00.000,0,7,5,111,111,7,2020-04-06,0,5,0,0.0983140214321786,0
Essex,2020-04-07T00:00:00.000,0,7,4,115,115,7,2020-04-07,0,4,0,0.0995566243347987,0
Essex,2020-04-08T00:00:00.000,1,8,6,121,121,8,2020-04-08,1,6,0.166666666666667,0.100481893218518,1.12428830938838
Essex,2020-04-09T00:00:00.000,2,10,13,134,134,10,2020-04-09,2,13,0.153846153846154,0.101051273372134,2.26797462682154
Essex,2020-04-10T00:00:00.000,2,12,4,138,138,12,2020-04-10,2,4,0.5,0.10122899260858,2.2870325283596
Essex,2020-04-11T00:00:00.000,0,12,12,150,150,12,2020-04-11,0,12,0,0.100983398240475,0
Essex,2020-04-12T00:00:00.000,0,12,5,155,155,12,2020-04-12,0,5,0,0.100288330988539,0
Essex,2020-04-13T00:00:00.000,0,12,24,179,179,12,2020-04-13,0,24,0,0.0991244789609677,0
Essex,2020-04-14T00:00:00.000,0,12,3,182,182,12,2020-04-14,0,3,0,0.0974806450884984,0
Essex,2020-04-15T00:00:00.000,0,12,8,190,190,12,2020-04-15,0,8,0,0.0953548536884124,0
Essex,2020-04-16T00:00:00.000,3,15,6,196,196,15,2020-04-16,3,6,0.5,0.0927552171906781,3.64051989442417
Essex,2020-04-17T00:00:00.000,1,16,5,201,201,16,2020-04-17,1,5,0.2,0.0897004840350514,1.21901833452485
Essex,2020-04-18T00:00:00.000,2,18,10,211,211,18,2020-04-18,2,10,0.2,0.0862201947525664,2.4454481331885
Essex,2020-04-19T00:00:00.000,2,20,4,215,215,20,2020-04-19,2,4,0.5,0.0823543866606337,2.44929343360573
Essex,2020-04-20T00:00:00.000,1,21,5,220,220,21,2020-04-20,1,5,0.2,0.0781528093410484,1.22493104278974
Essex,2020-04-21T00:00:00.000,1,22,2,222,222,22,2020-04-21,1,2,0.5,0.0736736429898517,1.22356191212959
Essex,2020-04-22T00:00:00.000,0,22,1,223,223,22,2020-04-22,0,1,0,0.0689817485436693,0
Essex,2020-04-23T00:00:00.000,0,22,6,229,229,22,2020-04-23,0,6,0,0.0641465191898144,0
Essex,2020-04-24T00:00:00.000,2,24,35,264,264,24,2020-04-24,2,35,0.0571428571428571,0.0592394429873191,2.41899811217224
Essex,2020-04-25T00:00:00.000,0,24,15,279,279,24,2020-04-25,0,15,0,0.0543315204181073,0
Essex,2020-04-26T00:00:00.000,0,24,27,306,306,24,2020-04-26,0,27,0,0.0494907030155712,0
Essex,2020-04-27T00:00:00.000,2,26,16,322,322,26,2020-04-27,2,16,0.125,0.0447795252371662,2.36025826802074
Essex,2020-04-28T00:00:00.000,1,27,19,341,341,27,2020-04-28,1,19,0.0526315789473684,0.0402530889278041,1.16702000098699
Essex,2020-04-29T00:00:00.000,1,28,22,363,363,28,2020-04-29,1,22,0.0454545454545455,0.0359575286869934,1.15644483277306
Essex,2020-04-30T00:00:00.000,0,28,27,390,390,28,2020-04-30,0,27,0,0.0319290408881752,0
Essex,2020-05-01T00:00:00.000,0,28,31,421,421,28,2020-05-01,0,31,0,0.0281935053381294,0
Essex,2020-05-02T00:00:00.000,1,29,23,444,444,29,2020-05-02,1,23,0.0434782608695652,0.0247666742927595,1.13537686057749
Essex,2020-05-03T00:00:00.000,0,29,10,454,454,29,2020-05-03,0,10,0,0.0216548561826768,0
Essex,2020-05-04T00:00:00.000,1,30,26,480,480,30,2020-05-04,1,26,0.0384615384615385,0.0188559867578086,1.11109158788579
Essex,2020-05-05T00:00:00.000,0,30,18,498,498,30,2020-05-05,0,18,0,0.0163609615758148,0
Essex,2020-05-06T00:00:00.000,0,30,15,513,513,30,2020-05-06,0,15,0,0.0141551010573038,0
Essex,2020-05-07T00:00:00.000,1,31,69,582,582,31,2020-05-07,1,69,0.0144927536231884,0.0122196304612526,1.06970165688136
Essex,2020-05-08T00:00:00.000,0,31,64,646,646,31,2020-05-08,0,64,0,0.010533078125992,0
Essex,2020-05-09T00:00:00.000,1,32,111,757,757,32,2020-05-09,1,111,0.00900900900900901,0.00907252161187091,1.05280993715006
Essex,2020-05-10T00:00:00.000,0,32,31,788,788,32,2020-05-10,0,31,0,0.00781463866367452,0
Essex,2020-05-11T00:00:00.000,0,32,12,800,800,32,2020-05-11,0,12,0,0.00673654479595929,0
Essex,2020-05-12T00:00:00.000,0,32,77,877,877,32,2020-05-12,0,77,0,0.00581641961562864,0
Essex,2020-05-13T00:00:00.000,0,32,60,937,937,32,2020-05-13,0,60,0,0.00503393875826219,0
Essex,2020-05-14T00:00:00.000,0,32,34,971,971,32,2020-05-14,0,34,0,0.00437053753623347,0
Essex,2020-05-15T00:00:00.000,0,32,173,1144,1144,32,2020-05-15,0,173,0,0.00380953676414559,0
Essex,2020-05-16T00:00:00.000,1,33,146,1290,1290,33,2020-05-16,1,146,0.00684931506849315,0.00333616179101541,1.02552270049956
Essex,2020-05-17T00:00:00.000,0,33,161,1451,1451,33,2020-05-17,0,161,0,0.00293748366862652,0
Essex,2020-05-18T00:00:00.000,1,34,16,1467,1467,34,2020-05-18,1,16,0.0625,0.0026023076857301,1.01602700383858
Essex,2020-05-19T00:00:00.000,0,34,43,1510,1510,34,2020-05-19,0,43,0,0.00232103006115944,0
Essex,2020-05-20T00:00:00.000,2,36,162,1672,1672,36,2020-05-20,2,162,0.0123456790123457,0.00208547906306121,2.01447941993277
Essex,2020-05-21T00:00:00.000,0,36,115,1787,1787,36,2020-05-21,0,115,0,0.00188875262187196,0
Essex,2020-05-22T00:00:00.000,0,36,89,1876,1876,36,2020-05-22,0,89,0,0.00172506087108053,0
Essex,2020-05-23T00:00:00.000,0,36,182,2058,2058,36,2020-05-23,0,182,0,0.00158957907435973,0
Essex,2020-05-24T00:00:00.000,0,36,88,2146,2146,36,2020-05-24,0,88,0,0.00147831407673234,0
Essex,2020-05-25T00:00:00.000,0,36,68,2214,2214,36,2020-05-25,0,68,0,0.00138798569021572,0
Essex,2020-05-26T00:00:00.000,0,36,71,2285,2285,36,2020-05-26,0,71,0,0.00131592319617674,0
Essex,2020-05-27T00:00:00.000,0,36,85,2370,2370,36,2020-05-27,0,85,0,0.00125997631868835,0
Essex,2020-05-28T00:00:00.000,0,36,151,2521,2521,36,2020-05-28,0,151,0,0.00121843949595499,0
Essex,2020-05-29T00:00:00.000,0,36,95,2616,2616,36,2020-05-29,0,95,0,0.00118998796590551,0
Essex,2020-05-30T00:00:00.000,1,37,258,2874,2874,37,2020-05-30,1,258,0.00387596899224806,0.00117362401518504,1.00001567267203
Essex,2020-05-31T00:00:00.000,0,37,144,3018,3018,37,2020-05-31,0,144,0,0.00116863166203356,0
Essex,2020-06-01T00:00:00.000,1,38,64,3082,3082,38,2020-06-01,1,64,0.015625,0.00117453801081009,1.02410801690473
Essex,2020-06-02T00:00:00.000,0,38,109,3191,3191,38,2020-06-02,0,109,0,0.00119107950168652,0
Essex,2020-06-03T00:00:00.000,0,38,193,3384,3384,38,2020-06-03,0,193,0,0.00121817126682838,0
Essex,2020-06-04T00:00:00.000,0,38,106,3490,3490,38,2020-06-04,0,106,0,0.00125587779078511,0
Essex,2020-06-05T00:00:00.000,0,38,96,3586,3586,38,2020-06-05,0,96,0,0.00130438306653532,0
Essex,2020-06-06T00:00:00.000,0,38,178,3764,3764,38,2020-06-06,0,178,0,0.00136395845927766,0
Essex,2020-06-07T00:00:00.000,1,39,160,3924,3924,39,2020-06-07,1,160,0.00625,0.00143492657042975,1.08307355100693
Essex,2020-06-08T00:00:00.000,1,40,25,3949,3949,40,2020-06-08,1,25,0.04,0.00151761957762752,1.09077512867852
Essex,2020-06-09T00:00:00.000,0,40,147,4096,4096,40,2020-06-09,0,147,0,0.00161233086383457,0
Essex,2020-06-10T00:00:00.000,0,40,159,4255,4255,40,2020-06-10,0,159,0,0.00171925929241628,0
Essex,2020-06-11T00:00:00.000,0,40,135,4390,4390,40,2020-06-11,0,135,0,0.0018384462805809,0
Essex,2020-06-12T00:00:00.000,0,40,75,4465,4465,40,2020-06-12,0,75,0,0.0019697068934925,0
Essex,2020-06-13T00:00:00.000,0,40,196,4661,4661,40,2020-06-13,0,196,0,0.00211255750942381,0
Essex,2020-06-14T00:00:00.000,0,40,74,4735,4735,40,2020-06-14,0,74,0,0.00226614412022661,0
Essex,2020-06-15T00:00:00.000,0,40,65,4800,4800,40,2020-06-15,0,65,0,0.00242917688742886,0
Essex,2020-06-16T00:00:00.000,0,40,47,4847,4847,40,2020-06-16,0,47,0,0.0025998779545079,0
Essex,2020-06-17T00:00:00.000,0,40,105,4952,4952,40,2020-06-17,0,105,0,0.00277595043843579,0
Essex,2020-06-18T00:00:00.000,0,40,172,5124,5124,40,2020-06-18,0,172,0,0.00295457667675582,0
Essex,2020-06-19T00:00:00.000,1,41,78,5202,5202,41,2020-06-19,1,78,0.0128205128205128,0.00313245290422885,1.12779037973834
Essex,2020-06-20T00:00:00.000,0,41,109,5311,5311,41,2020-06-20,0,109,0,0.0033058653858386,0
Essex,2020-06-21T00:00:00.000,0,41,79,5390,5390,41,2020-06-21,0,79,0,0.00347080962640011,0
Essex,2020-06-22T00:00:00.000,0,41,88,5478,5478,41,2020-06-22,0,88,0,0.0036231498291043,0
Essex,2020-06-23T00:00:00.000,0,41,108,5586,5586,41,2020-06-23,0,108,0,0.003758810759404,0
Essex,2020-06-24T00:00:00.000,0,41,100,5686,5686,41,2020-06-24,0,100,0,0.00387398927761116,0
Essex,2020-06-25T00:00:00.000,0,41,65,5751,5751,41,2020-06-25,0,65,0,0.003965368847216,0
Essex,2020-06-26T00:00:00.000,1,42,176,5927,5927,42,2020-06-26,1,176,0.00568181818181818,0.00403031808269829,1.13152629866111
Essex,2020-06-27T00:00:00.000,0,42,93,6020,6020,42,2020-06-27,0,93,0,0.00406705445496507,0
Essex,2020-06-28T00:00:00.000,0,42,109,6129,6129,42,2020-06-28,0,109,0,0.00407475684525038,0
Essex,2020-06-29T00:00:00.000,0,42,39,6168,6168,42,2020-06-29,0,39,0,0.00405361551995014,0
Essex,2020-06-30T00:00:00.000,0,42,120,6288,6288,42,2020-06-30,0,120,0,0.00400481464623306,0
Essex,2020-07-01T00:00:00.000,0,42,125,6413,6413,42,2020-07-01,0,125,0,0.00393044971607646,0
Essex,2020-07-02T00:00:00.000,4,46,116,6529,6529,46,2020-07-02,4,116,0.0344827586206897,0.00383338909780415,4.47013590422622
Essex,2020-07-03T00:00:00.000,1,47,58,6587,6587,47,2020-07-03,1,58,0.0172413793103448,0.00371709437547229,1.11117766938542
Essex,2020-07-04T00:00:00.000,1,48,166,6753,6753,48,2020-07-04,1,166,0.00602409638554217,0.00358541743440391,1.10407355885244
Essex,2020-07-05T00:00:00.000,1,49,169,6922,6922,49,2020-07-05,1,169,0.00591715976331361,0.00344239308690864,1.0961313477828
Essex,2020-07-06T00:00:00.000,0,49,135,7057,7057,49,2020-07-06,0,135,0,0.00329204451887458,0
Essex,2020-07-07T00:00:00.000,0,49,58,7115,7115,49,2020-07-07,0,58,0,0.00313821546701128,0
Essex,2020-07-08T00:00:00.000,2,51,135,7250,7250,51,2020-07-08,2,135,0.0148148148148148,0.00298443853169214,2.14612280904958
Essex,2020-07-09T00:00:00.000,0,51,85,7335,7335,51,2020-07-09,0,85,0,0.00283384418405822,0
Essex,2020-07-10T00:00:00.000,0,51,104,7439,7439,51,2020-07-10,0,104,0,0.00268911054884398,0
Essex,2020-07-11T00:00:00.000,0,51,104,7543,7543,51,2020-07-11,0,104,0,0.00255245045052844,0
Essex,2020-07-12T00:00:00.000,0,51,74,7617,7617,51,2020-07-12,0,74,0,0.00242562977634641,0
Essex,2020-07-13T00:00:00.000,0,51,126,7743,7743,51,2020-07-13,0,126,0,0.00231000997946601,0
Essex,2020-07-14T00:00:00.000,0,51,55,7798,7798,51,2020-07-14,0,55,0,0.00220660737928284,0
Essex,2020-07-15T00:00:00.000,0,51,80,7878,7878,51,2020-07-15,0,80,0,0.00211616256712858,0
Essex,2020-07-16T00:00:00.000,0,51,69,7947,7947,51,2020-07-16,0,69,0,0.00203921440138162,0
Essex,2020-07-17T00:00:00.000,0,51,88,8035,8035,51,2020-07-17,0,88,0,0.00197617450426254,0
Essex,2020-07-18T00:00:00.000,0,51,57,8092,8092,51,2020-07-18,0,57,0,0.00192739962845876,0
Essex,2020-07-19T00:00:00.000,0,51,60,8152,8152,51,2020-07-19,0,60,0,0.00189326058967554,0
Essex,2020-07-20T00:00:00.000,0,51,131,8283,8283,51,2020-07-20,0,131,0,0.00187420756923098,0
Essex,2020-07-21T00:00:00.000,3,54,152,8435,8435,54,2020-07-21,3,152,0.0197368421052632,0.001870832441532,3.00523409734905
Essex,2020-07-22T00:00:00.000,0,54,134,8569,8569,54,2020-07-22,0,134,0,0.00188392937085684,0
Essex,2020-07-23T00:00:00.000,0,54,101,8670,8670,54,2020-07-23,0,101,0,0.00191455526918182,0
Essex,2020-07-24T00:00:00.000,0,54,146,8816,8816,54,2020-07-24,0,146,0,0.00196409182789662,0
Essex,2020-07-25T00:00:00.000,0,54,98,8914,8914,54,2020-07-25,0,98,0,0.00203431074311846,0
Essex,2020-07-26T00:00:00.000,1,55,59,8973,8973,55,2020-07-26,1,59,0.0169491525423729,0.00212744343600563,0.989776573916797
Essex,2020-07-27T00:00:00.000,0,55,90,9063,9063,55,2020-07-27,0,90,0,0.00224625599256821,0
Essex,2020-07-28T00:00:00.000,0,55,113,9176,9176,55,2020-07-28,0,113,0,0.00239412915130243,0
Essex,2020-07-29T00:00:00.000,0,55,106,9282,9282,55,2020-07-29,0,106,0,0.00257514186512904,0
Essex,2020-07-30T00:00:00.000,0,55,38,9320,9320,55,2020-07-30,0,38,0,0.00279415515052935,0
Essex,2020-07-31T00:00:00.000,0,55,127,9447,9447,55,2020-07-31,0,127,0,0.00305689050524739,0
Essex,2020-08-01T00:00:00.000,0,55,110,9557,9557,55,2020-08-01,0,110,0,0.00336999403798114,0
Essex,2020-08-02T00:00:00.000,0,55,152,9709,9709,55,2020-08-02,0,152,0,0.00374107359262731,0
Essex,2020-08-03T00:00:00.000,0,55,141,9850,9850,55,2020-08-03,0,141,0,0.0041786916707422,0
Essex,2020-08-04T00:00:00.000,0,55,255,10105,10105,55,2020-08-04,0,255,0,0.00469229217053334,0
Essex,2020-08-05T00:00:00.000,0,55,50,10155,10155,55,2020-08-05,0,50,0,0.00529203447384221,0
Essex,2020-08-06T00:00:00.000,0,55,53,10208,10208,55,2020-08-06,0,53,0,0.00598850520197457,0
Essex,2020-08-07T00:00:00.000,0,55,159,10367,10367,55,2020-08-07,0,159,0,0.00679227741163889,0
Essex,2020-08-08T00:00:00.000,0,55,110,10477,10477,55,2020-08-08,0,110,0,0.00771329086153416,0
Essex,2020-08-09T00:00:00.000,0,55,75,10552,10552,55,2020-08-09,0,75,0,0.00876003714601714,0
Essex,2020-08-10T00:00:00.000,1,56,125,10677,10677,56,2020-08-10,1,125,0.008,0.00993855161681528,1.18060483411353
Essex,2020-08-11T00:00:00.000,0,56,96,10773,10773,56,2020-08-11,0,96,0,0.0112512409040596,0
Essex,2020-08-12T00:00:00.000,0,56,121,10894,10894,56,2020-08-12,0,121,0,0.0126956096950469,0
Essex,2020-08-13T00:00:00.000,1,57,60,10954,10954,57,2020-08-13,1,60,0.0166666666666667,0.014262990111228,1.22148424104431
Essex,2020-08-14T00:00:00.000,2,59,131,11085,11085,59,2020-08-14,2,131,0.0152671755725191,0.0159374156990576,2.46574773667247
Essex,2020-08-15T00:00:00.000,0,59,168,11253,11253,59,2020-08-15,0,168,0,0.0176948114237898,0
Essex,2020-08-16T00:00:00.000,0,59,76,11329,11329,59,2020-08-16,0,76,0,0.0195026815727732,0
Essex,2020-08-17T00:00:00.000,4,63,139,11468,11468,63,2020-08-17,4,139,0.0287769784172662,0.0213204604967197,5.09403196880888
Essex,2020-08-18T00:00:00.000,0,63,60,11528,11528,63,2020-08-18,0,60,0,0.0231006415867804,0
Essex,2020-08-19T00:00:00.000,22,85,131,11659,11659,85,2020-08-19,22,131,0.16793893129771,0.0247907189148738,28.5648449905003
Essex,2020-08-20T00:00:00.000,0,85,149,11808,11808,85,2020-08-20,0,149,0,0.0263358721385124,0
Essex,2020-08-21T00:00:00.000,13,98,182,11990,11990,98,2020-08-21,13,182,0.0714285714285714,0.0276822140346007,17.108908762682
Essex,2020-08-22T00:00:00.000,2,100,121,12111,12111,100,2020-08-22,2,121,0.0165289256198347,0.0287803209768852,2.64370884333483
Essex,2020-08-23T00:00:00.000,0,100,124,12235,12235,100,2020-08-23,0,124,0,0.0295886992667645,0
Essex,2020-08-24T00:00:00.000,1,101,99,12334,12334,101,2020-08-24,1,99,0.0101010101010101,0.0300768191816829,1.32452853681365
Essex,2020-08-25T00:00:00.000,4,105,117,12451,12451,105,2020-08-25,4,117,0.0341880341880342,0.0302273805142826,5.28599595671229
Essex,2020-08-26T00:00:00.000,14,119,246,12697,12697,119,2020-08-26,14,246,0.0569105691056911,0.0300375550441586,18.461841787209
Essex,2020-08-27T00:00:00.000,7,126,102,12799,12799,126,2020-08-27,7,102,0.0686274509803922,0.0295190707252373,9.20566959254117
Essex,2020-08-28T00:00:00.000,0,126,191,12990,12990,126,2020-08-28,0,191,0,0.028697140772867,0
Essex,2020-08-29T00:00:00.000,2,128,190,13180,13180,128,2020-08-29,2,190,0.0105263157894737,0.0276083768018807,2.60906401574949
Essex,2020-08-30T00:00:00.000,1,129,167,13347,13347,129,2020-08-30,1,167,0.00598802395209581,0.026297938035375,1.2973472671074
Essex,2020-08-31T00:00:00.000,2,131,197,13544,13544,131,2020-08-31,2,197,0.0101522842639594,0.0248162421722318,2.58098173654506
Essex,2020-09-01T00:00:00.000,4,135,207,13751,13751,135,2020-09-01,4,207,0.0193236714975845,0.0232155886097387,5.14124771326455
Essex,2020-09-02T00:00:00.000,6,141,117,13868,13868,141,2020-09-02,6,117,0.0512820512820513,0.0215470208469692,7.70843873761698
Essex,2020-09-03T00:00:00.000,4,145,106,13974,13974,145,2020-09-03,4,106,0.0377358490566038,0.019857689898362,5.13325839839322
Essex,2020-09-04T00:00:00.000,2,147,179,14153,14153,147,2020-09-04,2,179,0.0111731843575419,0.0181888888110673,2.5557366715415
Essex,2020-09-05T00:00:00.000,1,148,208,14361,14361,148,2020-09-05,1,208,0.00480769230769231,0.0165748274549746,1.26998446881506
Essex,2020-09-06T00:00:00.000,1,149,106,14467,14467,149,2020-09-06,1,106,0.00943396226415094,0.0150421235648383,1.2610850618596
Essex,2020-09-07T00:00:00.000,0,149,62,14529,14529,149,2020-09-07,0,62,0,0.0136099134370043,0
Essex,2020-09-08T00:00:00.000,0,149,67,14596,14596,149,2020-09-08,0,67,0,0.0122904406161715,0
Essex,2020-09-09T00:00:00.000,1,150,85,14681,14681,150,2020-09-09,1,85,0.0117647058823529,0.0110899639741098,1.23064933612445
Essex,2020-09-10T00:00:00.000,0,150,133,14814,14814,150,2020-09-10,0,133,0,0.0100098334299063,0
Essex,2020-09-11T00:00:00.000,1,151,241,15055,15055,151,2020-09-11,1,241,0.004149377593361,0.00904760491151714,1.21381659196573
Essex,2020-09-12T00:00:00.000,0,151,115,15170,15170,151,2020-09-12,0,115,0,0.00819809806219432,0
Essex,2020-09-13T00:00:00.000,0,151,47,15217,15217,151,2020-09-13,0,47,0,0.00745433369277628,0
Essex,2020-09-14T00:00:00.000,2,153,110,15327,15327,153,2020-09-14,2,110,0.0181818181818182,0.00680831809545928,2.3973392861925
Essex,2020-09-15T00:00:00.000,1,154,80,15407,15407,154,2020-09-15,1,80,0.0125,0.00625166526746469,1.19402615810926
Essex,2020-09-16T00:00:00.000,0,154,87,15494,15494,154,2020-09-16,0,87,0,0.00577606495442002,0
Essex,2020-09-17T00:00:00.000,3,157,160,15654,15654,157,2020-09-17,3,160,0.01875,0.00537361465440717,3.55604378778803
Essex,2020-09-18T00:00:00.000,1,158,208,15862,15862,158,2020-09-18,1,208,0.00480769230769231,0.00503703852718696,1.1812640909403
Essex,2020-09-19T00:00:00.000,2,160,106,15968,15968,160,2020-09-19,2,106,0.0188679245283019,0.00475981699554186,2.35458927166354
Essex,2020-09-20T00:00:00.000,0,160,60,16028,16028,160,2020-09-20,0,60,0,0.00453624910326929,0
Essex,2020-09-21T00:00:00.000,1,161,167,16195,16195,161,2020-09-21,1,167,0.00598802395209581,0.00436146657048976,1.16861141635273
Essex,2020-09-22T00:00:00.000,0,161,95,16290,16290,161,2020-09-22,0,95,0,0.00423141480410574,0
Essex,2020-09-23T00:00:00.000,3,164,219,16509,16509,164,2020-09-23,3,219,0.0136986301369863,0.00414281245216984,3.47722118156792
Essex,2020-09-24T00:00:00.000,0,164,180,16689,16689,164,2020-09-24,0,180,0,0.00409309775732596,0
Essex,2020-09-25T00:00:00.000,3,167,239,16928,16928,167,2020-09-25,3,239,0.0125523012552301,0.00408036712998329,3.47926156896603
Essex,2020-09-26T00:00:00.000,0,167,195,17123,17123,167,2020-09-26,0,195,0,0.00410330908235187,0
Essex,2020-09-27T00:00:00.000,1,168,80,17203,17203,168,2020-09-27,1,80,0.0125,0.0041611349373325,1.15807405845179
Essex,2020-09-28T00:00:00.000,0,168,170,17373,17373,168,2020-09-28,0,170,0,0.00425350653628605,0
Essex,2020-09-29T00:00:00.000,1,169,233,17606,17606,169,2020-09-29,1,233,0.00429184549356223,0.00438046050553804,1.15341807732208
Essex,2020-09-30T00:00:00.000,0,169,148,17754,17754,169,2020-09-30,0,148,0,0.00454232850675776,0
Essex,2020-10-01T00:00:00.000,0,169,191,17945,17945,169,2020-10-01,0,191,0,0.00473965331734798,0
Essex,2020-10-02T00:00:00.000,1,170,225,18170,18170,170,2020-10-02,1,225,0.00444444444444444,0.00497310159110846,1.14517413342612
Essex,2020-10-03T00:00:00.000,0,170,98,18268,18268,170,2020-10-03,0,98,0,0.00524337575402864,0
Essex,2020-10-04T00:00:00.000,1,171,80,18348,18348,171,2020-10-04,1,80,0.0125,0.00555112967474627,1.16621889300311
Essex,2020-10-05T00:00:00.000,1,172,240,18588,18588,172,2020-10-05,1,240,0.00416666666666667,0.00589689542278042,1.18046907660856
Essex,2020-10-06T00:00:00.000,2,174,107,18695,18695,174,2020-10-06,2,107,0.0186915887850467,0.00628103141386557,2.39044942278509
Essex,2020-10-07T00:00:00.000,2,176,127,18822,18822,176,2020-10-07,2,127,0.015748031496063,0.00670370527241727,2.42078380276813
Essex,2020-10-08T00:00:00.000,1,177,164,18986,18986,177,2020-10-08,1,164,0.00609756097560976,0.00716492748473081,1.2258834035052
Essex,2020-10-09T00:00:00.000,1,178,174,19160,19160,178,2020-10-09,1,174,0.00574712643678161,0.00766465405201771,1.24162192827563
Essex,2020-10-10T00:00:00.000,0,178,176,19336,19336,178,2020-10-10,0,176,0,0.00820297769097894,0
Essex,2020-10-11T00:00:00.000,1,179,102,19438,19438,179,2020-10-11,1,102,0.00980392156862745,0.00878042777997161,1.2736014771099
Franklin,2020-03-01T00:00:00.000,0,0,0,0,0,0,2020-03-01,0,0,0,0.0462782633277394,0
Franklin,2020-03-02T00:00:00.000,0,0,0,0,0,0,2020-03-02,0,0,0,0.0472620576989959,0
Franklin,2020-03-03T00:00:00.000,0,0,0,0,0,0,2020-03-03,0,0,0,0.0482648338546588,0
Franklin,2020-03-04T00:00:00.000,0,0,0,0,0,0,2020-03-04,0,0,0,0.0492854136343621,0
Franklin,2020-03-05T00:00:00.000,0,0,0,0,0,0,2020-03-05,0,0,0,0.050321822644752,0
Franklin,2020-03-06T00:00:00.000,0,0,0,0,0,0,2020-03-06,0,0,0,0.0513712695873223,0
Franklin,2020-03-07T00:00:00.000,0,0,0,0,0,0,2020-03-07,0,0,0,0.0524301281082465,0
Franklin,2020-03-08T00:00:00.000,0,0,0,0,0,0,2020-03-08,0,0,0,0.0534939227046208,0
Franklin,2020-03-09T00:00:00.000,0,0,0,0,0,0,2020-03-09,0,0,0,0.054557320510361,0
Franklin,2020-03-10T00:00:00.000,0,0,0,0,0,0,2020-03-10,0,0,0,0.0556141310287376,0
Franklin,2020-03-11T00:00:00.000,0,0,0,0,0,0,2020-03-11,0,0,0,0.0566573160504922,0
Franklin,2020-03-12T00:00:00.000,0,0,1,1,1,0,2020-03-12,0,1,0,0.0576790120993336,0
Franklin,2020-03-13T00:00:00.000,0,0,0,1,1,0,2020-03-13,0,0,0,0.0586705677576969,0
Franklin,2020-03-14T00:00:00.000,0,0,1,2,2,0,2020-03-14,0,1,0,0.0596225981318783,0
Franklin,2020-03-15T00:00:00.000,0,0,0,2,2,0,2020-03-15,0,0,0,0.0605250585113316,0
Franklin,2020-03-16T00:00:00.000,0,0,3,5,5,0,2020-03-16,0,3,0,0.0613673389358906,0
Franklin,2020-03-17T00:00:00.000,0,0,1,6,6,0,2020-03-17,0,1,0,0.0621383809207344,0
Franklin,2020-03-18T00:00:00.000,0,0,5,11,11,0,2020-03-18,0,5,0,0.0628268169743159,0
Franklin,2020-03-19T00:00:00.000,0,0,6,17,17,0,2020-03-19,0,6,0,0.0634211328094244,0
Franklin,2020-03-20T00:00:00.000,0,0,5,22,22,0,2020-03-20,0,5,0,0.0639098512770728,0
Franklin,2020-03-21T00:00:00.000,0,0,10,32,32,0,2020-03-21,0,10,0,0.0642817360896745,0
Franklin,2020-03-22T00:00:00.000,0,0,8,40,40,0,2020-03-22,0,8,0,0.0645260123533182,0
Franklin,2020-03-23T00:00:00.000,0,0,3,43,43,0,2020-03-23,0,3,0,0.0646325998497271,0
Franklin,2020-03-24T00:00:00.000,1,1,4,47,47,1,2020-03-24,1,4,0.25,0.0645923539319726,1.15216690507662
Franklin,2020-03-25T00:00:00.000,0,1,5,52,52,1,2020-03-25,0,5,0,0.0643973078849808,0
Franklin,2020-03-26T00:00:00.000,1,2,11,63,63,2,2020-03-26,1,11,0.0909090909090909,0.0640409097076432,1.11035264526127
Franklin,2020-03-27T00:00:00.000,2,4,10,73,73,4,2020-03-27,2,10,0.2,0.0635182455624232,2.1848332872773
Franklin,2020-03-28T00:00:00.000,2,6,9,82,82,6,2020-03-28,2,9,0.222222222222222,0.0628262416741844,2.15692096398855
Franklin,2020-03-29T00:00:00.000,0,6,14,96,96,6,2020-03-29,0,14,0,0.0619638363117858,0
Franklin,2020-03-30T00:00:00.000,3,9,10,106,106,9,2020-03-30,3,10,0.3,0.0609321136969924,3.22661935728644
Franklin,2020-03-31T00:00:00.000,0,9,9,115,115,9,2020-03-31,0,9,0,0.0597343923146564,0
Franklin,2020-04-01T00:00:00.000,0,9,8,123,123,9,2020-04-01,0,8,0,0.0583762611604845,0
Franklin,2020-04-02T00:00:00.000,1,10,19,142,142,10,2020-04-02,1,19,0.0526315789473684,0.0568655589686561,1.05746269468227
Franklin,2020-04-03T00:00:00.000,0,10,4,146,146,10,2020-04-03,0,4,0,0.0552122933800323,0
Franklin,2020-04-04T00:00:00.000,0,10,6,152,152,10,2020-04-04,0,6,0,0.0534284992899511,0
Franklin,2020-04-05T00:00:00.000,0,10,5,157,157,10,2020-04-05,0,5,0,0.0515280381506146,0
Franklin,2020-04-06T00:00:00.000,0,10,5,162,162,10,2020-04-06,0,5,0,0.0495263426734709,0
Franklin,2020-04-07T00:00:00.000,0,10,7,169,169,10,2020-04-07,0,7,0,0.0474401140245199,0
Franklin,2020-04-08T00:00:00.000,1,11,5,174,174,11,2020-04-08,1,5,0.2,0.0452869810489943,1.03816468359817
Franklin,2020-04-09T00:00:00.000,0,11,6,180,180,11,2020-04-09,0,6,0,0.0430851331243533,0
Franklin,2020-04-10T00:00:00.000,0,11,5,185,185,11,2020-04-10,0,5,0,0.0408529397538744,0
Franklin,2020-04-11T00:00:00.000,1,12,8,193,193,12,2020-04-11,1,8,0.125,0.0386085708298319,1.04793903877088
Franklin,2020-04-12T00:00:00.000,0,12,6,199,199,12,2020-04-12,0,6,0,0.0363696315408087,0
Franklin,2020-04-13T00:00:00.000,1,13,13,212,212,13,2020-04-13,1,13,0.0769230769230769,0.0341528251238883,1.06315965948411
Franklin,2020-04-14T00:00:00.000,0,13,4,216,216,13,2020-04-14,0,4,0,0.0319736551275269,0
Franklin,2020-04-15T00:00:00.000,0,13,11,227,227,13,2020-04-15,0,11,0,0.0298461766458321,0
Franklin,2020-04-16T00:00:00.000,0,13,3,230,230,13,2020-04-16,0,3,0,0.0277828032889546,0
Franklin,2020-04-17T00:00:00.000,0,13,9,239,239,13,2020-04-17,0,9,0,0.0257941736634774,0
Franklin,2020-04-18T00:00:00.000,0,13,9,248,248,13,2020-04-18,0,9,0,0.0238890780849766,0
Franklin,2020-04-19T00:00:00.000,0,13,5,253,253,13,2020-04-19,0,5,0,0.0220744433525959,0
Franklin,2020-04-20T00:00:00.000,0,13,3,256,256,13,2020-04-20,0,3,0,0.0203553708751512,0
Franklin,2020-04-21T00:00:00.000,0,13,2,258,258,13,2020-04-21,0,2,0,0.0187352214061427,0
Franklin,2020-04-22T00:00:00.000,0,13,8,266,266,13,2020-04-22,0,8,0,0.0172157382086966,0
Franklin,2020-04-23T00:00:00.000,0,13,9,275,275,13,2020-04-23,0,9,0,0.0157971996682803,0
Franklin,2020-04-24T00:00:00.000,1,14,35,310,310,14,2020-04-24,1,35,0.0285714285714286,0.0144785921781374,1.0505508311151
Franklin,2020-04-25T00:00:00.000,0,14,3,313,313,14,2020-04-25,0,3,0,0.0132577944668506,0
Franklin,2020-04-26T00:00:00.000,0,14,17,330,330,14,2020-04-26,0,17,0,0.0121317653208544,0
Franklin,2020-04-27T00:00:00.000,0,14,13,343,343,14,2020-04-27,0,13,0,0.0110967277509573,0
Franklin,2020-04-28T00:00:00.000,1,15,17,360,360,15,2020-04-28,1,17,0.0588235294117647,0.0101483439402639,1.01680552122081
Franklin,2020-04-29T00:00:00.000,0,15,14,374,374,15,2020-04-29,0,14,0,0.00928187667052857,0
Franklin,2020-04-30T00:00:00.000,0,15,16,390,390,15,2020-04-30,0,16,0,0.00849233425767252,0
Franklin,2020-05-01T00:00:00.000,0,15,9,399,399,15,2020-05-01,0,9,0,0.00777459725664005,0
Franklin,2020-05-02T00:00:00.000,0,15,9,408,408,15,2020-05-02,0,9,0,0.00712352626653361,0
Franklin,2020-05-03T00:00:00.000,1,16,15,423,423,16,2020-05-03,1,15,0.0666666666666667,0.0065340510504521,0.997345866805433
Franklin,2020-05-04T00:00:00.000,0,16,11,434,434,16,2020-05-04,0,11,0,0.00600124186906792,0
Franklin,2020-05-05T00:00:00.000,0,16,15,449,449,16,2020-05-05,0,15,0,0.00552036441885227,0
Franklin,2020-05-06T00:00:00.000,0,16,18,467,467,16,2020-05-06,0,18,0,0.00508692008330102,0
Franklin,2020-05-07T00:00:00.000,1,17,82,549,549,17,2020-05-07,1,82,0.0121951219512195,0.00469667337137281,0.972155857113815
Franklin,2020-05-08T00:00:00.000,0,17,24,573,573,17,2020-05-08,0,24,0,0.0043456684613277,0
Franklin,2020-05-09T00:00:00.000,0,17,50,623,623,17,2020-05-09,0,50,0,0.00403023671759429,0
Franklin,2020-05-10T00:00:00.000,0,17,53,676,676,17,2020-05-10,0,53,0,0.0037469969301312,0
Franklin,2020-05-11T00:00:00.000,0,17,91,767,767,17,2020-05-11,0,91,0,0.00349284986359052,0
Franklin,2020-05-12T00:00:00.000,0,17,52,819,819,17,2020-05-12,0,52,0,0.00326496851702743,0
Franklin,2020-05-13T00:00:00.000,0,17,56,875,875,17,2020-05-13,0,56,0,0.00306078529935269,0
Franklin,2020-05-14T00:00:00.000,0,17,48,923,923,17,2020-05-14,0,48,0,0.00287797713300089,0
Franklin,2020-05-15T00:00:00.000,1,18,196,1119,1119,18,2020-05-15,1,196,0.00510204081632653,0.00271444931666523,0.992650814506793
Franklin,2020-05-16T00:00:00.000,0,18,126,1245,1245,18,2020-05-16,0,126,0,0.00256831881226208,0
Franklin,2020-05-17T00:00:00.000,0,18,285,1530,1530,18,2020-05-17,0,285,0,0.00243789747496783,0
Franklin,2020-05-18T00:00:00.000,0,18,9,1539,1539,18,2020-05-18,0,9,0,0.00232167561855655,0
Franklin,2020-05-19T00:00:00.000,0,18,55,1594,1594,18,2020-05-19,0,55,0,0.00221830620187586,0
Franklin,2020-05-20T00:00:00.000,1,19,245,1839,1839,19,2020-05-20,1,245,0.00408163265306122,0.00212658983403943,1.00920787152546
Franklin,2020-05-21T00:00:00.000,0,19,194,2033,2033,19,2020-05-21,0,194,0,0.00204546072493399,0
Franklin,2020-05-22T00:00:00.000,1,20,83,2116,2116,20,2020-05-22,1,83,0.0120481927710843,0.00197397365130406,1.01755309722685
Franklin,2020-05-23T00:00:00.000,0,20,178,2294,2294,20,2020-05-23,0,178,0,0.00191129196514648,0
Franklin,2020-05-24T00:00:00.000,0,20,138,2432,2432,20,2020-05-24,0,138,0,0.00185667663848655,0
Franklin,2020-05-25T00:00:00.000,0,20,219,2651,2651,20,2020-05-25,0,219,0,0.00180947631454063,0
Franklin,2020-05-26T00:00:00.000,0,20,84,2735,2735,20,2020-05-26,0,84,0,0.00176911831862061,0
Franklin,2020-05-27T00:00:00.000,0,20,157,2892,2892,20,2020-05-27,0,157,0,0.00173510057080912,0
Franklin,2020-05-28T00:00:00.000,1,21,118,3010,3010,21,2020-05-28,1,118,0.00847457627118644,0.00170698433567365,1.02847077249432
Franklin,2020-05-29T00:00:00.000,1,22,129,3139,3139,22,2020-05-29,1,129,0.00775193798449612,0.00168438774065983,1.02919489728915
Franklin,2020-05-30T00:00:00.000,0,22,151,3290,3290,22,2020-05-30,0,151,0,0.00166697999358825,0
Franklin,2020-05-31T00:00:00.000,1,23,167,3457,3457,23,2020-05-31,1,167,0.00598802395209581,0.00165447623008401,1.04712105018971
Franklin,2020-06-01T00:00:00.000,0,23,42,3499,3499,23,2020-06-01,0,42,0,0.00164663292333605,0
Franklin,2020-06-02T00:00:00.000,0,23,222,3721,3721,23,2020-06-02,0,222,0,0.00164324379065783,0
Franklin,2020-06-03T00:00:00.000,0,23,262,3983,3983,23,2020-06-03,0,262,0,0.00164413613378461,0
Franklin,2020-06-04T00:00:00.000,0,23,120,4103,4103,23,2020-06-04,0,120,0,0.00164916755236084,0
Franklin,2020-06-05T00:00:00.000,0,23,207,4310,4310,23,2020-06-05,0,207,0,0.00165822297234354,0
Franklin,2020-06-06T00:00:00.000,0,23,198,4508,4508,23,2020-06-06,0,198,0,0.00167121193317118,0
Franklin,2020-06-07T00:00:00.000,0,23,272,4780,4780,23,2020-06-07,0,272,0,0.00168806607932147,0
Franklin,2020-06-08T00:00:00.000,0,23,53,4833,4833,23,2020-06-08,0,53,0,0.00170873680328542,0
Franklin,2020-06-09T00:00:00.000,0,23,127,4960,4960,23,2020-06-09,0,127,0,0.0017331929880462,0
Franklin,2020-06-10T00:00:00.000,0,23,156,5116,5116,23,2020-06-10,0,156,0,0.00176141879801288,0
Franklin,2020-06-11T00:00:00.000,1,24,205,5321,5321,24,2020-06-11,1,205,0.0048780487804878,0.00179341146796117,1.10841938490248
Franklin,2020-06-12T00:00:00.000,1,25,142,5463,5463,25,2020-06-12,1,142,0.00704225352112676,0.00182917904009255,1.10849433369549
Franklin,2020-06-13T00:00:00.000,0,25,162,5625,5625,25,2020-06-13,0,162,0,0.00186873800002704,0
Franklin,2020-06-14T00:00:00.000,0,25,160,5785,5785,25,2020-06-14,0,160,0,0.0019121107635247,0
Franklin,2020-06-15T00:00:00.000,0,25,67,5852,5852,25,2020-06-15,0,67,0,0.00195932296732661,0
Franklin,2020-06-16T00:00:00.000,0,25,54,5906,5906,25,2020-06-16,0,54,0,0.00201040051993439,0
Franklin,2020-06-17T00:00:00.000,1,26,136,6042,6042,26,2020-06-17,1,136,0.00735294117647059,0.00206536637182601,1.09756115001685
Franklin,2020-06-18T00:00:00.000,1,27,163,6205,6205,27,2020-06-18,1,163,0.00613496932515337,0.00212423696990678,1.0931301663925
Franklin,2020-06-19T00:00:00.000,0,27,251,6456,6456,27,2020-06-19,0,251,0,0.00218701836827197,0
Franklin,2020-06-20T00:00:00.000,0,27,147,6603,6603,27,2020-06-20,0,147,0,0.00225370197718329,0
Franklin,2020-06-21T00:00:00.000,0,27,200,6803,6803,27,2020-06-21,0,200,0,0.00232425994483921,0
Franklin,2020-06-22T00:00:00.000,1,28,39,6842,6842,28,2020-06-22,1,39,0.0256410256410256,0.0023986401825366,1.08095325337474
Franklin,2020-06-23T00:00:00.000,0,28,55,6897,6897,28,2020-06-23,0,55,0,0.00247676106344788,0
Franklin,2020-06-24T00:00:00.000,0,28,90,6987,6987,28,2020-06-24,0,90,0,0.00255850584877034,0
Franklin,2020-06-25T00:00:00.000,0,28,112,7099,7099,28,2020-06-25,0,112,0,0.00264371692211738,0
Franklin,2020-06-26T00:00:00.000,1,29,214,7313,7313,29,2020-06-26,1,214,0.00467289719626168,0.00273218994402361,1.08838314792191
Franklin,2020-06-27T00:00:00.000,0,29,136,7449,7449,29,2020-06-27,0,136,0,0.00282366807192489,0
Franklin,2020-06-28T00:00:00.000,1,30,128,7577,7577,30,2020-06-28,1,128,0.0078125,0.00291783642660896,1.08583239835385
Franklin,2020-06-29T00:00:00.000,0,30,28,7605,7605,30,2020-06-29,0,28,0,0.00301431702195762,0
Franklin,2020-06-30T00:00:00.000,1,31,143,7748,7748,31,2020-06-30,1,143,0.00699300699300699,0.00311266440882483,1.08990694706086
Franklin,2020-07-01T00:00:00.000,1,32,89,7837,7837,32,2020-07-01,1,89,0.0112359550561798,0.00321236231373218,1.096269647339
Franklin,2020-07-02T00:00:00.000,1,33,78,7915,7915,33,2020-07-02,1,78,0.0128205128205128,0.00331282157545197,1.10134212299539
Franklin,2020-07-03T00:00:00.000,0,33,50,7965,7965,33,2020-07-03,0,50,0,0.00341337969411563,0
Franklin,2020-07-04T00:00:00.000,0,33,156,8121,8121,33,2020-07-04,0,156,0,0.0035133023049718,0
Franklin,2020-07-05T00:00:00.000,0,33,126,8247,8247,33,2020-07-05,0,126,0,0.00361178686835225,0
Franklin,2020-07-06T00:00:00.000,0,33,138,8385,8385,33,2020-07-06,0,138,0,0.00370796882637352,0
Franklin,2020-07-07T00:00:00.000,0,33,177,8562,8562,33,2020-07-07,0,177,0,0.00380093041291463,0
Franklin,2020-07-08T00:00:00.000,1,34,196,8758,8758,34,2020-07-08,1,196,0.00510204081632653,0.00388971221575213,1.10186923608288
Franklin,2020-07-09T00:00:00.000,1,35,187,8945,8945,35,2020-07-09,1,187,0.0053475935828877,0.00397332747950477,1.10188657758942
Franklin,2020-07-10T00:00:00.000,0,35,91,9036,9036,35,2020-07-10,0,91,0,0.00405077900780737,0
Franklin,2020-07-11T00:00:00.000,1,36,180,9216,9216,36,2020-07-11,1,180,0.00555555555555556,0.00412107837853631,1.10075815883658
Franklin,2020-07-12T00:00:00.000,0,36,143,9359,9359,36,2020-07-12,0,143,0,0.00418326703422912,0
Franklin,2020-07-13T00:00:00.000,0,36,91,9450,9450,36,2020-07-13,0,91,0,0.0042364386604076,0
Franklin,2020-07-14T00:00:00.000,1,37,99,9549,9549,37,2020-07-14,1,99,0.0101010101010101,0.00427976212897294,1.09621870569366
Franklin,2020-07-15T00:00:00.000,1,38,94,9643,9643,38,2020-07-15,1,94,0.0106382978723404,0.0043125041729811,1.09397539816911
Franklin,2020-07-16T00:00:00.000,1,39,109,9752,9752,39,2020-07-16,1,109,0.00917431192660551,0.00433405088539169,1.09237526088236
Franklin,2020-07-17T00:00:00.000,1,40,183,9935,9935,40,2020-07-17,1,183,0.00546448087431694,0.0043439271068248,1.09405737866843
Franklin,2020-07-18T00:00:00.000,0,40,184,10119,10119,40,2020-07-18,0,184,0,0.00434181279387178,0
Franklin,2020-07-19T00:00:00.000,0,40,97,10216,10216,40,2020-07-19,0,97,0,0.00432755554322542,0
Franklin,2020-07-20T00:00:00.000,2,42,199,10415,10415,42,2020-07-20,2,199,0.0100502512562814,0.00430117858705531,2.18742475188247
Franklin,2020-07-21T00:00:00.000,0,42,150,10565,10565,42,2020-07-21,0,150,0,0.00426288376537002,0
Franklin,2020-07-22T00:00:00.000,0,42,248,10813,10813,42,2020-07-22,0,248,0,0.00421304921166839,0
Franklin,2020-07-23T00:00:00.000,0,42,107,10920,10920,42,2020-07-23,0,107,0,0.00415222174310393,0
Franklin,2020-07-24T00:00:00.000,0,42,321,11241,11241,42,2020-07-24,0,321,0,0.00408110420945256,0
Franklin,2020-07-25T00:00:00.000,2,44,178,11419,11419,44,2020-07-25,2,178,0.0112359550561798,0.00400053830636635,2.10567290892686
Franklin,2020-07-26T00:00:00.000,0,44,185,11604,11604,44,2020-07-26,0,185,0,0.00391148358013991,0
Franklin,2020-07-27T00:00:00.000,3,47,146,11750,11750,47,2020-07-27,3,146,0.0205479452054795,0.00381499352736451,3.14974806882315
Franklin,2020-07-28T00:00:00.000,1,48,90,11840,11840,48,2020-07-28,1,90,0.0111111111111111,0.00371218981124265,1.04655115040861
Franklin,2020-07-29T00:00:00.000,0,48,78,11918,11918,48,2020-07-29,0,78,0,0.00360423567003908,0
Franklin,2020-07-30T00:00:00.000,2,50,87,12005,12005,50,2020-07-30,2,87,0.0229885057471264,0.0034923095810563,2.09297066013204
Franklin,2020-07-31T00:00:00.000,0,50,288,12293,12293,50,2020-07-31,0,288,0,0.00337758016899016,0
Franklin,2020-08-01T00:00:00.000,0,50,135,12428,12428,50,2020-08-01,0,135,0,0.00326118322060808,0
Franklin,2020-08-02T00:00:00.000,0,50,88,12516,12516,50,2020-08-02,0,88,0,0.00314420150003802,0
Franklin,2020-08-03T00:00:00.000,0,50,164,12680,12680,50,2020-08-03,0,164,0,0.00302764786615704,0
Franklin,2020-08-04T00:00:00.000,2,52,134,12814,12814,52,2020-08-04,2,134,0.0149253731343284,0.00291245199098629,2.08236893448475
Franklin,2020-08-05T00:00:00.000,0,52,91,12905,12905,52,2020-08-05,0,91,0,0.00279945078023216,0
Franklin,2020-08-06T00:00:00.000,2,54,125,13030,13030,54,2020-08-06,2,125,0.016,0.00268938241675453,2.06820186998556
Franklin,2020-08-07T00:00:00.000,0,54,74,13104,13104,54,2020-08-07,0,74,0,0.00258288379474791,0
Franklin,2020-08-08T00:00:00.000,0,54,227,13331,13331,54,2020-08-08,0,227,0,0.0024804909924419,0
Franklin,2020-08-09T00:00:00.000,0,54,85,13416,13416,54,2020-08-09,0,85,0,0.0023826423472768,0
Franklin,2020-08-10T00:00:00.000,0,54,160,13576,13576,54,2020-08-10,0,160,0,0.00228968364943718,0
Franklin,2020-08-11T00:00:00.000,0,54,133,13709,13709,54,2020-08-11,0,133,0,0.00220187495392792,0
Franklin,2020-08-12T00:00:00.000,0,54,364,14073,14073,54,2020-08-12,0,364,0,0.00211939852373786,0
Franklin,2020-08-13T00:00:00.000,0,54,73,14146,14146,54,2020-08-13,0,73,0,0.00204236745083898,0
Franklin,2020-08-14T00:00:00.000,0,54,370,14516,14516,54,2020-08-14,0,370,0,0.00197083455153729,0
Franklin,2020-08-15T00:00:00.000,0,54,155,14671,14671,54,2020-08-15,0,155,0,0.00190480119200863,0
Franklin,2020-08-16T00:00:00.000,0,54,84,14755,14755,54,2020-08-16,0,84,0,0.0018442257633837,0
Franklin,2020-08-17T00:00:00.000,1,55,151,14906,14906,55,2020-08-17,1,151,0.00662251655629139,0.0017890315886147,0.993994125314567
Franklin,2020-08-18T00:00:00.000,1,56,127,15033,15033,56,2020-08-18,1,127,0.0078740157480315,0.00173911410269067,0.993515152815808
Franklin,2020-08-19T00:00:00.000,0,56,136,15169,15169,56,2020-08-19,0,136,0,0.00169434720080602,0
Franklin,2020-08-20T00:00:00.000,0,56,122,15291,15291,56,2020-08-20,0,122,0,0.00165458869461263,0
Franklin,2020-08-21T00:00:00.000,0,56,176,15467,15467,56,2020-08-21,0,176,0,0.00161968485440738,0
Franklin,2020-08-22T00:00:00.000,0,56,270,15737,15737,56,2020-08-22,0,270,0,0.00158947404503694,0
Franklin,2020-08-23T00:00:00.000,0,56,99,15836,15836,56,2020-08-23,0,99,0,0.00156378948609979,0
Franklin,2020-08-24T00:00:00.000,0,56,177,16013,16013,56,2020-08-24,0,177,0,0.00154246118414793,0
Franklin,2020-08-25T00:00:00.000,1,57,114,16127,16127,57,2020-08-25,1,114,0.0087719298245614,0.00152531709665775,0.980308566508162
Franklin,2020-08-26T00:00:00.000,1,58,282,16409,16409,58,2020-08-26,1,282,0.00354609929078014,0.00151218359641081,0.978004793697149
Franklin,2020-08-27T00:00:00.000,0,58,51,16460,16460,58,2020-08-27,0,51,0,0.0015028853114003,0
Franklin,2020-08-28T00:00:00.000,0,58,686,17146,17146,58,2020-08-28,0,686,0,0.00149724442084843,0
Franklin,2020-08-29T00:00:00.000,0,58,171,17317,17317,58,2020-08-29,0,171,0,0.00149507949301116,0
Franklin,2020-08-30T00:00:00.000,0,58,70,17387,17387,58,2020-08-30,0,70,0,0.00149620395615363,0
Franklin,2020-08-31T00:00:00.000,0,58,163,17550,17550,58,2020-08-31,0,163,0,0.0015004243003774,0
Franklin,2020-09-01T00:00:00.000,0,58,183,17733,17733,58,2020-09-01,0,183,0,0.00150753811530223,0
Franklin,2020-09-02T00:00:00.000,1,59,138,17871,17871,59,2020-09-02,1,138,0.0072463768115942,0.00151733207641126,0.985336374781107
Franklin,2020-09-03T00:00:00.000,0,59,145,18016,18016,59,2020-09-03,0,145,0,0.00152958000076344,0
Franklin,2020-09-04T00:00:00.000,0,59,147,18163,18163,59,2020-09-04,0,147,0,0.00154404109964967,0
Franklin,2020-09-05T00:00:00.000,0,59,151,18314,18314,59,2020-09-05,0,151,0,0.00156045856066504,0
Franklin,2020-09-06T00:00:00.000,0,59,172,18486,18486,59,2020-09-06,0,172,0,0.00157855859298115,0
Franklin,2020-09-07T00:00:00.000,0,59,166,18652,18652,59,2020-09-07,0,166,0,0.00159805006603329,0
Franklin,2020-09-08T00:00:00.000,0,59,59,18711,18711,59,2020-09-08,0,59,0,0.00161862486179512,0
Franklin,2020-09-09T00:00:00.000,0,59,54,18765,18765,59,2020-09-09,0,54,0,0.00163995904331296,0
Franklin,2020-09-10T00:00:00.000,1,60,113,18878,18878,60,2020-09-10,1,113,0.00884955752212389,0.00166171491612583,1.0192521151921
Franklin,2020-09-11T00:00:00.000,1,61,319,19197,19197,61,2020-09-11,1,319,0.00313479623824451,0.00168354402477514,1.02594045352594
Franklin,2020-09-12T00:00:00.000,2,63,119,19316,19316,63,2020-09-12,2,119,0.0168067226890756,0.00170509108410043,2.06590136143579
Franklin,2020-09-13T00:00:00.000,0,63,84,19400,19400,63,2020-09-13,0,84,0,0.00172599879615713,0
Franklin,2020-09-14T00:00:00.000,0,63,176,19576,19576,63,2020-09-14,0,176,0,0.001745913450565,0
Franklin,2020-09-15T00:00:00.000,0,63,109,19685,19685,63,2020-09-15,0,109,0,0.00176449115239707,0
Franklin,2020-09-16T00:00:00.000,0,63,200,19885,19885,63,2020-09-16,0,200,0,0.00178140447097761,0
Franklin,2020-09-17T00:00:00.000,1,64,219,20104,20104,64,2020-09-17,1,219,0.0045662100456621,0.00179634925961794,1.06232712649154
Franklin,2020-09-18T00:00:00.000,0,64,228,20332,20332,64,2020-09-18,0,228,0,0.00180905136443037,0
Franklin,2020-09-19T00:00:00.000,1,65,303,20635,20635,65,2020-09-19,1,303,0.0033003300330033,0.00181927292349275,1.06934027779275
Franklin,2020-09-20T00:00:00.000,0,65,191,20826,20826,65,2020-09-20,0,191,0,0.00182681795868981,0
Franklin,2020-09-21T00:00:00.000,0,65,130,20956,20956,65,2020-09-21,0,130,0,0.00183153698231066,0
Franklin,2020-09-22T00:00:00.000,0,65,113,21069,21069,65,2020-09-22,0,113,0,0.00183333037923649,0
Franklin,2020-09-23T00:00:00.000,1,66,152,21221,21221,66,2020-09-23,1,152,0.00657894736842105,0.00183215038052214,1.06826167073596
Franklin,2020-09-24T00:00:00.000,0,66,190,21411,21411,66,2020-09-24,0,190,0,0.00182800151221671,0
Franklin,2020-09-25T00:00:00.000,0,66,268,21679,21679,66,2020-09-25,0,268,0,0.00182093947919814,0
Franklin,2020-09-26T00:00:00.000,0,66,258,21937,21937,66,2020-09-26,0,258,0,0.0018110685217711,0
Franklin,2020-09-27T00:00:00.000,0,66,141,22078,22078,66,2020-09-27,0,141,0,0.00179853735706835,0
Franklin,2020-09-28T00:00:00.000,0,66,109,22187,22187,66,2020-09-28,0,109,0,0.00178353388216276,0
Franklin,2020-09-29T00:00:00.000,0,66,120,22307,22307,66,2020-09-29,0,120,0,0.00176627886662055,0
Franklin,2020-09-30T00:00:00.000,0,66,103,22410,22410,66,2020-09-30,0,103,0,0.00174701889600289,0
Franklin,2020-10-01T00:00:00.000,0,66,198,22608,22608,66,2020-10-01,0,198,0,0.00172601884271662,0
Franklin,2020-10-02T00:00:00.000,2,68,312,22920,22920,68,2020-10-02,2,312,0.00641025641025641,0.00170355413697734,2.05766365382247
Franklin,2020-10-03T00:00:00.000,2,70,157,23077,23077,70,2020-10-03,2,157,0.0127388535031847,0.00167990309017906,2.05861863402601
Franklin,2020-10-04T00:00:00.000,0,70,82,23159,23159,70,2020-10-04,0,82,0,0.0016553394885256,0
Franklin,2020-10-05T00:00:00.000,0,70,200,23359,23359,70,2020-10-05,0,200,0,0.00163012563043585,0
Franklin,2020-10-06T00:00:00.000,0,70,82,23441,23441,70,2020-10-06,0,82,0,0.00160450593126588,0
Franklin,2020-10-07T00:00:00.000,1,71,130,23571,23571,71,2020-10-07,1,130,0.00769230769230769,0.00157870116765048,1.04742879985159
Franklin,2020-10-08T00:00:00.000,0,71,202,23773,23773,71,2020-10-08,0,202,0,0.00155290338544128,0
Franklin,2020-10-09T00:00:00.000,0,71,383,24156,24156,71,2020-10-09,0,383,0,0.00152727145333591,0
Franklin,2020-10-10T00:00:00.000,0,71,413,24569,24569,71,2020-10-10,0,413,0,0.00150192721176974,0
Franklin,2020-10-11T00:00:00.000,0,71,63,24632,24632,71,2020-10-11,0,63,0,0.00147695214581289,0
Fulton,2020-03-01T00:00:00.000,0,0,0,0,0,0,2020-03-01,0,0,0,0.0125929417165943,0
Fulton,2020-03-02T00:00:00.000,0,0,0,0,0,0,2020-03-02,0,0,0,0.013183072649373,0
Fulton,2020-03-03T00:00:00.000,0,0,0,0,0,0,2020-03-03,0,0,0,0.0138005841171693,0
Fulton,2020-03-04T00:00:00.000,0,0,0,0,0,0,2020-03-04,0,0,0,0.0144469052170692,0
Fulton,2020-03-05T00:00:00.000,0,0,0,0,0,0,2020-03-05,0,0,0,0.0151236343989577,0
Fulton,2020-03-06T00:00:00.000,0,0,0,0,0,0,2020-03-06,0,0,0,0.0158325507941643,0
Fulton,2020-03-07T00:00:00.000,0,0,0,0,0,0,2020-03-07,0,0,0,0.0165756249455376,0
Fulton,2020-03-08T00:00:00.000,0,0,0,0,0,0,2020-03-08,0,0,0,0.0173550287502333,0
Fulton,2020-03-09T00:00:00.000,0,0,1,1,1,0,2020-03-09,0,1,0,0.0181731444061702,0
Fulton,2020-03-10T00:00:00.000,0,0,1,2,2,0,2020-03-10,0,1,0,0.0190325721249937,0
Fulton,2020-03-11T00:00:00.000,0,0,2,4,4,0,2020-03-11,0,2,0,0.0199361363374922,0
Fulton,2020-03-12T00:00:00.000,0,0,1,5,5,0,2020-03-12,0,1,0,0.0208868900710298,0
Fulton,2020-03-13T00:00:00.000,0,0,1,6,6,0,2020-03-13,0,1,0,0.021888117122113,0
Fulton,2020-03-14T00:00:00.000,0,0,4,10,10,0,2020-03-14,0,4,0,0.0229433315807889,0
Fulton,2020-03-15T00:00:00.000,0,0,1,11,11,0,2020-03-15,0,1,0,0.0240562741872772,0
Fulton,2020-03-16T00:00:00.000,0,0,1,12,12,0,2020-03-16,0,1,0,0.0252309049163177,0
Fulton,2020-03-17T00:00:00.000,0,0,0,12,12,0,2020-03-17,0,0,0.0416666666666667,0.0264713910926101,0
Fulton,2020-03-18T00:00:00.000,1,1,12,24,24,1,2020-03-18,1,12,0.0833333333333333,0.0277820902441028,1.29998690821487
Fulton,2020-03-19T00:00:00.000,0,1,6,30,30,1,2020-03-19,0,6,0,0.0291675268023463,0
Fulton,2020-03-20T00:00:00.000,0,1,13,43,43,1,2020-03-20,0,13,0,0.0306323616653779,0
Fulton,2020-03-21T00:00:00.000,0,1,11,54,54,1,2020-03-21,0,11,0,0.0321813535550035,0
Fulton,2020-03-22T00:00:00.000,0,1,11,65,65,1,2020-03-22,0,11,0,0.0338193110344743,0
Fulton,2020-03-23T00:00:00.000,0,1,11,76,76,1,2020-03-23,0,11,0,0.0355510340140055,0
Fulton,2020-03-24T00:00:00.000,0,1,4,80,80,1,2020-03-24,0,4,0,0.0373812435711342,0
Fulton,2020-03-25T00:00:00.000,0,1,2,82,82,1,2020-03-25,0,2,0,0.039314498963391,0
Fulton,2020-03-26T00:00:00.000,0,1,5,87,87,1,2020-03-26,0,5,0,0.041355100825784,0
Fulton,2020-03-27T00:00:00.000,0,1,10,97,97,1,2020-03-27,0,10,0,0.0435069797397114,0
Fulton,2020-03-28T00:00:00.000,0,1,10,107,107,1,2020-03-28,0,10,0,0.0457735696474331,0
Fulton,2020-03-29T00:00:00.000,0,1,12,119,119,1,2020-03-29,0,12,0,0.0481576659804518,0
Fulton,2020-03-30T00:00:00.000,0,1,5,124,124,1,2020-03-30,0,5,0,0.0506612688811201,0
Fulton,2020-03-31T00:00:00.000,1,2,5,129,129,2,2020-03-31,1,5,0.2,0.0532854125309169,1.06327539098085
Fulton,2020-04-01T00:00:00.000,4,6,10,139,139,6,2020-04-01,4,10,0.4,0.056029982354973,4.2782593527415
Fulton,2020-04-02T00:00:00.000,0,6,10,149,149,6,2020-04-02,0,10,0,0.0588935227421055,0
Fulton,2020-04-03T00:00:00.000,3,9,24,173,173,9,2020-04-03,3,24,0.125,0.0618730388823448,3.16327806930348
Fulton,2020-04-04T00:00:00.000,0,9,12,185,185,9,2020-04-04,0,12,0,0.0649637973487537,0
Fulton,2020-04-05T00:00:00.000,2,11,20,205,205,11,2020-04-05,2,20,0.1,0.0681591310912825,2.11969728304588
Fulton,2020-04-06T00:00:00.000,2,13,18,223,223,13,2020-04-06,2,18,0.111111111111111,0.0714502555108223,2.14024379283121
Fulton,2020-04-07T00:00:00.000,1,14,6,229,229,14,2020-04-07,1,6,0.166666666666667,0.0748261031719306,1.08320727033792
Fulton,2020-04-08T00:00:00.000,1,15,21,250,250,15,2020-04-08,1,21,0.0476190476190476,0.0782731854164466,1.09655448289538
Fulton,2020-04-09T00:00:00.000,3,18,24,274,274,18,2020-04-09,3,24,0.125,0.0817754895780027,3.33071587363179
Fulton,2020-04-10T00:00:00.000,3,21,17,291,291,21,2020-04-10,3,17,0.176470588235294,0.0853144205934678,3.37237105984222
Fulton,2020-04-11T00:00:00.000,0,21,11,302,302,21,2020-04-11,0,11,0,0.0888687954971955,0
Fulton,2020-04-12T00:00:00.000,0,21,7,309,309,21,2020-04-12,0,7,0,0.092414898522994,0
Fulton,2020-04-13T00:00:00.000,1,22,75,384,384,22,2020-04-13,1,75,0.0133333333333333,0.0959266033087303,1.17882607220503
Fulton,2020-04-14T00:00:00.000,2,24,9,393,393,24,2020-04-14,2,9,0.222222222222222,0.0993755670132855,2.39613628064796
Fulton,2020-04-15T00:00:00.000,1,25,13,406,406,25,2020-04-15,1,13,0.0769230769230769,0.102731499063743,1.21544500163139
Fulton,2020-04-16T00:00:00.000,2,27,16,422,422,27,2020-04-16,2,16,0.125,0.105962504833952,2.45953799855567
Fulton,2020-04-17T00:00:00.000,0,27,7,429,429,27,2020-04-17,0,7,0,0.109035501923331,0
Fulton,2020-04-18T00:00:00.000,0,27,17,446,446,27,2020-04-18,0,17,0,0.111916703984496,0
Fulton,2020-04-19T00:00:00.000,0,27,3,449,449,27,2020-04-19,0,3,0,0.114572164374737,0
Fulton,2020-04-20T00:00:00.000,0,27,4,453,453,27,2020-04-20,0,4,0,0.116968369405855,0
Fulton,2020-04-21T00:00:00.000,1,28,7,460,460,28,2020-04-21,1,7,0.142857142857143,0.119072868747701,1.28373687589252
Fulton,2020-04-22T00:00:00.000,0,28,5,465,465,28,2020-04-22,0,5,0,0.12085492868135,0
Fulton,2020-04-23T00:00:00.000,1,29,16,481,481,29,2020-04-23,1,16,0.0625,0.122286192443854,1.29687349596773
Fulton,2020-04-24T00:00:00.000,32,61,202,683,683,61,2020-04-24,32,202,0.158415841584158,0.123341330870863,41.6490671397251
Fulton,2020-04-25T00:00:00.000,1,62,29,712,712,62,2020-04-25,1,29,0.0344827586206897,0.123998665914402,1.3048706327191
Fulton,2020-04-26T00:00:00.000,0,62,9,721,721,62,2020-04-26,0,9,0,0.124240749365832,0
Fulton,2020-04-27T00:00:00.000,4,66,16,737,737,66,2020-04-27,4,16,0.25,0.124054879226647,5.22688517866502
Fulton,2020-04-28T00:00:00.000,1,67,27,764,764,67,2020-04-28,1,27,0.037037037037037,0.123433536637117,1.30539424963492
Fulton,2020-04-29T00:00:00.000,4,71,27,791,791,71,2020-04-29,4,27,0.148148148148148,0.122374727120385,5.22847578949307
Fulton,2020-04-30T00:00:00.000,4,75,37,828,828,75,2020-04-30,4,37,0.108108108108108,0.120882211188218,5.25754288202336
Fulton,2020-05-01T00:00:00.000,4,79,34,862,862,79,2020-05-01,4,34,0.117647058823529,0.118965611176828,5.28422451758827
Fulton,2020-05-02T00:00:00.000,3,82,36,898,898,82,2020-05-02,3,36,0.0833333333333333,0.116640383649699,3.97703504810843
Fulton,2020-05-03T00:00:00.000,2,84,25,923,923,84,2020-05-03,2,25,0.08,0.113927649926541,2.65473056120308
Fulton,2020-05-04T00:00:00.000,13,97,63,986,986,97,2020-05-04,13,63,0.206349206349206,0.110853881345286,17.2434187805314
Fulton,2020-05-05T00:00:00.000,3,100,50,1036,1036,100,2020-05-05,3,50,0.06,0.107450440739384,3.96991439101062
Fulton,2020-05-06T00:00:00.000,1,101,30,1066,1066,101,2020-05-06,1,30,0.0333333333333333,0.103752987215118,1.319640513283
Fulton,2020-05-07T00:00:00.000,2,103,27,1093,1093,103,2020-05-07,2,27,0.0740740740740741,0.0998007574187766,2.63936978483693
Fulton,2020-05-08T00:00:00.000,1,104,30,1123,1123,104,2020-05-08,1,30,0.0333333333333333,0.0956357427384506,1.3233180268207
Fulton,2020-05-09T00:00:00.000,3,107,31,1154,1154,107,2020-05-09,3,31,0.0967741935483871,0.0913017878250066,3.97874730274941
Fulton,2020-05-10T00:00:00.000,2,109,59,1213,1213,109,2020-05-10,2,59,0.0338983050847458,0.0868436409069286,2.65692035795914
Fulton,2020-05-11T00:00:00.000,26,135,100,1313,1313,135,2020-05-11,26,100,0.26,0.0823059900715896,34.5767608706188
Fulton,2020-05-12T00:00:00.000,5,140,61,1374,1374,140,2020-05-12,5,61,0.0819672131147541,0.0777325215161776,6.66931369069613
Fulton,2020-05-13T00:00:00.000,4,144,81,1455,1455,144,2020-05-13,4,81,0.0493827160493827,0.0731650354042302,5.36716825637912
Fulton,2020-05-14T00:00:00.000,1,145,67,1522,1522,145,2020-05-14,1,67,0.0149253731343284,0.0686426522734587,1.35257500398585
Fulton,2020-05-15T00:00:00.000,3,148,100,1622,1622,148,2020-05-15,3,100,0.03,0.0642011380451137,4.08605169597123
Fulton,2020-05-16T00:00:00.000,23,171,110,1732,1732,171,2020-05-16,23,110,0.209090909090909,0.0598723689438218,31.4826330891807
Fulton,2020-05-17T00:00:00.000,11,182,132,1864,1864,182,2020-05-17,11,132,0.0833333333333333,0.0556839496131933,15.0714953334494
Fulton,2020-05-18T00:00:00.000,0,182,30,1894,1894,182,2020-05-18,0,30,0,0.0516589891036684,0
Fulton,2020-05-19T00:00:00.000,2,184,89,1983,1983,184,2020-05-19,2,89,0.0224719101123595,0.0478160309557451,2.73647149076436
Fulton,2020-05-20T00:00:00.000,2,186,100,2083,2083,186,2020-05-20,2,100,0.02,0.0441691259932677,2.73372064213305
Fulton,2020-05-21T00:00:00.000,3,189,88,2171,2171,189,2020-05-21,3,88,0.0340909090909091,0.0407280302354394,4.10148664202601
Fulton,2020-05-22T00:00:00.000,4,193,142,2313,2313,193,2020-05-22,4,142,0.028169014084507,0.0374985059004205,5.46366839705446
Fulton,2020-05-23T00:00:00.000,1,194,84,2397,2397,194,2020-05-23,1,84,0.0119047619047619,0.0344827009634069,1.36304163463331
Fulton,2020-05-24T00:00:00.000,2,196,86,2483,2483,196,2020-05-24,2,86,0.0232558139534884,0.031679582097945,2.71712920109947
Fulton,2020-05-25T00:00:00.000,0,196,44,2527,2527,196,2020-05-25,0,44,0,0.029085396851111,0
Fulton,2020-05-26T00:00:00.000,2,198,112,2639,2639,198,2020-05-26,2,112,0.0178571428571429,0.0266941432425071,2.68991961943347
Fulton,2020-05-27T00:00:00.000,2,200,223,2862,2862,200,2020-05-27,2,223,0.00896860986547085,0.0244980282342419,2.67702692963549
Fulton,2020-05-28T00:00:00.000,6,206,202,3064,3064,206,2020-05-28,6,202,0.0297029702970297,0.022487900287982,7.9857395482359
Fulton,2020-05-29T00:00:00.000,1,207,146,3210,3210,207,2020-05-29,1,146,0.00684931506849315,0.0206536451363715,1.32237030506518
Fulton,2020-05-30T00:00:00.000,1,208,159,3369,3369,208,2020-05-30,1,159,0.00628930817610063,0.0189845376464452,1.32097290648587
Fulton,2020-05-31T00:00:00.000,2,210,169,3538,3538,210,2020-05-31,2,169,0.0118343195266272,0.017469546019987,2.65087344506319
Fulton,2020-06-01T00:00:00.000,2,212,83,3621,3621,212,2020-06-01,2,83,0.0240963855421687,0.0160975874207173,2.66112413106697
Fulton,2020-06-02T00:00:00.000,1,213,197,3818,3818,213,2020-06-02,1,197,0.0050761421319797,0.0148577363763496,1.33464207304116
Fulton,2020-06-03T00:00:00.000,2,215,187,4005,4005,215,2020-06-03,2,187,0.0106951871657754,0.0137393889719231,2.67517081671672
Fulton,2020-06-04T00:00:00.000,4,219,248,4253,4253,219,2020-06-04,4,248,0.0161290322580645,0.0127323869713038,5.33790639918342
Fulton,2020-06-05T00:00:00.000,3,222,233,4486,4486,222,2020-06-05,3,233,0.0128755364806867,0.0118271066472091,3.99010000742823
Fulton,2020-06-06T00:00:00.000,2,224,205,4691,4691,224,2020-06-06,2,205,0.00975609756097561,0.0110145173520545,2.64963926916207
Fulton,2020-06-07T00:00:00.000,3,227,254,4945,4945,227,2020-06-07,3,254,0.0118110236220472,0.0102862148112617,3.95659680803061
Fulton,2020-06-08T00:00:00.000,1,228,249,5194,5194,228,2020-06-08,1,249,0.00401606425702811,0.00963443385159603,1.31220459647739
Fulton,2020-06-09T00:00:00.000,0,228,132,5326,5326,228,2020-06-09,0,132,0,0.00905204486397455,0
Fulton,2020-06-10T00:00:00.000,2,230,155,5481,5481,230,2020-06-10,2,155,0.0129032258064516,0.00853253780493911,2.59379725559814
Fulton,2020-06-11T00:00:00.000,1,231,352,5833,5833,231,2020-06-11,1,352,0.00284090909090909,0.00806999701238599,1.28831913001314
Fulton,2020-06-12T00:00:00.000,1,232,164,5997,5997,232,2020-06-12,1,164,0.00609756097560976,0.007659069585483,1.27916172901711
Fulton,2020-06-13T00:00:00.000,2,234,168,6165,6165,234,2020-06-13,2,168,0.0119047619047619,0.00729492958120541,2.538906148062
Fulton,2020-06-14T00:00:00.000,1,235,101,6266,6266,235,2020-06-14,1,101,0.0099009900990099,0.00697323982658121,1.2592179532008
Fulton,2020-06-15T00:00:00.000,1,236,158,6424,6424,236,2020-06-15,1,158,0.00632911392405063,0.00669011274527446,1.24848055727718
Fulton,2020-06-16T00:00:00.000,0,236,85,6509,6509,236,2020-06-16,0,85,0,0.00644207125276622,0
Fulton,2020-06-17T00:00:00.000,0,236,146,6655,6655,236,2020-06-17,0,146,0,0.00622601048550473,0
Fulton,2020-06-18T00:00:00.000,1,237,173,6828,6828,237,2020-06-18,1,173,0.00578034682080925,0.00603916089279365,1.21352644013508
Fulton,2020-06-19T00:00:00.000,6,243,290,7118,7118,243,2020-06-19,6,290,0.0206896551724138,0.00587905303121457,7.20645897783638
Fulton,2020-06-20T00:00:00.000,0,243,209,7327,7327,243,2020-06-20,0,209,0,0.0057434842546379,0
Fulton,2020-06-21T00:00:00.000,1,244,171,7498,7498,244,2020-06-21,1,171,0.00584795321637427,0.00563048738283806,1.17711091376264
Fulton,2020-06-22T00:00:00.000,0,244,86,7584,7584,244,2020-06-22,0,86,0,0.00553830135303545,0
Fulton,2020-06-23T00:00:00.000,0,244,110,7694,7694,244,2020-06-23,0,110,0,0.0054653438064254,0
Fulton,2020-06-24T00:00:00.000,0,244,98,7792,7792,244,2020-06-24,0,98,0,0.00541018553148797,0
Fulton,2020-06-25T00:00:00.000,4,248,161,7953,7953,248,2020-06-25,4,161,0.0248447204968944,0.00537152667369652,4.67560523434198
Fulton,2020-06-26T00:00:00.000,1,249,171,8124,8124,249,2020-06-26,1,171,0.00584795321637427,0.00534817462371976,1.16399543682826
Fulton,2020-06-27T00:00:00.000,6,255,283,8407,8407,255,2020-06-27,6,283,0.0212014134275618,0.00533902351026386,6.95315303939496
Fulton,2020-06-28T00:00:00.000,1,256,171,8578,8578,256,2020-06-28,1,171,0.00584795321637427,0.00534303524655806,1.15354756143907
Fulton,2020-06-29T00:00:00.000,0,256,126,8704,8704,256,2020-06-29,0,126,0,0.00535922210851434,0
Fulton,2020-06-30T00:00:00.000,1,257,86,8790,8790,257,2020-06-30,1,86,0.0116279069767442,0.0053866308552517,1.15135144998809
Fulton,2020-07-01T00:00:00.000,3,260,202,8992,8992,260,2020-07-01,3,202,0.0148514851485149,0.0054243284364203,3.46569859374082
Fulton,2020-07-02T00:00:00.000,1,261,154,9146,9146,261,2020-07-02,1,154,0.00649350649350649,0.00547138936299517,1.1580097275247
Fulton,2020-07-03T00:00:00.000,0,261,239,9385,9385,261,2020-07-03,0,239,0,0.00552688484630768,0
Fulton,2020-07-04T00:00:00.000,0,261,237,9622,9622,261,2020-07-04,0,237,0,0.00558987383141697,0
Fulton,2020-07-05T00:00:00.000,1,262,131,9753,9753,262,2020-07-05,1,131,0.00763358778625954,0.00565939606296167,1.15200286951276
Fulton,2020-07-06T00:00:00.000,0,262,92,9845,9845,262,2020-07-06,0,92,0,0.00573446732210119,0
Fulton,2020-07-07T00:00:00.000,0,262,102,9947,9947,262,2020-07-07,0,102,0,0.00581407696017482,0
Fulton,2020-07-08T00:00:00.000,1,263,110,10057,10057,263,2020-07-08,1,110,0.00909090909090909,0.00589718782705492,1.14868991138241
Fulton,2020-07-09T00:00:00.000,1,264,191,10248,10248,264,2020-07-09,1,191,0.00523560209424084,0.00598273864940601,1.14791956997174
Fulton,2020-07-10T00:00:00.000,1,265,197,10445,10445,265,2020-07-10,1,197,0.0050761421319797,0.00606964885679132,1.14697274571558
Fulton,2020-07-11T00:00:00.000,0,265,175,10620,10620,265,2020-07-11,0,175,0,0.00615682578349781,0
Fulton,2020-07-12T00:00:00.000,0,265,78,10698,10698,265,2020-07-12,0,78,0,0.00624317409397588,0
Fulton,2020-07-13T00:00:00.000,1,266,145,10843,10843,266,2020-07-13,1,145,0.00689655172413793,0.00632760719393884,1.14305449584964
Fulton,2020-07-14T00:00:00.000,0,266,77,10920,10920,266,2020-07-14,0,77,0,0.00640906030241118,0
Fulton,2020-07-15T00:00:00.000,0,266,80,11000,11000,266,2020-07-15,0,80,0,0.00648650477799987,0
Fulton,2020-07-16T00:00:00.000,0,266,265,11265,11265,266,2020-07-16,0,265,0,0.00655896322131828,0
Fulton,2020-07-17T00:00:00.000,0,266,253,11518,11518,266,2020-07-17,0,253,0,0.00662552482054278,0
Fulton,2020-07-18T00:00:00.000,1,267,101,11619,11619,267,2020-07-18,1,101,0.0099009900990099,0.00668536037357477,1.14326879546078
Fulton,2020-07-19T00:00:00.000,0,267,90,11709,11709,267,2020-07-19,0,90,0,0.00673773641207187,0
Fulton,2020-07-20T00:00:00.000,0,267,91,11800,11800,267,2020-07-20,0,91,0,0.00678202787196802,0
Fulton,2020-07-21T00:00:00.000,0,267,127,11927,11927,267,2020-07-21,0,127,0,0.00681772880240422,0
Fulton,2020-07-22T00:00:00.000,1,268,96,12023,12023,268,2020-07-22,1,96,0.0104166666666667,0.00684446067860442,1.13369909197287
Fulton,2020-07-23T00:00:00.000,0,268,292,12315,12315,268,2020-07-23,0,292,0,0.00686197798054732,0
Fulton,2020-07-24T00:00:00.000,2,270,153,12468,12468,270,2020-07-24,2,153,0.0130718954248366,0.0068701708130028,2.23402102006608
Fulton,2020-07-25T00:00:00.000,0,270,171,12639,12639,270,2020-07-25,0,171,0,0.00686906446697837,0
Fulton,2020-07-26T00:00:00.000,0,270,79,12718,12718,270,2020-07-26,0,79,0,0.00685881595047216,0
Fulton,2020-07-27T00:00:00.000,0,270,67,12785,12785,270,2020-07-27,0,67,0,0.00683970764008273,0
Fulton,2020-07-28T00:00:00.000,0,270,74,12859,12859,270,2020-07-28,0,74,0,0.00681213831736499,0
Fulton,2020-07-29T00:00:00.000,5,275,151,13010,13010,275,2020-07-29,5,151,0.033112582781457,0.00677661194872557,5.56777336815945
Fulton,2020-07-30T00:00:00.000,0,275,227,13237,13237,275,2020-07-30,0,227,0,0.00673372464045449,0
Fulton,2020-07-31T00:00:00.000,7,282,190,13427,13427,282,2020-07-31,7,190,0.0368421052631579,0.00668415024824784,7.8478346298726
Fulton,2020-08-01T00:00:00.000,1,283,185,13612,13612,283,2020-08-01,1,185,0.00540540540540541,0.00662862514221371,1.12438506546112
Fulton,2020-08-02T00:00:00.000,2,285,133,13745,13745,285,2020-08-02,2,133,0.0150375939849624,0.00656793262460099,2.25339608393616
Fulton,2020-08-03T00:00:00.000,0,285,93,13838,13838,285,2020-08-03,0,93,0,0.00650288747065692,0
Fulton,2020-08-04T00:00:00.000,2,287,117,13955,13955,287,2020-08-04,2,117,0.0170940170940171,0.00643432101672651,2.25414615292331
Fulton,2020-08-05T00:00:00.000,4,291,128,14083,14083,291,2020-08-05,4,128,0.03125,0.00636306715841684,4.50697274230394
Fulton,2020-08-06T00:00:00.000,2,293,217,14300,14300,293,2020-08-06,2,217,0.00921658986175115,0.0062899495502977,2.25160594442755
Fulton,2020-08-07T00:00:00.000,2,295,213,14513,14513,295,2020-08-07,2,213,0.00938967136150235,0.00621577022217639,2.24719705637914
Fulton,2020-08-08T00:00:00.000,1,296,281,14794,14794,296,2020-08-08,1,281,0.00355871886120996,0.00614129975009906,1.12319264899161
Fulton,2020-08-09T00:00:00.000,1,297,94,14888,14888,297,2020-08-09,1,94,0.0106382978723404,0.00606726904696561,1.12316257400435
Fulton,2020-08-10T00:00:00.000,0,297,101,14989,14989,297,2020-08-10,0,101,0,0.00599436277124141,0
Fulton,2020-08-11T00:00:00.000,2,299,129,15118,15118,299,2020-08-11,2,129,0.0155038759689922,0.0059232142950798,2.24187696245502
Fulton,2020-08-12T00:00:00.000,1,300,142,15260,15260,300,2020-08-12,1,142,0.00704225352112676,0.00585440212670344,1.1188372942347
Fulton,2020-08-13T00:00:00.000,3,303,170,15430,15430,303,2020-08-13,3,170,0.0176470588235294,0.0057884476467564,3.34845352790558
Fulton,2020-08-14T00:00:00.000,0,303,305,15735,15735,303,2020-08-14,0,305,0,0.00572581399443159,0
Fulton,2020-08-15T00:00:00.000,0,303,266,16001,16001,303,2020-08-15,0,266,0,0.00566690592581419,0
Fulton,2020-08-16T00:00:00.000,0,303,76,16077,16077,303,2020-08-16,0,76,0,0.0056120704629769,0
Fulton,2020-08-17T00:00:00.000,2,305,112,16189,16189,305,2020-08-17,2,112,0.0178571428571429,0.00556159815650627,2.22675262558083
Fulton,2020-08-18T00:00:00.000,0,305,195,16384,16384,305,2020-08-18,0,195,0,0.00551572479488395,0
Fulton,2020-08-19T00:00:00.000,0,305,173,16557,16557,305,2020-08-19,0,173,0,0.00547463340993268,0
Fulton,2020-08-20T00:00:00.000,1,306,198,16755,16755,306,2020-08-20,1,198,0.00505050505050505,0.0054384564469826,1.11730370408023
Fulton,2020-08-21T00:00:00.000,2,308,205,16960,16960,308,2020-08-21,2,205,0.00975609756097561,0.00540727799018767,2.23556211490208
Fulton,2020-08-22T00:00:00.000,1,309,223,17183,17183,309,2020-08-22,1,223,0.00448430493273543,0.00538113595644689,1.11779319479659
Fulton,2020-08-23T00:00:00.000,0,309,149,17332,17332,309,2020-08-23,0,149,0,0.00536002419469728,0
Fulton,2020-08-24T00:00:00.000,0,309,101,17433,17433,309,2020-08-24,0,101,0,0.00534389445020739,0
Fulton,2020-08-25T00:00:00.000,0,309,102,17535,17535,309,2020-08-25,0,102,0,0.00533265817530428,0
Fulton,2020-08-26T00:00:00.000,1,310,129,17664,17664,310,2020-08-26,1,129,0.00775193798449612,0.00532618818823328,1.10923146869241
Fulton,2020-08-27T00:00:00.000,0,310,197,17861,17861,310,2020-08-27,0,197,0,0.00532432020020587,0
Fulton,2020-08-28T00:00:00.000,1,311,308,18169,18169,311,2020-08-28,1,308,0.00324675324675325,0.00532685424680645,1.10675518895858
Fulton,2020-08-29T00:00:00.000,0,311,136,18305,18305,311,2020-08-29,0,136,0,0.00533355607353872,0
Fulton,2020-08-30T00:00:00.000,0,311,228,18533,18533,311,2020-08-30,0,228,0,0.00534415853611489,0
Fulton,2020-08-31T00:00:00.000,0,311,286,18819,18819,311,2020-08-31,0,286,0,0.00535836308389047,0
Fulton,2020-09-01T00:00:00.000,0,311,96,18915,18915,311,2020-09-01,0,96,0,0.00537584139935729,0
Fulton,2020-09-02T00:00:00.000,1,312,151,19066,19066,312,2020-09-02,1,151,0.00662251655629139,0.00539623726761754,1.11862766397912
Fulton,2020-09-03T00:00:00.000,0,312,136,19202,19202,312,2020-09-03,0,136,0,0.00541916874706047,0
Fulton,2020-09-04T00:00:00.000,0,312,243,19445,19445,312,2020-09-04,0,243,0,0.00544423070593467,0
Fulton,2020-09-05T00:00:00.000,0,312,187,19632,19632,312,2020-09-05,0,187,0,0.0054709977791249,0
Fulton,2020-09-06T00:00:00.000,0,312,137,19769,19769,312,2020-09-06,0,137,0,0.00549902778528115,0
Fulton,2020-09-07T00:00:00.000,0,312,76,19845,19845,312,2020-09-07,0,76,0,0.00552786562681191,0
Fulton,2020-09-08T00:00:00.000,0,312,102,19947,19947,312,2020-09-08,0,102,0,0.00555704767455404,0
Fulton,2020-09-09T00:00:00.000,0,312,75,20022,20022,312,2020-09-09,0,75,0,0.00558610661587942,0
Fulton,2020-09-10T00:00:00.000,3,315,193,20215,20215,315,2020-09-10,3,193,0.0155440414507772,0.00561457672040836,3.45365479670121
Fulton,2020-09-11T00:00:00.000,1,316,159,20374,20374,316,2020-09-11,1,159,0.00628930817610063,0.00564199945248157,1.15782523505184
Fulton,2020-09-12T00:00:00.000,2,318,256,20630,20630,318,2020-09-12,2,256,0.0078125,0.00566792933525836,2.32957805325733
Fulton,2020-09-13T00:00:00.000,2,320,123,20753,20753,320,2020-09-13,2,123,0.016260162601626,0.00569193994908755,2.3429893143442
Fulton,2020-09-14T00:00:00.000,4,324,221,20974,20974,324,2020-09-14,4,221,0.0180995475113122,0.00571362992793676,4.71136471452327
Fulton,2020-09-15T00:00:00.000,1,325,118,21092,21092,325,2020-09-15,1,118,0.00847457627118644,0.00573262880342366,1.18372181586222
Fulton,2020-09-16T00:00:00.000,6,331,138,21230,21230,331,2020-09-16,6,138,0.0434782608695652,0.00574860253744735,7.13414761161134
Fulton,2020-09-17T00:00:00.000,0,331,90,21320,21320,331,2020-09-17,0,90,0,0.00576125858237602,0
Fulton,2020-09-18T00:00:00.000,1,332,261,21581,21581,332,2020-09-18,1,261,0.00383141762452107,0.00577035031273752,1.1974287818576
Fulton,2020-09-19T00:00:00.000,0,332,201,21782,21782,332,2020-09-19,0,201,0,0.00577568068440824,0
Fulton,2020-09-20T00:00:00.000,0,332,172,21954,21954,332,2020-09-20,0,172,0,0.00577710499614291,0
Fulton,2020-09-21T00:00:00.000,0,332,255,22209,22209,332,2020-09-21,0,255,0,0.00577453265306701,0
Fulton,2020-09-22T00:00:00.000,0,332,75,22284,22284,332,2020-09-22,0,75,0,0.00576792786140461,0
Fulton,2020-09-23T00:00:00.000,1,333,112,22396,22396,333,2020-09-23,1,112,0.00892857142857143,0.00575730921664694,1.19785290376266
Fulton,2020-09-24T00:00:00.000,0,333,121,22517,22517,333,2020-09-24,0,121,0,0.00574274818194061,0
Fulton,2020-09-25T00:00:00.000,1,334,148,22665,22665,334,2020-09-25,1,148,0.00675675675675676,0.00572436648781318,1.19968891018472
Fulton,2020-09-26T00:00:00.000,1,335,117,22782,22782,335,2020-09-26,1,117,0.00854700854700855,0.00570233251666484,1.19781842252311
Fulton,2020-09-27T00:00:00.000,2,337,118,22900,22900,337,2020-09-27,2,118,0.0169491525423729,0.00567685676407981,2.38921890578864
Fulton,2020-09-28T00:00:00.000,2,339,208,23108,23108,339,2020-09-28,2,208,0.00961538461538462,0.0056481864925211,2.37861796664049
Fulton,2020-09-29T00:00:00.000,0,339,87,23195,23195,339,2020-09-29,0,87,0,0.00561659971033693,0
Fulton,2020-09-30T00:00:00.000,0,339,126,23321,23321,339,2020-09-30,0,126,0,0.00558239861954898,0
Fulton,2020-10-01T00:00:00.000,5,344,256,23577,23577,344,2020-10-01,5,256,0.01953125,0.00554590267944379,5.82345123667603
Fulton,2020-10-02T00:00:00.000,1,345,361,23938,23938,345,2020-10-02,1,361,0.00277008310249307,0.00550744142973224,1.15692121621245
Fulton,2020-10-03T00:00:00.000,2,347,270,24208,24208,347,2020-10-03,2,270,0.00740740740740741,0.00546734720762907,2.31646179663921
Fulton,2020-10-04T00:00:00.000,1,348,120,24328,24328,348,2020-10-04,1,120,0.00833333333333333,0.00542594787857949,1.16356191383886
Fulton,2020-10-05T00:00:00.000,2,350,272,24600,24600,350,2020-10-05,2,272,0.00735294117647059,0.00538355968173832,2.33953324595531
Fulton,2020-10-06T00:00:00.000,0,350,109,24709,24709,350,2020-10-06,0,109,0,0.00534048027007513,0
Fulton,2020-10-07T00:00:00.000,1,351,228,24937,24937,351,2020-10-07,1,228,0.0043859649122807,0.0052969820025984,1.18221745621651
Fulton,2020-10-08T00:00:00.000,1,352,207,25144,25144,352,2020-10-08,1,207,0.00483091787439614,0.00525330552416392,1.18842355595445
Fulton,2020-10-09T00:00:00.000,0,352,205,25349,25349,352,2020-10-09,0,205,0,0.00520965364807659,0
Fulton,2020-10-10T00:00:00.000,0,352,203,25552,25552,352,2020-10-10,0,203,0,0.00516618553954261,0
Fulton,2020-10-11T00:00:00.000,0,352,173,25725,25725,352,2020-10-11,0,173,0,0.00512301118525147,0
Genesee,2020-03-01T00:00:00.000,0,0,0,0,0,0,2020-03-01,0,0,0,0.00232137976785521,0
Genesee,2020-03-02T00:00:00.000,0,0,0,0,0,0,2020-03-02,0,0,0,0.00267245846808925,0
Genesee,2020-03-03T00:00:00.000,0,0,0,0,0,0,2020-03-03,0,0,0,0.00307655215354889,0
Genesee,2020-03-04T00:00:00.000,0,0,0,0,0,0,2020-03-04,0,0,0,0.00354177122698969,0
Genesee,2020-03-05T00:00:00.000,0,0,0,0,0,0,2020-03-05,0,0,0,0.00407754695859634,0
Genesee,2020-03-06T00:00:00.000,0,0,0,0,0,0,2020-03-06,0,0,0,0.00469484796147245,0
Genesee,2020-03-07T00:00:00.000,0,0,0,0,0,0,2020-03-07,0,0,0,0.00540642444365191,0
Genesee,2020-03-08T00:00:00.000,0,0,0,0,0,0,2020-03-08,0,0,0,0.00622708014682258,0
Genesee,2020-03-09T00:00:00.000,0,0,0,0,0,0,2020-03-09,0,0,0,0.00717397011016816,0
Genesee,2020-03-10T00:00:00.000,0,0,1,1,1,0,2020-03-10,0,1,0,0.00826691980969669,0
Genesee,2020-03-11T00:00:00.000,0,0,0,1,1,0,2020-03-11,0,0,0,0.00952875758001771,0
Genesee,2020-03-12T00:00:00.000,0,0,0,1,1,0,2020-03-12,0,0,0,0.0109856472843384,0
Genesee,2020-03-13T00:00:00.000,0,0,0,1,1,0,2020-03-13,0,0,0,0.0126674017212689,0
Genesee,2020-03-14T00:00:00.000,0,0,0,1,1,0,2020-03-14,0,0,0,0.0146077490714956,0
Genesee,2020-03-15T00:00:00.000,0,0,0,1,1,0,2020-03-15,0,0,0,0.0168445147713616,0
Genesee,2020-03-16T00:00:00.000,0,0,3,4,4,0,2020-03-16,0,3,0,0.0194196697665343,0
Genesee,2020-03-17T00:00:00.000,0,0,5,9,9,0,2020-03-17,0,5,0,0.0223791837924663,0
Genesee,2020-03-18T00:00:00.000,1,1,9,18,18,1,2020-03-18,1,9,0.111111111111111,0.0257726103229176,1.29026325003513
Genesee,2020-03-19T00:00:00.000,0,1,6,24,24,1,2020-03-19,0,6,0,0.029652320092904,0
Genesee,2020-03-20T00:00:00.000,0,1,6,30,30,1,2020-03-20,0,6,0,0.034072295407561,0
Genesee,2020-03-21T00:00:00.000,0,1,6,36,36,1,2020-03-21,0,6,0,0.0390864014680811,0
Genesee,2020-03-22T00:00:00.000,0,1,2,38,38,1,2020-03-22,0,2,0,0.0447460678764719,0
Genesee,2020-03-23T00:00:00.000,0,1,8,46,46,1,2020-03-23,0,8,0,0.0510973475230713,0
Genesee,2020-03-24T00:00:00.000,1,2,7,53,53,2,2020-03-24,1,7,0.142857142857143,0.0581773742530324,1.14017810465815
Genesee,2020-03-25T00:00:00.000,2,4,19,72,72,4,2020-03-25,2,19,0.105263157894737,0.0660103155167957,2.26579926039818
Genesee,2020-03-26T00:00:00.000,2,6,21,93,93,6,2020-03-26,2,21,0.0952380952380952,0.0746030077882141,2.25486638190869
Genesee,2020-03-27T00:00:00.000,1,7,19,112,112,7,2020-03-27,1,19,0.0526315789473684,0.0839405613721524,1.12329970751152
Genesee,2020-03-28T00:00:00.000,2,9,6,118,118,9,2020-03-28,2,6,0.333333333333333,0.0939823117658539,2.24556037335594
Genesee,2020-03-29T00:00:00.000,0,9,12,130,130,9,2020-03-29,0,12,0,0.104658556872801,0
Genesee,2020-03-30T00:00:00.000,1,10,24,154,154,10,2020-03-30,1,24,0.0416666666666667,0.115868531994323,1.14693394459688
Genesee,2020-03-31T00:00:00.000,3,13,28,182,182,13,2020-03-31,3,28,0.107142857142857,0.127480021455565,3.4805701935835
Genesee,2020-04-01T00:00:00.000,1,14,39,221,221,14,2020-04-01,1,39,0.0256410256410256,0.139330881745825,1.17157422120274
Genesee,2020-04-02T00:00:00.000,2,16,23,244,244,16,2020-04-02,2,23,0.0869565217391304,0.151232566832883,2.33224758461373
Genesee,2020-04-03T00:00:00.000,4,20,30,274,274,20,2020-04-03,4,30,0.133333333333333,0.162975528899663,4.6466311795263
Genesee,2020-04-04T00:00:00.000,2,22,12,286,286,22,2020-04-04,2,12,0.166666666666667,0.174336155990984,2.33421430203617
Genesee,2020-04-05T00:00:00.000,1,23,11,297,297,23,2020-04-05,1,11,0.0909090909090909,0.185084742922125,1.17119309960898
Genesee,2020-04-06T00:00:00.000,10,33,37,334,334,33,2020-04-06,10,37,0.27027027027027,0.194993905235563,11.8313683501236
Genesee,2020-04-07T00:00:00.000,14,47,31,365,365,47,2020-04-07,14,31,0.451612903225806,0.20384685163318,16.7634996586602
Genesee,2020-04-08T00:00:00.000,9,56,43,408,408,56,2020-04-08,9,43,0.209302325581395,0.211445019791551,10.9001172450202
Genesee,2020-04-09T00:00:00.000,9,65,32,440,440,65,2020-04-09,9,32,0.28125,0.217614726734626,11.0195879251448
Genesee,2020-04-10T00:00:00.000,2,67,18,458,458,67,2020-04-10,2,18,0.111111111111111,0.222212650503082,2.47410842437474
Genesee,2020-04-11T00:00:00.000,2,69,19,477,477,69,2020-04-11,2,19,0.105263157894737,0.22513010700186,2.50000570805283
Genesee,2020-04-12T00:00:00.000,2,71,7,484,484,71,2020-04-12,2,7,0.285714285714286,0.22629618618276,2.53531749227746
Genesee,2020-04-13T00:00:00.000,5,76,34,518,518,76,2020-04-13,5,34,0.147058823529412,0.225679850347518,6.42059252458105
Genesee,2020-04-14T00:00:00.000,0,76,15,533,533,76,2020-04-14,0,15,0,0.22329107575413,0
Genesee,2020-04-15T00:00:00.000,2,78,12,545,545,78,2020-04-15,2,12,0.166666666666667,0.219181051458295,2.62225695345862
Genesee,2020-04-16T00:00:00.000,5,83,21,566,566,83,2020-04-16,5,21,0.238095238095238,0.213441361661181,6.59486913289697
Genesee,2020-04-17T00:00:00.000,4,87,13,579,579,87,2020-04-17,4,13,0.307692307692308,0.206201999961286,5.29931868704018
Genesee,2020-04-18T00:00:00.000,30,117,56,635,635,117,2020-04-18,30,56,0.535714285714286,0.197628026451946,39.8541607842735
Genesee,2020-04-19T00:00:00.000,2,119,14,649,649,119,2020-04-19,2,14,0.142857142857143,0.18791470595945,2.65991783432179
Genesee,2020-04-20T00:00:00.000,2,121,8,657,657,121,2020-04-20,2,8,0.25,0.177281069663236,2.65896985352403
Genesee,2020-04-21T00:00:00.000,1,122,17,674,674,122,2020-04-21,1,17,0.0588235294117647,0.165962016702469,1.32707542019871
Genesee,2020-04-22T00:00:00.000,4,126,25,699,699,126,2020-04-22,4,25,0.16,0.154199289979015,5.29107685480335
Genesee,2020-04-23T00:00:00.000,1,127,19,718,718,127,2020-04-23,1,19,0.0526315789473684,0.142231876645794,1.31661732777835
Genesee,2020-04-24T00:00:00.000,14,141,145,863,863,141,2020-04-24,14,145,0.096551724137931,0.130286546000191,18.321559186767
Genesee,2020-04-25T00:00:00.000,3,144,37,900,900,144,2020-04-25,3,37,0.0810810810810811,0.118569299295852,3.8971241013949
Genesee,2020-04-26T00:00:00.000,4,148,20,920,920,148,2020-04-26,4,20,0.2,0.107258442529919,5.15006160221525
Genesee,2020-04-27T00:00:00.000,1,149,28,948,948,149,2020-04-27,1,28,0.0357142857142857,0.0964998101769027,1.27430747134807
Genesee,2020-04-28T00:00:00.000,3,152,26,974,974,152,2020-04-28,3,26,0.115384615384615,0.0864044013242984,3.77896804262278
Genesee,2020-04-29T00:00:00.000,1,153,32,1006,1006,153,2020-04-29,1,32,0.03125,0.0770483952789428,1.24802215824473
Genesee,2020-04-30T00:00:00.000,1,154,29,1035,1035,154,2020-04-30,1,29,0.0344827586206897,0.0684752500988156,1.24176654583535
Genesee,2020-05-01T00:00:00.000,1,155,55,1090,1090,155,2020-05-01,1,55,0.0181818181818182,0.0606993997905316,1.23508704421642
Genesee,2020-05-02T00:00:00.000,0,155,25,1115,1115,155,2020-05-02,0,25,0,0.053710975814474,0
Genesee,2020-05-03T00:00:00.000,4,159,48,1163,1163,159,2020-05-03,4,48,0.0833333333333333,0.0474809831981974,4.86451449200787
Genesee,2020-05-04T00:00:00.000,0,159,47,1210,1210,159,2020-05-04,0,47,0,0.0419664394448471,0
Genesee,2020-05-05T00:00:00.000,3,162,59,1269,1269,162,2020-05-05,3,59,0.0508474576271186,0.0371151051968834,3.56956579195847
Genesee,2020-05-06T00:00:00.000,6,168,98,1367,1367,168,2020-05-06,6,98,0.0612244897959184,0.0328695693706184,7.05807438188607
Genesee,2020-05-07T00:00:00.000,1,169,62,1429,1429,169,2020-05-07,1,62,0.0161290322580645,0.0291705749290481,1.16694761337243
Genesee,2020-05-08T00:00:00.000,1,170,47,1476,1476,170,2020-05-08,1,47,0.0212765957446809,0.0259595706569068,1.16153407726926
Genesee,2020-05-09T00:00:00.000,2,172,149,1625,1625,172,2020-05-09,2,149,0.0134228187919463,0.0231805439255737,2.31270123453249
Genesee,2020-05-10T00:00:00.000,1,173,182,1807,1807,173,2020-05-10,1,182,0.00549450549450549,0.0207812306933895,1.15144146484094
Genesee,2020-05-11T00:00:00.000,1,174,77,1884,1884,174,2020-05-11,1,77,0.012987012987013,0.0187138168561309,1.14679040753038
Genesee,2020-05-12T00:00:00.000,0,174,96,1980,1980,174,2020-05-12,0,96,0,0.0169352459463479,0
Genesee,2020-05-13T00:00:00.000,1,175,77,2057,2057,175,2020-05-13,1,77,0.012987012987013,0.0154072382891019,1.14822590361293
Genesee,2020-05-14T00:00:00.000,0,175,66,2123,2123,175,2020-05-14,0,66,0,0.0140961111990582,0
Genesee,2020-05-15T00:00:00.000,3,178,47,2170,2170,178,2020-05-15,3,47,0.0638297872340425,0.0129724724124123,3.48218515608937
Genesee,2020-05-16T00:00:00.000,2,180,69,2239,2239,180,2020-05-16,2,69,0.0289855072463768,0.0120108421233394,2.33135231497501
Genesee,2020-05-17T00:00:00.000,0,180,30,2269,2269,180,2020-05-17,0,30,0,0.0111892441203497,0
Genesee,2020-05-18T00:00:00.000,2,182,77,2346,2346,182,2020-05-18,2,77,0.025974025974026,0.0104887941677634,2.33599515797657
Genesee,2020-05-19T00:00:00.000,2,184,95,2441,2441,184,2020-05-19,2,95,0.0210526315789474,0.00989330404717017,2.33758661131027
Genesee,2020-05-20T00:00:00.000,4,188,145,2586,2586,188,2020-05-20,4,145,0.0275862068965517,0.00938891233144898,4.68310371012998
Genesee,2020-05-21T00:00:00.000,1,189,42,2628,2628,189,2020-05-21,1,42,0.0238095238095238,0.00896374767392192,1.17511310167747
Genesee,2020-05-22T00:00:00.000,2,191,271,2899,2899,191,2020-05-22,2,271,0.00738007380073801,0.00860762675383209,2.35798633384766
Genesee,2020-05-23T00:00:00.000,0,191,181,3080,3080,191,2020-05-23,0,181,0,0.00831178665863345,0
Genesee,2020-05-24T00:00:00.000,1,192,95,3175,3175,192,2020-05-24,1,95,0.0105263157894737,0.00806865008009868,1.18490201481948
Genesee,2020-05-25T00:00:00.000,1,193,58,3233,3233,193,2020-05-25,1,58,0.0172413793103448,0.00787162097917891,1.18657591878537
Genesee,2020-05-26T00:00:00.000,2,195,84,3317,3317,195,2020-05-26,2,84,0.0238095238095238,0.00771490812985139,2.37591434550276
Genesee,2020-05-27T00:00:00.000,2,197,177,3494,3494,197,2020-05-27,2,177,0.0112994350282486,0.0075933740081199,2.38112999616156
Genesee,2020-05-28T00:00:00.000,2,199,119,3613,3613,199,2020-05-28,2,119,0.0168067226890756,0.00750240673166138,2.38516845434928
Genesee,2020-05-29T00:00:00.000,1,200,135,3748,3748,200,2020-05-29,1,135,0.00740740740740741,0.00743781307566087,1.19398244953669
Genesee,2020-05-30T00:00:00.000,2,202,115,3863,3863,202,2020-05-30,2,115,0.0173913043478261,0.00739573092143239,2.40426322479187
Genesee,2020-05-31T00:00:00.000,0,202,82,3945,3945,202,2020-05-31,0,82,0,0.00737255978063968,0
Genesee,2020-06-01T00:00:00.000,0,202,145,4090,4090,202,2020-06-01,0,145,0,0.00736490824217122,0
Genesee,2020-06-02T00:00:00.000,0,202,264,4354,4354,202,2020-06-02,0,264,0,0.00736955728169444,0
Genesee,2020-06-03T00:00:00.000,3,205,326,4680,4680,205,2020-06-03,3,326,0.00920245398773006,0.00738343834773511,3.77113344463042
Genesee,2020-06-04T00:00:00.000,0,205,137,4817,4817,205,2020-06-04,0,137,0,0.00740362499376139,0
Genesee,2020-06-05T00:00:00.000,1,206,322,5139,5139,206,2020-06-05,1,322,0.0031055900621118,0.00742733657748746,1.26957389949359
Genesee,2020-06-06T00:00:00.000,2,208,153,5292,5292,208,2020-06-06,2,153,0.0130718954248366,0.00745195223107536,2.54810435861697
Genesee,2020-06-07T00:00:00.000,0,208,104,5396,5396,208,2020-06-07,0,104,0,0.00747503295899624,0
Genesee,2020-06-08T00:00:00.000,2,210,200,5596,5596,210,2020-06-08,2,200,0.01,0.00749434939448693,2.55930664383483
Genesee,2020-06-09T00:00:00.000,1,211,213,5809,5809,211,2020-06-09,1,213,0.00469483568075117,0.00750791249410708,1.28069242746411
Genesee,2020-06-10T00:00:00.000,1,212,234,6043,6043,212,2020-06-10,1,234,0.00427350427350427,0.00751400432354569,1.28051701238213
Genesee,2020-06-11T00:00:00.000,0,212,187,6230,6230,212,2020-06-11,0,187,0,0.00751120612188468,0
Genesee,2020-06-12T00:00:00.000,0,212,174,6404,6404,212,2020-06-12,0,174,0,0.00749842104880353,0
Genesee,2020-06-13T00:00:00.000,0,212,158,6562,6562,212,2020-06-13,0,158,0,0.00747488941994874,0
Genesee,2020-06-14T00:00:00.000,1,213,91,6653,6653,213,2020-06-14,1,91,0.010989010989011,0.00744019479606526,1.26740634620283
Genesee,2020-06-15T00:00:00.000,0,213,112,6765,6765,213,2020-06-15,0,112,0,0.00739425997000084,0
Genesee,2020-06-16T00:00:00.000,3,216,142,6907,6907,216,2020-06-16,3,142,0.0211267605633803,0.00733733263273676,3.76041417529913
Genesee,2020-06-17T00:00:00.000,1,217,169,7076,7076,217,2020-06-17,1,169,0.00591715976331361,0.00726996123029094,1.24475025922554
Genesee,2020-06-18T00:00:00.000,1,218,243,7319,7319,218,2020-06-18,1,243,0.00411522633744856,0.00719296218211036,1.2349300562685
Genesee,2020-06-19T00:00:00.000,4,222,189,7508,7508,222,2020-06-19,4,189,0.0211640211640212,0.00710738016134488,4.8963322107107
Genesee,2020-06-20T00:00:00.000,0,222,108,7616,7616,222,2020-06-20,0,108,0,0.00701444350010811,0
Genesee,2020-06-21T00:00:00.000,3,225,182,7798,7798,225,2020-06-21,3,182,0.0164835164835165,0.00691551695631094,3.60467825885766
Genesee,2020-06-22T00:00:00.000,4,229,196,7994,7994,229,2020-06-22,4,196,0.0204081632653061,0.0068120540652514,4.79952438385075
Genesee,2020-06-23T00:00:00.000,1,230,196,8190,8190,230,2020-06-23,1,196,0.00510204081632653,0.00670555111813447,1.19777179924485
Genesee,2020-06-24T00:00:00.000,1,231,220,8410,8410,231,2020-06-24,1,220,0.00454545454545455,0.00659750449706977,1.19526773200516
Genesee,2020-06-25T00:00:00.000,1,232,120,8530,8530,232,2020-06-25,1,120,0.00833333333333333,0.00648937269174705,1.19121003363112
Genesee,2020-06-26T00:00:00.000,5,237,154,8684,8684,237,2020-06-26,5,154,0.0324675324675325,0.00638254388014062,5.92379614984952
Genesee,2020-06-27T00:00:00.000,1,238,118,8802,8802,238,2020-06-27,1,118,0.00847457627118644,0.00627830950868641,1.17779207242745
Genesee,2020-06-28T00:00:00.000,0,238,109,8911,8911,238,2020-06-28,0,109,0,0.00617784390102849,0
Genesee,2020-06-29T00:00:00.000,0,238,416,9327,9327,238,2020-06-29,0,416,0,0.0060821895803445,0
Genesee,2020-06-30T00:00:00.000,0,238,249,9576,9576,238,2020-06-30,0,249,0,0.00599224772564468,0
Genesee,2020-07-01T00:00:00.000,0,238,112,9688,9688,238,2020-07-01,0,112,0,0.00590877300511215,0
Genesee,2020-07-02T00:00:00.000,1,239,129,9817,9817,239,2020-07-02,1,129,0.00775193798449612,0.00583237193526394,1.16543207495292
Genesee,2020-07-03T00:00:00.000,0,239,170,9987,9987,239,2020-07-03,0,170,0,0.00576350389562726,0
Genesee,2020-07-04T00:00:00.000,0,239,167,10154,10154,239,2020-07-04,0,167,0,0.0057024839748288,0
Genesee,2020-07-05T00:00:00.000,3,242,213,10367,10367,242,2020-07-05,3,213,0.0140845070422535,0.00564948691752549,3.45540301203163
Genesee,2020-07-06T00:00:00.000,0,242,412,10779,10779,242,2020-07-06,0,412,0,0.00560455157309236,0
Genesee,2020-07-07T00:00:00.000,2,244,178,10957,10957,244,2020-07-07,2,178,0.0112359550561798,0.00556758540067482,2.28864032860961
Genesee,2020-07-08T00:00:00.000,0,244,246,11203,11203,244,2020-07-08,0,246,0,0.00553836875093539,0
Genesee,2020-07-09T00:00:00.000,2,246,185,11388,11388,246,2020-07-09,2,185,0.0108108108108108,0.00551655881445602,2.27728967802428
Genesee,2020-07-10T00:00:00.000,1,247,114,11502,11502,247,2020-07-10,1,114,0.0087719298245614,0.00550169328994161,1.1357595028323
Genesee,2020-07-11T00:00:00.000,3,250,269,11771,11771,250,2020-07-11,3,269,0.0111524163568773,0.00549319397794159,3.39855712298636
Genesee,2020-07-12T00:00:00.000,0,250,99,11870,11870,250,2020-07-12,0,99,0,0.00549037063999183,0
Genesee,2020-07-13T00:00:00.000,2,252,196,12066,12066,252,2020-07-13,2,196,0.0102040816326531,0.00549242557149824,2.25397657774093
Genesee,2020-07-14T00:00:00.000,2,254,136,12202,12202,254,2020-07-14,2,136,0.0147058823529412,0.00549845941617023,2.24806748091941
Genesee,2020-07-15T00:00:00.000,0,254,270,12472,12472,254,2020-07-15,0,270,0,0.00550747878806466,0
Genesee,2020-07-16T00:00:00.000,0,254,212,12684,12684,254,2020-07-16,0,212,0,0.00551840626332866,0
Genesee,2020-07-17T00:00:00.000,2,256,173,12857,12857,256,2020-07-17,2,173,0.0115606936416185,0.00553009324639319,2.2415843595007
Genesee,2020-07-18T00:00:00.000,1,257,177,13034,13034,257,2020-07-18,1,177,0.00564971751412429,0.00554133610417371,1.12201152252805
Genesee,2020-07-19T00:00:00.000,1,258,189,13223,13223,258,2020-07-19,1,189,0.00529100529100529,0.00555089579383133,1.12269464369253
Genesee,2020-07-20T00:00:00.000,0,258,234,13457,13457,258,2020-07-20,0,234,0,0.00555752098974984,0
Genesee,2020-07-21T00:00:00.000,0,258,167,13624,13624,258,2020-07-21,0,167,0,0.00555997445077458,0
Genesee,2020-07-22T00:00:00.000,2,260,139,13763,13763,260,2020-07-22,2,139,0.0143884892086331,0.00555706207881713,2.2206412148652
Genesee,2020-07-23T00:00:00.000,1,261,288,14051,14051,261,2020-07-23,1,288,0.00347222222222222,0.00554766381983009,1.10223455176091
Genesee,2020-07-24T00:00:00.000,0,261,224,14275,14275,261,2020-07-24,0,224,0,0.00553076528151245,0
Genesee,2020-07-25T00:00:00.000,3,264,162,14437,14437,264,2020-07-25,3,162,0.0185185185185185,0.00550548871164519,3.26099334888395
Genesee,2020-07-26T00:00:00.000,2,266,128,14565,14565,266,2020-07-26,2,128,0.015625,0.00547112182942129,2.17564985805321
Genesee,2020-07-27T00:00:00.000,0,266,155,14720,14720,266,2020-07-27,0,155,0,0.00542714295329658,0
Genesee,2020-07-28T00:00:00.000,1,267,186,14906,14906,267,2020-07-28,1,186,0.00537634408602151,0.00537324093933549,1.08597811549797
Genesee,2020-07-29T00:00:00.000,3,270,306,15212,15212,270,2020-07-29,3,306,0.00980392156862745,0.00530932864011356,3.26013435867291
Genesee,2020-07-30T00:00:00.000,0,270,241,15453,15453,270,2020-07-30,0,241,0,0.00523554891076573,0
Genesee,2020-07-31T00:00:00.000,2,272,207,15660,15660,272,2020-07-31,2,207,0.00966183574879227,0.00515227260039073,2.18462581657815
Genesee,2020-08-01T00:00:00.000,0,272,125,15785,15785,272,2020-08-01,0,125,0,0.00506008844708939,0
Genesee,2020-08-02T00:00:00.000,1,273,93,15878,15878,273,2020-08-02,1,93,0.010752688172043,0.00495978529541437,1.09549640911916
Genesee,2020-08-03T00:00:00.000,0,273,213,16091,16091,273,2020-08-03,0,213,0,0.00485232753390673,0
Genesee,2020-08-04T00:00:00.000,1,274,293,16384,16384,274,2020-08-04,1,293,0.00341296928327645,0.0047388250624152,1.0931225933715
Genesee,2020-08-05T00:00:00.000,0,274,180,16564,16564,274,2020-08-05,0,180,0,0.00462049940607346,0
Genesee,2020-08-06T00:00:00.000,3,277,309,16873,16873,277,2020-08-06,3,309,0.00970873786407767,0.00449864776960652,3.26608233312913
Genesee,2020-08-07T00:00:00.000,0,277,168,17041,17041,277,2020-08-07,0,168,0,0.004374606863356,0
Genesee,2020-08-08T00:00:00.000,0,277,85,17126,17126,277,2020-08-08,0,85,0,0.00424971823173125,0
Genesee,2020-08-09T00:00:00.000,0,277,136,17262,17262,277,2020-08-09,0,136,0,0.00412529659625147,0
Genesee,2020-08-10T00:00:00.000,2,279,324,17586,17586,279,2020-08-10,2,324,0.00617283950617284,0.00400260241819695,2.15593909735222
Genesee,2020-08-11T00:00:00.000,1,280,188,17774,17774,280,2020-08-11,1,188,0.00531914893617021,0.00388281952207931,1.07458495160333
Genesee,2020-08-12T00:00:00.000,0,280,210,17984,17984,280,2020-08-12,0,210,0,0.00376703824070539,0
Genesee,2020-08-13T00:00:00.000,4,284,423,18407,18407,284,2020-08-13,4,423,0.00945626477541371,0.00365624417711322,4.26412886298223
Genesee,2020-08-14T00:00:00.000,0,284,158,18565,18565,284,2020-08-14,0,158,0,0.00355131235551591,0
Genesee,2020-08-15T00:00:00.000,1,285,244,18809,18809,285,2020-08-15,1,244,0.00409836065573771,0.00345300627206485,1.05864601156444
Genesee,2020-08-16T00:00:00.000,0,285,104,18913,18913,285,2020-08-16,0,104,0,0.0033619811674153,0
Genesee,2020-08-17T00:00:00.000,3,288,557,19470,19470,288,2020-08-17,3,557,0.00538599640933573,0.00327879072521935,3.16821496681384
Genesee,2020-08-18T00:00:00.000,1,289,367,19837,19837,289,2020-08-18,1,367,0.00272479564032698,0.00320389635226243,1.05611092042409
Genesee,2020-08-19T00:00:00.000,1,290,335,20172,20172,290,2020-08-19,1,335,0.00298507462686567,0.00313767820318992,1.05594456404337
Genesee,2020-08-20T00:00:00.000,0,290,383,20555,20555,290,2020-08-20,0,383,0,0.00308044716303967,0
Genesee,2020-08-21T00:00:00.000,0,290,228,20783,20783,290,2020-08-21,0,228,0,0.00303245708126584,0
Genesee,2020-08-22T00:00:00.000,0,290,150,20933,20933,290,2020-08-22,0,150,0,0.00299391664668992,0
Genesee,2020-08-23T00:00:00.000,0,290,110,21043,21043,290,2020-08-23,0,110,0,0.00296500039199459,0
Genesee,2020-08-24T00:00:00.000,1,291,162,21205,21205,291,2020-08-24,1,162,0.00617283950617284,0.00294585841339676,1.04992751205895
Genesee,2020-08-25T00:00:00.000,1,292,244,21449,21449,292,2020-08-25,1,244,0.00409836065573771,0.00293662447550439,1.04667445599147
Genesee,2020-08-26T00:00:00.000,0,292,211,21660,21660,292,2020-08-26,0,211,0,0.00293742224461823,0
Genesee,2020-08-27T00:00:00.000,1,293,316,21976,21976,293,2020-08-27,1,316,0.00316455696202532,0.00294836945215459,1.04449235450277
Genesee,2020-08-28T00:00:00.000,0,293,470,22446,22446,293,2020-08-28,0,470,0,0.00296957983756796,0
Genesee,2020-08-29T00:00:00.000,1,294,178,22624,22624,294,2020-08-29,1,178,0.00561797752808989,0.00300116275844869,1.0449117356695
Genesee,2020-08-30T00:00:00.000,1,295,169,22793,22793,295,2020-08-30,1,169,0.00591715976331361,0.00304322039185177,1.04567665424191
Genesee,2020-08-31T00:00:00.000,2,297,217,23010,23010,297,2020-08-31,2,217,0.00921658986175115,0.00309584248771043,2.09599004289998
Genesee,2020-09-01T00:00:00.000,0,297,201,23211,23211,297,2020-09-01,0,201,0,0.0031590986812546,0
Genesee,2020-09-02T00:00:00.000,1,298,188,23399,23399,298,2020-09-02,1,188,0.00531914893617021,0.00323302843010542,1.06276539313203
Genesee,2020-09-03T00:00:00.000,2,300,222,23621,23621,300,2020-09-03,2,222,0.00900900900900901,0.00331762871966772,2.14611522950486
Genesee,2020-09-04T00:00:00.000,0,300,231,23852,23852,300,2020-09-04,0,231,0,0.00341283977933666,0
Genesee,2020-09-05T00:00:00.000,1,301,116,23968,23968,301,2020-09-05,1,116,0.00862068965517241,0.00351852917497582,1.08765115120571
Genesee,2020-09-06T00:00:00.000,1,302,134,24102,24102,302,2020-09-06,1,134,0.00746268656716418,0.00363447478653699,1.09410154710953
Genesee,2020-09-07T00:00:00.000,1,303,138,24240,24240,303,2020-09-07,1,138,0.0072463768115942,0.00376034733963179,1.10041759418825
Genesee,2020-09-08T00:00:00.000,1,304,316,24556,24556,304,2020-09-08,1,316,0.00316455696202532,0.0038956933252694,1.10654691115357
Genesee,2020-09-09T00:00:00.000,2,306,175,24731,24731,306,2020-09-09,2,175,0.0114285714285714,0.00403991930081193,2.22489014770511
Genesee,2020-09-10T00:00:00.000,0,306,355,25086,25086,306,2020-09-10,0,355,0,0.0041922786966064,0
Genesee,2020-09-11T00:00:00.000,1,307,190,25276,25276,307,2020-09-11,1,190,0.00526315789473684,0.00435186233909003,1.12815097172785
Genesee,2020-09-12T00:00:00.000,0,307,189,25465,25465,307,2020-09-12,0,189,0,0.00451759391743419,0
Genesee,2020-09-13T00:00:00.000,0,307,126,25591,25591,307,2020-09-13,0,126,0,0.00468823154891906,0
Genesee,2020-09-14T00:00:00.000,0,307,332,25923,25923,307,2020-09-14,0,332,0,0.00486237642038898,0
Genesee,2020-09-15T00:00:00.000,0,307,225,26148,26148,307,2020-09-15,0,225,0,0.00503848919435531,0
Genesee,2020-09-16T00:00:00.000,2,309,201,26349,26349,309,2020-09-16,2,201,0.00995024875621891,0.00521491446981606,2.3549914084811
Genesee,2020-09-17T00:00:00.000,0,309,415,26764,26764,309,2020-09-17,0,415,0,0.00538991309909945,0
Genesee,2020-09-18T00:00:00.000,5,314,286,27050,27050,314,2020-09-18,5,286,0.0174825174825175,0.00556170161342426,5.96513459949009
Genesee,2020-09-19T00:00:00.000,0,314,209,27259,27259,314,2020-09-19,0,209,0,0.00572849744427019,0
Genesee,2020-09-20T00:00:00.000,2,316,86,27345,27345,316,2020-09-20,2,86,0.0232558139534884,0.00588856810095339,2.4083108196349
Genesee,2020-09-21T00:00:00.000,1,317,346,27691,27691,317,2020-09-21,1,346,0.00289017341040462,0.00604028202643536,1.20729274701002
Genesee,2020-09-22T00:00:00.000,0,317,239,27930,27930,317,2020-09-22,0,239,0,0.00618215856316445,0
Genesee,2020-09-23T00:00:00.000,0,317,269,28199,28199,317,2020-09-23,0,269,0,0.00631291434995504,0
Genesee,2020-09-24T00:00:00.000,0,317,396,28595,28595,317,2020-09-24,0,396,0,0.00643150356841159,0
Genesee,2020-09-25T00:00:00.000,2,319,275,28870,28870,319,2020-09-25,2,275,0.00727272727272727,0.0065371497607788,2.4314466246912
Genesee,2020-09-26T00:00:00.000,2,321,222,29092,29092,321,2020-09-26,2,222,0.00900900900900901,0.0066293674256473,2.43199646363265
Genesee,2020-09-27T00:00:00.000,0,321,95,29187,29187,321,2020-09-27,0,95,0,0.006707972222744,0
Genesee,2020-09-28T00:00:00.000,6,327,151,29338,29338,327,2020-09-28,6,151,0.0397350993377483,0.00677307932048966,7.26664029985981
Genesee,2020-09-29T00:00:00.000,3,330,485,29823,29823,330,2020-09-29,3,485,0.00618556701030928,0.00682509013132611,3.61715292941373
Genesee,2020-09-30T00:00:00.000,5,335,307,30130,30130,335,2020-09-30,5,307,0.0162866449511401,0.00686466833551298,5.99377175951201
Genesee,2020-10-01T00:00:00.000,1,336,376,30506,30506,336,2020-10-01,1,376,0.00265957446808511,0.00689270663092565,1.19028837998862
Genesee,2020-10-02T00:00:00.000,6,342,448,30954,30954,342,2020-10-02,6,448,0.0133928571428571,0.0069102860245995,7.1008387327056
Genesee,2020-10-03T00:00:00.000,2,344,245,31199,31199,344,2020-10-03,2,245,0.00816326530612245,0.00691862967749603,2.37164392465378
Genesee,2020-10-04T00:00:00.000,2,346,109,31308,31308,346,2020-10-04,2,109,0.018348623853211,0.00691905332295997,2.38438619644413
Genesee,2020-10-05T00:00:00.000,5,351,225,31533,31533,351,2020-10-05,5,225,0.0222222222222222,0.00691291412109065,5.9969218979907
Genesee,2020-10-06T00:00:00.000,1,352,281,31814,31814,352,2020-10-06,1,281,0.00355871886120996,0.00690155951730507,1.20653851746186
Genesee,2020-10-07T00:00:00.000,3,355,433,32247,32247,355,2020-10-07,3,433,0.0069284064665127,0.00688627728592234,3.64094587830581
Genesee,2020-10-08T00:00:00.000,3,358,678,32925,32925,358,2020-10-08,3,678,0.00442477876106195,0.00686824750771853,3.66213064858949
Genesee,2020-10-09T00:00:00.000,0,358,409,33334,33334,358,2020-10-09,0,409,0,0.00684849680201085,0
Genesee,2020-10-10T00:00:00.000,0,358,224,33558,33558,358,2020-10-10,0,224,0,0.00682785475393342,0
Genesee,2020-10-11T00:00:00.000,1,359,180,33738,33738,359,2020-10-11,1,180,0.00555555555555556,0.00680691218855854,1.24158655605007
Greene,2020-03-01T00:00:00.000,0,0,0,0,0,0,2020-03-01,0,0,0,0.0170401433683303,0
Greene,2020-03-02T00:00:00.000,0,0,0,0,0,0,2020-03-02,0,0,0,0.0183152899107715,0
Greene,2020-03-03T00:00:00.000,0,0,0,0,0,0,2020-03-03,0,0,0,0.019683654743593,0
Greene,2020-03-04T00:00:00.000,0,0,0,0,0,0,2020-03-04,0,0,0,0.0211512175591291,0
Greene,2020-03-05T00:00:00.000,0,0,0,0,0,0,2020-03-05,0,0,0,0.0227239698874574,0
Greene,2020-03-06T00:00:00.000,0,0,0,0,0,0,2020-03-06,0,0,0,0.0244078455240184,0
Greene,2020-03-07T00:00:00.000,0,0,0,0,0,0,2020-03-07,0,0,0,0.0262086412257119,0
Greene,2020-03-08T00:00:00.000,0,0,0,0,0,0,2020-03-08,0,0,0,0.0281319278162885,0
Greene,2020-03-09T00:00:00.000,0,0,0,0,0,0,2020-03-09,0,0,0,0.0301829521724483,0
Greene,2020-03-10T00:00:00.000,0,0,0,0,0,0,2020-03-10,0,0,0,0.0323665309293323,0
Greene,2020-03-11T00:00:00.000,0,0,3,3,3,0,2020-03-11,0,3,0,0.0346869371400702,0
Greene,2020-03-12T00:00:00.000,0,0,0,3,3,0,2020-03-12,0,0,0,0.0371477815303825,0
Greene,2020-03-13T00:00:00.000,0,0,1,4,4,0,2020-03-13,0,1,0,0.0397518903886118,0
Greene,2020-03-14T00:00:00.000,2,2,8,12,12,2,2020-03-14,2,8,0.25,0.0425011825026154,3.19309603888065
Greene,2020-03-15T00:00:00.000,0,2,3,15,15,2,2020-03-15,0,3,0,0.0453965478714666,0
Greene,2020-03-16T00:00:00.000,0,2,9,24,24,2,2020-03-16,0,9,0,0.0484377311626871,0
Greene,2020-03-17T00:00:00.000,0,2,8,32,32,2,2020-03-17,0,8,0,0.0516232230260046,0
Greene,2020-03-18T00:00:00.000,0,2,16,48,48,2,2020-03-18,0,16,0,0.0549501624012992,0
Greene,2020-03-19T00:00:00.000,0,2,21,69,69,2,2020-03-19,0,21,0,0.0584142528498872,0
Greene,2020-03-20T00:00:00.000,0,2,24,93,93,2,2020-03-20,0,24,0,0.062009695697259,0
Greene,2020-03-21T00:00:00.000,0,2,23,116,116,2,2020-03-21,0,23,0,0.0657291423965726,0
Greene,2020-03-22T00:00:00.000,2,4,32,148,148,4,2020-03-22,2,32,0.0625,0.0695636680245167,2.46783101055461
Greene,2020-03-23T00:00:00.000,0,4,8,156,156,4,2020-03-23,0,8,0,0.0735027672207422,0
Greene,2020-03-24T00:00:00.000,0,4,3,159,159,4,2020-03-24,0,3,0,0.077534373212452,0
Greene,2020-03-25T00:00:00.000,1,5,11,170,170,5,2020-03-25,1,11,0.0909090909090909,0.0816448998599907,1.15723926354537
Greene,2020-03-26T00:00:00.000,1,6,11,181,181,6,2020-03-26,1,11,0.0909090909090909,0.0858193059590643,1.14333548359727
Greene,2020-03-27T00:00:00.000,1,7,6,187,187,7,2020-03-27,1,6,0.166666666666667,0.0900411803803714,1.13120828392346
Greene,2020-03-28T00:00:00.000,0,7,6,193,193,7,2020-03-28,0,6,0,0.0942928460578534,0
Greene,2020-03-29T00:00:00.000,3,10,13,206,206,10,2020-03-29,3,13,0.230769230769231,0.0985554803814,3.37646664119699
Greene,2020-03-30T00:00:00.000,6,16,15,221,221,16,2020-03-30,6,15,0.4,0.102809249240612,6.79980290949468
Greene,2020-03-31T00:00:00.000,2,18,9,230,230,18,2020-03-31,2,9,0.222222222222222,0.107033451810692,2.2801681657096
Greene,2020-04-01T00:00:00.000,3,21,11,241,241,21,2020-04-01,3,11,0.272727272727273,0.111206673179753,3.43636595833191
Greene,2020-04-02T00:00:00.000,2,23,16,257,257,23,2020-04-02,2,16,0.125,0.115306942079279,2.26984219550096
Greene,2020-04-03T00:00:00.000,1,24,10,267,267,24,2020-04-03,1,10,0.1,0.119311891281821,1.12598950869088
Greene,2020-04-04T00:00:00.000,0,24,7,274,274,24,2020-04-04,0,7,0,0.123198918644141,0
Greene,2020-04-05T00:00:00.000,0,24,12,286,286,24,2020-04-05,0,12,0,0.126945347272669,0
Greene,2020-04-06T00:00:00.000,0,24,13,299,299,24,2020-04-06,0,13,0,0.13052858383447,0
Greene,2020-04-07T00:00:00.000,1,25,6,305,305,25,2020-04-07,1,6,0.166666666666667,0.133926274592099,1.14813467215262
Greene,2020-04-08T00:00:00.000,3,28,29,334,334,28,2020-04-08,3,29,0.103448275862069,0.137116459274386,3.47935808721918
Greene,2020-04-09T00:00:00.000,6,34,36,370,370,34,2020-04-09,6,36,0.166666666666667,0.140077723370112,7.02978713630875
Greene,2020-04-10T00:00:00.000,3,37,27,397,397,37,2020-04-10,3,27,0.111111111111111,0.142789349816118,3.55060770164784
Greene,2020-04-11T00:00:00.000,7,44,40,437,437,44,2020-04-11,7,40,0.175,0.145231471332432,8.37474824623039
Greene,2020-04-12T00:00:00.000,1,45,14,451,451,45,2020-04-12,1,14,0.0714285714285714,0.147385224795374,1.2144510885945
Greene,2020-04-13T00:00:00.000,21,66,93,544,544,66,2020-04-13,21,93,0.225806451612903,0.149232909045058,25.8738812844889
Greene,2020-04-14T00:00:00.000,7,73,25,569,569,73,2020-04-14,7,25,0.28,0.150758147362904,8.74338649657265
Greene,2020-04-15T00:00:00.000,1,74,16,585,585,74,2020-04-15,1,16,0.0625,0.151946055544891,1.26396163637778
Greene,2020-04-16T00:00:00.000,3,77,16,601,601,77,2020-04-16,3,16,0.1875,0.152783416017826,3.8268126034529
Greene,2020-04-17T00:00:00.000,5,82,28,629,629,82,2020-04-17,5,28,0.178571428571429,0.153258857820212,6.43047896264247
Greene,2020-04-18T00:00:00.000,3,85,24,653,653,85,2020-04-18,3,24,0.125,0.153363041494976,3.88562501569409
Greene,2020-04-19T00:00:00.000,1,86,8,661,661,86,2020-04-19,1,8,0.125,0.153088847037543,1.30297626305859
Greene,2020-04-20T00:00:00.000,1,87,16,677,677,87,2020-04-20,1,16,0.0625,0.152431562038665,1.30955779946044
Greene,2020-04-21T00:00:00.000,0,87,15,692,692,87,2020-04-21,0,15,0,0.151389066077372,0
Greene,2020-04-22T00:00:00.000,2,89,25,717,717,89,2020-04-22,2,25,0.08,0.149962006311265,2.63817718973176
Greene,2020-04-23T00:00:00.000,1,90,31,748,748,90,2020-04-23,1,31,0.032258064516129,0.148153958127432,1.32199921818909
Greene,2020-04-24T00:00:00.000,17,107,212,960,960,107,2020-04-24,17,212,0.080188679245283,0.145971563723437,22.5019515140793
Greene,2020-04-25T00:00:00.000,3,110,36,996,996,110,2020-04-25,3,36,0.0833333333333333,0.143424640675787,3.97200135114785
Greene,2020-04-26T00:00:00.000,1,111,25,1021,1021,111,2020-04-26,1,25,0.04,0.140526251999545,1.32277211234886
Greene,2020-04-27T00:00:00.000,1,112,20,1041,1041,112,2020-04-27,1,20,0.05,0.137292729020932,1.32003770771609
Greene,2020-04-28T00:00:00.000,2,114,24,1065,1065,114,2020-04-28,2,24,0.0833333333333333,0.133743638655933,2.63181699533117
Greene,2020-04-29T00:00:00.000,17,131,59,1124,1124,131,2020-04-29,17,59,0.288135593220339,0.129901687512052,22.3540561282128
Greene,2020-04-30T00:00:00.000,8,139,47,1171,1171,139,2020-04-30,8,47,0.170212765957447,0.125792556662061,10.5570377402129
Greene,2020-05-01T00:00:00.000,3,142,36,1207,1207,142,2020-05-01,3,36,0.0833333333333333,0.121444663006416,3.97135055679215
Greene,2020-05-02T00:00:00.000,9,151,32,1239,1239,151,2020-05-02,9,32,0.28125,0.116888845829788,11.9336442225739
Greene,2020-05-03T00:00:00.000,3,154,34,1273,1273,154,2020-05-03,3,34,0.0882352941176471,0.112157980375971,3.97586667603118
Greene,2020-05-04T00:00:00.000,12,166,36,1309,1309,166,2020-05-04,12,36,0.333333333333333,0.107286523874373,15.8650226535881
Greene,2020-05-05T00:00:00.000,22,188,84,1393,1393,188,2020-05-05,22,84,0.261904761904762,0.102310003238553,28.9703376781411
Greene,2020-05-06T00:00:00.000,10,198,55,1448,1448,198,2020-05-06,10,55,0.181818181818182,0.0972644573506597,13.1114582343689
Greene,2020-05-07T00:00:00.000,1,199,34,1482,1482,199,2020-05-07,1,34,0.0294117647058824,0.0921858501577829,1.30925212592379
Greene,2020-05-08T00:00:00.000,5,204,45,1527,1527,204,2020-05-08,5,45,0.111111111111111,0.0871094734209229,6.55509135118597
Greene,2020-05-09T00:00:00.000,2,206,44,1571,1571,206,2020-05-09,2,44,0.0454545454545455,0.0820693596056317,2.6243712683137
Greene,2020-05-10T00:00:00.000,0,206,14,1585,1585,206,2020-05-10,0,14,0,0.0770977258723216,0
Greene,2020-05-11T00:00:00.000,0,206,28,1613,1613,206,2020-05-11,0,28,0,0.0722244692972876,0
Greene,2020-05-12T00:00:00.000,0,206,41,1654,1654,206,2020-05-12,0,41,0,0.0674767313340093,0
Greene,2020-05-13T00:00:00.000,1,207,46,1700,1700,207,2020-05-13,1,46,0.0217391304347826,0.0628785462361379,1.32161545745511
Greene,2020-05-14T00:00:00.000,2,209,64,1764,1764,209,2020-05-14,2,64,0.03125,0.0584505839483363,2.6620170500712
Greene,2020-05-15T00:00:00.000,2,211,49,1813,1813,211,2020-05-15,2,49,0.0408163265306122,0.0542099931599924,2.67834341101266
Greene,2020-05-16T00:00:00.000,1,212,43,1856,1856,212,2020-05-16,1,43,0.0232558139534884,0.0501703451975638,1.34482346013865
Greene,2020-05-17T00:00:00.000,1,213,33,1889,1889,213,2020-05-17,1,33,0.0303030303030303,0.0463416745918542,1.34520300067755
Greene,2020-05-18T00:00:00.000,1,214,26,1915,1915,214,2020-05-18,1,26,0.0384615384615385,0.0427306078609742,1.34413624888602
Greene,2020-05-19T00:00:00.000,1,215,189,2104,2104,215,2020-05-19,1,189,0.00529100529100529,0.039340568576385,1.34179955369726
Greene,2020-05-20T00:00:00.000,0,215,44,2148,2148,215,2020-05-20,0,44,0,0.0361720443236763,0
Greene,2020-05-21T00:00:00.000,0,215,48,2196,2196,215,2020-05-21,0,48,0,0.0332228998034543,0
Greene,2020-05-22T00:00:00.000,2,217,69,2265,2265,217,2020-05-22,2,69,0.0289855072463768,0.0304887200203965,2.6758813968216
Greene,2020-05-23T00:00:00.000,3,220,55,2320,2320,220,2020-05-23,3,55,0.0545454545454545,0.0279631681639538,4.00432101451753
Greene,2020-05-24T00:00:00.000,5,225,35,2355,2355,225,2020-05-24,5,35,0.142857142857143,0.0256383442128186,6.65060801727748
Greene,2020-05-25T00:00:00.000,0,225,24,2379,2379,225,2020-05-25,0,24,0,0.0235051322845897,0
Greene,2020-05-26T00:00:00.000,6,231,108,2487,2487,231,2020-05-26,6,108,0.0555555555555556,0.0215535270736561,7.89897598656581
Greene,2020-05-27T00:00:00.000,5,236,107,2594,2594,236,2020-05-27,5,107,0.0467289719626168,0.0197729321671301,6.55068540791003
Greene,2020-05-28T00:00:00.000,1,237,92,2686,2686,237,2020-05-28,1,92,0.0108695652173913,0.0181524254168811,1.30275415438258
Greene,2020-05-29T00:00:00.000,1,238,110,2796,2796,238,2020-05-29,1,110,0.00909090909090909,0.016680988737761,1.29442113700277
Greene,2020-05-30T00:00:00.000,0,238,100,2896,2896,238,2020-05-30,0,100,0,0.0153477016012464,0
Greene,2020-05-31T00:00:00.000,1,239,79,2975,2975,239,2020-05-31,1,79,0.0126582278481013,0.0141418990469811,1.29772183007955
Greene,2020-06-01T00:00:00.000,2,241,119,3094,3094,241,2020-06-01,2,119,0.0168067226890756,0.0130532962251037,2.6059199657265
Greene,2020-06-02T00:00:00.000,0,241,153,3247,3247,241,2020-06-02,0,153,0,0.0120720823232051,0
Greene,2020-06-03T00:00:00.000,0,241,130,3377,3377,241,2020-06-03,0,130,0,0.0111889872556809,0
Greene,2020-06-04T00:00:00.000,1,242,134,3511,3511,242,2020-06-04,1,134,0.00746268656716418,0.0103953247465607,1.30768693857425
Greene,2020-06-05T00:00:00.000,4,246,181,3692,3692,246,2020-06-05,4,181,0.0220994475138122,0.00968301547184196,5.2147768491982
Greene,2020-06-06T00:00:00.000,0,246,117,3809,3809,246,2020-06-06,0,117,0,0.00904459379532096,0
Greene,2020-06-07T00:00:00.000,1,247,42,3851,3851,247,2020-06-07,1,42,0.0238095238095238,0.00847320138207686,1.29353962038195
Greene,2020-06-08T00:00:00.000,1,248,104,3955,3955,248,2020-06-08,1,104,0.00961538461538462,0.00796257064868666,1.28743189632335
Greene,2020-06-09T00:00:00.000,1,249,172,4127,4127,249,2020-06-09,1,172,0.00581395348837209,0.00750700064423455,1.28067687236732
Greene,2020-06-10T00:00:00.000,0,249,88,4215,4215,249,2020-06-10,0,88,0,0.00710132757896845,0
Greene,2020-06-11T00:00:00.000,0,249,82,4297,4297,249,2020-06-11,0,82,0,0.00674089184910533,0
Greene,2020-06-12T00:00:00.000,1,250,97,4394,4394,250,2020-06-12,1,97,0.0103092783505155,0.00642150306097963,1.25681549164801
Greene,2020-06-13T00:00:00.000,1,251,128,4522,4522,251,2020-06-13,1,128,0.0078125,0.00613940424450202,1.24774880961384
Greene,2020-06-14T00:00:00.000,0,251,110,4632,4632,251,2020-06-14,0,110,0,0.00589123616972166,0
Greene,2020-06-15T00:00:00.000,1,252,67,4699,4699,252,2020-06-15,1,67,0.0149253731343284,0.00567400244258645,1.22808207247872
Greene,2020-06-16T00:00:00.000,0,252,196,4895,4895,252,2020-06-16,0,196,0,0.0054850358561625,0
Greene,2020-06-17T00:00:00.000,0,252,73,4968,4968,252,2020-06-17,0,73,0,0.00532196630924452,0
Greene,2020-06-18T00:00:00.000,2,254,174,5142,5142,254,2020-06-18,2,174,0.0114942528735632,0.00518269047229394,2.39021576203533
Greene,2020-06-19T00:00:00.000,1,255,54,5196,5196,255,2020-06-19,1,54,0.0185185185185185,0.00506534327745521,1.18331622375134
Greene,2020-06-20T00:00:00.000,1,256,67,5263,5263,256,2020-06-20,1,67,0.0149253731343284,0.00496827123114154,1.17119908205474
Greene,2020-06-21T00:00:00.000,0,256,119,5382,5382,256,2020-06-21,0,119,0,0.00489000749096794,0
Greene,2020-06-22T00:00:00.000,0,256,110,5492,5492,256,2020-06-22,0,110,0,0.0048292486102626,0
Greene,2020-06-23T00:00:00.000,0,256,114,5606,5606,256,2020-06-23,0,114,0,0.00478483283018495,0
Greene,2020-06-24T00:00:00.000,1,257,158,5764,5764,257,2020-06-24,1,158,0.00632911392405063,0.00475571978901369,1.1567748864409
Greene,2020-06-25T00:00:00.000,0,257,126,5890,5890,257,2020-06-25,0,126,0,0.00474097151859967,0
Greene,2020-06-26T00:00:00.000,3,260,127,6017,6017,260,2020-06-26,3,127,0.0236220472440945,0.00473973460697525,3.45006579210901
Greene,2020-06-27T00:00:00.000,0,260,166,6183,6183,260,2020-06-27,0,166,0,0.00475122342280936,0
Greene,2020-06-28T00:00:00.000,0,260,58,6241,6241,260,2020-06-28,0,58,0,0.00477470431981218,0
Greene,2020-06-29T00:00:00.000,0,260,154,6395,6395,260,2020-06-29,0,154,0,0.00480948076643236,0
Greene,2020-06-30T00:00:00.000,0,260,72,6467,6467,260,2020-06-30,0,72,0,0.00485487937694303,0
Greene,2020-07-01T00:00:00.000,0,260,195,6662,6662,260,2020-07-01,0,195,0,0.0049102368528685,0
Greene,2020-07-02T00:00:00.000,3,263,99,6761,6761,263,2020-07-02,3,99,0.0303030303030303,0.00497488787743859,3.44113752732736
Greene,2020-07-03T00:00:00.000,0,263,106,6867,6867,263,2020-07-03,0,106,0,0.00504815403884187,0
Greene,2020-07-04T00:00:00.000,0,263,156,7023,7023,263,2020-07-04,0,156,0,0.00512933388862904,0
Greene,2020-07-05T00:00:00.000,0,263,115,7138,7138,263,2020-07-05,0,115,0,0.00521769426828289,0
Greene,2020-07-06T00:00:00.000,0,263,177,7315,7315,263,2020-07-06,0,177,0,0.00531246305749549,0
Greene,2020-07-07T00:00:00.000,0,263,151,7466,7466,263,2020-07-07,0,151,0,0.00541282351048529,0
Greene,2020-07-08T00:00:00.000,0,263,149,7615,7615,263,2020-07-08,0,149,0,0.00551791034999021,0
Greene,2020-07-09T00:00:00.000,1,264,329,7944,7944,264,2020-07-09,1,329,0.00303951367781155,0.00562680778076741,1.14090022209628
Greene,2020-07-10T00:00:00.000,1,265,143,8087,8087,265,2020-07-10,1,143,0.00699300699300699,0.00573854956472971,1.1405568978257
Greene,2020-07-11T00:00:00.000,1,266,55,8142,8142,266,2020-07-11,1,55,0.0181818181818182,0.00585212126745926,1.14004542839645
Greene,2020-07-12T00:00:00.000,0,266,56,8198,8198,266,2020-07-12,0,56,0,0.00596646474104199,0
Greene,2020-07-13T00:00:00.000,1,267,104,8302,8302,267,2020-07-13,1,104,0.00961538461538462,0.00608048485203343,1.13850988615923
Greene,2020-07-14T00:00:00.000,4,271,127,8429,8429,271,2020-07-14,4,127,0.031496062992126,0.00619305839724821,4.54994088606694
Greene,2020-07-15T00:00:00.000,0,271,133,8562,8562,271,2020-07-15,0,133,0,0.00630304507716212,0
Greene,2020-07-16T00:00:00.000,0,271,219,8781,8781,271,2020-07-16,0,219,0,0.00640930031969233,0
Greene,2020-07-17T00:00:00.000,0,271,147,8928,8928,271,2020-07-17,0,147,0,0.00651068967049367,0
Greene,2020-07-18T00:00:00.000,1,272,30,8958,8958,272,2020-07-18,1,30,0.0333333333333333,0.00660610439358111,1.141906147266
Greene,2020-07-19T00:00:00.000,0,272,51,9009,9009,272,2020-07-19,0,51,0,0.00669447786271197,0
Greene,2020-07-20T00:00:00.000,0,272,148,9157,9157,272,2020-07-20,0,148,0,0.00677480227359911,0
Greene,2020-07-21T00:00:00.000,0,272,110,9267,9267,272,2020-07-21,0,110,0,0.00684614517364117,0
Greene,2020-07-22T00:00:00.000,1,273,80,9347,9347,273,2020-07-22,1,80,0.0125,0.00690766529181618,1.13474167201338
Greene,2020-07-23T00:00:00.000,5,278,212,9559,9559,278,2020-07-23,5,212,0.0235849056603774,0.0069586271593175,5.63748459704964
Greene,2020-07-24T00:00:00.000,1,279,110,9669,9669,279,2020-07-24,1,110,0.00909090909090909,0.00699841404105992,1.11907828652693
Greene,2020-07-25T00:00:00.000,2,281,59,9728,9728,281,2020-07-25,2,59,0.0338983050847458,0.00702653874940744,2.22768207783498
Greene,2020-07-26T00:00:00.000,1,282,48,9776,9776,282,2020-07-26,1,48,0.0208333333333333,0.00704265198181498,1.11564234865456
Greene,2020-07-27T00:00:00.000,1,283,100,9876,9876,283,2020-07-27,1,100,0.01,0.00704654791040278,1.11635629068009
Greene,2020-07-28T00:00:00.000,2,285,78,9954,9954,285,2020-07-28,2,78,0.0256410256410256,0.00703816684963398,2.23137926690957
Greene,2020-07-29T00:00:00.000,2,287,146,10100,10100,287,2020-07-29,2,146,0.0136986301369863,0.00701759493327705,2.2349052133863
Greene,2020-07-30T00:00:00.000,2,289,213,10313,10313,289,2020-07-30,2,213,0.00938967136150235,0.00698506083816662,2.24320459592511
Greene,2020-07-31T00:00:00.000,0,289,189,10502,10502,289,2020-07-31,0,189,0,0.00694092969528305,0
Greene,2020-08-01T00:00:00.000,0,289,54,10556,10556,289,2020-08-01,0,54,0,0.0068856944225608,0
Greene,2020-08-02T00:00:00.000,0,289,76,10632,10632,289,2020-08-02,0,76,0,0.00681996479520135,0
Greene,2020-08-03T00:00:00.000,0,289,132,10764,10764,289,2020-08-03,0,132,0,0.00674445463423564,0
Greene,2020-08-04T00:00:00.000,0,289,163,10927,10927,289,2020-08-04,0,163,0,0.00665996754050328,0
Greene,2020-08-05T00:00:00.000,1,290,107,11034,11034,290,2020-08-05,1,107,0.00934579439252336,0.00656738162810496,1.13030985680009
Greene,2020-08-06T00:00:00.000,1,291,149,11183,11183,291,2020-08-06,1,149,0.00671140939597315,0.00646763371877948,1.12894352318467
Greene,2020-08-07T00:00:00.000,0,291,94,11277,11277,291,2020-08-07,0,94,0,0.00636170344731613,0
Greene,2020-08-08T00:00:00.000,1,292,83,11360,11360,292,2020-08-08,1,83,0.0120481927710843,0.00625059770056037,1.1251757865368
Greene,2020-08-09T00:00:00.000,1,293,61,11421,11421,293,2020-08-09,1,61,0.0163934426229508,0.00613533577115127,1.12441629732209
Greene,2020-08-10T00:00:00.000,1,294,151,11572,11572,294,2020-08-10,1,151,0.00662251655629139,0.00601693555491115,1.12281907850688
Greene,2020-08-11T00:00:00.000,1,295,136,11708,11708,295,2020-08-11,1,136,0.00735294117647059,0.00589640106165888,1.12043001765241
Greene,2020-08-12T00:00:00.000,1,296,89,11797,11797,296,2020-08-12,1,89,0.0112359550561798,0.00577471144598772,1.11730491212277
Greene,2020-08-13T00:00:00.000,0,296,208,12005,12005,296,2020-08-13,0,208,0,0.00565281170076862,0
Greene,2020-08-14T00:00:00.000,1,297,240,12245,12245,297,2020-08-14,1,240,0.00416666666666667,0.0055316050946336,1.10907770284964
Greene,2020-08-15T00:00:00.000,1,298,133,12378,12378,298,2020-08-15,1,133,0.0075187969924812,0.00541194737779565,1.10730276774129
Greene,2020-08-16T00:00:00.000,0,298,45,12423,12423,298,2020-08-16,0,45,0,0.00529464272997168,0
Greene,2020-08-17T00:00:00.000,2,300,269,12692,12692,300,2020-08-17,2,269,0.00743494423791822,0.00518044138165764,2.21099972625671
Greene,2020-08-18T00:00:00.000,0,300,235,12927,12927,300,2020-08-18,0,235,0,0.00507003880565247,0
Greene,2020-08-19T00:00:00.000,1,301,164,13091,13091,301,2020-08-19,1,164,0.00609756097560976,0.00496407635025968,1.10551368745049
Greene,2020-08-20T00:00:00.000,3,304,293,13384,13384,304,2020-08-20,3,293,0.0102389078498294,0.0048631431687195,3.31464203253905
Greene,2020-08-21T00:00:00.000,1,305,137,13521,13521,305,2020-08-21,1,137,0.0072992700729927,0.00476777929032454,1.10380025507782
Greene,2020-08-22T00:00:00.000,0,305,97,13618,13618,305,2020-08-22,0,97,0,0.00467847967678937,0
Greene,2020-08-23T00:00:00.000,0,305,49,13667,13667,305,2020-08-23,0,49,0,0.0045956991118644,0
Greene,2020-08-24T00:00:00.000,0,305,101,13768,13768,305,2020-08-24,0,101,0,0.00451985778126413,0
Greene,2020-08-25T00:00:00.000,1,306,101,13869,13869,306,2020-08-25,1,101,0.0099009900990099,0.0044513474134027,1.09112858408241
Greene,2020-08-26T00:00:00.000,0,306,182,14051,14051,306,2020-08-26,0,182,0,0.00439053786733115,0
Greene,2020-08-27T00:00:00.000,0,306,241,14292,14292,306,2020-08-27,0,241,0,0.00433778407221272,0
Greene,2020-08-28T00:00:00.000,1,307,228,14520,14520,307,2020-08-28,1,228,0.0043859649122807,0.00429343324134029,1.08314090384194
Greene,2020-08-29T00:00:00.000,0,307,147,14667,14667,307,2020-08-29,0,147,0,0.00425783230268832,0
Greene,2020-08-30T00:00:00.000,0,307,85,14752,14752,307,2020-08-30,0,85,0,0.00423133550617536,0
Greene,2020-08-31T00:00:00.000,2,309,138,14890,14890,309,2020-08-31,2,138,0.0144927536231884,0.00421431218519147,2.16164314469573
Greene,2020-09-01T00:00:00.000,1,310,107,14997,14997,310,2020-09-01,1,107,0.00934579439252336,0.00420715466560845,1.08350124804102
Greene,2020-09-02T00:00:00.000,0,310,186,15183,15183,310,2020-09-02,0,186,0,0.00421028632945498,0
Greene,2020-09-03T00:00:00.000,3,313,198,15381,15381,313,2020-09-03,3,198,0.0151515151515152,0.00422416985220698,3.29788611796502
Greene,2020-09-04T00:00:00.000,0,313,114,15495,15495,313,2020-09-04,0,114,0,0.00424931564223755,0
Greene,2020-09-05T00:00:00.000,1,314,105,15600,15600,314,2020-09-05,1,105,0.00952380952380952,0.00428629051796838,1.10933232605399
Greene,2020-09-06T00:00:00.000,0,314,41,15641,15641,314,2020-09-06,0,41,0,0.00433572666273787,0
Greene,2020-09-07T00:00:00.000,2,316,140,15781,15781,316,2020-09-07,2,140,0.0142857142857143,0.00439833089900317,2.235596983511
Greene,2020-09-08T00:00:00.000,0,316,123,15904,15904,316,2020-09-08,0,123,0,0.0044748943222113,0
Greene,2020-09-09T00:00:00.000,1,317,86,15990,15990,317,2020-09-09,1,86,0.0116279069767442,0.00456630233007535,1.12615397588899
Greene,2020-09-10T00:00:00.000,0,317,233,16223,16223,317,2020-09-10,0,233,0,0.00467354507517739,0
Greene,2020-09-11T00:00:00.000,0,317,136,16359,16359,317,2020-09-11,0,136,0,0.00479772835717041,0
Greene,2020-09-12T00:00:00.000,1,318,221,16580,16580,318,2020-09-12,1,221,0.00452488687782805,0.00494008495547184,1.14888952452298
Greene,2020-09-13T00:00:00.000,0,318,42,16622,16622,318,2020-09-13,0,42,0,0.00510198638376071,0
Greene,2020-09-14T00:00:00.000,0,318,127,16749,16749,318,2020-09-14,0,127,0,0.00528495502392684,0
Greene,2020-09-15T00:00:00.000,0,318,106,16855,16855,318,2020-09-15,0,106,0,0.00549067656910252,0
Greene,2020-09-16T00:00:00.000,1,319,215,17070,17070,319,2020-09-16,1,215,0.00465116279069767,0.00572101267356582,1.1884527048025
Greene,2020-09-17T00:00:00.000,0,319,200,17270,17270,319,2020-09-17,0,200,0,0.00597801367189559,0
Greene,2020-09-18T00:00:00.000,0,319,176,17446,17446,319,2020-09-18,0,176,0,0.00626393119185189,0
Greene,2020-09-19T00:00:00.000,0,319,123,17569,17569,319,2020-09-19,0,123,0,0.00658123044657948,0
Greene,2020-09-20T00:00:00.000,1,320,56,17625,17625,320,2020-09-20,1,56,0.0178571428571429,0.00693260195368332,1.22397119565287
Greene,2020-09-21T00:00:00.000,1,321,94,17719,17719,321,2020-09-21,1,94,0.0106382978723404,0.00732097239507326,1.23073271998914
Greene,2020-09-22T00:00:00.000,0,321,103,17822,17822,321,2020-09-22,0,103,0,0.00774951430516377,0
Greene,2020-09-23T00:00:00.000,0,321,184,18006,18006,321,2020-09-23,0,184,0,0.00822165426184806,0
Greene,2020-09-24T00:00:00.000,2,323,268,18274,18274,323,2020-09-24,2,268,0.00746268656716418,0.00874107925984955,2.50317682944454
Greene,2020-09-25T00:00:00.000,0,323,102,18376,18376,323,2020-09-25,0,102,0,0.00931174097676718,0
Greene,2020-09-26T00:00:00.000,0,323,114,18490,18490,323,2020-09-26,0,114,0,0.00993785770648263,0
Greene,2020-09-27T00:00:00.000,0,323,62,18552,18552,323,2020-09-27,0,62,0,0.0106239138406965,0
Greene,2020-09-28T00:00:00.000,0,323,78,18630,18630,323,2020-09-28,0,78,0,0.0113746569363293,0
Greene,2020-09-29T00:00:00.000,2,325,181,18811,18811,325,2020-09-29,2,181,0.0110497237569061,0.0121950926232372,2.55554352936147
Greene,2020-09-30T00:00:00.000,3,328,254,19065,19065,328,2020-09-30,3,254,0.0118110236220472,0.0130904778903869,3.8360569473239
Greene,2020-10-01T00:00:00.000,6,334,192,19257,19257,334,2020-10-01,6,192,0.03125,0.0140663136464734,7.66977271876288
Greene,2020-10-02T00:00:00.000,6,340,205,19462,19462,340,2020-10-02,6,205,0.0292682926829268,0.0151283378864069,7.6796100573446
Greene,2020-10-03T00:00:00.000,7,347,194,19656,19656,347,2020-10-03,7,194,0.0360824742268041,0.0162825213094513,9.04248269990272
Greene,2020-10-04T00:00:00.000,1,348,167,19823,19823,348,2020-10-04,1,167,0.00598802395209581,0.0175350678263074,1.30837633575195
Greene,2020-10-05T00:00:00.000,5,353,128,19951,19951,353,2020-10-05,5,128,0.0390625,0.0188924230552741,6.63118345119596
Greene,2020-10-06T00:00:00.000,13,366,198,20149,20149,366,2020-10-06,13,198,0.0656565656565657,0.0203612946337336,17.4771397218338
Greene,2020-10-07T00:00:00.000,6,372,283,20432,20432,372,2020-10-07,6,283,0.0212014134275618,0.0219486889513261,8.17686121801556
Greene,2020-10-08T00:00:00.000,5,377,266,20698,20698,377,2020-10-08,5,266,0.018796992481203,0.0236619697363153,6.90721666755079
Greene,2020-10-09T00:00:00.000,2,379,344,21042,21042,379,2020-10-09,2,344,0.00581395348837209,0.025508944792465,2.80052441594737
Greene,2020-10-10T00:00:00.000,4,383,211,21253,21253,383,2020-10-10,4,211,0.018957345971564,0.0274979880942651,5.67696189284117
Greene,2020-10-11T00:00:00.000,5,388,188,21441,21441,388,2020-10-11,5,188,0.0265957446808511,0.0296382054208082,7.19179304297748
Hamilton,2020-03-01T00:00:00.000,0,0,0,0,0,0,2020-03-01,0,0,0.5,0.997569878288791,0
Hamilton,2020-03-02T00:00:00.000,0,0,0,0,0,0,2020-03-02,0,0,0.5,0.99598981090657,0
Hamilton,2020-03-03T00:00:00.000,0,0,0,0,0,0,2020-03-03,0,0,0.5,0.993392120474363,0
Hamilton,2020-03-04T00:00:00.000,0,0,0,0,0,0,2020-03-04,0,0,0.5,0.989142646996044,0
Hamilton,2020-03-05T00:00:00.000,0,0,0,0,0,0,2020-03-05,0,0,0.5,0.982247491959531,0
Hamilton,2020-03-06T00:00:00.000,0,0,0,0,0,0,2020-03-06,0,0,0.5,0.971198150153341,0
Hamilton,2020-03-07T00:00:00.000,0,0,0,0,0,0,2020-03-07,0,0,0.5,0.95381391740669,0
Hamilton,2020-03-08T00:00:00.000,0,0,0,0,0,0,2020-03-08,0,0,0.5,0.927172468018062,0
Hamilton,2020-03-09T00:00:00.000,0,0,0,0,0,0,2020-03-09,0,0,0.5,0.887814304110256,0
Hamilton,2020-03-10T00:00:00.000,0,0,0,0,0,0,2020-03-10,0,0,0.5,0.832479453027411,0
Hamilton,2020-03-11T00:00:00.000,0,0,0,0,0,0,2020-03-11,0,0,0.5,0.759510633096796,0
Hamilton,2020-03-12T00:00:00.000,0,0,0,0,0,0,2020-03-12,0,0,0.5,0.670525664468915,0
Hamilton,2020-03-13T00:00:00.000,0,0,0,0,0,0,2020-03-13,0,0,0.5,0.571220760001692,0
Hamilton,2020-03-14T00:00:00.000,0,0,0,0,0,0,2020-03-14,0,0,0.5,0.470180182837394,0
Hamilton,2020-03-15T00:00:00.000,0,0,0,0,0,0,2020-03-15,0,0,0.5,0.376008455575695,0
Hamilton,2020-03-16T00:00:00.000,0,0,0,0,0,0,2020-03-16,0,0,0.5,0.294645618693292,0
Hamilton,2020-03-17T00:00:00.000,1,1,2,2,2,1,2020-03-17,1,2,0.5,0.228425688387674,1.66922323222539
Hamilton,2020-03-18T00:00:00.000,1,2,8,10,10,2,2020-03-18,1,8,0.125,0.176800686813123,1.56426699360167
Hamilton,2020-03-19T00:00:00.000,0,2,0,10,10,2,2020-03-19,0,0,0.0625,0.137674574335636,0
Hamilton,2020-03-20T00:00:00.000,0,2,1,11,11,2,2020-03-20,0,1,0,0.108507953787442,0
Hamilton,2020-03-21T00:00:00.000,0,2,0,11,11,2,2020-03-21,0,0,0,0.0869428215638783,0
Hamilton,2020-03-22T00:00:00.000,0,2,0,11,11,2,2020-03-22,0,0,0,0.0710439101312919,0
Hamilton,2020-03-23T00:00:00.000,0,2,2,13,13,2,2020-03-23,0,2,0,0.059325925278696,0
Hamilton,2020-03-24T00:00:00.000,0,2,1,14,14,2,2020-03-24,0,1,0,0.0506915631373144,0
Hamilton,2020-03-25T00:00:00.000,0,2,0,14,14,2,2020-03-25,0,0,0,0.0443476186646871,0
Hamilton,2020-03-26T00:00:00.000,0,2,0,14,14,2,2020-03-26,0,0,0,0.039727839772006,0
Hamilton,2020-03-27T00:00:00.000,0,2,0,14,14,2,2020-03-27,0,0,0,0.0364311807896034,0
Hamilton,2020-03-28T00:00:00.000,0,2,0,14,14,2,2020-03-28,0,0,0,0.0341755640696696,0
Hamilton,2020-03-29T00:00:00.000,0,2,0,14,14,2,2020-03-29,0,0,0,0.0327644105852775,0
Hamilton,2020-03-30T00:00:00.000,0,2,0,14,14,2,2020-03-30,0,0,0,0.0320627725410175,0
Hamilton,2020-03-31T00:00:00.000,0,2,0,14,14,2,2020-03-31,0,0,0,0.0319803175705682,0
Hamilton,2020-04-01T00:00:00.000,0,2,3,17,17,2,2020-04-01,0,3,0,0.0324590100090639,0
Hamilton,2020-04-02T00:00:00.000,0,2,0,17,17,2,2020-04-02,0,0,0.142857142857143,0.0334638725546894,0
Hamilton,2020-04-03T00:00:00.000,0,2,0,17,17,2,2020-04-03,0,0,0.285714285714286,0.0349756354869902,0
Hamilton,2020-04-04T00:00:00.000,0,2,0,17,17,2,2020-04-04,0,0,0.428571428571429,0.0369844037535024,0
Hamilton,2020-04-05T00:00:00.000,0,2,0,17,17,2,2020-04-05,0,0,0.571428571428571,0.0394837292986368,0
Hamilton,2020-04-06T00:00:00.000,0,2,0,17,17,2,2020-04-06,0,0,0.714285714285714,0.0424647035274914,0
Hamilton,2020-04-07T00:00:00.000,0,2,0,17,17,2,2020-04-07,0,0,0.857142857142857,0.0459099120401551,0
Hamilton,2020-04-08T00:00:00.000,1,3,1,18,18,3,2020-04-08,1,1,1,0.0497873363680102,1.04804710599323
Hamilton,2020-04-09T00:00:00.000,0,3,0,18,18,3,2020-04-09,0,0,0.5,0.0540445418794975,0
Hamilton,2020-04-10T00:00:00.000,0,3,1,19,19,3,2020-04-10,0,1,0,0.0586037310416318,0
Hamilton,2020-04-11T00:00:00.000,0,3,0,19,19,3,2020-04-11,0,0,0,0.0633584195599606,0
Hamilton,2020-04-12T00:00:00.000,0,3,1,20,20,3,2020-04-12,0,1,0,0.0681725520169643,0
Hamilton,2020-04-13T00:00:00.000,0,3,0,20,20,3,2020-04-13,0,0,0,0.0728827641563475,0
Hamilton,2020-04-14T00:00:00.000,0,3,0,20,20,3,2020-04-14,0,0,0,0.0773042033918829,0
Hamilton,2020-04-15T00:00:00.000,0,3,0,20,20,3,2020-04-15,0,0,0,0.0812398675888983,0
Hamilton,2020-04-16T00:00:00.000,0,3,6,26,26,3,2020-04-16,0,6,0,0.0844928934563756,0
Hamilton,2020-04-17T00:00:00.000,0,3,1,27,27,3,2020-04-17,0,1,0,0.0868807265237299,0
Hamilton,2020-04-18T00:00:00.000,0,3,1,28,28,3,2020-04-18,0,1,0,0.0882497362837302,0
Hamilton,2020-04-19T00:00:00.000,0,3,0,28,28,3,2020-04-19,0,0,0,0.0884886683938841,0
Hamilton,2020-04-20T00:00:00.000,0,3,0,28,28,3,2020-04-20,0,0,0,0.0875393681906532,0
Hamilton,2020-04-21T00:00:00.000,0,3,1,29,29,3,2020-04-21,0,1,0,0.0854034454170771,0
Hamilton,2020-04-22T00:00:00.000,0,3,0,29,29,3,2020-04-22,0,0,0,0.082143942388963,0
Hamilton,2020-04-23T00:00:00.000,0,3,0,29,29,3,2020-04-23,0,0,0,0.0778815831253102,0
Hamilton,2020-04-24T00:00:00.000,0,3,3,32,32,3,2020-04-24,0,3,0,0.0727857880925113,0
Hamilton,2020-04-25T00:00:00.000,0,3,1,33,33,3,2020-04-25,0,1,0,0.0670612915484599,0
Hamilton,2020-04-26T00:00:00.000,0,3,2,35,35,3,2020-04-26,0,2,0,0.06093181383398,0
Hamilton,2020-04-27T00:00:00.000,0,3,1,36,36,3,2020-04-27,0,1,0,0.0546226991652974,0
Hamilton,2020-04-28T00:00:00.000,0,3,2,38,38,3,2020-04-28,0,2,0,0.0483446029886063,0
Hamilton,2020-04-29T00:00:00.000,0,3,0,38,38,3,2020-04-29,0,0,0,0.0422801198185151,0
Hamilton,2020-04-30T00:00:00.000,0,3,2,40,40,3,2020-04-30,0,2,0,0.0365746963935179,0
Hamilton,2020-05-01T00:00:00.000,0,3,3,43,43,3,2020-05-01,0,3,0,0.0313323980039434,0
Hamilton,2020-05-02T00:00:00.000,0,3,1,44,44,3,2020-05-02,0,1,0,0.026616281687703,0
Hamilton,2020-05-03T00:00:00.000,0,3,2,46,46,3,2020-05-03,0,2,0,0.022452473465003,0
Hamilton,2020-05-04T00:00:00.000,0,3,1,47,47,3,2020-05-04,0,1,0,0.0188366754095003,0
Hamilton,2020-05-05T00:00:00.000,2,5,6,53,53,5,2020-05-05,2,6,0.333333333333333,0.0157417693913556,2.18410954573354
Hamilton,2020-05-06T00:00:00.000,0,5,0,53,53,5,2020-05-06,0,0,0.166666666666667,0.0131253761017396,0
Hamilton,2020-05-07T00:00:00.000,0,5,4,57,57,5,2020-05-07,0,4,0,0.0109365610533488,0
Hamilton,2020-05-08T00:00:00.000,0,5,3,60,60,5,2020-05-08,0,3,0,0.00912124279216337,0
Hamilton,2020-05-09T00:00:00.000,0,5,1,61,61,5,2020-05-09,0,1,0,0.00762617162389817,0
Hamilton,2020-05-10T00:00:00.000,0,5,0,61,61,5,2020-05-10,0,0,0,0.0064015695454241,0
Hamilton,2020-05-11T00:00:00.000,0,5,0,61,61,5,2020-05-11,0,0,0,0.00540264853226982,0
Hamilton,2020-05-12T00:00:00.000,0,5,6,67,67,5,2020-05-12,0,6,0,0.00459027136733701,0
Hamilton,2020-05-13T00:00:00.000,0,5,45,112,112,5,2020-05-13,0,45,0,0.00393101181507758,0
Hamilton,2020-05-14T00:00:00.000,0,5,10,122,122,5,2020-05-14,0,10,0,0.00339683336164854,0
Hamilton,2020-05-15T00:00:00.000,0,5,34,156,156,5,2020-05-15,0,34,0,0.00296455666843538,0
Hamilton,2020-05-16T00:00:00.000,0,5,139,295,295,5,2020-05-16,0,139,0,0.00261523740989648,0
Hamilton,2020-05-17T00:00:00.000,0,5,35,330,330,5,2020-05-17,0,35,0,0.00233353465451772,0
Hamilton,2020-05-18T00:00:00.000,0,5,2,332,332,5,2020-05-18,0,2,0,0.00210711766946452,0
Hamilton,2020-05-19T00:00:00.000,0,5,10,342,342,5,2020-05-19,0,10,0,0.00192613581169274,0
Hamilton,2020-05-20T00:00:00.000,0,5,12,354,354,5,2020-05-20,0,12,0,0.00178276061651678,0
Hamilton,2020-05-21T00:00:00.000,0,5,8,362,362,5,2020-05-21,0,8,0,0.00167079955295407,0
Hamilton,2020-05-22T00:00:00.000,0,5,38,400,400,5,2020-05-22,0,38,0,0.00158537549515872,0
Hamilton,2020-05-23T00:00:00.000,0,5,3,403,403,5,2020-05-23,0,3,0,0.00152266336889518,0
Hamilton,2020-05-24T00:00:00.000,0,5,3,406,406,5,2020-05-24,0,3,0,0.00147967461849992,0
Hamilton,2020-05-25T00:00:00.000,0,5,5,411,411,5,2020-05-25,0,5,0,0.00145408036141802,0
Hamilton,2020-05-26T00:00:00.000,0,5,1,412,412,5,2020-05-26,0,1,0,0.00144406487625753,0
Hamilton,2020-05-27T00:00:00.000,0,5,3,415,415,5,2020-05-27,0,3,0,0.00144820211374931,0
Hamilton,2020-05-28T00:00:00.000,0,5,4,419,419,5,2020-05-28,0,4,0,0.00146534908131185,0
Hamilton,2020-05-29T00:00:00.000,0,5,3,422,422,5,2020-05-29,0,3,0,0.00149455116915172,0
Hamilton,2020-05-30T00:00:00.000,0,5,22,444,444,5,2020-05-30,0,22,0,0.00153495575505055,0
Hamilton,2020-05-31T00:00:00.000,0,5,5,449,449,5,2020-05-31,0,5,0,0.00158573176373472,0
Hamilton,2020-06-01T00:00:00.000,0,5,1,450,450,5,2020-06-01,0,1,0,0.00164599428061202,0
Hamilton,2020-06-02T00:00:00.000,0,5,2,452,452,5,2020-06-02,0,2,0,0.00171473481400452,0
Hamilton,2020-06-03T00:00:00.000,0,5,74,526,526,5,2020-06-03,0,74,0,0.0017907593052755,0
Hamilton,2020-06-04T00:00:00.000,0,5,8,534,534,5,2020-06-04,0,8,0,0.00187263737916629,0
Hamilton,2020-06-05T00:00:00.000,0,5,7,541,541,5,2020-06-05,0,7,0,0.0019586674197948,0
Hamilton,2020-06-06T00:00:00.000,0,5,38,579,579,5,2020-06-06,0,38,0,0.00204686262017227,0
Hamilton,2020-06-07T00:00:00.000,0,5,8,587,587,5,2020-06-07,0,8,0,0.00213496294155225,0
Hamilton,2020-06-08T00:00:00.000,0,5,4,591,591,5,2020-06-08,0,4,0,0.00222047674038899,0
Hamilton,2020-06-09T00:00:00.000,0,5,7,598,598,5,2020-06-09,0,7,0,0.00230075360114951,0
Hamilton,2020-06-10T00:00:00.000,0,5,5,603,603,5,2020-06-10,0,5,0,0.00237308676361248,0
Hamilton,2020-06-11T00:00:00.000,0,5,13,616,616,5,2020-06-11,0,13,0,0.00243483978322978,0
Hamilton,2020-06-12T00:00:00.000,0,5,6,622,622,5,2020-06-12,0,6,0,0.00248358825502998,0
Hamilton,2020-06-13T00:00:00.000,1,6,27,649,649,6,2020-06-13,1,27,0.037037037037037,0.00251726424464484,1.14131998472331
Hamilton,2020-06-14T00:00:00.000,0,6,12,661,661,6,2020-06-14,0,12,0,0.00253428919053947,0
Hamilton,2020-06-15T00:00:00.000,0,6,1,662,662,6,2020-06-15,0,1,0,0.00253368100504819,0
Hamilton,2020-06-16T00:00:00.000,0,6,6,668,668,6,2020-06-16,0,6,0,0.00251512313967096,0
Hamilton,2020-06-17T00:00:00.000,0,6,12,680,680,6,2020-06-17,0,12,0,0.00247898733027677,0
Hamilton,2020-06-18T00:00:00.000,0,6,6,686,686,6,2020-06-18,0,6,0,0.00242630704200241,0
Hamilton,2020-06-19T00:00:00.000,0,6,4,690,690,6,2020-06-19,0,4,0,0.00235870443907637,0
Hamilton,2020-06-20T00:00:00.000,0,6,57,747,747,6,2020-06-20,0,57,0,0.00227827904895878,0
Hamilton,2020-06-21T00:00:00.000,0,6,8,755,755,6,2020-06-21,0,8,0,0.00218747030749361,0
Hamilton,2020-06-22T00:00:00.000,0,6,1,756,756,6,2020-06-22,0,1,0,0.00208890828426045,0
Hamilton,2020-06-23T00:00:00.000,0,6,7,763,763,6,2020-06-23,0,7,0,0.00198526690779905,0
Hamilton,2020-06-24T00:00:00.000,0,6,10,773,773,6,2020-06-24,0,10,0,0.00187913215153551,0
Hamilton,2020-06-25T00:00:00.000,0,6,2,775,775,6,2020-06-25,0,2,0,0.00177289442300046,0
Hamilton,2020-06-26T00:00:00.000,0,6,3,778,778,6,2020-06-26,0,3,0,0.00166867051126222,0
Hamilton,2020-06-27T00:00:00.000,0,6,35,813,813,6,2020-06-27,0,35,0,0.00156825657091615,0
Hamilton,2020-06-28T00:00:00.000,0,6,5,818,818,6,2020-06-28,0,5,0,0.00147311031591747,0
Hamilton,2020-06-29T00:00:00.000,0,6,6,824,824,6,2020-06-29,0,6,0,0.0013843582053232,0
Hamilton,2020-06-30T00:00:00.000,0,6,2,826,826,6,2020-06-30,0,2,0,0.0013028220469074,0
Hamilton,2020-07-01T00:00:00.000,0,6,10,836,836,6,2020-07-01,0,10,0,0.00122905905381542,0
Hamilton,2020-07-02T00:00:00.000,0,6,13,849,849,6,2020-07-02,0,13,0,0.0011634097645526,0
Hamilton,2020-07-03T00:00:00.000,0,6,52,901,901,6,2020-07-03,0,52,0,0.00110604912249545,0
Hamilton,2020-07-04T00:00:00.000,0,6,9,910,910,6,2020-07-04,0,9,0,0.00105703715581584,0
Hamilton,2020-07-05T00:00:00.000,0,6,8,918,918,6,2020-07-05,0,8,0,0.00101636689016808,0
Hamilton,2020-07-06T00:00:00.000,0,6,1,919,919,6,2020-07-06,0,1,0,0.00098400821846337,0
Hamilton,2020-07-07T00:00:00.000,0,6,5,924,924,6,2020-07-07,0,5,0,0.00095994735794122,0
Hamilton,2020-07-08T00:00:00.000,0,6,3,927,927,6,2020-07-08,0,3,0,0.000944222212835412,0
Hamilton,2020-07-09T00:00:00.000,0,6,11,938,938,6,2020-07-09,0,11,0,0.000936954437110326,0
Hamilton,2020-07-10T00:00:00.000,0,6,9,947,947,6,2020-07-10,0,9,0,0.000938379282037676,0
Hamilton,2020-07-11T00:00:00.000,0,6,3,950,950,6,2020-07-11,0,3,0,0.000948874453742787,0
Hamilton,2020-07-12T00:00:00.000,0,6,10,960,960,6,2020-07-12,0,10,0,0.000968989228369805,0
Hamilton,2020-07-13T00:00:00.000,0,6,16,976,976,6,2020-07-13,0,16,0,0.000999475000482889,0
Hamilton,2020-07-14T00:00:00.000,0,6,85,1061,1061,6,2020-07-14,0,85,0,0.00104131828600233,0
Hamilton,2020-07-15T00:00:00.000,0,6,8,1069,1069,6,2020-07-15,0,8,0,0.00109577695879732,0
Hamilton,2020-07-16T00:00:00.000,0,6,10,1079,1079,6,2020-07-16,0,10,0,0.00116442015407331,0
Hamilton,2020-07-17T00:00:00.000,0,6,9,1088,1088,6,2020-07-17,0,9,0,0.00124917178806536,0
Hamilton,2020-07-18T00:00:00.000,0,6,42,1130,1130,6,2020-07-18,0,42,0,0.00135235698059652,0
Hamilton,2020-07-19T00:00:00.000,0,6,3,1133,1133,6,2020-07-19,0,3,0,0.00147674977418768,0
Hamilton,2020-07-20T00:00:00.000,0,6,6,1139,1139,6,2020-07-20,0,6,0,0.00162561937242067,0
Hamilton,2020-07-21T00:00:00.000,0,6,6,1145,1145,6,2020-07-21,0,6,0,0.00180277063439453,0
Hamilton,2020-07-22T00:00:00.000,0,6,9,1154,1154,6,2020-07-22,0,9,0,0.00201257275890078,0
Hamilton,2020-07-23T00:00:00.000,1,7,23,1177,1177,7,2020-07-23,1,23,0.0434782608695652,0.00225996801806059,1.00756537954516
Hamilton,2020-07-24T00:00:00.000,0,7,11,1188,1188,7,2020-07-24,0,11,0,0.00255045019456594,0
Hamilton,2020-07-25T00:00:00.000,0,7,32,1220,1220,7,2020-07-25,0,32,0,0.0028900002858526,0
Hamilton,2020-07-26T00:00:00.000,0,7,37,1257,1257,7,2020-07-26,0,37,0,0.0032849654568206,0
Hamilton,2020-07-27T00:00:00.000,0,7,10,1267,1267,7,2020-07-27,0,10,0,0.00374186669289892,0
Hamilton,2020-07-28T00:00:00.000,0,7,2,1269,1269,7,2020-07-28,0,2,0,0.00426712179855879,0
Hamilton,2020-07-29T00:00:00.000,0,7,4,1273,1273,7,2020-07-29,0,4,0,0.00486667403147497,0
Hamilton,2020-07-30T00:00:00.000,0,7,8,1281,1281,7,2020-07-30,0,8,0,0.00554552341547827,0
Hamilton,2020-07-31T00:00:00.000,0,7,9,1290,1290,7,2020-07-31,0,9,0,0.00630716800838256,0
Hamilton,2020-08-01T00:00:00.000,0,7,8,1298,1298,7,2020-08-01,0,8,0,0.00715297598850238,0
Hamilton,2020-08-02T00:00:00.000,0,7,13,1311,1311,7,2020-08-02,0,13,0,0.00808152546953637,0
Hamilton,2020-08-03T00:00:00.000,0,7,56,1367,1367,7,2020-08-03,0,56,0,0.00908796566756035,0
Hamilton,2020-08-04T00:00:00.000,0,7,17,1384,1384,7,2020-08-04,0,17,0,0.0101634677411258,0
Hamilton,2020-08-05T00:00:00.000,1,8,16,1400,1400,8,2020-08-05,1,16,0.0625,0.011294843001244,1.19329084676186
Hamilton,2020-08-06T00:00:00.000,0,8,7,1407,1407,8,2020-08-06,0,7,0,0.012464406880073,0
Hamilton,2020-08-07T00:00:00.000,0,8,7,1414,1414,8,2020-08-07,0,7,0,0.0136501564338987,0
Hamilton,2020-08-08T00:00:00.000,0,8,43,1457,1457,8,2020-08-08,0,43,0,0.0148263061644334,0
Hamilton,2020-08-09T00:00:00.000,0,8,2,1459,1459,8,2020-08-09,0,2,0,0.0159641927595825,0
Hamilton,2020-08-10T00:00:00.000,0,8,5,1464,1464,8,2020-08-10,0,5,0,0.0170335176353251,0
Hamilton,2020-08-11T00:00:00.000,0,8,3,1467,1467,8,2020-08-11,0,3,0,0.0180038526240798,0
Hamilton,2020-08-12T00:00:00.000,0,8,8,1475,1475,8,2020-08-12,0,8,0,0.0188462956911148,0
Hamilton,2020-08-13T00:00:00.000,0,8,17,1492,1492,8,2020-08-13,0,17,0,0.0195351367927596,0
Hamilton,2020-08-14T00:00:00.000,0,8,6,1498,1498,8,2020-08-14,0,6,0,0.0200493839107746,0
Hamilton,2020-08-15T00:00:00.000,3,11,42,1540,1540,11,2020-08-15,3,42,0.0714285714285714,0.0203740081903141,3.79279990380229
Hamilton,2020-08-16T00:00:00.000,0,11,1,1541,1541,11,2020-08-16,0,1,0,0.0205007940790466,0
Hamilton,2020-08-17T00:00:00.000,0,11,6,1547,1547,11,2020-08-17,0,6,0,0.0204287214995688,0
Hamilton,2020-08-18T00:00:00.000,0,11,8,1555,1555,11,2020-08-18,0,8,0,0.0201638563961717,0
Hamilton,2020-08-19T00:00:00.000,1,12,46,1601,1601,12,2020-08-19,1,46,0.0217391304347826,0.0197187764072715,1.26901943974291
Hamilton,2020-08-20T00:00:00.000,0,12,6,1607,1607,12,2020-08-20,0,6,0,0.0191116031350442,0
Hamilton,2020-08-21T00:00:00.000,0,12,12,1619,1619,12,2020-08-21,0,12,0,0.0183647460484376,0
Hamilton,2020-08-22T00:00:00.000,0,12,10,1629,1629,12,2020-08-22,0,10,0,0.0175034820162803,0
Hamilton,2020-08-23T00:00:00.000,0,12,7,1636,1636,12,2020-08-23,0,7,0,0.0165544977795956,0
Hamilton,2020-08-24T00:00:00.000,1,13,14,1650,1650,13,2020-08-24,1,14,0.0714285714285714,0.0155445116496866,1.23992620134453
Hamilton,2020-08-25T00:00:00.000,0,13,6,1656,1656,13,2020-08-25,0,6,0,0.0144990684322398,0
Hamilton,2020-08-26T00:00:00.000,0,13,21,1677,1677,13,2020-08-26,0,21,0,0.0134415723806556,0
Hamilton,2020-08-27T00:00:00.000,1,14,45,1722,1722,14,2020-08-27,1,45,0.0222222222222222,0.0123925914709069,1.20576670760383
Hamilton,2020-08-28T00:00:00.000,0,14,19,1741,1741,14,2020-08-28,0,19,0,0.0113694367121359,0
Hamilton,2020-08-29T00:00:00.000,0,14,5,1746,1746,14,2020-08-29,0,5,0,0.0103859957480435,0
Hamilton,2020-08-30T00:00:00.000,0,14,7,1753,1753,14,2020-08-30,0,7,0,0.00945278258075969,0
Hamilton,2020-08-31T00:00:00.000,0,14,9,1762,1762,14,2020-08-31,0,9,0,0.00857715537044494,0
Hamilton,2020-09-01T00:00:00.000,0,14,7,1769,1769,14,2020-09-01,0,7,0,0.00776365136465917,0
Hamilton,2020-09-02T00:00:00.000,0,14,12,1781,1781,14,2020-09-02,0,12,0,0.00701439070174658,0
Hamilton,2020-09-03T00:00:00.000,0,14,33,1814,1814,14,2020-09-03,0,33,0,0.00632950738327103,0
Hamilton,2020-09-04T00:00:00.000,0,14,32,1846,1846,14,2020-09-04,0,32,0,0.00570757435468839,0
Hamilton,2020-09-05T00:00:00.000,0,14,15,1861,1861,14,2020-09-05,0,15,0,0.00514599886704726,0
Hamilton,2020-09-06T00:00:00.000,0,14,6,1867,1867,14,2020-09-06,0,6,0,0.00464137297391084,0
Hamilton,2020-09-07T00:00:00.000,0,14,9,1876,1876,14,2020-09-07,0,9,0,0.00418977143965833,0
Hamilton,2020-09-08T00:00:00.000,0,14,7,1883,1883,14,2020-09-08,0,7,0,0.00378699515397262,0
Hamilton,2020-09-09T00:00:00.000,0,14,8,1891,1891,14,2020-09-09,0,8,0,0.00342876232355322,0
Hamilton,2020-09-10T00:00:00.000,0,14,52,1943,1943,14,2020-09-10,0,52,0,0.00311085238841097,0
Hamilton,2020-09-11T00:00:00.000,0,14,14,1957,1957,14,2020-09-11,0,14,0,0.00282920905382587,0
Hamilton,2020-09-12T00:00:00.000,0,14,7,1964,1964,14,2020-09-12,0,7,0,0.00258000932701051,0
Hamilton,2020-09-13T00:00:00.000,0,14,3,1967,1967,14,2020-09-13,0,3,0,0.00235970528896059,0
Hamilton,2020-09-14T00:00:00.000,0,14,8,1975,1975,14,2020-09-14,0,8,0,0.00216504475713518,0
Hamilton,2020-09-15T00:00:00.000,0,14,5,1980,1980,14,2020-09-15,0,5,0,0.00199307620041394,0
Hamilton,2020-09-16T00:00:00.000,0,14,1,1981,1981,14,2020-09-16,0,1,0,0.00184114239206036,0
Hamilton,2020-09-17T00:00:00.000,0,14,10,1991,1991,14,2020-09-17,0,10,0,0.00170686642715387,0
Hamilton,2020-09-18T00:00:00.000,1,15,40,2031,2031,15,2020-09-18,1,40,0.025,0.00158813294470822,1.05249044147699
Hamilton,2020-09-19T00:00:00.000,0,15,11,2042,2042,15,2020-09-19,0,11,0,0.00148306671050255,0
Hamilton,2020-09-20T00:00:00.000,0,15,5,2047,2047,15,2020-09-20,0,5,0,0.00139001014690822,0
Hamilton,2020-09-21T00:00:00.000,0,15,13,2060,2060,15,2020-09-21,0,13,0,0.00130750093365606,0
Hamilton,2020-09-22T00:00:00.000,0,15,17,2077,2077,15,2020-09-22,0,17,0,0.00123425044396679,0
Hamilton,2020-09-23T00:00:00.000,0,15,9,2086,2086,15,2020-09-23,0,9,0,0.00116912350456991,0
Hamilton,2020-09-24T00:00:00.000,0,15,41,2127,2127,15,2020-09-24,0,41,0,0.00111111976542664,0
Hamilton,2020-09-25T00:00:00.000,0,15,12,2139,2139,15,2020-09-25,0,12,0,0.00105935681958467,0
Hamilton,2020-09-26T00:00:00.000,0,15,13,2152,2152,15,2020-09-26,0,13,0,0.00101305511252726,0
Hamilton,2020-09-27T00:00:00.000,0,15,5,2157,2157,15,2020-09-27,0,5,0,0.000971524614236996,0
Hamilton,2020-09-28T00:00:00.000,0,15,7,2164,2164,15,2020-09-28,0,7,0,0.000934153185800079,0
Hamilton,2020-09-29T00:00:00.000,0,15,9,2173,2173,15,2020-09-29,0,9,0,0.000900396548364939,0
Hamilton,2020-09-30T00:00:00.000,0,15,9,2182,2182,15,2020-09-30,0,9,0,0.000869769750949006,0
Hamilton,2020-10-01T00:00:00.000,0,15,10,2192,2192,15,2020-10-01,0,10,0,0.00084184002874663,0
Hamilton,2020-10-02T00:00:00.000,0,15,43,2235,2235,15,2020-10-02,0,43,0,0.000816220943069848,0
Hamilton,2020-10-03T00:00:00.000,0,15,12,2247,2247,15,2020-10-03,0,12,0,0.00079256769482532,0
Hamilton,2020-10-04T00:00:00.000,0,15,5,2252,2252,15,2020-10-04,0,5,0,0.000770573503332785,0
Hamilton,2020-10-05T00:00:00.000,0,15,9,2261,2261,15,2020-10-05,0,9,0,0.000749966940899076,0
Hamilton,2020-10-06T00:00:00.000,0,15,12,2273,2273,15,2020-10-06,0,12,0,0.000730510110194414,0
Hamilton,2020-10-07T00:00:00.000,0,15,8,2281,2281,15,2020-10-07,0,8,0,0.000711997546324679,0
Hamilton,2020-10-08T00:00:00.000,0,15,25,2306,2306,15,2020-10-08,0,25,0,0.000694255719689449,0
Hamilton,2020-10-09T00:00:00.000,0,15,25,2331,2331,15,2020-10-09,0,25,0,0.000677143010787956,0
Hamilton,2020-10-10T00:00:00.000,0,15,8,2339,2339,15,2020-10-10,0,8,0,0.000660550026013062,0
Hamilton,2020-10-11T00:00:00.000,0,15,10,2349,2349,15,2020-10-11,0,10,0,0.000644400127076583,0
Herkimer,2020-03-01T00:00:00.000,0,0,0,0,0,0,2020-03-01,0,0,1,0.370816440515786,0
Herkimer,2020-03-02T00:00:00.000,0,0,0,0,0,0,2020-03-02,0,0,1,0.358180265312261,0
Herkimer,2020-03-03T00:00:00.000,0,0,0,0,0,0,2020-03-03,0,0,1,0.345740025938237,0
Herkimer,2020-03-04T00:00:00.000,0,0,0,0,0,0,2020-03-04,0,0,1,0.333512427540936,0
Herkimer,2020-03-05T00:00:00.000,0,0,0,0,0,0,2020-03-05,0,0,1,0.321514232619408,0
Herkimer,2020-03-06T00:00:00.000,0,0,0,0,0,0,2020-03-06,0,0,1,0.30976193529519,0
Herkimer,2020-03-07T00:00:00.000,0,0,0,0,0,0,2020-03-07,0,0,1,0.298271453880067,0
Herkimer,2020-03-08T00:00:00.000,0,0,0,0,0,0,2020-03-08,0,0,1,0.287057848149361,0
Herkimer,2020-03-09T00:00:00.000,0,0,0,0,0,0,2020-03-09,0,0,1,0.276135066712139,0
Herkimer,2020-03-10T00:00:00.000,0,0,0,0,0,0,2020-03-10,0,0,1,0.265515728706678,0
Herkimer,2020-03-11T00:00:00.000,0,0,0,0,0,0,2020-03-11,0,0,1,0.255210942813418,0
Herkimer,2020-03-12T00:00:00.000,1,1,1,1,1,1,2020-03-12,1,1,1,0.245230165298063,2.14687395486338
Herkimer,2020-03-13T00:00:00.000,0,1,0,1,1,1,2020-03-13,0,0,0.5,0.235581097542237,0
Herkimer,2020-03-14T00:00:00.000,0,1,1,2,2,1,2020-03-14,0,1,0,0.226269622339565,0
Herkimer,2020-03-15T00:00:00.000,0,1,0,2,2,1,2020-03-15,0,0,0,0.217299777166168,0
Herkimer,2020-03-16T00:00:00.000,0,1,0,2,2,1,2020-03-16,0,0,0,0.208673761733026,0
Herkimer,2020-03-17T00:00:00.000,0,1,0,2,2,1,2020-03-17,0,0,0,0.200391976392985,0
Herkimer,2020-03-18T00:00:00.000,0,1,1,3,3,1,2020-03-18,0,1,0,0.192453087451223,0
Herkimer,2020-03-19T00:00:00.000,1,2,1,4,4,2,2020-03-19,1,1,1,0.184854115087039,1.51256841726777
Herkimer,2020-03-20T00:00:00.000,1,3,5,9,9,3,2020-03-20,1,5,0.2,0.177590539458282,1.45214764749178
Herkimer,2020-03-21T00:00:00.000,1,4,10,19,19,4,2020-03-21,1,10,0.1,0.170656420585874,1.39594252945053
Herkimer,2020-03-22T00:00:00.000,0,4,6,25,25,4,2020-03-22,0,6,0,0.164044527801892,0
Herkimer,2020-03-23T00:00:00.000,0,4,3,28,28,4,2020-03-23,0,3,0,0.157746474849584,0
Herkimer,2020-03-24T00:00:00.000,1,5,5,33,33,5,2020-03-24,1,5,0.2,0.151752857127998,1.25490535583271
Herkimer,2020-03-25T00:00:00.000,2,7,6,39,39,7,2020-03-25,2,6,0.333333333333333,0.146053388042362,2.4530783153549
Herkimer,2020-03-26T00:00:00.000,2,9,9,48,48,9,2020-03-26,2,9,0.222222222222222,0.140637031929567,2.40245436647276
Herkimer,2020-03-27T00:00:00.000,0,9,8,56,56,9,2020-03-27,0,8,0,0.135492131550846,0
Herkimer,2020-03-28T00:00:00.000,1,10,14,70,70,10,2020-03-28,1,14,0.0714285714285714,0.130606528660446,1.16034361414816
Herkimer,2020-03-29T00:00:00.000,2,12,8,78,78,12,2020-03-29,2,8,0.25,0.125967676648089,2.30690143025742
Herkimer,2020-03-30T00:00:00.000,0,12,1,79,79,12,2020-03-30,0,1,0,0.121562744709435,0
Herkimer,2020-03-31T00:00:00.000,0,12,4,83,83,12,2020-03-31,0,4,0,0.117378713402827,0
Herkimer,2020-04-01T00:00:00.000,2,14,9,92,92,14,2020-04-01,2,9,0.222222222222222,0.113402461803096,2.29539437192685
Herkimer,2020-04-02T00:00:00.000,0,14,19,111,111,14,2020-04-02,0,19,0,0.109620846756494,0
Herkimer,2020-04-03T00:00:00.000,4,18,27,138,138,18,2020-04-03,4,27,0.148148148148148,0.106020774974937,4.45107651334247
Herkimer,2020-04-04T00:00:00.000,4,22,46,184,184,22,2020-04-04,4,46,0.0869565217391304,0.10258926887991,4.42733279390074
Herkimer,2020-04-05T00:00:00.000,3,25,23,207,207,25,2020-04-05,3,23,0.130434782608696,0.0993135272205411,3.30151700358498
Herkimer,2020-04-06T00:00:00.000,2,27,19,226,226,27,2020-04-06,2,19,0.105263157894737,0.0961809815463195,2.20481313768656
Herkimer,2020-04-07T00:00:00.000,2,29,19,245,245,29,2020-04-07,2,19,0.105263157894737,0.0931793496129469,2.21446192019916
Herkimer,2020-04-08T00:00:00.000,3,32,44,289,289,32,2020-04-08,3,44,0.0681818181818182,0.0902966867463201,3.33700878592375
Herkimer,2020-04-09T00:00:00.000,4,36,23,312,312,36,2020-04-09,4,23,0.173913043478261,0.0875214360836742,4.47121395070553
Herkimer,2020-04-10T00:00:00.000,1,37,12,324,324,37,2020-04-10,1,12,0.0833333333333333,0.0848424784550598,1.12350029069834
Herkimer,2020-04-11T00:00:00.000,0,37,11,335,335,37,2020-04-11,0,11,0,0.0822491824724473,0
Herkimer,2020-04-12T00:00:00.000,1,38,29,364,364,38,2020-04-12,1,29,0.0344827586206897,0.0797314551516392,1.14208283076313
Herkimer,2020-04-13T00:00:00.000,1,39,26,390,390,39,2020-04-13,1,26,0.0384615384615385,0.0772797931236738,1.15361905525792
Herkimer,2020-04-14T00:00:00.000,1,40,9,399,399,40,2020-04-14,1,9,0.111111111111111,0.0748853341919022,1.16464410982415
Herkimer,2020-04-15T00:00:00.000,3,43,23,422,422,43,2020-04-15,3,23,0.130434782608696,0.0725399086806281,3.5216314573954
Herkimer,2020-04-16T00:00:00.000,3,46,30,452,452,46,2020-04-16,3,30,0.1,0.070236089702903,3.54067126595371
Herkimer,2020-04-17T00:00:00.000,1,47,18,470,470,47,2020-04-17,1,18,0.0555555555555556,0.067967241171782,1.18566151419413
Herkimer,2020-04-18T00:00:00.000,2,49,20,490,490,49,2020-04-18,2,20,0.1,0.0657275621019528,2.37997452556102
Herkimer,2020-04-19T00:00:00.000,0,49,23,513,513,49,2020-04-19,0,23,0,0.0635121255169228,0
Herkimer,2020-04-20T00:00:00.000,1,50,7,520,520,50,2020-04-20,1,7,0.142857142857143,0.0613169101117295,1.19557054708285
Herkimer,2020-04-21T00:00:00.000,3,53,34,554,554,53,2020-04-21,3,34,0.0882352941176471,0.0591388227357381,3.59089955519217
Herkimer,2020-04-22T00:00:00.000,1,54,25,579,579,54,2020-04-22,1,25,0.04,0.0569757097761992,1.19741533445256
Herkimer,2020-04-23T00:00:00.000,2,56,27,606,606,56,2020-04-23,2,27,0.0740740740740741,0.0548263556506822,2.39380519973465
Herkimer,2020-04-24T00:00:00.000,0,56,59,665,665,56,2020-04-24,0,59,0,0.0526904668625542,0
Herkimer,2020-04-25T00:00:00.000,1,57,31,696,696,57,2020-04-25,1,31,0.032258064516129,0.0505686404431757,1.19292704199872
Herkimer,2020-04-26T00:00:00.000,1,58,26,722,722,58,2020-04-26,1,26,0.0384615384615385,0.0484623160851326,1.18918576113183
Herkimer,2020-04-27T00:00:00.000,0,58,14,736,736,58,2020-04-27,0,14,0,0.0463737118524236,0
Herkimer,2020-04-28T00:00:00.000,0,58,28,764,764,58,2020-04-28,0,28,0,0.0443057440057726,0
Herkimer,2020-04-29T00:00:00.000,0,58,28,792,792,58,2020-04-29,0,28,0,0.0422619321755755,0
Herkimer,2020-04-30T00:00:00.000,2,60,28,820,820,60,2020-04-30,2,28,0.0714285714285714,0.0402462918084682,2.35499058691272
Herkimer,2020-05-01T00:00:00.000,1,61,15,835,835,61,2020-05-01,1,15,0.0666666666666667,0.0382632164623538,1.17938954592975
Herkimer,2020-05-02T00:00:00.000,1,62,29,864,864,62,2020-05-02,1,29,0.0344827586206897,0.0363173530859115,1.17968128179964
Herkimer,2020-05-03T00:00:00.000,1,63,41,905,905,63,2020-05-03,1,41,0.024390243902439,0.0344134738470381,1.17760703461052
Herkimer,2020-05-04T00:00:00.000,4,67,29,934,934,67,2020-05-04,4,29,0.137931034482759,0.0325563483374756,4.69384228547524
Herkimer,2020-05-05T00:00:00.000,1,68,66,1000,1000,68,2020-05-05,1,66,0.0151515151515152,0.0307506200531217,1.16768164748588
Herkimer,2020-05-06T00:00:00.000,6,74,65,1065,1065,74,2020-05-06,6,65,0.0923076923076923,0.0290006909180613,6.97023890693828
Herkimer,2020-05-07T00:00:00.000,2,76,55,1120,1120,76,2020-05-07,2,55,0.0363636363636364,0.0273106172923957,2.31856891268735
Herkimer,2020-05-08T00:00:00.000,1,77,43,1163,1163,77,2020-05-08,1,43,0.0232558139534884,0.025684020395189,1.16029522716199
Herkimer,2020-05-09T00:00:00.000,2,79,56,1219,1219,79,2020-05-09,2,56,0.0357142857142857,0.0241240134191276,2.32194605725141
Herkimer,2020-05-10T00:00:00.000,2,81,57,1276,1276,81,2020-05-10,2,57,0.0350877192982456,0.0226331468561782,2.32262570594362
Herkimer,2020-05-11T00:00:00.000,0,81,42,1318,1318,81,2020-05-11,0,42,0,0.0212133727441214,0
Herkimer,2020-05-12T00:00:00.000,3,84,61,1379,1379,84,2020-05-12,3,61,0.0491803278688525,0.0198660277354555,3.49126828658823
Herkimer,2020-05-13T00:00:00.000,2,86,54,1433,1433,86,2020-05-13,2,54,0.037037037037037,0.0185918341338265,2.34000658483591
Herkimer,2020-05-14T00:00:00.000,1,87,49,1482,1482,87,2020-05-14,1,49,0.0204081632653061,0.0173909173821837,1.17905537070116
Herkimer,2020-05-15T00:00:00.000,4,91,50,1532,1532,91,2020-05-15,4,50,0.08,0.0162628379548073,4.74906325687008
Herkimer,2020-05-16T00:00:00.000,0,91,157,1689,1689,91,2020-05-16,0,157,0,0.0152066352243735,0
Herkimer,2020-05-17T00:00:00.000,1,92,68,1757,1757,92,2020-05-17,1,68,0.0147058823529412,0.0142208806523682,1.19531757270447
Herkimer,2020-05-18T00:00:00.000,0,92,65,1822,1822,92,2020-05-18,0,65,0,0.0133037375840497,0
Herkimer,2020-05-19T00:00:00.000,1,93,95,1917,1917,93,2020-05-19,1,95,0.0105263157894737,0.0124530250014908,1.19599968661198
Herkimer,2020-05-20T00:00:00.000,0,93,60,1977,1977,93,2020-05-20,0,60,0,0.0116662827794708,0
Herkimer,2020-05-21T00:00:00.000,2,95,77,2054,2054,95,2020-05-21,2,77,0.025974025974026,0.0109408362697713,2.39753940414361
Herkimer,2020-05-22T00:00:00.000,5,100,212,2266,2266,100,2020-05-22,5,212,0.0235849056603774,0.0102738583814412,6.00020802155821
Herkimer,2020-05-23T00:00:00.000,1,101,143,2409,2409,101,2020-05-23,1,143,0.00699300699300699,0.00966242769841908,1.20021104719488
Herkimer,2020-05-24T00:00:00.000,2,103,237,2646,2646,103,2020-05-24,2,237,0.00843881856540084,0.00910358155508449,2.39857649900897
Herkimer,2020-05-25T00:00:00.000,0,103,45,2691,2691,103,2020-05-25,0,45,0,0.00859436335371382,0
Herkimer,2020-05-26T00:00:00.000,2,105,328,3019,3019,105,2020-05-26,2,328,0.00609756097560976,0.00813186373759385,2.38845307428269
Herkimer,2020-05-27T00:00:00.000,1,106,442,3461,3461,106,2020-05-27,1,442,0.00226244343891403,0.00771325551933883,1.19243139846436
Herkimer,2020-05-28T00:00:00.000,1,107,154,3615,3615,107,2020-05-28,1,154,0.00649350649350649,0.00733582249833587,1.18990936367917
Herkimer,2020-05-29T00:00:00.000,0,107,332,3947,3947,107,2020-05-29,0,332,0,0.00699698248281619,0
Herkimer,2020-05-30T00:00:00.000,1,108,309,4256,4256,108,2020-05-30,1,309,0.00323624595469256,0.0066943049619961,1.19021236290931
Herkimer,2020-05-31T00:00:00.000,1,109,131,4387,4387,109,2020-05-31,1,131,0.00763358778625954,0.0064255239562744,1.19928303930639
Herkimer,2020-06-01T00:00:00.000,2,111,186,4573,4573,111,2020-06-01,2,186,0.010752688172043,0.00618854661423899,2.41851018463771
Herkimer,2020-06-02T00:00:00.000,2,113,522,5095,5095,113,2020-06-02,2,522,0.00383141762452107,0.00598145813120301,2.43713871618171
Herkimer,2020-06-03T00:00:00.000,0,113,398,5493,5493,113,2020-06-03,0,398,0,0.00580252354174708,0
Herkimer,2020-06-04T00:00:00.000,2,115,334,5827,5827,115,2020-06-04,2,334,0.00598802395209581,0.00565018689503474,2.4606863314113
Herkimer,2020-06-05T00:00:00.000,7,122,523,6350,6350,122,2020-06-05,7,523,0.0133843212237094,0.00552306826268644,8.62761498385136
Herkimer,2020-06-06T00:00:00.000,1,123,357,6707,6707,123,2020-06-06,1,357,0.00280112044817927,0.00541995895967047,1.23412687158048
Herkimer,2020-06-07T00:00:00.000,1,124,377,7084,7084,124,2020-06-07,1,377,0.0026525198938992,0.00533981528356903,1.2351724775054
Herkimer,2020-06-08T00:00:00.000,1,125,308,7392,7392,125,2020-06-08,1,308,0.00324675324675325,0.00528175100026468,1.23565356669373
Herkimer,2020-06-09T00:00:00.000,0,125,245,7637,7637,125,2020-06-09,0,245,0,0.00524502872740289,0
Herkimer,2020-06-10T00:00:00.000,0,125,295,7932,7932,125,2020-06-10,0,295,0,0.00522905029314651,0
Herkimer,2020-06-11T00:00:00.000,2,127,439,8371,8371,127,2020-06-11,2,439,0.00455580865603645,0.0052333460788722,2.46742556079893
Herkimer,2020-06-12T00:00:00.000,1,128,280,8651,8651,128,2020-06-12,1,280,0.00357142857142857,0.00525756329223574,1.23193078145734
Herkimer,2020-06-13T00:00:00.000,0,128,275,8926,8926,128,2020-06-13,0,275,0,0.00530145306320653,0
Herkimer,2020-06-14T00:00:00.000,0,128,119,9045,9045,128,2020-06-14,0,119,0,0.0053648562122611,0
Herkimer,2020-06-15T00:00:00.000,0,128,297,9342,9342,128,2020-06-15,0,297,0,0.00544768750904554,0
Herkimer,2020-06-16T00:00:00.000,0,128,208,9550,9550,128,2020-06-16,0,208,0,0.00554991822407633,0
Herkimer,2020-06-17T00:00:00.000,0,128,236,9786,9786,128,2020-06-17,0,236,0,0.00567155677825043,0
Herkimer,2020-06-18T00:00:00.000,3,131,265,10051,10051,131,2020-06-18,3,265,0.0113207547169811,0.00581262731817816,3.62668708465535
Herkimer,2020-06-19T00:00:00.000,3,134,334,10385,10385,134,2020-06-19,3,334,0.00898203592814371,0.00597314609285194,3.60895526733634
Herkimer,2020-06-20T00:00:00.000,2,136,405,10790,10790,136,2020-06-20,2,405,0.00493827160493827,0.00615309558165935,2.39303778192695
Herkimer,2020-06-21T00:00:00.000,1,137,232,11022,11022,137,2020-06-21,1,232,0.00431034482758621,0.00635239642759771,1.19139712203125
Herkimer,2020-06-22T00:00:00.000,0,137,146,11168,11168,137,2020-06-22,0,146,0,0.00657087736367821,0
Herkimer,2020-06-23T00:00:00.000,5,142,184,11352,11352,142,2020-06-23,5,184,0.0271739130434783,0.00680824348423179,5.99796805201437
Herkimer,2020-06-24T00:00:00.000,1,143,146,11498,11498,143,2020-06-24,1,146,0.00684931506849315,0.00706404340288226,1.20346249858142
Herkimer,2020-06-25T00:00:00.000,6,149,161,11659,11659,149,2020-06-25,6,161,0.0372670807453416,0.00733763604951489,7.23560646639593
Herkimer,2020-06-26T00:00:00.000,5,154,302,11961,11961,154,2020-06-26,5,302,0.0165562913907285,0.00762815807947453,6.03035240814228
Herkimer,2020-06-27T00:00:00.000,4,158,495,12456,12456,158,2020-06-27,4,495,0.00808080808080808,0.0079344930870117,4.82276682232354
Herkimer,2020-06-28T00:00:00.000,1,159,189,12645,12645,159,2020-06-28,1,189,0.00529100529100529,0.00825524401420553,1.20484087555623
Herkimer,2020-06-29T00:00:00.000,0,159,155,12800,12800,159,2020-06-29,0,155,0,0.00858871030696534,0
Herkimer,2020-06-30T00:00:00.000,3,162,212,13012,13012,162,2020-06-30,3,212,0.0141509433962264,0.00893287146973532,3.63326063983336
Herkimer,2020-07-01T00:00:00.000,2,164,201,13213,13213,164,2020-07-01,2,201,0.00995024875621891,0.00928537868841348,2.43806284093791
Herkimer,2020-07-02T00:00:00.000,8,172,96,13309,13309,172,2020-07-02,8,96,0.0833333333333333,0.00964355610743137,9.80429010900207
Herkimer,2020-07-03T00:00:00.000,0,172,140,13449,13449,172,2020-07-03,0,140,0,0.010004413146914,0
Herkimer,2020-07-04T00:00:00.000,1,173,371,13820,13820,173,2020-07-04,1,371,0.00269541778975741,0.0103646689211465,1.22772070474546
Herkimer,2020-07-05T00:00:00.000,6,179,381,14201,14201,179,2020-07-05,6,381,0.015748031496063,0.0107207893723617,7.36801461736726
Herkimer,2020-07-06T00:00:00.000,2,181,210,14411,14411,181,2020-07-06,2,210,0.00952380952380952,0.0110690371762881,2.45574848861018
Herkimer,2020-07-07T00:00:00.000,0,181,182,14593,14593,181,2020-07-07,0,182,0,0.0114055338330426,0
Herkimer,2020-07-08T00:00:00.000,1,182,240,14833,14833,182,2020-07-08,1,240,0.00416666666666667,0.0117263326648464,1.23042325815237
Herkimer,2020-07-09T00:00:00.000,2,184,250,15083,15083,184,2020-07-09,2,250,0.008,0.0120275007460314,2.46189196926065
Herkimer,2020-07-10T00:00:00.000,4,188,213,15296,15296,188,2020-07-10,4,213,0.0187793427230047,0.0123052071431159,4.92385920334214
Herkimer,2020-07-11T00:00:00.000,4,192,270,15566,15566,192,2020-07-11,4,270,0.0148148148148148,0.0125558142963303,4.9219285556398
Herkimer,2020-07-12T00:00:00.000,1,193,210,15776,15776,193,2020-07-12,1,210,0.00476190476190476,0.0127759689790727,1.22950401153007
Herkimer,2020-07-13T00:00:00.000,2,195,327,16103,16103,195,2020-07-13,2,327,0.00611620795107034,0.0129626890697674,2.45607990079916
Herkimer,2020-07-14T00:00:00.000,2,197,322,16425,16425,197,2020-07-14,2,322,0.0062111801242236,0.0131134423883883,2.45220578313553
Herkimer,2020-07-15T00:00:00.000,5,202,134,16559,16559,202,2020-07-15,5,134,0.0373134328358209,0.013226214099075,6.11854504738274
Herkimer,2020-07-16T00:00:00.000,2,204,263,16822,16822,204,2020-07-16,2,263,0.00760456273764259,0.0132995596510883,2.4439717260386
Herkimer,2020-07-17T00:00:00.000,0,204,203,17025,17025,204,2020-07-17,0,203,0,0.0133326408964345,0
Herkimer,2020-07-18T00:00:00.000,2,206,70,17095,17095,206,2020-07-18,2,70,0.0285714285714286,0.0133252438389185,2.44981550978474
Herkimer,2020-07-19T00:00:00.000,0,206,92,17187,17187,206,2020-07-19,0,92,0,0.0132777773795858,0
Herkimer,2020-07-20T00:00:00.000,2,208,200,17387,17387,208,2020-07-20,2,200,0.01,0.0131912533627865,2.44682540332199
Herkimer,2020-07-21T00:00:00.000,3,211,291,17678,17678,211,2020-07-21,3,291,0.0103092783505155,0.0130672491299907,3.65000311907282
Herkimer,2020-07-22T00:00:00.000,2,213,248,17926,17926,213,2020-07-22,2,248,0.00806451612903226,0.0129078545929613,2.41590180127086
Herkimer,2020-07-23T00:00:00.000,10,223,302,18228,18228,223,2020-07-23,10,302,0.033112582781457,0.0127156064940573,11.9755843795821
Herkimer,2020-07-24T00:00:00.000,1,224,283,18511,18511,224,2020-07-24,1,283,0.00353356890459364,0.0124934129907674,1.18584688085024
Herkimer,2020-07-25T00:00:00.000,6,230,242,18753,18753,230,2020-07-25,6,242,0.0247933884297521,0.0122444719650295,7.06470980481955
Herkimer,2020-07-26T00:00:00.000,4,234,233,18986,18986,234,2020-07-26,4,233,0.0171673819742489,0.0119721865116081,4.70574844307013
Herkimer,2020-07-27T00:00:00.000,2,236,145,19131,19131,236,2020-07-27,2,145,0.0137931034482759,0.0116800809172549,2.3484415949551
Herkimer,2020-07-28T00:00:00.000,0,236,178,19309,19309,236,2020-07-28,0,178,0,0.0113717201305363,0
Herkimer,2020-07-29T00:00:00.000,3,239,259,19568,19568,239,2020-07-29,3,259,0.0115830115830116,0.0110506352779434,3.50808625111736
Herkimer,2020-07-30T00:00:00.000,0,239,200,19768,19768,239,2020-07-30,0,200,0,0.0107202572475721,0
Herkimer,2020-07-31T00:00:00.000,1,240,244,20012,20012,240,2020-07-31,1,244,0.00409836065573771,0.0103838597823578,1.17160998456215
Herkimer,2020-08-01T00:00:00.000,1,241,316,20328,20328,241,2020-08-01,1,316,0.00316455696202532,0.0100445129412646,1.17210254999683
Herkimer,2020-08-02T00:00:00.000,5,246,278,20606,20606,246,2020-08-02,5,278,0.0179856115107914,0.00970504723648329,5.85779866022544
Herkimer,2020-08-03T00:00:00.000,16,262,410,21016,21016,262,2020-08-03,16,410,0.0390243902439024,0.00936802826557043,18.7044572290719
Herkimer,2020-08-04T00:00:00.000,2,264,265,21281,21281,264,2020-08-04,2,265,0.00754716981132075,0.00903574124973218,2.3319980195298
Herkimer,2020-08-05T00:00:00.000,4,268,214,21495,21495,268,2020-08-05,4,214,0.0186915887850467,0.00871018457426837,4.65072881688752
Herkimer,2020-08-06T00:00:00.000,2,270,218,21713,21713,270,2020-08-06,2,218,0.00917431192660551,0.00839307120739211,2.31750009768571
Herkimer,2020-08-07T00:00:00.000,3,273,312,22025,22025,273,2020-08-07,3,312,0.00961538461538462,0.0080858367447519,3.46063198993409
Herkimer,2020-08-08T00:00:00.000,1,274,378,22403,22403,274,2020-08-08,1,378,0.00264550264550265,0.00778965278021869,1.15021766417577
Herkimer,2020-08-09T00:00:00.000,0,274,279,22682,22682,274,2020-08-09,0,279,0,0.00750544432558073,0
Herkimer,2020-08-10T00:00:00.000,3,277,322,23004,23004,277,2020-08-10,3,322,0.0093167701863354,0.00723391007789922,3.43107975034855
Herkimer,2020-08-11T00:00:00.000,0,277,248,23252,23252,277,2020-08-11,0,248,0,0.00697554444887576,0
Herkimer,2020-08-12T00:00:00.000,1,278,213,23465,23465,278,2020-08-12,1,213,0.00469483568075117,0.00673066041082536,1.1345521083961
Herkimer,2020-08-13T00:00:00.000,0,278,227,23692,23692,278,2020-08-13,0,227,0,0.00649941236648783,0
Herkimer,2020-08-14T00:00:00.000,4,282,338,24030,24030,282,2020-08-14,4,338,0.0118343195266272,0.00628181840444843,4.49309277878098
Herkimer,2020-08-15T00:00:00.000,1,283,430,24460,24460,283,2020-08-15,1,430,0.00232558139534884,0.00607778145017106,1.12022571269003
Herkimer,2020-08-16T00:00:00.000,1,284,153,24613,24613,284,2020-08-16,1,153,0.0065359477124183,0.00588710895864078,1.11672331775143
Herkimer,2020-08-17T00:00:00.000,0,284,181,24794,24794,284,2020-08-17,0,181,0,0.00570953091508423,0
Herkimer,2020-08-18T00:00:00.000,0,284,167,24961,24961,284,2020-08-18,0,167,0,0.00554471601267771,0
Herkimer,2020-08-19T00:00:00.000,0,284,302,25263,25263,284,2020-08-19,0,302,0,0.00539228596057355,0
Herkimer,2020-08-20T00:00:00.000,5,289,330,25593,25593,289,2020-08-20,5,330,0.0151515151515152,0.00525182794252485,5.5670449293999
Herkimer,2020-08-21T00:00:00.000,0,289,378,25971,25971,289,2020-08-21,0,378,0,0.00512290529701545,0
Herkimer,2020-08-22T00:00:00.000,0,289,294,26265,26265,289,2020-08-22,0,294,0,0.00500506652624776,0
Herkimer,2020-08-23T00:00:00.000,0,289,194,26459,26459,289,2020-08-23,0,194,0,0.00489785276571992,0
Herkimer,2020-08-24T00:00:00.000,1,290,175,26634,26634,290,2020-08-24,1,175,0.00571428571428571,0.00480080386011887,1.10247696809188
Herkimer,2020-08-25T00:00:00.000,2,292,304,26938,26938,292,2020-08-25,2,304,0.00657894736842105,0.00471346319759446,2.19477897740996
Herkimer,2020-08-26T00:00:00.000,2,294,357,27295,27295,294,2020-08-26,2,357,0.00560224089635854,0.004635381454338,2.18785771536228
Herkimer,2020-08-27T00:00:00.000,0,294,263,27558,27558,294,2020-08-27,0,263,0,0.0045661193969043,0
Herkimer,2020-08-28T00:00:00.000,1,295,336,27894,27894,295,2020-08-28,1,336,0.00297619047619048,0.00450524988189796,1.08836952766762
Herkimer,2020-08-29T00:00:00.000,2,297,374,28268,28268,297,2020-08-29,2,374,0.0053475935828877,0.00445235918294581,2.17390052260238
Herkimer,2020-08-30T00:00:00.000,0,297,308,28576,28576,297,2020-08-30,0,308,0,0.00440704776378916,0
Herkimer,2020-08-31T00:00:00.000,1,298,360,28936,28936,298,2020-08-31,1,360,0.00277777777777778,0.00436893060497872,1.08472299924177
Herkimer,2020-09-01T00:00:00.000,5,303,160,29096,29096,303,2020-09-01,5,160,0.03125,0.00433763718011102,5.43407833512479
Herkimer,2020-09-02T00:00:00.000,2,305,257,29353,29353,305,2020-09-02,2,257,0.00778210116731518,0.00431281116646243,2.18767342726908
Herkimer,2020-09-03T00:00:00.000,1,306,323,29676,29676,306,2020-09-03,1,323,0.00309597523219814,0.00429410996423598,1.10110206920293
Herkimer,2020-09-04T00:00:00.000,0,306,278,29954,29954,306,2020-09-04,0,278,0,0.00428120408877458,0
Herkimer,2020-09-05T00:00:00.000,2,308,345,30299,30299,308,2020-09-05,2,345,0.00579710144927536,0.00427377649083002,2.21801604992052
Herkimer,2020-09-06T00:00:00.000,0,308,145,30444,30444,308,2020-09-06,0,145,0,0.00427152185150748,0
Herkimer,2020-09-07T00:00:00.000,0,308,251,30695,30695,308,2020-09-07,0,251,0,0.00427414589065399,0
Herkimer,2020-09-08T00:00:00.000,0,308,117,30812,30812,308,2020-09-08,0,117,0,0.00428136472029262,0
Herkimer,2020-09-09T00:00:00.000,0,308,154,30966,30966,308,2020-09-09,0,154,0,0.00429290426799644,0
Herkimer,2020-09-10T00:00:00.000,4,312,343,31309,31309,312,2020-09-10,4,343,0.0116618075801749,0.00430849978904769,4.4845468815008
Herkimer,2020-09-11T00:00:00.000,0,312,454,31763,31763,312,2020-09-11,0,454,0,0.00432789548049233,0
Herkimer,2020-09-12T00:00:00.000,1,313,316,32079,32079,313,2020-09-12,1,316,0.00316455696202532,0.00435084420500736,1.13438945579562
Herkimer,2020-09-13T00:00:00.000,0,313,262,32341,32341,313,2020-09-13,0,262,0,0.00437710732763483,0
Herkimer,2020-09-14T00:00:00.000,0,313,236,32577,32577,313,2020-09-14,0,236,0,0.00440645466406601,0
Herkimer,2020-09-15T00:00:00.000,1,314,169,32746,32746,314,2020-09-15,1,169,0.00591715976331361,0.00443866453509055,1.15382382371248
Herkimer,2020-09-16T00:00:00.000,2,316,206,32952,32952,316,2020-09-16,2,206,0.00970873786407767,0.00447352391830317,2.31915397952047
Herkimer,2020-09-17T00:00:00.000,2,318,280,33232,33232,318,2020-09-17,2,280,0.00714285714285714,0.0045108286850104,2.3295649446056
Herkimer,2020-09-18T00:00:00.000,1,319,309,33541,33541,319,2020-09-18,1,309,0.00323624595469256,0.00455038390763937,1.16932242545121
Herkimer,2020-09-19T00:00:00.000,2,321,397,33938,33938,321,2020-09-19,2,397,0.00503778337531486,0.00459200422087216,2.34615317719427
Herkimer,2020-09-20T00:00:00.000,0,321,316,34254,34254,321,2020-09-20,0,316,0,0.00463551421803206,0
Herkimer,2020-09-21T00:00:00.000,1,322,216,34470,34470,322,2020-09-21,1,216,0.00462962962962963,0.00468074886334126,1.17689685943887
Herkimer,2020-09-22T00:00:00.000,5,327,283,34753,34753,327,2020-09-22,5,283,0.0176678445229682,0.00472755390000574,5.88461066044111
Herkimer,2020-09-23T00:00:00.000,2,329,218,34971,34971,329,2020-09-23,2,218,0.00917431192660551,0.00477578623422346,2.35134317330408
Herkimer,2020-09-24T00:00:00.000,2,331,317,35288,35288,331,2020-09-24,2,317,0.00630914826498423,0.00482531427570219,2.35878080380811
Herkimer,2020-09-25T00:00:00.000,3,334,566,35854,35854,334,2020-09-25,3,566,0.00530035335689046,0.00487601821622486,3.54179718066428
Herkimer,2020-09-26T00:00:00.000,0,334,304,36158,36158,334,2020-09-26,0,304,0,0.00492779022926773,0
Herkimer,2020-09-27T00:00:00.000,1,335,166,36324,36324,335,2020-09-27,1,166,0.00602409638554217,0.00498053457535793,1.17907857875625
Herkimer,2020-09-28T00:00:00.000,2,337,357,36681,36681,337,2020-09-28,2,357,0.00560224089635854,0.00503416759984077,2.35140024541535
Herkimer,2020-09-29T00:00:00.000,1,338,235,36916,36916,338,2020-09-29,1,235,0.00425531914893617,0.0050886176119425,1.17083247149809
Herkimer,2020-09-30T00:00:00.000,2,340,295,37211,37211,340,2020-09-30,2,295,0.00677966101694915,0.00514382463617314,2.32930764443544
Herkimer,2020-10-01T00:00:00.000,2,342,317,37528,37528,342,2020-10-01,2,317,0.00630914826498423,0.00519974002941589,2.31441573453183
Herkimer,2020-10-02T00:00:00.000,2,344,616,38144,38144,344,2020-10-02,2,616,0.00324675324675325,0.00525632595917889,2.30306938015872
Herkimer,2020-10-03T00:00:00.000,2,346,254,38398,38398,346,2020-10-03,2,254,0.0078740157480315,0.00531355474041828,2.30986177833088
Herkimer,2020-10-04T00:00:00.000,2,348,193,38591,38591,348,2020-10-04,2,193,0.0103626943005181,0.00537140803012163,2.3247740307213
Herkimer,2020-10-05T00:00:00.000,1,349,253,38844,38844,349,2020-10-05,1,253,0.00395256916996047,0.00542987588026563,1.17076912929718
Herkimer,2020-10-06T00:00:00.000,4,353,250,39094,39094,353,2020-10-06,4,250,0.016,0.00548895565083429,4.71688654822979
Herkimer,2020-10-07T00:00:00.000,2,355,266,39360,39360,355,2020-10-07,2,266,0.0075187969924812,0.00554865078532537,2.37543555651625
Herkimer,2020-10-08T00:00:00.000,0,355,259,39619,39619,355,2020-10-08,0,259,0,0.00560896945149746,0
Herkimer,2020-10-09T00:00:00.000,3,358,667,40286,40286,358,2020-10-09,3,667,0.00449775112443778,0.00566992305003416,3.6142574883548
Herkimer,2020-10-10T00:00:00.000,1,359,527,40813,40813,359,2020-10-10,1,527,0.00189753320683112,0.00573152459336426,1.21325729621581
Herkimer,2020-10-11T00:00:00.000,2,361,298,41111,41111,361,2020-10-11,2,298,0.00671140939597315,0.00579378695600773,2.44347688158421
Jefferson,2020-03-01T00:00:00.000,0,0,0,0,0,0,2020-03-01,0,0,0,0.0190453080065997,0
Jefferson,2020-03-02T00:00:00.000,0,0,0,0,0,0,2020-03-02,0,0,0,0.0197170686435416,0
Jefferson,2020-03-03T00:00:00.000,0,0,0,0,0,0,2020-03-03,0,0,0,0.0204120812007479,0
Jefferson,2020-03-04T00:00:00.000,0,0,0,0,0,0,2020-03-04,0,0,0,0.0211311845296937,0
Jefferson,2020-03-05T00:00:00.000,0,0,0,0,0,0,2020-03-05,0,0,0,0.0218752475308252,0
Jefferson,2020-03-06T00:00:00.000,0,0,0,0,0,0,2020-03-06,0,0,0,0.0226451429794376,0
Jefferson,2020-03-07T00:00:00.000,0,0,1,1,1,0,2020-03-07,0,1,0,0.0234417161623204,0
Jefferson,2020-03-08T00:00:00.000,0,0,0,1,1,0,2020-03-08,0,0,0,0.0242657479972004,0
Jefferson,2020-03-09T00:00:00.000,0,0,0,1,1,0,2020-03-09,0,0,0,0.0251179123684849,0
Jefferson,2020-03-10T00:00:00.000,0,0,0,1,1,0,2020-03-10,0,0,0,0.025998727499582,0
Jefferson,2020-03-11T00:00:00.000,0,0,1,2,2,0,2020-03-11,0,1,0,0.026908501293525,0
Jefferson,2020-03-12T00:00:00.000,0,0,0,2,2,0,2020-03-12,0,0,0,0.0278472707241584,0
Jefferson,2020-03-13T00:00:00.000,0,0,0,2,2,0,2020-03-13,0,0,0,0.0288147355530081,0
Jefferson,2020-03-14T00:00:00.000,0,0,0,2,2,0,2020-03-14,0,0,0,0.0298101868892329,0
Jefferson,2020-03-15T00:00:00.000,0,0,1,3,3,0,2020-03-15,0,1,0,0.0308324314107545,0
Jefferson,2020-03-16T00:00:00.000,0,0,0,3,3,0,2020-03-16,0,0,0,0.0318797124187692,0
Jefferson,2020-03-17T00:00:00.000,0,0,2,5,5,0,2020-03-17,0,2,0,0.0329496293151817,0
Jefferson,2020-03-18T00:00:00.000,1,1,7,12,12,1,2020-03-18,1,7,0.142857142857143,0.0340390575537894,1.32666184709045
Jefferson,2020-03-19T00:00:00.000,0,1,13,25,25,1,2020-03-19,0,13,0,0.0351440716228363,0
Jefferson,2020-03-20T00:00:00.000,0,1,18,43,43,1,2020-03-20,0,18,0,0.0362598741350197,0
Jefferson,2020-03-21T00:00:00.000,0,1,4,47,47,1,2020-03-21,0,4,0,0.0373807346158521,0
Jefferson,2020-03-22T00:00:00.000,1,2,20,67,67,2,2020-03-22,1,20,0.05,0.0384999420456522,1.16303606401209
Jefferson,2020-03-23T00:00:00.000,0,2,1,68,68,2,2020-03-23,0,1,0,0.0396097755881964,0
Jefferson,2020-03-24T00:00:00.000,0,2,13,81,81,2,2020-03-24,0,13,0,0.0407014981735767,0
Jefferson,2020-03-25T00:00:00.000,1,3,31,112,112,3,2020-03-25,1,31,0.032258064516129,0.0417653776448304,1.08221087911814
Jefferson,2020-03-26T00:00:00.000,0,3,23,135,135,3,2020-03-26,0,23,0,0.0427907399710782,0
Jefferson,2020-03-27T00:00:00.000,3,6,45,180,180,6,2020-03-27,3,45,0.0666666666666667,0.0437660585260467,3.15742800947205
Jefferson,2020-03-28T00:00:00.000,1,7,52,232,232,7,2020-03-28,1,52,0.0192307692307692,0.0446790825909176,1.04231875548336
Jefferson,2020-03-29T00:00:00.000,4,11,100,332,332,11,2020-03-29,4,100,0.04,0.0455170070476721,4.16725898632195
Jefferson,2020-03-30T00:00:00.000,1,12,19,351,351,12,2020-03-30,1,19,0.0526315789473684,0.0462666836758073,1.04633003732051
Jefferson,2020-03-31T00:00:00.000,0,12,14,365,365,12,2020-03-31,0,14,0,0.0469148725904662,0
Jefferson,2020-04-01T00:00:00.000,3,15,53,418,418,15,2020-04-01,3,53,0.0566037735849057,0.0474485302146352,3.15579366240923
Jefferson,2020-04-02T00:00:00.000,3,18,56,474,474,18,2020-04-02,3,56,0.0535714285714286,0.0478551278585767,3.11813006528809
Jefferson,2020-04-03T00:00:00.000,2,20,38,512,512,20,2020-04-03,2,38,0.0526315789473684,0.0481229926038928,2.05651191173816
Jefferson,2020-04-04T00:00:00.000,6,26,75,587,587,26,2020-04-04,6,75,0.08,0.0482416599103579,6.1583654622444
Jefferson,2020-04-05T00:00:00.000,7,33,98,685,685,33,2020-04-05,7,98,0.0714285714285714,0.0482022253410342,7.16631991556406
Jefferson,2020-04-06T00:00:00.000,6,39,63,748,748,39,2020-04-06,6,63,0.0952380952380952,0.0479976812141873,6.17029812497544
Jefferson,2020-04-07T00:00:00.000,1,40,25,773,773,40,2020-04-07,1,25,0.04,0.0476232230106865,1.03535225046154
Jefferson,2020-04-08T00:00:00.000,2,42,84,857,857,42,2020-04-08,2,84,0.0238095238095238,0.0470765101414197,2.08439170206962
Jefferson,2020-04-09T00:00:00.000,1,43,52,909,909,43,2020-04-09,1,52,0.0192307692307692,0.0463578663346861,1.04897795360819
Jefferson,2020-04-10T00:00:00.000,1,44,43,952,952,44,2020-04-10,1,43,0.0232558139534884,0.0454704065118317,1.05556440818117
Jefferson,2020-04-11T00:00:00.000,2,46,47,999,999,46,2020-04-11,2,47,0.0425531914893617,0.0444200795804611,2.12547291797574
Jefferson,2020-04-12T00:00:00.000,0,46,24,1023,1023,46,2020-04-12,0,24,0,0.0432156200411291,0
Jefferson,2020-04-13T00:00:00.000,1,47,37,1060,1060,47,2020-04-13,1,37,0.027027027027027,0.0418684055104248,1.08503680051162
Jefferson,2020-04-14T00:00:00.000,0,47,1,1061,1061,47,2020-04-14,0,1,0,0.0403922220056939,0
Jefferson,2020-04-15T00:00:00.000,1,48,33,1094,1094,48,2020-04-15,1,33,0.0303030303030303,0.0388029437983771,1.10268487325031
Jefferson,2020-04-16T00:00:00.000,2,50,31,1125,1125,50,2020-04-16,2,31,0.0645161290322581,0.0371181394875363,2.21460835949726
Jefferson,2020-04-17T00:00:00.000,0,50,16,1141,1141,50,2020-04-17,0,16,0,0.0353566202808522,0
Jefferson,2020-04-18T00:00:00.000,4,54,53,1194,1194,54,2020-04-18,4,53,0.0754716981132075,0.0335379499370929,4.45021714937351
Jefferson,2020-04-19T00:00:00.000,0,54,23,1217,1217,54,2020-04-19,0,23,0,0.0316819381018434,0
Jefferson,2020-04-20T00:00:00.000,0,54,7,1224,1224,54,2020-04-20,0,7,0,0.029808139626616,0
Jefferson,2020-04-21T00:00:00.000,0,54,8,1232,1232,54,2020-04-21,0,8,0,0.0279353818060844,0
Jefferson,2020-04-22T00:00:00.000,2,56,28,1260,1260,56,2020-04-22,2,28,0.0714285714285714,0.0260813393314003,2.2148219847723
Jefferson,2020-04-23T00:00:00.000,2,58,37,1297,1297,58,2020-04-23,2,37,0.0540540540540541,0.0242621733299508,2.20639283344794
Jefferson,2020-04-24T00:00:00.000,1,59,63,1360,1360,59,2020-04-24,1,63,0.0158730158730159,0.0224922464550707,1.09786191725853
Jefferson,2020-04-25T00:00:00.000,1,60,27,1387,1387,60,2020-04-25,1,27,0.037037037037037,0.0207839209993633,1.09143657701158
Jefferson,2020-04-26T00:00:00.000,0,60,52,1439,1439,60,2020-04-26,0,52,0,0.0191474418815162,0
Jefferson,2020-04-27T00:00:00.000,0,60,15,1454,1454,60,2020-04-27,0,15,0,0.0175909015216893,0
Jefferson,2020-04-28T00:00:00.000,0,60,28,1482,1482,60,2020-04-28,0,28,0,0.0161202794508251,0
Jefferson,2020-04-29T00:00:00.000,1,61,36,1518,1518,61,2020-04-29,1,36,0.0277777777777778,0.0147395462594075,1.05777755586311
Jefferson,2020-04-30T00:00:00.000,0,61,37,1555,1555,61,2020-04-30,0,37,0,0.0134508193370054,0
Jefferson,2020-05-01T00:00:00.000,1,62,48,1603,1603,62,2020-05-01,1,48,0.0208333333333333,0.0122545568136518,1.05246796916657
Jefferson,2020-05-02T00:00:00.000,0,62,48,1651,1651,62,2020-05-02,0,48,0,0.0111497761068258,0
Jefferson,2020-05-03T00:00:00.000,1,63,82,1733,1733,63,2020-05-03,1,82,0.0121951219512195,0.0101342843435482,1.04209388728511
Jefferson,2020-05-04T00:00:00.000,0,63,13,1746,1746,63,2020-05-04,0,13,0,0.00920490944889063,0
Jefferson,2020-05-05T00:00:00.000,0,63,50,1796,1796,63,2020-05-05,0,50,0,0.00835772263624186,0
Jefferson,2020-05-06T00:00:00.000,1,64,90,1886,1886,64,2020-05-06,1,90,0.0111111111111111,0.00758824517675218,1.01594387068261
Jefferson,2020-05-07T00:00:00.000,2,66,82,1968,1968,66,2020-05-07,2,82,0.024390243902439,0.00689163446690724,2.0203149629801
Jefferson,2020-05-08T00:00:00.000,1,67,47,2015,2015,67,2020-05-08,1,47,0.0212765957446809,0.00626284640384669,1.00757963550189
Jefferson,2020-05-09T00:00:00.000,1,68,64,2079,2079,68,2020-05-09,1,64,0.015625,0.00569677281079917,1.00493984118253
Jefferson,2020-05-10T00:00:00.000,0,68,63,2142,2142,68,2020-05-10,0,63,0,0.00518835407115366,0
Jefferson,2020-05-11T00:00:00.000,0,68,46,2188,2188,68,2020-05-11,0,46,0,0.00473266821014226,0
Jefferson,2020-05-12T00:00:00.000,0,68,80,2268,2268,68,2020-05-12,0,80,0,0.00432499841970781,0
Jefferson,2020-05-13T00:00:00.000,1,69,104,2372,2372,69,2020-05-13,1,104,0.00961538461538462,0.00396088148821848,1.00238381354169
Jefferson,2020-05-14T00:00:00.000,2,71,453,2825,2825,71,2020-05-14,2,453,0.00441501103752759,0.00363613981865871,2.01648968506184
Jefferson,2020-05-15T00:00:00.000,0,71,237,3062,3062,71,2020-05-15,0,237,0,0.00334689974811286,0
Jefferson,2020-05-16T00:00:00.000,0,71,152,3214,3214,71,2020-05-16,0,152,0,0.00308959876777999,0
Jefferson,2020-05-17T00:00:00.000,0,71,137,3351,3351,71,2020-05-17,0,137,0,0.00286098403309857,0
Jefferson,2020-05-18T00:00:00.000,0,71,90,3441,3441,71,2020-05-18,0,90,0,0.00265810428596884,0
Jefferson,2020-05-19T00:00:00.000,0,71,64,3505,3505,71,2020-05-19,0,64,0,0.00247829701783842,0
Jefferson,2020-05-20T00:00:00.000,0,71,324,3829,3829,71,2020-05-20,0,324,0,0.002319172405976,0
Jefferson,2020-05-21T00:00:00.000,1,72,319,4148,4148,72,2020-05-21,1,319,0.00313479623824451,0.00217859527324409,1.02011318715862
Jefferson,2020-05-22T00:00:00.000,0,72,331,4479,4479,72,2020-05-22,0,331,0,0.00205466606390787,0
Jefferson,2020-05-23T00:00:00.000,0,72,305,4784,4784,72,2020-05-23,0,305,0,0.00194570160062984,0
Jefferson,2020-05-24T00:00:00.000,0,72,107,4891,4891,72,2020-05-24,0,107,0,0.0018502161931061,0
Jefferson,2020-05-25T00:00:00.000,0,72,71,4962,4962,72,2020-05-25,0,71,0,0.00176690350602004,0
Jefferson,2020-05-26T00:00:00.000,0,72,97,5059,5059,72,2020-05-26,0,97,0,0.00169461946163536,0
Jefferson,2020-05-27T00:00:00.000,0,72,136,5195,5195,72,2020-05-27,0,136,0,0.00163236634670745,0
Jefferson,2020-05-28T00:00:00.000,2,74,400,5595,5595,74,2020-05-28,2,400,0.005,0.0015792782114672,2.04100872235114
Jefferson,2020-05-29T00:00:00.000,0,74,227,5822,5822,74,2020-05-29,0,227,0,0.00153460758618647,0
Jefferson,2020-05-30T00:00:00.000,0,74,280,6102,6102,74,2020-05-30,0,280,0,0.00149771349493413,0
Jefferson,2020-05-31T00:00:00.000,0,74,256,6358,6358,74,2020-05-31,0,256,0,0.00146805071327927,0
Jefferson,2020-06-01T00:00:00.000,0,74,228,6586,6586,74,2020-06-01,0,228,0,0.00144516019416213,0
Jefferson,2020-06-02T00:00:00.000,0,74,256,6842,6842,74,2020-06-02,0,256,0,0.0014286605712936,0
Jefferson,2020-06-03T00:00:00.000,0,74,253,7095,7095,74,2020-06-03,0,253,0,0.00141824064042801,0
Jefferson,2020-06-04T00:00:00.000,1,75,482,7577,7577,75,2020-06-04,1,482,0.0020746887966805,0.00141365271392581,1.07115976909308
Jefferson,2020-06-05T00:00:00.000,0,75,315,7892,7892,75,2020-06-05,0,315,0,0.00141470674173288,0
Jefferson,2020-06-06T00:00:00.000,2,77,275,8167,8167,77,2020-06-06,2,275,0.00727272727272727,0.00142126509139221,2.1590252099292
Jefferson,2020-06-07T00:00:00.000,1,78,374,8541,8541,78,2020-06-07,1,374,0.00267379679144385,0.00143323788004729,1.08294602216739
Jefferson,2020-06-08T00:00:00.000,1,79,85,8626,8626,79,2020-06-08,1,85,0.0117647058823529,0.0014505787520087,1.08585807650622
Jefferson,2020-06-09T00:00:00.000,0,79,257,8883,8883,79,2020-06-09,0,257,0,0.00147328099594378,0
Jefferson,2020-06-10T00:00:00.000,0,79,299,9182,9182,79,2020-06-10,0,299,0,0.00150137389594866,0
Jefferson,2020-06-11T00:00:00.000,1,80,564,9746,9746,80,2020-06-11,1,564,0.00177304964539007,0.00153491921044436,1.09130129450025
Jefferson,2020-06-12T00:00:00.000,1,81,173,9919,9919,81,2020-06-12,1,173,0.00578034682080925,0.00157400767212524,1.09196455213278
Jefferson,2020-06-13T00:00:00.000,0,81,135,10054,10054,81,2020-06-13,0,135,0,0.00161875540126331,0
Jefferson,2020-06-14T00:00:00.000,0,81,261,10315,10315,81,2020-06-14,0,261,0,0.00166930012377512,0
Jefferson,2020-06-15T00:00:00.000,0,81,76,10391,10391,81,2020-06-15,0,76,0,0.00172579708509924,0
Jefferson,2020-06-16T00:00:00.000,1,82,108,10499,10499,82,2020-06-16,1,108,0.00925925925925926,0.00178841455161072,1.08844734691063
Jefferson,2020-06-17T00:00:00.000,0,82,367,10866,10866,82,2020-06-17,0,367,0,0.00185732879379167,0
Jefferson,2020-06-18T00:00:00.000,0,82,534,11400,11400,82,2020-06-18,0,534,0,0.00193271845051144,0
Jefferson,2020-06-19T00:00:00.000,1,83,237,11637,11637,83,2020-06-19,1,237,0.00421940928270042,0.00201475818244832,1.07910131919121
Jefferson,2020-06-20T00:00:00.000,1,84,118,11755,11755,84,2020-06-20,1,118,0.00847457627118644,0.0021036115360843,1.07474825337846
Jefferson,2020-06-21T00:00:00.000,0,84,220,11975,11975,84,2020-06-21,0,220,0,0.00219942295881068,0
Jefferson,2020-06-22T00:00:00.000,0,84,88,12063,12063,84,2020-06-22,0,88,0,0.00230230893166951,0
Jefferson,2020-06-23T00:00:00.000,0,84,120,12183,12183,84,2020-06-23,0,120,0,0.00241234822006818,0
Jefferson,2020-06-24T00:00:00.000,1,85,309,12492,12492,85,2020-06-24,1,309,0.00323624595469256,0.00252957128532755,1.08600523321642
Jefferson,2020-06-25T00:00:00.000,0,85,479,12971,12971,85,2020-06-25,0,479,0,0.00265394895126312,0
Jefferson,2020-06-26T00:00:00.000,0,85,184,13155,13155,85,2020-06-26,0,184,0,0.00278538048064419,0
Jefferson,2020-06-27T00:00:00.000,0,85,101,13256,13256,85,2020-06-27,0,101,0,0.00292368128476296,0
Jefferson,2020-06-28T00:00:00.000,1,86,234,13490,13490,86,2020-06-28,1,234,0.00427350427350427,0.0030685705645203,1.09131547349529
Jefferson,2020-06-29T00:00:00.000,0,86,68,13558,13558,86,2020-06-29,0,68,0,0.00321965926029167,0
Jefferson,2020-06-30T00:00:00.000,2,88,135,13693,13693,88,2020-06-30,2,135,0.0148148148148148,0.00337643876660837,2.19761734552361
Jefferson,2020-07-01T00:00:00.000,2,90,240,13933,13933,90,2020-07-01,2,240,0.00833333333333333,0.00353827094159081,2.21382884555527
Jefferson,2020-07-02T00:00:00.000,3,93,213,14146,14146,93,2020-07-02,3,213,0.0140845070422535,0.00370438000378856,3.34114445799267
Jefferson,2020-07-03T00:00:00.000,0,93,324,14470,14470,93,2020-07-03,0,324,0,0.00387384695365448,0
Jefferson,2020-07-04T00:00:00.000,1,94,174,14644,14644,94,2020-07-04,1,174,0.00574712643678161,0.0040456071761525,1.1174868150765
Jefferson,2020-07-05T00:00:00.000,0,94,119,14763,14763,94,2020-07-05,0,119,0,0.00421845186689302,0
Jefferson,2020-07-06T00:00:00.000,0,94,126,14889,14889,94,2020-07-06,0,126,0,0.00439103387058657,0
Jefferson,2020-07-07T00:00:00.000,0,94,293,15182,15182,94,2020-07-07,0,293,0,0.00456187842184946,0
Jefferson,2020-07-08T00:00:00.000,1,95,206,15388,15388,95,2020-07-08,1,206,0.00485436893203883,0.00472939913178621,1.12361856827491
Jefferson,2020-07-09T00:00:00.000,0,95,171,15559,15559,95,2020-07-09,0,171,0,0.00489191937003015,0
Jefferson,2020-07-10T00:00:00.000,0,95,162,15721,15721,95,2020-07-10,0,162,0,0.00504769895504523,0
Jefferson,2020-07-11T00:00:00.000,2,97,95,15816,15816,97,2020-07-11,2,95,0.0210526315789474,0.00519496579489796,2.25309285635341
Jefferson,2020-07-12T00:00:00.000,2,99,495,16311,16311,99,2020-07-12,2,495,0.00404040404040404,0.00533195182959235,2.25324897709025
Jefferson,2020-07-13T00:00:00.000,1,100,154,16465,16465,100,2020-07-13,1,154,0.00649350649350649,0.00545693233170065,1.12625787815088
Jefferson,2020-07-14T00:00:00.000,0,100,251,16716,16716,100,2020-07-14,0,251,0,0.00556826734590236,0
Jefferson,2020-07-15T00:00:00.000,2,102,143,16859,16859,102,2020-07-15,2,143,0.013986013986014,0.00566444381129541,2.24843494081617
Jefferson,2020-07-16T00:00:00.000,1,103,165,17024,17024,103,2020-07-16,1,165,0.00606060606060606,0.00574411673643556,1.12358202098224
Jefferson,2020-07-17T00:00:00.000,1,104,385,17409,17409,104,2020-07-17,1,385,0.0025974025974026,0.0058061477044778,1.12626517236591
Jefferson,2020-07-18T00:00:00.000,1,105,321,17730,17730,105,2020-07-18,1,321,0.00311526479750779,0.00584963899043083,1.12810305186444
Jefferson,2020-07-19T00:00:00.000,1,106,192,17922,17922,106,2020-07-19,1,192,0.00520833333333333,0.00587396168227242,1.1290637241758
Jefferson,2020-07-20T00:00:00.000,6,112,633,18555,18555,112,2020-07-20,6,633,0.00947867298578199,0.00587877641305188,6.77055582946186
Jefferson,2020-07-21T00:00:00.000,1,113,325,18880,18880,113,2020-07-21,1,325,0.00307692307692308,0.00586404562291354,1.12298329981319
Jefferson,2020-07-22T00:00:00.000,7,120,412,19292,19292,120,2020-07-22,7,412,0.0169902912621359,0.00583003666179788,7.80960456376366
Jefferson,2020-07-23T00:00:00.000,3,123,311,19603,19603,123,2020-07-23,3,311,0.00964630225080386,0.00577731548873034,3.32014361893998
Jefferson,2020-07-24T00:00:00.000,3,126,563,20166,20166,126,2020-07-24,3,563,0.00532859680284192,0.00570673119335398,3.28942888933607
Jefferson,2020-07-25T00:00:00.000,1,127,329,20495,20495,127,2020-07-25,1,329,0.00303951367781155,0.00561939202460311,1.08922601067251
Jefferson,2020-07-26T00:00:00.000,1,128,198,20693,20693,128,2020-07-26,1,198,0.00505050505050505,0.00551663402806141,1.08872647982745
Jefferson,2020-07-27T00:00:00.000,0,128,115,20808,20808,128,2020-07-27,0,115,0,0.00539998373776406,0
Jefferson,2020-07-28T00:00:00.000,0,128,67,20875,20875,128,2020-07-28,0,67,0,0.00527111661662377,0
Jefferson,2020-07-29T00:00:00.000,0,128,195,21070,21070,128,2020-07-29,0,195,0,0.00513181307764601,0
Jefferson,2020-07-30T00:00:00.000,1,129,232,21302,21302,129,2020-07-30,1,232,0.00431034482758621,0.00498391394101022,1.08437357203802
Jefferson,2020-07-31T00:00:00.000,1,130,129,21431,21431,130,2020-07-31,1,129,0.00775193798449612,0.00482927709343994,1.08526399533404
Jefferson,2020-08-01T00:00:00.000,4,134,287,21718,21718,134,2020-08-01,4,287,0.0139372822299652,0.0046697369310317,4.34272126561178
Jefferson,2020-08-02T00:00:00.000,0,134,176,21894,21894,134,2020-08-02,0,176,0,0.00450706790367769,0
Jefferson,2020-08-03T00:00:00.000,5,139,292,22186,22186,139,2020-08-03,5,292,0.0171232876712329,0.00434295316419578,5.41263606868725
Jefferson,2020-08-04T00:00:00.000,1,140,309,22495,22495,140,2020-08-04,1,309,0.00323624595469256,0.00417895898463458,1.07946512008802
Jefferson,2020-08-05T00:00:00.000,0,140,428,22923,22923,140,2020-08-05,0,428,0,0.00401651526157602,0
Jefferson,2020-08-06T00:00:00.000,0,140,300,23223,23223,140,2020-08-06,0,300,0,0.00385690211434484,0
Jefferson,2020-08-07T00:00:00.000,0,140,82,23305,23305,140,2020-08-07,0,82,0,0.00370124230336009,0
Jefferson,2020-08-08T00:00:00.000,2,142,194,23499,23499,142,2020-08-08,2,194,0.0103092783505155,0.0035504989719623,2.12660660152336
Jefferson,2020-08-09T00:00:00.000,0,142,65,23564,23564,142,2020-08-09,0,65,0,0.00340547805093401,0
Jefferson,2020-08-10T00:00:00.000,0,142,260,23824,23824,142,2020-08-10,0,260,0,0.00326683456160501,0
Jefferson,2020-08-11T00:00:00.000,0,142,178,24002,24002,142,2020-08-11,0,178,0,0.00313508200656767,0
Jefferson,2020-08-12T00:00:00.000,0,142,355,24357,24357,142,2020-08-12,0,355,0,0.00301060404016102,0
Jefferson,2020-08-13T00:00:00.000,1,143,338,24695,24695,143,2020-08-13,1,338,0.0029585798816568,0.00289366765416157,1.04138585678954
Jefferson,2020-08-14T00:00:00.000,0,143,303,24998,24998,143,2020-08-14,0,303,0,0.00278443718715114,0
Jefferson,2020-08-15T00:00:00.000,0,143,161,25159,25159,143,2020-08-15,0,161,0,0.00268298855856181,0
Jefferson,2020-08-16T00:00:00.000,0,143,102,25261,25261,143,2020-08-16,0,102,0,0.00258932323107916,0
Jefferson,2020-08-17T00:00:00.000,0,143,203,25464,25464,143,2020-08-17,0,203,0,0.00250338150927866,0
Jefferson,2020-08-18T00:00:00.000,0,143,255,25719,25719,143,2020-08-18,0,255,0,0.00242505488253776,0
Jefferson,2020-08-19T00:00:00.000,0,143,440,26159,26159,143,2020-08-19,0,440,0,0.00235419721120301,0
Jefferson,2020-08-20T00:00:00.000,1,144,279,26438,26438,144,2020-08-20,1,279,0.003584229390681,0.00229063463401808,1.02475313434483
Jefferson,2020-08-21T00:00:00.000,0,144,289,26727,26727,144,2020-08-21,0,289,0,0.00223417414079212,0
Jefferson,2020-08-22T00:00:00.000,1,145,142,26869,26869,145,2020-08-22,1,142,0.00704225352112676,0.00218461080675393,1.02143673446387
Jefferson,2020-08-23T00:00:00.000,0,145,135,27004,27004,145,2020-08-23,0,135,0,0.00214173372464317,0
Jefferson,2020-08-24T00:00:00.000,1,146,184,27188,27188,146,2020-08-24,1,184,0.00543478260869565,0.00210533069927751,1.01524336851091
Jefferson,2020-08-25T00:00:00.000,0,146,139,27327,27327,146,2020-08-25,0,139,0,0.00207519178797667,0
Jefferson,2020-08-26T00:00:00.000,2,148,394,27721,27721,148,2020-08-26,2,394,0.0050761421319797,0.0020511117815428,2.01655215946746
Jefferson,2020-08-27T00:00:00.000,1,149,302,28023,28023,149,2020-08-27,1,302,0.0033112582781457,0.00203289172579479,1.00637189546381
Jefferson,2020-08-28T00:00:00.000,0,149,192,28215,28215,149,2020-08-28,0,192,0,0.0020203395851401,0
Jefferson,2020-08-29T00:00:00.000,1,150,183,28398,28398,150,2020-08-29,1,183,0.00546448087431694,0.00201327014856561,1.00401651703586
Jefferson,2020-08-30T00:00:00.000,0,150,96,28494,28494,150,2020-08-30,0,96,0,0.002011504276569,0
Jefferson,2020-08-31T00:00:00.000,0,150,204,28698,28698,150,2020-08-31,0,204,0,0.00201486758547463,0
Jefferson,2020-09-01T00:00:00.000,0,150,294,28992,28992,150,2020-09-01,0,294,0,0.0020231886645982,0
Jefferson,2020-09-02T00:00:00.000,4,154,819,29811,29811,154,2020-09-02,4,819,0.00488400488400488,0.00203629692197728,4.05901403936484
Jefferson,2020-09-03T00:00:00.000,0,154,146,29957,29957,154,2020-09-03,0,146,0,0.0020540201563617,0
Jefferson,2020-09-04T00:00:00.000,0,154,119,30076,30076,154,2020-09-04,0,119,0,0.00207618195651453,0
Jefferson,2020-09-05T00:00:00.000,0,154,134,30210,30210,154,2020-09-05,0,134,0,0.00210259903357125,0
Jefferson,2020-09-06T00:00:00.000,2,156,136,30346,30346,156,2020-09-06,2,136,0.0147058823529412,0.00213307859732013,2.07464669050145
Jefferson,2020-09-07T00:00:00.000,0,156,160,30506,30506,156,2020-09-07,0,160,0,0.00216741589220338,0
Jefferson,2020-09-08T00:00:00.000,0,156,126,30632,30632,156,2020-09-08,0,126,0,0.00220539201232798,0
Jefferson,2020-09-09T00:00:00.000,0,156,92,30724,30724,156,2020-09-09,0,92,0,0.00224677211597254,0
Jefferson,2020-09-10T00:00:00.000,1,157,341,31065,31065,157,2020-09-10,1,341,0.00293255131964809,0.00229130415736187,1.05252941980978
Jefferson,2020-09-11T00:00:00.000,0,157,360,31425,31425,157,2020-09-11,0,360,0,0.00233871824623838,0
Jefferson,2020-09-12T00:00:00.000,0,157,306,31731,31731,157,2020-09-12,0,306,0,0.00238872673262584,0
Jefferson,2020-09-13T00:00:00.000,1,158,82,31813,31813,158,2020-09-13,1,82,0.0121951219512195,0.00244102509491236,1.07639458851477
Jefferson,2020-09-14T00:00:00.000,0,158,134,31947,31947,158,2020-09-14,0,134,0,0.00249529368350806,0
Jefferson,2020-09-15T00:00:00.000,0,158,306,32253,32253,158,2020-09-15,0,306,0,0.00255120034058867,0
Jefferson,2020-09-16T00:00:00.000,1,159,424,32677,32677,159,2020-09-16,1,424,0.00235849056603774,0.00260840387943355,1.0986822194469
Jefferson,2020-09-17T00:00:00.000,1,160,244,32921,32921,160,2020-09-17,1,244,0.00409836065573771,0.00266655836647052,1.10513237750048
Jefferson,2020-09-18T00:00:00.000,1,161,239,33160,33160,161,2020-09-18,1,239,0.00418410041841004,0.0027253181073368,1.11089035212467
Jefferson,2020-09-19T00:00:00.000,2,163,261,33421,33421,163,2020-09-19,2,261,0.00766283524904215,0.00278434319745738,2.23166196613251
Jefferson,2020-09-20T00:00:00.000,0,163,222,33643,33643,163,2020-09-20,0,222,0,0.00284330546098504,0
Jefferson,2020-09-21T00:00:00.000,1,164,145,33788,33788,164,2020-09-21,1,145,0.00689655172413793,0.0029018945713725,1.12195395254341
Jefferson,2020-09-22T00:00:00.000,0,164,241,34029,34029,164,2020-09-22,0,241,0,0.00295982412582551,0
Jefferson,2020-09-23T00:00:00.000,1,165,428,34457,34457,165,2020-09-23,1,428,0.00233644859813084,0.0030168374351758,1.12288873594408
Jefferson,2020-09-24T00:00:00.000,2,167,364,34821,34821,167,2020-09-24,2,364,0.00549450549450549,0.00307271279225962,2.25469198577378
Jefferson,2020-09-25T00:00:00.000,0,167,298,35119,35119,167,2020-09-25,0,298,0,0.00312726799552199,0
Jefferson,2020-09-26T00:00:00.000,3,170,292,35411,35411,170,2020-09-26,3,292,0.0102739726027397,0.00318036392932295,3.38964854705246
Jefferson,2020-09-27T00:00:00.000,0,170,162,35573,35573,170,2020-09-27,0,162,0,0.00323190703694594,0
Jefferson,2020-09-28T00:00:00.000,0,170,194,35767,35767,170,2020-09-28,0,194,0,0.00328185056375932,0
Jefferson,2020-09-29T00:00:00.000,2,172,343,36110,36110,172,2020-09-29,2,343,0.00583090379008746,0.00333019449316631,2.24445928878032
Jefferson,2020-09-30T00:00:00.000,0,172,180,36290,36290,172,2020-09-30,0,180,0,0.00337698414385902,0
Jefferson,2020-10-01T00:00:00.000,2,174,646,36936,36936,174,2020-10-01,2,646,0.00309597523219814,0.00342230743955005,2.21960202443975
Jefferson,2020-10-02T00:00:00.000,2,176,413,37349,37349,176,2020-10-02,2,413,0.00484261501210654,0.00346629089908334,2.20915044700193
Jefferson,2020-10-03T00:00:00.000,0,176,261,37610,37610,176,2020-10-03,0,261,0,0.00350909442310125,0
Jefferson,2020-10-04T00:00:00.000,0,176,174,37784,37784,176,2020-10-04,0,174,0,0.003550904971296,0
Jefferson,2020-10-05T00:00:00.000,0,176,392,38176,38176,176,2020-10-05,0,392,0,0.00359192923120941,0
Jefferson,2020-10-06T00:00:00.000,0,176,473,38649,38649,176,2020-10-06,0,473,0,0.00363238537558343,0
Jefferson,2020-10-07T00:00:00.000,1,177,461,39110,39110,177,2020-10-07,1,461,0.00216919739696312,0.00367249399134013,1.13970020753741
Jefferson,2020-10-08T00:00:00.000,3,180,321,39431,39431,180,2020-10-08,3,321,0.00934579439252336,0.00371246824140388,3.44362232697426
Jefferson,2020-10-09T00:00:00.000,1,181,275,39706,39706,181,2020-10-09,1,275,0.00363636363636364,0.00375250329326522,1.15603831021489
Jefferson,2020-10-10T00:00:00.000,3,184,301,40007,40007,184,2020-10-10,3,301,0.00996677740863787,0.00379276501854968,3.4925508992928
Jefferson,2020-10-11T00:00:00.000,1,185,179,40186,40186,185,2020-10-11,1,179,0.00558659217877095,0.00383337793979741,1.17230373994506
Kings,2020-03-01T00:00:00.000,0,0,0,0,0,0,2020-03-01,0,0,0,0.0327212106343747,0
Kings,2020-03-02T00:00:00.000,0,0,0,0,0,0,2020-03-02,0,0,0,0.039055935925661,0
Kings,2020-03-03T00:00:00.000,0,0,2,2,2,0,2020-03-03,0,2,0,0.0465525510461262,0
Kings,2020-03-04T00:00:00.000,1,1,4,6,6,1,2020-03-04,1,4,0.25,0.0553881926059565,3.15974042679925
Kings,2020-03-05T00:00:00.000,0,1,7,13,13,1,2020-03-05,0,7,0,0.0657477064249035,0
Kings,2020-03-06T00:00:00.000,3,4,12,25,25,4,2020-03-06,3,12,0.25,0.0778156162729216,8.55661975280919
Kings,2020-03-07T00:00:00.000,0,4,9,34,34,4,2020-03-07,0,9,0,0.0917650165895683,0
Kings,2020-03-08T00:00:00.000,2,6,10,44,44,6,2020-03-08,2,10,0.2,0.107743459360248,5.14108924178165
Kings,2020-03-09T00:00:00.000,1,7,31,75,75,7,2020-03-09,1,31,0.032258064516129,0.125856457476597,2.44078707812138
Kings,2020-03-10T00:00:00.000,7,14,29,104,104,14,2020-03-10,7,29,0.241379310344828,0.146149922593569,16.2292768845061
Kings,2020-03-11T00:00:00.000,2,16,24,128,128,16,2020-03-11,2,24,0.0833333333333333,0.168593572095523,4.40718976468262
Kings,2020-03-12T00:00:00.000,8,24,59,187,187,24,2020-03-12,8,59,0.135593220338983,0.193067875640555,16.769115152879
Kings,2020-03-13T00:00:00.000,17,41,136,323,323,41,2020-03-13,17,136,0.125,0.219357226910728,33.932627800721
Kings,2020-03-14T00:00:00.000,17,58,99,422,422,58,2020-03-14,17,99,0.171717171717172,0.247151528051161,32.3658588184012
Kings,2020-03-15T00:00:00.000,26,84,166,588,588,84,2020-03-15,26,166,0.156626506024096,0.276057223850084,47.9933977859514
Kings,2020-03-16T00:00:00.000,39,123,171,759,759,123,2020-03-16,39,171,0.228070175438596,0.305617208078603,69.785381399894
Kings,2020-03-17T00:00:00.000,264,387,741,1500,1500,387,2020-03-17,264,741,0.356275303643725,0.335337343368067,457.922565445816
Kings,2020-03-18T00:00:00.000,273,660,795,2295,2295,660,2020-03-18,273,795,0.343396226415094,0.364716069259882,459.114092685196
Kings,2020-03-19T00:00:00.000,674,1334,1553,3848,3848,1334,2020-03-19,674,1553,0.433998712169994,0.393273094759995,1099.41443749
Kings,2020-03-20T00:00:00.000,538,1872,1378,5226,5226,1872,2020-03-20,538,1378,0.390420899854862,0.420573594692929,851.599247240438
Kings,2020-03-21T00:00:00.000,893,2765,1941,7167,7167,2765,2020-03-21,893,1941,0.460072127769191,0.446245468337417,1372.34756610084
Kings,2020-03-22T00:00:00.000,702,3467,1506,8673,8673,3467,2020-03-22,702,1506,0.466135458167331,0.469988688898674,1048.55937344849
Kings,2020-03-23T00:00:00.000,700,4167,1422,10095,10095,4167,2020-03-23,700,1422,0.492264416315049,0.491577156205082,1017.57599054425
Kings,2020-03-24T00:00:00.000,779,4946,1474,11569,11569,4946,2020-03-24,779,1474,0.528493894165536,0.510854462468247,1103.73410422579
Kings,2020-03-25T00:00:00.000,755,5701,1550,13119,13119,5701,2020-03-25,755,1550,0.487096774193548,0.527725475476612,1052.97488267864
Kings,2020-03-26T00:00:00.000,1106,6807,1905,15024,15024,6807,2020-03-26,1106,1905,0.580577427821522,0.542145682594272,1520.48419322844
Kings,2020-03-27T00:00:00.000,1238,8045,2254,17278,17278,8045,2020-03-27,1238,2254,0.54924578527063,0.554109964125999,1679.49493922637
Kings,2020-03-28T00:00:00.000,973,9018,1790,19068,19068,9018,2020-03-28,973,1790,0.543575418994413,0.563642037844018,1306.78248743634
Kings,2020-03-29T00:00:00.000,1011,10029,1627,20695,20695,10029,2020-03-29,1011,1627,0.621389059618931,0.570785369331901,1356.34936857525
Kings,2020-03-30T00:00:00.000,1888,11917,3113,23808,23808,11917,2020-03-30,1888,3113,0.606488917442981,0.575595956757964,2541.88336666204
Kings,2020-03-31T00:00:00.000,1198,13115,2011,25819,25819,13115,2020-03-31,1198,2011,0.595723520636499,0.578137107779083,1616.75730467724
Kings,2020-04-01T00:00:00.000,1189,14304,2041,27860,27860,14304,2020-04-01,1189,2041,0.582557569818716,0.578476131005491,1606.11067094287
Kings,2020-04-02T00:00:00.000,1396,15700,2512,30372,30372,15700,2020-04-02,1396,2512,0.555732484076433,0.576682747040324,1861.05512868699
Kings,2020-04-03T00:00:00.000,1804,17504,3234,33606,33606,17504,2020-04-03,1804,3234,0.557823129251701,0.572828960676579,2376.32042508481
Kings,2020-04-04T00:00:00.000,1054,18558,1990,35596,35596,18558,2020-04-04,1054,1990,0.52964824120603,0.566990104050216,1384.10852079854
Kings,2020-04-05T00:00:00.000,1144,19702,2013,37609,37609,19702,2020-04-05,1144,2013,0.568306010928962,0.559246743539861,1496.50376500031
Kings,2020-04-06T00:00:00.000,1177,20879,2245,39854,39854,20879,2020-04-06,1177,2245,0.524276169265033,0.549687130858731,1544.61728924889
Kings,2020-04-07T00:00:00.000,1203,22082,2607,42461,42461,22082,2020-04-07,1203,2607,0.461449942462601,0.538409867679535,1587.38832515124
Kings,2020-04-08T00:00:00.000,1312,23394,2565,45026,45026,23394,2020-04-08,1312,2565,0.511500974658869,0.525526445632576,1740.45262561707
Kings,2020-04-09T00:00:00.000,1321,24715,2578,47604,47604,24715,2020-04-09,1321,2578,0.512412723041117,0.511163326161326,1761.62231572222
Kings,2020-04-10T00:00:00.000,1528,26243,2887,50491,50491,26243,2020-04-10,1528,2887,0.529269137512989,0.495463246185844,2048.03018421934
Kings,2020-04-11T00:00:00.000,1228,27471,2670,53161,53161,27471,2020-04-11,1228,2670,0.459925093632959,0.47858548402509,1655.24378469092
Kings,2020-04-12T00:00:00.000,933,28404,2029,55190,55190,28404,2020-04-12,933,2029,0.459832429768359,0.46070490025104,1269.86794518238
Kings,2020-04-13T00:00:00.000,902,29306,2055,57245,57245,29306,2020-04-13,902,2055,0.438929440389294,0.44200967894701,1238.8123932083
Kings,2020-04-14T00:00:00.000,2663,31969,5103,62348,62348,31969,2020-04-14,2663,5103,0.521849892220263,0.422697827391489,3687.46345904515
Kings,2020-04-15T00:00:00.000,1552,33521,3724,66072,66072,33521,2020-04-15,1552,3724,0.416756176154672,0.402972630692091,2162.63995027111
Kings,2020-04-16T00:00:00.000,1184,34705,3347,69419,69419,34705,2020-04-16,1184,3347,0.353749626531222,0.383037381804105,1655.70948877838
Kings,2020-04-17T00:00:00.000,1058,35763,3016,72435,72435,35763,2020-04-17,1058,3016,0.35079575596817,0.363089796071904,1483.26186508294
Kings,2020-04-18T00:00:00.000,719,36482,2390,74825,74825,36482,2020-04-18,719,2390,0.300836820083682,0.343316557079028,1009.40610182421
Kings,2020-04-19T00:00:00.000,548,37030,1835,76660,76660,37030,2020-04-19,548,1835,0.298637602179837,0.323888420472031,769.595021246556
Kings,2020-04-20T00:00:00.000,664,37694,2300,78960,78960,37694,2020-04-20,664,2300,0.288695652173913,0.304956228802072,931.985191190298
Kings,2020-04-21T00:00:00.000,787,38481,2827,81787,81787,38481,2020-04-21,787,2827,0.278386982667138,0.28664807742097,1103.07329516257
Kings,2020-04-22T00:00:00.000,873,39354,3526,85313,85313,39354,2020-04-22,873,3526,0.24758933635848,0.269067739518186,1220.88918842111
Kings,2020-04-23T00:00:00.000,1294,40648,5030,90343,90343,40648,2020-04-23,1294,5030,0.257256461232604,0.252294329121606,1804.20091054471
Kings,2020-04-24T00:00:00.000,1012,41660,4021,94364,94364,41660,2020-04-24,1012,4021,0.251678686893808,0.236383072504228,1405.68039238631
Kings,2020-04-25T00:00:00.000,827,42487,3685,98049,98049,42487,2020-04-25,827,3685,0.224423337856174,0.221366982560509,1143.51680112953
Kings,2020-04-26T00:00:00.000,527,43014,2684,100733,100733,43014,2020-04-26,527,2684,0.196348733233979,0.207259191271706,724.721722763618
Kings,2020-04-27T00:00:00.000,573,43587,2940,103673,103673,43587,2020-04-27,573,2940,0.194897959183673,0.194055689704984,783.012767495889
Kings,2020-04-28T00:00:00.000,649,44236,3873,107546,107546,44236,2020-04-28,649,3873,0.167570358894914,0.181738245803778,880.618303548072
Kings,2020-04-29T00:00:00.000,636,44872,3944,111490,111490,44872,2020-04-29,636,3944,0.161257606490872,0.170277308311783,859.248395172237
Kings,2020-04-30T00:00:00.000,647,45519,3927,115417,115417,45519,2020-04-30,647,3927,0.164756811815635,0.159634751398372,874.386849648425
Kings,2020-05-01T00:00:00.000,756,46275,4717,120134,120134,46275,2020-05-01,756,4717,0.160271358914564,0.149766361418104,1021.97988937881
Kings,2020-05-02T00:00:00.000,564,46839,3804,123938,123938,46839,2020-05-02,564,3804,0.148264984227129,0.140624009504957,761.795356744409
Kings,2020-05-03T00:00:00.000,344,47183,2545,126483,126483,47183,2020-05-03,344,2545,0.13516699410609,0.132157488384478,463.44175497571
Kings,2020-05-04T00:00:00.000,396,47579,3364,129847,129847,47579,2020-05-04,396,3364,0.117717003567182,0.124316017844339,531.315918796101
Kings,2020-05-05T00:00:00.000,395,47974,3597,133444,133444,47974,2020-05-05,395,3597,0.109813733666945,0.117049441038076,527.197202102518
Kings,2020-05-06T00:00:00.000,576,48550,5284,138728,138728,48550,2020-05-06,576,5284,0.109008327024981,0.11030914431816,764.784740571752
Kings,2020-05-07T00:00:00.000,448,48998,4582,143310,143310,48998,2020-05-07,448,4582,0.097773897861196,0.104048738118328,593.688391272138
Kings,2020-05-08T00:00:00.000,463,49461,4747,148057,148057,49461,2020-05-08,463,4747,0.097535285443438,0.0982245370425828,614.334910214976
Kings,2020-05-09T00:00:00.000,356,49817,3682,151739,151739,49817,2020-05-09,356,3682,0.0966865833785986,0.0927958751729863,472.911679038422
Kings,2020-05-10T00:00:00.000,255,50072,2825,154564,154564,50072,2020-05-10,255,2825,0.0902654867256637,0.0877252888224827,339.099695380191
Kings,2020-05-11T00:00:00.000,259,50331,2984,157548,157548,50331,2020-05-11,259,2984,0.0867962466487936,0.0829785944092214,344.718177946458
Kings,2020-05-12T00:00:00.000,336,50667,4615,162163,162163,50667,2020-05-12,336,4615,0.0728060671722644,0.0785248844444935,448.63264594415
Kings,2020-05-13T00:00:00.000,428,51095,6107,168270,168270,51095,2020-05-13,428,6107,0.0700835107253971,0.0743364602277744,575.199919968201
Kings,2020-05-14T00:00:00.000,486,51581,5741,174011,174011,51581,2020-05-14,486,5741,0.0846542414213552,0.0703887159742869,659.004720116906
Kings,2020-05-15T00:00:00.000,410,51991,5793,179804,179804,51991,2020-05-15,410,5793,0.0707750733644053,0.0666599858832739,560.529802134304
Kings,2020-05-16T00:00:00.000,307,52298,4377,184181,184181,52298,2020-05-16,307,4377,0.0701393648617775,0.0631313631245898,422.457923365144
Kings,2020-05-17T00:00:00.000,187,52485,3052,187233,187233,52485,2020-05-17,187,3052,0.0612712975098296,0.0597864978317984,258.043291541773
Kings,2020-05-18T00:00:00.000,196,52681,4133,191366,191366,52681,2020-05-18,196,4133,0.0474231792886523,0.0566113798783851,270.966643510476
Kings,2020-05-19T00:00:00.000,208,52889,3890,195256,195256,52889,2020-05-19,208,3890,0.0534704370179949,0.0535941113617855,287.858211175407
Kings,2020-05-20T00:00:00.000,496,53385,7252,202508,202508,53385,2020-05-20,496,7252,0.0683949255377827,0.050724673230904,687.410019765822
Kings,2020-05-21T00:00:00.000,254,53639,5372,207880,207880,53639,2020-05-21,254,5372,0.0472822040208488,0.0479946902325959,353.007345154845
Kings,2020-05-22T00:00:00.000,263,53902,6189,214069,214069,53902,2020-05-22,263,6189,0.0424947487477783,0.045397198222635,366.169021013978
Kings,2020-05-23T00:00:00.000,273,54175,6813,220882,220882,54175,2020-05-23,273,6813,0.040070453544694,0.0429264177853106,380.350600259513
Kings,2020-05-24T00:00:00.000,185,54360,4990,225872,225872,54360,2020-05-24,185,4990,0.0370741482965932,0.0405775379524562,257.633686239534
Kings,2020-05-25T00:00:00.000,200,54560,5214,231086,231086,54560,2020-05-25,200,5214,0.0383582662063675,0.0383465135598864,278.030023784363
Kings,2020-05-26T00:00:00.000,219,54779,5940,237026,237026,54779,2020-05-26,219,5940,0.0368686868686869,0.0362298793858854,303.681623057182
Kings,2020-05-27T00:00:00.000,368,55147,10938,247964,247964,55147,2020-05-27,368,10938,0.0336441762662278,0.0342245836882761,509.320629687679
Kings,2020-05-28T00:00:00.000,299,55446,10686,258650,258650,55446,2020-05-28,299,10686,0.0279805352798054,0.0323278430996741,412.665214755362
Kings,2020-05-29T00:00:00.000,281,55727,9619,268269,268269,55727,2020-05-29,281,9619,0.0292130159060193,0.0305370200952574,386.404702005829
Kings,2020-05-30T00:00:00.000,173,55900,7167,275436,275436,55900,2020-05-30,173,7167,0.024138412166876,0.0288495234558925,238.294421313922
Kings,2020-05-31T00:00:00.000,153,56053,5765,281201,281201,56053,2020-05-31,153,5765,0.026539462272333,0.0272627313640932,212.021159039633
Kings,2020-06-01T00:00:00.000,189,56242,7500,288701,288701,56242,2020-06-01,189,7500,0.0252,0.0257739360389502,263.596073699357
Kings,2020-06-02T00:00:00.000,163,56405,7485,296186,296186,56405,2020-06-02,163,7485,0.0217768871075484,0.0243803081852462,228.592022453412
Kings,2020-06-03T00:00:00.000,182,56587,7880,304066,304066,56587,2020-06-03,182,7880,0.0230964467005076,0.0230788790309369,256.399774919707
Kings,2020-06-04T00:00:00.000,183,56770,7659,311725,311725,56770,2020-06-04,183,7659,0.0238934586760674,0.0218665373767725,257.779912089126
Kings,2020-06-05T00:00:00.000,196,56966,9370,321095,321095,56966,2020-06-05,196,9370,0.0209178228388474,0.0207400388897711,275.747575692834
Kings,2020-06-06T00:00:00.000,165,57131,8378,329473,329473,57131,2020-06-06,165,8378,0.0196944378133206,0.0196960248288403,231.676514826815
Kings,2020-06-07T00:00:00.000,129,57260,7254,336727,336727,57260,2020-06-07,129,7254,0.0177832919768404,0.0187310474811819,180.642901116296
Kings,2020-06-08T00:00:00.000,107,57367,5499,342226,342226,57367,2020-06-08,107,5499,0.0194580832878705,0.0178415997876101,149.329665332259
Kings,2020-06-09T00:00:00.000,117,57484,8815,351041,351041,57484,2020-06-09,117,8815,0.0132728304027226,0.0170241469149797,162.624254613831
Kings,2020-06-10T00:00:00.000,121,57605,6515,357556,357556,57605,2020-06-10,121,6515,0.0185725249424405,0.0162751578645035,167.392540215507
Kings,2020-06-11T00:00:00.000,128,57733,8670,366226,366226,57733,2020-06-11,128,8670,0.0147635524798155,0.0155911355596773,176.130213936292
Kings,2020-06-12T00:00:00.000,186,57919,10217,376443,376443,57919,2020-06-12,186,10217,0.0182049525300969,0.0149686442118839,254.412852086398
Kings,2020-06-13T00:00:00.000,140,58059,9012,385455,385455,58059,2020-06-13,140,9012,0.0155348424323125,0.0144043330963983,190.235643782145
Kings,2020-06-14T00:00:00.000,118,58177,8880,394335,394335,58177,2020-06-14,118,8880,0.0132882882882883,0.013894956173371,159.193441738321
Kings,2020-06-15T00:00:00.000,97,58274,8034,402369,402369,58274,2020-06-15,97,8034,0.0120736868309684,0.0134373872483998,129.849911308391
Kings,2020-06-16T00:00:00.000,112,58386,8472,410841,410841,58386,2020-06-16,112,8472,0.0132200188857413,0.0130286305824677,148.685461543039
Kings,2020-06-17T00:00:00.000,116,58502,10052,420893,420893,58502,2020-06-17,116,10052,0.0115399920413848,0.0126658270312265,152.633674808411
Kings,2020-06-18T00:00:00.000,132,58634,10964,431857,431857,58634,2020-06-18,132,10964,0.0120394016782196,0.012346255922384,172.059652651556
Kings,2020-06-19T00:00:00.000,127,58761,10520,442377,442377,58761,2020-06-19,127,10520,0.0120722433460076,0.0120673329732101,163.909747485186
Kings,2020-06-20T00:00:00.000,113,58874,9864,452241,452241,58874,2020-06-20,113,9864,0.011455798864558,0.0118266046138464,144.33599315416
Kings,2020-06-21T00:00:00.000,75,58949,7192,459433,459433,58949,2020-06-21,75,7192,0.0104282536151279,0.0116217391241554,94.918564824078
Kings,2020-06-22T00:00:00.000,98,59047,5819,465252,465252,59047,2020-06-22,98,5819,0.0168413816807012,0.01145051501878,123.85655045704
Kings,2020-06-23T00:00:00.000,64,59111,6732,471984,471984,59111,2020-06-23,64,6732,0.0095068330362448,0.0113108071335336,80.7718387544669
Kings,2020-06-24T00:00:00.000,95,59206,7602,479586,479586,59206,2020-06-24,95,7602,0.012496711391739,0.0112005708811003,119.722243594727
Kings,2020-06-25T00:00:00.000,105,59311,7450,487036,487036,59311,2020-06-25,105,7450,0.0140939597315436,0.0111178251606745,131.995569530816
Kings,2020-06-26T00:00:00.000,109,59420,10239,497275,497275,59420,2020-06-26,109,10239,0.010645570856529,0.0110606344248228,136.437961369469
Kings,2020-06-27T00:00:00.000,87,59507,8508,505783,505783,59507,2020-06-27,87,8508,0.0102256699576869,0.0110270904317174,108.405096623744
Kings,2020-06-28T00:00:00.000,69,59576,5378,511161,511161,59576,2020-06-28,69,5378,0.0128300483451097,0.0110152942385798,85.5668220322662
Kings,2020-06-29T00:00:00.000,74,59650,6646,517807,517807,59650,2020-06-29,74,6646,0.0111345170027084,0.0110233390222525,91.3733670807652
Kings,2020-06-30T00:00:00.000,92,59742,7756,525563,525563,59742,2020-06-30,92,7756,0.0118617844249613,0.0110492943412842,113.814467923804
Kings,2020-07-01T00:00:00.000,113,59855,9252,534815,534815,59855,2020-07-01,113,9252,0.0122135754431474,0.0110911924752339,140.220401181525
Kings,2020-07-02T00:00:00.000,102,59957,8649,543464,543464,59957,2020-07-02,102,8649,0.0117932708983698,0.0111470174857196,126.828975813702
Kings,2020-07-03T00:00:00.000,121,60078,7506,550970,550970,60078,2020-07-03,121,7506,0.0161204369837463,0.011214697633409,150.15066967441
Kings,2020-07-04T00:00:00.000,71,60149,7534,558504,558504,60149,2020-07-04,71,7534,0.00942394478364746,0.0112921017480777,87.9184177559136
Kings,2020-07-05T00:00:00.000,62,60211,7273,565777,565777,60211,2020-07-05,62,7273,0.00852468032448783,0.0113770400807083,76.5898414248004
Kings,2020-07-06T00:00:00.000,70,60281,7673,573450,573450,60281,2020-07-06,70,7673,0.00912289847517268,0.0114672700610552,86.2555302336042
Kings,2020-07-07T00:00:00.000,105,60386,6914,580364,580364,60386,2020-07-07,105,6914,0.0151865779577668,0.0115605072399432,129.261100812334
Kings,2020-07-08T00:00:00.000,75,60461,7228,587592,587592,60461,2020-07-08,75,7228,0.0103763143331489,0.0116544415131781,92.225012088599
Kings,2020-07-09T00:00:00.000,99,60560,8795,596387,596387,60560,2020-07-09,99,8795,0.0112563956793633,0.0117467585068972,121.576169343113
Kings,2020-07-10T00:00:00.000,87,60647,7543,603930,603930,60647,2020-07-10,87,7543,0.0115338724645367,0.0118351657616598,106.677647229545
Kings,2020-07-11T00:00:00.000,101,60748,7261,611191,611191,60748,2020-07-11,101,7261,0.0139099297617408,0.0119174230953776,123.631869160127
Kings,2020-07-12T00:00:00.000,67,60815,5925,617116,617116,60815,2020-07-12,67,5925,0.0113080168776371,0.0119913762690681,81.8563303118132
Kings,2020-07-13T00:00:00.000,89,60904,5637,622753,622753,60904,2020-07-13,89,5637,0.015788540003548,0.0120549928426586,108.50498402961
Kings,2020-07-14T00:00:00.000,108,61012,7601,630354,630354,61012,2020-07-14,108,7601,0.01420865675569,0.0121063989077659,131.365250666033
Kings,2020-07-15T00:00:00.000,112,61124,8189,638543,638543,61124,2020-07-15,112,8189,0.0136768836243742,0.0121439152411441,135.890312718743
Kings,2020-07-16T00:00:00.000,109,61233,10677,649220,649220,61233,2020-07-16,109,10677,0.0102088601667135,0.0121660913493448,132.015237305703
Kings,2020-07-17T00:00:00.000,118,61351,9343,658563,658563,61351,2020-07-17,118,9343,0.0126297763031146,0.012171735885808,143.109711401235
Kings,2020-07-18T00:00:00.000,81,61432,6260,664823,664823,61432,2020-07-18,81,6260,0.0129392971246006,0.0121599420201025,98.3136991058868
Kings,2020-07-19T00:00:00.000,56,61488,5904,670727,670727,61488,2020-07-19,56,5904,0.00948509485094851,0.0121301065250564,67.9829227002023
Kings,2020-07-20T00:00:00.000,80,61568,8084,678811,678811,61568,2020-07-20,80,8084,0.0098960910440376,0.0120819416120421,97.0170442537115
Kings,2020-07-21T00:00:00.000,94,61662,8182,686993,686993,61662,2020-07-21,94,8182,0.0114886335859203,0.0120154788733742,113.411090333184
Kings,2020-07-22T00:00:00.000,90,61752,8779,695772,695772,61752,2020-07-22,90,8779,0.0102517370998975,0.011931065060921,107.863449829056
Kings,2020-07-23T00:00:00.000,72,61824,9523,705295,705295,61824,2020-07-23,72,9523,0.00756064265462564,0.0118293498195972,85.6035136850057
Kings,2020-07-24T00:00:00.000,102,61926,7669,712964,712964,61926,2020-07-24,102,7669,0.0133002999087234,0.0117112658737166,120.176917903196
Kings,2020-07-25T00:00:00.000,62,61988,6610,719574,719574,61988,2020-07-25,62,6610,0.00937972768532526,0.011578002510424,72.5945678201409
Kings,2020-07-26T00:00:00.000,65,62053,7052,726626,726626,62053,2020-07-26,65,7052,0.00921724333522405,0.0114309734933216,76.1154898902183
Kings,2020-07-27T00:00:00.000,57,62110,6374,733000,733000,62110,2020-07-27,57,6374,0.00894257922811421,0.0112717807540972,66.6928523650312
Kings,2020-07-28T00:00:00.000,84,62194,8815,741815,741815,62194,2020-07-28,84,8815,0.00952921157118548,0.0111021753397156,98.0883742043368
Kings,2020-07-29T00:00:00.000,101,62295,9160,750975,750975,62295,2020-07-29,101,9160,0.0110262008733624,0.0109240171336667,117.969542272235
Kings,2020-07-30T00:00:00.000,90,62385,9095,760070,760070,62385,2020-07-30,90,9095,0.00989554700384827,0.0107392348243595,105.380854164666
Kings,2020-07-31T00:00:00.000,109,62494,10667,770737,770737,62494,2020-07-31,109,10667,0.0102184306740414,0.0105497874733923,127.908101132734
Kings,2020-08-01T00:00:00.000,83,62577,7441,778178,778178,62577,2020-08-01,83,7441,0.0111544147292031,0.0103576288528348,97.5836030455009
Kings,2020-08-02T00:00:00.000,64,62641,6911,785089,785089,62641,2020-08-02,64,6911,0.00926059904500072,0.0101646754938138,75.3275767282207
Kings,2020-08-03T00:00:00.000,74,62715,7510,792599,792599,62715,2020-08-03,74,7510,0.00985352862849534,0.00997277913598421,87.0509766933052
Kings,2020-08-04T00:00:00.000,75,62790,8138,800737,800737,62790,2020-08-04,75,8138,0.0092160235930204,0.00978370400746821,88.1481895597682
Kings,2020-08-05T00:00:00.000,100,62890,8929,809666,809666,62890,2020-08-05,100,8929,0.0111994624258036,0.00959910911460065,117.403591414304
Kings,2020-08-06T00:00:00.000,109,62999,8735,818401,818401,62999,2020-08-06,109,8735,0.0124785346307956,0.00942053549375292,127.770834609009
Kings,2020-08-07T00:00:00.000,87,63086,9201,827602,827602,63086,2020-08-07,87,9201,0.00945549396804695,0.00924939818260292,101.716701127894
Kings,2020-08-08T00:00:00.000,69,63155,7685,835287,835287,63155,2020-08-08,69,7685,0.00897852960312297,0.00908698251303787,80.5970753804416
Kings,2020-08-09T00:00:00.000,68,63223,6590,841877,841877,63223,2020-08-09,68,6590,0.0103186646433991,0.00893444421379098,79.3887501933048
Kings,2020-08-10T00:00:00.000,85,63308,7833,849710,849710,63308,2020-08-10,85,7833,0.0108515255968339,0.00879281273690851,99.1297373527841
Kings,2020-08-11T00:00:00.000,102,63410,13378,863088,863088,63410,2020-08-11,102,13378,0.00762445806548064,0.00866299718614466,118.766244282975
Kings,2020-08-12T00:00:00.000,132,63542,11994,875082,875082,63542,2020-08-12,132,11994,0.0110055027513757,0.00854579422085678,153.379689270376
Kings,2020-08-13T00:00:00.000,94,63636,11535,886617,886617,63636,2020-08-13,94,11535,0.00814911140008669,0.00844189733057357,108.952868901464
Kings,2020-08-14T00:00:00.000,143,63779,11157,897774,897774,63779,2020-08-14,143,11157,0.0128170655194049,0.00835190691669782,165.26902288595
Kings,2020-08-15T00:00:00.000,82,63861,9558,907332,907332,63861,2020-08-15,82,9558,0.00857920066959615,0.00827634067234043,94.738982745976
Kings,2020-08-16T00:00:00.000,52,63913,7179,914511,914511,63913,2020-08-16,52,7179,0.00724334865580164,0.00821564381296972,60.0375388952156
Kings,2020-08-17T00:00:00.000,89,64002,6633,921144,921144,64002,2020-08-17,89,6633,0.0134177596864164,0.00817019877617609,102.975826339446
Kings,2020-08-18T00:00:00.000,80,64082,9135,930279,930279,64082,2020-08-18,80,9135,0.00875752599890531,0.00814033407276156,92.7461514482494
Kings,2020-08-19T00:00:00.000,80,64162,8865,939144,939144,64162,2020-08-19,80,8865,0.00902425267907501,0.0081263320324841,92.9094142425838
Kings,2020-08-20T00:00:00.000,74,64236,10187,949331,949331,64236,2020-08-20,74,10187,0.0072641602041818,0.00812843524423696,86.0708491885344
Kings,2020-08-21T00:00:00.000,65,64301,10756,960087,960087,64301,2020-08-21,65,10756,0.00604313871327631,0.00814685154090381,75.6957005541126
Kings,2020-08-22T00:00:00.000,74,64375,9136,969223,969223,64375,2020-08-22,74,9136,0.00809982486865149,0.00818175742437974,86.2562244242153
Kings,2020-08-23T00:00:00.000,47,64422,7826,977049,977049,64422,2020-08-23,47,7826,0.00600562228469205,0.00823329986739433,54.810014209953
Kings,2020-08-24T00:00:00.000,73,64495,7208,984257,984257,64495,2020-08-24,73,7208,0.0101276359600444,0.00830159646516182,85.011396614904
Kings,2020-08-25T00:00:00.000,77,64572,7983,992240,992240,64572,2020-08-25,77,7983,0.00964549668044595,0.00838673394545026,89.5110797060728
Kings,2020-08-26T00:00:00.000,92,64664,9336,1001576,1001576,64664,2020-08-26,92,9336,0.00985432733504713,0.00848876507942409,106.918488383852
Kings,2020-08-27T00:00:00.000,90,64754,12225,1013801,1013801,64754,2020-08-27,90,12225,0.00736196319018405,0.00860770407081599,104.635322522792
Kings,2020-08-28T00:00:00.000,103,64857,10972,1024773,1024773,64857,2020-08-28,103,10972,0.00938753189938024,0.00874352053748869,119.787180720598
Kings,2020-08-29T00:00:00.000,73,64930,11050,1035823,1035823,64930,2020-08-29,73,11050,0.00660633484162896,0.00889613223943418,85.0342009597096
Kings,2020-08-30T00:00:00.000,68,64998,6957,1042780,1042780,64998,2020-08-30,68,6957,0.00977432801494897,0.00906539674947938,79.307026295537
Kings,2020-08-31T00:00:00.000,120,65118,9322,1052102,1052102,65118,2020-08-31,120,9322,0.0128727740828148,0.00925110230921245,140.307836604935
Kings,2020-09-01T00:00:00.000,83,65201,9607,1061709,1061709,65201,2020-09-01,83,9607,0.00863953367336317,0.00945295816032672,97.5136547978381
Kings,2020-09-02T00:00:00.000,127,65328,10442,1072151,1072151,65328,2020-09-02,127,10442,0.0121624209921471,0.00967058469051704,150.600164372294
Kings,2020-09-03T00:00:00.000,112,65440,13256,1085407,1085407,65440,2020-09-03,112,13256,0.00844900422450211,0.00990350378011802,134.071717368417
Kings,2020-09-04T00:00:00.000,100,65540,10629,1096036,1096036,65540,2020-09-04,100,10629,0.00940822278671559,0.0101511297788265,120.547145269287
Kings,2020-09-05T00:00:00.000,86,65626,11109,1107145,1107145,65626,2020-09-05,86,11109,0.0077414708794671,0.0104127615766732,104.257798915547
Kings,2020-09-06T00:00:00.000,74,65700,7350,1114495,1114495,65700,2020-09-06,74,7350,0.0100680272108844,0.0106875762569568,90.1847505758986
Kings,2020-09-07T00:00:00.000,57,65757,6683,1121178,1121178,65757,2020-09-07,57,6683,0.00852910369594494,0.0109746248262862,69.8149696033932
Kings,2020-09-08T00:00:00.000,62,65819,8221,1129399,1129399,65819,2020-09-08,62,8221,0.0075416615983457,0.0112728305051489,76.2968031468917
Kings,2020-09-09T00:00:00.000,110,65929,9082,1138481,1138481,65929,2020-09-09,110,9082,0.0121118696322396,0.0115809900269723,135.959187997376
Kings,2020-09-10T00:00:00.000,80,66009,9839,1148320,1148320,66009,2020-09-10,80,9839,0.00813090761256225,0.0118977783337565,99.2801772576304
Kings,2020-09-11T00:00:00.000,115,66124,11402,1159722,1159722,66124,2020-09-11,115,11402,0.0100859498333626,0.0122217569688594,143.85034625941
Kings,2020-09-12T00:00:00.000,73,66197,7592,1167314,1167314,66197,2020-09-12,73,7592,0.00961538461538462,0.0125513863548301,92.0654876310296
Kings,2020-09-13T00:00:00.000,77,66274,7304,1174618,1174618,66274,2020-09-13,77,7304,0.0105421686746988,0.0128850420073118,97.8844241758843
Kings,2020-09-14T00:00:00.000,107,66381,7997,1182615,1182615,66381,2020-09-14,107,7997,0.013380017506565,0.013221034580676,137.058459039674
Kings,2020-09-15T00:00:00.000,87,66468,9006,1191621,1191621,66468,2020-09-15,87,9006,0.00966022651565623,0.0135576334724906,112.241099161609
Kings,2020-09-16T00:00:00.000,118,66586,8620,1200241,1200241,66586,2020-09-16,118,8620,0.0136890951276102,0.0138930935415338,153.248599992602
Kings,2020-09-17T00:00:00.000,151,66737,10338,1210579,1210579,66737,2020-09-17,151,10338,0.0146063068291739,0.0142256843265692,197.289266161721
Kings,2020-09-18T00:00:00.000,234,66971,13785,1224364,1224364,66971,2020-09-18,234,13785,0.016974972796518,0.0145537210006534,307.356736884789
Kings,2020-09-19T00:00:00.000,165,67136,12173,1236537,1236537,67136,2020-09-19,165,12173,0.0135545880226731,0.0148755961692528,217.699545274235
Kings,2020-09-20T00:00:00.000,91,67227,7210,1243747,1243747,67227,2020-09-20,91,7210,0.012621359223301,0.0151898115268003,120.469803449373
Kings,2020-09-21T00:00:00.000,164,67391,11982,1255729,1255729,67391,2020-09-21,164,11982,0.013687197462861,0.0154950083360927,217.555415954804
Kings,2020-09-22T00:00:00.000,119,67510,7472,1263201,1263201,67510,2020-09-22,119,7472,0.0159261241970021,0.0157899956883804,158.004422711759
Kings,2020-09-23T00:00:00.000,207,67717,11102,1274303,1274303,67717,2020-09-23,207,11102,0.0186452891370924,0.0160737755451523,274.766429253895
Kings,2020-09-24T00:00:00.000,175,67892,10044,1284347,1284347,67892,2020-09-24,175,10044,0.0174233373158104,0.0163455636503735,233.17558093448
Kings,2020-09-25T00:00:00.000,203,68095,12389,1296736,1296736,68095,2020-09-25,203,12389,0.016385503269029,0.0166048055302962,270.90393819157
Kings,2020-09-26T00:00:00.000,184,68279,9241,1305977,1305977,68279,2020-09-26,184,9241,0.0199112650146088,0.0168511869596185,245.62162888366
Kings,2020-09-27T00:00:00.000,183,68462,6981,1312958,1312958,68462,2020-09-27,183,6981,0.0262140094542329,0.0170846384551821,244.076980706098
Kings,2020-09-28T00:00:00.000,196,68658,11496,1324454,1324454,68658,2020-09-28,196,11496,0.0170494084899095,0.0173053335504129,260.722111882196
Kings,2020-09-29T00:00:00.000,186,68844,10547,1335001,1335001,68844,2020-09-29,186,10547,0.017635346544041,0.0175136807928276,246.425396525253
Kings,2020-09-30T00:00:00.000,218,69062,11390,1346391,1346391,69062,2020-09-30,218,11390,0.0191395961369622,0.0177103095781404,287.307755773374
Kings,2020-10-01T00:00:00.000,257,69319,13484,1359875,1359875,69319,2020-10-01,257,13484,0.0190596262236725,0.0178960500794087,336.528660150794
Kings,2020-10-02T00:00:00.000,358,69677,15896,1375771,1375771,69677,2020-10-02,358,15896,0.0225213890286865,0.0180719076362804,466.43617278607
Kings,2020-10-03T00:00:00.000,256,69933,10882,1386653,1386653,69933,2020-10-03,256,10882,0.0235250873001287,0.0182390320321926,334.470350219078
Kings,2020-10-04T00:00:00.000,198,70131,7790,1394443,1394443,70131,2020-10-04,198,7790,0.0254172015404365,0.0183986821032145,260.3069702426
Kings,2020-10-05T00:00:00.000,223,70354,10652,1405095,1405095,70354,2020-10-05,223,10652,0.0209350356740518,0.0185521860900901,295.213792817184
Kings,2020-10-06T00:00:00.000,262,70616,11670,1416765,1416765,70616,2020-10-06,262,11670,0.0224507283633248,0.0187008980686729,349.248061886449
Kings,2020-10-07T00:00:00.000,283,70899,17061,1433826,1433826,70899,2020-10-07,283,17061,0.0165875388312526,0.018846150679982,379.842205894452
Kings,2020-10-08T00:00:00.000,300,71199,15913,1449739,1449739,71199,2020-10-08,300,15913,0.018852510525985,0.0189892042392055,405.415096720646
Kings,2020-10-09T00:00:00.000,236,71435,16528,1466267,1466267,71435,2020-10-09,236,16528,0.0142787996127783,0.0191311921455769,321.089663220085
Kings,2020-10-10T00:00:00.000,200,71635,13012,1479279,1479279,71635,2020-10-10,200,13012,0.0153704272978789,0.019273062358714,273.937169497392
Kings,2020-10-11T00:00:00.000,121,71756,10104,1489383,1489383,71756,2020-10-11,121,10104,0.0119754552652415,0.0194155145697852,166.833110645725
Lewis,2020-03-01T00:00:00.000,0,0,0,0,0,0,2020-03-01,0,0,0,0.00437545448435914,0
Lewis,2020-03-02T00:00:00.000,0,0,0,0,0,0,2020-03-02,0,0,0,0.0048475815897249,0
Lewis,2020-03-03T00:00:00.000,0,0,0,0,0,0,2020-03-03,0,0,0,0.00537009985371411,0
Lewis,2020-03-04T00:00:00.000,0,0,0,0,0,0,2020-03-04,0,0,0,0.00594778799587645,0
Lewis,2020-03-05T00:00:00.000,0,0,0,0,0,0,2020-03-05,0,0,0,0.00658550188597789,0
Lewis,2020-03-06T00:00:00.000,0,0,0,0,0,0,2020-03-06,0,0,0,0.00728807041007352,0
Lewis,2020-03-07T00:00:00.000,0,0,0,0,0,0,2020-03-07,0,0,0,0.00806016610574501,0
Lewis,2020-03-08T00:00:00.000,0,0,0,0,0,0,2020-03-08,0,0,0,0.00890614965691639,0
Lewis,2020-03-09T00:00:00.000,0,0,0,0,0,0,2020-03-09,0,0,0,0.00982988872732546,0
Lewis,2020-03-10T00:00:00.000,0,0,0,0,0,0,2020-03-10,0,0,0,0.0108345533827148,0
Lewis,2020-03-11T00:00:00.000,0,0,0,0,0,0,2020-03-11,0,0,0,0.0119223924704127,0
Lewis,2020-03-12T00:00:00.000,0,0,0,0,0,0,2020-03-12,0,0,0,0.0130944976848964,0
Lewis,2020-03-13T00:00:00.000,0,0,1,1,1,0,2020-03-13,0,1,0,0.0143505644966689,0
Lewis,2020-03-14T00:00:00.000,0,0,0,1,1,0,2020-03-14,0,0,0,0.0156886614457885,0
Lewis,2020-03-15T00:00:00.000,0,0,2,3,3,0,2020-03-15,0,2,0,0.017105021233721,0
Lewis,2020-03-16T00:00:00.000,0,0,0,3,3,0,2020-03-16,0,0,0,0.0185938683191657,0
Lewis,2020-03-17T00:00:00.000,0,0,1,4,4,0,2020-03-17,0,1,0,0.020147298043761,0
Lewis,2020-03-18T00:00:00.000,0,0,0,4,4,0,2020-03-18,0,0,0,0.0217552214866306,0
Lewis,2020-03-19T00:00:00.000,0,0,2,6,6,0,2020-03-19,0,2,0,0.023405388116807,0
Lewis,2020-03-20T00:00:00.000,0,0,1,7,7,0,2020-03-20,0,1,0,0.025083494910464,0
Lewis,2020-03-21T00:00:00.000,0,0,4,11,11,0,2020-03-21,0,4,0,0.0267733860482493,0
Lewis,2020-03-22T00:00:00.000,0,0,4,15,15,0,2020-03-22,0,4,0,0.0284573419334809,0
Lewis,2020-03-23T00:00:00.000,0,0,5,20,20,0,2020-03-23,0,5,0,0.0301164504862469,0
Lewis,2020-03-24T00:00:00.000,0,0,0,20,20,0,2020-03-24,0,0,0,0.0317310480009457,0
Lewis,2020-03-25T00:00:00.000,0,0,5,25,25,0,2020-03-25,0,5,0,0.033281211828726,0
Lewis,2020-03-26T00:00:00.000,0,0,5,30,30,0,2020-03-26,0,5,0,0.0347472832562284,0
Lewis,2020-03-27T00:00:00.000,0,0,6,36,36,0,2020-03-27,0,6,0,0.0361103965727221,0
Lewis,2020-03-28T00:00:00.000,2,2,7,43,43,2,2020-03-28,2,7,0.285714285714286,0.0373529896723853,2.04763554682373
Lewis,2020-03-29T00:00:00.000,0,2,16,59,59,2,2020-03-29,0,16,0,0.038459272648038,0
Lewis,2020-03-30T00:00:00.000,0,2,5,64,64,2,2020-03-30,0,5,0,0.039415633583184,0
Lewis,2020-03-31T00:00:00.000,0,2,3,67,67,2,2020-03-31,0,3,0,0.0402109648131936,0
Lewis,2020-04-01T00:00:00.000,0,2,5,72,72,2,2020-04-01,0,5,0,0.0408368979290237,0
Lewis,2020-04-02T00:00:00.000,0,2,5,77,77,2,2020-04-02,0,5,0,0.0412879412661383,0
Lewis,2020-04-03T00:00:00.000,0,2,5,82,82,2,2020-04-03,0,5,0,0.0415615191159811,0
Lewis,2020-04-04T00:00:00.000,1,3,19,101,101,3,2020-04-04,1,19,0.0526315789473684,0.0416579169924031,1.01144375787307
Lewis,2020-04-05T00:00:00.000,3,6,11,112,112,6,2020-04-05,3,11,0.272727272727273,0.0415801416728071,3.02622555356555
Lewis,2020-04-06T00:00:00.000,0,6,11,123,123,6,2020-04-06,0,11,0,0.0413337081715066,0
Lewis,2020-04-07T00:00:00.000,0,6,6,129,129,6,2020-04-07,0,6,0,0.0409263681644276,0
Lewis,2020-04-08T00:00:00.000,0,6,8,137,137,6,2020-04-08,0,8,0,0.0403677956599096,0
Lewis,2020-04-09T00:00:00.000,0,6,23,160,160,6,2020-04-09,0,23,0,0.0396692459459553,0
Lewis,2020-04-10T00:00:00.000,0,6,0,160,160,6,2020-04-10,0,0,0,0.0388432031603641,0
Lewis,2020-04-11T00:00:00.000,0,6,6,166,166,6,2020-04-11,0,6,0,0.0379030304296792,0
Lewis,2020-04-12T00:00:00.000,0,6,3,169,169,6,2020-04-12,0,3,0,0.0368626345444737,0
Lewis,2020-04-13T00:00:00.000,1,7,11,180,180,7,2020-04-13,1,11,0.0909090909090909,0.0357361548516371,1.06798857821444
Lewis,2020-04-14T00:00:00.000,0,7,0,180,180,7,2020-04-14,0,0,0.116883116883117,0.034537683573654,0
Lewis,2020-04-15T00:00:00.000,1,8,7,187,187,8,2020-04-15,1,7,0.142857142857143,0.0332810223399806,1.08588695356229
Lewis,2020-04-16T00:00:00.000,0,8,2,189,189,8,2020-04-16,0,2,0,0.0319794774247641,0
Lewis,2020-04-17T00:00:00.000,0,8,0,189,189,8,2020-04-17,0,0,0,0.0306456941768454,0
Lewis,2020-04-18T00:00:00.000,0,8,14,203,203,8,2020-04-18,0,14,0,0.0292915294442127,0
Lewis,2020-04-19T00:00:00.000,1,9,7,210,210,9,2020-04-19,1,7,0.142857142857143,0.0279279594794221,1.0991224266876
Lewis,2020-04-20T00:00:00.000,0,9,1,211,211,9,2020-04-20,0,1,0,0.0265650198834103,0
Lewis,2020-04-21T00:00:00.000,0,9,1,212,212,9,2020-04-21,0,1,0,0.02521177355729,0
Lewis,2020-04-22T00:00:00.000,0,9,8,220,220,9,2020-04-22,0,8,0,0.0238763023745911,0
Lewis,2020-04-23T00:00:00.000,0,9,3,223,223,9,2020-04-23,0,3,0,0.0225657182931619,0
Lewis,2020-04-24T00:00:00.000,0,9,41,264,264,9,2020-04-24,0,41,0,0.021286189838102,0
Lewis,2020-04-25T00:00:00.000,0,9,12,276,276,9,2020-04-25,0,12,0,0.0200429802628481,0
Lewis,2020-04-26T00:00:00.000,0,9,14,290,290,9,2020-04-26,0,14,0,0.0188404941548103,0
Lewis,2020-04-27T00:00:00.000,0,9,6,296,296,9,2020-04-27,0,6,0,0.0176823297699863,0
Lewis,2020-04-28T00:00:00.000,0,9,4,300,300,9,2020-04-28,0,4,0,0.0165713348915506,0
Lewis,2020-04-29T00:00:00.000,0,9,14,314,314,9,2020-04-29,0,14,0,0.0155096644982123,0
Lewis,2020-04-30T00:00:00.000,0,9,4,318,318,9,2020-04-30,0,4,0,0.0144988389610951,0
Lewis,2020-05-01T00:00:00.000,0,9,12,330,330,9,2020-05-01,0,12,0,0.01353980185166,0
Lewis,2020-05-02T00:00:00.000,0,9,1,331,331,9,2020-05-02,0,1,0,0.0126329767373312,0
Lewis,2020-05-03T00:00:00.000,0,9,9,340,340,9,2020-05-03,0,9,0,0.0117783225551513,0
Lewis,2020-05-04T00:00:00.000,0,9,6,346,346,9,2020-05-04,0,6,0,0.0109753873014823,0
Lewis,2020-05-05T00:00:00.000,0,9,4,350,350,9,2020-05-05,0,4,0,0.0102233598658874,0
Lewis,2020-05-06T00:00:00.000,1,10,25,375,375,10,2020-05-06,1,25,0.04,0.00952111987543281,1.03926040752525
Lewis,2020-05-07T00:00:00.000,0,10,20,395,395,10,2020-05-07,0,20,0,0.00886728542745142,0
Lewis,2020-05-08T00:00:00.000,1,11,85,480,480,11,2020-05-08,1,85,0.0117647058823529,0.00826025857539187,1.03586120791321
Lewis,2020-05-09T00:00:00.000,0,11,95,575,575,11,2020-05-09,0,95,0,0.00769826841306392,0
Lewis,2020-05-10T00:00:00.000,0,11,65,640,640,11,2020-05-10,0,65,0,0.00717941158519638,0
Lewis,2020-05-11T00:00:00.000,0,11,16,656,656,11,2020-05-11,0,16,0,0.00670169004321984,0
Lewis,2020-05-12T00:00:00.000,0,11,10,666,666,11,2020-05-12,0,10,0,0.00626304586905696,0
Lewis,2020-05-13T00:00:00.000,1,12,31,697,697,12,2020-05-13,1,31,0.032258064516129,0.00586139300942755,1.04244930575818
Lewis,2020-05-14T00:00:00.000,0,12,236,933,933,12,2020-05-14,0,236,0,0.00549464579685051,0
Lewis,2020-05-15T00:00:00.000,1,13,108,1041,1041,13,2020-05-15,1,108,0.00925925925925926,0.00516074417799037,1.05852120544306
Lewis,2020-05-16T00:00:00.000,3,16,62,1103,1103,16,2020-05-16,3,62,0.0483870967741935,0.00485767562445024,3.19436599172953
Lewis,2020-05-17T00:00:00.000,1,17,123,1226,1226,17,2020-05-17,1,123,0.00813008130081301,0.00458349375671914,1.06735851599209
Lewis,2020-05-18T00:00:00.000,1,18,27,1253,1253,18,2020-05-18,1,27,0.037037037037037,0.0043363337695959,1.06925590306209
Lewis,2020-05-19T00:00:00.000,0,18,34,1287,1287,18,2020-05-19,0,34,0,0.00411442479683099,0
Lewis,2020-05-20T00:00:00.000,0,18,176,1463,1463,18,2020-05-20,0,176,0,0.0039160993975312,0
Lewis,2020-05-21T00:00:00.000,1,19,101,1564,1564,19,2020-05-21,1,101,0.0099009900990099,0.0037398003780621,1.07675165561427
Lewis,2020-05-22T00:00:00.000,0,19,62,1626,1626,19,2020-05-22,0,62,0,0.00358408518403803,0
Lewis,2020-05-23T00:00:00.000,0,19,77,1703,1703,19,2020-05-23,0,77,0,0.00344762810513805,0
Lewis,2020-05-24T00:00:00.000,0,19,43,1746,1746,19,2020-05-24,0,43,0,0.00332922053054231,0
Lewis,2020-05-25T00:00:00.000,1,20,25,1771,1771,20,2020-05-25,1,25,0.04,0.00322776947851019,1.08537387484972
Lewis,2020-05-26T00:00:00.000,0,20,22,1793,1793,20,2020-05-26,0,22,0,0.00314229459774769,0
Lewis,2020-05-27T00:00:00.000,0,20,34,1827,1827,20,2020-05-27,0,34,0,0.00307192380696428,0
Lewis,2020-05-28T00:00:00.000,0,20,148,1975,1975,20,2020-05-28,0,148,0,0.00301588770089708,0
Lewis,2020-05-29T00:00:00.000,0,20,77,2052,2052,20,2020-05-29,0,77,0,0.00297351281104094,0
Lewis,2020-05-30T00:00:00.000,0,20,51,2103,2103,20,2020-05-30,0,51,0,0.00294421376881947,0
Lewis,2020-05-31T00:00:00.000,0,20,64,2167,2167,20,2020-05-31,0,64,0,0.0029274843812586,0
Lewis,2020-06-01T00:00:00.000,0,20,70,2237,2237,20,2020-06-01,0,70,0,0.00292288759662617,0
Lewis,2020-06-02T00:00:00.000,0,20,93,2330,2330,20,2020-06-02,0,93,0,0.0029300443146361,0
Lewis,2020-06-03T00:00:00.000,0,20,72,2402,2402,20,2020-06-03,0,72,0,0.00294862098466672,0
Lewis,2020-06-04T00:00:00.000,0,20,178,2580,2580,20,2020-06-04,0,178,0,0.00297831594017417,0
Lewis,2020-06-05T00:00:00.000,0,20,109,2689,2689,20,2020-06-05,0,109,0,0.00301884444263168,0
Lewis,2020-06-06T00:00:00.000,0,20,59,2748,2748,20,2020-06-06,0,59,0,0.0030699224557789,0
Lewis,2020-06-07T00:00:00.000,0,20,115,2863,2863,20,2020-06-07,0,115,0,0.00313124924433091,0
Lewis,2020-06-08T00:00:00.000,0,20,29,2892,2892,20,2020-06-08,0,29,0,0.00320248899198874,0
Lewis,2020-06-09T00:00:00.000,0,20,64,2956,2956,20,2020-06-09,0,64,0,0.00328325176092984,0
Lewis,2020-06-10T00:00:00.000,0,20,138,3094,3094,20,2020-06-10,0,138,0,0.00337307426489225,0
Lewis,2020-06-11T00:00:00.000,0,20,126,3220,3220,20,2020-06-11,0,126,0,0.00347140109456855,0
Lewis,2020-06-12T00:00:00.000,0,20,71,3291,3291,20,2020-06-12,0,71,0,0.00357756720550122,0
Lewis,2020-06-13T00:00:00.000,0,20,64,3355,3355,20,2020-06-13,0,64,0,0.00369078263923029,0
Lewis,2020-06-14T00:00:00.000,0,20,70,3425,3425,20,2020-06-14,0,70,0,0.00381012057899284,0
Lewis,2020-06-15T00:00:00.000,0,20,21,3446,3446,20,2020-06-15,0,21,0,0.00393450991851817,0
Lewis,2020-06-16T00:00:00.000,1,21,32,3478,3478,21,2020-06-16,1,32,0.03125,0.00406273352340475,1.18152370513522
Lewis,2020-06-17T00:00:00.000,0,21,109,3587,3587,21,2020-06-17,0,109,0,0.00419343326700647,0
Lewis,2020-06-18T00:00:00.000,0,21,94,3681,3681,21,2020-06-18,0,94,0,0.00432512271063323,0
Lewis,2020-06-19T00:00:00.000,1,22,74,3755,3755,22,2020-06-19,1,74,0.0135135135135135,0.00445620796497762,1.16825184532597
Lewis,2020-06-20T00:00:00.000,1,23,61,3816,3816,23,2020-06-20,1,61,0.0163934426229508,0.00458501682115904,1.16183454948231
Lewis,2020-06-21T00:00:00.000,0,23,76,3892,3892,23,2020-06-21,0,76,0,0.00470983569823489,0
Lewis,2020-06-22T00:00:00.000,1,24,18,3910,3910,24,2020-06-22,1,18,0.0555555555555556,0.00482895335638271,1.15929964678126
Lewis,2020-06-23T00:00:00.000,0,24,32,3942,3942,24,2020-06-23,0,32,0,0.00494070972335257,0
Lewis,2020-06-24T00:00:00.000,1,25,89,4031,4031,25,2020-06-24,1,89,0.0112359550561798,0.00504354763680629,1.16359229947474
Lewis,2020-06-25T00:00:00.000,1,26,91,4122,4122,26,2020-06-25,1,91,0.010989010989011,0.00513606488340356,1.1636734382086
Lewis,2020-06-26T00:00:00.000,0,26,56,4178,4178,26,2020-06-26,0,56,0,0.00521706367050861,0
Lewis,2020-06-27T00:00:00.000,3,29,89,4267,4267,29,2020-06-27,3,89,0.0337078651685393,0.00528559464761762,3.47308166062982
Lewis,2020-06-28T00:00:00.000,1,30,61,4328,4328,30,2020-06-28,1,61,0.0163934426229508,0.00534099281717371,1.15350345832719
Lewis,2020-06-29T00:00:00.000,0,30,13,4341,4341,30,2020-06-29,0,13,0,0.00538290313482162,0
Lewis,2020-06-30T00:00:00.000,0,30,25,4366,4366,30,2020-06-30,0,25,0,0.00541129426126789,0
Lewis,2020-07-01T00:00:00.000,0,30,38,4404,4404,30,2020-07-01,0,38,0,0.00542645972961558,0
Lewis,2020-07-02T00:00:00.000,0,30,85,4489,4489,30,2020-07-02,0,85,0,0.00542900665632781,0
Lewis,2020-07-03T00:00:00.000,1,31,64,4553,4553,31,2020-07-03,1,64,0.015625,0.00541983296451249,1.15388289775055
Lewis,2020-07-04T00:00:00.000,0,31,42,4595,4595,31,2020-07-04,0,42,0,0.00540009482101842,0
Lewis,2020-07-05T00:00:00.000,0,31,17,4612,4612,31,2020-07-05,0,17,0,0.00537116655020211,0
Lewis,2020-07-06T00:00:00.000,0,31,41,4653,4653,31,2020-07-06,0,41,0,0.00533459562886758,0
Lewis,2020-07-07T00:00:00.000,0,31,77,4730,4730,31,2020-07-07,0,77,0,0.00529205547400455,0
Lewis,2020-07-08T00:00:00.000,0,31,56,4786,4786,31,2020-07-08,0,56,0,0.00524529861650775,0
Lewis,2020-07-09T00:00:00.000,0,31,33,4819,4819,31,2020-07-09,0,33,0,0.0051961125417309,0
Lewis,2020-07-10T00:00:00.000,0,31,51,4870,4870,31,2020-07-10,0,51,0,0.0051462800229112,0
Lewis,2020-07-11T00:00:00.000,0,31,42,4912,4912,31,2020-07-11,0,42,0,0.00509754523108656,0
Lewis,2020-07-12T00:00:00.000,0,31,103,5015,5015,31,2020-07-12,0,103,0,0.00505158633356049,0
Lewis,2020-07-13T00:00:00.000,1,32,23,5038,5038,32,2020-07-13,1,23,0.0434782608695652,0.00500999474354161,1.11667479109462
Lewis,2020-07-14T00:00:00.000,0,32,72,5110,5110,32,2020-07-14,0,72,0,0.00497426069202946,0
Lewis,2020-07-15T00:00:00.000,0,32,46,5156,5156,32,2020-07-15,0,46,0,0.00494576438917566,0
Lewis,2020-07-16T00:00:00.000,0,32,78,5234,5234,32,2020-07-16,0,78,0,0.00492577173256416,0
Lewis,2020-07-17T00:00:00.000,0,32,68,5302,5302,32,2020-07-17,0,68,0,0.00491543330838875,0
Lewis,2020-07-18T00:00:00.000,1,33,46,5348,5348,33,2020-07-18,1,46,0.0217391304347826,0.00491578530649441,1.10865177941464
Lewis,2020-07-19T00:00:00.000,0,33,32,5380,5380,33,2020-07-19,0,32,0,0.0049277509198719,0
Lewis,2020-07-20T00:00:00.000,0,33,76,5456,5456,33,2020-07-20,0,76,0,0.0049521408075229,0
Lewis,2020-07-21T00:00:00.000,0,33,80,5536,5536,33,2020-07-21,0,80,0,0.00498965125566478,0
Lewis,2020-07-22T00:00:00.000,1,34,173,5709,5709,34,2020-07-22,1,173,0.00578034682080925,0.00504085876452276,1.09954834312578
Lewis,2020-07-23T00:00:00.000,0,34,65,5774,5774,34,2020-07-23,0,65,0,0.00510620992000749,0
Lewis,2020-07-24T00:00:00.000,0,34,99,5873,5873,34,2020-07-24,0,99,0,0.00518600558082085,0
Lewis,2020-07-25T00:00:00.000,0,34,119,5992,5992,34,2020-07-25,0,119,0,0.00528037864011003,0
Lewis,2020-07-26T00:00:00.000,0,34,94,6086,6086,34,2020-07-26,0,94,0,0.00538926492245414,0
Lewis,2020-07-27T00:00:00.000,0,34,35,6121,6121,34,2020-07-27,0,35,0,0.0055123671756595,0
Lewis,2020-07-28T00:00:00.000,0,34,55,6176,6176,34,2020-07-28,0,55,0,0.00564911263653088,0
Lewis,2020-07-29T00:00:00.000,0,34,128,6304,6304,34,2020-07-29,0,128,0,0.00579860530923377,0
Lewis,2020-07-30T00:00:00.000,0,34,49,6353,6353,34,2020-07-30,0,49,0,0.00595957489959966,0
Lewis,2020-07-31T00:00:00.000,0,34,65,6418,6418,34,2020-07-31,0,65,0,0.00613032529106005,0
Lewis,2020-08-01T00:00:00.000,1,35,55,6473,6473,35,2020-08-01,1,55,0.0181818181818182,0.00630868648107185,1.11883647689917
Lewis,2020-08-02T00:00:00.000,0,35,16,6489,6489,35,2020-08-02,0,16,0,0.00649197494954027,0
Lewis,2020-08-03T00:00:00.000,2,37,70,6559,6559,37,2020-08-03,2,70,0.0285714285714286,0.00667696837980629,2.26020710584148
Lewis,2020-08-04T00:00:00.000,0,37,34,6593,6593,37,2020-08-04,0,34,0,0.00685990133743806,0
Lewis,2020-08-05T00:00:00.000,2,39,100,6693,6693,39,2020-08-05,2,100,0.02,0.00703648873846479,2.27627057748806
Lewis,2020-08-06T00:00:00.000,0,39,18,6711,6711,39,2020-08-06,0,18,0,0.00720198349877048,0
Lewis,2020-08-07T00:00:00.000,2,41,38,6749,6749,41,2020-08-07,2,38,0.0526315789473684,0.00735127345732553,2.2852194931151
Lewis,2020-08-08T00:00:00.000,0,41,56,6805,6805,41,2020-08-08,0,56,0,0.00747902038445344,0
Lewis,2020-08-09T00:00:00.000,0,41,16,6821,6821,41,2020-08-09,0,16,0,0.00757984060212604,0
Lewis,2020-08-10T00:00:00.000,4,45,111,6932,6932,45,2020-08-10,4,111,0.036036036036036,0.00764852259345785,4.60034067359298
Lewis,2020-08-11T00:00:00.000,1,46,61,6993,6993,46,2020-08-11,1,61,0.0163934426229508,0.00768027229223619,1.15043926447518
Lewis,2020-08-12T00:00:00.000,1,47,48,7041,7041,47,2020-08-12,1,48,0.0208333333333333,0.0076709720256296,1.14948608731005
Lewis,2020-08-13T00:00:00.000,0,47,36,7077,7077,47,2020-08-13,0,36,0,0.00761743499554133,0
Lewis,2020-08-14T00:00:00.000,0,47,106,7183,7183,47,2020-08-14,0,106,0,0.00751763444957351,0
Lewis,2020-08-15T00:00:00.000,0,47,82,7265,7265,47,2020-08-15,0,82,0,0.00737088597804254,0
Lewis,2020-08-16T00:00:00.000,0,47,14,7279,7279,47,2020-08-16,0,14,0,0.00717796314888069,0
Lewis,2020-08-17T00:00:00.000,0,47,45,7324,7324,47,2020-08-17,0,45,0,0.00694113110878218,0
Lewis,2020-08-18T00:00:00.000,0,47,79,7403,7403,47,2020-08-18,0,79,0,0.00666408955869997,0
Lewis,2020-08-19T00:00:00.000,0,47,71,7474,7474,47,2020-08-19,0,71,0,0.00635182496071594,0
Lewis,2020-08-20T00:00:00.000,0,47,76,7550,7550,47,2020-08-20,0,76,0,0.00601038089348655,0
Lewis,2020-08-21T00:00:00.000,0,47,103,7653,7653,47,2020-08-21,0,103,0,0.00564656389072038,0
Lewis,2020-08-22T00:00:00.000,0,47,81,7734,7734,47,2020-08-22,0,81,0,0.00526760864885896,0
Lewis,2020-08-23T00:00:00.000,0,47,23,7757,7757,47,2020-08-23,0,23,0,0.00488083021004492,0
Lewis,2020-08-24T00:00:00.000,0,47,40,7797,7797,47,2020-08-24,0,40,0,0.00449329109235991,0
Lewis,2020-08-25T00:00:00.000,1,48,85,7882,7882,48,2020-08-25,1,85,0.0117647058823529,0.00411150839471305,1.08249750014644
Lewis,2020-08-26T00:00:00.000,0,48,77,7959,7959,48,2020-08-26,0,77,0,0.00374122021169609,0
Lewis,2020-08-27T00:00:00.000,0,48,75,8034,8034,48,2020-08-27,0,75,0,0.00338722323926265,0
Lewis,2020-08-28T00:00:00.000,0,48,85,8119,8119,48,2020-08-28,0,85,0,0.00305328541194146,0
Lewis,2020-08-29T00:00:00.000,1,49,109,8228,8228,49,2020-08-29,1,109,0.00917431192660551,0.00274212993834578,1.03552229804207
Lewis,2020-08-30T00:00:00.000,0,49,37,8265,8265,49,2020-08-30,0,37,0,0.00245548110557549,0
Lewis,2020-08-31T00:00:00.000,0,49,66,8331,8331,49,2020-08-31,0,66,0,0.00219415826039107,0
Lewis,2020-09-01T00:00:00.000,0,49,68,8399,8399,49,2020-09-01,0,68,0,0.00195820259412847,0
Lewis,2020-09-02T00:00:00.000,0,49,74,8473,8473,49,2020-09-02,0,74,0,0.00174702156113338,0
Lewis,2020-09-03T00:00:00.000,0,49,29,8502,8502,49,2020-09-03,0,29,0,0.00155953749909555,0
Lewis,2020-09-04T00:00:00.000,0,49,42,8544,8544,49,2020-09-04,0,42,0,0.00139432973192623,0
Lewis,2020-09-05T00:00:00.000,0,49,31,8575,8575,49,2020-09-05,0,31,0,0.00124976256010623,0
Lewis,2020-09-06T00:00:00.000,0,49,110,8685,8685,49,2020-09-06,0,110,0,0.00112409461121186,0
Lewis,2020-09-07T00:00:00.000,0,49,107,8792,8792,49,2020-09-07,0,107,0,0.00101556770226546,0
Lewis,2020-09-08T00:00:00.000,1,50,35,8827,8827,50,2020-09-08,1,35,0.0285714285714286,0.000922475472504139,0.958091168301424
Lewis,2020-09-09T00:00:00.000,0,50,26,8853,8853,50,2020-09-09,0,26,0,0.000843213524904733,0
Lewis,2020-09-10T00:00:00.000,0,50,57,8910,8910,50,2020-09-10,0,57,0,0.000776313709277821,0
Lewis,2020-09-11T00:00:00.000,0,50,95,9005,9005,50,2020-09-11,0,95,0,0.000720465587100499,0
Lewis,2020-09-12T00:00:00.000,0,50,54,9059,9059,50,2020-09-12,0,54,0,0.000674528162960017,0
Lewis,2020-09-13T00:00:00.000,0,50,59,9118,9118,50,2020-09-13,0,59,0,0.000637534772091541,0
Lewis,2020-09-14T00:00:00.000,0,50,102,9220,9220,50,2020-09-14,0,102,0,0.000608693685448732,0
Lewis,2020-09-15T00:00:00.000,0,50,49,9269,9269,50,2020-09-15,0,49,0,0.000587386616091714,0
Lewis,2020-09-16T00:00:00.000,0,50,57,9326,9326,50,2020-09-16,0,57,0,0.000573166942525021,0
Lewis,2020-09-17T00:00:00.000,0,50,67,9393,9393,50,2020-09-17,0,67,0,0.000565759142038873,0
Lewis,2020-09-18T00:00:00.000,0,50,43,9436,9436,50,2020-09-18,0,43,0,0.000565060668652325,0
Lewis,2020-09-19T00:00:00.000,0,50,127,9563,9563,50,2020-09-19,0,127,0,0.000571147320944685,0
Lewis,2020-09-20T00:00:00.000,0,50,70,9633,9633,50,2020-09-20,0,70,0,0.000584283020047676,0
Lewis,2020-09-21T00:00:00.000,0,50,24,9657,9657,50,2020-09-21,0,24,0,0.000604934847006422,0
Lewis,2020-09-22T00:00:00.000,0,50,105,9762,9762,50,2020-09-22,0,105,0,0.000633794155367405,0
Lewis,2020-09-23T00:00:00.000,0,50,50,9812,9812,50,2020-09-23,0,50,0,0.000671804561294302,0
Lewis,2020-09-24T00:00:00.000,0,50,70,9882,9882,50,2020-09-24,0,70,0,0.000720197597659246,0
Lewis,2020-09-25T00:00:00.000,0,50,107,9989,9989,50,2020-09-25,0,107,0,0.00078053677709117,0
Lewis,2020-09-26T00:00:00.000,0,50,110,10099,10099,50,2020-09-26,0,110,0,0.000854770717660173,0
Lewis,2020-09-27T00:00:00.000,0,50,66,10165,10165,50,2020-09-27,0,66,0,0.000945295820793003,0
Lewis,2020-09-28T00:00:00.000,0,50,49,10214,10214,50,2020-09-28,0,49,0,0.00105502873837004,0
Lewis,2020-09-29T00:00:00.000,0,50,68,10282,10282,50,2020-09-29,0,68,0,0.00118748852339975,0
Lewis,2020-09-30T00:00:00.000,0,50,39,10321,10321,50,2020-09-30,0,39,0,0.00134688795065983,0
Lewis,2020-10-01T00:00:00.000,1,51,178,10499,10499,51,2020-10-01,1,178,0.00561797752808989,0.00153823308773455,1.0245081777411
Lewis,2020-10-02T00:00:00.000,0,51,121,10620,10620,51,2020-10-02,0,121,0,0.00176742992071679,0
Lewis,2020-10-03T00:00:00.000,0,51,69,10689,10689,51,2020-10-03,0,69,0,0.00204139690214186,0
Lewis,2020-10-04T00:00:00.000,2,53,111,10800,10800,53,2020-10-04,2,111,0.018018018018018,0.00236818300121503,2.1419703613143
Lewis,2020-10-05T00:00:00.000,0,53,43,10843,10843,53,2020-10-05,0,43,0,0.00275709261768851,0
Lewis,2020-10-06T00:00:00.000,0,53,203,11046,11046,53,2020-10-06,0,203,0,0.0032188221010416,0
Lewis,2020-10-07T00:00:00.000,1,54,68,11114,11114,54,2020-10-07,1,68,0.0147058823529412,0.00376561822233879,1.14255771361428
Lewis,2020-10-08T00:00:00.000,0,54,66,11180,11180,54,2020-10-08,0,66,0,0.00441147747743865,0
Lewis,2020-10-09T00:00:00.000,1,55,89,11269,11269,55,2020-10-09,1,89,0.0112359550561798,0.0051724173198472,1.19373925103732
Lewis,2020-10-10T00:00:00.000,0,55,117,11386,11386,55,2020-10-10,0,117,0,0.00606686718822032,0
Lewis,2020-10-11T00:00:00.000,0,55,96,11482,11482,55,2020-10-11,0,96,0,0.00711624959715696,0
Livingston,2020-03-01T00:00:00.000,0,0,0,0,0,0,2020-03-01,0,0,0,0.0127666726358118,0
Livingston,2020-03-02T00:00:00.000,0,0,0,0,0,0,2020-03-02,0,0,0,0.0143263742546048,0
Livingston,2020-03-03T00:00:00.000,0,0,0,0,0,0,2020-03-03,0,0,0,0.0160716179243895,0
Livingston,2020-03-04T00:00:00.000,0,0,0,0,0,0,2020-03-04,0,0,0,0.0180200057765059,0
Livingston,2020-03-05T00:00:00.000,0,0,0,0,0,0,2020-03-05,0,0,0,0.0201881184443505,0
Livingston,2020-03-06T00:00:00.000,0,0,0,0,0,0,2020-03-06,0,0,0,0.0225906262264013,0
Livingston,2020-03-07T00:00:00.000,0,0,0,0,0,0,2020-03-07,0,0,0,0.0252392517064352,0
Livingston,2020-03-08T00:00:00.000,0,0,0,0,0,0,2020-03-08,0,0,0,0.0281416150201338,0
Livingston,2020-03-09T00:00:00.000,0,0,0,0,0,0,2020-03-09,0,0,0,0.0313000154644276,0
Livingston,2020-03-10T00:00:00.000,0,0,1,1,1,0,2020-03-10,0,1,0,0.0347102264320017,0
Livingston,2020-03-11T00:00:00.000,0,0,0,1,1,0,2020-03-11,0,0,0,0.0383604014984302,0
Livingston,2020-03-12T00:00:00.000,0,0,0,1,1,0,2020-03-12,0,0,0,0.0422302038553689,0
Livingston,2020-03-13T00:00:00.000,0,0,0,1,1,0,2020-03-13,0,0,0,0.0462902751137618,0
Livingston,2020-03-14T00:00:00.000,0,0,0,1,1,0,2020-03-14,0,0,0,0.0505021495050131,0
Livingston,2020-03-15T00:00:00.000,0,0,0,1,1,0,2020-03-15,0,0,0,0.0548186940861922,0
Livingston,2020-03-16T00:00:00.000,0,0,0,1,1,0,2020-03-16,0,0,0,0.059185115739728,0
Livingston,2020-03-17T00:00:00.000,0,0,4,5,5,0,2020-03-17,0,4,0,0.0635405251901321,0
Livingston,2020-03-18T00:00:00.000,0,0,5,10,10,0,2020-03-18,0,5,0,0.0678199932870231,0
Livingston,2020-03-19T00:00:00.000,1,1,11,21,21,1,2020-03-19,1,11,0.0909090909090909,0.0719569828790282,1.3763833496126
Livingston,2020-03-20T00:00:00.000,1,2,13,34,34,2,2020-03-20,1,13,0.0769230769230769,0.0758859984498322,1.33378232587758
Livingston,2020-03-21T00:00:00.000,0,2,5,39,39,2,2020-03-21,0,5,0,0.079545271102702,0
Livingston,2020-03-22T00:00:00.000,1,3,3,42,42,3,2020-03-22,1,3,0.333333333333333,0.0828792917901991,1.25571701015439
Livingston,2020-03-23T00:00:00.000,0,3,1,43,43,3,2020-03-23,0,1,0,0.0858410207272275,0
Livingston,2020-03-24T00:00:00.000,0,3,9,52,52,3,2020-03-24,0,9,0,0.088393632749232,0
Livingston,2020-03-25T00:00:00.000,0,3,15,67,67,3,2020-03-25,0,15,0,0.0905117017897226,0
Livingston,2020-03-26T00:00:00.000,0,3,8,75,75,3,2020-03-26,0,8,0,0.0921817766356737,0
Livingston,2020-03-27T00:00:00.000,2,5,11,86,86,5,2020-03-27,2,11,0.181818181818182,0.0934023488130386,2.27072339413389
Livingston,2020-03-28T00:00:00.000,5,10,17,103,103,10,2020-03-28,5,17,0.294117647058824,0.0941832570343745,5.61510009830143
Livingston,2020-03-29T00:00:00.000,2,12,10,113,113,12,2020-03-29,2,10,0.2,0.0945446076405745,2.24164482688884
Livingston,2020-03-30T00:00:00.000,1,13,10,123,123,13,2020-03-30,1,10,0.1,0.094515315112539,1.12380788385796
Livingston,2020-03-31T00:00:00.000,1,14,24,147,147,14,2020-03-31,1,24,0.0416666666666667,0.0941313802901735,1.12553336052638
Livingston,2020-04-01T00:00:00.000,0,14,17,164,164,14,2020-04-01,0,17,0,0.0934340270019158,0
Livingston,2020-04-02T00:00:00.000,2,16,12,176,176,16,2020-04-02,2,12,0.166666666666667,0.092467811550407,2.22028731419381
Livingston,2020-04-03T00:00:00.000,2,18,18,194,194,18,2020-04-03,2,18,0.111111111111111,0.0912788057435863,2.19246647668445
Livingston,2020-04-04T00:00:00.000,1,19,27,221,221,19,2020-04-04,1,27,0.037037037037037,0.089912934963022,1.09233085393172
Livingston,2020-04-05T00:00:00.000,3,22,14,235,235,22,2020-04-05,3,14,0.214285714285714,0.0884145304695808,3.2633605727053
Livingston,2020-04-06T00:00:00.000,1,23,18,253,253,23,2020-04-06,1,18,0.0555555555555556,0.0868251319650676,1.09118256229377
Livingston,2020-04-07T00:00:00.000,2,25,23,276,276,25,2020-04-07,2,23,0.0869565217391304,0.0851825543856956,2.19468055111256
Livingston,2020-04-08T00:00:00.000,1,26,17,293,293,26,2020-04-08,1,17,0.0588235294117647,0.0835202137280658,1.10369245478265
Livingston,2020-04-09T00:00:00.000,3,29,26,319,319,29,2020-04-09,3,26,0.115384615384615,0.0818666915155926,3.33108715284725
Livingston,2020-04-10T00:00:00.000,1,30,7,326,326,30,2020-04-10,1,7,0.142857142857143,0.0802455069093164,1.11725916760707
Livingston,2020-04-11T00:00:00.000,0,30,6,332,332,30,2020-04-11,0,6,0,0.078675059655354,0
Livingston,2020-04-12T00:00:00.000,0,30,5,337,337,30,2020-04-12,0,5,0,0.0771687054834728,0
Livingston,2020-04-13T00:00:00.000,1,31,20,357,357,31,2020-04-13,1,20,0.05,0.0757349278009659,1.15129189564689
Livingston,2020-04-14T00:00:00.000,0,31,8,365,365,31,2020-04-14,0,8,0,0.0743775744639779,0
Livingston,2020-04-15T00:00:00.000,1,32,8,373,373,32,2020-04-15,1,8,0.125,0.0730961353672659,1.17477417548121
Livingston,2020-04-16T00:00:00.000,2,34,18,391,391,34,2020-04-16,2,18,0.111111111111111,0.0718860445096459,2.36593480798131
Livingston,2020-04-17T00:00:00.000,3,37,20,411,411,37,2020-04-17,3,20,0.15,0.0707389984486712,3.571230683681
Livingston,2020-04-18T00:00:00.000,2,39,30,441,441,39,2020-04-18,2,30,0.0666666666666667,0.0696432908792151,2.39378689244786
Livingston,2020-04-19T00:00:00.000,0,39,7,448,448,39,2020-04-19,0,7,0,0.0685841699118741,0
Livingston,2020-04-20T00:00:00.000,0,39,21,469,469,39,2020-04-20,0,21,0,0.067544230040395,0
Livingston,2020-04-21T00:00:00.000,0,39,15,484,484,39,2020-04-21,0,15,0,0.0665038542184902,0
Livingston,2020-04-22T00:00:00.000,2,41,22,506,506,41,2020-04-22,2,22,0.0909090909090909,0.0654417226192019,2.42823832361907
Livingston,2020-04-23T00:00:00.000,3,44,54,560,560,44,2020-04-23,3,54,0.0555555555555556,0.0643354031098286,3.64859895837116
Livingston,2020-04-24T00:00:00.000,14,58,295,855,855,58,2020-04-24,14,295,0.0474576271186441,0.0631620339788511,17.0419027830898
Livingston,2020-04-25T00:00:00.000,2,60,61,916,916,60,2020-04-25,2,61,0.0327868852459016,0.0618991019937154,2.43458076418816
Livingston,2020-04-26T00:00:00.000,2,62,15,931,931,62,2020-04-26,2,15,0.133333333333333,0.0605253085033562,2.43182870625233
Livingston,2020-04-27T00:00:00.000,3,65,24,955,955,65,2020-04-27,3,24,0.125,0.0590215036597607,3.63951794611111
Livingston,2020-04-28T00:00:00.000,2,67,36,991,991,67,2020-04-28,2,36,0.0555555555555556,0.0573716547173234,2.41823282107073
Livingston,2020-04-29T00:00:00.000,2,69,34,1025,1025,69,2020-04-29,2,34,0.0588235294117647,0.0555638002491091,2.41576745496316
Livingston,2020-04-30T00:00:00.000,4,73,43,1068,1068,73,2020-04-30,4,43,0.0930232558139535,0.0535909296886434,4.84680685177888
Livingston,2020-05-01T00:00:00.000,3,76,44,1112,1112,76,2020-05-01,3,44,0.0681818181818182,0.0514517189222152,3.6445202697133
Livingston,2020-05-02T00:00:00.000,7,83,52,1164,1164,83,2020-05-02,7,52,0.134615384615385,0.0491510498586304,8.51147032832069
Livingston,2020-05-03T00:00:00.000,2,85,26,1190,1190,85,2020-05-03,2,26,0.0769230769230769,0.046700246740441,2.42822794626618
Livingston,2020-05-04T00:00:00.000,1,86,52,1242,1242,86,2020-05-04,1,52,0.0192307692307692,0.0441169756349487,1.20966608970927
Livingston,2020-05-05T00:00:00.000,3,89,52,1294,1294,89,2020-05-05,3,52,0.0576923076923077,0.0414247761187858,3.60899548232928
Livingston,2020-05-06T00:00:00.000,6,95,100,1394,1394,95,2020-05-06,6,100,0.06,0.0386522242666738,7.17338728279212
Livingston,2020-05-07T00:00:00.000,5,100,56,1450,1450,100,2020-05-07,5,56,0.0892857142857143,0.0358317608966233,5.95598617126131
Livingston,2020-05-08T00:00:00.000,1,101,49,1499,1499,101,2020-05-08,1,49,0.0204081632653061,0.0329982543053542,1.18973791400239
Livingston,2020-05-09T00:00:00.000,1,102,58,1557,1557,102,2020-05-09,1,58,0.0172413793103448,0.0301873974537941,1.18729801466634
Livingston,2020-05-10T00:00:00.000,0,102,46,1603,1603,102,2020-05-10,0,46,0,0.0274340607049648,0
Livingston,2020-05-11T00:00:00.000,0,102,180,1783,1783,102,2020-05-11,0,180,0,0.024770728815134,0
Livingston,2020-05-12T00:00:00.000,1,103,197,1980,1980,103,2020-05-12,1,197,0.0050761421319797,0.0222261430010354,1.17689380129071
Livingston,2020-05-13T00:00:00.000,3,106,113,2093,2093,106,2020-05-13,3,113,0.0265486725663717,0.0198242462408721,3.53261072660616
Livingston,2020-05-14T00:00:00.000,0,106,76,2169,2169,106,2020-05-14,0,76,0,0.017583495819777,0
Livingston,2020-05-15T00:00:00.000,1,107,75,2244,2244,107,2020-05-15,1,75,0.0133333333333333,0.0155165668287202,1.18170178948449
Livingston,2020-05-16T00:00:00.000,3,110,77,2321,2321,110,2020-05-16,3,77,0.038961038961039,0.0136304301148332,3.54154511460289
Livingston,2020-05-17T00:00:00.000,0,110,50,2371,2371,110,2020-05-17,0,50,0,0.0119267538493021,0
Livingston,2020-05-18T00:00:00.000,1,111,67,2438,2438,111,2020-05-18,1,67,0.0149253731343284,0.0104025537217884,1.16703366192044
Livingston,2020-05-19T00:00:00.000,0,111,95,2533,2533,111,2020-05-19,0,95,0,0.00905100478879265,0
Livingston,2020-05-20T00:00:00.000,3,114,105,2638,2638,114,2020-05-20,3,105,0.0285714285714286,0.00786232795337255,3.45055239318216
Livingston,2020-05-21T00:00:00.000,0,114,75,2713,2713,114,2020-05-21,0,75,0,0.00682467374350654,0
Livingston,2020-05-22T00:00:00.000,0,114,84,2797,2797,114,2020-05-22,0,84,0,0.00592494224072712,0
Livingston,2020-05-23T00:00:00.000,0,114,65,2862,2862,114,2020-05-23,0,65,0,0.00514949713273282,0
Livingston,2020-05-24T00:00:00.000,1,115,196,3058,3058,115,2020-05-24,1,196,0.00510204081632653,0.00448475079279744,1.1173164204323
Livingston,2020-05-25T00:00:00.000,3,118,74,3132,3132,118,2020-05-25,3,74,0.0405405405405405,0.00391761375000786,3.31980465075883
Livingston,2020-05-26T00:00:00.000,0,118,69,3201,3201,118,2020-05-26,0,69,0,0.00343581460045653,0
Livingston,2020-05-27T00:00:00.000,0,118,129,3330,3330,118,2020-05-27,0,129,0,0.00302810494269934,0
Livingston,2020-05-28T00:00:00.000,0,118,122,3452,3452,118,2020-05-28,0,122,0,0.00268436857984119,0
Livingston,2020-05-29T00:00:00.000,0,118,107,3559,3559,118,2020-05-29,0,107,0,0.00239565572531219,0
Livingston,2020-05-30T00:00:00.000,1,119,128,3687,3687,119,2020-05-30,1,128,0.0078125,0.00215416214591089,1.06262920247964
Livingston,2020-05-31T00:00:00.000,0,119,136,3823,3823,119,2020-05-31,0,136,0,0.00195317092791302,0
Livingston,2020-06-01T00:00:00.000,0,119,218,4041,4041,119,2020-06-01,0,218,0,0.00178697158157627,0
Livingston,2020-06-02T00:00:00.000,1,120,233,4274,4274,120,2020-06-02,1,233,0.00429184549356223,0.00165076805187167,1.07136672084802
Livingston,2020-06-03T00:00:00.000,0,120,172,4446,4446,120,2020-06-03,0,172,0,0.00154058423756848,0
Livingston,2020-06-04T00:00:00.000,1,121,263,4709,4709,121,2020-06-04,1,263,0.00380228136882129,0.00145317304136034,1.0741173039095
Livingston,2020-06-05T00:00:00.000,0,121,167,4876,4876,121,2020-06-05,0,167,0,0.00138593286345697,0
Livingston,2020-06-06T00:00:00.000,0,121,133,5009,5009,121,2020-06-06,0,133,0,0.0013368338070227,0
Livingston,2020-06-07T00:00:00.000,0,121,177,5186,5186,121,2020-06-07,0,177,0,0.00130435463517435,0
Livingston,2020-06-08T00:00:00.000,0,121,122,5308,5308,121,2020-06-08,0,122,0,0.00128743062784246,0
Livingston,2020-06-09T00:00:00.000,0,121,216,5524,5524,121,2020-06-09,0,216,0,0.00128541184583175,0
Livingston,2020-06-10T00:00:00.000,0,121,162,5686,5686,121,2020-06-10,0,162,0,0.00129803083353622,0
Livingston,2020-06-11T00:00:00.000,0,121,237,5923,5923,121,2020-06-11,0,237,0,0.00132537840456772,0
Livingston,2020-06-12T00:00:00.000,1,122,239,6162,6162,122,2020-06-12,1,239,0.00418410041841004,0.00136788578900866,1.07674494016426
Livingston,2020-06-13T00:00:00.000,1,123,135,6297,6297,123,2020-06-13,1,135,0.00740740740740741,0.0014263110233382,1.07829096201028
Livingston,2020-06-14T00:00:00.000,0,123,171,6468,6468,123,2020-06-14,0,171,0,0.00150172699625832,0
Livingston,2020-06-15T00:00:00.000,0,123,111,6579,6579,123,2020-06-15,0,111,0,0.00159550800596196,0
Livingston,2020-06-16T00:00:00.000,0,123,292,6871,6871,123,2020-06-16,0,292,0,0.00170931104330174,0
Livingston,2020-06-17T00:00:00.000,0,123,171,7042,7042,123,2020-06-17,0,171,0,0.00184504733008741,0
Livingston,2020-06-18T00:00:00.000,0,123,268,7310,7310,123,2020-06-18,0,268,0,0.00200483899516391,0
Livingston,2020-06-19T00:00:00.000,0,123,109,7419,7419,123,2020-06-19,0,109,0,0.00219095529813148,0
Livingston,2020-06-20T00:00:00.000,0,123,95,7514,7514,123,2020-06-20,0,95,0,0.00240572270168867,0
Livingston,2020-06-21T00:00:00.000,1,124,108,7622,7622,124,2020-06-21,1,108,0.00925925925925926,0.00265140359134809,1.09171774986209
Livingston,2020-06-22T00:00:00.000,1,125,134,7756,7756,125,2020-06-22,1,134,0.00746268656716418,0.00293003981700526,1.1028025323643
Livingston,2020-06-23T00:00:00.000,0,125,130,7886,7886,125,2020-06-23,0,130,0,0.00324325974413349,0
Livingston,2020-06-24T00:00:00.000,1,126,105,7991,7991,126,2020-06-24,1,105,0.00952380952380952,0.00359205133200334,1.12476418550956
Livingston,2020-06-25T00:00:00.000,0,126,254,8245,8245,126,2020-06-25,0,254,0,0.00397650891761309,0
Livingston,2020-06-26T00:00:00.000,0,126,122,8367,8367,126,2020-06-26,0,122,0,0.0043955676211367,0
Livingston,2020-06-27T00:00:00.000,2,128,86,8453,8453,128,2020-06-27,2,86,0.0232558139534884,0.00484674601582835,2.29540528107486
Livingston,2020-06-28T00:00:00.000,0,128,91,8544,8544,128,2020-06-28,0,91,0,0.00532592395202559,0
Livingston,2020-06-29T00:00:00.000,1,129,165,8709,8709,129,2020-06-29,1,165,0.00606060606060606,0.00582718691736435,1.15851720431057
Livingston,2020-06-30T00:00:00.000,1,130,148,8857,8857,130,2020-06-30,1,148,0.00675675675675676,0.00634276963323041,1.17031853869477
Livingston,2020-07-01T00:00:00.000,0,130,273,9130,9130,130,2020-07-01,0,273,0,0.0068631284480926,0
Livingston,2020-07-02T00:00:00.000,0,130,109,9239,9239,130,2020-07-02,0,109,0,0.00737716370934783,0
Livingston,2020-07-03T00:00:00.000,1,131,175,9414,9414,131,2020-07-03,1,175,0.00571428571428571,0.00787259973431798,1.19777422553953
Livingston,2020-07-04T00:00:00.000,1,132,127,9541,9541,132,2020-07-04,1,127,0.0078740157480315,0.00833651238131139,1.20127510399144
Livingston,2020-07-05T00:00:00.000,1,133,133,9674,9674,133,2020-07-05,1,133,0.0075187969924812,0.00875597475733792,1.20339167328571
Livingston,2020-07-06T00:00:00.000,1,134,113,9787,9787,134,2020-07-06,1,113,0.00884955752212389,0.00911877329037806,1.20430515961796
Livingston,2020-07-07T00:00:00.000,3,137,161,9948,9948,137,2020-07-07,3,161,0.0186335403726708,0.00941413252190042,3.61809651318208
Livingston,2020-07-08T00:00:00.000,3,140,140,10088,10088,140,2020-07-08,3,140,0.0214285714285714,0.00963338038773239,3.6194071202115
Livingston,2020-07-09T00:00:00.000,4,144,126,10214,10214,144,2020-07-09,4,126,0.0317460317460317,0.00977048819721648,4.82250930753473
Livingston,2020-07-10T00:00:00.000,1,145,163,10377,10377,145,2020-07-10,1,163,0.00613496932515337,0.00982243117660216,1.203534768881
Livingston,2020-07-11T00:00:00.000,2,147,203,10580,10580,147,2020-07-11,2,203,0.00985221674876847,0.00978933478602705,2.40046920829363
Livingston,2020-07-12T00:00:00.000,0,147,119,10699,10699,147,2020-07-12,0,119,0,0.00967439610302773,0
Livingston,2020-07-13T00:00:00.000,4,151,170,10869,10869,151,2020-07-13,4,170,0.0235294117647059,0.00948359460568189,4.76102294468501
Livingston,2020-07-14T00:00:00.000,0,151,144,11013,11013,151,2020-07-14,0,144,0,0.00922522882344474,0
Livingston,2020-07-15T00:00:00.000,2,153,171,11184,11184,153,2020-07-15,2,171,0.0116959064327485,0.00890933141332909,2.35260550953197
Livingston,2020-07-16T00:00:00.000,2,155,189,11373,11373,155,2020-07-16,2,189,0.0105820105820106,0.00854702334486532,2.33826613670534
Livingston,2020-07-17T00:00:00.000,2,157,246,11619,11619,157,2020-07-17,2,246,0.00813008130081301,0.00814986766237851,2.3302198524506
Livingston,2020-07-18T00:00:00.000,1,158,203,11822,11822,158,2020-07-18,1,203,0.00492610837438424,0.00772927575275735,1.15997798747671
Livingston,2020-07-19T00:00:00.000,1,159,111,11933,11933,159,2020-07-19,1,111,0.00900900900900901,0.00729600626199447,1.1538088426609
Livingston,2020-07-20T00:00:00.000,1,160,144,12077,12077,160,2020-07-20,1,144,0.00694444444444444,0.00685978136244236,1.14597569375472
Livingston,2020-07-21T00:00:00.000,1,161,175,12252,12252,161,2020-07-21,1,175,0.00571428571428571,0.00642902953889841,1.13336058709735
Livingston,2020-07-22T00:00:00.000,0,161,263,12515,12515,161,2020-07-22,0,263,0,0.00601075050804994,0
Livingston,2020-07-23T00:00:00.000,0,161,167,12682,12682,161,2020-07-23,0,167,0,0.00561048767075418,0
Livingston,2020-07-24T00:00:00.000,1,162,201,12883,12883,162,2020-07-24,1,201,0.00497512437810945,0.00523238714699378,1.08700237493628
Livingston,2020-07-25T00:00:00.000,0,162,240,13123,13123,162,2020-07-25,0,240,0,0.00487931982112792,0
Livingston,2020-07-26T00:00:00.000,0,162,232,13355,13355,162,2020-07-26,0,232,0,0.00455304327964154,0
Livingston,2020-07-27T00:00:00.000,0,162,162,13517,13517,162,2020-07-27,0,162,0,0.00425438316544939,0
Livingston,2020-07-28T00:00:00.000,1,163,178,13695,13695,163,2020-07-28,1,178,0.00561797752808989,0.00398341737223527,1.0539573171225
Livingston,2020-07-29T00:00:00.000,1,164,201,13896,13896,164,2020-07-29,1,201,0.00497512437810945,0.00373965084419867,1.04928481733996
Livingston,2020-07-30T00:00:00.000,1,165,375,14271,14271,165,2020-07-30,1,375,0.00266666666666667,0.00352217291403477,1.0473767725244
Livingston,2020-07-31T00:00:00.000,1,166,246,14517,14517,166,2020-07-31,1,246,0.0040650406504065,0.00332979271876013,1.04565616554375
Livingston,2020-08-01T00:00:00.000,1,167,130,14647,14647,167,2020-08-01,1,130,0.00769230769230769,0.00316115107930326,1.04413642798591
Livingston,2020-08-02T00:00:00.000,0,167,141,14788,14788,167,2020-08-02,0,141,0,0.00301480928829907,0
Livingston,2020-08-03T00:00:00.000,3,170,109,14897,14897,170,2020-08-03,3,109,0.0275229357798165,0.00288931658459623,3.11789206050461
Livingston,2020-08-04T00:00:00.000,1,171,169,15066,15066,171,2020-08-04,1,169,0.00591715976331361,0.00278325882910901,1.03647101747128
Livingston,2020-08-05T00:00:00.000,2,173,222,15288,15288,173,2020-08-05,2,222,0.00900900900900901,0.00269529118032316,2.06799199907161
Livingston,2020-08-06T00:00:00.000,1,174,321,15609,15609,174,2020-08-06,1,321,0.00311526479750779,0.00262415753840526,1.03156515807335
Livingston,2020-08-07T00:00:00.000,2,176,172,15781,15781,176,2020-08-07,2,172,0.0116279069767442,0.00256869930264312,2.05713592659419
Livingston,2020-08-08T00:00:00.000,0,176,174,15955,15955,176,2020-08-08,0,174,0,0.00252785566707295,0
Livingston,2020-08-09T00:00:00.000,0,176,185,16140,16140,176,2020-08-09,0,185,0,0.0025006573317281,0
Livingston,2020-08-10T00:00:00.000,0,176,146,16286,16286,176,2020-08-10,0,146,0,0.00248621517985728,0
Livingston,2020-08-11T00:00:00.000,0,176,188,16474,16474,176,2020-08-11,0,188,0,0.00248370519813273,0
Livingston,2020-08-12T00:00:00.000,0,176,249,16723,16723,176,2020-08-12,0,249,0,0.00249235070988255,0
Livingston,2020-08-13T00:00:00.000,2,178,290,17013,17013,178,2020-08-13,2,290,0.00689655172413793,0.00251140285816715,2.05347038690738
Livingston,2020-08-14T00:00:00.000,0,178,223,17236,17236,178,2020-08-14,0,223,0,0.00254012021299597,0
Livingston,2020-08-15T00:00:00.000,0,178,199,17435,17435,178,2020-08-15,0,199,0,0.00257774837477583,0
Livingston,2020-08-16T00:00:00.000,0,178,105,17540,17540,178,2020-08-16,0,105,0,0.00262350048716693,0
Livingston,2020-08-17T00:00:00.000,0,178,183,17723,17723,178,2020-08-17,0,183,0,0.002676539639331,0
Livingston,2020-08-18T00:00:00.000,0,178,160,17883,17883,178,2020-08-18,0,160,0,0.00273596419967761,0
Livingston,2020-08-19T00:00:00.000,0,178,144,18027,18027,178,2020-08-19,0,144,0,0.00280079715597955,0
Livingston,2020-08-20T00:00:00.000,0,178,424,18451,18451,178,2020-08-20,0,424,0,0.00286998051075797,0
Livingston,2020-08-21T00:00:00.000,1,179,188,18639,18639,179,2020-08-21,1,188,0.00531914893617021,0.00294237566813119,1.05178915346679
Livingston,2020-08-22T00:00:00.000,1,180,255,18894,18894,180,2020-08-22,1,255,0.00392156862745098,0.00301677053210928,1.05494129420829
Livingston,2020-08-23T00:00:00.000,0,180,185,19079,19079,180,2020-08-23,0,185,0,0.00309189371024554,0
Livingston,2020-08-24T00:00:00.000,1,181,133,19212,19212,181,2020-08-24,1,133,0.0075187969924812,0.00316643578305406,1.05753609071601
Livingston,2020-08-25T00:00:00.000,0,181,195,19407,19407,181,2020-08-25,0,195,0,0.00323907709136146,0
Livingston,2020-08-26T00:00:00.000,0,181,167,19574,19574,181,2020-08-26,0,167,0,0.00330852094544206,0
Livingston,2020-08-27T00:00:00.000,0,181,253,19827,19827,181,2020-08-27,0,253,0,0.00337353063289765,0
Livingston,2020-08-28T00:00:00.000,1,182,238,20065,20065,182,2020-08-28,1,238,0.00420168067226891,0.00343296815578567,1.05918412493607
Livingston,2020-08-29T00:00:00.000,0,182,223,20288,20288,182,2020-08-29,0,223,0,0.00348583232717651,0
Livingston,2020-08-30T00:00:00.000,1,183,94,20382,20382,183,2020-08-30,1,94,0.0106382978723404,0.00353129374778137,1.06134714521252
Livingston,2020-08-31T00:00:00.000,0,183,143,20525,20525,183,2020-08-31,0,143,0,0.00356872430001358,0
Livingston,2020-09-01T00:00:00.000,1,184,141,20666,20666,184,2020-09-01,1,141,0.00709219858156028,0.00359771913577572,1.06667789132697
Livingston,2020-09-02T00:00:00.000,3,187,152,20818,20818,187,2020-09-02,3,152,0.0197368421052632,0.00361810967209569,3.22437747873313
Livingston,2020-09-03T00:00:00.000,1,188,146,20964,20964,188,2020-09-03,1,146,0.00684931506849315,0.00362996678773398,1.08275582231802
Livingston,2020-09-04T00:00:00.000,0,188,289,21253,21253,188,2020-09-04,0,289,0,0.00363359416354583,0
Livingston,2020-09-05T00:00:00.000,1,189,200,21453,21453,189,2020-09-05,1,200,0.005,0.00362951244393306,1.09103413169226
Livingston,2020-09-06T00:00:00.000,0,189,141,21594,21594,189,2020-09-06,0,141,0,0.00361843554135027,0
Livingston,2020-09-07T00:00:00.000,0,189,78,21672,21672,189,2020-09-07,0,78,0,0.00360124089440207,0
Livingston,2020-09-08T00:00:00.000,1,190,169,21841,21841,190,2020-09-08,1,169,0.00591715976331361,0.00357893578491843,1.09720238939045
Livingston,2020-09-09T00:00:00.000,0,190,102,21943,21943,190,2020-09-09,0,102,0,0.00355262190376018,0
Livingston,2020-09-10T00:00:00.000,0,190,54,21997,21997,190,2020-09-10,0,54,0,0.00352346024650797,0
Livingston,2020-09-11T00:00:00.000,4,194,177,22174,22174,194,2020-09-11,4,177,0.0225988700564972,0.00349263814701874,4.41443429945967
Livingston,2020-09-12T00:00:00.000,2,196,91,22265,22265,196,2020-09-12,2,91,0.021978021978022,0.00346133987189888,2.21747763339394
Livingston,2020-09-13T00:00:00.000,0,196,178,22443,22443,196,2020-09-13,0,178,0,0.00343072175172876,0
Livingston,2020-09-14T00:00:00.000,0,196,229,22672,22672,196,2020-09-14,0,229,0,0.00340189236963174,0
Livingston,2020-09-15T00:00:00.000,1,197,270,22942,22942,197,2020-09-15,1,270,0.0037037037037037,0.00337589790381165,1.12267279793521
Livingston,2020-09-16T00:00:00.000,2,199,239,23181,23181,199,2020-09-16,2,239,0.00836820083682008,0.00335371236250488,2.25329051846533
Livingston,2020-09-17T00:00:00.000,2,201,450,23631,23631,201,2020-09-17,2,450,0.00444444444444444,0.00333623217246719,2.26034543929566
Livingston,2020-09-18T00:00:00.000,0,201,209,23840,23840,201,2020-09-18,0,209,0,0.00332427439276531,0
Livingston,2020-09-19T00:00:00.000,0,201,418,24258,24258,201,2020-09-19,0,418,0,0.00331857772144308,0
Livingston,2020-09-20T00:00:00.000,0,201,157,24415,24415,201,2020-09-20,0,157,0,0.00331980542953894,0
Livingston,2020-09-21T00:00:00.000,1,202,376,24791,24791,202,2020-09-21,1,376,0.00265957446808511,0.00332854938761125,1.13745014499121
Livingston,2020-09-22T00:00:00.000,0,202,151,24942,24942,202,2020-09-22,0,151,0,0.00334533442116208,0
Livingston,2020-09-23T00:00:00.000,3,205,227,25169,25169,205,2020-09-23,3,227,0.013215859030837,0.00337062233897924,3.40622865906054
Livingston,2020-09-24T00:00:00.000,1,206,288,25457,25457,206,2020-09-24,1,288,0.00347222222222222,0.00340481510528383,1.138975499159
Livingston,2020-09-25T00:00:00.000,1,207,203,25660,25660,207,2020-09-25,1,203,0.00492610837438424,0.00344825676810056,1.14039646119925
Livingston,2020-09-26T00:00:00.000,0,207,205,25865,25865,207,2020-09-26,0,205,0,0.00350123390976851,0
Livingston,2020-09-27T00:00:00.000,0,207,158,26023,26023,207,2020-09-27,0,158,0,0.00356397454617748,0
Livingston,2020-09-28T00:00:00.000,0,207,160,26183,26183,207,2020-09-28,0,160,0,0.00363664557150725,0
Livingston,2020-09-29T00:00:00.000,1,208,598,26781,26781,208,2020-09-29,1,598,0.00167224080267559,0.00371934902572087,1.13470108546775
Livingston,2020-09-30T00:00:00.000,0,208,464,27245,27245,208,2020-09-30,0,464,0,0.00381211764925861,0
Livingston,2020-10-01T00:00:00.000,1,209,357,27602,27602,209,2020-10-01,1,357,0.00280112044817927,0.00391491038500913,1.12482613105061
Livingston,2020-10-02T00:00:00.000,1,210,230,27832,27832,210,2020-10-02,1,230,0.00434782608695652,0.00402760868281136,1.12127857421999
Livingston,2020-10-03T00:00:00.000,1,211,181,28013,28013,211,2020-10-03,1,181,0.00552486187845304,0.00415001464801471,1.12673670935299
Livingston,2020-10-04T00:00:00.000,0,211,97,28110,28110,211,2020-10-04,0,97,0,0.00428185224222728,0
Livingston,2020-10-05T00:00:00.000,1,212,305,28415,28415,212,2020-10-05,1,305,0.00327868852459016,0.00442277287386173,1.14699555795449
Livingston,2020-10-06T00:00:00.000,1,213,556,28971,28971,213,2020-10-06,1,556,0.00179856115107914,0.00457236679384868,1.1578720572839
Livingston,2020-10-07T00:00:00.000,3,216,196,29167,29167,216,2020-10-07,3,196,0.0153061224489796,0.00473018172517334,3.50673990366223
Livingston,2020-10-08T00:00:00.000,3,219,643,29810,29810,219,2020-10-08,3,643,0.0046656298600311,0.0048957500960483,3.54022744322192
Livingston,2020-10-09T00:00:00.000,0,219,218,30028,30028,219,2020-10-09,0,218,0,0.00506862611971906,0
Livingston,2020-10-10T00:00:00.000,3,222,297,30325,30325,222,2020-10-10,3,297,0.0101010101010101,0.00524843378953431,3.6078637046456
Livingston,2020-10-11T00:00:00.000,3,225,223,30548,30548,225,2020-10-11,3,223,0.0134529147982063,0.00543492667389084,3.6418546627262
Madison,2020-03-01T00:00:00.000,0,0,0,0,0,0,2020-03-01,0,0,0,0.154738880891151,0
Madison,2020-03-02T00:00:00.000,0,0,0,0,0,0,2020-03-02,0,0,0,0.155453245104505,0
Madison,2020-03-03T00:00:00.000,0,0,0,0,0,0,2020-03-03,0,0,0,0.156166252096937,0
Madison,2020-03-04T00:00:00.000,0,0,0,0,0,0,2020-03-04,0,0,0,0.156871351110255,0
Madison,2020-03-05T00:00:00.000,0,0,0,0,0,0,2020-03-05,0,0,0,0.157559353933618,0
Madison,2020-03-06T00:00:00.000,0,0,0,0,0,0,2020-03-06,0,0,0,0.158218899630291,0
Madison,2020-03-07T00:00:00.000,0,0,0,0,0,0,2020-03-07,0,0,0,0.158836928839754,0
Madison,2020-03-08T00:00:00.000,0,0,0,0,0,0,2020-03-08,0,0,0,0.159399166838754,0
Madison,2020-03-09T00:00:00.000,0,0,0,0,0,0,2020-03-09,0,0,0,0.159890612929126,0
Madison,2020-03-10T00:00:00.000,0,0,0,0,0,0,2020-03-10,0,0,0,0.16029603181199,0
Madison,2020-03-11T00:00:00.000,0,0,0,0,0,0,2020-03-11,0,0,0,0.160600440725889,0
Madison,2020-03-12T00:00:00.000,0,0,0,0,0,0,2020-03-12,0,0,0,0.160789584342827,0
Madison,2020-03-13T00:00:00.000,0,0,1,1,1,0,2020-03-13,0,1,0,0.16085038796672,0
Madison,2020-03-14T00:00:00.000,0,0,1,2,2,0,2020-03-14,0,1,0,0.160771378603423,0
Madison,2020-03-15T00:00:00.000,0,0,1,3,3,0,2020-03-15,0,1,0,0.160543063025283,0
Madison,2020-03-16T00:00:00.000,0,0,1,4,4,0,2020-03-16,0,1,0,0.160158252213235,0
Madison,2020-03-17T00:00:00.000,0,0,0,4,4,0,2020-03-17,0,0,0,0.159612322401748,0
Madison,2020-03-18T00:00:00.000,0,0,7,11,11,0,2020-03-18,0,7,0,0.158903404527817,0
Madison,2020-03-19T00:00:00.000,0,0,4,15,15,0,2020-03-19,0,4,0,0.158032495944433,0
Madison,2020-03-20T00:00:00.000,0,0,9,24,24,0,2020-03-20,0,9,0,0.157003490868853,0
Madison,2020-03-21T00:00:00.000,1,1,9,33,33,1,2020-03-21,1,9,0.111111111111111,0.155823128893497,1.38330665946127
Madison,2020-03-22T00:00:00.000,3,4,14,47,47,4,2020-03-22,3,14,0.214285714285714,0.154500863947738,4.00923506560753
Madison,2020-03-23T00:00:00.000,1,5,10,57,57,5,2020-03-23,1,10,0.1,0.153048659082009,1.29357792277583
Madison,2020-03-24T00:00:00.000,2,7,15,72,72,7,2020-03-24,2,15,0.133333333333333,0.15148071523153,2.50936025789185
Madison,2020-03-25T00:00:00.000,2,9,28,100,100,9,2020-03-25,2,28,0.0714285714285714,0.149813144476773,2.45932113356095
Madison,2020-03-26T00:00:00.000,8,17,23,123,123,17,2020-03-26,8,23,0.347826086956522,0.148063600126292,9.65939664199562
Madison,2020-03-27T00:00:00.000,2,19,28,151,151,19,2020-03-27,2,28,0.0714285714285714,0.146250877082175,2.37486158455194
Madison,2020-03-28T00:00:00.000,5,24,34,185,185,24,2020-03-28,5,34,0.147058823529412,0.144394496350788,5.86023721666774
Madison,2020-03-29T00:00:00.000,10,34,30,215,215,34,2020-03-29,10,30,0.333333333333333,0.142514287181146,11.6777445592573
Madison,2020-03-30T00:00:00.000,7,41,39,254,254,41,2020-03-30,7,39,0.179487179487179,0.140629979270464,8.18554663467616
Madison,2020-03-31T00:00:00.000,10,51,55,309,309,51,2020-03-31,10,55,0.181818181818182,0.138760815780928,11.7006937831676
Madison,2020-04-01T00:00:00.000,9,60,67,376,376,60,2020-04-01,9,67,0.134328358208955,0.136925195775649,10.5258194201569
Madison,2020-04-02T00:00:00.000,10,70,70,446,446,70,2020-04-02,10,70,0.142857142857143,0.135140352237527,11.5307784725883
Madison,2020-04-03T00:00:00.000,4,74,20,466,466,74,2020-04-03,4,20,0.2,0.133422069297046,4.55458414055004
Madison,2020-04-04T00:00:00.000,5,79,28,494,494,79,2020-04-04,5,28,0.178571428571429,0.131784439817284,5.67451046505759
Madison,2020-04-05T00:00:00.000,3,82,13,507,507,82,2020-04-05,3,13,0.230769230769231,0.13023966227604,3.39224353782424
Madison,2020-04-06T00:00:00.000,6,88,64,571,571,88,2020-04-06,6,64,0.09375,0.128797874061462,6.81043718655056
Madison,2020-04-07T00:00:00.000,2,90,43,614,614,90,2020-04-07,2,43,0.0465116279069767,0.127467016956109,2.28494647595178
Madison,2020-04-08T00:00:00.000,1,91,12,626,626,91,2020-04-08,1,12,0.0833333333333333,0.126252729823579,1.15025198549575
Madison,2020-04-09T00:00:00.000,8,99,54,680,680,99,2020-04-09,8,54,0.148148148148148,0.12515826332707,9.26808390056914
Madison,2020-04-10T00:00:00.000,0,99,7,687,687,99,2020-04-10,0,7,0,0.124184411880742,0
Madison,2020-04-11T00:00:00.000,2,101,9,696,696,101,2020-04-11,2,9,0.222222222222222,0.123329458986704,2.35398843646936
Madison,2020-04-12T00:00:00.000,0,101,7,703,703,101,2020-04-12,0,7,0,0.122589133459459,0
Madison,2020-04-13T00:00:00.000,3,104,50,753,753,104,2020-04-13,3,50,0.06,0.121956575840592,3.62240999003276
Madison,2020-04-14T00:00:00.000,1,105,4,757,757,105,2020-04-14,1,4,0.25,0.121422316311441,1.22231575241621
Madison,2020-04-15T00:00:00.000,0,105,7,764,764,105,2020-04-15,0,7,0,0.120974267628119,0
Madison,2020-04-16T00:00:00.000,0,105,2,766,766,105,2020-04-16,0,2,0,0.120597738780242,0
Madison,2020-04-17T00:00:00.000,0,105,6,772,772,105,2020-04-17,0,6,0,0.120275477155733,0
Madison,2020-04-18T00:00:00.000,1,106,7,779,779,106,2020-04-18,1,7,0.142857142857143,0.119987748750856,1.26380843885683
Madison,2020-04-19T00:00:00.000,0,106,4,783,783,106,2020-04-19,0,4,0,0.119712467236895,0
Madison,2020-04-20T00:00:00.000,0,106,1,784,784,106,2020-04-20,0,1,0,0.119425383336806,0
Madison,2020-04-21T00:00:00.000,0,106,3,787,787,106,2020-04-21,0,3,0,0.119100345736502,0
Madison,2020-04-22T00:00:00.000,0,106,7,794,794,106,2020-04-22,0,7,0,0.118709643574536,0
Madison,2020-04-23T00:00:00.000,0,106,4,798,798,106,2020-04-23,0,4,0,0.118224438265694,0
Madison,2020-04-24T00:00:00.000,15,121,294,1092,1092,121,2020-04-24,15,294,0.0510204081632653,0.117615288948819,19.4304148971268
Madison,2020-04-25T00:00:00.000,2,123,22,1114,1114,123,2020-04-25,2,22,0.0909090909090909,0.116852771274872,2.59429675903849
Madison,2020-04-26T00:00:00.000,1,124,16,1130,1130,124,2020-04-26,1,16,0.0625,0.115908183591227,1.29753981753845
Madison,2020-04-27T00:00:00.000,2,126,26,1156,1156,126,2020-04-27,2,26,0.0769230769230769,0.114754328117127,2.59315506032698
Madison,2020-04-28T00:00:00.000,0,126,47,1203,1203,126,2020-04-28,0,47,0,0.113366347662287,0
Madison,2020-04-29T00:00:00.000,5,131,12,1215,1215,131,2020-04-29,5,12,0.416666666666667,0.111722591298881,6.47634596685729
Madison,2020-04-30T00:00:00.000,8,139,51,1266,1266,139,2020-04-30,8,51,0.156862745098039,0.109805475608312,10.4145133123276
Madison,2020-05-01T00:00:00.000,10,149,54,1320,1320,149,2020-05-01,10,54,0.185185185185185,0.107602302278303,13.0786007651091
Madison,2020-05-02T00:00:00.000,2,151,26,1346,1346,151,2020-05-02,2,26,0.0769230769230769,0.105105988595396,2.62389233837892
Madison,2020-05-03T00:00:00.000,66,217,141,1487,1487,217,2020-05-03,66,141,0.468085106382979,0.102315665369596,86.6693797830302
Madison,2020-05-04T00:00:00.000,6,223,43,1530,1530,223,2020-05-04,6,43,0.13953488372093,0.0992370977067379,7.87088539634336
Madison,2020-05-05T00:00:00.000,8,231,192,1722,1722,231,2020-05-05,8,192,0.0416666666666667,0.0958828883285388,10.4665406499988
Madison,2020-05-06T00:00:00.000,15,246,204,1926,1926,246,2020-05-06,15,204,0.0735294117647059,0.0922724311130691,19.5638369406767
Madison,2020-05-07T00:00:00.000,3,249,95,2021,2021,249,2020-05-07,3,95,0.0315789473684211,0.0884315942812533,3.91145971258552
Madison,2020-05-08T00:00:00.000,1,250,50,2071,2071,250,2020-05-08,1,50,0.02,0.0843921277387443,1.30687003089242
Madison,2020-05-09T00:00:00.000,1,251,37,2108,2108,251,2020-05-09,1,37,0.027027027027027,0.0801908066818901,1.3091506706644
Madison,2020-05-10T00:00:00.000,0,251,23,2131,2131,251,2020-05-10,0,23,0,0.0758683423387233,0
Madison,2020-05-11T00:00:00.000,0,251,17,2148,2148,251,2020-05-11,0,17,0,0.0714681088775583,0
Madison,2020-05-12T00:00:00.000,2,253,79,2227,2227,253,2020-05-12,2,79,0.0253164556962025,0.067034751084312,2.62851742728316
Madison,2020-05-13T00:00:00.000,2,255,61,2288,2288,255,2020-05-13,2,61,0.0327868852459016,0.0626127484353088,2.64211144725316
Madison,2020-05-14T00:00:00.000,1,256,30,2318,2318,256,2020-05-14,1,30,0.0333333333333333,0.0582450160651375,1.33053967326281
Madison,2020-05-15T00:00:00.000,2,258,53,2371,2371,258,2020-05-15,2,53,0.0377358490566038,0.0539716209148158,2.67716335261954
Madison,2020-05-16T00:00:00.000,0,258,56,2427,2427,258,2020-05-16,0,56,0,0.049828682032441,0
Madison,2020-05-17T00:00:00.000,0,258,44,2471,2471,258,2020-05-17,0,44,0,0.0458475084920073,0
Madison,2020-05-18T00:00:00.000,2,260,103,2574,2574,260,2020-05-18,2,103,0.0194174757281553,0.0420540085295756,2.68398523136173
Madison,2020-05-19T00:00:00.000,32,292,201,2775,2775,292,2020-05-19,32,201,0.159203980099502,0.0384683815944104,42.8414291164084
Madison,2020-05-20T00:00:00.000,2,294,101,2876,2876,294,2020-05-20,2,101,0.0198019801980198,0.0351050836731563,2.67164809357733
Madison,2020-05-21T00:00:00.000,3,297,135,3011,3011,297,2020-05-21,3,135,0.0222222222222222,0.0319730377300066,4.00341259192399
Madison,2020-05-22T00:00:00.000,4,301,200,3211,3211,301,2020-05-22,4,200,0.02,0.0290760471724315,5.32643305763914
Madison,2020-05-23T00:00:00.000,0,301,105,3316,3316,301,2020-05-23,0,105,0,0.0264133618184106,0
Madison,2020-05-24T00:00:00.000,2,303,67,3383,3383,303,2020-05-24,2,67,0.0298507462686567,0.023980343002765,2.64251757578256
Madison,2020-05-25T00:00:00.000,0,303,179,3562,3562,303,2020-05-25,0,179,0,0.021769176614721,0
Madison,2020-05-26T00:00:00.000,7,310,330,3892,3892,310,2020-05-26,7,330,0.0212121212121212,0.0197695888626007,9.13619818828832
Madison,2020-05-27T00:00:00.000,0,310,67,3959,3959,310,2020-05-27,0,67,0,0.0179695280766203,0
Madison,2020-05-28T00:00:00.000,0,310,141,4100,4100,310,2020-05-28,0,141,0,0.0163557855032792,0
Madison,2020-05-29T00:00:00.000,1,311,187,4287,4287,311,2020-05-29,1,187,0.0053475935828877,0.0149145376520363,1.28001304773879
Madison,2020-05-30T00:00:00.000,5,316,316,4603,4603,316,2020-05-30,5,316,0.0158227848101266,0.0136318014375698,6.38968188786443
Madison,2020-05-31T00:00:00.000,0,316,138,4741,4741,316,2020-05-31,0,138,0,0.0124938005685467,0
Madison,2020-06-01T00:00:00.000,1,317,98,4839,4839,317,2020-06-01,1,98,0.0102040816326531,0.0114872471170784,1.28641369436727
Madison,2020-06-02T00:00:00.000,2,319,222,5061,5061,319,2020-06-02,2,222,0.00900900900900901,0.0105995459673037,2.58064501449567
Madison,2020-06-03T00:00:00.000,0,319,242,5303,5303,319,2020-06-03,0,242,0,0.0098189320531057,0
Madison,2020-06-04T00:00:00.000,4,323,279,5582,5582,323,2020-06-04,4,279,0.014336917562724,0.00913455122667959,5.16355363776501
Madison,2020-06-05T00:00:00.000,2,325,336,5918,5918,325,2020-06-05,2,336,0.00595238095238095,0.00853649556025416,2.57473556776476
Madison,2020-06-06T00:00:00.000,2,327,123,6041,6041,327,2020-06-06,2,123,0.016260162601626,0.00801580316658156,2.56675790917594
Madison,2020-06-07T00:00:00.000,0,327,148,6189,6189,327,2020-06-07,0,148,0,0.00756443149445521,0
Madison,2020-06-08T00:00:00.000,4,331,157,6346,6346,331,2020-06-08,4,157,0.0254777070063694,0.00717521172414885,5.09638698747372
Madison,2020-06-09T00:00:00.000,0,331,418,6764,6764,331,2020-06-09,0,418,0,0.00684179051168768,0
Madison,2020-06-10T00:00:00.000,2,333,234,6998,6998,333,2020-06-10,2,234,0.00854700854700855,0.00655856401785464,2.52644053392803
Madison,2020-06-11T00:00:00.000,0,333,184,7182,7182,333,2020-06-11,0,184,0,0.00632060797705567,0
Madison,2020-06-12T00:00:00.000,0,333,121,7303,7303,333,2020-06-12,0,121,0,0.00612360654645672,0
Madison,2020-06-13T00:00:00.000,1,334,297,7600,7600,334,2020-06-13,1,297,0.00336700336700337,0.00596378183930327,1.24413273168109
Madison,2020-06-14T00:00:00.000,1,335,78,7678,7678,335,2020-06-14,1,78,0.0128205128205128,0.00583782538577941,1.23703662177035
Madison,2020-06-15T00:00:00.000,1,336,191,7869,7869,336,2020-06-15,1,191,0.00523560209424084,0.00574283226706435,1.22956375601275
Madison,2020-06-16T00:00:00.000,2,338,104,7973,7973,338,2020-06-16,2,104,0.0192307692307692,0.0056762383173407,2.44341178031032
Madison,2020-06-17T00:00:00.000,3,341,186,8159,8159,341,2020-06-17,3,186,0.0161290322580645,0.00563576056517095,3.64036997728873
Madison,2020-06-18T00:00:00.000,1,342,253,8412,8412,342,2020-06-18,1,253,0.00395256916996047,0.00561934097143579,1.20481432238702
Madison,2020-06-19T00:00:00.000,1,343,242,8654,8654,343,2020-06-19,1,242,0.00413223140495868,0.00562509349838839,1.19578446002752
Madison,2020-06-20T00:00:00.000,2,345,137,8791,8791,345,2020-06-20,2,137,0.0145985401459854,0.00565125459460446,2.37276472148427
Madison,2020-06-21T00:00:00.000,2,347,126,8917,8917,347,2020-06-21,2,126,0.0158730158730159,0.00569613728718023,2.35695248719662
Madison,2020-06-22T00:00:00.000,0,347,204,9121,9121,347,2020-06-22,0,204,0,0.00575808921627965,0
Madison,2020-06-23T00:00:00.000,0,347,194,9315,9315,347,2020-06-23,0,194,0,0.00583545510868541,0
Madison,2020-06-24T00:00:00.000,2,349,174,9489,9489,349,2020-06-24,2,174,0.0114942528735632,0.00592654434410891,2.36503392736747
Madison,2020-06-25T00:00:00.000,2,351,278,9767,9767,351,2020-06-25,2,278,0.00719424460431655,0.00602960439988762,2.36497714849997
Madison,2020-06-26T00:00:00.000,0,351,229,9996,9996,351,2020-06-26,0,229,0,0.00614280103872887,0
Madison,2020-06-27T00:00:00.000,1,352,90,10086,10086,352,2020-06-27,1,90,0.0111111111111111,0.00626420611320744,1.1775272291181
Madison,2020-06-28T00:00:00.000,1,353,130,10216,10216,353,2020-06-28,1,130,0.00769230769230769,0.00639179377582425,1.17440793512246
Madison,2020-06-29T00:00:00.000,4,357,123,10339,10339,357,2020-06-29,4,123,0.032520325203252,0.00652344569454138,4.6866690749385
Madison,2020-06-30T00:00:00.000,0,357,233,10572,10572,357,2020-06-30,0,233,0,0.00665696557640192,0
Madison,2020-07-01T00:00:00.000,2,359,188,10760,10760,359,2020-07-01,2,188,0.0106382978723404,0.006790102902459,2.36293931866549
Madison,2020-07-02T00:00:00.000,1,360,148,10908,10908,360,2020-07-02,1,148,0.00675675675675676,0.00692058529759585,1.18554140956043
Madison,2020-07-03T00:00:00.000,3,363,182,11090,11090,363,2020-07-03,3,182,0.0164835164835165,0.0070461584320921,3.55369082835119
Madison,2020-07-04T00:00:00.000,0,363,111,11201,11201,363,2020-07-04,0,111,0,0.00716463182044676,0
Madison,2020-07-05T00:00:00.000,1,364,96,11297,11297,364,2020-07-05,1,96,0.0104166666666667,0.00727392840171533,1.18128164056203
Madison,2020-07-06T00:00:00.000,3,367,255,11552,11552,367,2020-07-06,3,255,0.0117647058823529,0.0073721354039212,3.53690577559351
Madison,2020-07-07T00:00:00.000,1,368,307,11859,11859,368,2020-07-07,1,307,0.00325732899022801,0.00745755376324551,1.17825828269457
Madison,2020-07-08T00:00:00.000,0,368,189,12048,12048,368,2020-07-08,0,189,0,0.00752874332232174,0
Madison,2020-07-09T00:00:00.000,3,371,144,12192,12192,371,2020-07-09,3,144,0.0208333333333333,0.00758456118868906,3.52643397812208
Madison,2020-07-10T00:00:00.000,3,374,159,12351,12351,374,2020-07-10,3,159,0.0188679245283019,0.00762419099432664,3.52028133630088
Madison,2020-07-11T00:00:00.000,0,374,121,12472,12472,374,2020-07-11,0,121,0,0.00764716133349815,0
Madison,2020-07-12T00:00:00.000,1,375,331,12803,12803,375,2020-07-12,1,331,0.00302114803625378,0.00765335232596497,1.16808846667793
Madison,2020-07-13T00:00:00.000,1,376,214,13017,13017,376,2020-07-13,1,214,0.00467289719626168,0.00764298999810593,1.16484814970548
Madison,2020-07-14T00:00:00.000,0,376,255,13272,13272,376,2020-07-14,0,255,0,0.00761662892559381,0
Madison,2020-07-15T00:00:00.000,1,377,221,13493,13493,377,2020-07-15,1,221,0.00452488687782805,0.00757512427707652,1.15737361895791
Madison,2020-07-16T00:00:00.000,2,379,206,13699,13699,379,2020-07-16,2,206,0.00970873786407767,0.00751959497535403,2.30851072223348
Madison,2020-07-17T00:00:00.000,3,382,256,13955,13955,382,2020-07-17,3,256,0.01171875,0.00745138011270447,3.46415067133464
Madison,2020-07-18T00:00:00.000,1,383,70,14025,14025,383,2020-07-18,1,70,0.0142857142857143,0.007371990992537,1.15450108995484
Madison,2020-07-19T00:00:00.000,1,384,186,14211,14211,384,2020-07-19,1,186,0.00537634408602151,0.00728306121817966,1.15360396283797
Madison,2020-07-20T00:00:00.000,3,387,197,14408,14408,387,2020-07-20,3,197,0.0152284263959391,0.00718629712449641,3.45395082899581
Madison,2020-07-21T00:00:00.000,1,388,286,14694,14694,388,2020-07-21,1,286,0.0034965034965035,0.00708343058045729,1.14440020770064
Madison,2020-07-22T00:00:00.000,0,388,163,14857,14857,388,2020-07-22,0,163,0,0.00697617581643019,0
Madison,2020-07-23T00:00:00.000,2,390,406,15263,15263,390,2020-07-23,2,406,0.00492610837438424,0.00686619149821397,2.2519803361186
Madison,2020-07-24T00:00:00.000,0,390,152,15415,15415,390,2020-07-24,0,152,0,0.00675504881685202,0
Madison,2020-07-25T00:00:00.000,0,390,185,15600,15600,390,2020-07-25,0,185,0,0.0066442059323941,0
Madison,2020-07-26T00:00:00.000,0,390,120,15720,15720,390,2020-07-26,0,120,0,0.00653498872691436,0
Madison,2020-07-27T00:00:00.000,1,391,156,15876,15876,391,2020-07-27,1,156,0.00641025641025641,0.00642857750824233,1.10615674408346
Madison,2020-07-28T00:00:00.000,2,393,304,16180,16180,393,2020-07-28,2,304,0.00657894736842105,0.00632599907179445,2.20770148634657
Madison,2020-07-29T00:00:00.000,3,396,162,16342,16342,396,2020-07-29,3,162,0.0185185185185185,0.00622812337522128,3.31258673720662
Madison,2020-07-30T00:00:00.000,2,398,250,16592,16592,398,2020-07-30,2,250,0.008,0.00613566400278713,2.21430797236063
Madison,2020-07-31T00:00:00.000,1,399,187,16779,16779,399,2020-07-31,1,187,0.0053475935828877,0.00604918158744704,1.10998432237791
Madison,2020-08-01T00:00:00.000,1,400,142,16921,16921,400,2020-08-01,1,142,0.00704225352112676,0.00596908940075247,1.11266270387779
Madison,2020-08-02T00:00:00.000,1,401,80,17001,17001,401,2020-08-02,1,80,0.0125,0.00589566040545769,1.1145971202874
Madison,2020-08-03T00:00:00.000,4,405,282,17283,17283,405,2020-08-03,4,282,0.0141843971631206,0.00582903517668101,4.4594363265464
Madison,2020-08-04T00:00:00.000,1,406,202,17485,17485,406,2020-08-04,1,202,0.00495049504950495,0.00576923022356469,1.11484268865253
Madison,2020-08-05T00:00:00.000,3,409,238,17723,17723,409,2020-08-05,3,238,0.0126050420168067,0.00571614637509762,3.34418179500178
Madison,2020-08-06T00:00:00.000,3,412,374,18097,18097,412,2020-08-06,3,374,0.00802139037433155,0.00566957702299104,3.34251985245867
Madison,2020-08-07T00:00:00.000,0,412,122,18219,18219,412,2020-08-07,0,122,0,0.00562921613298371,0
Madison,2020-08-08T00:00:00.000,0,412,107,18326,18326,412,2020-08-08,0,107,0,0.00559466604184248,0
Madison,2020-08-09T00:00:00.000,0,412,78,18404,18404,412,2020-08-09,0,78,0,0.00556544514511147,0
Madison,2020-08-10T00:00:00.000,1,413,462,18866,18866,413,2020-08-10,1,462,0.00216450216450216,0.00554099564706596,1.11360463094478
Madison,2020-08-11T00:00:00.000,1,414,323,19189,19189,414,2020-08-11,1,323,0.00309597523219814,0.0055206915900835,1.11307744543911
Madison,2020-08-12T00:00:00.000,3,417,125,19314,19314,417,2020-08-12,3,125,0.024,0.00550384740117268,3.33585044968074
Madison,2020-08-13T00:00:00.000,2,419,340,19654,19654,419,2020-08-13,2,340,0.00588235294117647,0.0054897271895792,2.2205056478703
Madison,2020-08-14T00:00:00.000,2,421,268,19922,19922,421,2020-08-14,2,268,0.00746268656716418,0.00547755500103674,2.21597842532215
Madison,2020-08-15T00:00:00.000,0,421,149,20071,20071,421,2020-08-15,0,149,0,0.00546652618169419,0
Madison,2020-08-16T00:00:00.000,0,421,147,20218,20218,421,2020-08-16,0,147,0,0.00545581992907459,0
Madison,2020-08-17T00:00:00.000,2,423,302,20520,20520,423,2020-08-17,2,302,0.00662251655629139,0.00544461301515557,2.22202383980775
Madison,2020-08-18T00:00:00.000,1,424,256,20776,20776,424,2020-08-18,1,256,0.00390625,0.00543209455866067,1.11336719208367
Madison,2020-08-19T00:00:00.000,0,424,228,21004,21004,424,2020-08-19,0,228,0,0.00541748160988774,0
Madison,2020-08-20T00:00:00.000,7,431,1008,22012,22012,431,2020-08-20,7,1008,0.00694444444444444,0.00540003519941934,7.81558286619964
Madison,2020-08-21T00:00:00.000,1,432,473,22485,22485,432,2020-08-21,1,473,0.00211416490486258,0.00537907639931946,1.11719670736913
Madison,2020-08-22T00:00:00.000,0,432,111,22596,22596,432,2020-08-22,0,111,0,0.00535400186315083,0
Madison,2020-08-23T00:00:00.000,0,432,140,22736,22736,432,2020-08-23,0,140,0,0.00532429825889033,0
Madison,2020-08-24T00:00:00.000,2,434,468,23204,23204,434,2020-08-24,2,468,0.00427350427350427,0.0052895549900678,2.22643509124273
Madison,2020-08-25T00:00:00.000,1,435,236,23440,23440,435,2020-08-25,1,236,0.00423728813559322,0.00524947462573101,1.10927281040007
Madison,2020-08-26T00:00:00.000,4,439,546,23986,23986,439,2020-08-26,4,546,0.00732600732600733,0.00520388052518505,4.42663031885813
Madison,2020-08-27T00:00:00.000,17,456,1671,25657,25657,456,2020-08-27,17,1671,0.0101735487731897,0.00515272125070464,18.7758523482488
Madison,2020-08-28T00:00:00.000,3,459,993,26650,26650,459,2020-08-28,3,993,0.00302114803625378,0.00509607150154078,3.3055923246803
Madison,2020-08-29T00:00:00.000,2,461,197,26847,26847,461,2020-08-29,2,197,0.0101522842639594,0.00503412946863243,2.20076203621188
Madison,2020-08-30T00:00:00.000,0,461,247,27094,27094,461,2020-08-30,0,247,0,0.00496721068584483,0
Madison,2020-08-31T00:00:00.000,0,461,272,27366,27366,461,2020-08-31,0,272,0,0.00489573863049537,0
Madison,2020-09-01T00:00:00.000,0,461,206,27572,27572,461,2020-09-01,0,206,0,0.00482023248597348,0
Madison,2020-09-02T00:00:00.000,6,467,1767,29339,29339,467,2020-09-02,6,1767,0.0033955857385399,0.00474129261272973,6.62548046688895
Madison,2020-09-03T00:00:00.000,7,474,1108,30447,30447,474,2020-09-03,7,1108,0.00631768953068592,0.00465958436919847,7.77093042409496
Madison,2020-09-04T00:00:00.000,0,474,295,30742,30742,474,2020-09-04,0,295,0,0.00457582097706642,0
Madison,2020-09-05T00:00:00.000,0,474,255,30997,30997,474,2020-09-05,0,255,0,0.00449074613171739,0
Madison,2020-09-06T00:00:00.000,1,475,77,31074,31074,475,2020-09-06,1,77,0.012987012987013,0.00440511702267005,1.11534496506642
Madison,2020-09-07T00:00:00.000,0,475,149,31223,31223,475,2020-09-07,0,149,0,0.00431968835456975,0
Madison,2020-09-08T00:00:00.000,0,475,304,31527,31527,475,2020-09-08,0,304,0,0.0042351978565323,0
Madison,2020-09-09T00:00:00.000,0,475,97,31624,31624,475,2020-09-09,0,97,0,0.00415235364474851,0
Madison,2020-09-10T00:00:00.000,1,476,362,31986,31986,476,2020-09-10,1,362,0.00276243093922652,0.00407182367315353,1.11482029381001
Madison,2020-09-11T00:00:00.000,2,478,341,32327,32327,478,2020-09-11,2,341,0.00586510263929619,0.00399422737694497,2.23703604040858
Madison,2020-09-12T00:00:00.000,0,478,260,32587,32587,478,2020-09-12,0,260,0,0.00392012949477703,0
Madison,2020-09-13T00:00:00.000,0,478,94,32681,32681,478,2020-09-13,0,94,0,0.0038500359523338,0
Madison,2020-09-14T00:00:00.000,2,480,126,32807,32807,480,2020-09-14,2,126,0.0158730158730159,0.00378439160853949,2.26060729969618
Madison,2020-09-15T00:00:00.000,0,480,362,33169,33169,480,2020-09-15,0,362,0,0.00372357960638329,0
Madison,2020-09-16T00:00:00.000,0,480,164,33333,33333,480,2020-09-16,0,164,0,0.00366792203498934,0
Madison,2020-09-17T00:00:00.000,4,484,318,33651,33651,484,2020-09-17,4,318,0.0125786163522013,0.00361768159531323,4.55745321186743
Madison,2020-09-18T00:00:00.000,2,486,284,33935,33935,486,2020-09-18,2,284,0.00704225352112676,0.00357306396670439,2.28277732296833
Madison,2020-09-19T00:00:00.000,1,487,301,34236,34236,487,2020-09-19,1,301,0.00332225913621262,0.00353422059266079,1.14276124884972
Madison,2020-09-20T00:00:00.000,1,488,110,34346,34346,488,2020-09-20,1,110,0.00909090909090909,0.0035012516364333,1.14315179708694
Madison,2020-09-21T00:00:00.000,1,489,124,34470,34470,489,2020-09-21,1,124,0.00806451612903226,0.00347420890017814,1.14233231545965
Madison,2020-09-22T00:00:00.000,0,489,389,34859,34859,489,2020-09-22,0,389,0,0.00345309854841784,0
Madison,2020-09-23T00:00:00.000,3,492,375,35234,35234,492,2020-09-23,3,375,0.008,0.00343788352901975,3.41296555404992
Madison,2020-09-24T00:00:00.000,0,492,251,35485,35485,492,2020-09-24,0,251,0,0.00342848563784292,0
Madison,2020-09-25T00:00:00.000,1,493,386,35871,35871,493,2020-09-25,1,386,0.00259067357512953,0.00342478722622753,1.13961789644121
Madison,2020-09-26T00:00:00.000,0,493,198,36069,36069,493,2020-09-26,0,198,0,0.00342663260285672,0
Madison,2020-09-27T00:00:00.000,0,493,155,36224,36224,493,2020-09-27,0,155,0,0.00343382923076002,0
Madison,2020-09-28T00:00:00.000,4,497,288,36512,36512,497,2020-09-28,4,288,0.0138888888888889,0.00344614886618909,4.52790380001824
Madison,2020-09-29T00:00:00.000,0,497,484,36996,36996,497,2020-09-29,0,484,0,0.00346332882761961,0
Madison,2020-09-30T00:00:00.000,1,498,370,37366,37366,498,2020-09-30,1,370,0.0027027027027027,0.00348507361753606,1.12018418403618
Madison,2020-10-01T00:00:00.000,3,501,367,37733,37733,501,2020-10-01,3,367,0.00817438692098093,0.0035110571468315,3.33793794855311
Madison,2020-10-02T00:00:00.000,2,503,476,38209,38209,503,2020-10-02,2,476,0.00420168067226891,0.00354092582838513,2.2138616407139
Madison,2020-10-03T00:00:00.000,0,503,140,38349,38349,503,2020-10-03,0,140,0,0.00357430281098609,0
Madison,2020-10-04T00:00:00.000,0,503,94,38443,38443,503,2020-10-04,0,94,0,0.00361079361618598,0
Madison,2020-10-05T00:00:00.000,2,505,241,38684,38684,505,2020-10-05,2,241,0.00829875518672199,0.00364999341687902,2.25035728671773
Madison,2020-10-06T00:00:00.000,0,505,469,39153,39153,505,2020-10-06,0,469,0,0.00369149615769208,0
Madison,2020-10-07T00:00:00.000,0,505,448,39601,39601,505,2020-10-07,0,448,0,0.00373490566513762,0
Madison,2020-10-08T00:00:00.000,4,509,523,40124,40124,509,2020-10-08,4,523,0.00764818355640535,0.00377984883282875,4.5997626237898
Madison,2020-10-09T00:00:00.000,0,509,377,40501,40501,509,2020-10-09,0,377,0,0.00382599089938804,0
Madison,2020-10-10T00:00:00.000,2,511,211,40712,40712,511,2020-10-10,2,211,0.00947867298578199,0.00387305277200059,2.33324977604709
Madison,2020-10-11T00:00:00.000,0,511,134,40846,40846,511,2020-10-11,0,134,0,0.00392083029653431,0
Monroe,2020-03-01T00:00:00.000,0,0,0,0,0,0,2020-03-01,0,0,0,0.00149828359383584,0
Monroe,2020-03-02T00:00:00.000,0,0,0,0,0,0,2020-03-02,0,0,0,0.00188221401160779,0
Monroe,2020-03-03T00:00:00.000,0,0,0,0,0,0,2020-03-03,0,0,0,0.00236390701885223,0
Monroe,2020-03-04T00:00:00.000,0,0,0,0,0,0,2020-03-04,0,0,0,0.00296723802711682,0
Monroe,2020-03-05T00:00:00.000,0,0,0,0,0,0,2020-03-05,0,0,0,0.00372099766833608,0
Monroe,2020-03-06T00:00:00.000,0,0,0,0,0,0,2020-03-06,0,0,0,0.00465942931912976,0
Monroe,2020-03-07T00:00:00.000,0,0,2,2,2,0,2020-03-07,0,2,0,0.00582260287228831,0
Monroe,2020-03-08T00:00:00.000,0,0,1,3,3,0,2020-03-08,0,1,0,0.00725650574132958,0
Monroe,2020-03-09T00:00:00.000,0,0,0,3,3,0,2020-03-09,0,0,0.025,0.00901270592782672,0
Monroe,2020-03-10T00:00:00.000,0,0,0,3,3,0,2020-03-10,0,0,0.05,0.0111474250044917,0
Monroe,2020-03-11T00:00:00.000,0,0,0,3,3,0,2020-03-11,0,0,0.075,0.0137198601258753,0
Monroe,2020-03-12T00:00:00.000,1,1,10,13,13,1,2020-03-12,1,10,0.1,0.0167896240117164,1.64192477239749
Monroe,2020-03-13T00:00:00.000,1,2,4,17,17,2,2020-03-13,1,4,0.25,0.0204132396769329,1.57414440768787
Monroe,2020-03-14T00:00:00.000,0,2,2,19,19,2,2020-03-14,0,2,0,0.024639737494883,0
Monroe,2020-03-15T00:00:00.000,7,9,39,58,58,9,2020-03-15,7,39,0.179487179487179,0.0295055522164462,10.3322915634048
Monroe,2020-03-16T00:00:00.000,1,10,29,87,87,10,2020-03-16,1,29,0.0344827586206897,0.0350290905531954,1.44087051779062
Monroe,2020-03-17T00:00:00.000,4,14,75,162,162,14,2020-03-17,4,75,0.0533333333333333,0.0412055057015463,5.62594448693156
Monroe,2020-03-18T00:00:00.000,13,27,153,315,315,27,2020-03-18,13,153,0.0849673202614379,0.0480023331252121,17.8497473702473
Monroe,2020-03-19T00:00:00.000,5,32,193,508,508,32,2020-03-19,5,193,0.0259067357512953,0.0553566698401552,6.70377015401071
Monroe,2020-03-20T00:00:00.000,10,42,148,656,656,42,2020-03-20,10,148,0.0675675675675676,0.063174487207587,13.0955265534395
Monroe,2020-03-21T00:00:00.000,15,57,246,902,902,57,2020-03-21,15,246,0.0609756097560976,0.0713324500902682,19.1900121108612
Monroe,2020-03-22T00:00:00.000,19,76,416,1318,1318,76,2020-03-22,19,416,0.0456730769230769,0.0796823017400668,23.7649531364722
Monroe,2020-03-23T00:00:00.000,20,96,219,1537,1537,96,2020-03-23,20,219,0.091324200913242,0.0880575224302301,24.4802745357264
Monroe,2020-03-24T00:00:00.000,22,118,172,1709,1709,118,2020-03-24,22,172,0.127906976744186,0.0962816541647418,26.3799713967504
Monroe,2020-03-25T00:00:00.000,21,139,255,1964,1964,139,2020-03-25,21,255,0.0823529411764706,0.104177470308795,24.9015814787892
Monroe,2020-03-26T00:00:00.000,21,160,232,2196,2196,160,2020-03-26,21,232,0.0905172413793103,0.111576097126387,24.6485623444573
Monroe,2020-03-27T00:00:00.000,32,192,253,2449,2449,192,2020-03-27,32,253,0.126482213438735,0.118325266084571,37.2011346430304
Monroe,2020-03-28T00:00:00.000,27,219,282,2731,2731,219,2020-03-28,27,282,0.0957446808510638,0.124296059468509,31.174509430168
Monroe,2020-03-29T00:00:00.000,23,242,129,2860,2860,242,2020-03-29,23,129,0.178294573643411,0.129387755332527,26.6005296816932
Monroe,2020-03-30T00:00:00.000,50,292,383,3243,3243,292,2020-03-30,50,383,0.130548302872063,0.133530626985582,58.1661004513483
Monroe,2020-03-31T00:00:00.000,57,349,356,3599,3599,349,2020-03-31,57,356,0.160112359550562,0.136686765063213,66.5935905310168
Monroe,2020-04-01T00:00:00.000,71,420,381,3980,3980,420,2020-04-01,71,381,0.186351706036745,0.138849144256976,83.1529647053677
Monroe,2020-04-02T00:00:00.000,44,464,336,4316,4316,464,2020-04-02,44,336,0.130952380952381,0.140039248029362,50.9164102947462
Monroe,2020-04-03T00:00:00.000,48,512,328,4644,4644,512,2020-04-03,48,328,0.146341463414634,0.140303602376399,54.9305681024033
Monroe,2020-04-04T00:00:00.000,36,548,277,4921,4921,548,2020-04-04,36,277,0.129963898916967,0.139709568972256,41.0957678610511
Monroe,2020-04-05T00:00:00.000,26,574,225,5146,5146,574,2020-04-05,26,225,0.115555555555556,0.138340723891197,29.5773864207542
Monroe,2020-04-06T00:00:00.000,22,596,305,5451,5451,596,2020-04-06,22,305,0.0721311475409836,0.136292111873175,25.1132329294819
Monroe,2020-04-07T00:00:00.000,55,651,420,5871,5871,651,2020-04-07,55,420,0.130952380952381,0.133665624497228,63.135106312251
Monroe,2020-04-08T00:00:00.000,47,698,382,6253,6253,698,2020-04-08,47,382,0.12303664921466,0.13056570663379,54.2437473085135
Monroe,2020-04-09T00:00:00.000,44,742,380,6633,6633,742,2020-04-09,44,380,0.115789473684211,0.127095549902917,51.0528190111564
Monroe,2020-04-10T00:00:00.000,25,767,284,6917,6917,767,2020-04-10,25,284,0.0880281690140845,0.123353884860382,29.1586320947335
Monroe,2020-04-11T00:00:00.000,31,798,220,7137,7137,798,2020-04-11,31,220,0.140909090909091,0.11943243629013,36.3698550169382
Monroe,2020-04-12T00:00:00.000,25,823,157,7294,7294,823,2020-04-12,25,157,0.159235668789809,0.115414060046296,29.6278757201954
Monroe,2020-04-13T00:00:00.000,27,850,304,7598,7598,850,2020-04-13,27,304,0.0888157894736842,0.111371538228536,32.3070282850441
Monroe,2020-04-14T00:00:00.000,34,884,353,7951,7951,884,2020-04-14,34,353,0.0963172804532578,0.107366974643087,41.0506034776474
Monroe,2020-04-15T00:00:00.000,48,932,259,8210,8210,932,2020-04-15,48,259,0.185328185328185,0.103451706868474,58.3821323169211
Monroe,2020-04-16T00:00:00.000,43,975,296,8506,8506,975,2020-04-16,43,296,0.14527027027027,0.0996666357596817,52.5571436994312
Monroe,2020-04-17T00:00:00.000,33,1008,260,8766,8766,1008,2020-04-17,33,260,0.126923076923077,0.0960428678869963,40.5033748061699
Monroe,2020-04-18T00:00:00.000,24,1032,202,8968,8968,1032,2020-04-18,24,202,0.118811881188119,0.0926025698745873,29.5556902284477
Monroe,2020-04-19T00:00:00.000,22,1054,188,9156,9156,1054,2020-04-19,22,188,0.117021276595745,0.0893599438830704,27.1630866087551
Monroe,2020-04-20T00:00:00.000,16,1070,229,9385,9385,1070,2020-04-20,16,229,0.0698689956331878,0.0863222482456651,19.7947234395391
Monroe,2020-04-21T00:00:00.000,42,1112,409,9794,9794,1112,2020-04-21,42,409,0.102689486552567,0.0834908041346923,52.0364774454403
Monroe,2020-04-22T00:00:00.000,40,1152,500,10294,10294,1152,2020-04-22,40,500,0.08,0.0808619462314016,49.6032636039429
Monroe,2020-04-23T00:00:00.000,47,1199,470,10764,10764,1199,2020-04-23,47,470,0.1,0.0784278911875083,58.3048636607134
Monroe,2020-04-24T00:00:00.000,86,1285,1134,11898,11898,1285,2020-04-24,86,1134,0.0758377425044092,0.076177511263629,106.665891228826
Monroe,2020-04-25T00:00:00.000,31,1316,341,12239,12239,1316,2020-04-25,31,341,0.0909090909090909,0.0740970115002489,38.4208986695253
Monroe,2020-04-26T00:00:00.000,15,1331,234,12473,12473,1331,2020-04-26,15,234,0.0641025641025641,0.0721705169364544,18.562502474509
Monroe,2020-04-27T00:00:00.000,40,1371,543,13016,13016,1371,2020-04-27,40,543,0.0736648250460405,0.070380581964352,49.3886164488349
Monroe,2020-04-28T00:00:00.000,33,1404,530,13546,13546,1404,2020-04-28,33,530,0.0622641509433962,0.0687086370773791,40.6268781221842
Monroe,2020-04-29T00:00:00.000,37,1441,469,14015,14015,1441,2020-04-29,37,469,0.0788912579957356,0.0671353894369557,45.5452207852972
Monroe,2020-04-30T00:00:00.000,37,1478,579,14594,14594,1478,2020-04-30,37,579,0.0639032815198618,0.0656411931173929,45.7515659563586
Monroe,2020-05-01T00:00:00.000,56,1534,520,15114,15114,1534,2020-05-01,56,520,0.107692307692308,0.0642064029070195,69.554460667459
Monroe,2020-05-02T00:00:00.000,32,1566,571,15685,15685,1566,2020-05-02,32,571,0.0560420315236427,0.0628117224565488,39.875608022932
Monroe,2020-05-03T00:00:00.000,29,1595,914,16599,16599,1595,2020-05-03,29,914,0.0317286652078775,0.0614385536012044,36.1884211672296
Monroe,2020-05-04T00:00:00.000,28,1623,721,17320,17320,1623,2020-05-04,28,721,0.0388349514563107,0.0600693491639553,34.9323865354309
Monroe,2020-05-05T00:00:00.000,32,1655,842,18162,18162,1655,2020-05-05,32,842,0.0380047505938242,0.0586879667846327,39.8606109952781
Monroe,2020-05-06T00:00:00.000,33,1688,1088,19250,19250,1688,2020-05-06,33,1088,0.0303308823529412,0.057280016628375,41.0364546201963
Monroe,2020-05-07T00:00:00.000,47,1735,1042,20292,20292,1735,2020-05-07,47,1042,0.04510556621881,0.0558331916534319,58.5253425951007
Monroe,2020-05-08T00:00:00.000,40,1775,1114,21406,21406,1775,2020-05-08,40,1114,0.0359066427289048,0.0543375657978958,50.0232857164752
Monroe,2020-05-09T00:00:00.000,46,1821,1148,22554,22554,1821,2020-05-09,46,1148,0.0400696864111498,0.0527858433920882,57.7546228940482
Monroe,2020-05-10T00:00:00.000,29,1850,864,23418,23418,1850,2020-05-10,29,864,0.0335648148148148,0.0511735426248028,36.5407355062986
Monroe,2020-05-11T00:00:00.000,40,1890,797,24215,24215,1890,2020-05-11,40,797,0.0501882057716437,0.0494990971840463,50.5577261530605
Monroe,2020-05-12T00:00:00.000,69,1959,1423,25638,25638,1959,2020-05-12,69,1423,0.0484891075193254,0.0477638633013568,87.6617023925713
Monroe,2020-05-13T00:00:00.000,60,2019,1401,27039,27039,2019,2020-05-13,60,1401,0.0428265524625268,0.0459720242171821,76.8520529505781
Monroe,2020-05-14T00:00:00.000,72,2091,1332,28371,28371,2091,2020-05-14,72,1332,0.0540540540540541,0.0441303901976148,93.1768930287042
Monroe,2020-05-15T00:00:00.000,101,2192,1427,29798,29798,2192,2020-05-15,101,1427,0.0707778556412053,0.0422480991323476,131.926007864201
Monroe,2020-05-16T00:00:00.000,66,2258,1508,31306,31306,2258,2020-05-16,66,1508,0.0437665782493369,0.0403362297817891,86.8428431761557
Monroe,2020-05-17T00:00:00.000,45,2303,1324,32630,32630,2303,2020-05-17,45,1324,0.033987915407855,0.0384073461490326,59.4079544374299
Monroe,2020-05-18T00:00:00.000,73,2376,1304,33934,33934,2376,2020-05-18,73,1304,0.0559815950920245,0.0364749965669315,96.5810165905701
Monroe,2020-05-19T00:00:00.000,89,2465,2033,35967,35967,2465,2020-05-19,89,2033,0.043777668470241,0.0345531942839639,117.880618731277
Monroe,2020-05-20T00:00:00.000,65,2530,1852,37819,37819,2530,2020-05-20,65,1852,0.035097192224622,0.0326559072975878,86.2028824464233
Monroe,2020-05-21T00:00:00.000,71,2601,2061,39880,39880,2601,2020-05-21,71,2061,0.0344492964580301,0.0307965837698538,94.3928956907926
Monroe,2020-05-22T00:00:00.000,60,2661,1198,41078,41078,2661,2020-05-22,60,1198,0.0500834724540902,0.0289877357960027,79.8721960288878
Monroe,2020-05-23T00:00:00.000,36,2697,846,41924,41924,2697,2020-05-23,36,846,0.0425531914893617,0.0272405990120323,47.9262181500582
Monroe,2020-05-24T00:00:00.000,36,2733,1729,43653,43653,2733,2020-05-24,36,1729,0.0208212839791787,0.0255648791441826,47.8706390314097
Monroe,2020-05-25T00:00:00.000,29,2762,1595,45248,45248,2762,2020-05-25,29,1595,0.0181818181818182,0.0239685898631351,38.4637266026009
Monroe,2020-05-26T00:00:00.000,29,2791,1297,46545,46545,2791,2020-05-26,29,1297,0.0223592906707787,0.0224579798750766,38.3356450233109
Monroe,2020-05-27T00:00:00.000,33,2824,1632,48177,48177,2824,2020-05-27,33,1632,0.0202205882352941,0.0210375416855597,43.5033869385083
Monroe,2020-05-28T00:00:00.000,36,2860,1127,49304,49304,2860,2020-05-28,36,1127,0.0319432120674357,0.0197100902893775,47.2868476299353
Monroe,2020-05-29T00:00:00.000,49,2909,1322,50626,50626,2909,2020-05-29,49,1322,0.0370650529500756,0.018476897394125,64.0785095890836
Monroe,2020-05-30T00:00:00.000,33,2942,2828,53454,53454,2942,2020-05-30,33,2828,0.0116690240452617,0.0173378656661305,43.1983750783456
Monroe,2020-05-31T00:00:00.000,22,2964,1994,55448,55448,2964,2020-05-31,22,1994,0.0110330992978937,0.0162917277309316,28.9567777106045
Monroe,2020-06-01T00:00:00.000,25,2989,2340,57788,57788,2989,2020-06-01,25,2340,0.0106837606837607,0.015336255978263,33.1032780451269
Monroe,2020-06-02T00:00:00.000,59,3048,3979,61767,61767,3048,2020-06-02,59,3979,0.0148278461925107,0.0144684712842964,78.53510393683
Monroe,2020-06-03T00:00:00.000,33,3081,2854,64621,64621,3081,2020-06-03,33,2854,0.01156271899089,0.0136848412206114,44.1227626179242
Monroe,2020-06-04T00:00:00.000,36,3117,2438,67059,67059,3117,2020-06-04,36,2438,0.014766201804758,0.0129814608722255,48.1343196241427
Monroe,2020-06-05T00:00:00.000,50,3167,4685,71744,71744,3167,2020-06-05,50,4685,0.0106723585912487,0.0123542118026552,66.7922669069443
Monroe,2020-06-06T00:00:00.000,23,3190,3231,74975,74975,3190,2020-06-06,23,3231,0.00711853915196534,0.0117988968107087,30.6811889408503
Monroe,2020-06-07T00:00:00.000,13,3203,2881,77856,77856,3203,2020-06-07,13,2881,0.00451232211037834,0.0113113498366942,17.3089123355573
Monroe,2020-06-08T00:00:00.000,40,3243,3245,81101,81101,3243,2020-06-08,40,3245,0.012326656394453,0.0108875216654446,53.1339165482436
Monroe,2020-06-09T00:00:00.000,12,3255,2985,84086,84086,3255,2020-06-09,12,2985,0.00402010050251256,0.0105235429576031,15.8960919135208
Monroe,2020-06-10T00:00:00.000,38,3293,2680,86766,86766,3293,2020-06-10,38,2680,0.0141791044776119,0.0102157666664255,50.1774863802457
Monroe,2020-06-11T00:00:00.000,27,3320,3200,89966,89966,3320,2020-06-11,27,3200,0.0084375,0.00996079213631886,35.5246060148247
Monroe,2020-06-12T00:00:00.000,20,3340,2748,92714,92714,3340,2020-06-12,20,2748,0.00727802037845706,0.00975547320168087,26.2097383553567
Monroe,2020-06-13T00:00:00.000,30,3370,3306,96020,96020,3370,2020-06-13,30,3306,0.00907441016333938,0.00959691248148061,39.1425350691851
Monroe,2020-06-14T00:00:00.000,10,3380,2541,98561,98561,3380,2020-06-14,10,2541,0.00393545848091303,0.00948244386276784,12.985224868463
Monroe,2020-06-15T00:00:00.000,22,3402,2556,101117,101117,3402,2020-06-15,22,2556,0.00860719874804382,0.00940960493808279,28.4196195357987
Monroe,2020-06-16T00:00:00.000,16,3418,2668,103785,103785,3418,2020-06-16,16,2668,0.00599700149925037,0.00937610095429867,20.5533593667441
Monroe,2020-06-17T00:00:00.000,21,3439,1704,105489,105489,3439,2020-06-17,21,1704,0.0123239436619718,0.00937976167693122,26.8143634121091
Monroe,2020-06-18T00:00:00.000,22,3461,1725,107214,107214,3461,2020-06-18,22,1725,0.0127536231884058,0.00941849249965336,27.9108076363243
Monroe,2020-06-19T00:00:00.000,26,3487,2028,109242,109242,3487,2020-06-19,26,2028,0.0128205128205128,0.00949022115011561,32.7597751214173
Monroe,2020-06-20T00:00:00.000,11,3498,2118,111360,111360,3498,2020-06-20,11,2118,0.00519357884796978,0.0095928414627281,13.7593400973681
Monroe,2020-06-21T00:00:00.000,14,3512,1708,113068,113068,3512,2020-06-21,14,1708,0.00819672131147541,0.00972415590411178,17.405079622458
Monroe,2020-06-22T00:00:00.000,28,3540,2314,115382,115382,3540,2020-06-22,28,2314,0.0121002592912705,0.00988181882873534,34.8700140665723
Monroe,2020-06-23T00:00:00.000,27,3567,1882,117264,117264,3567,2020-06-23,27,1882,0.014346439957492,0.0100632827824509,33.6797118937327
Monroe,2020-06-24T00:00:00.000,35,3602,2174,119438,119438,3602,2020-06-24,35,2174,0.016099356025759,0.0102657505162826,43.7254553318142
Monroe,2020-06-25T00:00:00.000,39,3641,2194,121632,121632,3641,2020-06-25,39,2194,0.0177757520510483,0.0104861356736774,48.7409764590399
Monroe,2020-06-26T00:00:00.000,35,3676,2250,123882,123882,3676,2020-06-26,35,2250,0.0155555555555556,0.0107210352986754,43.6739464043895
Monroe,2020-06-27T00:00:00.000,14,3690,2107,125989,125989,3690,2020-06-27,14,2107,0.00664451827242525,0.0109667173270512,17.4349238658407
Monroe,2020-06-28T00:00:00.000,19,3709,2132,128121,128121,3709,2020-06-28,19,2132,0.00891181988742964,0.0112191259923908,23.6051195888415
Monroe,2020-06-29T00:00:00.000,33,3742,2744,130865,130865,3742,2020-06-29,33,2744,0.0120262390670554,0.0114739075617201,40.9111480835755
Monroe,2020-06-30T00:00:00.000,38,3780,2184,133049,133049,3780,2020-06-30,38,2184,0.0173992673992674,0.0117264579829548,47.2907794983956
Monroe,2020-07-01T00:00:00.000,53,3833,2715,135764,135764,3833,2020-07-01,53,2715,0.0195211786372007,0.0119719928827733,66.2715994381553
Monroe,2020-07-02T00:00:00.000,52,3885,2605,138369,138369,3885,2020-07-02,52,2605,0.0199616122840691,0.0122056389489988,65.2471942487289
Monroe,2020-07-03T00:00:00.000,37,3922,4769,143138,143138,3922,2020-07-03,37,4769,0.00775843992451248,0.0124225441561489,46.385893366516
Monroe,2020-07-04T00:00:00.000,31,3953,2830,145968,145968,3953,2020-07-04,31,2830,0.0109540636042403,0.0126180026715089,38.8154648815548
Monroe,2020-07-05T00:00:00.000,21,3974,1765,147733,147733,3974,2020-07-05,21,1765,0.0118980169971671,0.012787588779213,26.246700342408
Monroe,2020-07-06T00:00:00.000,30,4004,2481,150214,150214,4004,2020-07-06,30,2481,0.0120918984280532,0.0129272929428468,37.4123439970691
Monroe,2020-07-07T00:00:00.000,42,4046,2511,152725,152725,4046,2020-07-07,42,2511,0.016726403823178,0.0130336523591882,52.3283168461585
Monroe,2020-07-08T00:00:00.000,28,4074,2744,155469,155469,4074,2020-07-08,28,2744,0.0102040816326531,0.0131038681615619,34.8366426489272
Monroe,2020-07-09T00:00:00.000,46,4120,2501,157970,157970,4120,2020-07-09,46,2501,0.0183926429428229,0.0131359018787614,57.1248770040559
Monroe,2020-07-10T00:00:00.000,33,4153,2660,160630,160630,4153,2020-07-10,33,2660,0.012406015037594,0.013128544851238,40.8857850200455
Monroe,2020-07-11T00:00:00.000,24,4177,2666,163296,163296,4177,2020-07-11,24,2666,0.00900225056264066,0.0130814559694034,29.6529343299833
Monroe,2020-07-12T00:00:00.000,23,4200,2037,165333,165333,4200,2020-07-12,23,2037,0.0112911143838979,0.0129951651880299,28.3267390412471
Monroe,2020-07-13T00:00:00.000,47,4247,3260,168593,168593,4247,2020-07-13,47,3260,0.0144171779141104,0.0128710425911663,57.6769405993576
Monroe,2020-07-14T00:00:00.000,34,4281,2854,171447,171447,4281,2020-07-14,34,2854,0.0119131044148563,0.0127112350997906,41.5578372121711
Monroe,2020-07-15T00:00:00.000,36,4317,3270,174717,174717,4317,2020-07-15,36,3270,0.0110091743119266,0.0125185750186609,43.81195097694
Monroe,2020-07-16T00:00:00.000,36,4353,3172,177889,177889,4353,2020-07-16,36,3172,0.0113493064312736,0.0122964663018077,43.6478633154691
Monroe,2020-07-17T00:00:00.000,30,4383,3061,180950,180950,4383,2020-07-17,30,3061,0.00980071871937275,0.0120487555503102,36.3468953578017
Monroe,2020-07-18T00:00:00.000,18,4401,1762,182712,182712,4401,2020-07-18,18,1762,0.0102156640181612,0.0117795952617091,21.7781713071908
Monroe,2020-07-19T00:00:00.000,21,4422,2383,185095,185095,4422,2020-07-19,21,2383,0.00881242131766681,0.0114933067340855,25.3564901168029
Monroe,2020-07-20T00:00:00.000,30,4452,3247,188342,188342,4452,2020-07-20,30,3247,0.00923929781336618,0.0111942493544364,36.1048156048806
Monroe,2020-07-21T00:00:00.000,40,4492,2772,191114,191114,4492,2020-07-21,40,2772,0.0144300144300144,0.0108867018942512,47.7862761151213
Monroe,2020-07-22T00:00:00.000,19,4511,2471,193585,193585,4511,2020-07-22,19,2471,0.00768919465803319,0.0105747600371995,22.4980319180226
Monroe,2020-07-23T00:00:00.000,26,4537,3625,197210,197210,4537,2020-07-23,26,3625,0.00717241379310345,0.0102622528473935,30.4761867558329
Monroe,2020-07-24T00:00:00.000,32,4569,2654,199864,199864,4569,2020-07-24,32,2654,0.0120572720422005,0.00995267938566645,37.0940698693674
Monroe,2020-07-25T00:00:00.000,22,4591,2611,202475,202475,4591,2020-07-25,22,2611,0.00842589046342397,0.0096491653317455,25.2941870744429
Monroe,2020-07-26T00:00:00.000,29,4620,2887,205362,205362,4620,2020-07-26,29,2887,0.0100450294423277,0.00935443835130747,33.2851974924315
Monroe,2020-07-27T00:00:00.000,12,4632,3058,208420,208420,4632,2020-07-27,12,3058,0.0039241334205363,0.00907082011006848,13.7388722260589
Monroe,2020-07-28T00:00:00.000,24,4656,3644,212064,212064,4656,2020-07-28,24,3644,0.00658616904500549,0.00880023229575237,27.3815543197641
Monroe,2020-07-29T00:00:00.000,21,4677,2914,214978,214978,4677,2020-07-29,21,2914,0.00720658888126287,0.0085442137453685,23.9329805823805
Monroe,2020-07-30T00:00:00.000,33,4710,3785,218763,218763,4710,2020-07-30,33,3785,0.00871862615587847,0.00830394574830348,37.6586078646663
Monroe,2020-07-31T00:00:00.000,32,4742,2971,221734,221734,4742,2020-07-31,32,2971,0.010770784247728,0.00808028276228705,36.5628311467677
Monroe,2020-08-01T00:00:00.000,26,4768,2679,224413,224413,4768,2020-08-01,26,2679,0.00970511384845092,0.00787378607413829,29.7416070658455
Monroe,2020-08-02T00:00:00.000,22,4790,2384,226797,226797,4790,2020-08-02,22,2384,0.00922818791946309,0.00768475831823164,25.1796896454229
Monroe,2020-08-03T00:00:00.000,31,4821,2308,229105,229105,4821,2020-08-03,31,2308,0.0134315424610052,0.00751327718127535,35.4490779395534
Monroe,2020-08-04T00:00:00.000,20,4841,3199,232304,232304,4841,2020-08-04,20,3199,0.00625195373554236,0.00735922703779412,22.8462549435877
Monroe,2020-08-05T00:00:00.000,27,4868,3627,235931,235931,4868,2020-08-05,27,3627,0.00744416873449132,0.00722232765215591,30.809863366606
Monroe,2020-08-06T00:00:00.000,33,4901,3410,239341,239341,4901,2020-08-06,33,3410,0.00967741935483871,0.00710215943354426,37.6054384262484
Monroe,2020-08-07T00:00:00.000,21,4922,2608,241949,241949,4922,2020-08-07,21,2608,0.0080521472392638,0.00699818502808212,23.8769859188352
Monroe,2020-08-08T00:00:00.000,34,4956,3016,244965,244965,4956,2020-08-08,34,3016,0.0112732095490716,0.00690976728060896,38.641455988503
Monroe,2020-08-09T00:00:00.000,20,4976,2581,247546,247546,4976,2020-08-09,20,2581,0.00774893452150329,0.00683618379562766,22.7328908555808
Monroe,2020-08-10T00:00:00.000,26,5002,3833,251379,251379,5002,2020-08-10,26,3833,0.00678319853900339,0.00677663847608369,29.5424852313142
Monroe,2020-08-11T00:00:00.000,33,5035,4321,255700,255700,5035,2020-08-11,33,4321,0.00763712103679704,0.0067302705300992,37.4665087506588
Monroe,2020-08-12T00:00:00.000,44,5079,5806,261506,261506,5079,2020-08-12,44,5806,0.00757836720633827,0.00669616150910947,49.8946462441865
Monroe,2020-08-13T00:00:00.000,43,5122,4457,265963,265963,5122,2020-08-13,43,4457,0.0096477451200359,0.00667334098346402,48.6821328747035
Monroe,2020-08-14T00:00:00.000,21,5143,4144,270107,270107,5143,2020-08-14,21,4144,0.00506756756756757,0.00666079147652359,23.7273226500294
Monroe,2020-08-15T00:00:00.000,22,5165,3599,273706,273706,5165,2020-08-15,22,3599,0.00611280911364268,0.00665745326670899,24.8705003398016
Monroe,2020-08-16T00:00:00.000,18,5183,2882,276588,276588,5183,2020-08-16,18,2882,0.00624566273421235,0.00666222962798789,20.3511915504279
Monroe,2020-08-17T00:00:00.000,30,5213,3645,280233,280233,5213,2020-08-17,30,3645,0.00823045267489712,0.00667399301883965,34.015890614694
Monroe,2020-08-18T00:00:00.000,28,5241,3503,283736,283736,5241,2020-08-18,28,3503,0.00799314872966029,0.00669159264068023,31.8311748631086
Monroe,2020-08-19T00:00:00.000,15,5256,2807,286543,286543,5256,2020-08-19,15,2807,0.00534378339864624,0.00671386367600563,17.0910517686294
Monroe,2020-08-20T00:00:00.000,17,5273,4549,291092,291092,5273,2020-08-20,17,4549,0.00373708507364256,0.00673963838551176,19.4060101386561
Monroe,2020-08-21T00:00:00.000,24,5297,3649,294741,294741,5297,2020-08-21,24,3649,0.00657714442312962,0.00676775909359546,27.4356091113624
Monroe,2020-08-22T00:00:00.000,20,5317,3748,298489,298489,5317,2020-08-22,20,3748,0.00533617929562433,0.00679709293239024,22.8842340681759
Monroe,2020-08-23T00:00:00.000,13,5330,3752,302241,302241,5330,2020-08-23,13,3752,0.00346481876332623,0.00682654805575842,14.8788077030558
Monroe,2020-08-24T00:00:00.000,18,5348,2776,305017,305017,5348,2020-08-24,18,2776,0.00648414985590778,0.00685509087956815,20.5642064792847
Monroe,2020-08-25T00:00:00.000,16,5364,3000,308017,308017,5364,2020-08-25,16,3000,0.00533333333333333,0.00688176377469845,18.2354608222798
Monroe,2020-08-26T00:00:00.000,21,5385,2660,310677,310677,5385,2020-08-26,21,2660,0.00789473684210526,0.00690570253562331,23.9067539988202
Monroe,2020-08-27T00:00:00.000,13,5398,3205,313882,313882,5398,2020-08-27,13,3205,0.00405616224648986,0.00692615288745019,14.789028122303
Monroe,2020-08-28T00:00:00.000,24,5422,3274,317156,317156,5422,2020-08-28,24,3274,0.00733048259010385,0.00694248527985632,27.2751547879345
Monroe,2020-08-29T00:00:00.000,21,5443,3244,320400,320400,5443,2020-08-29,21,3244,0.00647348951911221,0.00695420725635808,23.866828352722
Monroe,2020-08-30T00:00:00.000,9,5452,2301,322701,322701,5452,2020-08-30,9,2301,0.00391134289439374,0.00696097277464526,10.2228873343929
Monroe,2020-08-31T00:00:00.000,10,5462,2325,325026,325026,5462,2020-08-31,10,2325,0.0043010752688172,0.00696258799071169,11.3647111907548
Monroe,2020-09-01T00:00:00.000,6,5468,2483,327509,327509,5468,2020-09-01,6,2483,0.00241643173580346,0.00695901318958112,6.83654354627614
Monroe,2020-09-02T00:00:00.000,34,5502,3345,330854,330854,5502,2020-09-02,34,3345,0.0101644245142003,0.00695036074072747,39.0082173067262
Monroe,2020-09-03T00:00:00.000,27,5529,3118,333972,333972,5529,2020-09-03,27,3118,0.00865939704939063,0.00693688915781504,31.1903682477765
Monroe,2020-09-04T00:00:00.000,22,5551,3310,337282,337282,5551,2020-09-04,22,3310,0.00664652567975831,0.00691899353786077,25.523043779759
Monroe,2020-09-05T00:00:00.000,21,5572,3245,340527,340527,5572,2020-09-05,21,3245,0.00647149460708783,0.0068971928254262,24.4309322704147
Monroe,2020-09-06T00:00:00.000,13,5585,2535,343062,343062,5585,2020-09-06,13,2535,0.00512820512820513,0.00687211448452958,15.1588360892816
Monroe,2020-09-07T00:00:00.000,17,5602,2068,345130,345130,5602,2020-09-07,17,2068,0.00822050290135396,0.00684447725281843,19.8617576852881
Monroe,2020-09-08T00:00:00.000,13,5615,2543,347673,347673,5615,2020-09-08,13,2543,0.00511207235548565,0.00681507269777844,15.2125407884265
Monroe,2020-09-09T00:00:00.000,33,5648,2860,350533,350533,5648,2020-09-09,33,2860,0.0115384615384615,0.00678474628972336,38.6641626694319
Monroe,2020-09-10T00:00:00.000,28,5676,1976,352509,352509,5676,2020-09-10,28,1976,0.01417004048583,0.00675437866069546,32.835417397394
Monroe,2020-09-11T00:00:00.000,36,5712,3722,356231,356231,5712,2020-09-11,36,3722,0.00967221923696937,0.00672486763355253,42.4199919460534
Monroe,2020-09-12T00:00:00.000,15,5727,2553,358784,358784,5727,2020-09-12,15,2553,0.00587544065804935,0.00669711149681555,17.765802909759
Monroe,2020-09-13T00:00:00.000,37,5764,3760,362544,362544,5764,2020-09-13,37,3760,0.00984042553191489,0.00667199387484715,44.0394178286305
Monroe,2020-09-14T00:00:00.000,29,5793,2933,365477,365477,5793,2020-09-14,29,2933,0.00988748721445619,0.006650370413965,34.6799213867833
Monroe,2020-09-15T00:00:00.000,16,5809,2678,368155,368155,5809,2020-09-15,16,2678,0.00597460791635549,0.00663305737909982,19.2178866541012
Monroe,2020-09-16T00:00:00.000,30,5839,3927,372082,372082,5839,2020-09-16,30,3927,0.00763941940412529,0.00662082214451266,36.1782086628144
Monroe,2020-09-17T00:00:00.000,18,5857,3330,375412,375412,5857,2020-09-17,18,3330,0.00540540540540541,0.00661437546882052,21.7841482008737
Monroe,2020-09-18T00:00:00.000,19,5876,4380,379792,379792,5876,2020-09-18,19,4380,0.004337899543379,0.00661436537412689,23.0638547300826
Monroe,2020-09-19T00:00:00.000,18,5894,3621,383413,383413,5894,2020-09-19,18,3621,0.00497100248550124,0.00662137240447077,21.9024877567539
Monroe,2020-09-20T00:00:00.000,17,5911,1855,385268,385268,5911,2020-09-20,17,1855,0.0091644204851752,0.0066359060157857,20.7166970385579
Monroe,2020-09-21T00:00:00.000,14,5925,3498,388766,388766,5925,2020-09-21,14,3498,0.00400228702115495,0.00665840185430367,17.0675783746121
Monroe,2020-09-22T00:00:00.000,15,5940,2959,391725,391725,5940,2020-09-22,15,2959,0.00506928016221697,0.00668921970044712,18.2773355915142
Monroe,2020-09-23T00:00:00.000,30,5970,3426,395151,395151,5970,2020-09-23,30,3426,0.00875656742556918,0.00672864189809408,36.5002240862665
Monroe,2020-09-24T00:00:00.000,15,5985,3473,398624,398624,5985,2020-09-24,15,3473,0.00431903253671178,0.00677687214354672,18.3020280618178
Monroe,2020-09-25T00:00:00.000,17,6002,4000,402624,402624,6002,2020-09-25,17,4000,0.00425,0.00683403457404874,20.7592920980324
Monroe,2020-09-26T00:00:00.000,24,6026,3194,405818,405818,6026,2020-09-26,24,3194,0.00751408891671885,0.00690017317019093,29.3010359414327
Monroe,2020-09-27T00:00:00.000,19,6045,2246,408064,408064,6045,2020-09-27,19,2246,0.00845948352626892,0.00697525156246824,23.1699310709343
Monroe,2020-09-28T00:00:00.000,29,6074,2901,410965,410965,6074,2020-09-28,29,2901,0.00999655291278869,0.00705915340838032,35.2676933848264
Monroe,2020-09-29T00:00:00.000,11,6085,4323,415288,415288,6085,2020-09-29,11,4323,0.00254452926208651,0.00715168357927514,13.3250329347291
Monroe,2020-09-30T00:00:00.000,36,6121,4670,419958,419958,6121,2020-09-30,36,4670,0.00770877944325482,0.00725257045776796,43.3930260741021
Monroe,2020-10-01T00:00:00.000,39,6160,3116,423074,423074,6160,2020-10-01,39,3116,0.0125160462130937,0.00736146969788162,46.7276859434188
Monroe,2020-10-02T00:00:00.000,26,6186,3983,427057,427057,6186,2020-10-02,26,3983,0.00652774290735626,0.00747796983297819,31.0141951734458
Monroe,2020-10-03T00:00:00.000,20,6206,2865,429922,429922,6206,2020-10-03,20,2865,0.00698080279232112,0.00760160012848467,23.9407625210338
Monroe,2020-10-04T00:00:00.000,14,6220,1451,431373,431373,6220,2020-10-04,14,1451,0.00964851826326671,0.00773184106638264,16.8771170744156
Monroe,2020-10-05T00:00:00.000,28,6248,4277,435650,435650,6248,2020-10-05,28,4277,0.00654664484451719,0.00786813781255886,34.0202498965092
Monroe,2020-10-06T00:00:00.000,18,6266,4216,439866,439866,6266,2020-10-06,18,4216,0.00426944971537002,0.00800991695809444,22.0435620225796
Monroe,2020-10-07T00:00:00.000,50,6316,3366,443232,443232,6316,2020-10-07,50,3366,0.0148544266191325,0.00815660674492308,61.7185159516507
Monroe,2020-10-08T00:00:00.000,33,6349,4287,447519,447519,6349,2020-10-08,33,4287,0.00769769069279216,0.00830766089018135,41.0572447379706
Monroe,2020-10-09T00:00:00.000,38,6387,4004,451523,451523,6387,2020-10-09,38,4004,0.00949050949050949,0.00846258602120773,47.6512200345236
Monroe,2020-10-10T00:00:00.000,34,6421,4015,455538,455538,6421,2020-10-10,34,4015,0.00846824408468244,0.00862097263764936,42.9695137746373
Monroe,2020-10-11T00:00:00.000,32,6453,3867,459405,459405,6453,2020-10-11,32,3867,0.0082751486940781,0.00878252944180448,40.7562226701437
Montgomery,2020-03-01T00:00:00.000,0,0,0,0,0,0,2020-03-01,0,0,0,0.0356230958471267,0
Montgomery,2020-03-02T00:00:00.000,0,0,0,0,0,0,2020-03-02,0,0,0,0.0372451565250045,0
Montgomery,2020-03-03T00:00:00.000,0,0,0,0,0,0,2020-03-03,0,0,0,0.0389375945239227,0
Montgomery,2020-03-04T00:00:00.000,0,0,0,0,0,0,2020-03-04,0,0,0,0.0407022939761024,0
Montgomery,2020-03-05T00:00:00.000,0,0,0,0,0,0,2020-03-05,0,0,0,0.0425406521387474,0
Montgomery,2020-03-06T00:00:00.000,0,0,0,0,0,0,2020-03-06,0,0,0,0.044453502057911,0
Montgomery,2020-03-07T00:00:00.000,0,0,0,0,0,0,2020-03-07,0,0,0,0.0464410314008072,0
Montgomery,2020-03-08T00:00:00.000,0,0,0,0,0,0,2020-03-08,0,0,0,0.0485026984130809,0
Montgomery,2020-03-09T00:00:00.000,0,0,0,0,0,0,2020-03-09,0,0,0,0.0506371462773707,0
Montgomery,2020-03-10T00:00:00.000,0,0,1,1,1,0,2020-03-10,0,1,0,0.0528421174804138,0
Montgomery,2020-03-11T00:00:00.000,0,0,1,2,2,0,2020-03-11,0,1,0,0.0551143701255092,0
Montgomery,2020-03-12T00:00:00.000,0,0,0,2,2,0,2020-03-12,0,0,0.111111111111111,0.0574495984428711,0
Montgomery,2020-03-13T00:00:00.000,0,0,0,2,2,0,2020-03-13,0,0,0.222222222222222,0.0598423600353043,0
Montgomery,2020-03-14T00:00:00.000,1,1,3,5,5,1,2020-03-14,1,3,0.333333333333333,0.0622860126334927,1.65875000417229
Montgomery,2020-03-15T00:00:00.000,0,1,4,9,9,1,2020-03-15,0,4,0,0.0647726633056929,0
Montgomery,2020-03-16T00:00:00.000,0,1,1,10,10,1,2020-03-16,0,1,0,0.0672931331514705,0
Montgomery,2020-03-17T00:00:00.000,1,2,14,24,24,2,2020-03-17,1,14,0.0714285714285714,0.0698369404930215,1.48268347368851
Montgomery,2020-03-18T00:00:00.000,0,2,14,38,38,2,2020-03-18,0,14,0,0.0723923054447164,0
Montgomery,2020-03-19T00:00:00.000,0,2,4,42,42,2,2020-03-19,0,4,0,0.0749461784840859,0
Montgomery,2020-03-20T00:00:00.000,1,3,27,69,69,3,2020-03-20,1,27,0.037037037037037,0.077484295259551,1.33656523830287
Montgomery,2020-03-21T00:00:00.000,0,3,20,89,89,3,2020-03-21,0,20,0,0.0799912593557365,0
Montgomery,2020-03-22T00:00:00.000,0,3,6,95,95,3,2020-03-22,0,6,0,0.0824506541044457,0
Montgomery,2020-03-23T00:00:00.000,0,3,5,100,100,3,2020-03-23,0,5,0,0.0848451837957614,0
Montgomery,2020-03-24T00:00:00.000,1,4,5,105,105,4,2020-03-24,1,5,0.2,0.0871568438314814,1.18720969553301
Montgomery,2020-03-25T00:00:00.000,1,5,5,110,110,5,2020-03-25,1,5,0.2,0.0893671185010588,1.16774503564537
Montgomery,2020-03-26T00:00:00.000,0,5,7,117,117,5,2020-03-26,0,7,0,0.0914572041801334,0
Montgomery,2020-03-27T00:00:00.000,0,5,10,127,127,5,2020-03-27,0,10,0,0.0934082548867351,0
Montgomery,2020-03-28T00:00:00.000,1,6,6,133,133,6,2020-03-28,1,6,0.166666666666667,0.0952016463133373,1.12422845578832
Montgomery,2020-03-29T00:00:00.000,0,6,2,135,135,6,2020-03-29,0,2,0,0.0968192537145501,0
Montgomery,2020-03-30T00:00:00.000,1,7,8,143,143,7,2020-03-30,1,8,0.125,0.0982437383950478,1.12816427705606
Montgomery,2020-03-31T00:00:00.000,0,7,4,147,147,7,2020-03-31,0,4,0,0.0994588370316726,0
Montgomery,2020-04-01T00:00:00.000,1,8,10,157,157,8,2020-04-01,1,10,0.1,0.100449647690724,1.13386124191962
Montgomery,2020-04-02T00:00:00.000,2,10,8,165,165,10,2020-04-02,2,8,0.25,0.10120290617535,2.2404198819612
Montgomery,2020-04-03T00:00:00.000,3,13,11,176,176,13,2020-04-03,3,11,0.272727272727273,0.10170724626194,3.32446997784892
Montgomery,2020-04-04T00:00:00.000,2,15,14,190,190,15,2020-04-04,2,14,0.142857142857143,0.101953437459972,2.21229056130137
Montgomery,2020-04-05T00:00:00.000,0,15,8,198,198,15,2020-04-05,0,8,0,0.101934594154621,0
Montgomery,2020-04-06T00:00:00.000,3,18,20,218,218,18,2020-04-06,3,20,0.15,0.101646350365481,3.32554865009251
Montgomery,2020-04-07T00:00:00.000,0,18,9,227,227,18,2020-04-07,0,9,0,0.101086994877459,0
Montgomery,2020-04-08T00:00:00.000,10,28,24,251,251,28,2020-04-08,10,24,0.416666666666667,0.100257562172126,11.2403705365581
Montgomery,2020-04-09T00:00:00.000,1,29,13,264,264,29,2020-04-09,1,13,0.0769230769230769,0.0991618754114356,1.13184899614797
Montgomery,2020-04-10T00:00:00.000,0,29,8,272,272,29,2020-04-10,0,8,0,0.0978065387018583,0
Montgomery,2020-04-11T00:00:00.000,0,29,1,273,273,29,2020-04-11,0,1,0,0.0962008769916264,0
Montgomery,2020-04-12T00:00:00.000,0,29,2,275,275,29,2020-04-12,0,2,0,0.0943568232197161,0
Montgomery,2020-04-13T00:00:00.000,3,32,56,331,331,32,2020-04-13,3,56,0.0535714285714286,0.0922887537210039,3.52283221207758
Montgomery,2020-04-14T00:00:00.000,0,32,0,331,331,32,2020-04-14,0,0,0.0267857142857143,0.0900132743690028,0
Montgomery,2020-04-15T00:00:00.000,0,32,5,336,336,32,2020-04-15,0,5,0,0.0875489614581327,0
Montgomery,2020-04-16T00:00:00.000,1,33,10,346,346,33,2020-04-16,1,10,0.1,0.0849160628342685,1.20283845538958
Montgomery,2020-04-17T00:00:00.000,1,34,4,350,350,34,2020-04-17,1,4,0.25,0.0821361662022616,1.20832622618409
Montgomery,2020-04-18T00:00:00.000,1,35,4,354,354,35,2020-04-18,1,4,0.25,0.0792318427936359,1.21243240723928
Montgomery,2020-04-19T00:00:00.000,0,35,4,358,358,35,2020-04-19,0,4,0,0.076226275585145,0
Montgomery,2020-04-20T00:00:00.000,2,37,3,361,361,37,2020-04-20,2,3,0.666666666666667,0.0731428819424104,2.43368510429706
Montgomery,2020-04-21T00:00:00.000,1,38,3,364,364,38,2020-04-21,1,3,0.333333333333333,0.070004940861287,1.21732798000302
Montgomery,2020-04-22T00:00:00.000,1,39,7,371,371,39,2020-04-22,1,7,0.142857142857143,0.0668352348502706,1.21668005568894
Montgomery,2020-04-23T00:00:00.000,0,39,6,377,377,39,2020-04-23,0,6,0,0.0636557159270197,0
Montgomery,2020-04-24T00:00:00.000,7,46,226,603,603,46,2020-04-24,7,226,0.0309734513274336,0.0604872042079814,8.48415957307043
Montgomery,2020-04-25T00:00:00.000,1,47,35,638,638,47,2020-04-25,1,35,0.0285714285714286,0.0573491261999096,1.2080319935448
Montgomery,2020-04-26T00:00:00.000,0,47,9,647,647,47,2020-04-26,0,9,0,0.054259298233511,0
Montgomery,2020-04-27T00:00:00.000,2,49,19,666,666,49,2020-04-27,2,19,0.105263157894737,0.0512337586103569,2.39225351263406
Montgomery,2020-04-28T00:00:00.000,2,51,18,684,684,51,2020-04-28,2,18,0.111111111111111,0.0482866500780081,2.37690093430073
Montgomery,2020-04-29T00:00:00.000,2,53,14,698,698,53,2020-04-29,2,14,0.142857142857143,0.0454301523196513,2.3676110125045
Montgomery,2020-04-30T00:00:00.000,1,54,29,727,727,54,2020-04-30,1,29,0.0344827586206897,0.0426744623531012,1.18441363551064
Montgomery,2020-05-01T00:00:00.000,0,54,27,754,754,54,2020-05-01,0,27,0,0.0400278191726505,0
Montgomery,2020-05-02T00:00:00.000,2,56,53,807,807,56,2020-05-02,2,53,0.0377358490566038,0.0374965677060556,2.36691366429914
Montgomery,2020-05-03T00:00:00.000,0,56,19,826,826,56,2020-05-03,0,19,0,0.0350852562420913,0
Montgomery,2020-05-04T00:00:00.000,5,61,28,854,854,61,2020-05-04,5,28,0.178571428571429,0.0327967609269988,5.87162124012444
Montgomery,2020-05-05T00:00:00.000,2,63,46,900,900,63,2020-05-05,2,46,0.0434782608695652,0.0306324307206609,2.33446414698816
Montgomery,2020-05-06T00:00:00.000,0,63,34,934,934,63,2020-05-06,0,34,0,0.0285922463134789,0
Montgomery,2020-05-07T00:00:00.000,1,64,36,970,970,64,2020-05-07,1,36,0.0277777777777778,0.0266749868834855,1.15655764235424
Montgomery,2020-05-08T00:00:00.000,2,66,36,1006,1006,66,2020-05-08,2,36,0.0555555555555556,0.0248783991617421,2.31320671317207
Montgomery,2020-05-09T00:00:00.000,1,67,33,1039,1039,67,2020-05-09,1,33,0.0303030303030303,0.0231993640091365,1.15644446609225
Montgomery,2020-05-10T00:00:00.000,0,67,30,1069,1069,67,2020-05-10,0,30,0,0.0216340565276117,0
Montgomery,2020-05-11T00:00:00.000,0,67,62,1131,1131,67,2020-05-11,0,62,0,0.0201780965775724,0
Montgomery,2020-05-12T00:00:00.000,1,68,115,1246,1246,68,2020-05-12,1,115,0.00869565217391304,0.0188266874030824,1.15751934042954
Montgomery,2020-05-13T00:00:00.000,1,69,177,1423,1423,69,2020-05-13,1,177,0.00564971751412429,0.0175747408402719,1.16343936265721
Montgomery,2020-05-14T00:00:00.000,3,72,46,1469,1469,72,2020-05-14,3,46,0.0652173913043478,0.016416988275501,3.51683955328599
Montgomery,2020-05-15T00:00:00.000,3,75,93,1562,1562,75,2020-05-15,3,93,0.032258064516129,0.0153480771120267,3.54123690476315
Montgomery,2020-05-16T00:00:00.000,0,75,52,1614,1614,75,2020-05-16,0,52,0,0.014362652989728,0
Montgomery,2020-05-17T00:00:00.000,0,75,38,1652,1652,75,2020-05-17,0,38,0,0.0134554283821572,0
Montgomery,2020-05-18T00:00:00.000,0,75,25,1677,1677,75,2020-05-18,0,25,0,0.0126212384744145,0
Montgomery,2020-05-19T00:00:00.000,0,75,43,1720,1720,75,2020-05-19,0,43,0,0.0118550854140781,0
Montgomery,2020-05-20T00:00:00.000,2,77,96,1816,1816,77,2020-05-20,2,96,0.0208333333333333,0.0111521721375189,2.38219987750818
Montgomery,2020-05-21T00:00:00.000,0,77,130,1946,1946,77,2020-05-21,0,130,0,0.0105079270188678,0
Montgomery,2020-05-22T00:00:00.000,0,77,79,2025,2025,77,2020-05-22,0,79,0,0.00991802058168091,0
Montgomery,2020-05-23T00:00:00.000,2,79,131,2156,2156,79,2020-05-23,2,131,0.0152671755725191,0.0093783754665462,2.39327030028227
Montgomery,2020-05-24T00:00:00.000,0,79,159,2315,2315,79,2020-05-24,0,159,0,0.00888517077272235,0
Montgomery,2020-05-25T00:00:00.000,1,80,41,2356,2356,80,2020-05-25,1,41,0.024390243902439,0.00843484179801169,1.19480438248189
Montgomery,2020-05-26T00:00:00.000,2,82,47,2403,2403,82,2020-05-26,2,47,0.0425531914893617,0.00802407609665321,2.38526814222655
Montgomery,2020-05-27T00:00:00.000,0,82,341,2744,2744,82,2020-05-27,0,341,0,0.00764980666636589,0
Montgomery,2020-05-28T00:00:00.000,2,84,182,2926,2926,84,2020-05-28,2,182,0.010989010989011,0.00730920296788564,2.37895374813914
Montgomery,2020-05-29T00:00:00.000,5,89,222,3148,3148,89,2020-05-29,5,222,0.0225225225225225,0.00699966037693599,5.93377559910206
Montgomery,2020-05-30T00:00:00.000,2,91,95,3243,3243,91,2020-05-30,2,95,0.0210526315789474,0.00671878857208379,2.3812939077882
Montgomery,2020-05-31T00:00:00.000,0,91,186,3429,3429,91,2020-05-31,0,186,0,0.00646439927387957,0
Montgomery,2020-06-01T00:00:00.000,2,93,104,3533,3533,93,2020-06-01,2,104,0.0192307692307692,0.00623449367189391,2.42029984386661
Montgomery,2020-06-02T00:00:00.000,1,94,213,3746,3746,94,2020-06-02,1,213,0.00469483568075117,0.00602724980690191,1.21949904822972
Montgomery,2020-06-03T00:00:00.000,2,96,311,4057,4057,96,2020-06-03,2,311,0.00643086816720257,0.00584101011540366,2.45585981041294
Montgomery,2020-06-04T00:00:00.000,0,96,314,4371,4371,96,2020-06-04,0,314,0,0.00567426929238701,0
Montgomery,2020-06-05T00:00:00.000,2,98,370,4741,4741,98,2020-06-05,2,370,0.00540540540540541,0.00552566258504095,2.46514861677742
Montgomery,2020-06-06T00:00:00.000,2,100,226,4967,4967,100,2020-06-06,2,226,0.00884955752212389,0.00539395459428883,2.4670669376023
Montgomery,2020-06-07T00:00:00.000,0,100,246,5213,5213,100,2020-06-07,0,246,0,0.00527802863167474,0
Montgomery,2020-06-08T00:00:00.000,0,100,240,5453,5453,100,2020-06-08,0,240,0,0.00517687665549837,0
Montgomery,2020-06-09T00:00:00.000,0,100,149,5602,5602,100,2020-06-09,0,149,0,0.00508958979137206,0
Montgomery,2020-06-10T00:00:00.000,1,101,235,5837,5837,101,2020-06-10,1,235,0.00425531914893617,0.00501534942787124,1.22978255548925
Montgomery,2020-06-11T00:00:00.000,2,103,327,6164,6164,103,2020-06-11,2,327,0.00611620795107034,0.00495341886697831,2.45389863629164
Montgomery,2020-06-12T00:00:00.000,0,103,218,6382,6382,103,2020-06-12,0,218,0,0.00490313550103003,0
Montgomery,2020-06-13T00:00:00.000,1,104,178,6560,6560,104,2020-06-13,1,178,0.00561797752808989,0.00486390348236304,1.21902618936902
Montgomery,2020-06-14T00:00:00.000,0,104,137,6697,6697,104,2020-06-14,0,137,0,0.00483518684837625,0
Montgomery,2020-06-15T00:00:00.000,0,104,125,6822,6822,104,2020-06-15,0,125,0,0.00481650306294498,0
Montgomery,2020-06-16T00:00:00.000,0,104,76,6898,6898,104,2020-06-16,0,76,0,0.00480741693471592,0
Montgomery,2020-06-17T00:00:00.000,1,105,151,7049,7049,105,2020-06-17,1,151,0.00662251655629139,0.00480753487355883,1.19432152682789
Montgomery,2020-06-18T00:00:00.000,1,106,224,7273,7273,106,2020-06-18,1,224,0.00446428571428571,0.00481649944814354,1.18638250733787
Montgomery,2020-06-19T00:00:00.000,0,106,156,7429,7429,106,2020-06-19,0,156,0,0.00483398421009032,0
Montgomery,2020-06-20T00:00:00.000,0,106,221,7650,7650,106,2020-06-20,0,221,0,0.00485968875330062,0
Montgomery,2020-06-21T00:00:00.000,2,108,237,7887,7887,108,2020-06-21,2,237,0.00843881856540084,0.00489333398079584,2.32141757931572
Montgomery,2020-06-22T00:00:00.000,1,109,162,8049,8049,109,2020-06-22,1,162,0.00617283950617284,0.00493465755561052,1.16181265974898
Montgomery,2020-06-23T00:00:00.000,1,110,63,8112,8112,110,2020-06-23,1,63,0.0158730158730159,0.0049834095169271,1.16274182204013
Montgomery,2020-06-24T00:00:00.000,1,111,160,8272,8272,111,2020-06-24,1,160,0.00625,0.00503934804765684,1.16349537481131
Montgomery,2020-06-25T00:00:00.000,2,113,163,8435,8435,113,2020-06-25,2,163,0.0122699386503067,0.00510223538497,2.325809370142
Montgomery,2020-06-26T00:00:00.000,3,116,210,8645,8645,116,2020-06-26,3,210,0.0142857142857143,0.00517183387086512,3.48029799401866
Montgomery,2020-06-27T00:00:00.000,2,118,312,8957,8957,118,2020-06-27,2,312,0.00641025641025641,0.00524790214558004,2.31373130751875
Montgomery,2020-06-28T00:00:00.000,0,118,174,9131,9131,118,2020-06-28,0,174,0,0.0053301914924897,0
Montgomery,2020-06-29T00:00:00.000,0,118,127,9258,9258,118,2020-06-29,0,127,0,0.00541844234895857,0
Montgomery,2020-06-30T00:00:00.000,0,118,83,9341,9341,118,2020-06-30,0,83,0,0.00551238100331415,0
Montgomery,2020-07-01T00:00:00.000,1,119,179,9520,9520,119,2020-07-01,1,179,0.00558659217877095,0.00561171650357432,1.15916299932541
Montgomery,2020-07-02T00:00:00.000,0,119,169,9689,9689,119,2020-07-02,0,169,0,0.00571613780861742,0
Montgomery,2020-07-03T00:00:00.000,0,119,167,9856,9856,119,2020-07-03,0,167,0,0.00582531121697524,0
Montgomery,2020-07-04T00:00:00.000,0,119,242,10098,10098,119,2020-07-04,0,242,0,0.00593887811220317,0
Montgomery,2020-07-05T00:00:00.000,1,120,170,10268,10268,120,2020-07-05,1,170,0.00588235294117647,0.00605645306660356,1.15984081516898
Montgomery,2020-07-06T00:00:00.000,1,121,169,10437,10437,121,2020-07-06,1,169,0.00591715976331361,0.00617762234681894,1.15831062663985
Montgomery,2020-07-07T00:00:00.000,0,121,76,10513,10513,121,2020-07-07,0,76,0,0.00630194286524587,0
Montgomery,2020-07-08T00:00:00.000,4,125,174,10687,10687,125,2020-07-08,4,174,0.0229885057471264,0.00642894162020469,4.6345999252527
Montgomery,2020-07-09T00:00:00.000,3,128,202,10889,10889,128,2020-07-09,3,202,0.0148514851485149,0.00655811566519826,3.47552661541262
Montgomery,2020-07-10T00:00:00.000,2,130,202,11091,11091,130,2020-07-10,2,202,0.0099009900990099,0.00668893264326879,2.31634060103601
Montgomery,2020-07-11T00:00:00.000,2,132,229,11320,11320,132,2020-07-11,2,229,0.00873362445414847,0.00682083191639773,2.31528552238945
Montgomery,2020-07-12T00:00:00.000,1,133,131,11451,11451,133,2020-07-12,1,131,0.00763358778625954,0.00695322631205008,1.15693564464558
Montgomery,2020-07-13T00:00:00.000,8,141,230,11681,11681,141,2020-07-13,8,230,0.0347826086956522,0.00708550449939982,9.24847335840573
Montgomery,2020-07-14T00:00:00.000,0,141,94,11775,11775,141,2020-07-14,0,94,0,0.0072170339966598,0
Montgomery,2020-07-15T00:00:00.000,0,141,133,11908,11908,141,2020-07-15,0,133,0,0.00734716479840128,0
Montgomery,2020-07-16T00:00:00.000,0,141,380,12288,12288,141,2020-07-16,0,380,0,0.00747523359815817,0
Montgomery,2020-07-17T00:00:00.000,2,143,252,12540,12540,143,2020-07-17,2,252,0.00793650793650794,0.00760056856723243,2.31401649492022
Montgomery,2020-07-18T00:00:00.000,0,143,125,12665,12665,143,2020-07-18,0,125,0,0.00772249463592951,0
Montgomery,2020-07-19T00:00:00.000,0,143,123,12788,12788,143,2020-07-19,0,123,0,0.00784033920889162,0
Montgomery,2020-07-20T00:00:00.000,1,144,137,12925,12925,144,2020-07-20,1,137,0.0072992700729927,0.00795343823228604,1.16305397565047
Montgomery,2020-07-21T00:00:00.000,0,144,156,13081,13081,144,2020-07-21,0,156,0,0.00806114251784523,0
Montgomery,2020-07-22T00:00:00.000,1,145,124,13205,13205,145,2020-07-22,1,124,0.00806451612903226,0.00816282421773833,1.15384618889162
Montgomery,2020-07-23T00:00:00.000,1,146,190,13395,13395,146,2020-07-23,1,190,0.00526315789473684,0.00825788333535799,1.14696424998477
Montgomery,2020-07-24T00:00:00.000,1,147,188,13583,13583,147,2020-07-24,1,188,0.00531914893617021,0.00834575415092246,1.13895630907988
Montgomery,2020-07-25T00:00:00.000,1,148,187,13770,13770,148,2020-07-25,1,187,0.0053475935828877,0.00842591143756241,1.13425514956408
Montgomery,2020-07-26T00:00:00.000,0,148,150,13920,13920,148,2020-07-26,0,150,0,0.00849787634363225,0
Montgomery,2020-07-27T00:00:00.000,4,152,68,13988,13988,152,2020-07-27,4,68,0.0588235294117647,0.00856122182050405,4.55322120093553
Montgomery,2020-07-28T00:00:00.000,0,152,102,14090,14090,152,2020-07-28,0,102,0,0.00861557748207083,0
Montgomery,2020-07-29T00:00:00.000,0,152,142,14232,14232,152,2020-07-29,0,142,0,0.00866063379251427,0
Montgomery,2020-07-30T00:00:00.000,2,154,198,14430,14430,154,2020-07-30,2,198,0.0101010101010101,0.00869614549237743,2.29289700217224
Montgomery,2020-07-31T00:00:00.000,1,155,211,14641,14641,155,2020-07-31,1,211,0.004739336492891,0.00872193418914562,1.15135291051374
Montgomery,2020-08-01T00:00:00.000,2,157,293,14934,14934,157,2020-08-01,2,293,0.0068259385665529,0.00873789005704738,2.31176335801409
Montgomery,2020-08-02T00:00:00.000,3,160,202,15136,15136,160,2020-08-02,3,202,0.0148514851485149,0.00874397261089678,3.47821804798603
Montgomery,2020-08-03T00:00:00.000,0,160,196,15332,15332,160,2020-08-03,0,196,0,0.00874021053996976,0
Montgomery,2020-08-04T00:00:00.000,1,161,168,15500,15500,161,2020-08-04,1,168,0.00595238095238095,0.00872670060939324,1.16194831551018
Montgomery,2020-08-05T00:00:00.000,8,169,142,15642,15642,169,2020-08-05,8,142,0.0563380281690141,0.00870360565762487,9.30075484357596
Montgomery,2020-08-06T00:00:00.000,1,170,339,15981,15981,170,2020-08-06,1,339,0.00294985250737463,0.00867115173859774,1.1625331701189
Montgomery,2020-08-07T00:00:00.000,2,172,202,16183,16183,172,2020-08-07,2,202,0.0099009900990099,0.00862962447544554,2.32215311301669
Montgomery,2020-08-08T00:00:00.000,4,176,251,16434,16434,176,2020-08-08,4,251,0.0159362549800797,0.00857936470872931,4.6455135081677
Montgomery,2020-08-09T00:00:00.000,1,177,124,16558,16558,177,2020-08-09,1,124,0.00806451612903226,0.00852076353538645,1.16195992378854
Montgomery,2020-08-10T00:00:00.000,0,177,164,16722,16722,177,2020-08-10,0,164,0,0.00845425684487194,0
Montgomery,2020-08-11T00:00:00.000,0,177,122,16844,16844,177,2020-08-11,0,122,0,0.00838031946587815,0
Montgomery,2020-08-12T00:00:00.000,2,179,157,17001,17001,179,2020-08-12,2,157,0.0127388535031847,0.0082994590406182,2.31714735863091
Montgomery,2020-08-13T00:00:00.000,2,181,175,17176,17176,181,2020-08-13,2,175,0.0114285714285714,0.00821220974393723,2.31176034181707
Montgomery,2020-08-14T00:00:00.000,3,184,260,17436,17436,184,2020-08-14,3,260,0.0115384615384615,0.00811912596164165,3.45739532221793
Montgomery,2020-08-15T00:00:00.000,3,187,254,17690,17690,187,2020-08-15,3,254,0.0118110236220472,0.00802077603672183,3.45520582046079
Montgomery,2020-08-16T00:00:00.000,1,188,130,17820,17820,188,2020-08-16,1,130,0.00769230769230769,0.00791773618395837,1.15031154839771
Montgomery,2020-08-17T00:00:00.000,0,188,192,18012,18012,188,2020-08-17,0,192,0,0.0078105846630979,0
Montgomery,2020-08-18T00:00:00.000,1,189,166,18178,18178,189,2020-08-18,1,166,0.00602409638554217,0.00769989628897169,1.15289611340979
Montgomery,2020-08-19T00:00:00.000,1,190,145,18323,18323,190,2020-08-19,1,145,0.00689655172413793,0.00758623734397803,1.15340789903694
Montgomery,2020-08-20T00:00:00.000,3,193,362,18685,18685,193,2020-08-20,3,362,0.00828729281767956,0.00747016094479853,3.46001453855793
Montgomery,2020-08-21T00:00:00.000,0,193,199,18884,18884,193,2020-08-21,0,199,0,0.00735220290155925,0
Montgomery,2020-08-22T00:00:00.000,1,194,190,19074,19074,194,2020-08-22,1,190,0.00526315789473684,0.00723287809426959,1.1513442048346
Montgomery,2020-08-23T00:00:00.000,2,196,163,19237,19237,196,2020-08-23,2,163,0.0122699386503067,0.00711267737862284,2.29846539792712
Montgomery,2020-08-24T00:00:00.000,0,196,92,19329,19329,196,2020-08-24,0,92,0,0.00699206502154176,0
Montgomery,2020-08-25T00:00:00.000,1,197,169,19498,19498,197,2020-08-25,1,169,0.00591715976331361,0.00687147665628635,1.13954581761627
Montgomery,2020-08-26T00:00:00.000,1,198,138,19636,19636,198,2020-08-26,1,138,0.0072463768115942,0.00675131773782967,1.13584582486288
Montgomery,2020-08-27T00:00:00.000,2,200,263,19899,19899,200,2020-08-27,2,263,0.00760456273764259,0.00663196247154406,2.26538112014926
Montgomery,2020-08-28T00:00:00.000,2,202,218,20117,20117,202,2020-08-28,2,218,0.00917431192660551,0.00651375318214565,2.25848708248707
Montgomery,2020-08-29T00:00:00.000,0,202,217,20334,20334,202,2020-08-29,0,217,0,0.00639700008523349,0
Montgomery,2020-08-30T00:00:00.000,4,206,293,20627,20627,206,2020-08-30,4,293,0.0136518771331058,0.00628198142065247,4.49711224725401
Montgomery,2020-08-31T00:00:00.000,1,207,326,20953,20953,207,2020-08-31,1,326,0.00306748466257669,0.00616894390510424,1.12280003114176
Montgomery,2020-09-01T00:00:00.000,1,208,65,21018,21018,208,2020-09-01,1,65,0.0153846153846154,0.00605810346089392,1.12373585135196
Montgomery,2020-09-02T00:00:00.000,3,211,158,21176,21176,211,2020-09-02,3,158,0.0189873417721519,0.00594964617820406,3.38880688127732
Montgomery,2020-09-03T00:00:00.000,1,212,242,21418,21418,212,2020-09-03,1,242,0.00413223140495868,0.00584372946972966,1.13555787345551
Montgomery,2020-09-04T00:00:00.000,2,214,222,21640,21640,214,2020-09-04,2,222,0.00900900900900901,0.00574048337865591,2.27735289882965
Montgomery,2020-09-05T00:00:00.000,1,215,213,21853,21853,215,2020-09-05,1,213,0.00469483568075117,0.00564001200372824,1.14020124541558
Montgomery,2020-09-06T00:00:00.000,0,215,169,22022,22022,215,2020-09-06,0,169,0,0.00554239500832197,0
Montgomery,2020-09-07T00:00:00.000,0,215,163,22185,22185,215,2020-09-07,0,163,0,0.00544768918387727,0
Montgomery,2020-09-08T00:00:00.000,0,215,75,22260,22260,215,2020-09-08,0,75,0,0.00535593004164694,0
Montgomery,2020-09-09T00:00:00.000,0,215,137,22397,22397,215,2020-09-09,0,137,0,0.0052671334103675,0
Montgomery,2020-09-10T00:00:00.000,2,217,276,22673,22673,217,2020-09-10,2,276,0.0072463768115942,0.00518129702100997,2.28401953541522
Montgomery,2020-09-11T00:00:00.000,1,218,259,22932,22932,218,2020-09-11,1,259,0.00386100386100386,0.00509840206322904,1.14615437114213
Montgomery,2020-09-12T00:00:00.000,0,218,260,23192,23192,218,2020-09-12,0,260,0,0.00501841470135662,0
Montgomery,2020-09-13T00:00:00.000,0,218,322,23514,23514,218,2020-09-13,0,322,0,0.00494128754079253,0
Montgomery,2020-09-14T00:00:00.000,0,218,169,23683,23683,218,2020-09-14,0,169,0,0.00486696103834721,0
Montgomery,2020-09-15T00:00:00.000,0,218,190,23873,23873,218,2020-09-15,0,190,0,0.00479536485252629,0
Montgomery,2020-09-16T00:00:00.000,1,219,177,24050,24050,219,2020-09-16,1,177,0.00564971751412429,0.00472641913183976,1.16597123296602
Montgomery,2020-09-17T00:00:00.000,0,219,213,24263,24263,219,2020-09-17,0,213,0,0.0046600357410238,0
Montgomery,2020-09-18T00:00:00.000,4,223,244,24507,24507,223,2020-09-18,4,244,0.0163934426229508,0.00459611942655097,4.68196967731706
Montgomery,2020-09-19T00:00:00.000,4,227,287,24794,24794,227,2020-09-19,4,287,0.0139372822299652,0.00453456892398517,4.68640407267226
Montgomery,2020-09-20T00:00:00.000,0,227,254,25048,25048,227,2020-09-20,0,254,0,0.00447527801067223,0
Montgomery,2020-09-21T00:00:00.000,2,229,434,25482,25482,229,2020-09-21,2,434,0.00460829493087558,0.0044181365078639,2.34024204990868
Montgomery,2020-09-22T00:00:00.000,1,230,86,25568,25568,230,2020-09-22,1,86,0.0116279069767442,0.00436303123681412,1.16751619409414
Montgomery,2020-09-23T00:00:00.000,2,232,155,25723,25723,232,2020-09-23,2,155,0.0129032258064516,0.00430984693352642,2.32732864426329
Montgomery,2020-09-24T00:00:00.000,0,232,251,25974,25974,232,2020-09-24,0,251,0,0.00425846712682402,0
Montgomery,2020-09-25T00:00:00.000,0,232,159,26133,26133,232,2020-09-25,0,159,0,0.00420877498420895,0
Montgomery,2020-09-26T00:00:00.000,0,232,144,26277,26277,232,2020-09-26,0,144,0,0.00416065412960952,0
Montgomery,2020-09-27T00:00:00.000,0,232,70,26347,26347,232,2020-09-27,0,70,0,0.00411398943663473,0
Montgomery,2020-09-28T00:00:00.000,2,234,217,26564,26564,234,2020-09-28,2,217,0.00921658986175115,0.00406866780036166,2.30186057889169
Montgomery,2020-09-29T00:00:00.000,1,235,75,26639,26639,235,2020-09-29,1,75,0.0133333333333333,0.00402457889000405,1.14368604329946
Montgomery,2020-09-30T00:00:00.000,0,235,100,26739,26739,235,2020-09-30,0,100,0,0.00398161588408956,0
Montgomery,2020-10-01T00:00:00.000,1,236,272,27011,27011,236,2020-10-01,1,272,0.00367647058823529,0.00393967618902074,1.12553568083922
Montgomery,2020-10-02T00:00:00.000,1,237,354,27365,27365,237,2020-10-02,1,354,0.00282485875706215,0.00389866214113333,1.11763593435263
Montgomery,2020-10-03T00:00:00.000,1,238,310,27675,27675,238,2020-10-03,1,310,0.0032258064516129,0.00385848169165041,1.11855958947325
Montgomery,2020-10-04T00:00:00.000,0,238,214,27889,27889,238,2020-10-04,0,214,0,0.00381904907324895,0
Montgomery,2020-10-05T00:00:00.000,3,241,180,28069,28069,241,2020-10-05,3,180,0.0166666666666667,0.00378028544636118,3.38739612518655
Montgomery,2020-10-06T00:00:00.000,0,241,71,28140,28140,241,2020-10-06,0,71,0,0.00374211952285595,0
Montgomery,2020-10-07T00:00:00.000,1,242,300,28440,28440,242,2020-10-07,1,300,0.00333333333333333,0.00370448816437894,1.14068922479995
Montgomery,2020-10-08T00:00:00.000,2,244,289,28729,28729,244,2020-10-08,2,289,0.0069204152249135,0.00366733695243873,2.29294196425233
Montgomery,2020-10-09T00:00:00.000,1,245,300,29029,29029,245,2020-10-09,1,300,0.00333333333333333,0.00363062072730142,1.15222742128784
Montgomery,2020-10-10T00:00:00.000,0,245,173,29202,29202,245,2020-10-10,0,173,0,0.00359430409292557,0
Montgomery,2020-10-11T00:00:00.000,0,245,269,29471,29471,245,2020-10-11,0,269,0,0.00355836188556768,0
Nassau,2020-03-01T00:00:00.000,0,0,0,0,0,0,2020-03-01,0,0,1,0.0300437535060383,0
Nassau,2020-03-02T00:00:00.000,0,0,0,0,0,0,2020-03-02,0,0,1,0.0353351758690331,0
Nassau,2020-03-03T00:00:00.000,0,0,0,0,0,0,2020-03-03,0,0,1,0.0415144831708834,0
Nassau,2020-03-04T00:00:00.000,0,0,0,0,0,0,2020-03-04,0,0,1,0.0487070523301579,0
Nassau,2020-03-05T00:00:00.000,1,1,1,1,1,1,2020-03-05,1,1,1,0.0570436605683251,2.96039306181274
Nassau,2020-03-06T00:00:00.000,3,4,10,11,11,4,2020-03-06,3,10,0.3,0.0666558071710669,8.4251832543276
Nassau,2020-03-07T00:00:00.000,2,6,5,16,16,6,2020-03-07,2,5,0.4,0.0776693252760498,5.32584324510071
Nassau,2020-03-08T00:00:00.000,4,10,11,27,27,10,2020-03-08,4,11,0.363636363636364,0.0901962769378714,10.1010124850076
Nassau,2020-03-09T00:00:00.000,4,14,15,42,42,14,2020-03-09,4,15,0.266666666666667,0.104325367177688,9.58167263115374
Nassau,2020-03-10T00:00:00.000,6,20,22,64,64,20,2020-03-10,6,22,0.272727272727273,0.12011142504282,13.6405208294193
Nassau,2020-03-11T00:00:00.000,11,31,58,122,122,31,2020-03-11,11,58,0.189655172413793,0.137564842436416,23.7515023130771
Nassau,2020-03-12T00:00:00.000,14,45,86,208,208,45,2020-03-12,14,86,0.162790697674419,0.156642164905429,28.7387623833904
Nassau,2020-03-13T00:00:00.000,19,64,100,308,308,64,2020-03-13,19,100,0.19,0.177239201041558,37.1247003262024
Nassau,2020-03-14T00:00:00.000,20,84,82,390,390,84,2020-03-14,20,82,0.24390243902439,0.199187967642606,37.2647480881674
Nassau,2020-03-15T00:00:00.000,23,107,109,499,499,107,2020-03-15,23,109,0.211009174311927,0.222258459757691,41.5453004625322
Nassau,2020-03-16T00:00:00.000,24,131,112,611,611,131,2020-03-16,24,112,0.214285714285714,0.246165639840148,42.0258062549254
Nassau,2020-03-17T00:00:00.000,52,183,218,829,829,183,2020-03-17,52,218,0.238532110091743,0.27058127452741,88.2821789637346
Nassau,2020-03-18T00:00:00.000,186,369,632,1461,1461,369,2020-03-18,186,632,0.294303797468354,0.295149476638366,306.252493126676
Nassau,2020-03-19T00:00:00.000,385,754,1036,2497,2497,754,2020-03-19,385,1036,0.371621621621622,0.319504221123032,615.092604315127
Nassau,2020-03-20T00:00:00.000,479,1233,1706,4203,4203,1233,2020-03-20,479,1706,0.280773739742087,0.343286842924446,742.967851781787
Nassau,2020-03-21T00:00:00.000,667,1900,1968,6171,6171,1900,2020-03-21,667,1968,0.338922764227642,0.366161645438093,1004.95911744784
Nassau,2020-03-22T00:00:00.000,542,2442,1323,7494,7494,2442,2020-03-22,542,1323,0.409674981103553,0.387828196413381,794.164370247018
Nassau,2020-03-23T00:00:00.000,427,2869,993,8487,8487,2869,2020-03-23,427,993,0.430010070493454,0.408029528250618,609.265625908589
Nassau,2020-03-24T00:00:00.000,416,3285,896,9383,9383,3285,2020-03-24,416,896,0.464285714285714,0.426556127646573,578.879585659805
Nassau,2020-03-25T00:00:00.000,629,3914,1735,11118,11118,3914,2020-03-25,629,1735,0.362536023054755,0.443246156233839,862.075688022411
Nassau,2020-03-26T00:00:00.000,743,4657,1412,12530,12530,4657,2020-03-26,743,1412,0.526203966005666,0.457982708502781,1004.35883481419
Nassau,2020-03-27T00:00:00.000,880,5537,1827,14357,14357,5537,2020-03-27,880,1827,0.481663929939792,0.470689069592026,1174.50411397861
Nassau,2020-03-28T00:00:00.000,908,6445,2107,16464,16464,6445,2020-03-28,908,2107,0.43094447081158,0.481322916308848,1200.38243071654
Nassau,2020-03-29T00:00:00.000,899,7344,1830,18294,18294,7344,2020-03-29,899,1830,0.491256830601093,0.48987026748746,1187.7934622094
Nassau,2020-03-30T00:00:00.000,1200,8544,2261,20555,20555,8544,2020-03-30,1200,2261,0.530738611233967,0.496339794453841,1591.84585722037
Nassau,2020-03-31T00:00:00.000,1010,9554,1845,22400,22400,9554,2020-03-31,1010,1845,0.547425474254743,0.500757896944879,1343.59718006166
Nassau,2020-04-01T00:00:00.000,1033,10587,1908,24308,24308,10587,2020-04-01,1033,1908,0.541404612159329,0.503164765162123,1376.05696285575
Nassau,2020-04-02T00:00:00.000,1437,12024,2663,26971,26971,12024,2020-04-02,1437,2663,0.53961697333834,0.503611499276966,1889.93320728991
Nassau,2020-04-03T00:00:00.000,1322,13346,2694,29665,29665,13346,2020-04-03,1322,2694,0.49072011878248,0.502158246299146,1718.62642898902
Nassau,2020-04-04T00:00:00.000,1052,14398,2195,31860,31860,14398,2020-04-04,1052,2195,0.479271070615034,0.498873236471349,1363.91323554594
Nassau,2020-04-05T00:00:00.000,1218,15616,2363,34223,34223,15616,2020-04-05,1218,2363,0.515446466356327,0.493832550288022,1573.60853513577
Nassau,2020-04-06T00:00:00.000,994,16610,2097,36320,36320,16610,2020-04-06,994,2097,0.474010491177873,0.487120416045797,1288.79217179747
Nassau,2020-04-07T00:00:00.000,1938,18548,4179,40499,40499,18548,2020-04-07,1938,4179,0.463747307968414,0.478829821491251,2527.42423293792
Nassau,2020-04-08T00:00:00.000,1592,20140,3598,44097,44097,20140,2020-04-08,1592,3598,0.442468037798777,0.469063218963833,2088.0222164952
Nassau,2020-04-09T00:00:00.000,1372,21512,3021,47118,47118,21512,2020-04-09,1372,3021,0.454154253558424,0.457933110792224,1809.62393916699
Nassau,2020-04-10T00:00:00.000,1072,22584,2527,49645,49645,22584,2020-04-10,1072,2527,0.424218440838939,0.445562321296579,1421.66570033852
Nassau,2020-04-11T00:00:00.000,969,23553,2307,51952,51952,23553,2020-04-11,969,2307,0.420026007802341,0.432083794622873,1292.85024391775
Nassau,2020-04-12T00:00:00.000,805,24358,2072,54024,54024,24358,2020-04-12,805,2072,0.388513513513513,0.417639803887847,1084.95244377218
Nassau,2020-04-13T00:00:00.000,892,25250,2283,56307,56307,25250,2020-04-13,892,2283,0.390713972842751,0.402380515246994,1213.62461008112
Nassau,2020-04-14T00:00:00.000,1465,26715,3155,59462,59462,26715,2020-04-14,1465,3155,0.464342313787639,0.386461916502013,2010.48969943992
Nassau,2020-04-15T00:00:00.000,1057,27772,2814,62276,62276,27772,2020-04-15,1057,2814,0.375621890547264,0.370043187652165,1460.37765107767
Nassau,2020-04-16T00:00:00.000,767,28539,2386,64662,64662,28539,2020-04-16,767,2386,0.321458507963118,0.353283652586481,1063.93730634747
Nassau,2020-04-17T00:00:00.000,641,29180,1973,66635,66635,29180,2020-04-17,641,1973,0.324885960466295,0.336339499063199,891.798167880848
Nassau,2020-04-18T00:00:00.000,833,30013,2658,69293,69293,30013,2020-04-18,833,2658,0.31339352896915,0.319360481636495,1161.02261523907
Nassau,2020-04-19T00:00:00.000,664,30677,2196,71489,71489,30677,2020-04-19,664,2196,0.302367941712204,0.302486825548791,926.149026575893
Nassau,2020-04-20T00:00:00.000,402,31079,1385,72874,72874,31079,2020-04-20,402,1385,0.290252707581227,0.285846528788743,560.604431946513
Nassau,2020-04-21T00:00:00.000,476,31555,1697,74571,74571,31555,2020-04-21,476,1697,0.280494991160872,0.269553218192985,663.080322196305
Nassau,2020-04-22T00:00:00.000,569,32124,1980,76551,76551,32124,2020-04-22,569,1980,0.287373737373737,0.253704660367007,791.080996672554
Nassau,2020-04-23T00:00:00.000,641,32765,2787,79338,79338,32765,2020-04-23,641,2787,0.229996411912451,0.238381967527811,888.679663602515
Nassau,2020-04-24T00:00:00.000,1033,33798,4225,83563,83563,33798,2020-04-24,1033,4225,0.244497041420118,0.223649480299256,1426.92631767005
Nassau,2020-04-25T00:00:00.000,724,34522,3334,86897,86897,34522,2020-04-25,724,3334,0.217156568686263,0.209555260737814,995.621299055069
Nassau,2020-04-26T00:00:00.000,343,34865,1871,88768,88768,34865,2020-04-26,343,1871,0.183324425440941,0.196132093680404,469.092263467261
Nassau,2020-04-27T00:00:00.000,220,35085,1499,90267,90267,35085,2020-04-27,220,1499,0.146764509673115,0.183398874551517,298.939931695052
Nassau,2020-04-28T00:00:00.000,420,35505,2509,92776,92776,35505,2020-04-28,420,2509,0.167397369469908,0.171362256231693,566.551228446616
Nassau,2020-04-29T00:00:00.000,349,35854,2424,95200,95200,35854,2020-04-29,349,2424,0.143976897689769,0.160018434026519,468.584981420633
Nassau,2020-04-30T00:00:00.000,307,36161,2108,97308,97308,36161,2020-04-30,307,2108,0.145635673624288,0.149354962752773,412.142056673332
Nassau,2020-05-01T00:00:00.000,358,36519,2384,99692,99692,36519,2020-05-01,358,2384,0.150167785234899,0.139352519905071,480.478142287536
Nassau,2020-05-02T00:00:00.000,261,36780,2194,101886,101886,36780,2020-05-02,261,2194,0.118960802187785,0.129986550600565,349.770855189863
Nassau,2020-05-03T00:00:00.000,185,36965,1736,103622,103622,36965,2020-05-03,185,1736,0.106566820276498,0.121228751010035,247.092652422512
Nassau,2020-05-04T00:00:00.000,187,37152,1822,105444,105444,37152,2020-05-04,187,1822,0.102634467618002,0.113048365616196,248.526651495363
Nassau,2020-05-05T00:00:00.000,198,37350,1765,107209,107209,37350,2020-05-05,198,1765,0.112181303116147,0.105413288984118,261.513307415194
Nassau,2020-05-06T00:00:00.000,243,37593,2658,109867,109867,37593,2020-05-06,243,2658,0.0914221218961625,0.0982909744875077,318.943104158348
Nassau,2020-05-07T00:00:00.000,219,37812,2050,111917,111917,37812,2020-05-07,219,2050,0.106829268292683,0.0916491607941089,286.558849817805
Nassau,2020-05-08T00:00:00.000,216,38028,2390,114307,114307,38028,2020-05-08,216,2390,0.0903765690376569,0.0854564322804794,282.637922420814
Nassau,2020-05-09T00:00:00.000,189,38217,2260,116567,116567,38217,2020-05-09,189,2260,0.0836283185840708,0.0796826324947831,247.272230200245
Nassau,2020-05-10T00:00:00.000,120,38337,1756,118323,118323,38337,2020-05-10,120,1756,0.0683371298405467,0.0742991508921597,156.947488211375
Nassau,2020-05-11T00:00:00.000,97,38434,1558,119881,119881,38434,2020-05-11,97,1558,0.0622593068035944,0.0692791028617016,126.794312688066
Nassau,2020-05-12T00:00:00.000,153,38587,2374,122255,122255,38587,2020-05-12,153,2374,0.0644481887110362,0.0645974219970234,200.338221695685
Nassau,2020-05-13T00:00:00.000,156,38743,2633,124888,124888,38743,2020-05-13,156,2633,0.0592480060767186,0.0602308819901485,205.28696821643
Nassau,2020-05-14T00:00:00.000,121,38864,2363,127251,127251,38864,2020-05-14,121,2363,0.0512060939483707,0.0561580637071196,160.408927277792
Nassau,2020-05-15T00:00:00.000,169,39033,2478,129729,129729,39033,2020-05-15,169,2478,0.0682001614205004,0.052359281110196,225.535235551949
Nassau,2020-05-16T00:00:00.000,103,39136,2020,131749,131749,39136,2020-05-16,103,2020,0.050990099009901,0.0488164778426435,138.13840481818
Nassau,2020-05-17T00:00:00.000,89,39225,1749,133498,133498,39225,2020-05-17,89,1749,0.0508862206975415,0.0455131045402188,119.507265102812
Nassau,2020-05-18T00:00:00.000,70,39295,1635,135133,135133,39295,2020-05-18,70,1635,0.0428134556574924,0.042433985317352,94.0240184748498
Nassau,2020-05-19T00:00:00.000,73,39368,2281,137414,137414,39368,2020-05-19,73,2281,0.0320035072336694,0.0395651803886485,98.007148799241
Nassau,2020-05-20T00:00:00.000,119,39487,3112,140526,140526,39487,2020-05-20,119,3112,0.0382390745501285,0.0368938504378503,159.755057386033
Nassau,2020-05-21T00:00:00.000,121,39608,3097,143623,143623,39608,2020-05-21,121,3097,0.0390700678075557,0.0344081271142533,162.660528788469
Nassau,2020-05-22T00:00:00.000,118,39726,4188,147811,147811,39726,2020-05-22,118,4188,0.0281757402101242,0.0320969929231555,158.69066765779
Nassau,2020-05-23T00:00:00.000,111,39837,3739,151550,151550,39837,2020-05-23,111,3739,0.0296870821075154,0.0299501727739898,149.180447688135
Nassau,2020-05-24T00:00:00.000,70,39907,2891,154441,154441,39907,2020-05-24,70,2891,0.0242130750605327,0.0279580385550221,93.9184809814764
Nassau,2020-05-25T00:00:00.000,67,39974,2269,156710,156710,39974,2020-05-25,67,2269,0.0295284266196562,0.0261115273249551,89.6287094247823
Nassau,2020-05-26T00:00:00.000,60,40034,2390,159100,159100,40034,2020-05-26,60,2390,0.0251046025104603,0.0244020730452669,79.9763594254371
Nassau,2020-05-27T00:00:00.000,106,40140,4664,163764,163764,40140,2020-05-27,106,4664,0.0227272727272727,0.0228215512347711,140.880217235306
Nassau,2020-05-28T00:00:00.000,86,40226,4760,168524,168524,40226,2020-05-28,86,4760,0.0180672268907563,0.0213622355036644,113.875978504131
Nassau,2020-05-29T00:00:00.000,81,40307,4710,173234,173234,40307,2020-05-29,81,4710,0.0171974522292994,0.020016764621476,106.777026913944
Nassau,2020-05-30T00:00:00.000,89,40396,4112,177346,177346,40396,2020-05-30,89,4112,0.0216439688715953,0.0187781185836318,117.438128614664
Nassau,2020-05-31T00:00:00.000,83,40479,3878,181224,181224,40479,2020-05-31,83,3878,0.0214027849406911,0.0176396020560774,110.117871392625
Nassau,2020-06-01T00:00:00.000,93,40572,3851,185075,185075,40572,2020-06-01,93,3851,0.0241495715398598,0.0165948335818538,124.119294103995
Nassau,2020-06-02T00:00:00.000,72,40644,4433,189508,189508,40644,2020-06-02,72,4433,0.0162418226934356,0.0156377390137839,96.5871694629319
Nassau,2020-06-03T00:00:00.000,69,40713,5104,194612,194612,40713,2020-06-03,69,5104,0.0135188087774295,0.0147625477736838,92.9586917106804
Nassau,2020-06-04T00:00:00.000,84,40797,5177,199789,199789,40797,2020-06-04,84,5177,0.0162256132895499,0.0139637907137474,113.135681950439
Nassau,2020-06-05T00:00:00.000,56,40853,5533,205322,205322,40853,2020-06-05,56,5533,0.010121091632026,0.0132362985540979,75.325037640627
Nassau,2020-06-06T00:00:00.000,51,40904,4119,209441,209441,40904,2020-06-06,51,4119,0.0123816460305899,0.0125752000747799,68.4670908647001
Nassau,2020-06-07T00:00:00.000,43,40947,4033,213474,213474,40947,2020-06-07,43,4033,0.010662038184974,0.0119759194394599,57.5803532333903
Nassau,2020-06-08T00:00:00.000,33,40980,3159,216633,216633,40980,2020-06-08,33,3159,0.0104463437796771,0.0114341722119445,44.0507541089708
Nassau,2020-06-09T00:00:00.000,35,41015,4210,220843,220843,41015,2020-06-09,35,4210,0.00831353919239905,0.0109459597884518,46.5464271422303
Nassau,2020-06-10T00:00:00.000,45,41060,4869,225712,225712,41060,2020-06-10,45,4869,0.00924214417744917,0.0105075621040298,59.5882894871727
Nassau,2020-06-11T00:00:00.000,54,41114,4796,230508,230508,41114,2020-06-11,54,4796,0.0112593828190158,0.0101155285802245,71.1588197452531
Nassau,2020-06-12T00:00:00.000,58,41172,5228,235736,235736,41172,2020-06-12,58,5228,0.0110941086457536,0.00976666736310304,76.0169584857189
Nassau,2020-06-13T00:00:00.000,32,41204,4039,239775,239775,41204,2020-06-13,32,4039,0.00792275315672196,0.00945803295829413,41.6912197943985
Nassau,2020-06-14T00:00:00.000,36,41240,3939,243714,243714,41240,2020-06-14,36,3939,0.00913937547600914,0.0091869124065993,46.5990330636889
Nassau,2020-06-15T00:00:00.000,50,41290,4585,248299,248299,41290,2020-06-15,50,4585,0.0109051254089422,0.00895081016356407,64.2679842699721
Nassau,2020-06-16T00:00:00.000,30,41320,4270,252569,252569,41320,2020-06-16,30,4270,0.00702576112412178,0.0087474318538813,38.2710094182374
Nassau,2020-06-17T00:00:00.000,29,41349,5054,257623,257623,41349,2020-06-17,29,5054,0.00573802928373566,0.00857466707060725,36.6985360853863
Nassau,2020-06-18T00:00:00.000,38,41387,5646,263269,263269,41387,2020-06-18,38,5646,0.0067304286220333,0.00843057138405395,47.6783130386471
Nassau,2020-06-19T00:00:00.000,56,41443,4698,267967,267967,41443,2020-06-19,56,4698,0.0119199659429544,0.00831334771980205,69.6314681586047
Nassau,2020-06-20T00:00:00.000,36,41479,5000,272967,272967,41479,2020-06-20,36,5000,0.0072,0.00822132726210866,44.3411434189257
Nassau,2020-06-21T00:00:00.000,34,41513,4104,277071,277071,41513,2020-06-21,34,4104,0.00828460038986355,0.00815295004112298,41.5310759472143
Nassau,2020-06-22T00:00:00.000,31,41544,3374,280445,280445,41544,2020-06-22,31,3374,0.00918790752815649,0.00810674537119148,37.8492039295701
Nassau,2020-06-23T00:00:00.000,41,41585,3983,284428,284428,41585,2020-06-23,41,3983,0.010293748430831,0.00808131232437556,50.0337070956643
Nassau,2020-06-24T00:00:00.000,61,41646,5618,290046,290046,41646,2020-06-24,61,5618,0.0108579565681737,0.00807530044798672,74.3999990030179
Nassau,2020-06-25T00:00:00.000,38,41684,3867,293913,293913,41684,2020-06-25,38,3867,0.00982673907421774,0.00808739096778351,46.2735172675463
Nassau,2020-06-26T00:00:00.000,41,41725,5282,299195,299195,41725,2020-06-26,41,5282,0.0077622112836047,0.0081162787560739,49.7565514043885
Nassau,2020-06-27T00:00:00.000,29,41754,5255,304450,304450,41754,2020-06-27,29,5255,0.0055185537583254,0.00816065538614149,35.0634670326534
Nassau,2020-06-28T00:00:00.000,26,41780,3856,308306,308306,41780,2020-06-28,26,3856,0.00674273858921162,0.00821919363556665,31.3121559059546
Nassau,2020-06-29T00:00:00.000,27,41807,3478,311784,311784,41807,2020-06-29,27,3478,0.00776308223116734,0.00829053383812077,32.4025065025288
Nassau,2020-06-30T00:00:00.000,46,41853,3842,315626,315626,41853,2020-06-30,46,3842,0.0119729307652264,0.0083732725117384,55.3507544770927
Nassau,2020-07-01T00:00:00.000,57,41910,5297,320923,320923,41910,2020-07-01,57,5297,0.0107608080045309,0.0084659537028012,68.8457891175836
Nassau,2020-07-02T00:00:00.000,37,41947,4562,325485,325485,41947,2020-07-02,37,4562,0.00811047786058746,0.00856706347970837,44.8112819163617
Nassau,2020-07-03T00:00:00.000,41,41988,4709,330194,330194,41988,2020-07-03,41,4709,0.008706731790189,0.00867502797649092,49.5877144233039
Nassau,2020-07-04T00:00:00.000,43,42031,6290,336484,336484,42031,2020-07-04,43,6290,0.0068362480127186,0.00878821532537631,51.9281153837264
Nassau,2020-07-05T00:00:00.000,22,42053,3801,340285,340285,42053,2020-07-05,22,3801,0.00578795053933175,0.00890494172474855,26.5193173861811
Nassau,2020-07-06T00:00:00.000,35,42088,4066,344351,344351,42088,2020-07-06,35,4066,0.00860796851942941,0.00902348176437258,42.1064244498367
Nassau,2020-07-07T00:00:00.000,34,42122,3792,348143,348143,42122,2020-07-07,34,3792,0.0089662447257384,0.00914208297650902,40.8850275735942
Nassau,2020-07-08T00:00:00.000,42,42164,5038,353181,353181,42164,2020-07-08,42,5038,0.00833664152441445,0.00925898440491416,50.4712355387628
Nassau,2020-07-09T00:00:00.000,68,42232,6711,359892,359892,42232,2020-07-09,68,6711,0.0101326180897035,0.00937243879162867,81.6423751420784
Nassau,2020-07-10T00:00:00.000,35,42267,5718,365610,365610,42267,2020-07-10,35,5718,0.00612102133613151,0.00948073778589597,41.9748351837596
Nassau,2020-07-11T00:00:00.000,40,42307,5168,370778,370778,42307,2020-07-11,40,5168,0.00773993808049536,0.00958223939270281,47.9068392871126
Nassau,2020-07-12T00:00:00.000,47,42354,4319,375097,375097,42354,2020-07-12,47,4319,0.0108821486455198,0.00967539671482818,56.2024569011383
Nassau,2020-07-13T00:00:00.000,69,42423,3898,378995,378995,42423,2020-07-13,69,3898,0.0177013853258081,0.00975878691635828,82.3629056075577
Nassau,2020-07-14T00:00:00.000,39,42462,4295,383290,383290,42462,2020-07-14,39,4295,0.00908032596041909,0.0098311392584059,46.4601103741137
Nassau,2020-07-15T00:00:00.000,44,42506,5979,389269,389269,42506,2020-07-15,44,5979,0.00735909014885432,0.00989136104086129,52.3013482609774
Nassau,2020-07-16T00:00:00.000,49,42555,5567,394836,394836,42555,2020-07-16,49,5567,0.00880186815160769,0.00993856033066315,58.1581901874196
Nassau,2020-07-17T00:00:00.000,39,42594,4695,399531,399531,42594,2020-07-17,39,4695,0.00830670926517572,0.00997206446987706,46.3655014797886
Nassau,2020-07-18T00:00:00.000,28,42622,3006,402537,402537,42622,2020-07-18,28,3006,0.00931470392548237,0.00999143352981191,33.3239657447954
Nassau,2020-07-19T00:00:00.000,56,42678,3987,406524,406524,42678,2020-07-19,56,3987,0.0140456483571608,0.00999646810157087,66.6803742479775
Nassau,2020-07-20T00:00:00.000,51,42729,4724,411248,411248,42729,2020-07-20,51,4724,0.0107959356477561,0.00998721107424622,60.681873091909
Nassau,2020-07-21T00:00:00.000,36,42765,3991,415239,415239,42765,2020-07-21,36,3991,0.0090202956652468,0.0099639433330195,42.6284154222876
Nassau,2020-07-22T00:00:00.000,51,42816,4594,419833,419833,42816,2020-07-22,51,4594,0.0111014366565085,0.00992717359035398,60.0090308901061
Nassau,2020-07-23T00:00:00.000,44,42860,5798,425631,425631,42860,2020-07-23,44,5798,0.00758882373232149,0.00987762282797937,51.3784416407785
Nassau,2020-07-24T00:00:00.000,55,42915,5712,431343,431343,42915,2020-07-24,55,5712,0.00962885154061625,0.00981620405577395,63.6674642641977
Nassau,2020-07-25T00:00:00.000,45,42960,3752,435095,435095,42960,2020-07-25,45,3752,0.0119936034115139,0.00974399827475263,51.7887351508318
Nassau,2020-07-26T00:00:00.000,57,43017,4176,439271,439271,43017,2020-07-26,57,4176,0.0136494252873563,0.00966222765430391,65.634767436345
Nassau,2020-07-27T00:00:00.000,42,43059,4208,443479,443479,43059,2020-07-27,42,4208,0.00998098859315589,0.00957222699460996,48.3454684062015
Nassau,2020-07-28T00:00:00.000,41,43100,4616,448095,448095,43100,2020-07-28,41,4616,0.00888214904679376,0.00947541454447778,47.1238885970986
Nassau,2020-07-29T00:00:00.000,58,43158,5731,453826,453826,43158,2020-07-29,58,5731,0.0101203978363287,0.00937326318752031,66.7155941388155
Nassau,2020-07-30T00:00:00.000,45,43203,5138,458964,458964,43203,2020-07-30,45,5138,0.00875827170105099,0.0092672729037244,51.9193898584979
Nassau,2020-07-31T00:00:00.000,68,43271,7106,466070,466070,43271,2020-07-31,68,7106,0.00956937799043062,0.00915894527184232,78.6757047237182
Nassau,2020-08-01T00:00:00.000,51,43322,4727,470797,470797,43322,2020-08-01,51,4727,0.0107890839856146,0.0090497606109795,59.1570634780564
Nassau,2020-08-02T00:00:00.000,58,43380,3808,474605,474605,43380,2020-08-02,58,3808,0.0152310924369748,0.0089411581821446,67.3956772851546
Nassau,2020-08-03T00:00:00.000,56,43436,4606,479211,479211,43436,2020-08-03,56,4606,0.0121580547112462,0.00883451969289248,65.0828600529922
Nassau,2020-08-04T00:00:00.000,46,43482,5492,484703,484703,43482,2020-08-04,46,5492,0.00837581937363438,0.00873115618078878,53.452350851721
Nassau,2020-08-05T00:00:00.000,52,43534,5304,490007,490007,43534,2020-08-05,52,5304,0.00980392156862745,0.00863229820258291,60.4051930428519
Nassau,2020-08-06T00:00:00.000,46,43580,5019,495026,495026,43580,2020-08-06,46,5019,0.00916517234508866,0.00853908913099633,53.3945168464287
Nassau,2020-08-07T00:00:00.000,48,43628,6525,501551,501551,43628,2020-08-07,48,6525,0.00735632183908046,0.00845258126202072,55.6162675065896
Nassau,2020-08-08T00:00:00.000,27,43655,5314,506865,506865,43655,2020-08-08,27,5314,0.00508091832894242,0.00837373436464835,31.2812360196862
Nassau,2020-08-09T00:00:00.000,35,43690,3823,510688,510688,43690,2020-08-09,35,3823,0.00915511378498561,0.00830341626000991,40.5636496902338
Nassau,2020-08-10T00:00:00.000,34,43724,5273,515961,515961,43724,2020-08-10,34,5273,0.0064479423478096,0.00824240499521644,39.3964019189458
Nassau,2020-08-11T00:00:00.000,37,43761,5160,521121,521121,43761,2020-08-11,37,5160,0.00717054263565891,0.00819139217662593,42.8413877097916
Nassau,2020-08-12T00:00:00.000,34,43795,5534,526655,526655,43795,2020-08-12,34,5534,0.00614383809179617,0.00815098704257152,39.320462419885
Nassau,2020-08-13T00:00:00.000,45,43840,6693,533348,533348,43840,2020-08-13,45,6693,0.00672344240251008,0.00812172088365569,51.9570075426579
Nassau,2020-08-14T00:00:00.000,51,43891,6389,539737,539737,43891,2020-08-14,51,6389,0.00798246987008922,0.00810405145595594,58.7647986608295
Nassau,2020-08-15T00:00:00.000,38,43929,5833,545570,545570,43929,2020-08-15,38,5833,0.00651465798045603,0.00809836707557476,43.8080953154855
Nassau,2020-08-16T00:00:00.000,26,43955,4425,549995,549995,43955,2020-08-16,26,4425,0.00587570621468927,0.00810499012888933,29.9780910378054
Nassau,2020-08-17T00:00:00.000,46,44001,4460,554455,554455,44001,2020-08-17,46,4460,0.0103139013452915,0.00812417978122605,53.1934062055294
Nassau,2020-08-18T00:00:00.000,62,44063,7861,562316,562316,44063,2020-08-18,62,7861,0.00788703727261163,0.00815613371430704,71.8922061147036
Nassau,2020-08-19T00:00:00.000,49,44112,5928,568244,568244,44112,2020-08-19,49,5928,0.00826585695006748,0.0082009887705244,56.9590819005849
Nassau,2020-08-20T00:00:00.000,50,44162,7190,575434,575434,44162,2020-08-20,50,7190,0.00695410292072323,0.00825882042943995,58.2485984081909
Nassau,2020-08-21T00:00:00.000,43,44205,6974,582408,582408,44205,2020-08-21,43,6974,0.00616575853168913,0.00832964108831555,50.1868525889759
Nassau,2020-08-22T00:00:00.000,40,44245,5082,587490,587490,44245,2020-08-22,40,5082,0.00787091696182605,0.00841339716505842,46.7553373854131
Nassau,2020-08-23T00:00:00.000,39,44284,4386,591876,591876,44284,2020-08-23,39,4386,0.00889192886456908,0.00850996508955841,45.6312166397396
Nassau,2020-08-24T00:00:00.000,64,44348,5565,597441,597441,44348,2020-08-24,64,5565,0.0115004492362983,0.00861914629647974,74.8108395019835
Nassau,2020-08-25T00:00:00.000,55,44403,5589,603030,603030,44403,2020-08-25,55,5589,0.00984075863302916,0.00874066138197668,64.201311963242
Nassau,2020-08-26T00:00:00.000,47,44450,6294,609324,609324,44450,2020-08-26,47,6294,0.00746742929774388,0.00887414363569295,54.8644505887966
Nassau,2020-08-27T00:00:00.000,53,44503,9814,619138,619138,44503,2020-08-27,53,9814,0.0054004483391074,0.00901913220904724,61.9069517193667
Nassau,2020-08-28T00:00:00.000,51,44554,6780,625918,625918,44554,2020-08-28,51,6780,0.00752212389380531,0.0091750652285418,59.5985340625688
Nassau,2020-08-29T00:00:00.000,56,44610,6719,632637,632637,44610,2020-08-29,56,6719,0.0083345735972615,0.00934127320826662,65.5509947290234
Nassau,2020-08-30T00:00:00.000,67,44677,5442,638079,638079,44677,2020-08-30,67,5442,0.0123116501286292,0.00951697315474229,78.5215309735625
Nassau,2020-08-31T00:00:00.000,84,44761,7238,645317,645317,44761,2020-08-31,84,7238,0.011605415860735,0.00970126378898802,98.6832516742935
Nassau,2020-09-01T00:00:00.000,84,44845,10917,656234,656234,44845,2020-09-01,84,10917,0.00769442154438032,0.00989312233001247,99.1386936886307
Nassau,2020-09-02T00:00:00.000,79,44924,6522,662756,662756,44924,2020-09-02,79,6522,0.0121128488193806,0.010091403288823,94.0803012126306
Nassau,2020-09-03T00:00:00.000,84,45008,7265,670021,670021,45008,2020-09-03,84,7265,0.0115622849277357,0.0102948397081514,100.944231850399
Nassau,2020-09-04T00:00:00.000,107,45115,6642,676663,676663,45115,2020-09-04,107,6642,0.0161096055404998,0.0105020472484315,129.424550871712
Nassau,2020-09-05T00:00:00.000,78,45193,6573,683236,683236,45193,2020-09-05,78,6573,0.0118667275216796,0.0107115314618366,94.8272743491402
Nassau,2020-09-06T00:00:00.000,36,45229,4189,687425,687425,45229,2020-09-06,36,4189,0.00859393650035808,0.0109216985133452,43.9688376911988
Nassau,2020-09-07T00:00:00.000,65,45294,4216,691641,691641,45294,2020-09-07,65,4216,0.0154174573055028,0.011130869500294,79.7261872112112
Nassau,2020-09-08T00:00:00.000,78,45372,4238,695879,695879,45372,2020-09-08,78,4238,0.0184049079754601,0.0113372983926615,96.0410533227413
Nassau,2020-09-09T00:00:00.000,73,45445,6033,701912,701912,45445,2020-09-09,73,6033,0.0121001160285099,0.0115391934680716,90.1948444308774
Nassau,2020-09-10T00:00:00.000,105,45550,7023,708935,708935,45550,2020-09-10,105,7023,0.0149508756941478,0.0117347419558537,130.125563448808
Nassau,2020-09-11T00:00:00.000,83,45633,5742,714677,714677,45633,2020-09-11,83,5742,0.0144548937652386,0.0119221374388667,103.565048213944
Nassau,2020-09-12T00:00:00.000,78,45711,5780,720457,720457,45711,2020-09-12,78,5780,0.0134948096885813,0.0120996094011113,98.0113938766557
Nassau,2020-09-13T00:00:00.000,52,45763,4258,724715,724715,45763,2020-09-13,52,4258,0.0122123062470643,0.0122654541617084,65.778806347374
Nassau,2020-09-14T00:00:00.000,77,45840,6928,731643,731643,45840,2020-09-14,77,6928,0.0111143187066975,0.0124180663128589,98.0147971708932
Nassau,2020-09-15T00:00:00.000,66,45906,4810,736453,736453,45906,2020-09-15,66,4810,0.0137214137214137,0.0125559696890532,84.4973776460791
Nassau,2020-09-16T00:00:00.000,83,45989,6284,742737,742737,45989,2020-09-16,83,6284,0.0132081476766391,0.0126778468462607,106.811313279013
Nassau,2020-09-17T00:00:00.000,63,46052,6037,748774,748774,46052,2020-09-17,63,6037,0.0104356468444592,0.012782566028015,81.4369588763604
Nassau,2020-09-18T00:00:00.000,102,46154,8330,757104,757104,46154,2020-09-18,102,8330,0.0122448979591837,0.0128692046432885,132.33807629041
Nassau,2020-09-19T00:00:00.000,64,46218,6759,763863,763863,46218,2020-09-19,64,6759,0.00946885633969522,0.0129370683792749,83.270217884726
Nassau,2020-09-20T00:00:00.000,41,46259,4905,768768,768768,46259,2020-09-20,41,4905,0.00835881753312946,0.0129857052149612,53.4332981456385
Nassau,2020-09-21T00:00:00.000,66,46325,6020,774788,774788,46325,2020-09-21,66,6020,0.0109634551495017,0.0130149137847346,86.0389169669584
Nassau,2020-09-22T00:00:00.000,63,46388,4360,779148,779148,46388,2020-09-22,63,4360,0.0144495412844037,0.0130247457512302,82.0543398577437
Nassau,2020-09-23T00:00:00.000,46,46434,5634,784782,784782,46434,2020-09-23,46,5634,0.00816471423500177,0.0130155020751951,59.7840673793159
Nassau,2020-09-24T00:00:00.000,71,46505,6406,791188,791188,46505,2020-09-24,71,6406,0.0110833593506088,0.012987723300919,92.4520786570586
Nassau,2020-09-25T00:00:00.000,71,46576,6733,797921,797921,46576,2020-09-25,71,6733,0.0105450764889351,0.0129421741963084,92.4176612755058
Nassau,2020-09-26T00:00:00.000,67,46643,5975,803896,803896,46643,2020-09-26,67,5975,0.0112133891213389,0.0128798232849288,87.0665884176937
Nassau,2020-09-27T00:00:00.000,68,46711,4043,807939,807939,46711,2020-09-27,68,4043,0.0168191936680683,0.0128018179707307,88.1152810564744
Nassau,2020-09-28T00:00:00.000,80,46791,5621,813560,813560,46791,2020-09-28,80,5621,0.0142323429994663,0.0127094560773735,103.182603067022
Nassau,2020-09-29T00:00:00.000,66,46857,4876,818436,818436,46857,2020-09-29,66,4876,0.0135356849876948,0.0126041546980734,84.6116345356846
Nassau,2020-09-30T00:00:00.000,72,46929,5967,824403,824403,46929,2020-09-30,72,5967,0.0120663650075415,0.0124874172750663,91.6321759616918
Nassau,2020-10-01T00:00:00.000,105,47034,7917,832320,832320,47034,2020-10-01,105,7917,0.013262599469496,0.0123607998038641,132.497343436509
Nassau,2020-10-02T00:00:00.000,133,47167,9841,842161,842161,47167,2020-10-02,133,9841,0.0135148866985062,0.0122258769889164,166.643523558925
Nassau,2020-10-03T00:00:00.000,79,47246,7752,849913,849913,47246,2020-10-03,79,7752,0.0101909184726522,0.0120842090718765,99.0527176113028
Nassau,2020-10-04T00:00:00.000,56,47302,5954,855867,855867,47302,2020-10-04,56,5954,0.0094054417198522,0.0119373099205802,70.5051124329084
Nassau,2020-10-05T00:00:00.000,90,47392,7585,863452,863452,47392,2020-10-05,90,7585,0.011865524060646,0.0117866168153465,113.860660334892
Nassau,2020-10-06T00:00:00.000,124,47516,7817,871269,871269,47516,2020-10-06,124,7817,0.0158628629909172,0.0116334622102801,157.630063534996
Nassau,2020-10-07T00:00:00.000,140,47656,11919,883188,883188,47656,2020-10-07,140,11919,0.0117459518415974,0.0114790475913231,178.818784830655
Nassau,2020-10-08T00:00:00.000,80,47736,8320,891508,891508,47736,2020-10-08,80,8320,0.00961538461538462,0.0113244194097946,102.664327589121
Nassau,2020-10-09T00:00:00.000,105,47841,8925,900433,900433,47841,2020-10-09,105,8925,0.0117647058823529,0.0111704469490354,135.374377440185
Nassau,2020-10-10T00:00:00.000,92,47933,8397,908830,908830,47933,2020-10-10,92,8397,0.0109562939144933,0.0110178018913713,119.158003772469
Nassau,2020-10-11T00:00:00.000,65,47998,5181,914011,914011,47998,2020-10-11,65,5181,0.0125458405713183,0.010866939299964,84.568001463597
New York,2020-03-01T00:00:00.000,0,0,0,0,0,0,2020-03-01,0,0,0,0.0289083629788171,0
New York,2020-03-02T00:00:00.000,0,0,0,0,0,0,2020-03-02,0,0,0,0.0341386071032443,0
New York,2020-03-03T00:00:00.000,0,0,3,3,3,0,2020-03-03,0,3,0,0.0402714483114458,0
New York,2020-03-04T00:00:00.000,1,1,4,7,7,1,2020-03-04,1,4,0.25,0.0474382413197746,3.11116142466377
New York,2020-03-05T00:00:00.000,1,2,18,25,25,2,2020-03-05,1,18,0.0555555555555556,0.0557763553967762,2.95374943973485
New York,2020-03-06T00:00:00.000,3,5,14,39,39,5,2020-03-06,3,14,0.214285714285714,0.0654240875982764,8.40948352672725
New York,2020-03-07T00:00:00.000,0,5,22,61,61,5,2020-03-07,0,22,0,0.0765136494975063,0
New York,2020-03-08T00:00:00.000,0,5,24,85,85,5,2020-03-08,0,24,0,0.0891622147330118,0
New York,2020-03-09T00:00:00.000,7,12,47,132,132,12,2020-03-09,7,47,0.148936170212766,0.103461299376091,16.753987147482
New York,2020-03-10T00:00:00.000,12,24,78,210,210,24,2020-03-10,12,78,0.153846153846154,0.119465115552148,27.2663262922258
New York,2020-03-11T00:00:00.000,3,27,70,280,280,27,2020-03-11,3,70,0.0428571428571429,0.137178941858516,6.47586301425298
New York,2020-03-12T00:00:00.000,18,45,186,466,466,45,2020-03-12,18,186,0.0967741935483871,0.156548905039644,36.9476368822466
New York,2020-03-13T00:00:00.000,39,84,268,734,734,84,2020-03-13,39,268,0.145522388059701,0.177454752902218,76.2125947522364
New York,2020-03-14T00:00:00.000,28,112,193,927,927,112,2020-03-14,28,193,0.145077720207254,0.199707108995567,52.1842285794884
New York,2020-03-15T00:00:00.000,60,172,317,1244,1244,172,2020-03-15,60,317,0.189274447949527,0.223050272991519,108.417593811325
New York,2020-03-16T00:00:00.000,69,241,398,1642,1642,241,2020-03-16,69,398,0.173366834170854,0.247170893889825,120.873442905341
New York,2020-03-17T00:00:00.000,161,402,598,2240,2240,402,2020-03-17,161,598,0.269230769230769,0.271711928384983,273.449209890265
New York,2020-03-18T00:00:00.000,335,737,1074,3314,3314,737,2020-03-18,335,1074,0.311918063314711,0.296290415881426,551.7966433746
New York,2020-03-19T00:00:00.000,437,1174,1235,4549,4549,1174,2020-03-19,437,1235,0.353846153846154,0.320516980039357,698.391036664304
New York,2020-03-20T00:00:00.000,370,1544,1263,5812,5812,1544,2020-03-20,370,1263,0.292953285827395,0.344014763083647,574.02158703003
New York,2020-03-21T00:00:00.000,522,2066,1370,7182,7182,2066,2020-03-21,522,1370,0.381021897810219,0.366435748011059,786.548599592123
New York,2020-03-22T00:00:00.000,607,2673,1367,8549,8549,2673,2020-03-22,607,1367,0.44403803950256,0.387473029493254,889.324000828918
New York,2020-03-23T00:00:00.000,405,3078,990,9539,9539,3078,2020-03-23,405,990,0.409090909090909,0.406868374675114,577.710230862363
New York,2020-03-24T00:00:00.000,442,3520,1065,10604,10604,3520,2020-03-24,442,1065,0.415023474178404,0.424415172717333,614.750151836068
New York,2020-03-25T00:00:00.000,542,4062,1232,11836,11836,4062,2020-03-25,542,1232,0.439935064935065,0.439957456342377,742.284870931149
New York,2020-03-26T00:00:00.000,523,4585,1062,12898,12898,4585,2020-03-26,523,1062,0.492467043314501,0.453386018192806,706.25849310608
New York,2020-03-27T00:00:00.000,631,5216,1314,14212,14212,5216,2020-03-27,631,1314,0.480213089802131,0.464632743801423,841.082892043837
New York,2020-03-28T00:00:00.000,590,5806,1160,15372,15372,5806,2020-03-28,590,1160,0.508620689655172,0.473664196212526,778.73410509107
New York,2020-03-29T00:00:00.000,422,6228,788,16160,16160,6228,2020-03-29,422,788,0.535532994923858,0.480475288676634,556.484006747934
New York,2020-03-30T00:00:00.000,648,6876,1422,17582,17582,6876,2020-03-30,648,1422,0.455696202531646,0.485083639718459,857.627156649909
New York,2020-03-31T00:00:00.000,497,7373,1015,18597,18597,7373,2020-03-31,497,1015,0.489655172413793,0.48752496862991,659.387946795032
New York,2020-04-01T00:00:00.000,470,7843,1002,19599,19599,7843,2020-04-01,470,1002,0.469061876247505,0.487849686985402,624.153671511837
New York,2020-04-02T00:00:00.000,609,8452,1294,20893,20893,8452,2020-04-02,609,1294,0.470633693972179,0.486120683131488,798.126675933984
New York,2020-04-03T00:00:00.000,848,9300,1820,22713,22713,9300,2020-04-03,848,1820,0.465934065934066,0.48241218032997,1098.00331109507
New York,2020-04-04T00:00:00.000,598,9898,1278,23991,23991,9898,2020-04-04,598,1278,0.4679186228482,0.476809468460167,771.805118734336
New York,2020-04-05T00:00:00.000,542,10440,1162,25153,25153,10440,2020-04-05,542,1162,0.466437177280551,0.469409256297053,696.700134563286
New York,2020-04-06T00:00:00.000,572,11012,1249,26402,26402,11012,2020-04-06,572,1249,0.457966373098479,0.460320360648929,737.453972083174
New York,2020-04-07T00:00:00.000,492,11504,1257,27659,27659,11504,2020-04-07,492,1257,0.391408114558473,0.449664437357676,637.617473897838
New York,2020-04-08T00:00:00.000,602,12106,1424,29083,29083,12106,2020-04-08,602,1424,0.422752808988764,0.437576467451384,784.098821157594
New York,2020-04-09T00:00:00.000,616,12722,1659,30742,30742,12722,2020-04-09,616,1659,0.371308016877637,0.424204741228134,806.291870112582
New York,2020-04-10T00:00:00.000,715,13437,1685,32427,32427,13437,2020-04-10,715,1685,0.42433234421365,0.409710135231665,940.298118259222
New York,2020-04-11T00:00:00.000,708,14145,1783,34210,34210,14145,2020-04-11,708,1783,0.397083567021873,0.394264551458352,936.008252134786
New York,2020-04-12T00:00:00.000,356,14501,1033,35243,35243,14501,2020-04-12,356,1033,0.344627299128751,0.378048480462641,475.050064437583
New York,2020-04-13T00:00:00.000,379,14880,1206,36449,36449,14880,2020-04-13,379,1206,0.314262023217247,0.361247752085876,510.123758988338
New York,2020-04-14T00:00:00.000,1737,16617,4068,40517,40517,16617,2020-04-14,1737,4068,0.426991150442478,0.344049637202758,2356.2180913172
New York,2020-04-15T00:00:00.000,474,17091,1533,42050,42050,17091,2020-04-15,474,1533,0.309197651663405,0.326638547555945,646.770249381535
New York,2020-04-16T00:00:00.000,399,17490,1476,43526,43526,17490,2020-04-16,399,1476,0.270325203252033,0.309191635646858,546.140003362793
New York,2020-04-17T00:00:00.000,442,17932,1585,45111,45111,17932,2020-04-17,442,1585,0.278864353312303,0.291874614188598,606.279188595221
New York,2020-04-18T00:00:00.000,288,18220,1093,46204,46204,18220,2020-04-18,288,1093,0.263494967978042,0.274838092278693,395.428293705902
New York,2020-04-19T00:00:00.000,248,18468,954,47158,47158,18468,2020-04-19,248,954,0.259958071278826,0.258214667705364,340.480246327629
New York,2020-04-20T00:00:00.000,231,18699,1099,48257,48257,18699,2020-04-20,231,1099,0.210191082802548,0.242116932079855,316.83392506201
New York,2020-04-21T00:00:00.000,326,19025,1430,49687,49687,19025,2020-04-21,326,1430,0.227972027972028,0.226636451616487,446.318934126559
New York,2020-04-22T00:00:00.000,323,19348,1581,51268,51268,19348,2020-04-22,323,1581,0.204301075268817,0.211843695704319,441.041968536149
New York,2020-04-23T00:00:00.000,506,19854,2654,53922,53922,19854,2020-04-23,506,2654,0.190655614167295,0.197788809740392,688.542197042981
New York,2020-04-24T00:00:00.000,426,20280,2110,56032,56032,20280,2020-04-24,426,2110,0.201895734597156,0.184503075560452,577.237314100492
New York,2020-04-25T00:00:00.000,493,20773,2354,58386,58386,20773,2020-04-25,493,2354,0.209430756159728,0.172000874883762,664.700094715809
New York,2020-04-26T00:00:00.000,324,21097,2007,60393,60393,21097,2020-04-26,324,2007,0.161434977578475,0.160281966734141,434.252932972402
New York,2020-04-27T00:00:00.000,215,21312,1650,62043,62043,21312,2020-04-27,215,1650,0.13030303030303,0.149333904156869,286.20412268902
New York,2020-04-28T00:00:00.000,292,21604,2260,64303,64303,21604,2020-04-28,292,2260,0.129203539823009,0.139134442507882,385.766663347676
New York,2020-04-29T00:00:00.000,316,21920,2299,66602,66602,21920,2020-04-29,316,2299,0.137451065680731,0.129653824989653,415.443102013943
New York,2020-04-30T00:00:00.000,255,22175,2205,68807,68807,22175,2020-04-30,255,2205,0.115646258503401,0.120856865637693,335.1613305417
New York,2020-05-01T00:00:00.000,321,22496,2606,71413,71413,22496,2020-05-01,321,2606,0.123177283192632,0.112704781784763,421.772629352521
New York,2020-05-02T00:00:00.000,245,22741,2214,73627,73627,22741,2020-05-02,245,2214,0.110659439927733,0.105156754834615,321.442333007385
New York,2020-05-03T00:00:00.000,159,22900,1524,75151,75151,22900,2020-05-03,159,1524,0.104330708661417,0.0981712189378028,207.932838674493
New York,2020-05-04T00:00:00.000,154,23054,2246,77397,77397,23054,2020-05-04,154,2246,0.068566340160285,0.0917068919000367,200.431442183357
New York,2020-05-05T00:00:00.000,203,23257,2499,79896,79896,23257,2020-05-05,203,2499,0.0812324929971989,0.0857235720078691,262.630481893822
New York,2020-05-06T00:00:00.000,272,23529,2966,82862,82862,23529,2020-05-06,272,2966,0.0917060013486177,0.0801827293850764,349.810278820967
New York,2020-05-07T00:00:00.000,201,23730,3036,85898,85898,23730,2020-05-07,201,3036,0.066205533596838,0.0750479220932739,257.802298966867
New York,2020-05-08T00:00:00.000,151,23881,2633,88531,88531,23881,2020-05-08,151,2633,0.0573490315229776,0.0702850664396207,193.760594558752
New York,2020-05-09T00:00:00.000,96,23977,2336,90867,90867,23977,2020-05-09,96,2336,0.0410958904109589,0.065862588730796,123.228819202989
New York,2020-05-10T00:00:00.000,85,24062,1496,92363,92363,24062,2020-05-10,85,1496,0.0568181818181818,0.0617514826912425,109.133580317017
New York,2020-05-11T00:00:00.000,129,24191,1984,94347,94347,24191,2020-05-11,129,1984,0.0650201612903226,0.0579252934434137,165.632039153837
New York,2020-05-12T00:00:00.000,157,24348,2825,97172,97172,24348,2020-05-12,157,2825,0.0555752212389381,0.0543600456701304,202.059139292671
New York,2020-05-13T00:00:00.000,177,24525,3697,100869,100869,24525,2020-05-13,177,3697,0.0478766567487152,0.0510341305586242,229.094255064224
New York,2020-05-14T00:00:00.000,307,24832,3933,104802,104802,24832,2020-05-14,307,3933,0.0780574624968218,0.0479281634693561,400.589356375952
New York,2020-05-15T00:00:00.000,150,24982,3469,108271,108271,24982,2020-05-15,150,3469,0.0432401268377054,0.045024822017228,197.180874824516
New York,2020-05-16T00:00:00.000,148,25130,3096,111367,111367,25130,2020-05-16,148,3096,0.0478036175710594,0.0423086723945642,195.67044059576
New York,2020-05-17T00:00:00.000,86,25216,2019,113386,113386,25216,2020-05-17,86,2019,0.0425953442298167,0.0397659902517423,113.930574277876
New York,2020-05-18T00:00:00.000,77,25293,2830,116216,116216,25293,2020-05-18,77,2830,0.027208480565371,0.0373845812399288,102.124363670081
New York,2020-05-19T00:00:00.000,98,25391,3685,119901,119901,25391,2020-05-19,98,3685,0.0265943012211669,0.0351536053332495,130.024934241496
New York,2020-05-20T00:00:00.000,131,25522,4219,124120,124120,25522,2020-05-20,131,4219,0.0310500118511496,0.0330634082446432,173.947548908498
New York,2020-05-21T00:00:00.000,150,25672,4363,128483,128483,25672,2020-05-21,150,4363,0.0343800137520055,0.0311053625623221,199.620662195428
New York,2020-05-22T00:00:00.000,134,25806,4582,133065,133065,25806,2020-05-22,134,4582,0.0292448712352684,0.0292717206343329,178.555227301626
New York,2020-05-23T00:00:00.000,103,25909,4187,137252,137252,25909,2020-05-23,103,4187,0.0245999522331025,0.0275554806839198,137.279920176487
New York,2020-05-24T00:00:00.000,100,26009,3356,140608,140608,26009,2020-05-24,100,3356,0.0297973778307509,0.0259502671290847,133.173107276457
New York,2020-05-25T00:00:00.000,83,26092,3635,144243,144243,26092,2020-05-25,83,3635,0.0228335625859697,0.0244502256062994,110.305074482123
New York,2020-05-26T00:00:00.000,121,26213,3599,147842,147842,26213,2020-05-26,121,3599,0.0336204501250347,0.0230499327516318,160.36886104229
New York,2020-05-27T00:00:00.000,134,26347,6888,154730,154730,26347,2020-05-27,134,6888,0.0194541231126597,0.0217443203901495,177.234805697496
New York,2020-05-28T00:00:00.000,133,26480,7418,162148,162148,26480,2020-05-28,133,7418,0.0179293610137503,0.0205286134259122,175.410910683243
New York,2020-05-29T00:00:00.000,96,26576,5678,167826,167826,26576,2020-05-29,96,5678,0.016907361747094,0.0193982804261623,126.153984936423
New York,2020-05-30T00:00:00.000,77,26653,4425,172251,172251,26653,2020-05-30,77,4425,0.0174011299435028,0.0183489956591468,101.369163499663
New York,2020-05-31T00:00:00.000,68,26721,4385,176636,176636,26721,2020-05-31,68,4385,0.0155074116305587,0.0173766111814061,90.0816345861444
New York,2020-06-01T00:00:00.000,93,26814,5161,181797,181797,26814,2020-06-01,93,5161,0.0180197636117032,0.0164771374763832,124.030982333512
New York,2020-06-02T00:00:00.000,72,26886,4211,186008,186008,26886,2020-06-02,72,4211,0.0170980764663975,0.0156467311215381,96.5927220404254
New York,2020-06-03T00:00:00.000,82,26968,4377,190385,190385,26968,2020-06-03,82,4377,0.0187342928946767,0.0148816879958281,110.561482239214
New York,2020-06-04T00:00:00.000,69,27037,4416,194801,194801,27037,2020-06-04,69,4416,0.015625,0.0141784406248899,93.0747583760697
New York,2020-06-05T00:00:00.000,85,27122,5322,200123,200123,27122,2020-06-05,85,5322,0.0159714393085306,0.0135335583875466,114.586855256127
New York,2020-06-06T00:00:00.000,56,27178,4711,204834,204834,27178,2020-06-06,56,4711,0.011887072808321,0.0129437494592609,75.3970312054452
New York,2020-06-07T00:00:00.000,39,27217,4045,208879,208879,27217,2020-06-07,39,4045,0.00964153275648949,0.0124058635358462,52.4085675536016
New York,2020-06-08T00:00:00.000,41,27258,3953,212832,212832,27258,2020-06-08,41,3953,0.0103718694662282,0.0119168945530727,54.9565044296244
New York,2020-06-09T00:00:00.000,66,27324,5433,218265,218265,27324,2020-06-09,66,5433,0.0121479845389288,0.011473982785503,88.1877528568084
New York,2020-06-10T00:00:00.000,60,27384,4991,223256,223256,27384,2020-06-10,60,4991,0.0120216389501102,0.0110744158632201,79.8696059561014
New York,2020-06-11T00:00:00.000,68,27452,5660,228916,228916,27452,2020-06-11,68,5660,0.0120141342756184,0.0107156283847022,90.1253149296294
New York,2020-06-12T00:00:00.000,77,27529,6296,235212,235212,27529,2020-06-12,77,6296,0.0122299872935197,0.0103951999243054,101.55045313393
New York,2020-06-13T00:00:00.000,44,27573,5525,240737,240737,27573,2020-06-13,44,5525,0.00796380090497738,0.0101108513327664,57.7093244101904
New York,2020-06-14T00:00:00.000,54,27627,6036,246773,246773,27627,2020-06-14,54,6036,0.00894632206759443,0.00986043931017451,70.3948411165139
New York,2020-06-15T00:00:00.000,50,27677,6158,252931,252931,27677,2020-06-15,50,6158,0.00811951932445599,0.00964194929425522,64.7477868589724
New York,2020-06-16T00:00:00.000,31,27708,5830,258761,258761,27708,2020-06-16,31,5830,0.00531732418524871,0.00945348675586271,39.8548795984604
New York,2020-06-17T00:00:00.000,52,27760,6701,265462,265462,27760,2020-06-17,52,6701,0.00776003581554992,0.00929326703099089,66.3359878959158
New York,2020-06-18T00:00:00.000,64,27824,7866,273328,273328,27824,2020-06-18,64,7866,0.00813628273582507,0.00915960384782654,80.9690840061103
New York,2020-06-19T00:00:00.000,67,27891,7972,281300,281300,27891,2020-06-19,67,7972,0.00840441545408931,0.00905089673198969,84.0202354664682
New York,2020-06-20T00:00:00.000,75,27966,7602,288902,288902,27966,2020-06-20,75,7602,0.00986582478295185,0.00896561749513444,93.1814528777079
New York,2020-06-21T00:00:00.000,51,28017,4871,293773,293773,28017,2020-06-21,51,4871,0.0104701293368918,0.00890229603464684,62.8467996073118
New York,2020-06-22T00:00:00.000,58,28075,4887,298660,298660,28075,2020-06-22,58,4887,0.0118682218129732,0.00885950569633504,71.4462345886031
New York,2020-06-23T00:00:00.000,57,28132,4933,303593,303593,28132,2020-06-23,57,4933,0.0115548347861342,0.00883584847886722,70.1827396938138
New York,2020-06-24T00:00:00.000,60,28192,6494,310087,310087,28192,2020-06-24,60,6494,0.00923929781336618,0.00882994038768116,73.8370357587027
New York,2020-06-25T00:00:00.000,58,28250,6504,316591,316591,28250,2020-06-25,58,6504,0.00891758917589176,0.00884039727766777,71.2595774769978
New York,2020-06-26T00:00:00.000,81,28331,8749,325340,325340,28331,2020-06-26,81,8749,0.00925820093724997,0.00886582155344741,99.1716724511824
New York,2020-06-27T00:00:00.000,49,28380,5886,331226,331226,28380,2020-06-27,49,5886,0.00832483860006796,0.00890479012434567,59.7644329822384
New York,2020-06-28T00:00:00.000,21,28401,4009,335235,335235,28401,2020-06-28,21,4009,0.00523821401845847,0.00895584403145956,25.5086014531728
New York,2020-06-29T00:00:00.000,46,28447,5287,340522,340522,28447,2020-06-29,46,5287,0.0087005863438623,0.00901748017441771,55.670220818648
New York,2020-06-30T00:00:00.000,71,28518,6206,346728,346728,28518,2020-06-30,71,6206,0.0114405414115372,0.00908814556090503,86.1354777652641
New York,2020-07-01T00:00:00.000,78,28596,7185,353913,353913,28596,2020-07-01,78,7185,0.0108559498956159,0.00916623447789494,94.9617340779405
New York,2020-07-02T00:00:00.000,102,28698,7062,360975,360975,28698,2020-07-02,102,7062,0.0144435004248088,0.00925008893701632,124.485052841827
New York,2020-07-03T00:00:00.000,62,28760,6201,367176,367176,28760,2020-07-03,62,6201,0.00999838735687792,0.00933800267492658,75.5405661177616
New York,2020-07-04T00:00:00.000,44,28804,5736,372912,372912,28804,2020-07-04,44,5736,0.00767085076708508,0.00942822889080526,53.5105881978193
New York,2020-07-05T00:00:00.000,66,28870,7734,380646,380646,28870,2020-07-05,66,7734,0.00853374709076804,0.00951899178001354,80.0902377270815
New York,2020-07-06T00:00:00.000,50,28920,6251,386897,386897,28920,2020-07-06,50,6251,0.00799872020476724,0.00960850177666104,60.531087565484
New York,2020-07-07T00:00:00.000,53,28973,6976,393873,393873,28973,2020-07-07,53,6976,0.00759747706422018,0.00969497425525902,64.1078773956012
New York,2020-07-08T00:00:00.000,56,29029,6504,400377,400377,29029,2020-07-08,56,6504,0.00861008610086101,0.00977665127041672,67.6620809184437
New York,2020-07-09T00:00:00.000,80,29109,8363,408740,408740,29109,2020-07-09,80,8363,0.00956594523496353,0.00985182574285389,96.5301799699114
New York,2020-07-10T00:00:00.000,56,29165,8216,416956,416956,29165,2020-07-10,56,8216,0.0068159688412853,0.00991886734248369,67.4638275001446
New York,2020-07-11T00:00:00.000,72,29237,6860,423816,423816,29237,2020-07-11,72,6860,0.0104956268221574,0.00997624918542595,86.5804923132036
New York,2020-07-12T00:00:00.000,65,29302,5419,429235,429235,29302,2020-07-12,65,5419,0.0119948329950175,0.0100225743634698,78.0013017403017
New York,2020-07-13T00:00:00.000,61,29363,5426,434661,434661,29363,2020-07-13,61,5426,0.0112421673424254,0.0100566012720986,73.0327986280601
New York,2020-07-14T00:00:00.000,79,29442,6910,441571,441571,29442,2020-07-14,79,6910,0.0114327062228654,0.0100772667017772,94.3445053786989
New York,2020-07-15T00:00:00.000,74,29516,7547,449118,449118,29516,2020-07-15,74,7547,0.00980522061746389,0.0100837057133288,88.1309270808374
New York,2020-07-16T00:00:00.000,74,29590,8266,457384,457384,29590,2020-07-16,74,8266,0.00895233486571498,0.010075267428122,87.9508079587336
New York,2020-07-17T00:00:00.000,85,29675,7329,464713,464713,29675,2020-07-17,85,7329,0.0115977623140947,0.0100515260254625,101.133251999754
New York,2020-07-18T00:00:00.000,56,29731,5436,470149,470149,29731,2020-07-18,56,5436,0.0103016924208977,0.0100122864422058,66.6618283934911
New York,2020-07-19T00:00:00.000,65,29796,5935,476084,476084,29796,2020-07-19,65,5935,0.0109519797809604,0.00995758450203007,77.366704821319
New York,2020-07-20T00:00:00.000,71,29867,6705,482789,482789,29867,2020-07-20,71,6705,0.0105891126025354,0.00988768144866138,84.394117128921
New York,2020-07-21T00:00:00.000,76,29943,7540,490329,490329,29943,2020-07-21,76,7540,0.010079575596817,0.00980305310395201,89.8469402121431
New York,2020-07-22T00:00:00.000,90,30033,7521,497850,497850,30033,2020-07-22,90,7521,0.0119664938173115,0.00970437410037616,105.658183021969
New York,2020-07-23T00:00:00.000,64,30097,7406,505256,505256,30097,2020-07-23,64,7406,0.00864164191196327,0.00959249783765154,74.513703981148
New York,2020-07-24T00:00:00.000,64,30161,7262,512518,512518,30161,2020-07-24,64,7262,0.00881299917378133,0.009468432969663,73.8190226332126
New York,2020-07-25T00:00:00.000,32,30193,4957,517475,517475,30193,2020-07-25,32,4957,0.00645551745007061,0.00933331733640345,36.6693027557388
New York,2020-07-26T00:00:00.000,57,30250,5377,522852,522852,30250,2020-07-26,57,5377,0.0106007067137809,0.00918839031043139,65.30556146888
New York,2020-07-27T00:00:00.000,30,30280,5657,528509,528509,30280,2020-07-27,30,5657,0.00530316422131872,0.00903496452936272,34.3335794328621
New York,2020-07-28T00:00:00.000,49,30329,6548,535057,535057,30329,2020-07-28,49,6548,0.00748320097739768,0.00887439793941947,55.9509431781426
New York,2020-07-29T00:00:00.000,70,30399,7387,542444,542444,30399,2020-07-29,70,7387,0.00947610667388656,0.00870806698698992,79.9282859009951
New York,2020-07-30T00:00:00.000,59,30458,7859,550303,550303,30458,2020-07-30,59,7859,0.00750731645247487,0.00853734167382881,67.5159136432794
New York,2020-07-31T00:00:00.000,60,30518,9505,559808,559808,30518,2020-07-31,60,9505,0.00631246712256707,0.00836356304964102,68.7919414845848
New York,2020-08-01T00:00:00.000,46,30564,6825,566633,566633,30564,2020-08-01,46,6825,0.00673992673992674,0.00818802356090897,52.8260894686832
New York,2020-08-02T00:00:00.000,57,30621,6704,573337,573337,30621,2020-08-02,57,6704,0.00850238663484487,0.00801195051997795,65.5108677668185
New York,2020-08-03T00:00:00.000,56,30677,6757,580094,580094,30677,2020-08-03,56,6757,0.00828770164274086,0.00783649281059754,64.3073345869556
New York,2020-08-04T00:00:00.000,57,30734,6803,586897,586897,30734,2020-08-04,57,6803,0.00837865647508452,0.00766271081264584,65.375481760751
New York,2020-08-05T00:00:00.000,65,30799,7634,594531,594531,30799,2020-08-05,65,7634,0.0085145402148284,0.0074915694151962,74.4438674069079
New York,2020-08-06T00:00:00.000,60,30859,7423,601954,601954,30859,2020-08-06,60,7423,0.00808298531591001,0.00732393389631007,68.5840877936702
New York,2020-08-07T00:00:00.000,62,30921,7852,609806,609806,30921,2020-08-07,62,7852,0.00789607743250127,0.00716056838000001,70.6558467853248
New York,2020-08-08T00:00:00.000,43,30964,7178,616984,616984,30964,2020-08-08,43,7178,0.00599052660908331,0.00700213653689249,48.9350161506391
New York,2020-08-09T00:00:00.000,52,31016,6513,623497,623497,31016,2020-08-09,52,6513,0.00798403193612774,0.00684920417225212,59.1167639807088
New York,2020-08-10T00:00:00.000,55,31071,6639,630136,630136,31071,2020-08-10,55,6639,0.00828438017773761,0.00670224334022715,62.4247707437836
New York,2020-08-11T00:00:00.000,76,31147,11421,641557,641557,31147,2020-08-11,76,11421,0.0066544085456615,0.0065616376346476,86.0678294431293
New York,2020-08-12T00:00:00.000,70,31217,10009,651566,651566,31217,2020-08-12,70,10009,0.00699370566490159,0.00642768832929089,79.0536998238938
New York,2020-08-13T00:00:00.000,62,31279,9097,660663,660663,31279,2020-08-13,62,9097,0.00681543365944817,0.00630062107175496,69.7905845388629
New York,2020-08-14T00:00:00.000,63,31342,10048,670711,670711,31342,2020-08-14,63,10048,0.00626990445859873,0.00618059287178709,70.6513428138137
New York,2020-08-15T00:00:00.000,56,31398,8885,679596,679596,31398,2020-08-15,56,8885,0.00630275745638717,0.00606769916414036,62.7222255666933
New York,2020-08-16T00:00:00.000,43,31441,6499,686095,686095,31441,2020-08-16,43,6499,0.00661640252346515,0.00596198076499956,48.0798262747518
New York,2020-08-17T00:00:00.000,64,31505,6304,692399,692399,31505,2020-08-17,64,6304,0.0101522842639594,0.00586343057956444,71.6336646584918
New York,2020-08-18T00:00:00.000,36,31541,7227,699626,699626,31541,2020-08-18,36,7227,0.0049813200498132,0.00577199995305232,40.3252269437213
New York,2020-08-19T00:00:00.000,62,31603,8868,708494,708494,31603,2020-08-19,62,8868,0.0069914298601714,0.00568760458899409,69.4808156081315
New York,2020-08-20T00:00:00.000,58,31661,13086,721580,721580,31661,2020-08-20,58,13086,0.00443221763716949,0.00561012998639659,65.0053287541878
New York,2020-08-21T00:00:00.000,47,31708,10873,732453,732453,31708,2020-08-21,47,10873,0.00432263404764095,0.0055394363702387,52.6627206228255
New York,2020-08-22T00:00:00.000,44,31752,8758,741211,741211,31752,2020-08-22,44,8758,0.00502397807718657,0.00547536310870019,49.2683517990589
New York,2020-08-23T00:00:00.000,44,31796,7076,748287,748287,31796,2020-08-23,44,7076,0.00621820237422272,0.00541773262607201,49.2083832785145
New York,2020-08-24T00:00:00.000,41,31837,6310,754597,754597,31837,2020-08-24,41,6310,0.00649762282091918,0.00536635383104843,45.7077576738782
New York,2020-08-25T00:00:00.000,48,31885,6958,761555,761555,31885,2020-08-25,48,6958,0.00689853406151193,0.00532102508907635,53.3172267660198
New York,2020-08-26T00:00:00.000,50,31935,8610,770165,770165,31935,2020-08-26,50,8610,0.00580720092915215,0.00528153677260498,55.4149015937104
New York,2020-08-27T00:00:00.000,42,31977,10799,780964,780964,31977,2020-08-27,42,10799,0.00388924900453746,0.00524767342673742,46.4721799875343
New York,2020-08-28T00:00:00.000,36,32013,10387,791351,791351,32013,2020-08-28,36,10387,0.00346587080003851,0.00521921558906325,39.7619348938479
New York,2020-08-29T00:00:00.000,62,32075,12710,804061,804061,32075,2020-08-29,62,12710,0.0048780487804878,0.00519594130296556,68.4398052638577
New York,2020-08-30T00:00:00.000,44,32119,8524,812585,812585,32119,2020-08-30,44,8524,0.00516189582355702,0.00517762736228692,48.5210094028864
New York,2020-08-31T00:00:00.000,46,32165,8300,820885,820885,32165,2020-08-31,46,8300,0.0055421686746988,0.00516405032397118,50.7385687286422
New York,2020-09-01T00:00:00.000,53,32218,9626,830511,830511,32218,2020-09-01,53,9626,0.00550592146270517,0.00515498732281142,58.6042615392905
New York,2020-09-02T00:00:00.000,33,32251,10431,840942,840942,32251,2020-09-02,33,10431,0.00316364682197297,0.00515021672011895,36.7428586437941
New York,2020-09-03T00:00:00.000,59,32310,11922,852864,852864,32310,2020-09-03,59,11922,0.00494883408824023,0.00514951861533478,66.1559541421188
New York,2020-09-04T00:00:00.000,62,32372,11623,864487,864487,32372,2020-09-04,62,11623,0.00533425105394476,0.00515267524722584,69.8393934254783
New York,2020-09-05T00:00:00.000,54,32426,10016,874503,874503,32426,2020-09-05,54,10016,0.00539137380191693,0.00515947130859371,61.025000016005
New York,2020-09-06T00:00:00.000,16,32442,5522,880025,880025,32442,2020-09-06,16,5522,0.00289750090546903,0.00516969419625033,18.1334289150764
New York,2020-09-07T00:00:00.000,19,32461,5232,885257,885257,32461,2020-09-07,19,5232,0.00363149847094801,0.00518313421573996,21.5897481290292
New York,2020-09-08T00:00:00.000,39,32500,6601,891858,891858,32500,2020-09-08,39,6601,0.00590819572792001,0.0051995847585701,44.4194142525465
New York,2020-09-09T00:00:00.000,51,32551,7682,899540,899540,32551,2020-09-09,51,7682,0.00663889612080187,0.00521884246767551,58.2061538763573
New York,2020-09-10T00:00:00.000,52,32603,10273,909813,909813,32603,2020-09-10,52,10273,0.00506181251825173,0.00524070740567577,59.4522512549645
New York,2020-09-11T00:00:00.000,40,32643,11620,921433,921433,32643,2020-09-11,40,11620,0.00344234079173838,0.00526498323872928,45.9938111344649
New York,2020-09-12T00:00:00.000,34,32677,7538,928971,928971,32677,2020-09-12,34,7538,0.00451048023348368,0.00529147744767727,39.3315842474459
New York,2020-09-13T00:00:00.000,51,32728,8093,937064,937064,32728,2020-09-13,51,8093,0.00630174224638577,0.00532000157665543,59.343838419556
New York,2020-09-14T00:00:00.000,44,32772,6557,943621,943621,32772,2020-09-14,44,6557,0.00671038584718621,0.00535037152818068,51.485696636455
New York,2020-09-15T00:00:00.000,63,32835,8840,952461,952461,32835,2020-09-15,63,8840,0.00712669683257919,0.00538240791199672,74.1058477441939
New York,2020-09-16T00:00:00.000,57,32892,8958,961419,961419,32892,2020-09-16,57,8958,0.00636302746148694,0.00541593645345281,67.3715941986408
New York,2020-09-17T00:00:00.000,46,32938,10383,971802,971802,32938,2020-09-17,46,10383,0.00443031879033035,0.00545078846523365,54.6038113925137
New York,2020-09-18T00:00:00.000,73,33011,11603,983405,983405,33011,2020-09-18,73,11603,0.00629147634232526,0.00548680138397167,86.9729616023139
New York,2020-09-19T00:00:00.000,59,33070,10763,994168,994168,33070,2020-09-19,59,10763,0.00548174300845489,0.00552381937104989,70.5021073002197
New York,2020-09-20T00:00:00.000,35,33105,7038,1001206,1001206,33105,2020-09-20,35,7038,0.00497300369423132,0.00556169397359415,41.9054321945929
New York,2020-09-21T00:00:00.000,41,33146,8274,1009480,1009480,33146,2020-09-21,41,8274,0.0049552816050278,0.0056002848391565,49.1260378208879
New York,2020-09-22T00:00:00.000,41,33187,6599,1016079,1016079,33187,2020-09-22,41,6599,0.00621306258524019,0.00563946047345559,49.1124605965255
New York,2020-09-23T00:00:00.000,50,33237,8567,1024646,1024646,33237,2020-09-23,50,8567,0.00583634878020311,0.00567909902733217,59.8107823163393
New York,2020-09-24T00:00:00.000,50,33287,9692,1034338,1034338,33287,2020-09-24,50,9692,0.00515889393314073,0.00571908909498323,59.9801737110829
New York,2020-09-25T00:00:00.000,48,33335,10299,1044637,1044637,33335,2020-09-25,48,10299,0.00466064666472473,0.00575933050133515,57.6201439269695
New York,2020-09-26T00:00:00.000,36,33371,9082,1053719,1053719,33371,2020-09-26,36,9082,0.00396388460691478,0.00579973505262859,43.19455962098
New York,2020-09-27T00:00:00.000,47,33418,5700,1059419,1059419,33418,2020-09-27,47,5700,0.00824561403508772,0.00584022722004197,56.3061698010918
New York,2020-09-28T00:00:00.000,79,33497,10863,1070282,1070282,33497,2020-09-28,79,10863,0.00727239252508515,0.00588074472222946,94.3352751590793
New York,2020-09-29T00:00:00.000,64,33561,11148,1081430,1081430,33561,2020-09-29,64,11148,0.00574094007893793,0.00592123896927165,76.0774609328721
New York,2020-09-30T00:00:00.000,65,33626,9545,1090975,1090975,33626,2020-09-30,65,9545,0.00680984808800419,0.00596167532677477,76.8278057428754
New York,2020-10-01T00:00:00.000,72,33698,10456,1101431,1101431,33698,2020-10-01,72,10456,0.00688599846977812,0.00600203315618985,84.5231258627235
New York,2020-10-02T00:00:00.000,93,33791,13510,1114941,1114941,33791,2020-10-02,93,13510,0.00688378978534419,0.00604230558472662,108.595546158689
New York,2020-10-03T00:00:00.000,72,33863,10817,1125758,1125758,33863,2020-10-03,72,10817,0.00665618933160765,0.00608249895593605,84.2865313676531
New York,2020-10-04T00:00:00.000,72,33935,10249,1136007,1136007,33935,2020-10-04,72,10249,0.00702507561713338,0.00612263191042303,84.7946099993429
New York,2020-10-05T00:00:00.000,70,34005,9469,1145476,1145476,34005,2020-10-05,70,9469,0.00739254409124512,0.00616273404464092,82.998005264143
New York,2020-10-06T00:00:00.000,46,34051,8754,1154230,1154230,34051,2020-10-06,46,8754,0.0052547406899703,0.00620284409452134,54.9115098591892
New York,2020-10-07T00:00:00.000,93,34144,12926,1167156,1167156,34144,2020-10-07,93,12926,0.00719480117592449,0.006243007589807,111.767838681969
New York,2020-10-08T00:00:00.000,73,34217,14289,1181445,1181445,34217,2020-10-08,73,14289,0.00510882497025684,0.00628327392421841,88.3221118803265
New York,2020-10-09T00:00:00.000,79,34296,13048,1194493,1194493,34296,2020-10-09,79,13048,0.00605456774984672,0.0063236927859231,96.219763675867
New York,2020-10-10T00:00:00.000,46,34342,11342,1205835,1205835,34342,2020-10-10,46,11342,0.00405572209486863,0.00636430989251708,56.3973709578264
New York,2020-10-11T00:00:00.000,66,34408,10326,1216161,1216161,34408,2020-10-11,66,10326,0.00639163277164439,0.00640516197455241,81.4477204419675
Niagara,2020-03-01T00:00:00.000,0,0,0,0,0,0,2020-03-01,0,0,0,0.00258410201559382,0
Niagara,2020-03-02T00:00:00.000,0,0,0,0,0,0,2020-03-02,0,0,0,0.00326398773092104,0
Niagara,2020-03-03T00:00:00.000,0,0,0,0,0,0,2020-03-03,0,0,0,0.00412131888021042,0
Niagara,2020-03-04T00:00:00.000,0,0,0,0,0,0,2020-03-04,0,0,0,0.00520036254710445,0
Niagara,2020-03-05T00:00:00.000,0,0,0,0,0,0,2020-03-05,0,0,0,0.00655462740650863,0
Niagara,2020-03-06T00:00:00.000,0,0,0,0,0,0,2020-03-06,0,0,0,0.00824783107336581,0
Niagara,2020-03-07T00:00:00.000,0,0,0,0,0,0,2020-03-07,0,0,0,0.0103544964071012,0
Niagara,2020-03-08T00:00:00.000,0,0,1,1,1,0,2020-03-08,0,1,0,0.0129599175578791,0
Niagara,2020-03-09T00:00:00.000,0,0,0,1,1,0,2020-03-09,0,0,0,0.0161591822689314,0
Niagara,2020-03-10T00:00:00.000,0,0,0,1,1,0,2020-03-10,0,0,0,0.0200549080926919,0
Niagara,2020-03-11T00:00:00.000,0,0,1,2,2,0,2020-03-11,0,1,0,0.0247533702993536,0
Niagara,2020-03-12T00:00:00.000,0,0,1,3,3,0,2020-03-12,0,1,0,0.0303587944576618,0
Niagara,2020-03-13T00:00:00.000,0,0,0,3,3,0,2020-03-13,0,0,0,0.0369657783529482,0
Niagara,2020-03-14T00:00:00.000,0,0,1,4,4,0,2020-03-14,0,1,0,0.0446501015586062,0
Niagara,2020-03-15T00:00:00.000,0,0,0,4,4,0,2020-03-15,0,0,0,0.0534585532919695,0
Niagara,2020-03-16T00:00:00.000,0,0,1,5,5,0,2020-03-16,0,1,0,0.0633987990442756,0
Niagara,2020-03-17T00:00:00.000,0,0,1,6,6,0,2020-03-17,0,1,0,0.0744306169807836,0
Niagara,2020-03-18T00:00:00.000,1,1,10,16,16,1,2020-03-18,1,10,0.1,0.0864599536595259,1.45627698759291
Niagara,2020-03-19T00:00:00.000,2,3,4,20,20,3,2020-03-19,2,4,0.5,0.0993370838690508,2.84297638351821
Niagara,2020-03-20T00:00:00.000,1,4,6,26,26,4,2020-03-20,1,6,0.166666666666667,0.112859685064539,1.38778655717062
Niagara,2020-03-21T00:00:00.000,2,6,9,35,35,6,2020-03-21,2,9,0.222222222222222,0.126780920551037,2.71013335543223
Niagara,2020-03-22T00:00:00.000,4,10,38,73,73,10,2020-03-22,4,38,0.105263157894737,0.140821823690114,5.29631932856974
Niagara,2020-03-23T00:00:00.000,1,11,15,88,88,11,2020-03-23,1,15,0.0666666666666667,0.154686587317655,1.29495568888435
Niagara,2020-03-24T00:00:00.000,1,12,16,104,104,12,2020-03-24,1,16,0.0625,0.16807896094555,1.26779379146155
Niagara,2020-03-25T00:00:00.000,2,14,10,114,114,14,2020-03-25,2,10,0.2,0.180717927112043,2.50588059746883
Niagara,2020-03-26T00:00:00.000,9,23,55,169,169,23,2020-03-26,9,55,0.163636363636364,0.192351138373657,11.1549381809811
Niagara,2020-03-27T00:00:00.000,10,33,57,226,226,33,2020-03-27,10,57,0.175438596491228,0.202765127703809,12.2686784850285
Niagara,2020-03-28T00:00:00.000,5,38,18,244,244,38,2020-03-28,5,18,0.277777777777778,0.211791899435761,6.08907140146935
Niagara,2020-03-29T00:00:00.000,3,41,6,250,250,41,2020-03-29,3,6,0.5,0.21931202583517,3.65763723665851
Niagara,2020-03-30T00:00:00.000,1,42,15,265,265,42,2020-03-30,1,15,0.0666666666666667,0.225254731606695,1.22577073386269
Niagara,2020-03-31T00:00:00.000,4,46,13,278,278,46,2020-03-31,4,13,0.307692307692308,0.22959562356051,4.92199627948436
Niagara,2020-04-01T00:00:00.000,30,76,89,367,367,76,2020-04-01,30,89,0.337078651685393,0.232352742850718,36.9914285683511
Niagara,2020-04-02T00:00:00.000,18,94,61,428,428,94,2020-04-02,18,61,0.295081967213115,0.233581535127099,21.9228231227278
Niagara,2020-04-03T00:00:00.000,7,101,47,475,475,101,2020-04-03,7,47,0.148936170212766,0.233369205362302,8.42885078788739
Niagara,2020-04-04T00:00:00.000,15,116,54,529,529,116,2020-04-04,15,54,0.277777777777778,0.231828793451056,18.0127482809342
Niagara,2020-04-05T00:00:00.000,4,120,44,573,573,120,2020-04-05,4,44,0.0909090909090909,0.229093201389664,4.78577916221654
Niagara,2020-04-06T00:00:00.000,6,126,44,617,617,126,2020-04-06,6,44,0.136363636363636,0.225309333503613,7.20214798233765
Niagara,2020-04-07T00:00:00.000,8,134,39,656,656,134,2020-04-07,8,39,0.205128205128205,0.220632475522979,9.65524246144435
Niagara,2020-04-08T00:00:00.000,12,146,53,709,709,146,2020-04-08,12,53,0.226415094339623,0.215221026343063,14.5592374711632
Niagara,2020-04-09T00:00:00.000,10,156,79,788,788,156,2020-04-09,10,79,0.126582278481013,0.209231695031976,12.1959817033949
Niagara,2020-04-10T00:00:00.000,11,167,46,834,834,167,2020-04-10,11,46,0.239130434782609,0.202815273136407,13.4838715058905
Niagara,2020-04-11T00:00:00.000,16,183,62,896,896,183,2020-04-11,16,62,0.258064516129032,0.196113080507756,19.725966245322
Niagara,2020-04-12T00:00:00.000,6,189,29,925,925,189,2020-04-12,6,29,0.206896551724138,0.189254158064949,7.47120111273183
Niagara,2020-04-13T00:00:00.000,8,197,48,973,973,197,2020-04-13,8,48,0.166666666666667,0.182353244745677,10.056275495001
Niagara,2020-04-14T00:00:00.000,7,204,57,1030,1030,204,2020-04-14,7,57,0.12280701754386,0.175509532796935,8.87731577387943
Niagara,2020-04-15T00:00:00.000,12,216,82,1112,1112,216,2020-04-15,12,82,0.146341463414634,0.168806152218076,15.3279834407554
Niagara,2020-04-16T00:00:00.000,11,227,56,1168,1168,227,2020-04-16,11,56,0.196428571428571,0.162310297585317,14.1167788710355
Niagara,2020-04-17T00:00:00.000,7,234,53,1221,1221,234,2020-04-17,7,53,0.132075471698113,0.156073883526501,9.01907135060805
Niagara,2020-04-18T00:00:00.000,12,246,69,1290,1290,246,2020-04-18,12,69,0.173913043478261,0.150134600977913,15.5094674589787
Niagara,2020-04-19T00:00:00.000,9,255,48,1338,1338,255,2020-04-19,9,48,0.1875,0.144517245048761,11.6594113753025
Niagara,2020-04-20T00:00:00.000,5,260,53,1391,1391,260,2020-04-20,5,53,0.0943396226415094,0.139235194984751,6.48876563794622
Niagara,2020-04-21T00:00:00.000,8,268,49,1440,1440,268,2020-04-21,8,49,0.163265306122449,0.134291944184237,10.3941676672878
Niagara,2020-04-22T00:00:00.000,27,295,195,1635,1635,295,2020-04-22,27,195,0.138461538461538,0.129682600211751,35.1016697806004
Niagara,2020-04-23T00:00:00.000,37,332,192,1827,1827,332,2020-04-23,37,192,0.192708333333333,0.125395298059171,48.1049449199012
Niagara,2020-04-24T00:00:00.000,12,344,107,1934,1934,344,2020-04-24,12,107,0.11214953271028,0.121412492026488,15.5938021786733
Niagara,2020-04-25T00:00:00.000,24,368,142,2076,2076,368,2020-04-25,24,142,0.169014084507042,0.117712110924289,31.1543799615359
Niagara,2020-04-26T00:00:00.000,10,378,95,2171,2171,378,2020-04-26,10,95,0.105263157894737,0.114268576770138,12.9569256211216
Niagara,2020-04-27T00:00:00.000,8,386,89,2260,2260,386,2020-04-27,8,89,0.0898876404494382,0.111053698571268,10.3386747587041
Niagara,2020-04-28T00:00:00.000,15,401,130,2390,2390,401,2020-04-28,15,130,0.115384615384615,0.108037460125275,19.3217773639943
Niagara,2020-04-29T00:00:00.000,19,420,154,2544,2544,420,2020-04-29,19,154,0.123376623376623,0.105188724513463,24.4622531525181
Niagara,2020-04-30T00:00:00.000,20,440,239,2783,2783,440,2020-04-30,20,239,0.0836820083682008,0.102475878518784,25.8570367926894
Niagara,2020-05-01T00:00:00.000,17,457,269,3052,3052,457,2020-05-01,17,269,0.0631970260223048,0.0998674381208366,22.0683792457924
Niagara,2020-05-02T00:00:00.000,17,474,184,3236,3236,474,2020-05-02,17,184,0.0923913043478261,0.0973326320830851,22.1323759017264
Niagara,2020-05-03T00:00:00.000,19,493,318,3554,3554,493,2020-05-03,19,318,0.059748427672956,0.0948419749021513,24.7617423118018
Niagara,2020-05-04T00:00:00.000,15,508,198,3752,3752,508,2020-05-04,15,198,0.0757575757575758,0.0923678336193663,19.5365677576771
Niagara,2020-05-05T00:00:00.000,41,549,353,4105,4105,549,2020-05-05,41,353,0.11614730878187,0.0898849857413185,53.2956347249624
Niagara,2020-05-06T00:00:00.000,39,588,282,4387,4387,588,2020-05-06,39,282,0.138297872340426,0.0873711582993169,50.5891049170591
Niagara,2020-05-07T00:00:00.000,17,605,257,4644,4644,605,2020-05-07,17,257,0.066147859922179,0.0848075316014904,22.0723830761822
Niagara,2020-05-08T00:00:00.000,22,627,273,4917,4917,627,2020-05-08,22,273,0.0805860805860806,0.0821791860147743,28.6748443726734
Niagara,2020-05-09T00:00:00.000,16,643,359,5276,5276,643,2020-05-09,16,359,0.0445682451253482,0.07947546680003,20.9276501098076
Niagara,2020-05-10T00:00:00.000,12,655,176,5452,5452,655,2020-05-10,12,176,0.0681818181818182,0.0766902410984431,15.744540663084
Niagara,2020-05-11T00:00:00.000,16,671,186,5638,5638,671,2020-05-11,16,186,0.0860215053763441,0.0738220229667206,21.0477846176271
Niagara,2020-05-12T00:00:00.000,19,690,343,5981,5981,690,2020-05-12,19,343,0.0553935860058309,0.0708739470037578,25.1103709155896
Niagara,2020-05-13T00:00:00.000,20,710,330,6311,6311,710,2020-05-13,20,330,0.0606060606060606,0.0678535784560301,26.6343517827271
Niagara,2020-05-14T00:00:00.000,33,743,530,6841,6841,743,2020-05-14,33,530,0.0622641509433962,0.0647725572450467,44.376699224103
Niagara,2020-05-15T00:00:00.000,27,770,383,7224,7224,770,2020-05-15,27,383,0.0704960835509138,0.0616460843352882,36.6254225046301
Niagara,2020-05-16T00:00:00.000,22,792,421,7645,7645,792,2020-05-16,22,421,0.0522565320665083,0.058492270247732,30.0436778389242
Niagara,2020-05-17T00:00:00.000,26,818,325,7970,7970,818,2020-05-17,26,325,0.08,0.0553313760760227,35.6009141788829
Niagara,2020-05-18T00:00:00.000,27,845,271,8241,8241,845,2020-05-18,27,271,0.0996309963099631,0.0521849859405141,37.024372570042
Niagara,2020-05-19T00:00:00.000,13,858,370,8611,8611,858,2020-05-19,13,370,0.0351351351351351,0.0490751553041331,17.8333568673576
Niagara,2020-05-20T00:00:00.000,22,880,540,9151,9151,880,2020-05-20,22,540,0.0407407407407407,0.0460235813432836,30.1948570402851
Niagara,2020-05-21T00:00:00.000,17,897,655,9806,9806,897,2020-05-21,17,655,0.0259541984732824,0.0430508392696192,23.3710265997076
Niagara,2020-05-22T00:00:00.000,30,927,501,10307,10307,927,2020-05-22,30,501,0.0598802395209581,0.0401757224348361,41.2610779340449
Niagara,2020-05-23T00:00:00.000,14,941,355,10662,10662,941,2020-05-23,14,355,0.0394366197183099,0.0374147149196304,19.2389459204649
Niagara,2020-05-24T00:00:00.000,14,955,501,11163,11163,955,2020-05-24,14,501,0.0279441117764471,0.0347816141906453,19.1984142715893
Niagara,2020-05-25T00:00:00.000,10,965,366,11529,11529,965,2020-05-25,10,366,0.0273224043715847,0.0322873096264758,13.664454491933
Niagara,2020-05-26T00:00:00.000,7,972,247,11776,11776,972,2020-05-26,7,247,0.0283400809716599,0.0299397115002162,9.52336674529108
Niagara,2020-05-27T00:00:00.000,12,984,502,12278,12278,984,2020-05-27,12,502,0.0239043824701195,0.0277438155042699,16.2632559175288
Niagara,2020-05-28T00:00:00.000,24,1008,583,12861,12861,1008,2020-05-28,24,583,0.0411663807890223,0.025701880830008,32.3725367781791
Niagara,2020-05-29T00:00:00.000,12,1020,447,13308,13308,1020,2020-05-29,12,447,0.0268456375838926,0.0238136955665128,16.0959770044297
Niagara,2020-05-30T00:00:00.000,17,1037,495,13803,13803,1037,2020-05-30,17,495,0.0343434343434343,0.0220769017215745,22.7979943424872
Niagara,2020-05-31T00:00:00.000,9,1046,420,14223,14223,1046,2020-05-31,9,420,0.0214285714285714,0.0204873531564484,12.120538959779
Niagara,2020-06-01T00:00:00.000,2,1048,485,14708,14708,1048,2020-06-01,2,485,0.00412371134020619,0.0190394825986401,2.70616684027247
Niagara,2020-06-02T00:00:00.000,19,1067,655,15363,15363,1067,2020-06-02,19,655,0.0290076335877863,0.0177266580122094,25.8098710118022
Niagara,2020-06-03T00:00:00.000,18,1085,739,16102,16102,1085,2020-06-03,18,739,0.0243572395128552,0.016541513304224,24.5275861334301
Niagara,2020-06-04T00:00:00.000,14,1099,726,16828,16828,1099,2020-06-04,14,726,0.0192837465564738,0.0154762430785111,19.0508593084421
Niagara,2020-06-05T00:00:00.000,10,1109,999,17827,17827,1109,2020-06-05,10,999,0.01001001001001,0.0145228554973876,13.5762515576917
Niagara,2020-06-06T00:00:00.000,3,1112,521,18348,18348,1112,2020-06-06,3,521,0.00575815738963532,0.0136733809952237,4.06133725596508
Niagara,2020-06-07T00:00:00.000,4,1116,419,18767,18767,1116,2020-06-07,4,419,0.00954653937947494,0.0129200374796028,5.39711101477547
Niagara,2020-06-08T00:00:00.000,9,1125,942,19709,19709,1125,2020-06-08,9,942,0.00955414012738853,0.0122553547371946,12.0974554895443
Niagara,2020-06-09T00:00:00.000,4,1129,510,20219,20219,1129,2020-06-09,4,510,0.00784313725490196,0.0116722620953453,5.35387732457326
Niagara,2020-06-10T00:00:00.000,7,1136,623,20842,20842,1136,2020-06-10,7,623,0.0112359550561798,0.0111641440883756,9.32564312811573
Niagara,2020-06-11T00:00:00.000,7,1143,718,21560,21560,1143,2020-06-11,7,718,0.00974930362116992,0.0107248690815708,9.27840569915487
Niagara,2020-06-12T00:00:00.000,11,1154,630,22190,22190,1154,2020-06-12,11,630,0.0174603174603175,0.0103487956507106,14.5007185129998
Niagara,2020-06-13T00:00:00.000,12,1166,745,22935,22935,1166,2020-06-13,12,745,0.0161073825503356,0.0100307611270715,15.7263948704662
Niagara,2020-06-14T00:00:00.000,3,1169,464,23399,23399,1169,2020-06-14,3,464,0.00646551724137931,0.0097660562060628,3.90706488316755
Niagara,2020-06-15T00:00:00.000,2,1171,424,23823,23823,1171,2020-06-15,2,424,0.00471698113207547,0.00955038896412513,2.58744151107186
Niagara,2020-06-16T00:00:00.000,6,1177,505,24328,24328,1177,2020-06-16,6,505,0.0118811881188119,0.00937984109764641,7.70781716128855
Niagara,2020-06-17T00:00:00.000,6,1183,850,25178,25178,1183,2020-06-17,6,850,0.00705882352941176,0.00925081873028682,7.65064910107499
Niagara,2020-06-18T00:00:00.000,2,1185,977,26155,26155,1185,2020-06-18,2,977,0.00204708290685773,0.00915999975755215,2.53029481173937
Niagara,2020-06-19T00:00:00.000,3,1188,621,26776,26776,1188,2020-06-19,3,621,0.00483091787439614,0.00910427942295314,3.76431313566509
Niagara,2020-06-20T00:00:00.000,4,1192,531,27307,27307,1192,2020-06-20,4,531,0.00753295668549906,0.00908071564636266,4.97602086333373
Niagara,2020-06-21T00:00:00.000,1,1193,402,27709,27709,1193,2020-06-21,1,402,0.00248756218905473,0.00908647554608609,1.23481624289576
Niagara,2020-06-22T00:00:00.000,2,1195,371,28080,28080,1195,2020-06-22,2,371,0.00539083557951483,0.0091187845926985,2.47078009442511
Niagara,2020-06-23T00:00:00.000,4,1199,803,28883,28883,1199,2020-06-23,4,803,0.0049813200498132,0.00917487988168872,4.94368357974554
Niagara,2020-06-24T00:00:00.000,4,1203,963,29846,29846,1203,2020-06-24,4,963,0.00415368639667705,0.00925196908130063,4.94550487567303
Niagara,2020-06-25T00:00:00.000,10,1213,606,30452,30452,1213,2020-06-25,10,606,0.0165016501650165,0.00934719667208738,12.354813934045
Niagara,2020-06-26T00:00:00.000,10,1223,820,31272,31272,1223,2020-06-26,10,820,0.0121951219512195,0.00945761909845034,12.3227858656947
Niagara,2020-06-27T00:00:00.000,3,1226,513,31785,31785,1226,2020-06-27,3,513,0.00584795321637427,0.00958019037580226,3.68589554290283
Niagara,2020-06-28T00:00:00.000,2,1228,385,32170,32170,1228,2020-06-28,2,385,0.00519480519480519,0.0097117594958627,2.44915622846333
Niagara,2020-06-29T00:00:00.000,6,1234,622,32792,32792,1234,2020-06-29,6,622,0.00964630225080386,0.00984908063051495,7.32567103331434
Niagara,2020-06-30T00:00:00.000,3,1237,517,33309,33309,1237,2020-06-30,3,517,0.00580270793036751,0.00998883664061894,3.67408277578933
Niagara,2020-07-01T00:00:00.000,11,1248,987,34296,34296,1248,2020-07-01,11,987,0.011144883485309,0.0101276757556511,13.5262871134047
Niagara,2020-07-02T00:00:00.000,14,1262,763,35059,35059,1262,2020-07-02,14,763,0.018348623853211,0.0102622605348706,17.2645309873308
Niagara,2020-07-03T00:00:00.000,15,1277,683,35742,35742,1277,2020-07-03,15,683,0.0219619326500732,0.0103893274001142,18.4719671939257
Niagara,2020-07-04T00:00:00.000,7,1284,476,36218,36218,1284,2020-07-04,7,476,0.0147058823529412,0.0105057542078987,8.60567221842976
Niagara,2020-07-05T00:00:00.000,6,1290,360,36578,36578,1290,2020-07-05,6,360,0.0166666666666667,0.0106086325917801,7.36026995341693
Niagara,2020-07-06T00:00:00.000,7,1297,442,37020,37020,1297,2020-07-06,7,442,0.0158371040723982,0.0106953412302592,8.56565167486796
Niagara,2020-07-07T00:00:00.000,10,1307,718,37738,37738,1307,2020-07-07,10,718,0.0139275766016713,0.0107636158622052,12.2229681772522
Niagara,2020-07-08T00:00:00.000,8,1315,826,38564,38564,1315,2020-07-08,8,826,0.00968523002421308,0.0108116118367443,9.7637655449829
Niagara,2020-07-09T00:00:00.000,12,1327,835,39399,39399,1327,2020-07-09,12,835,0.0143712574850299,0.0108379552742771,14.6183191156732
Niagara,2020-07-10T00:00:00.000,7,1334,533,39932,39932,1334,2020-07-10,7,533,0.0131332082551595,0.010841779529172,8.50834004900462
Niagara,2020-07-11T00:00:00.000,6,1340,720,40652,40652,1340,2020-07-11,6,720,0.00833333333333333,0.0108227445353814,7.27404220917641
Niagara,2020-07-12T00:00:00.000,2,1342,266,40918,40918,1342,2020-07-12,2,266,0.0075187969924812,0.0107810377113734,2.41761208196299
Niagara,2020-07-13T00:00:00.000,9,1351,685,41603,41603,1351,2020-07-13,9,685,0.0131386861313869,0.0107173563033536,10.8441186668944
Niagara,2020-07-14T00:00:00.000,5,1356,665,42268,42268,1356,2020-07-14,5,665,0.0075187969924812,0.0106328722369619,6.00330362976342
Niagara,2020-07-15T00:00:00.000,8,1364,930,43198,43198,1364,2020-07-15,8,930,0.00860215053763441,0.0105291816292053,9.56894484613558
Niagara,2020-07-16T00:00:00.000,7,1371,933,44131,44131,1371,2020-07-16,7,933,0.007502679528403,0.0104082419782544,8.34676590825295
Niagara,2020-07-17T00:00:00.000,4,1375,419,44550,44550,1375,2020-07-17,4,419,0.00954653937947494,0.0102723006419877,4.76956322435281
Niagara,2020-07-18T00:00:00.000,7,1382,509,45059,45059,1382,2020-07-18,7,509,0.0137524557956778,0.0101238184949675,8.34196460348447
Niagara,2020-07-19T00:00:00.000,2,1384,209,45268,45268,1384,2020-07-19,2,209,0.00956937799043062,0.00996539262246151,2.38070059381686
Niagara,2020-07-20T00:00:00.000,4,1388,640,45908,45908,1388,2020-07-20,4,640,0.00625,0.00979968159848498,4.75034953703142
Niagara,2020-07-21T00:00:00.000,7,1395,736,46644,46644,1395,2020-07-21,7,736,0.00951086956521739,0.00962933636313928,8.26059327633565
Niagara,2020-07-22T00:00:00.000,10,1405,586,47230,47230,1405,2020-07-22,10,586,0.0170648464163823,0.00945693902684139,11.7095157316873
Niagara,2020-07-23T00:00:00.000,3,1408,707,47937,47937,1408,2020-07-23,3,707,0.00424328147100424,0.00928495117394852,3.48146652999805
Niagara,2020-07-24T00:00:00.000,12,1420,1234,49171,49171,1420,2020-07-24,12,1234,0.00972447325769854,0.00911567247459885,13.7886142910687
Niagara,2020-07-25T00:00:00.000,2,1422,503,49674,49674,1422,2020-07-25,2,503,0.00397614314115308,0.00895120971432089,2.28227114536591
Niagara,2020-07-26T00:00:00.000,2,1424,335,50009,50009,1424,2020-07-26,2,335,0.00597014925373134,0.00879345575384262,2.28137838465286
Niagara,2020-07-27T00:00:00.000,0,1424,698,50707,50707,1424,2020-07-27,0,698,0,0.0086440774662405,0
Niagara,2020-07-28T00:00:00.000,6,1430,543,51250,51250,1430,2020-07-28,6,543,0.0110497237569061,0.00850451137648381,6.82203006473921
Niagara,2020-07-29T00:00:00.000,4,1434,860,52110,52110,1434,2020-07-29,4,860,0.00465116279069767,0.00837596554539217,4.54960573650601
Niagara,2020-07-30T00:00:00.000,6,1440,515,52625,52625,1440,2020-07-30,6,515,0.0116504854368932,0.00825942617863371,6.84333986364688
Niagara,2020-07-31T00:00:00.000,4,1444,748,53373,53373,1444,2020-07-31,4,748,0.0053475935828877,0.00815566748829243,4.57459999374034
Niagara,2020-08-01T00:00:00.000,2,1446,519,53892,53892,1446,2020-08-01,2,519,0.00385356454720617,0.00806526345537052,2.29331955369963
Niagara,2020-08-02T00:00:00.000,3,1449,314,54206,54206,1449,2020-08-02,3,314,0.00955414012738853,0.00798860032274113,3.44693421344901
Niagara,2020-08-03T00:00:00.000,9,1458,996,55202,55202,1458,2020-08-03,9,996,0.00903614457831325,0.00792588886190037,10.3468371948025
Niagara,2020-08-04T00:00:00.000,8,1466,1332,56534,56534,1466,2020-08-04,8,1332,0.00600600600600601,0.00787717568691746,9.20086891156615
Niagara,2020-08-05T00:00:00.000,4,1470,639,57173,57173,1470,2020-08-05,4,639,0.00625978090766823,0.00784235312295754,4.60217278811201
Niagara,2020-08-06T00:00:00.000,21,1491,646,57819,57819,1491,2020-08-06,21,646,0.0325077399380805,0.0078211673647561,24.1626257564113
Niagara,2020-08-07T00:00:00.000,3,1494,997,58816,58816,1494,2020-08-07,3,997,0.00300902708124373,0.0078132248718518,3.44878367104026
Niagara,2020-08-08T00:00:00.000,4,1498,462,59278,59278,1498,2020-08-08,4,462,0.00865800865800866,0.00781799714388834,4.60254204965418
Niagara,2020-08-09T00:00:00.000,2,1500,283,59561,59561,1500,2020-08-09,2,283,0.00706713780918728,0.00783482419377157,2.30449738336799
Niagara,2020-08-10T00:00:00.000,12,1512,925,60486,60486,1512,2020-08-10,12,925,0.012972972972973,0.00786291718488372,13.8392279759991
Niagara,2020-08-11T00:00:00.000,2,1514,652,61138,61138,1514,2020-08-11,2,652,0.00306748466257669,0.00790136082348268,2.30741769679654
Niagara,2020-08-12T00:00:00.000,4,1518,551,61689,61689,1518,2020-08-12,4,551,0.00725952813067151,0.00794911618845021,4.61435023695399
Niagara,2020-08-13T00:00:00.000,6,1524,821,62510,62510,1524,2020-08-13,6,821,0.00730816077953715,0.00800502473638753,6.91758219907019
Niagara,2020-08-14T00:00:00.000,5,1529,597,63107,63107,1529,2020-08-14,5,597,0.00837520938023451,0.00806781423522831,5.75867343045409
Niagara,2020-08-15T00:00:00.000,3,1532,573,63680,63680,1532,2020-08-15,3,573,0.00523560209424084,0.00813610734759283,3.46014222773537
Niagara,2020-08-16T00:00:00.000,0,1532,319,63999,63999,1532,2020-08-16,0,319,0,0.00820843349910468,0
Niagara,2020-08-17T00:00:00.000,3,1535,459,64458,64458,1535,2020-08-17,3,459,0.0065359477124183,0.00828324453117792,3.47586835576601
Niagara,2020-08-18T00:00:00.000,9,1544,590,65048,65048,1544,2020-08-18,9,590,0.0152542372881356,0.00835893444352128,10.4616283809012
Niagara,2020-08-19T00:00:00.000,3,1547,757,65805,65805,1547,2020-08-19,3,757,0.00396301188903567,0.00843386329101054,3.49706890153368
Niagara,2020-08-20T00:00:00.000,9,1556,768,66573,66573,1556,2020-08-20,9,768,0.01171875,0.00850638502157389,10.5157604941777
Niagara,2020-08-21T00:00:00.000,10,1566,683,67256,67256,1566,2020-08-21,10,683,0.0146412884333821,0.0085748787381692,11.7052764336595
Niagara,2020-08-22T00:00:00.000,9,1575,646,67902,67902,1575,2020-08-22,9,646,0.0139318885448916,0.00863778256324531,10.5476764897497
Niagara,2020-08-23T00:00:00.000,1,1576,286,68188,68188,1576,2020-08-23,1,286,0.0034965034965035,0.00869362900452585,1.17253218808541
Niagara,2020-08-24T00:00:00.000,10,1586,591,68779,68779,1586,2020-08-24,10,591,0.0169204737732657,0.00874108048310256,11.7056259157033
Niagara,2020-08-25T00:00:00.000,4,1590,520,69299,69299,1590,2020-08-25,4,520,0.00769230769230769,0.00877896352719859,4.67122836879935
Niagara,2020-08-26T00:00:00.000,5,1595,913,70212,70212,1595,2020-08-26,5,913,0.00547645125958379,0.00880630006517796,5.83216609086931
Niagara,2020-08-27T00:00:00.000,5,1600,734,70946,70946,1600,2020-08-27,5,734,0.00681198910081744,0.00882233429309372,5.82740806135912
Niagara,2020-08-28T00:00:00.000,5,1605,605,71551,71551,1605,2020-08-28,5,605,0.00826446280991736,0.0088265537426756,5.82041038279491
Niagara,2020-08-29T00:00:00.000,7,1612,957,72508,72508,1612,2020-08-29,7,957,0.00731452455590387,0.00881870343579664,8.14683960162201
Niagara,2020-08-30T00:00:00.000,6,1618,532,73040,73040,1618,2020-08-30,6,532,0.0112781954887218,0.00879879235562793,6.97682177287147
Niagara,2020-08-31T00:00:00.000,8,1626,856,73896,73896,1626,2020-08-31,8,856,0.00934579439252336,0.00876709187669492,9.3037252497503
Niagara,2020-09-01T00:00:00.000,6,1632,895,74791,74791,1632,2020-09-01,6,895,0.00670391061452514,0.00872412623346816,6.99284678065276
Niagara,2020-09-02T00:00:00.000,3,1635,789,75580,75580,1635,2020-09-02,3,789,0.00380228136882129,0.0086706555405991,3.51886738299722
Niagara,2020-09-03T00:00:00.000,3,1638,767,76347,76347,1638,2020-09-03,3,767,0.00391134289439374,0.00860765226709827,3.54119619350128
Niagara,2020-09-04T00:00:00.000,5,1643,806,77153,77153,1643,2020-09-04,5,806,0.00620347394540943,0.00853627238570094,5.92382640042606
Niagara,2020-09-05T00:00:00.000,7,1650,503,77656,77656,1650,2020-09-05,7,503,0.0139165009940358,0.00845782263932664,8.31146165496223
Niagara,2020-09-06T00:00:00.000,4,1654,394,78050,78050,1654,2020-09-06,4,394,0.0101522842639594,0.00837372548131968,4.75735247074925
Niagara,2020-09-07T00:00:00.000,5,1659,547,78597,78597,1659,2020-09-07,5,547,0.00914076782449726,0.00828548324905443,5.95437959954904
Niagara,2020-09-08T00:00:00.000,4,1663,502,79099,79099,1663,2020-09-08,4,502,0.00796812749003984,0.00819464303358385,4.76786938447042
Niagara,2020-09-09T00:00:00.000,3,1666,637,79736,79736,1666,2020-09-09,3,637,0.00470957613814757,0.00810276352310195,3.57788089697689
Niagara,2020-09-10T00:00:00.000,5,1671,724,80460,80460,1671,2020-09-10,5,724,0.0069060773480663,0.0080113848544619,5.96439961368757
Niagara,2020-09-11T00:00:00.000,7,1678,743,81203,81203,1678,2020-09-11,7,743,0.00942126514131898,0.00792200222230455,8.38457865021413
Niagara,2020-09-12T00:00:00.000,7,1685,585,81788,81788,1685,2020-09-12,7,585,0.011965811965812,0.00783604370189564,8.42194794530413
Niagara,2020-09-13T00:00:00.000,4,1689,420,82208,82208,1689,2020-09-13,4,420,0.00952380952380952,0.00775485245695072,4.83316505275954
Niagara,2020-09-14T00:00:00.000,4,1693,679,82887,82887,1693,2020-09-14,4,679,0.00589101620029455,0.00767967325052647,4.85277089737237
Niagara,2020-09-15T00:00:00.000,1,1694,445,83332,83332,1694,2020-09-15,1,445,0.00224719101123596,0.00761164296403479,1.21776113793645
Niagara,2020-09-16T00:00:00.000,9,1703,1145,84477,84477,1703,2020-09-16,9,1145,0.00786026200873362,0.00755178466911848,10.9971989429024
Niagara,2020-09-17T00:00:00.000,4,1707,486,84963,84963,1707,2020-09-17,4,486,0.00823045267489712,0.00750100468845936,4.90220116011503
Niagara,2020-09-18T00:00:00.000,7,1714,772,85735,85735,1714,2020-09-18,7,772,0.00906735751295337,0.00746009202453362,8.60006895351673
Niagara,2020-09-19T00:00:00.000,10,1724,1161,86896,86896,1724,2020-09-19,10,1161,0.00861326442721792,0.00742971952677935,12.3090172871951
Niagara,2020-09-20T00:00:00.000,4,1728,444,87340,87340,1728,2020-09-20,4,444,0.00900900900900901,0.00741044619597741,4.9286275247714
Niagara,2020-09-21T00:00:00.000,5,1733,564,87904,87904,1733,2020-09-21,5,564,0.00886524822695036,0.00740272009140153,6.16050064031617
Niagara,2020-09-22T00:00:00.000,8,1741,711,88615,88615,1741,2020-09-22,8,711,0.0112517580872011,0.00740688139220877,9.84776342674282
Niagara,2020-09-23T00:00:00.000,15,1756,884,89499,89499,1756,2020-09-23,15,884,0.0169683257918552,0.00742316527491686,18.4302703789669
Niagara,2020-09-24T00:00:00.000,10,1766,981,90480,90480,1766,2020-09-24,10,981,0.0101936799184506,0.00745170438845718,12.3177274516175
Niagara,2020-09-25T00:00:00.000,7,1773,609,91089,91089,1773,2020-09-25,7,609,0.0114942528735632,0.00749253083560403,8.62694034958667
Niagara,2020-09-26T00:00:00.000,4,1777,990,92079,92079,1777,2020-09-26,4,990,0.00404040404040404,0.00754557770184295,4.92736773449886
Niagara,2020-09-27T00:00:00.000,3,1780,548,92627,92627,1780,2020-09-27,3,548,0.00547445255474453,0.00761068030152054,3.69044515888064
Niagara,2020-09-28T00:00:00.000,3,1783,1727,94354,94354,1783,2020-09-28,3,1727,0.00173711638679792,0.00768757743546917,3.6796287338674
Niagara,2020-09-29T00:00:00.000,5,1788,1119,95473,95473,1788,2020-09-29,5,1119,0.00446827524575514,0.00777591307049508,6.10773127409561
Niagara,2020-09-30T00:00:00.000,11,1799,1127,96600,96600,1799,2020-09-30,11,1127,0.00976042590949423,0.0078752389502115,13.3686422038171
Niagara,2020-10-01T00:00:00.000,10,1809,1480,98080,98080,1809,2020-10-01,10,1480,0.00675675675675676,0.00798501872917179,12.0792733233837
Niagara,2020-10-02T00:00:00.000,4,1813,1139,99219,99219,1813,2020-10-02,4,1139,0.00351185250219491,0.0081046342779353,4.80996737075029
Niagara,2020-10-03T00:00:00.000,15,1828,1260,100479,100479,1828,2020-10-03,15,1260,0.0119047619047619,0.00823339483118255,18.0995023624195
Niagara,2020-10-04T00:00:00.000,6,1834,738,101217,101217,1834,2020-10-04,6,738,0.00813008130081301,0.00837054964150383,7.29068917959652
Niagara,2020-10-05T00:00:00.000,6,1840,906,102123,102123,1840,2020-10-05,6,906,0.00662251655629139,0.00851530475205573,7.34790515976972
Niagara,2020-10-06T00:00:00.000,2,1842,640,102763,102763,1842,2020-10-06,2,640,0.003125,0.00866684441279691,2.46866729072747
Niagara,2020-10-07T00:00:00.000,13,1855,1305,104068,104068,1855,2020-10-07,13,1305,0.00996168582375479,0.00882435754146964,16.1735807026546
Niagara,2020-10-08T00:00:00.000,17,1872,1448,105516,105516,1872,2020-10-08,17,1448,0.0117403314917127,0.00898706947922398,21.3176200213355
Niagara,2020-10-09T00:00:00.000,10,1882,890,106406,106406,1882,2020-10-09,10,890,0.0112359550561798,0.00915427912569256,12.6387037268304
Niagara,2020-10-10T00:00:00.000,13,1895,870,107276,107276,1895,2020-10-10,13,870,0.0149425287356322,0.00932540137989255,16.5590722622884
Niagara,2020-10-11T00:00:00.000,7,1902,1159,108435,108435,1902,2020-10-11,7,1159,0.00603968938740293,0.00950001468458283,8.98571115762983
Oneida,2020-03-01T00:00:00.000,0,0,0,0,0,0,2020-03-01,0,0,0,0.0419553677555613,0
Oneida,2020-03-02T00:00:00.000,0,0,0,0,0,0,2020-03-02,0,0,0,0.0437761628520137,0
Oneida,2020-03-03T00:00:00.000,0,0,0,0,0,0,2020-03-03,0,0,0,0.0456724254798976,0
Oneida,2020-03-04T00:00:00.000,0,0,2,2,2,0,2020-03-04,0,2,0,0.0476472910078453,0
Oneida,2020-03-05T00:00:00.000,0,0,0,2,2,0,2020-03-05,0,0,0,0.049704109801711,0
Oneida,2020-03-06T00:00:00.000,0,0,0,2,2,0,2020-03-06,0,0,0,0.0518464075768991,0
Oneida,2020-03-07T00:00:00.000,0,0,0,2,2,0,2020-03-07,0,0,0,0.0540778348812211,0
Oneida,2020-03-08T00:00:00.000,0,0,0,2,2,0,2020-03-08,0,0,0,0.0564021048046033,0
Oneida,2020-03-09T00:00:00.000,0,0,0,2,2,0,2020-03-09,0,0,0,0.0588229180775026,0
Oneida,2020-03-10T00:00:00.000,0,0,0,2,2,0,2020-03-10,0,0,0,0.0613438748168502,0
Oneida,2020-03-11T00:00:00.000,0,0,1,3,3,0,2020-03-11,0,1,0,0.0639683723173159,0
Oneida,2020-03-12T00:00:00.000,0,0,1,4,4,0,2020-03-12,0,1,0,0.0666994884816596,0
Oneida,2020-03-13T00:00:00.000,0,0,1,5,5,0,2020-03-13,0,1,0,0.0695398507495543,0
Oneida,2020-03-14T00:00:00.000,0,0,1,6,6,0,2020-03-14,0,1,0,0.0724914907327542,0
Oneida,2020-03-15T00:00:00.000,0,0,3,9,9,0,2020-03-15,0,3,0,0.0755556852078624,0
Oneida,2020-03-16T00:00:00.000,0,0,1,10,10,0,2020-03-16,0,1,0,0.0787327846615186,0
Oneida,2020-03-17T00:00:00.000,0,0,4,14,14,0,2020-03-17,0,4,0,0.0820220312315224,0
Oneida,2020-03-18T00:00:00.000,2,2,14,28,28,2,2020-03-18,2,14,0.142857142857143,0.0854213686324688,2.90903626353124
Oneida,2020-03-19T00:00:00.000,0,2,7,35,35,2,2020-03-19,0,7,0,0.0889272474846235,0
Oneida,2020-03-20T00:00:00.000,2,4,59,94,94,4,2020-03-20,2,59,0.0338983050847458,0.0925344303516397,2.72100364910242
Oneida,2020-03-21T00:00:00.000,1,5,30,124,124,5,2020-03-21,1,30,0.0333333333333333,0.0962358017018965,1.31822317507856
Oneida,2020-03-22T00:00:00.000,2,7,36,160,160,7,2020-03-22,2,36,0.0555555555555556,0.100022188888782,2.55909733939015
Oneida,2020-03-23T00:00:00.000,1,8,24,184,184,8,2020-03-23,1,24,0.0416666666666667,0.103882201039609,1.24441075623613
Oneida,2020-03-24T00:00:00.000,1,9,48,232,232,9,2020-03-24,1,48,0.0208333333333333,0.107802093382024,1.21271850516624
Oneida,2020-03-25T00:00:00.000,4,13,22,254,254,13,2020-03-25,4,22,0.181818181818182,0.111765664950783,4.77662432692616
Oneida,2020-03-26T00:00:00.000,0,13,41,295,295,13,2020-03-26,0,41,0,0.115754197736645,0
Oneida,2020-03-27T00:00:00.000,10,23,43,338,338,23,2020-03-27,10,43,0.232558139534884,0.119746445101735,11.6392426376822
Oneida,2020-03-28T00:00:00.000,3,26,26,364,364,26,2020-03-28,3,26,0.115384615384615,0.123718676647205,3.46222197971487
Oneida,2020-03-29T00:00:00.000,8,34,26,390,390,34,2020-03-29,8,26,0.307692307692308,0.127644785657596,9.23981818476232
Oneida,2020-03-30T00:00:00.000,6,40,57,447,447,40,2020-03-30,6,57,0.105263157894737,0.131496463766438,6.96922544500718
Oneida,2020-03-31T00:00:00.000,10,50,58,505,505,50,2020-03-31,10,58,0.172413793103448,0.135243445628617,11.6706904978837
Oneida,2020-04-01T00:00:00.000,11,61,82,587,587,61,2020-04-01,11,82,0.134146341463415,0.138853824214548,12.8828971081845
Oneida,2020-04-02T00:00:00.000,10,71,77,664,664,71,2020-04-02,10,77,0.12987012987013,0.142294434955855,11.5904131094856
Oneida,2020-04-03T00:00:00.000,9,80,58,722,722,80,2020-04-03,9,58,0.155172413793103,0.145531304488035,10.337228652811
Oneida,2020-04-04T00:00:00.000,7,87,55,777,777,87,2020-04-04,7,55,0.127272727272727,0.148530157278385,8.03991556036201
Oneida,2020-04-05T00:00:00.000,13,100,87,864,864,100,2020-04-05,13,87,0.149425287356322,0.151256971117982,14.9212887669293
Oneida,2020-04-06T00:00:00.000,18,118,90,954,954,118,2020-04-06,18,90,0.2,0.153678570401847,20.7953726939013
Oneida,2020-04-07T00:00:00.000,7,125,59,1013,1013,125,2020-04-07,7,59,0.11864406779661,0.155763244402515,8.15926036604112
Oneida,2020-04-08T00:00:00.000,33,158,104,1117,1117,158,2020-04-08,33,104,0.317307692307692,0.157481376406161,38.8066160659291
Oneida,2020-04-09T00:00:00.000,14,172,85,1202,1202,172,2020-04-09,14,85,0.164705882352941,0.158806068643363,16.6099667072652
Oneida,2020-04-10T00:00:00.000,9,181,42,1244,1244,181,2020-04-10,9,42,0.214285714285714,0.159713747395347,10.7718077531029
Oneida,2020-04-11T00:00:00.000,14,195,83,1327,1327,195,2020-04-11,14,83,0.168674698795181,0.160184732456617,16.914446648031
Oneida,2020-04-12T00:00:00.000,11,206,61,1388,1388,206,2020-04-12,11,61,0.180327868852459,0.160203755252664,13.4708372148118
Oneida,2020-04-13T00:00:00.000,23,229,100,1488,1488,229,2020-04-13,23,100,0.23,0.159760410313542,28.5318924760732
Oneida,2020-04-14T00:00:00.000,17,246,79,1567,1567,246,2020-04-14,17,79,0.215189873417722,0.158849525490838,21.345241409117
Oneida,2020-04-15T00:00:00.000,3,249,32,1599,1599,249,2020-04-15,3,32,0.09375,0.157471437298735,3.80545318259544
Oneida,2020-04-16T00:00:00.000,12,261,82,1681,1681,261,2020-04-16,12,82,0.146341463414634,0.155632159124886,15.3355550604447
Oneida,2020-04-17T00:00:00.000,7,268,85,1766,1766,268,2020-04-17,7,85,0.0823529411764706,0.153343431878002,9.00316722592197
Oneida,2020-04-18T00:00:00.000,7,275,52,1818,1818,275,2020-04-18,7,52,0.134615384615385,0.150622649019328,9.05012606066534
Oneida,2020-04-19T00:00:00.000,4,279,75,1893,1893,279,2020-04-19,4,75,0.0533333333333333,0.147492650952264,5.19253195986666
Oneida,2020-04-20T00:00:00.000,5,284,133,2026,2026,284,2020-04-20,5,133,0.037593984962406,0.143981387464573,6.51055213877677
Oneida,2020-04-21T00:00:00.000,17,301,117,2143,2143,301,2020-04-21,17,117,0.145299145299145,0.140121451312896,22.1816638255412
Oneida,2020-04-22T00:00:00.000,16,317,174,2317,2317,317,2020-04-22,16,174,0.0919540229885057,0.13594949099086,20.899388654238
Oneida,2020-04-23T00:00:00.000,6,323,67,2384,2384,323,2020-04-23,6,67,0.0895522388059701,0.131505516010262,7.83800470424759
Oneida,2020-04-24T00:00:00.000,41,364,401,2785,2785,364,2020-04-24,41,401,0.102244389027431,0.126832113323736,53.5120041646844
Oneida,2020-04-25T00:00:00.000,20,384,112,2897,2897,384,2020-04-25,20,112,0.178571428571429,0.121973598417214,26.054475514171
Oneida,2020-04-26T00:00:00.000,13,397,128,3025,3025,397,2020-04-26,13,128,0.1015625,0.116975128654795,16.8834808416456
Oneida,2020-04-27T00:00:00.000,14,411,132,3157,3157,411,2020-04-27,14,132,0.106060606060606,0.111881809228608,18.1061272075882
Oneida,2020-04-28T00:00:00.000,11,422,124,3281,3281,422,2020-04-28,11,124,0.0887096774193548,0.106737823195305,14.1521654544818
Oneida,2020-04-29T00:00:00.000,17,439,145,3426,3426,439,2020-04-29,17,145,0.117241379310345,0.101585616339415,21.8111256551007
Oneida,2020-04-30T00:00:00.000,12,451,149,3575,3575,451,2020-04-30,12,149,0.0805369127516778,0.09646516494492,15.4207284616996
Oneida,2020-05-01T00:00:00.000,23,474,185,3760,3760,474,2020-05-01,23,185,0.124324324324324,0.0914133501265083,29.5942899826096
Oneida,2020-05-02T00:00:00.000,15,489,149,3909,3909,489,2020-05-02,15,149,0.100671140939597,0.0864634565038681,19.298688133221
Oneida,2020-05-03T00:00:00.000,61,550,241,4150,4150,550,2020-05-03,61,241,0.253112033195021,0.0816448061805951,78.3159519273199
Oneida,2020-05-04T00:00:00.000,24,574,247,4397,4397,574,2020-05-04,24,247,0.097165991902834,0.0769825317840136,30.6941346388286
Oneida,2020-05-05T00:00:00.000,5,579,234,4631,4631,579,2020-05-05,5,234,0.0213675213675214,0.07249748532254,6.3612339089259
Oneida,2020-05-06T00:00:00.000,30,609,375,5006,5006,609,2020-05-06,30,375,0.08,0.0682062733585971,37.9628899451175
Oneida,2020-05-07T00:00:00.000,11,620,323,5329,5329,620,2020-05-07,11,323,0.0340557275541796,0.0641214038978592,13.8883242897803
Oneida,2020-05-08T00:00:00.000,18,638,296,5625,5625,638,2020-05-08,18,296,0.0608108108108108,0.060251526732506,22.7442445279309
Oneida,2020-05-09T00:00:00.000,22,660,329,5954,5954,660,2020-05-09,22,329,0.0668693009118541,0.0566017468527063,27.8152417334297
Oneida,2020-05-10T00:00:00.000,9,669,269,6223,6223,669,2020-05-10,9,269,0.033457249070632,0.0531739899088257,11.3837977917953
Oneida,2020-05-11T00:00:00.000,7,676,161,6384,6384,676,2020-05-11,7,161,0.0434782608695652,0.0499673993925279,8.85593721221178
Oneida,2020-05-12T00:00:00.000,10,686,397,6781,6781,686,2020-05-12,10,397,0.0251889168765743,0.0469787469460191,12.6835553325763
Oneida,2020-05-13T00:00:00.000,12,698,376,7157,7157,698,2020-05-13,12,376,0.0319148936170213,0.0442028396992308,15.310209142027
Oneida,2020-05-14T00:00:00.000,15,713,268,7425,7425,713,2020-05-14,15,268,0.0559701492537313,0.0416329114641181,19.2990925598584
Oneida,2020-05-15T00:00:00.000,38,751,342,7767,7767,751,2020-05-15,38,342,0.111111111111111,0.0392609876998783,49.2728914321349
Oneida,2020-05-16T00:00:00.000,9,760,209,7976,7976,760,2020-05-16,9,209,0.0430622009569378,0.0370782171669381,11.742889157982
Oneida,2020-05-17T00:00:00.000,12,772,318,8294,8294,772,2020-05-17,12,318,0.0377358490566038,0.03507516593533,15.6989958461922
Oneida,2020-05-18T00:00:00.000,13,785,326,8620,8620,785,2020-05-18,13,326,0.0398773006134969,0.0332420717884648,17.0404691310539
Oneida,2020-05-19T00:00:00.000,17,802,775,9395,9395,802,2020-05-19,17,775,0.0219354838709677,0.031569059007605,22.3140635147003
Oneida,2020-05-20T00:00:00.000,15,817,779,10174,10174,817,2020-05-20,15,779,0.0192554557124519,0.0300463150212147,19.7279807995289
Oneida,2020-05-21T00:00:00.000,11,828,815,10989,10989,828,2020-05-21,11,815,0.0134969325153374,0.0286642314795984,14.5196925858101
Oneida,2020-05-22T00:00:00.000,36,864,1305,12294,12294,864,2020-05-22,36,1305,0.0275862068965517,0.0274135130133415,47.6564749684435
Oneida,2020-05-23T00:00:00.000,14,878,659,12953,12953,878,2020-05-23,14,659,0.0212443095599393,0.0262852573128604,18.5715543272707
Oneida,2020-05-24T00:00:00.000,27,905,930,13883,13883,905,2020-05-24,27,930,0.0290322580645161,0.0252710102894656,35.8614936690424
Oneida,2020-05-25T00:00:00.000,12,917,427,14310,14310,917,2020-05-25,12,427,0.0281030444964871,0.0243628000073944,15.9420100588473
Oneida,2020-05-26T00:00:00.000,12,929,488,14798,14798,929,2020-05-26,12,488,0.0245901639344262,0.0235531528687277,15.9387353418213
Oneida,2020-05-27T00:00:00.000,30,959,927,15725,15725,959,2020-05-27,30,927,0.0323624595469256,0.0228350952371237,39.8741252493356
Oneida,2020-05-28T00:00:00.000,29,988,1284,17009,17009,988,2020-05-28,29,1284,0.0225856697819315,0.02220214334278,38.5484117139168
Oneida,2020-05-29T00:00:00.000,18,1006,757,17766,17766,1006,2020-05-29,18,757,0.023778071334214,0.0216482839509455,23.9148835135157
Oneida,2020-05-30T00:00:00.000,21,1027,1108,18874,18874,1027,2020-05-30,21,1108,0.0189530685920578,0.0211679479233611,28.0440723143971
Oneida,2020-05-31T00:00:00.000,9,1036,677,19551,19551,1036,2020-05-31,9,677,0.0132939438700148,0.0207559784724962,12.1363381259394
Oneida,2020-06-01T00:00:00.000,13,1049,613,20164,20164,1049,2020-06-01,13,613,0.0212071778140294,0.0204075956132005,17.7125706112258
Oneida,2020-06-02T00:00:00.000,9,1058,1128,21292,21292,1058,2020-06-02,9,1128,0.00797872340425532,0.0201183580610621,12.3814443300038
Oneida,2020-06-03T00:00:00.000,11,1069,892,22184,22184,1069,2020-06-03,11,892,0.0123318385650224,0.0198841236140068,15.267506414494
Oneida,2020-06-04T00:00:00.000,8,1077,1050,23234,23234,1077,2020-06-04,8,1050,0.00761904761904762,0.0197010088829946,11.152155426298
Oneida,2020-06-05T00:00:00.000,50,1127,1505,24739,24739,1127,2020-06-05,50,1505,0.0332225913621262,0.0195653491065128,69.9348164542694
Oneida,2020-06-06T00:00:00.000,16,1143,1276,26015,26015,1143,2020-06-06,16,1276,0.0125391849529781,0.0194736586883444,22.440108212773
Oneida,2020-06-07T00:00:00.000,27,1170,1207,27222,27222,1170,2020-06-07,27,1207,0.0223695111847556,0.0194225930336668,37.9463027892103
Oneida,2020-06-08T00:00:00.000,15,1185,569,27791,27791,1185,2020-06-08,15,569,0.0263620386643234,0.0194089122192409,21.1110732875091
Oneida,2020-06-09T00:00:00.000,18,1203,806,28597,28597,1203,2020-06-09,18,806,0.0223325062034739,0.0194294470130113,25.3519558879996
Oneida,2020-06-10T00:00:00.000,13,1216,970,29567,29567,1216,2020-06-10,13,970,0.0134020618556701,0.0194810677503569,18.3106110104813
Oneida,2020-06-11T00:00:00.000,21,1237,1900,31467,31467,1237,2020-06-11,21,1900,0.0110526315789474,0.0195606565715003,29.5592734917308
Oneida,2020-06-12T00:00:00.000,16,1253,1048,32515,32515,1253,2020-06-12,16,1048,0.0152671755725191,0.0196650835205399,22.4904123472433
Oneida,2020-06-13T00:00:00.000,20,1273,978,33493,33493,1273,2020-06-13,20,978,0.0204498977505112,0.0197911869946192,28.0538015872087
Oneida,2020-06-14T00:00:00.000,7,1280,517,34010,34010,1280,2020-06-14,7,517,0.0135396518375242,0.0199357590057858,9.79081319122776
Oneida,2020-06-15T00:00:00.000,21,1301,719,34729,34729,1301,2020-06-15,21,719,0.0292072322670376,0.0200955356729641,29.2662914492768
Oneida,2020-06-16T00:00:00.000,6,1307,675,35404,35404,1307,2020-06-16,6,675,0.00888888888888889,0.0202671932929949,8.32513370066675
Oneida,2020-06-17T00:00:00.000,25,1332,1218,36622,36622,1332,2020-06-17,25,1218,0.0205254515599343,0.0204473502454276,34.5090281036613
Oneida,2020-06-18T00:00:00.000,25,1357,1010,37632,37632,1357,2020-06-18,25,1010,0.0247524752475248,0.020632574864891,34.3041714883625
Oneida,2020-06-19T00:00:00.000,21,1378,786,38418,38418,1378,2020-06-19,21,786,0.0267175572519084,0.0208193992686824,28.6223998717416
Oneida,2020-06-20T00:00:00.000,15,1393,679,39097,39097,1393,2020-06-20,15,679,0.0220913107511046,0.0210043389593519,20.2923504728307
Oneida,2020-06-21T00:00:00.000,23,1416,1126,40223,40223,1416,2020-06-21,23,1126,0.0204262877442274,0.0211839178380697,30.9094481783636
Oneida,2020-06-22T00:00:00.000,5,1421,558,40781,40781,1421,2020-06-22,5,558,0.00896057347670251,0.0213546980722481,6.72558011510275
Oneida,2020-06-23T00:00:00.000,24,1445,802,41583,41583,1445,2020-06-23,24,802,0.029925187032419,0.0215133140695335,32.3007502183337
Oneida,2020-06-24T00:00:00.000,34,1479,1082,42665,42665,1479,2020-06-24,34,1082,0.0314232902033272,0.0216565096304195,45.76832188098
Oneida,2020-06-25T00:00:00.000,41,1520,2025,44690,44690,1520,2020-06-25,41,2025,0.0202469135802469,0.0217811771939626,55.1264546640827
Oneida,2020-06-26T00:00:00.000,27,1547,664,45354,45354,1547,2020-06-26,27,664,0.0406626506024096,0.021884397966396,36.1832809559476
Oneida,2020-06-27T00:00:00.000,39,1586,926,46280,46280,1586,2020-06-27,39,926,0.0421166306695464,0.0219634816395145,52.0617881008123
Oneida,2020-06-28T00:00:00.000,30,1616,748,47028,47028,1616,2020-06-28,30,748,0.0401069518716578,0.0220160043724999,39.8705114316004
Oneida,2020-06-29T00:00:00.000,11,1627,626,47654,47654,1627,2020-06-29,11,626,0.0175718849840256,0.022039843731758,14.5569412387672
Oneida,2020-06-30T00:00:00.000,15,1642,746,48400,48400,1642,2020-06-30,15,746,0.0201072386058981,0.0220332093600381,19.8826938768941
Oneida,2020-07-01T00:00:00.000,30,1672,1005,49405,49405,1672,2020-07-01,30,1005,0.0298507462686567,0.0219946682770198,39.8646480288923
Oneida,2020-07-02T00:00:00.000,36,1708,894,50299,50299,1708,2020-07-02,36,894,0.0402684563758389,0.0219231638934058,47.8955615193154
Oneida,2020-07-03T00:00:00.000,17,1725,855,51154,51154,1725,2020-07-03,17,855,0.0198830409356725,0.021818028041237,22.5472519208738
Oneida,2020-07-04T00:00:00.000,17,1742,790,51944,51944,1742,2020-07-04,17,790,0.0215189873417722,0.0216789855740958,22.4696782477951
Oneida,2020-07-05T00:00:00.000,7,1749,544,52488,52488,1749,2020-07-05,7,544,0.0128676470588235,0.0215061513591959,9.2157537543187
Oneida,2020-07-06T00:00:00.000,11,1760,593,53081,53081,1760,2020-07-06,11,593,0.0185497470489039,0.0213000197559356,14.4202766046122
Oneida,2020-07-07T00:00:00.000,16,1776,1015,54096,54096,1776,2020-07-07,16,1015,0.0157635467980296,0.0210614469384804,20.9146049219265
Oneida,2020-07-08T00:00:00.000,15,1791,1323,55419,55419,1791,2020-07-08,15,1323,0.0113378684807256,0.0207916266607744,19.544223330276
Oneida,2020-07-09T00:00:00.000,15,1806,1226,56645,56645,1806,2020-07-09,15,1226,0.0122349102773246,0.0204920602700929,19.4747225102022
Oneida,2020-07-10T00:00:00.000,12,1818,1388,58033,58033,1818,2020-07-10,12,1388,0.00864553314121038,0.0201645219409865,15.519466247797
Oneida,2020-07-11T00:00:00.000,5,1823,635,58668,58668,1823,2020-07-11,5,635,0.0078740157480315,0.0198110202195373,6.43949060860128
Oneida,2020-07-12T00:00:00.000,7,1830,559,59227,59227,1830,2020-07-12,7,559,0.0125223613595707,0.0194337570352131,8.97520303947733
Oneida,2020-07-13T00:00:00.000,17,1847,947,60174,60174,1847,2020-07-13,17,947,0.0179514255543823,0.0190350853542978,21.694387306157
Oneida,2020-07-14T00:00:00.000,13,1860,862,61036,61036,1860,2020-07-14,13,862,0.0150812064965197,0.0186174666180122,16.5078554015386
Oneida,2020-07-15T00:00:00.000,8,1868,833,61869,61869,1868,2020-07-15,8,833,0.00960384153661465,0.0181834290347933,10.1062995894132
Oneida,2020-07-16T00:00:00.000,41,1909,1177,63046,63046,1909,2020-07-16,41,1177,0.0348343245539507,0.0177355276873163,51.5644896379332
Oneida,2020-07-17T00:00:00.000,28,1937,1086,64132,64132,1937,2020-07-17,28,1086,0.0257826887661142,0.017276307278536,35.16859107339
Oneida,2020-07-18T00:00:00.000,3,1940,274,64406,64406,1940,2020-07-18,3,274,0.0109489051094891,0.016808268186472,3.76105270408335
Oneida,2020-07-19T00:00:00.000,2,1942,309,64715,64715,1942,2020-07-19,2,309,0.00647249190938511,0.0163338363333543,2.50129064510568
Oneida,2020-07-20T00:00:00.000,20,1962,942,65657,65657,1962,2020-07-20,20,942,0.0212314225053079,0.0158553372094733,24.9225182605292
Oneida,2020-07-21T00:00:00.000,13,1975,1016,66673,66673,1975,2020-07-21,13,1016,0.0127952755905512,0.015374974232912,16.0760132591421
Oneida,2020-07-22T00:00:00.000,5,1980,903,67576,67576,1980,2020-07-22,5,903,0.00553709856035437,0.0148948114796082,6.1268518768429
Oneida,2020-07-23T00:00:00.000,10,1990,1110,68686,68686,1990,2020-07-23,10,1110,0.00900900900900901,0.0144167606881699,12.1268994355016
Oneida,2020-07-24T00:00:00.000,10,2000,980,69666,69666,2000,2020-07-24,10,980,0.0102040816326531,0.0139425723341825,11.9893267556476
Oneida,2020-07-25T00:00:00.000,0,2000,526,70192,70192,2000,2020-07-25,0,526,0,0.0134738304807086,0
Oneida,2020-07-26T00:00:00.000,10,2010,772,70964,70964,2010,2020-07-26,10,772,0.0129533678756477,0.01301195104592,11.862756352056
Oneida,2020-07-27T00:00:00.000,18,2028,830,71794,71794,2028,2020-07-27,18,830,0.0216867469879518,0.0125581830845729,21.2897405652629
Oneida,2020-07-28T00:00:00.000,25,2053,990,72784,72784,2053,2020-07-28,25,990,0.0252525252525253,0.0121136126556317,29.4486112467372
Oneida,2020-07-29T00:00:00.000,9,2062,1033,73817,73817,2062,2020-07-29,9,1033,0.00871248789932236,0.0116791688415861,10.5826391194346
Oneida,2020-07-30T00:00:00.000,8,2070,609,74426,74426,2070,2020-07-30,8,609,0.013136288998358,0.0112556314932938,9.41128325402807
Oneida,2020-07-31T00:00:00.000,11,2081,1031,75457,75457,2081,2020-07-31,11,1031,0.0106692531522793,0.0108436402944086,12.9436683909958
Oneida,2020-08-01T00:00:00.000,6,2087,523,75980,75980,2087,2020-08-01,6,523,0.011472275334608,0.0104437047691222,7.06007690041482
Oneida,2020-08-02T00:00:00.000,3,2090,642,76622,76622,2090,2020-08-02,3,642,0.00467289719626168,0.0100562148929731,3.52719426695805
Oneida,2020-08-03T00:00:00.000,13,2103,816,77438,77438,2103,2020-08-03,13,816,0.0159313725490196,0.00968145200660676,15.2474672896669
Oneida,2020-08-04T00:00:00.000,11,2114,725,78163,78163,2114,2020-08-04,11,725,0.0151724137931034,0.00931959977439004,12.8657235218918
Oneida,2020-08-05T00:00:00.000,3,2117,721,78884,78884,2117,2020-08-05,3,721,0.00416088765603329,0.00897075497183905,3.49834344629032
Oneida,2020-08-06T00:00:00.000,12,2129,894,79778,79778,2129,2020-08-06,12,894,0.0134228187919463,0.00863493792647904,13.9445608807468
Oneida,2020-08-07T00:00:00.000,13,2142,681,80459,80459,2142,2020-08-07,13,681,0.0190895741556534,0.00831210247504353,15.0375161810616
Oneida,2020-08-08T00:00:00.000,4,2146,750,81209,81209,2146,2020-08-08,4,750,0.00533333333333333,0.00800214533487488,4.61326983529713
Oneida,2020-08-09T00:00:00.000,4,2150,455,81664,81664,2150,2020-08-09,4,455,0.00879120879120879,0.00770491481867827,4.60129495545313
Oneida,2020-08-10T00:00:00.000,25,2175,1194,82858,82858,2175,2020-08-10,25,1194,0.0209380234505863,0.00742021884914819,28.6651307793854
Oneida,2020-08-11T00:00:00.000,5,2180,824,83682,83682,2180,2020-08-11,5,824,0.00606796116504854,0.00714783225328037,5.711017270756
Oneida,2020-08-12T00:00:00.000,3,2183,960,84642,84642,2183,2020-08-12,3,960,0.003125,0.00688750333563477,3.4115058177968
Oneida,2020-08-13T00:00:00.000,6,2189,1079,85721,85721,2189,2020-08-13,6,1079,0.00556070435588508,0.00663895974557847,6.78934791151294
Oneida,2020-08-14T00:00:00.000,6,2195,1271,86992,86992,2195,2020-08-14,6,1271,0.004720692368214,0.00640191366587337,6.75241442733654
Oneida,2020-08-15T00:00:00.000,3,2198,978,87970,87970,2198,2020-08-15,3,978,0.00306748466257669,0.00617606635927492,3.36607260268965
Oneida,2020-08-16T00:00:00.000,3,2201,514,88484,88484,2201,2020-08-16,3,514,0.00583657587548638,0.00596111211643998,3.35435760805521
Oneida,2020-08-17T00:00:00.000,12,2213,746,89230,89230,2213,2020-08-17,12,746,0.0160857908847185,0.00575674165264716,13.4066705332304
Oneida,2020-08-18T00:00:00.000,5,2218,1326,90556,90556,2218,2020-08-18,5,1326,0.00377073906485671,0.00556264500315403,5.58007230433715
Oneida,2020-08-19T00:00:00.000,4,2222,1421,91977,91977,2222,2020-08-19,4,1421,0.00281491907107671,0.00537851396761703,4.45765548126785
Oneida,2020-08-20T00:00:00.000,11,2233,1688,93665,93665,2233,2020-08-20,11,1688,0.00651658767772512,0.00520404415326101,12.2363095608598
Oneida,2020-08-21T00:00:00.000,9,2242,1667,95332,95332,2242,2020-08-21,9,1667,0.00539892021595681,0.00503893666470195,9.98930503943786
Oneida,2020-08-22T00:00:00.000,2,2244,1184,96516,96516,2244,2020-08-22,2,1184,0.00168918918918919,0.00488289948571828,2.21397054622024
Oneida,2020-08-23T00:00:00.000,1,2245,1051,97567,97567,2245,2020-08-23,1,1051,0.000951474785918173,0.0047356485950053,1.10342446853835
Oneida,2020-08-24T00:00:00.000,11,2256,915,98482,98482,2256,2020-08-24,11,915,0.0120218579234973,0.00459690885436269,12.0747293084436
Oneida,2020-08-25T00:00:00.000,3,2259,1621,100103,100103,2259,2020-08-25,3,1621,0.00185070943861814,0.00446641470383025,3.2744920709457
Oneida,2020-08-26T00:00:00.000,5,2264,1067,101170,101170,2264,2020-08-26,5,1067,0.00468603561387067,0.0043439106943062,5.43423761632757
Oneida,2020-08-27T00:00:00.000,1,2265,2058,103228,103228,2265,2020-08-27,1,2058,0.000485908649173955,0.00422915188414706,1.08286022895103
Oneida,2020-08-28T00:00:00.000,3,2268,1563,104791,104791,2268,2020-08-28,3,1563,0.00191938579654511,0.00412190412232859,3.23620130533782
Oneida,2020-08-29T00:00:00.000,4,2272,1878,106669,106669,2272,2020-08-29,4,1878,0.00212992545260916,0.00402194423694151,4.30382147093214
Oneida,2020-08-30T00:00:00.000,2,2274,1730,108399,108399,2274,2020-08-30,2,1730,0.00115606936416185,0.00392906014424806,2.1454724142174
Oneida,2020-08-31T00:00:00.000,7,2281,1095,109494,109494,2281,2020-08-31,7,1095,0.00639269406392694,0.0038430508901638,7.49630049835863
Oneida,2020-09-01T00:00:00.000,2,2283,1486,110980,110980,2283,2020-09-01,2,1486,0.00134589502018843,0.00376372663298737,2.14300098659003
Oneida,2020-09-02T00:00:00.000,3,2286,1878,112858,112858,2286,2020-09-02,3,1878,0.00159744408945687,0.00369090857340868,3.2308071484658
Oneida,2020-09-03T00:00:00.000,9,2295,1298,114156,114156,2295,2020-09-03,9,1298,0.00693374422187982,0.00362442883535498,9.7433146920194
Oneida,2020-09-04T00:00:00.000,3,2298,1822,115978,115978,2298,2020-09-04,3,1822,0.00164654226125137,0.00356413029902122,3.25703258958556
Oneida,2020-09-05T00:00:00.000,4,2302,1716,117694,117694,2302,2020-09-05,4,1716,0.00233100233100233,0.00350986638554287,4.3495322762811
Oneida,2020-09-06T00:00:00.000,3,2305,750,118444,118444,2305,2020-09-06,3,750,0.004,0.00346150079113413,3.26633830774245
Oneida,2020-09-07T00:00:00.000,4,2309,610,119054,119054,2309,2020-09-07,4,610,0.00655737704918033,0.00341890716717929,4.35996950346378
Oneida,2020-09-08T00:00:00.000,7,2316,1582,120636,120636,2316,2020-09-08,7,1582,0.00442477876106195,0.00338196874167868,7.6370626449529
Oneida,2020-09-09T00:00:00.000,6,2322,1166,121802,121802,2322,2020-09-09,6,1166,0.00514579759862779,0.00335057787668406,6.55095370407256
Oneida,2020-09-10T00:00:00.000,11,2333,1588,123390,123390,2333,2020-09-10,11,1588,0.00692695214105793,0.00332463555581974,12.0169169363768
Oneida,2020-09-11T00:00:00.000,8,2341,2315,125705,125705,2341,2020-09-11,8,2315,0.00345572354211663,0.0033040507958034,8.77999695819942
Oneida,2020-09-12T00:00:00.000,6,2347,1718,127423,127423,2347,2020-09-12,6,1718,0.00349243306169965,0.00328873997597942,6.61849175168646
Oneida,2020-09-13T00:00:00.000,1,2348,899,128322,128322,2348,2020-09-13,1,899,0.00111234705228031,0.00327862608036289,1.10862194266809
Oneida,2020-09-14T00:00:00.000,8,2356,658,128980,128980,2356,2020-09-14,8,658,0.0121580547112462,0.00327363784754888,8.91227488570047
Oneida,2020-09-15T00:00:00.000,3,2359,1661,130641,130641,2359,2020-09-15,3,1661,0.00180614087898856,0.00327370882516987,3.3576817423361
Oneida,2020-09-16T00:00:00.000,4,2363,1889,132530,132530,2363,2020-09-16,4,1889,0.00211752249867655,0.00327877632739261,4.49640873493232
Oneida,2020-09-17T00:00:00.000,6,2369,1428,133958,133958,2369,2020-09-17,6,1428,0.00420168067226891,0.00328878029632741,6.77132922583646
Oneida,2020-09-18T00:00:00.000,4,2373,1812,135770,135770,2373,2020-09-18,4,1812,0.0022075055187638,0.00330366207122204,4.52990430854393
Oneida,2020-09-19T00:00:00.000,2,2375,2221,137991,137991,2375,2020-09-19,2,2221,0.00090049527239982,0.00332336307296775,2.27150613620372
Oneida,2020-09-20T00:00:00.000,3,2378,591,138582,138582,2378,2020-09-20,3,591,0.0050761421319797,0.00334782341585735,3.41412234441687
Oneida,2020-09-21T00:00:00.000,0,2378,799,139381,139381,2378,2020-09-21,0,799,0,0.0033769804636214,0
Oneida,2020-09-22T00:00:00.000,9,2387,1886,141267,141267,2387,2020-09-22,9,1886,0.00477200424178155,0.00341076735268141,10.2520756015315
Oneida,2020-09-23T00:00:00.000,1,2388,1980,143247,143247,2388,2020-09-23,1,1980,0.000505050505050505,0.00344911151209919,1.13802619314583
Oneida,2020-09-24T00:00:00.000,12,2400,1178,144425,144425,2400,2020-09-24,12,1178,0.0101867572156197,0.00349193321693182,13.7022809378391
Oneida,2020-09-25T00:00:00.000,7,2407,1826,146251,146251,2407,2020-09-25,7,1826,0.00383351588170865,0.00353914421942927,8.00357036152681
Oneida,2020-09-26T00:00:00.000,5,2412,3062,149313,149313,2412,2020-09-26,5,3062,0.00163291966035271,0.00359064651055883,5.71837989586592
Oneida,2020-09-27T00:00:00.000,8,2420,554,149867,149867,2420,2020-09-27,8,554,0.0144404332129964,0.00364633127250899,9.14304279516246
Oneida,2020-09-28T00:00:00.000,12,2432,1073,150940,150940,2432,2020-09-28,12,1073,0.0111835973904939,0.00370607809080109,13.6828478949801
Oneida,2020-09-29T00:00:00.000,4,2436,1740,152680,152680,2436,2020-09-29,4,1740,0.00229885057471264,0.00376975450206077,4.54491824064206
Oneida,2020-09-30T00:00:00.000,24,2460,2195,154875,154875,2460,2020-09-30,24,2195,0.0109339407744875,0.00383721596004135,27.1444537754495
Oneida,2020-10-01T00:00:00.000,2,2462,1887,156762,156762,2462,2020-10-01,2,1887,0.00105988341282459,0.00390830630769944,2.24927247901512
Oneida,2020-10-02T00:00:00.000,6,2468,2510,159272,159272,2468,2020-10-02,6,2510,0.00239043824701195,0.00398285884663552,6.72015884511356
Oneida,2020-10-03T00:00:00.000,10,2478,3099,162371,162371,2478,2020-10-03,10,3099,0.00322684737011939,0.00406069809669541,11.2428793765349
Oneida,2020-10-04T00:00:00.000,2,2480,578,162949,162949,2480,2020-10-04,2,578,0.00346020761245675,0.00414164233770718,2.26510944175465
Oneida,2020-10-05T00:00:00.000,3,2483,975,163924,163924,2483,2020-10-05,3,975,0.00307692307692308,0.00422550702210302,3.42532204591795
Oneida,2020-10-06T00:00:00.000,7,2490,1675,165599,165599,2490,2020-10-06,7,1675,0.00417910447761194,0.0043121091416649,8.05774429917459
Oneida,2020-10-07T00:00:00.000,13,2503,2883,168482,168482,2503,2020-10-07,13,2883,0.00450919181408255,0.00440127262413537,15.0867501232315
Oneida,2020-10-08T00:00:00.000,9,2512,2181,170663,170663,2512,2020-10-08,9,2181,0.00412654745529574,0.00449283482666394,10.5298586216144
Oneida,2020-10-09T00:00:00.000,17,2529,2407,173070,173070,2529,2020-10-09,17,2407,0.00706273369339427,0.00458665418403215,20.0511201515558
Oneida,2020-10-10T00:00:00.000,10,2539,4138,177208,177208,2539,2020-10-10,10,4138,0.00241662638956017,0.00468261906175818,11.8898062754805
Oneida,2020-10-11T00:00:00.000,10,2549,1725,178933,178933,2549,2020-10-11,10,1725,0.00579710144927536,0.00478065785949074,11.9847989485775
Onondaga,2020-03-01T00:00:00.000,0,0,0,0,0,0,2020-03-01,0,0,0,0.0119511151011045,0
Onondaga,2020-03-02T00:00:00.000,0,0,0,0,0,0,2020-03-02,0,0,0,0.0130311710633214,0
Onondaga,2020-03-03T00:00:00.000,0,0,0,0,0,0,2020-03-03,0,0,0,0.014206558724659,0
Onondaga,2020-03-04T00:00:00.000,0,0,0,0,0,0,2020-03-04,0,0,0,0.0154838150359812,0
Onondaga,2020-03-05T00:00:00.000,0,0,0,0,0,0,2020-03-05,0,0,0,0.0168688877293328,0
Onondaga,2020-03-06T00:00:00.000,0,0,0,0,0,0,2020-03-06,0,0,0,0.0183668889055423,0
Onondaga,2020-03-07T00:00:00.000,0,0,0,0,0,0,2020-03-07,0,0,0,0.019981827480676,0
Onondaga,2020-03-08T00:00:00.000,0,0,0,0,0,0,2020-03-08,0,0,0,0.021716328941834,0
Onondaga,2020-03-09T00:00:00.000,0,0,1,1,1,0,2020-03-09,0,1,0,0.0235713540578041,0
Onondaga,2020-03-10T00:00:00.000,0,0,0,1,1,0,2020-03-10,0,0,0,0.0255459311584725,0
Onondaga,2020-03-11T00:00:00.000,0,0,3,4,4,0,2020-03-11,0,3,0,0.0276369190007537,0
Onondaga,2020-03-12T00:00:00.000,0,0,1,5,5,0,2020-03-12,0,1,0,0.0298388186730203,0
Onondaga,2020-03-13T00:00:00.000,0,0,9,14,14,0,2020-03-13,0,9,0,0.0321436530994506,0
Onondaga,2020-03-14T00:00:00.000,0,0,18,32,32,0,2020-03-14,0,18,0,0.0345409312076855,0
Onondaga,2020-03-15T00:00:00.000,1,1,27,59,59,1,2020-03-15,1,27,0.037037037037037,0.037017710561869,1.50990350648356
Onondaga,2020-03-16T00:00:00.000,1,2,55,114,114,2,2020-03-16,1,55,0.0181818181818182,0.0395587673175915,1.45849969955684
Onondaga,2020-03-17T00:00:00.000,0,2,15,129,129,2,2020-03-17,0,15,0,0.0421468759586411,0
Onondaga,2020-03-18T00:00:00.000,3,5,98,227,227,5,2020-03-18,3,98,0.0306122448979592,0.0447631939632566,4.09049483217277
Onondaga,2020-03-19T00:00:00.000,3,8,60,287,287,8,2020-03-19,3,60,0.05,0.0473877389246386,3.960225985611
Onondaga,2020-03-20T00:00:00.000,9,17,133,420,420,17,2020-03-20,9,133,0.0676691729323308,0.0499999385243125,11.5135234393579
Onondaga,2020-03-21T00:00:00.000,12,29,157,577,577,29,2020-03-21,12,157,0.0764331210191083,0.0525792278222883,14.890796964176
Onondaga,2020-03-22T00:00:00.000,23,52,538,1115,1115,52,2020-03-22,23,538,0.0427509293680297,0.0551056642638488,27.7264734198672
Onondaga,2020-03-23T00:00:00.000,8,60,129,1244,1244,60,2020-03-23,8,129,0.062015503875969,0.0575605290094172,9.38452091855612
Onondaga,2020-03-24T00:00:00.000,5,65,124,1368,1368,65,2020-03-24,5,124,0.0403225806451613,0.0599268838725917,5.71780656637609
Onondaga,2020-03-25T00:00:00.000,18,83,266,1634,1634,83,2020-03-25,18,266,0.0676691729323308,0.0621900561766267,20.2709850891742
Onondaga,2020-03-26T00:00:00.000,32,115,444,2078,2078,115,2020-03-26,32,444,0.0720720720720721,0.0643380288642317,35.5477351471558
Onondaga,2020-03-27T00:00:00.000,14,129,352,2430,2430,129,2020-03-27,14,352,0.0397727272727273,0.0663617196649316,15.3609564436506
Onondaga,2020-03-28T00:00:00.000,23,152,487,2917,2917,152,2020-03-28,23,487,0.0472279260780287,0.0682551403798021,25.0110255727896
Onondaga,2020-03-29T00:00:00.000,28,180,206,3123,3123,180,2020-03-29,28,206,0.135922330097087,0.0700154346769489,30.4544345958481
Onondaga,2020-03-30T00:00:00.000,14,194,139,3262,3262,194,2020-03-30,14,139,0.100719424460432,0.0716427996182647,15.3033723872803
Onondaga,2020-03-31T00:00:00.000,23,217,163,3425,3425,217,2020-03-31,23,163,0.141104294478528,0.073140301902825,25.2422718774893
Onondaga,2020-04-01T00:00:00.000,17,234,191,3616,3616,234,2020-04-01,17,191,0.0890052356020942,0.0745136042083867,18.7084387741182
Onondaga,2020-04-02T00:00:00.000,18,252,195,3811,3811,252,2020-04-02,18,195,0.0923076923076923,0.0757706198425264,19.5885691060946
Onondaga,2020-04-03T00:00:00.000,10,262,221,4032,4032,262,2020-04-03,10,221,0.0452488687782805,0.0769211151870442,10.7763212172776
Onondaga,2020-04-04T00:00:00.000,6,268,131,4163,4163,268,2020-04-04,6,131,0.0458015267175573,0.0779762792415299,6.46129373285211
Onondaga,2020-04-05T00:00:00.000,3,271,89,4252,4252,271,2020-04-05,3,89,0.0337078651685393,0.078948278206986,3.22661362942965
Onondaga,2020-04-06T00:00:00.000,64,335,689,4941,4941,335,2020-04-06,64,689,0.0928882438316401,0.079849810783556,69.2532620715778
Onondaga,2020-04-07T00:00:00.000,12,347,126,5067,5067,347,2020-04-07,12,126,0.0952380952380952,0.0806936770113692,13.096988616681
Onondaga,2020-04-08T00:00:00.000,11,358,245,5312,5312,358,2020-04-08,11,245,0.0448979591836735,0.0814923704124604,12.1108128811049
Onondaga,2020-04-09T00:00:00.000,11,369,148,5460,5460,369,2020-04-09,11,148,0.0743243243243243,0.0822577001683919,12.2198073256626
Onondaga,2020-04-10T00:00:00.000,11,380,116,5576,5576,380,2020-04-10,11,116,0.0948275862068965,0.0830004473307245,12.3314056074443
Onondaga,2020-04-11T00:00:00.000,17,397,169,5745,5745,397,2020-04-11,17,169,0.100591715976331,0.0837300568499159,19.2488463922951
Onondaga,2020-04-12T00:00:00.000,19,416,142,5887,5887,416,2020-04-12,19,142,0.133802816901408,0.0844543655521666,21.8248086656692
Onondaga,2020-04-13T00:00:00.000,15,431,120,6007,6007,431,2020-04-13,15,120,0.125,0.0851793652693323,17.4735249706812
Onondaga,2020-04-14T00:00:00.000,18,449,219,6226,6226,449,2020-04-14,18,219,0.0821917808219178,0.0859090000214297,21.2534740384702
Onondaga,2020-04-15T00:00:00.000,13,462,134,6360,6360,462,2020-04-15,13,134,0.0970149253731343,0.0866449965241163,15.5339767432328
Onondaga,2020-04-16T00:00:00.000,21,483,181,6541,6541,483,2020-04-16,21,181,0.116022099447514,0.0873867281574817,25.3321564745732
Onondaga,2020-04-17T00:00:00.000,9,492,152,6693,6693,492,2020-04-17,9,152,0.0592105263157895,0.0881311138415288,10.9518174032966
Onondaga,2020-04-18T00:00:00.000,6,498,118,6811,6811,498,2020-04-18,6,118,0.0508474576271186,0.0888725548067512,7.35860645933722
Onondaga,2020-04-19T00:00:00.000,11,509,113,6924,6924,509,2020-04-19,11,113,0.0973451327433628,0.0896029138557864,13.5852316197411
Onondaga,2020-04-20T00:00:00.000,5,514,101,7025,7025,514,2020-04-20,5,101,0.0495049504950495,0.0903115432154587,6.21386068527624
Onondaga,2020-04-21T00:00:00.000,12,526,152,7177,7177,526,2020-04-21,12,152,0.0789473684210526,0.0909853682077203,14.9959207541257
Onondaga,2020-04-22T00:00:00.000,74,600,705,7882,7882,600,2020-04-22,74,705,0.104964539007092,0.0916090345782127,92.9183290971011
Onondaga,2020-04-23T00:00:00.000,39,639,722,8604,8604,639,2020-04-23,39,722,0.054016620498615,0.0921651271826897,49.1678414140971
Onondaga,2020-04-24T00:00:00.000,25,664,530,9134,9134,664,2020-04-24,25,530,0.0471698113207547,0.0926344666716764,31.6199884060389
Onondaga,2020-04-25T00:00:00.000,28,692,280,9414,9414,692,2020-04-25,28,280,0.1,0.0929964887707015,35.5001707762853
Onondaga,2020-04-26T00:00:00.000,34,726,256,9670,9670,726,2020-04-26,34,256,0.1328125,0.0932297076110223,43.1661815684167
Onondaga,2020-04-27T00:00:00.000,16,742,268,9938,9938,742,2020-04-27,16,268,0.0597014925373134,0.0933122604474287,20.3205490036385
Onondaga,2020-04-28T00:00:00.000,40,782,386,10324,10324,782,2020-04-28,40,386,0.103626943005181,0.0932225260684094,50.7703849153212
Onondaga,2020-04-29T00:00:00.000,50,832,343,10667,10667,832,2020-04-29,50,343,0.145772594752187,0.092939803582246,63.5822827099815
Onondaga,2020-04-30T00:00:00.000,28,860,334,11001,11001,860,2020-04-30,28,334,0.0838323353293413,0.0924450323539531,35.828859332005
Onondaga,2020-05-01T00:00:00.000,43,903,433,11434,11434,903,2020-05-01,43,433,0.0993071593533487,0.0917215281201678,55.3470795979106
Onondaga,2020-05-02T00:00:00.000,49,952,593,12027,12027,952,2020-05-02,49,593,0.0826306913996627,0.0907557052621209,63.3485594200251
Onondaga,2020-05-03T00:00:00.000,19,971,436,12463,12463,971,2020-05-03,19,436,0.0435779816513761,0.0895377513570762,24.6196434572608
Onondaga,2020-05-04T00:00:00.000,31,1002,176,12639,12639,1002,2020-05-04,31,176,0.176136363636364,0.0880622180232107,40.1832989989402
Onondaga,2020-05-05T00:00:00.000,54,1056,731,13370,13370,1056,2020-05-05,54,731,0.0738714090287278,0.0863284921889038,69.9114391132449
Onondaga,2020-05-06T00:00:00.000,59,1115,534,13904,13904,1115,2020-05-06,59,534,0.110486891385768,0.0843411145664559,76.2625853941463
Onondaga,2020-05-07T00:00:00.000,54,1169,407,14311,14311,1169,2020-05-07,54,407,0.132678132678133,0.0821099175481493,69.8859998066602
Onondaga,2020-05-08T00:00:00.000,49,1218,464,14775,14775,1218,2020-05-08,49,464,0.105603448275862,0.079649962854085,63.6673601431315
Onondaga,2020-05-09T00:00:00.000,47,1265,507,15282,15282,1265,2020-05-09,47,507,0.0927021696252465,0.0769812697739718,61.2792638256453
Onondaga,2020-05-10T00:00:00.000,22,1287,240,15522,15522,1287,2020-05-10,22,240,0.0916666666666667,0.0741283371415014,28.7670842433224
Onondaga,2020-05-11T00:00:00.000,21,1308,329,15851,15851,1308,2020-05-11,21,329,0.0638297872340425,0.0711194753605113,27.5223785049821
Onondaga,2020-05-12T00:00:00.000,87,1395,1066,16917,16917,1395,2020-05-12,87,1066,0.0816135084427767,0.0679859777457109,114.501731038615
Onondaga,2020-05-13T00:00:00.000,28,1423,683,17600,17600,1423,2020-05-13,28,683,0.04099560761347,0.0647611719123153,37.1145638644383
Onondaga,2020-05-14T00:00:00.000,17,1440,385,17985,17985,1440,2020-05-14,17,385,0.0441558441558442,0.0614794007166293,22.7417476218136
Onondaga,2020-05-15T00:00:00.000,29,1469,1088,19073,19073,1469,2020-05-15,29,1088,0.0266544117647059,0.0581749872823523,39.1110933818613
Onondaga,2020-05-16T00:00:00.000,32,1501,648,19721,19721,1501,2020-05-16,32,648,0.0493827160493827,0.0548812393111639,43.4223113523773
Onondaga,2020-05-17T00:00:00.000,19,1520,483,20204,20204,1520,2020-05-17,19,483,0.0393374741200828,0.0516295439658592,25.8365240524698
Onondaga,2020-05-18T00:00:00.000,145,1665,1578,21782,21782,1665,2020-05-18,145,1578,0.0918884664131812,0.0484485965594571,197.362895769484
Onondaga,2020-05-19T00:00:00.000,53,1718,1844,23626,23626,1718,2020-05-19,53,1844,0.0287418655097614,0.0453637949225608,72.135722719537
Onondaga,2020-05-20T00:00:00.000,53,1771,1137,24763,24763,1771,2020-05-20,53,1137,0.0466138962181179,0.042396817995648,72.147527395851
Onondaga,2020-05-21T00:00:00.000,57,1828,1344,26107,26107,1828,2020-05-21,57,1344,0.0424107142857143,0.0395653933110478,77.7028790317597
Onondaga,2020-05-22T00:00:00.000,76,1904,2502,28609,28609,1904,2020-05-22,76,2502,0.0303756994404476,0.0368832450711597,103.638101824735
Onondaga,2020-05-23T00:00:00.000,49,1953,1352,29961,29961,1953,2020-05-23,49,1352,0.0362426035502959,0.0343602036788379,66.7652757625464
Onondaga,2020-05-24T00:00:00.000,28,1981,1175,31136,31136,1981,2020-05-24,28,1175,0.0238297872340426,0.0320024496430159,38.0784010326152
Onondaga,2020-05-25T00:00:00.000,31,2012,1129,32265,32265,2012,2020-05-25,31,1129,0.0274579273693534,0.0298128601580528,42.0233984326054
Onondaga,2020-05-26T00:00:00.000,21,2033,676,32941,32941,2033,2020-05-26,21,676,0.0310650887573964,0.0277914252335774,28.3581623749418
Onondaga,2020-05-27T00:00:00.000,21,2054,817,33758,33758,2054,2020-05-27,21,817,0.025703794369645,0.0259357016441843,28.2695389853301
Onondaga,2020-05-28T00:00:00.000,38,2092,1731,35489,35489,2092,2020-05-28,38,1731,0.0219526285384171,0.0242412764840199,50.9575038286294
Onondaga,2020-05-29T00:00:00.000,41,2133,2101,37590,37590,2133,2020-05-29,41,2101,0.0195145168967158,0.0227022170138561,54.732350685582
Onondaga,2020-05-30T00:00:00.000,37,2170,1829,39419,39419,2170,2020-05-30,37,1829,0.0202296336796063,0.0213114890280045,49.444388628832
Onondaga,2020-05-31T00:00:00.000,27,2197,1074,40493,40493,2197,2020-05-31,27,1074,0.0251396648044693,0.0200613315163151,36.2852881861719
Onondaga,2020-06-01T00:00:00.000,31,2228,1035,41528,41528,2228,2020-06-01,31,1035,0.029951690821256,0.0189435804699491,41.9244099330478
Onondaga,2020-06-02T00:00:00.000,28,2256,1522,43050,43050,2256,2020-06-02,28,1522,0.0183968462549277,0.0179499389813749,38.0832387602842
Onondaga,2020-06-03T00:00:00.000,39,2295,2189,45239,45239,2295,2020-06-03,39,2189,0.0178163544997716,0.0170721941609985,53.3111832291781
Onondaga,2020-06-04T00:00:00.000,34,2329,1601,46840,46840,2329,2020-06-04,34,1601,0.0212367270455965,0.0163023838205695,46.5076085359372
Onondaga,2020-06-05T00:00:00.000,46,2375,2186,49026,49026,2375,2020-06-05,46,2186,0.0210430009149131,0.0156329174357148,62.9124372191544
Onondaga,2020-06-06T00:00:00.000,17,2392,1345,50371,50371,2392,2020-06-06,17,1345,0.012639405204461,0.0150566567194143,23.2371031109552
Onondaga,2020-06-07T00:00:00.000,16,2408,2040,52411,52411,2408,2020-06-07,16,2040,0.00784313725490196,0.0145669613784252,21.8490149655045
Onondaga,2020-06-08T00:00:00.000,19,2427,1004,53415,53415,2427,2020-06-08,19,1004,0.0189243027888446,0.0141577054456961,25.9102631010625
Onondaga,2020-06-09T00:00:00.000,6,2433,2197,55612,55612,2433,2020-06-09,6,2197,0.00273099681383705,0.013823269131682,8.16780288189683
Onondaga,2020-06-10T00:00:00.000,21,2454,1222,56834,56834,2454,2020-06-10,21,1222,0.0171849427168576,0.0135585105418521,28.5258570598081
Onondaga,2020-06-11T00:00:00.000,20,2474,2072,58906,58906,2474,2020-06-11,20,2072,0.00965250965250965,0.0133587209754428,27.0983346482594
Onondaga,2020-06-12T00:00:00.000,24,2498,1498,60404,60404,2498,2020-06-12,24,1498,0.0160213618157543,0.0132195669297045,32.4220760652531
Onondaga,2020-06-13T00:00:00.000,21,2519,2756,63160,63160,2519,2020-06-13,21,2756,0.00761973875181422,0.0131370214441605,28.2737573709927
Onondaga,2020-06-14T00:00:00.000,12,2531,847,64007,64007,2531,2020-06-14,12,847,0.0141676505312869,0.0131072870741445,16.0949626788179
Onondaga,2020-06-15T00:00:00.000,14,2545,1345,65352,65352,2545,2020-06-15,14,1345,0.0104089219330855,0.0131267126052563,18.6974367655246
Onondaga,2020-06-16T00:00:00.000,13,2558,870,66222,66222,2558,2020-06-16,13,870,0.0149425287356322,0.0131917056227561,17.2796146477038
Onondaga,2020-06-17T00:00:00.000,57,2615,1440,67662,67662,2615,2020-06-17,57,1440,0.0395833333333333,0.0132986432263096,75.3675859828742
Onondaga,2020-06-18T00:00:00.000,19,2634,1694,69356,69356,2634,2020-06-18,19,1694,0.0112160566706021,0.0134437835113493,24.9779812402224
Onondaga,2020-06-19T00:00:00.000,10,2644,1270,70626,70626,2644,2020-06-19,10,1270,0.0078740157480315,0.0136231808880412,13.0637476600324
Onondaga,2020-06-20T00:00:00.000,22,2666,2328,72954,72954,2666,2020-06-20,22,2328,0.00945017182130584,0.0138326088187887,28.544555466153
Onondaga,2020-06-21T00:00:00.000,9,2675,954,73908,73908,2675,2020-06-21,9,954,0.00943396226415094,0.0140674940541415,11.6098596823211
Onondaga,2020-06-22T00:00:00.000,27,2702,1060,74968,74968,2702,2020-06-22,27,1060,0.0254716981132075,0.0143228668418275,34.8961216397478
Onondaga,2020-06-23T00:00:00.000,32,2734,1234,76202,76202,2734,2020-06-23,32,1234,0.0259319286871961,0.014593331772917,41.4281995863263
Onondaga,2020-06-24T00:00:00.000,17,2751,1183,77385,77385,2751,2020-06-24,17,1183,0.0143702451394759,0.0148730638053729,22.0402335004612
Onondaga,2020-06-25T00:00:00.000,31,2782,1402,78787,78787,2782,2020-06-25,31,1402,0.0221112696148359,0.0151558334797857,40.1964544401783
Onondaga,2020-06-26T00:00:00.000,9,2791,1517,80304,80304,2791,2020-06-26,9,1517,0.00593276203032301,0.015435064333853,11.6472681377595
Onondaga,2020-06-27T00:00:00.000,25,2816,1721,82025,82025,2816,2020-06-27,25,1721,0.0145264381173736,0.0157039240206993,32.2719480561059
Onondaga,2020-06-28T00:00:00.000,6,2822,1257,83282,83282,2822,2020-06-28,6,1257,0.00477326968973747,0.0159554486592085,7.72144983050441
Onondaga,2020-06-29T00:00:00.000,20,2842,1288,84570,84570,2842,2020-06-29,20,1288,0.015527950310559,0.0161826976013166,25.6620696990663
Onondaga,2020-06-30T00:00:00.000,21,2863,1368,85938,85938,2863,2020-06-30,21,1368,0.0153508771929825,0.0163789332611323,27.0224079959868
Onondaga,2020-07-01T00:00:00.000,34,2897,1909,87847,87847,2897,2020-07-01,34,1909,0.0178103719224725,0.016537818142215,43.9098219283571
Onondaga,2020-07-02T00:00:00.000,12,2909,968,88815,88815,2909,2020-07-02,12,968,0.012396694214876,0.0166536189981345,15.532256500866
Onondaga,2020-07-03T00:00:00.000,19,2928,843,89658,89658,2928,2020-07-03,19,843,0.0225385527876631,0.0167214064467008,24.5382749046943
Onondaga,2020-07-04T00:00:00.000,21,2949,856,90514,90514,2949,2020-07-04,21,856,0.0245327102803738,0.0167372375735614,27.0477852370022
Onondaga,2020-07-05T00:00:00.000,14,2963,651,91165,91165,2963,2020-07-05,14,651,0.021505376344086,0.0166983092940866,17.9709831843314
Onondaga,2020-07-06T00:00:00.000,34,2997,1455,92620,92620,2997,2020-07-06,34,1455,0.0233676975945017,0.0166030715574782,43.4751076626122
Onondaga,2020-07-07T00:00:00.000,32,3029,1911,94531,94531,3029,2020-07-07,32,1911,0.0167451596023025,0.0164512918292751,40.8085196705734
Onondaga,2020-07-08T00:00:00.000,21,3050,2070,96601,96601,3050,2020-07-08,21,2070,0.0101449275362319,0.016244065495972,26.6948250326087
Onondaga,2020-07-09T00:00:00.000,28,3078,1155,97756,97756,3078,2020-07-09,28,1155,0.0242424242424242,0.015983770602855,35.4607087765768
Onondaga,2020-07-10T00:00:00.000,22,3100,1161,98917,98917,3100,2020-07-10,22,1161,0.0189491817398794,0.0156739692997003,27.7445267751388
Onondaga,2020-07-11T00:00:00.000,24,3124,1344,100261,100261,3124,2020-07-11,24,1344,0.0178571428571429,0.0153192621226736,30.1249165228329
Onondaga,2020-07-12T00:00:00.000,18,3142,1288,101549,101549,3142,2020-07-12,18,1288,0.0139751552795031,0.0149251044122169,22.4778520372941
Onondaga,2020-07-13T00:00:00.000,37,3179,2118,103667,103667,3179,2020-07-13,37,2118,0.0174693106704438,0.0144975964562098,45.9488143861172
Onondaga,2020-07-14T00:00:00.000,24,3203,1227,104894,104894,3203,2020-07-14,24,1227,0.019559902200489,0.0140432601568683,29.6287467058245
Onondaga,2020-07-15T00:00:00.000,22,3225,1697,106591,106591,3225,2020-07-15,22,1697,0.0129640542133176,0.0135688151032215,26.9905339316735
Onondaga,2020-07-16T00:00:00.000,15,3240,2153,108744,108744,3240,2020-07-16,15,2153,0.00696702275894101,0.0130809659493573,18.2994356349387
Onondaga,2020-07-17T00:00:00.000,22,3262,1912,110656,110656,3262,2020-07-17,22,1912,0.0115062761506276,0.012586211150324,26.7709651531666
Onondaga,2020-07-18T00:00:00.000,16,3278,1100,111756,111756,3278,2020-07-18,16,1100,0.0145454545454545,0.0120906806497078,19.4089001310724
Onondaga,2020-07-19T00:00:00.000,12,3290,1758,113514,113514,3290,2020-07-19,12,1758,0.0068259385665529,0.011600007351414,14.502818627308
Onondaga,2020-07-20T00:00:00.000,22,3312,1918,115432,115432,3312,2020-07-20,22,1918,0.0114702815432742,0.0111192344358139,26.4590683648198
Onondaga,2020-07-21T00:00:00.000,14,3326,1844,117276,117276,3326,2020-07-21,14,1844,0.00759219088937093,0.0106527580546558,16.688903589078
Onondaga,2020-07-22T00:00:00.000,18,3344,1965,119241,119241,3344,2020-07-22,18,1965,0.00916030534351145,0.0102043028405436,21.2380536972047
Onondaga,2020-07-23T00:00:00.000,16,3360,2174,121415,121415,3360,2020-07-23,16,2174,0.00735970561177553,0.00977692611639685,18.6639354240897
Onondaga,2020-07-24T00:00:00.000,18,3378,1868,123283,123283,3378,2020-07-24,18,1868,0.00963597430406852,0.00937304570977387,20.7405889537511
Onondaga,2020-07-25T00:00:00.000,11,3389,2415,125698,125698,3389,2020-07-25,11,2415,0.00455486542443064,0.00899448584638552,12.5585468501878
Onondaga,2020-07-26T00:00:00.000,9,3398,1790,127488,127488,3398,2020-07-26,9,1790,0.00502793296089385,0.00864253563172292,10.2484454970794
Onondaga,2020-07-27T00:00:00.000,21,3419,1744,129232,129232,3419,2020-07-27,21,1744,0.0120412844036697,0.00831801502563289,23.8356197144198
Onondaga,2020-07-28T00:00:00.000,18,3437,1664,130896,130896,3437,2020-07-28,18,1664,0.0108173076923077,0.00802134385704555,20.3467318003783
Onondaga,2020-07-29T00:00:00.000,22,3459,1408,132304,132304,3459,2020-07-29,22,1408,0.015625,0.00775261020453058,24.830059426384
Onondaga,2020-07-30T00:00:00.000,5,3464,1481,133785,133785,3464,2020-07-30,5,1481,0.00337609723160027,0.00751163528655099,5.64891870558399
Onondaga,2020-07-31T00:00:00.000,13,3477,1678,135463,135463,3477,2020-07-31,13,1678,0.00774731823599523,0.00729803279616915,14.7031746503841
Onondaga,2020-08-01T00:00:00.000,8,3485,1274,136737,136737,3485,2020-08-01,8,1274,0.00627943485086342,0.0071112613208111,9.05852262392937
Onondaga,2020-08-02T00:00:00.000,5,3490,689,137426,137426,3490,2020-08-02,5,689,0.00725689404934688,0.00695066908765536,5.66548816021317
Onondaga,2020-08-03T00:00:00.000,25,3515,3057,140483,140483,3515,2020-08-03,25,3057,0.00817795224075891,0.00681553075400578,28.3106789765925
Onondaga,2020-08-04T00:00:00.000,10,3525,2030,142513,142513,3525,2020-08-04,10,2030,0.00492610837438424,0.00670507632403515,11.3172829895509
Onondaga,2020-08-05T00:00:00.000,10,3535,1499,144012,144012,3535,2020-08-05,10,1499,0.0066711140760507,0.00661851253198696,11.3118680106051
Onondaga,2020-08-06T00:00:00.000,21,3556,2037,146049,146049,3556,2020-08-06,21,2037,0.0103092783505155,0.00655503720527375,23.7396594990701
Onondaga,2020-08-07T00:00:00.000,9,3565,1799,147848,147848,3565,2020-08-07,9,1799,0.00500277932184547,0.00651384722659872,10.1598648951738
Onondaga,2020-08-08T00:00:00.000,11,3576,1052,148900,148900,3576,2020-08-08,11,1052,0.0104562737642586,0.00649414077644029,12.4243328572306
Onondaga,2020-08-09T00:00:00.000,9,3585,806,149706,149706,3585,2020-08-09,9,806,0.011166253101737,0.00649511457161279,10.1775791650767
Onondaga,2020-08-10T00:00:00.000,17,3602,4122,153828,153828,3602,2020-08-10,17,4122,0.00412421154779233,0.0065159568367209,19.2406167320242
Onondaga,2020-08-11T00:00:00.000,11,3613,1526,155354,155354,3613,2020-08-11,11,1526,0.0072083879423329,0.00655583676870714,12.4560841150443
Onondaga,2020-08-12T00:00:00.000,14,3627,1208,156562,156562,3627,2020-08-12,14,1208,0.0115894039735099,0.00661389128388476,15.8559555686508
Onondaga,2020-08-13T00:00:00.000,19,3646,1784,158346,158346,3646,2020-08-13,19,1784,0.0106502242152466,0.00668920987791014,21.5158195562373
Onondaga,2020-08-14T00:00:00.000,17,3663,1984,160330,160330,3663,2020-08-14,17,1984,0.00856854838709677,0.00678081848161443,19.24216749514
Onondaga,2020-08-15T00:00:00.000,11,3674,1102,161432,161432,3674,2020-08-15,11,1102,0.00998185117967332,0.00688766325443218,12.4775955619779
Onondaga,2020-08-16T00:00:00.000,6,3680,1956,163388,163388,3680,2020-08-16,6,1956,0.00306748466257669,0.00700859531272719,6.81819983611356
Onondaga,2020-08-17T00:00:00.000,16,3696,1933,165321,165321,3696,2020-08-17,16,1933,0.008277289187791,0.00714235743591829,18.265272567853
Onondaga,2020-08-18T00:00:00.000,16,3712,1885,167206,167206,3712,2020-08-18,16,1885,0.00848806366047745,0.00728757380940914,18.3450950740398
Onondaga,2020-08-19T00:00:00.000,7,3719,2150,169356,169356,3719,2020-08-19,7,2150,0.00325581395348837,0.00744274384031241,8.05845204724891
Onondaga,2020-08-20T00:00:00.000,24,3743,2297,171653,171653,3743,2020-08-20,24,2297,0.0104484109708315,0.0076062410056356,27.7301311103524
Onondaga,2020-08-21T00:00:00.000,13,3756,2177,173830,173830,3756,2020-08-21,13,2177,0.00597152044097382,0.00777631754949665,15.0688332412416
Onondaga,2020-08-22T00:00:00.000,2,3758,1402,175232,175232,3758,2020-08-22,2,1402,0.0014265335235378,0.00795111563258545,2.32459268800536
Onondaga,2020-08-23T00:00:00.000,10,3768,844,176076,176076,3768,2020-08-23,10,844,0.0118483412322275,0.00812868525526223,11.6468020490286
Onondaga,2020-08-24T00:00:00.000,24,3792,3288,179364,179364,3792,2020-08-24,24,3288,0.0072992700729927,0.00830700892712793,27.9507739888015
Onondaga,2020-08-25T00:00:00.000,9,3801,1168,180532,180532,3801,2020-08-25,9,1168,0.00770547945205479,0.0084840326669457,10.4744089656223
Onondaga,2020-08-26T00:00:00.000,31,3832,1590,182122,182122,3832,2020-08-26,31,1590,0.0194968553459119,0.00865770250286491,36.0979459975711
Onondaga,2020-08-27T00:00:00.000,15,3847,1959,184081,184081,3847,2020-08-27,15,1959,0.00765696784073507,0.00882600524209838,17.4829514784405
Onondaga,2020-08-28T00:00:00.000,19,3866,3709,187790,187790,3866,2020-08-28,19,3709,0.00512267457535724,0.00898701192097825,22.1574418477179
Onondaga,2020-08-29T00:00:00.000,17,3883,1813,189603,189603,3883,2020-08-29,17,1813,0.00937672366243795,0.00913892207029208,19.8558768595504
Onondaga,2020-08-30T00:00:00.000,9,3892,820,190423,190423,3892,2020-08-30,9,820,0.0109756097560976,0.00928010676067654,10.5211176790677
Onondaga,2020-08-31T00:00:00.000,20,3912,1531,191954,191954,3912,2020-08-31,20,1531,0.0130633572828217,0.00940914835844892,23.4242859587165
Onondaga,2020-09-01T00:00:00.000,10,3922,1352,193306,193306,3922,2020-09-01,10,1352,0.00739644970414201,0.00952487502685222,11.7575408605514
Onondaga,2020-09-02T00:00:00.000,15,3937,1535,194841,194841,3937,2020-09-02,15,1535,0.00977198697068404,0.00962638825380486,17.7792750275405
Onondaga,2020-09-03T00:00:00.000,10,3947,1606,196447,196447,3947,2020-09-03,10,1606,0.0062266500622665,0.00971308205419633,11.9474705411534
Onondaga,2020-09-04T00:00:00.000,17,3964,2611,199058,199058,3964,2020-09-04,17,2611,0.00651091535810034,0.00978465295765257,20.4178005043027
Onondaga,2020-09-05T00:00:00.000,19,3983,1554,200612,200612,3983,2020-09-05,19,1554,0.0122265122265122,0.00984110040890806,22.9040074066793
Onondaga,2020-09-06T00:00:00.000,10,3993,853,201465,201465,3993,2020-09-06,10,853,0.0117233294255569,0.00988271773890121,12.0920826035169
Onondaga,2020-09-07T00:00:00.000,9,4002,1305,202770,202770,4002,2020-09-07,9,1305,0.00689655172413793,0.00991007436399236,10.9115118869657
Onondaga,2020-09-08T00:00:00.000,10,4012,652,203422,203422,4012,2020-09-08,10,652,0.0153374233128834,0.00992399030327083,12.1501037727683
Onondaga,2020-09-09T00:00:00.000,11,4023,859,204281,204281,4023,2020-09-09,11,859,0.0128055878928987,0.00992550443563925,13.3878011200759
Onondaga,2020-09-10T00:00:00.000,20,4043,2201,206482,206482,4043,2020-09-10,20,2201,0.00908677873693776,0.00991583813680377,24.3718730971737
Onondaga,2020-09-11T00:00:00.000,17,4060,3386,209868,209868,4060,2020-09-11,17,3386,0.00502067336089781,0.00989635602780513,20.8207399261972
Onondaga,2020-09-12T00:00:00.000,21,4081,1703,211571,211571,4081,2020-09-12,21,1703,0.0123311802701116,0.00986852554295363,25.8552862030274
Onondaga,2020-09-13T00:00:00.000,15,4096,862,212433,212433,4096,2020-09-13,15,862,0.0174013921113689,0.00983387689608564,18.5600019318548
Onondaga,2020-09-14T00:00:00.000,18,4114,1186,213619,213619,4114,2020-09-14,18,1186,0.015177065767285,0.00979396481645373,22.3750431723052
Onondaga,2020-09-15T00:00:00.000,19,4133,1471,215090,215090,4133,2020-09-15,19,1471,0.0129163834126445,0.00975033316095997,23.7175495209811
Onondaga,2020-09-16T00:00:00.000,25,4158,1673,216763,216763,4158,2020-09-16,25,1673,0.0149432157800359,0.00970448321980345,31.3236139203141
Onondaga,2020-09-17T00:00:00.000,27,4185,1588,218351,218351,4185,2020-09-17,27,1588,0.0170025188916877,0.00965784623947501,33.9368075960389
Onondaga,2020-09-18T00:00:00.000,16,4201,3815,222166,222166,4201,2020-09-18,16,3815,0.00419397116644823,0.00961176041348541,20.1618208377003
Onondaga,2020-09-19T00:00:00.000,19,4220,2717,224883,224883,4220,2020-09-19,19,2717,0.00699300699300699,0.00956745235497362,23.9860851706255
Onondaga,2020-09-20T00:00:00.000,11,4231,1149,226032,226032,4231,2020-09-20,11,1149,0.00957354221061793,0.00952602287213066,13.8984195674028
Onondaga,2020-09-21T00:00:00.000,22,4253,1394,227426,227426,4253,2020-09-21,22,1394,0.0157819225251076,0.00948843673132692,27.7874706703761
Onondaga,2020-09-22T00:00:00.000,17,4270,1376,228802,228802,4270,2020-09-22,17,1376,0.0123546511627907,0.0094555160025519,21.4437890233751
Onondaga,2020-09-23T00:00:00.000,30,4300,1853,230655,230655,4300,2020-09-23,30,1853,0.0161899622234215,0.00942793654605195,37.7523902993415
Onondaga,2020-09-24T00:00:00.000,21,4321,2429,233084,233084,4321,2020-09-24,21,2429,0.00864553314121038,0.00940622720248903,26.4768228597628
Onondaga,2020-09-25T00:00:00.000,21,4342,2876,235960,235960,4342,2020-09-25,21,2876,0.00730180806675939,0.00939077128713351,26.4719127236789
Onondaga,2020-09-26T00:00:00.000,23,4365,2225,238185,238185,4365,2020-09-26,23,2225,0.0103370786516854,0.00938181005440848,28.9562444320912
Onondaga,2020-09-27T00:00:00.000,14,4379,1240,239425,239425,4379,2020-09-27,14,1240,0.0112903225806452,0.00937944787907345,17.5857508722712
Onondaga,2020-09-28T00:00:00.000,30,4409,1882,241307,241307,4409,2020-09-28,30,1882,0.0159404888416578,0.00938365898888119,37.5372344511608
Onondaga,2020-09-29T00:00:00.000,15,4424,3423,244730,244730,4424,2020-09-29,15,3423,0.00438212094653812,0.0093942956729637,18.6729295371964
Onondaga,2020-09-30T00:00:00.000,32,4456,2579,247309,247309,4456,2020-09-30,32,2579,0.0124079100426522,0.0094110979694822,39.5897034515364
Onondaga,2020-10-01T00:00:00.000,38,4494,5101,252410,252410,4494,2020-10-01,38,5101,0.00744951970201921,0.00943370490458999,46.6729272265634
Onondaga,2020-10-02T00:00:00.000,34,4528,4586,256996,256996,4528,2020-10-02,34,4586,0.00741386829481029,0.00946166740338657,41.5225944404937
Onondaga,2020-10-03T00:00:00.000,9,4537,2564,259560,259560,4537,2020-10-03,9,2564,0.00351014040561622,0.00949446301984595,11.0155714346964
Onondaga,2020-10-04T00:00:00.000,19,4556,1620,261180,261180,4556,2020-10-04,19,1620,0.0117283950617284,0.00953151263676762,23.3890035230108
Onondaga,2020-10-05T00:00:00.000,37,4593,2081,263261,263261,4593,2020-10-05,37,2081,0.0177799135031235,0.00957219926559317,45.8453369907453
Onondaga,2020-10-06T00:00:00.000,43,4636,3538,266799,266799,4636,2020-10-06,43,3538,0.0121537591859808,0.00961588903259522,53.6307495761417
Onondaga,2020-10-07T00:00:00.000,33,4669,4536,271335,271335,4669,2020-10-07,33,4536,0.00727513227513227,0.00966195437682984,41.4300021742923
Onondaga,2020-10-08T00:00:00.000,24,4693,3498,274833,274833,4693,2020-10-08,24,3498,0.00686106346483705,0.00970979941178787,30.3291509791719
Onondaga,2020-10-09T00:00:00.000,54,4747,5423,280256,280256,4747,2020-10-09,54,5423,0.00995758805089434,0.00975888732558159,68.6868987982082
Onondaga,2020-10-10T00:00:00.000,32,4779,3349,283605,283605,4779,2020-10-10,32,3349,0.00955509107196178,0.00980876962518193,40.9672986124897
Onondaga,2020-10-11T00:00:00.000,28,4807,1836,285441,285441,4807,2020-10-11,28,1836,0.0152505446623094,0.00985911697949619,36.0764520276107
Ontario,2020-03-01T00:00:00.000,0,0,0,0,0,0,2020-03-01,0,0,0,0.000222560263934916,0
Ontario,2020-03-02T00:00:00.000,0,0,0,0,0,0,2020-03-02,0,0,0,0.000313193041232219,0
Ontario,2020-03-03T00:00:00.000,0,0,0,0,0,0,2020-03-03,0,0,0,0.000440580044860494,0
Ontario,2020-03-04T00:00:00.000,0,0,0,0,0,0,2020-03-04,0,0,0,0.000619240521320761,0
Ontario,2020-03-05T00:00:00.000,0,0,0,0,0,0,2020-03-05,0,0,0,0.000868954723309779,0
Ontario,2020-03-06T00:00:00.000,0,0,0,0,0,0,2020-03-06,0,0,0,0.00121629977253957,0
Ontario,2020-03-07T00:00:00.000,0,0,0,0,0,0,2020-03-07,0,0,0,0.00169639164939429,0
Ontario,2020-03-08T00:00:00.000,0,0,0,0,0,0,2020-03-08,0,0,0,0.00235470363399681,0
Ontario,2020-03-09T00:00:00.000,0,0,0,0,0,0,2020-03-09,0,0,0,0.00324871752117351,0
Ontario,2020-03-10T00:00:00.000,0,0,0,0,0,0,2020-03-10,0,0,0,0.0044490194043364,0
Ontario,2020-03-11T00:00:00.000,0,0,0,0,0,0,2020-03-11,0,0,0,0.00603929508977708,0
Ontario,2020-03-12T00:00:00.000,0,0,2,2,2,0,2020-03-12,0,2,0,0.00811455063404657,0
Ontario,2020-03-13T00:00:00.000,0,0,4,6,6,0,2020-03-13,0,4,0,0.0107768443744177,0
Ontario,2020-03-14T00:00:00.000,0,0,3,9,9,0,2020-03-14,0,3,0,0.014127948604698,0
Ontario,2020-03-15T00:00:00.000,1,1,5,14,14,1,2020-03-15,1,5,0.2,0.0182587368006957,1.40687434769902
Ontario,2020-03-16T00:00:00.000,0,1,1,15,15,1,2020-03-16,0,1,0,0.0232357453859563,0
Ontario,2020-03-17T00:00:00.000,0,1,3,18,18,1,2020-03-17,0,3,0,0.0290862220456616,0
Ontario,2020-03-18T00:00:00.000,0,1,8,26,26,1,2020-03-18,0,8,0,0.0357838529021219,0
Ontario,2020-03-19T00:00:00.000,2,3,15,41,41,3,2020-03-19,2,15,0.133333333333333,0.0432379573228162,2.61606558878799
Ontario,2020-03-20T00:00:00.000,1,4,25,66,66,4,2020-03-20,1,25,0.04,0.0512889363181121,1.28254071873714
Ontario,2020-03-21T00:00:00.000,2,6,25,91,91,6,2020-03-21,2,25,0.08,0.0597119788095425,2.51357250804966
Ontario,2020-03-22T00:00:00.000,0,6,5,96,96,6,2020-03-22,0,5,0,0.0682295598466526,0
Ontario,2020-03-23T00:00:00.000,1,7,13,109,109,7,2020-03-23,1,13,0.0769230769230769,0.0765314886490403,1.206962170029
Ontario,2020-03-24T00:00:00.000,2,9,19,128,128,9,2020-03-24,2,19,0.105263157894737,0.0842997231046051,2.3665184552937
Ontario,2020-03-25T00:00:00.000,2,11,21,149,149,11,2020-03-25,2,21,0.0952380952380952,0.0912343260720904,2.3403244868474
Ontario,2020-03-26T00:00:00.000,3,14,29,178,178,14,2020-03-26,3,29,0.103448275862069,0.0970769861364695,3.47254646414312
Ontario,2020-03-27T00:00:00.000,2,16,34,212,212,16,2020-03-27,2,34,0.0588235294117647,0.1016293220782,2.28997297672493
Ontario,2020-03-28T00:00:00.000,2,18,26,238,238,18,2020-03-28,2,26,0.0769230769230769,0.104764380872542,2.27008170461531
Ontario,2020-03-29T00:00:00.000,2,20,16,254,254,20,2020-03-29,2,16,0.125,0.106430939313631,2.26834921690859
Ontario,2020-03-30T00:00:00.000,2,22,26,280,280,22,2020-03-30,2,26,0.0769230769230769,0.10665116642375,2.27493196204397
Ontario,2020-03-31T00:00:00.000,2,24,37,317,317,24,2020-03-31,2,37,0.0540540540540541,0.10551280552505,2.27690778476493
Ontario,2020-04-01T00:00:00.000,2,26,29,346,346,26,2020-04-01,2,29,0.0689655172413793,0.103157331183239,2.27376236585364
Ontario,2020-04-02T00:00:00.000,2,28,29,375,375,28,2020-04-02,2,29,0.0689655172413793,0.0997656212297691,2.23721751513519
Ontario,2020-04-03T00:00:00.000,3,31,36,411,411,31,2020-04-03,3,36,0.0833333333333333,0.0955426407862294,3.30374827855524
Ontario,2020-04-04T00:00:00.000,1,32,33,444,444,32,2020-04-04,1,33,0.0303030303030303,0.0907025066078347,1.0932863161071
Ontario,2020-04-05T00:00:00.000,0,32,26,470,470,32,2020-04-05,0,26,0,0.085455095442027,0
Ontario,2020-04-06T00:00:00.000,1,33,32,502,502,33,2020-04-06,1,32,0.03125,0.0799950790348913,1.08227891870808
Ontario,2020-04-07T00:00:00.000,6,39,50,552,552,39,2020-04-07,6,50,0.12,0.07449392403248,6.49635260124417
Ontario,2020-04-08T00:00:00.000,4,43,38,590,590,43,2020-04-08,4,38,0.105263157894737,0.0690950232386666,4.33185171690292
Ontario,2020-04-09T00:00:00.000,8,51,50,640,640,51,2020-04-09,8,50,0.16,0.0639117769954837,8.66566893403039
Ontario,2020-04-10T00:00:00.000,5,56,39,679,679,56,2020-04-10,5,39,0.128205128205128,0.059028170393631,5.41736117597103
Ontario,2020-04-11T00:00:00.000,1,57,27,706,706,57,2020-04-11,1,27,0.037037037037037,0.0545012267625214,1.08469658939237
Ontario,2020-04-12T00:00:00.000,0,57,12,718,718,57,2020-04-12,0,12,0,0.0503646672837941,0
Ontario,2020-04-13T00:00:00.000,4,61,48,766,766,61,2020-04-13,4,48,0.0833333333333333,0.0466331537574878,4.38717841131346
Ontario,2020-04-14T00:00:00.000,1,62,25,791,791,62,2020-04-14,1,25,0.04,0.0433066041466387,1.10257710567081
Ontario,2020-04-15T00:00:00.000,3,65,31,822,822,65,2020-04-15,3,31,0.0967741935483871,0.0403742129547472,3.3212120969758
Ontario,2020-04-16T00:00:00.000,2,67,34,856,856,67,2020-04-16,2,34,0.0588235294117647,0.0378179502177488,2.21874868779586
Ontario,2020-04-17T00:00:00.000,2,69,33,889,889,69,2020-04-17,2,33,0.0606060606060606,0.0356154338433413,2.22292381454795
Ontario,2020-04-18T00:00:00.000,1,70,24,913,913,70,2020-04-18,1,24,0.0416666666666667,0.0337421605747299,1.11322986617288
Ontario,2020-04-19T00:00:00.000,1,71,20,933,933,71,2020-04-19,1,20,0.05,0.0321731399910283,1.11478596835499
Ontario,2020-04-20T00:00:00.000,1,72,43,976,976,72,2020-04-20,1,43,0.0232558139534884,0.0308840080105715,1.1163247333823
Ontario,2020-04-21T00:00:00.000,1,73,66,1042,1042,73,2020-04-21,1,66,0.0151515151515152,0.029851707944197,1.1178709063828
Ontario,2020-04-22T00:00:00.000,0,73,31,1073,1073,73,2020-04-22,0,31,0,0.0290548252561667,0
Ontario,2020-04-23T00:00:00.000,0,73,37,1110,1110,73,2020-04-23,0,37,0,0.0284736527640496,0
Ontario,2020-04-24T00:00:00.000,9,82,239,1349,1349,82,2020-04-24,9,239,0.0376569037656904,0.02809005060078,10.1028103090664
Ontario,2020-04-25T00:00:00.000,2,84,34,1383,1383,84,2020-04-25,2,34,0.0588235294117647,0.0278871530575588,2.24799928869572
Ontario,2020-04-26T00:00:00.000,2,86,40,1423,1423,86,2020-04-26,2,40,0.05,0.0278489643058674,2.25019515066448
Ontario,2020-04-27T00:00:00.000,4,90,50,1473,1473,90,2020-04-27,4,50,0.08,0.0279598780650251,4.50334378395516
Ontario,2020-04-28T00:00:00.000,0,90,60,1533,1533,90,2020-04-28,0,60,0,0.0282041528225718,0
Ontario,2020-04-29T00:00:00.000,0,90,78,1611,1611,90,2020-04-29,0,78,0,0.0285653741250877,0
Ontario,2020-04-30T00:00:00.000,1,91,91,1702,1702,91,2020-04-30,1,91,0.010989010989011,0.0290259380842315,1.13963353188261
Ontario,2020-05-01T00:00:00.000,1,92,62,1764,1764,92,2020-05-01,1,62,0.0161290322580645,0.0295665945656105,1.14936841132232
Ontario,2020-05-02T00:00:00.000,3,95,90,1854,1854,95,2020-05-02,3,90,0.0333333333333333,0.0301660931532826,3.47397293889963
Ontario,2020-05-03T00:00:00.000,1,96,81,1935,1935,96,2020-05-03,1,81,0.0123456790123457,0.0308009781142445,1.16461932081822
Ontario,2020-05-04T00:00:00.000,1,97,86,2021,2021,97,2020-05-04,1,86,0.0116279069767442,0.0314455783280562,1.16939408222166
Ontario,2020-05-05T00:00:00.000,2,99,105,2126,2126,99,2020-05-05,2,105,0.019047619047619,0.0320722326525158,2.34521131965751
Ontario,2020-05-06T00:00:00.000,2,101,121,2247,2247,101,2020-05-06,2,121,0.0165289256198347,0.0326517790311961,2.35112792419267
Ontario,2020-05-07T00:00:00.000,3,104,108,2355,2355,104,2020-05-07,3,108,0.0277777777777778,0.0331543163520916,3.54594604969394
Ontario,2020-05-08T00:00:00.000,0,104,69,2424,2424,104,2020-05-08,0,69,0,0.0335502222781857,0
Ontario,2020-05-09T00:00:00.000,2,106,109,2533,2533,106,2020-05-09,2,109,0.018348623853211,0.0338113801838538,2.40167070061796
Ontario,2020-05-10T00:00:00.000,1,107,92,2625,2625,107,2020-05-10,1,92,0.0108695652173913,0.033912537485164,1.20923516245334
Ontario,2020-05-11T00:00:00.000,0,107,74,2699,2699,107,2020-05-11,0,74,0,0.0338326905929937,0
Ontario,2020-05-12T00:00:00.000,2,109,140,2839,2839,109,2020-05-12,2,140,0.0142857142857143,0.0335563733112881,2.45277867902246
Ontario,2020-05-13T00:00:00.000,20,129,334,3173,3173,129,2020-05-13,20,334,0.0598802395209581,0.0330747200437428,24.7875996754107
Ontario,2020-05-14T00:00:00.000,4,133,135,3308,3308,133,2020-05-14,4,135,0.0296296296296296,0.0323861854155735,5.01877727458647
Ontario,2020-05-15T00:00:00.000,6,139,136,3444,3444,139,2020-05-15,6,136,0.0441176470588235,0.031496828344116,7.61037859622254
Ontario,2020-05-16T00:00:00.000,7,146,160,3604,3604,146,2020-05-16,7,160,0.04375,0.0304201090564376,8.9543627567645
Ontario,2020-05-17T00:00:00.000,2,148,96,3700,3700,148,2020-05-17,2,96,0.0208333333333333,0.0291761972396749,2.56875993767684
Ontario,2020-05-18T00:00:00.000,4,152,157,3857,3857,152,2020-05-18,4,157,0.0254777070063694,0.0277908417701508,5.15014608139739
Ontario,2020-05-19T00:00:00.000,18,170,351,4208,4208,170,2020-05-19,18,351,0.0512820512820513,0.0262938996363415,23.1985897638254
Ontario,2020-05-20T00:00:00.000,6,176,264,4472,4472,176,2020-05-20,6,264,0.0227272727272727,0.0247176567608968,7.73863273252687
Ontario,2020-05-21T00:00:00.000,4,180,191,4663,4663,180,2020-05-21,4,191,0.0209424083769634,0.0230950911460621,5.16705001627679
Ontario,2020-05-22T00:00:00.000,2,182,125,4788,4788,182,2020-05-22,2,125,0.016,0.0214582269131578,2.58352295341729
Ontario,2020-05-23T00:00:00.000,2,184,201,4989,4989,184,2020-05-23,2,201,0.00995024875621891,0.0198367074830466,2.57944307929746
Ontario,2020-05-24T00:00:00.000,1,185,99,5088,5088,185,2020-05-24,1,99,0.0101010101010101,0.0182566815705586,1.28571447654308
Ontario,2020-05-25T00:00:00.000,10,195,218,5306,5306,195,2020-05-25,10,218,0.0458715596330275,0.016740053234704,12.795722006046
Ontario,2020-05-26T00:00:00.000,3,198,182,5488,5488,198,2020-05-26,3,182,0.0164835164835165,0.0153041039505484,3.81653943038754
Ontario,2020-05-27T00:00:00.000,3,201,246,5734,5734,201,2020-05-27,3,246,0.0121951219512195,0.0139614569268263,3.7959803887762
Ontario,2020-05-28T00:00:00.000,4,205,209,5943,5943,205,2020-05-28,4,209,0.0191387559808612,0.0127203260852335,5.02896735500648
Ontario,2020-05-29T00:00:00.000,1,206,126,6069,6069,206,2020-05-29,1,126,0.00793650793650794,0.0115849763083506,1.24808146074273
Ontario,2020-05-30T00:00:00.000,1,207,328,6397,6397,207,2020-05-30,1,328,0.00304878048780488,0.0105563174254439,1.24567615687323
Ontario,2020-05-31T00:00:00.000,1,208,188,6585,6585,208,2020-05-31,1,188,0.00531914893617021,0.00963255985250019,1.24883484722404
Ontario,2020-06-01T00:00:00.000,1,209,206,6791,6791,209,2020-06-01,1,206,0.00485436893203883,0.008809871758902,1.25272578584062
Ontario,2020-06-02T00:00:00.000,6,215,485,7276,7276,215,2020-06-02,6,485,0.0123711340206186,0.00808299286479814,7.53490908326615
Ontario,2020-06-03T00:00:00.000,3,218,421,7697,7697,218,2020-06-03,3,421,0.00712589073634204,0.00744577565278524,3.77430532589981
Ontario,2020-06-04T00:00:00.000,1,219,379,8076,8076,219,2020-06-04,1,379,0.00263852242744063,0.00689163887182655,1.25502457812501
Ontario,2020-06-05T00:00:00.000,1,220,505,8581,8581,220,2020-06-05,1,505,0.00198019801980198,0.00641392954536941,1.25108579598895
Ontario,2020-06-06T00:00:00.000,1,221,236,8817,8817,221,2020-06-06,1,236,0.00423728813559322,0.0060061978375035,1.24686711844753
Ontario,2020-06-07T00:00:00.000,0,221,293,9110,9110,221,2020-06-07,0,293,0,0.00566239422537312,0
Ontario,2020-06-08T00:00:00.000,1,222,238,9348,9348,222,2020-06-08,1,238,0.00420168067226891,0.0053770009443238,1.23786403771143
Ontario,2020-06-09T00:00:00.000,0,222,403,9751,9751,222,2020-06-09,0,403,0,0.00514511022800688,0
Ontario,2020-06-10T00:00:00.000,7,229,520,10271,10271,229,2020-06-10,7,520,0.0134615384615385,0.00496246107230617,8.59935662370931
Ontario,2020-06-11T00:00:00.000,1,230,392,10663,10663,230,2020-06-11,1,392,0.00255102040816327,0.00482544464755887,1.22374196148134
Ontario,2020-06-12T00:00:00.000,0,230,337,11000,11000,230,2020-06-12,0,337,0,0.00473108647980792,0
Ontario,2020-06-13T00:00:00.000,3,233,420,11420,11420,233,2020-06-13,3,420,0.00714285714285714,0.00467701141318646,3.64277744499122
Ontario,2020-06-14T00:00:00.000,0,233,240,11660,11660,233,2020-06-14,0,240,0,0.00466139534572717,0
Ontario,2020-06-15T00:00:00.000,1,234,338,11998,11998,234,2020-06-15,1,338,0.0029585798816568,0.00468290591392569,1.20473071503876
Ontario,2020-06-16T00:00:00.000,0,234,319,12317,12317,234,2020-06-16,0,319,0,0.00474063275816888,0
Ontario,2020-06-17T00:00:00.000,1,235,214,12531,12531,235,2020-06-17,1,214,0.00467289719626168,0.00483400677755143,1.19497753657247
Ontario,2020-06-18T00:00:00.000,4,239,327,12858,12858,239,2020-06-18,4,327,0.0122324159021407,0.00496270692532776,4.75974227068043
Ontario,2020-06-19T00:00:00.000,0,239,354,13212,13212,239,2020-06-19,0,354,0,0.00512655266502251,0
Ontario,2020-06-20T00:00:00.000,1,240,271,13483,13483,240,2020-06-20,1,271,0.003690036900369,0.00532538027454559,1.17935691047414
Ontario,2020-06-21T00:00:00.000,2,242,271,13754,13754,242,2020-06-21,2,271,0.00738007380073801,0.00555890184249957,2.3512114261088
Ontario,2020-06-22T00:00:00.000,0,242,207,13961,13961,242,2020-06-22,0,207,0,0.00582654713069145,0
Ontario,2020-06-23T00:00:00.000,4,246,293,14254,14254,246,2020-06-23,4,293,0.0136518771331058,0.00612729053685868,4.74807395294391
Ontario,2020-06-24T00:00:00.000,2,248,261,14515,14515,248,2020-06-24,2,261,0.00766283524904215,0.00645946816902427,2.38548614041529
Ontario,2020-06-25T00:00:00.000,4,252,285,14800,14800,252,2020-06-25,4,285,0.0140350877192982,0.00682059342488718,4.78861893745128
Ontario,2020-06-26T00:00:00.000,2,254,408,15208,15208,254,2020-06-26,2,408,0.00490196078431373,0.00720718317290175,2.39848646224184
Ontario,2020-06-27T00:00:00.000,2,256,226,15434,15434,256,2020-06-27,2,226,0.00884955752212389,0.00761461022674964,2.40148079612147
Ontario,2020-06-28T00:00:00.000,1,257,302,15736,15736,257,2020-06-28,1,302,0.0033112582781457,0.00803700065787186,1.20161710510607
Ontario,2020-06-29T00:00:00.000,2,259,252,15988,15988,259,2020-06-29,2,252,0.00793650793650794,0.00846719587148312,2.40525180353417
Ontario,2020-06-30T00:00:00.000,6,265,268,16256,16256,265,2020-06-30,6,268,0.0223880597014925,0.00889679852382043,7.26358154874813
Ontario,2020-07-01T00:00:00.000,3,268,288,16544,16544,268,2020-07-01,3,288,0.0104166666666667,0.00931631766245768,3.65831098559915
Ontario,2020-07-02T00:00:00.000,7,275,301,16845,16845,275,2020-07-02,7,301,0.0232558139534884,0.00971542164164781,8.58512555047185
Ontario,2020-07-03T00:00:00.000,3,278,385,17230,17230,278,2020-07-03,3,385,0.00779220779220779,0.0100832976074951,3.68336417340673
Ontario,2020-07-04T00:00:00.000,2,280,241,17471,17471,280,2020-07-04,2,241,0.00829875518672199,0.0104091044672531,2.45649208416954
Ontario,2020-07-05T00:00:00.000,2,282,223,17694,17694,282,2020-07-05,2,223,0.00896860986547085,0.010682493677724,2.45512615038199
Ontario,2020-07-06T00:00:00.000,1,283,406,18100,18100,283,2020-07-06,1,406,0.00246305418719212,0.0108941607490202,1.22592043127021
Ontario,2020-07-07T00:00:00.000,3,286,321,18421,18421,286,2020-07-07,3,321,0.00934579439252336,0.0110363820737022,3.67607860697442
Ontario,2020-07-08T00:00:00.000,4,290,370,18791,18791,290,2020-07-08,4,370,0.0108108108108108,0.0111034883139684,4.89490475889017
Ontario,2020-07-09T00:00:00.000,3,293,296,19087,19087,293,2020-07-09,3,296,0.0101351351351351,0.011092228221306,3.66306471286427
Ontario,2020-07-10T00:00:00.000,3,296,474,19561,19561,296,2020-07-10,3,474,0.00632911392405063,0.0110019856003692,3.65178418616436
Ontario,2020-07-11T00:00:00.000,4,300,324,19885,19885,300,2020-07-11,4,324,0.0123456790123457,0.0108348262413129,4.84990254763006
Ontario,2020-07-12T00:00:00.000,2,302,241,20126,20126,302,2020-07-12,2,241,0.00829875518672199,0.0105953691576365,2.41341590289488
Ontario,2020-07-13T00:00:00.000,5,307,359,20485,20485,307,2020-07-13,5,359,0.0139275766016713,0.0102904948575357,6.00007412053001
Ontario,2020-07-14T00:00:00.000,5,312,386,20871,20871,312,2020-07-14,5,386,0.0129533678756477,0.00992891993160501,5.96232232700754
Ontario,2020-07-15T00:00:00.000,5,317,423,21294,21294,317,2020-07-15,5,423,0.0118203309692671,0.0095206796269545,5.92067745184602
Ontario,2020-07-16T00:00:00.000,2,319,393,21687,21687,319,2020-07-16,2,393,0.00508905852417303,0.00907656669726141,2.35236447137742
Ontario,2020-07-17T00:00:00.000,5,324,437,22124,22124,324,2020-07-17,5,437,0.011441647597254,0.00860757515226671,5.85746811571865
Ontario,2020-07-18T00:00:00.000,0,324,200,22324,22324,324,2020-07-18,0,200,0,0.00812439208572108,0
Ontario,2020-07-19T00:00:00.000,2,326,262,22586,22586,326,2020-07-19,2,262,0.00763358778625954,0.00763697093554303,2.3181815906799
Ontario,2020-07-20T00:00:00.000,3,329,391,22977,22977,329,2020-07-20,3,391,0.00767263427109974,0.00715420722522816,3.45240538375908
Ontario,2020-07-21T00:00:00.000,4,333,377,23354,23354,333,2020-07-21,4,377,0.0106100795755968,0.00668372507121814,4.55108988296581
Ontario,2020-07-22T00:00:00.000,1,334,427,23781,23781,334,2020-07-22,1,427,0.00234192037470726,0.00623177125532995,1.12311706440914
Ontario,2020-07-23T00:00:00.000,3,337,433,24214,24214,337,2020-07-23,3,433,0.0069284064665127,0.00580320470650513,3.32162844487239
Ontario,2020-07-24T00:00:00.000,1,338,450,24664,24664,338,2020-07-24,1,450,0.00222222222222222,0.00540156340026529,1.09046681507897
Ontario,2020-07-25T00:00:00.000,3,341,329,24993,24993,341,2020-07-25,3,329,0.00911854103343465,0.00502918800810661,3.23161869969643
Ontario,2020-07-26T00:00:00.000,2,343,210,25203,25203,343,2020-07-26,2,210,0.00952380952380952,0.00468738167172322,2.14227093655571
Ontario,2020-07-27T00:00:00.000,2,345,295,25498,25498,345,2020-07-27,2,295,0.00677966101694915,0.00437658734611909,2.12886802366586
Ontario,2020-07-28T00:00:00.000,2,347,373,25871,25871,347,2020-07-28,2,373,0.00536193029490617,0.00409656747070478,2.11382703894024
Ontario,2020-07-29T00:00:00.000,2,349,397,26268,26268,349,2020-07-29,2,397,0.00503778337531486,0.00384657456479561,2.10449401266171
Ontario,2020-07-30T00:00:00.000,0,349,579,26847,26847,349,2020-07-30,0,579,0,0.00362550512638125,0
Ontario,2020-07-31T00:00:00.000,0,349,393,27240,27240,349,2020-07-31,0,393,0,0.00343203255879611,0
Ontario,2020-08-01T00:00:00.000,0,349,273,27513,27513,349,2020-08-01,0,273,0,0.00326471753721954,0
Ontario,2020-08-02T00:00:00.000,2,351,221,27734,27734,351,2020-08-02,2,221,0.00904977375565611,0.00312209620192504,2.09189217039197
Ontario,2020-08-03T00:00:00.000,1,352,255,27989,27989,352,2020-08-03,1,255,0.00392156862745098,0.00300274786073047,1.0433071770634
Ontario,2020-08-04T00:00:00.000,0,352,370,28359,28359,352,2020-08-04,0,370,0,0.00290534460148154,0
Ontario,2020-08-05T00:00:00.000,3,355,414,28773,28773,355,2020-08-05,3,414,0.0072463768115942,0.00282868548432417,3.11700867082328
Ontario,2020-08-06T00:00:00.000,2,357,453,29226,29226,357,2020-08-06,2,453,0.00441501103752759,0.00277171793033089,2.07444809840062
Ontario,2020-08-07T00:00:00.000,0,357,273,29499,29499,357,2020-08-07,0,273,0,0.00273354865835817,0
Ontario,2020-08-08T00:00:00.000,3,360,365,29864,29864,360,2020-08-08,3,365,0.00821917808219178,0.00271344614314173,3.10528594939705
Ontario,2020-08-09T00:00:00.000,1,361,231,30095,30095,361,2020-08-09,1,231,0.00432900432900433,0.00271083614195908,1.03622394763965
Ontario,2020-08-10T00:00:00.000,1,362,346,30441,30441,362,2020-08-10,1,346,0.00289017341040462,0.00272529141507311,1.03732188893092
Ontario,2020-08-11T00:00:00.000,1,363,441,30882,30882,363,2020-08-11,1,441,0.00226757369614512,0.0027565163864335,1.03839381305259
Ontario,2020-08-12T00:00:00.000,2,365,471,31353,31353,365,2020-08-12,2,471,0.00424628450106157,0.0028043271758478,2.07889015722734
Ontario,2020-08-13T00:00:00.000,1,366,587,31940,31940,366,2020-08-13,1,587,0.00170357751277683,0.0028686272024016,1.04048116140679
Ontario,2020-08-14T00:00:00.000,1,367,417,32357,32357,367,2020-08-14,1,417,0.00239808153477218,0.00294937842481492,1.04147753695446
Ontario,2020-08-15T00:00:00.000,1,368,414,32771,32771,368,2020-08-15,1,414,0.00241545893719807,0.00304656825770493,1.04547131213019
Ontario,2020-08-16T00:00:00.000,1,369,306,33077,33077,369,2020-08-16,1,306,0.00326797385620915,0.00316017228941573,1.04936470603098
Ontario,2020-08-17T00:00:00.000,2,371,416,33493,33493,371,2020-08-17,2,416,0.00480769230769231,0.00329011313583356,2.1128715514307
Ontario,2020-08-18T00:00:00.000,0,371,499,33992,33992,371,2020-08-18,0,499,0,0.00343621608498761,0
Ontario,2020-08-19T00:00:00.000,2,373,535,34527,34527,373,2020-08-19,2,535,0.00373831775700935,0.00359816261095685,2.14100831042015
Ontario,2020-08-20T00:00:00.000,0,373,720,35247,35247,373,2020-08-20,0,720,0,0.00377544333508219,0
Ontario,2020-08-21T00:00:00.000,5,378,600,35847,35847,378,2020-08-21,5,600,0.00833333333333333,0.00396731254180438,5.41849306249266
Ontario,2020-08-22T00:00:00.000,3,381,466,36313,36313,381,2020-08-22,3,466,0.00643776824034335,0.00417274685949885,3.26917013931218
Ontario,2020-08-23T00:00:00.000,0,381,439,36752,36752,381,2020-08-23,0,439,0,0.00439041112283131,0
Ontario,2020-08-24T00:00:00.000,0,381,382,37134,37134,381,2020-08-24,0,382,0,0.0046186346528717,0
Ontario,2020-08-25T00:00:00.000,0,381,386,37520,37520,381,2020-08-25,0,386,0,0.00485540115851974,0
Ontario,2020-08-26T00:00:00.000,3,384,339,37859,37859,384,2020-08-26,3,339,0.00884955752212389,0.00509835510154437,3.31317819159229
Ontario,2020-08-27T00:00:00.000,1,385,456,38315,38315,385,2020-08-27,1,456,0.00219298245614035,0.00534482665254204,1.1085120987059
Ontario,2020-08-28T00:00:00.000,1,386,396,38711,38711,386,2020-08-28,1,396,0.00252525252525253,0.00559187629636139,1.11214199693829
Ontario,2020-08-29T00:00:00.000,3,389,394,39105,39105,389,2020-08-29,3,394,0.00761421319796954,0.00583635878842465,3.35031857321028
Ontario,2020-08-30T00:00:00.000,2,391,292,39397,39397,391,2020-08-30,2,292,0.00684931506849315,0.00607500461702817,2.24103545993739
Ontario,2020-08-31T00:00:00.000,2,393,218,39615,39615,393,2020-08-31,2,218,0.00917431192660551,0.0063045155561583,2.25048696400408
Ontario,2020-09-01T00:00:00.000,0,393,332,39947,39947,393,2020-09-01,0,332,0,0.00652166946599184,0
Ontario,2020-09-02T00:00:00.000,3,396,369,40316,40316,396,2020-09-02,3,369,0.00813008130081301,0.00672342840293618,3.43049495380234
Ontario,2020-09-03T00:00:00.000,2,398,626,40942,40942,398,2020-09-03,2,626,0.00319488817891374,0.00690704348452713,2.30940167930593
Ontario,2020-09-04T00:00:00.000,3,401,400,41342,41342,401,2020-09-04,3,400,0.0075,0.00707014992423263,3.48794484775119
Ontario,2020-09-05T00:00:00.000,4,405,450,41792,41792,405,2020-09-05,4,450,0.00888888888888889,0.00721084622818024,4.67425200467253
Ontario,2020-09-06T00:00:00.000,3,408,178,41970,41970,408,2020-09-06,3,178,0.0168539325842697,0.00732775268795145,3.52072254403813
Ontario,2020-09-07T00:00:00.000,5,413,211,42181,42181,413,2020-09-07,5,211,0.023696682464455,0.00742004588185102,5.88905204906521
Ontario,2020-09-08T00:00:00.000,8,421,452,42633,42633,421,2020-09-08,8,452,0.0176991150442478,0.00748746774064206,9.45006590950215
Ontario,2020-09-09T00:00:00.000,2,423,268,42901,42901,423,2020-09-09,2,268,0.00746268656716418,0.00753030962951252,2.36784127811232
Ontario,2020-09-10T00:00:00.000,4,427,311,43212,43212,427,2020-09-10,4,311,0.0128617363344051,0.00754937365679282,4.74326133282815
Ontario,2020-09-11T00:00:00.000,8,435,1003,44215,44215,435,2020-09-11,8,1003,0.00797607178464606,0.00754591485682152,9.53588234313543
Ontario,2020-09-12T00:00:00.000,4,439,284,44499,44499,439,2020-09-12,4,284,0.0140845070422535,0.00752156890377743,4.79287014882929
Ontario,2020-09-13T00:00:00.000,4,443,396,44895,44895,443,2020-09-13,4,396,0.0101010101010101,0.00747827052960384,4.81564417647274
Ontario,2020-09-14T00:00:00.000,1,444,311,45206,45206,444,2020-09-14,1,311,0.00321543408360129,0.00741816785804696,1.20899690345996
Ontario,2020-09-15T00:00:00.000,5,449,438,45644,45644,449,2020-09-15,5,438,0.0114155251141553,0.00734353747985326,6.06701132263715
Ontario,2020-09-16T00:00:00.000,3,452,373,46017,46017,452,2020-09-16,3,373,0.00804289544235925,0.00725670438908407,3.65115113418876
Ontario,2020-09-17T00:00:00.000,2,454,673,46690,46690,454,2020-09-17,2,673,0.00297176820208024,0.00715996998740414,2.43972181354225
Ontario,2020-09-18T00:00:00.000,2,456,520,47210,47210,456,2020-09-18,2,520,0.00384615384615385,0.00705555036368484,2.44350121964526
Ontario,2020-09-19T00:00:00.000,5,461,443,47653,47653,461,2020-09-19,5,443,0.0112866817155756,0.00694552607856921,6.11317261086891
Ontario,2020-09-20T00:00:00.000,3,464,266,47919,47919,464,2020-09-20,3,266,0.0112781954887218,0.00683180379989142,3.66653946748052
Ontario,2020-09-21T00:00:00.000,1,465,346,48265,48265,465,2020-09-21,1,346,0.00289017341040462,0.00671608941721917,1.22016486961963
Ontario,2020-09-22T00:00:00.000,1,466,414,48679,48679,466,2020-09-22,1,414,0.00241545893719807,0.00659987171607925,1.21685163609502
Ontario,2020-09-23T00:00:00.000,1,467,466,49145,49145,467,2020-09-23,1,466,0.00214592274678112,0.00648441534171439,1.21218419427045
Ontario,2020-09-24T00:00:00.000,2,469,562,49707,49707,469,2020-09-24,2,562,0.00355871886120996,0.00637076159526341,2.42523685662244
Ontario,2020-09-25T00:00:00.000,2,471,677,50384,50384,471,2020-09-25,2,677,0.00295420974889217,0.00625973556209012,2.42092589392204
Ontario,2020-09-26T00:00:00.000,2,473,542,50926,50926,473,2020-09-26,2,542,0.003690036900369,0.00615195814214681,2.41388773055973
Ontario,2020-09-27T00:00:00.000,1,474,294,51220,51220,474,2020-09-27,1,294,0.00340136054421769,0.00604786169317454,1.20219616550444
Ontario,2020-09-28T00:00:00.000,1,475,299,51519,51519,475,2020-09-28,1,299,0.00334448160535117,0.0059477081829508,1.19547021923961
Ontario,2020-09-29T00:00:00.000,0,475,453,51972,51972,475,2020-09-29,0,453,0,0.00585160894984999,0
Ontario,2020-09-30T00:00:00.000,6,481,798,52770,52770,481,2020-09-30,6,798,0.0075187969924812,0.00575954536335766,7.06737785919902
Ontario,2020-10-01T00:00:00.000,3,484,554,53324,53324,484,2020-10-01,3,554,0.00541516245487365,0.00567138985221452,3.50189741248822
Ontario,2020-10-02T00:00:00.000,2,486,551,53875,53875,486,2020-10-02,2,551,0.00362976406533575,0.00558692691042039,2.31716036551963
Ontario,2020-10-03T00:00:00.000,3,489,518,54393,54393,489,2020-10-03,3,518,0.00579150579150579,0.00550587379831409,3.47713346645512
Ontario,2020-10-04T00:00:00.000,2,491,195,54588,54588,491,2020-10-04,2,195,0.0102564102564103,0.00542790073027891,2.32720756957797
Ontario,2020-10-05T00:00:00.000,9,500,467,55055,55055,500,2020-10-05,9,467,0.019271948608137,0.00535265038134538,10.5218394190553
Ontario,2020-10-06T00:00:00.000,2,502,449,55504,55504,502,2020-10-06,2,449,0.0044543429844098,0.00527975656021571,2.34929661326431
Ontario,2020-10-07T00:00:00.000,3,505,440,55944,55944,505,2020-10-07,3,440,0.00681818181818182,0.00520886189448749,3.54070754947346
Ontario,2020-10-08T00:00:00.000,6,511,1130,57074,57074,511,2020-10-08,6,1130,0.00530973451327434,0.00513963436264271,7.11495992544944
Ontario,2020-10-09T00:00:00.000,1,512,521,57595,57595,512,2020-10-09,1,521,0.00191938579654511,0.0050717824960308,1.19139611710574
Ontario,2020-10-10T00:00:00.000,4,516,932,58527,58527,516,2020-10-10,4,932,0.00429184549356223,0.00500506907234894,4.78769961544282
Ontario,2020-10-11T00:00:00.000,3,519,417,58944,58944,519,2020-10-11,3,417,0.00719424460431655,0.00493932313483872,3.60719803062728
Orange,2020-03-01T00:00:00.000,0,0,0,0,0,0,2020-03-01,0,0,0,0.0803384230538925,0
Orange,2020-03-02T00:00:00.000,0,0,0,0,0,0,2020-03-02,0,0,0,0.0867240862872947,0
Orange,2020-03-03T00:00:00.000,0,0,0,0,0,0,2020-03-03,0,0,0,0.0935625175833264,0
Orange,2020-03-04T00:00:00.000,0,0,0,0,0,0,2020-03-04,0,0,0,0.100871708965563,0
Orange,2020-03-05T00:00:00.000,0,0,0,0,0,0,2020-03-05,0,0,0,0.108665489359124,0
Orange,2020-03-06T00:00:00.000,0,0,0,0,0,0,2020-03-06,0,0,0,0.116952579752325,0
Orange,2020-03-07T00:00:00.000,0,0,0,0,0,0,2020-03-07,0,0,0,0.125735644969143,0
Orange,2020-03-08T00:00:00.000,0,0,0,0,0,0,2020-03-08,0,0,0,0.135010382719466,0
Orange,2020-03-09T00:00:00.000,0,0,1,1,1,0,2020-03-09,0,1,0,0.144764697113867,0
Orange,2020-03-10T00:00:00.000,0,0,0,1,1,0,2020-03-10,0,0,0.125,0.154978007839837,0
Orange,2020-03-11T00:00:00.000,1,1,4,5,5,1,2020-03-11,1,4,0.25,0.165620746704223,2.19967808322846
Orange,2020-03-12T00:00:00.000,0,1,12,17,17,1,2020-03-12,0,12,0,0.176654089504316,0
Orange,2020-03-13T00:00:00.000,5,6,22,39,39,6,2020-03-13,5,22,0.227272727272727,0.188029962792842,9.8275686830361
Orange,2020-03-14T00:00:00.000,0,6,12,51,51,6,2020-03-14,0,12,0,0.199691352176826,0
Orange,2020-03-15T00:00:00.000,5,11,36,87,87,11,2020-03-15,5,36,0.138888888888889,0.211572922075871,8.98719677957651
Orange,2020-03-16T00:00:00.000,4,15,36,123,123,15,2020-03-16,4,36,0.111111111111111,0.223601937661419,6.93728627579239
Orange,2020-03-17T00:00:00.000,17,32,83,206,206,32,2020-03-17,17,83,0.204819277108434,0.235699459833383,28.4658860449538
Orange,2020-03-18T00:00:00.000,19,51,94,300,300,51,2020-03-18,19,94,0.202127659574468,0.247781765572458,30.7413561331634
Orange,2020-03-19T00:00:00.000,33,84,180,480,480,84,2020-03-19,33,180,0.183333333333333,0.259761930888204,51.6420657119251
Orange,2020-03-20T00:00:00.000,79,163,377,857,857,163,2020-03-20,79,377,0.209549071618037,0.271551503482499,119.696404603266
Orange,2020-03-21T00:00:00.000,84,247,393,1250,1250,247,2020-03-21,84,393,0.213740458015267,0.283062188262454,123.3453403509
Orange,2020-03-22T00:00:00.000,142,389,472,1722,1722,389,2020-03-22,142,472,0.300847457627119,0.294207471223904,202.395516768913
Orange,2020-03-23T00:00:00.000,109,498,340,2062,2062,498,2020-03-23,109,340,0.320588235294118,0.304904115511665,151.061039410497
Orange,2020-03-24T00:00:00.000,140,638,298,2360,2360,638,2020-03-24,140,298,0.469798657718121,0.315073476448138,189.002045910974
Orange,2020-03-25T00:00:00.000,113,751,322,2682,2682,751,2020-03-25,113,322,0.350931677018634,0.324642598376978,150.123696054322
Orange,2020-03-26T00:00:00.000,160,911,394,3076,3076,911,2020-03-26,160,394,0.406091370558376,0.333545073448203,209.532125252867
Orange,2020-03-27T00:00:00.000,190,1101,498,3574,3574,1101,2020-03-27,190,498,0.381526104417671,0.341721659214145,245.594881007257
Orange,2020-03-28T00:00:00.000,146,1247,373,3947,3947,1247,2020-03-28,146,373,0.39142091152815,0.349120666641895,186.913443877908
Orange,2020-03-29T00:00:00.000,188,1435,394,4341,4341,1435,2020-03-29,188,394,0.477157360406091,0.355698141860301,240.568710125592
Orange,2020-03-30T00:00:00.000,121,1556,306,4647,4647,1556,2020-03-30,121,306,0.395424836601307,0.361417873070153,155.499210622291
Orange,2020-03-31T00:00:00.000,200,1756,477,5124,5124,1756,2020-03-31,200,477,0.419287211740042,0.366251258495417,257.865260102751
Orange,2020-04-01T00:00:00.000,237,1993,628,5752,5752,1993,2020-04-01,237,628,0.377388535031847,0.370177072286434,306.164171247042
Orange,2020-04-02T00:00:00.000,404,2397,1114,6866,6866,2397,2020-04-02,404,1114,0.362657091561939,0.3731811634517,515.648145905676
Orange,2020-04-03T00:00:00.000,344,2741,1046,7912,7912,2741,2020-04-03,344,1046,0.32887189292543,0.375256118844278,434.36736857002
Orange,2020-04-04T00:00:00.000,361,3102,1077,8989,8989,3102,2020-04-04,361,1077,0.33519034354689,0.376400915685069,455.034423585931
Orange,2020-04-05T00:00:00.000,295,3397,827,9816,9816,3397,2020-04-05,295,827,0.35671100362757,0.376620582711676,370.940167750744
Orange,2020-04-06T00:00:00.000,202,3599,604,10420,10420,3599,2020-04-06,202,604,0.334437086092715,0.375925882394952,255.208105796639
Orange,2020-04-07T00:00:00.000,266,3865,711,11131,11131,3865,2020-04-07,266,711,0.374120956399437,0.374333020239704,338.464951750015
Orange,2020-04-08T00:00:00.000,225,4090,578,11709,11709,4090,2020-04-08,225,578,0.389273356401384,0.3718633813383,288.329961104969
Orange,2020-04-09T00:00:00.000,442,4532,1335,13044,13044,4532,2020-04-09,442,1335,0.331086142322097,0.368543289357541,570.459920335152
Orange,2020-04-10T00:00:00.000,315,4847,879,13923,13923,4847,2020-04-10,315,879,0.358361774744027,0.364403779204411,409.430974888047
Orange,2020-04-11T00:00:00.000,180,5027,563,14486,14486,5027,2020-04-11,180,563,0.319715808170515,0.359480371827984,235.78038371592
Orange,2020-04-12T00:00:00.000,155,5182,492,14978,14978,5182,2020-04-12,155,492,0.315040650406504,0.353812838087383,205.467762025186
Orange,2020-04-13T00:00:00.000,396,5578,1161,16139,16139,5578,2020-04-13,396,1161,0.341085271317829,0.347444938301587,530.932866921579
Orange,2020-04-14T00:00:00.000,138,5716,341,16480,16480,5716,2020-04-14,138,341,0.404692082111437,0.340424125018014,186.997016172921
Orange,2020-04-15T00:00:00.000,172,5888,521,17001,17001,5888,2020-04-15,172,521,0.330134357005758,0.332801198545928,235.132079370226
Orange,2020-04-16T00:00:00.000,196,6084,512,17513,17513,6084,2020-04-16,196,512,0.3828125,0.324629907795761,269.58966776202
Orange,2020-04-17T00:00:00.000,182,6266,575,18088,18088,6266,2020-04-17,182,575,0.316521739130435,0.315966492697761,251.632220440107
Orange,2020-04-18T00:00:00.000,113,6379,411,18499,18499,6379,2020-04-18,113,411,0.274939172749392,0.306869168704613,156.87051763767
Orange,2020-04-19T00:00:00.000,103,6482,278,18777,18777,6482,2020-04-19,103,278,0.370503597122302,0.297397558302652,143.421121225537
Orange,2020-04-20T00:00:00.000,79,6561,298,19075,19075,6561,2020-04-20,79,298,0.26510067114094,0.287612078718306,110.236390571573
Orange,2020-04-21T00:00:00.000,129,6690,430,19505,19505,6690,2020-04-21,129,430,0.3,0.277573298811594,180.227979508998
Orange,2020-04-22T00:00:00.000,126,6816,399,19904,19904,6816,2020-04-22,126,399,0.315789473684211,0.267341281167875,176.09741820663
Orange,2020-04-23T00:00:00.000,339,7155,1213,21117,21117,7155,2020-04-23,339,1213,0.279472382522671,0.256974927410987,473.53125102372
Orange,2020-04-24T00:00:00.000,818,7973,2748,23865,23865,7973,2020-04-24,818,2748,0.297671033478894,0.246531345613383,1140.99818984334
Orange,2020-04-25T00:00:00.000,133,8106,643,24508,24508,8106,2020-04-25,133,643,0.206842923794712,0.236065258296651,185.088998040096
Orange,2020-04-26T00:00:00.000,132,8238,587,25095,25095,8238,2020-04-26,132,587,0.224872231686542,0.225628467979739,183.072286002172
Orange,2020-04-27T00:00:00.000,136,8374,645,25740,25740,8374,2020-04-27,136,645,0.210852713178295,0.215269394661051,187.784058404987
Orange,2020-04-28T00:00:00.000,114,8488,602,26342,26342,8488,2020-04-28,114,602,0.18936877076412,0.205032696275818,156.56170477056
Orange,2020-04-29T00:00:00.000,162,8650,880,27222,27222,8650,2020-04-29,162,880,0.184090909090909,0.194958979308885,221.847876048984
Orange,2020-04-30T00:00:00.000,101,8751,787,28009,28009,8751,2020-04-30,101,787,0.128335451080051,0.185084602690943,138.530370454933
Orange,2020-05-01T00:00:00.000,159,8910,839,28848,28848,8910,2020-05-01,159,839,0.189511323003576,0.17544157415648,218.368254323432
Orange,2020-05-02T00:00:00.000,57,8967,510,29358,29358,8967,2020-05-02,57,510,0.111764705882353,0.166057534645331,78.280570822793
Orange,2020-05-03T00:00:00.000,48,9015,421,29779,29779,9015,2020-05-03,48,421,0.114014251781473,0.156955823306104,65.7879752842595
Orange,2020-05-04T00:00:00.000,129,9144,869,30648,30648,9144,2020-05-04,129,869,0.148446490218642,0.148155613330449,176.143432214788
Orange,2020-05-05T00:00:00.000,71,9215,509,31157,31157,9215,2020-05-05,71,509,0.139489194499018,0.139672107275653,96.4513662717274
Orange,2020-05-06T00:00:00.000,113,9328,1181,32338,32338,9328,2020-05-06,113,1181,0.0956816257408975,0.131516779726875,152.697574693774
Orange,2020-05-07T00:00:00.000,74,9402,842,33180,33180,9402,2020-05-07,74,842,0.0878859857482185,0.123697655029626,99.7756871996939
Orange,2020-05-08T00:00:00.000,84,9486,690,33870,33870,9486,2020-05-08,84,690,0.121739130434783,0.116219608307791,113.346843930766
Orange,2020-05-09T00:00:00.000,57,9543,535,34405,34405,9543,2020-05-09,57,535,0.106542056074766,0.109084678935415,76.9535050609101
Orange,2020-05-10T00:00:00.000,41,9584,402,34807,34807,9584,2020-05-10,41,402,0.101990049751244,0.102292386920218,55.3659717157103
Orange,2020-05-11T00:00:00.000,48,9632,516,35323,35323,9632,2020-05-11,48,516,0.0930232558139535,0.0958400441527598,64.8132429388426
Orange,2020-05-12T00:00:00.000,61,9693,614,35937,35937,9693,2020-05-12,61,614,0.0993485342019544,0.0897230540576201,82.5412620281951
Orange,2020-05-13T00:00:00.000,78,9771,939,36876,36876,9771,2020-05-13,78,939,0.0830670926517572,0.0839351947491353,106.106960280397
Orange,2020-05-14T00:00:00.000,54,9825,766,37642,37642,9825,2020-05-14,54,766,0.0704960835509138,0.0784688822667587,74.0227913717458
Orange,2020-05-15T00:00:00.000,54,9879,715,38357,38357,9879,2020-05-15,54,715,0.0755244755244755,0.0733154117892644,74.5318012550577
Orange,2020-05-16T00:00:00.000,64,9943,662,39019,39019,9943,2020-05-16,64,662,0.0966767371601208,0.0684651758612495,88.7866182211137
Orange,2020-05-17T00:00:00.000,22,9965,367,39386,39386,9965,2020-05-17,22,367,0.0599455040871935,0.0639078596011641,30.5610846022621
Orange,2020-05-18T00:00:00.000,23,9988,362,39748,39748,9988,2020-05-18,23,362,0.0635359116022099,0.059632613585453,31.9628580982726
Orange,2020-05-19T00:00:00.000,55,10043,819,40567,40567,10043,2020-05-19,55,819,0.0671550671550672,0.0556282056398251,76.4004250027971
Orange,2020-05-20T00:00:00.000,49,10092,919,41486,41486,10092,2020-05-20,49,919,0.0533188248095756,0.0518831531210013,68.0629819138228
Orange,2020-05-21T00:00:00.000,50,10142,753,42239,42239,10142,2020-05-21,50,753,0.0664010624169987,0.0483858374768626,69.5460609231023
Orange,2020-05-22T00:00:00.000,55,10197,764,43003,43003,10197,2020-05-22,55,764,0.0719895287958115,0.0451246029466678,76.529164897725
Orange,2020-05-23T00:00:00.000,28,10225,638,43641,43641,10225,2020-05-23,28,638,0.0438871473354232,0.0420878412369065,38.9334321676042
Orange,2020-05-24T00:00:00.000,19,10244,478,44119,44119,10244,2020-05-24,19,478,0.0397489539748954,0.0392640639094977,26.3727535007892
Orange,2020-05-25T00:00:00.000,33,10277,617,44736,44736,10277,2020-05-25,33,617,0.053484602917342,0.0366419640667202,45.6668364494099
Orange,2020-05-26T00:00:00.000,15,10292,528,45264,45264,10292,2020-05-26,15,528,0.0284090909090909,0.0342104687393149,20.6811588192347
Orange,2020-05-27T00:00:00.000,33,10325,1013,46277,46277,10325,2020-05-27,33,1013,0.0325765054294176,0.0319587831909134,45.3609973380645
Orange,2020-05-28T00:00:00.000,36,10361,868,47145,47145,10361,2020-05-28,36,868,0.0414746543778802,0.0298764281639966,49.2951700278069
Orange,2020-05-29T00:00:00.000,28,10389,776,47921,47921,10389,2020-05-29,28,776,0.0360824742268041,0.0279532709161422,38.1640724683439
Orange,2020-05-30T00:00:00.000,17,10406,683,48604,48604,10406,2020-05-30,17,683,0.0248901903367496,0.0261795507395889,23.1899091946241
Orange,2020-05-31T00:00:00.000,16,10422,713,49317,49317,10422,2020-05-31,16,713,0.0224403927068724,0.0245458995255317,21.9406108656164
Orange,2020-06-01T00:00:00.000,27,10449,1027,50344,50344,10449,2020-06-01,27,1027,0.0262901655306719,0.0230433578295791,37.2372327069271
Orange,2020-06-02T00:00:00.000,11,10460,842,51186,51186,10460,2020-06-02,11,842,0.0130641330166271,0.0216633868138575,15.2452611125888
Orange,2020-06-03T00:00:00.000,11,10471,941,52127,52127,10471,2020-06-03,11,941,0.0116896918172157,0.0203978763843183,15.3065023057501
Orange,2020-06-04T00:00:00.000,13,10484,978,53105,53105,10484,2020-06-04,13,978,0.0132924335378323,0.0192391498044631,18.0793128405458
Orange,2020-06-05T00:00:00.000,24,10508,1157,54262,54262,10508,2020-06-05,24,1157,0.020743301642178,0.0181799650442232,33.3230865424454
Orange,2020-06-06T00:00:00.000,6,10514,847,55109,55109,10514,2020-06-06,6,847,0.00708382526564345,0.0172135131125358,8.31186365694628
Orange,2020-06-07T00:00:00.000,9,10523,827,55936,55936,10523,2020-06-07,9,827,0.0108827085852479,0.0163334136189714,12.4315473379656
Orange,2020-06-08T00:00:00.000,10,10533,957,56893,56893,10533,2020-06-08,10,957,0.0104493207941484,0.0155337078099704,13.7640565400617
Orange,2020-06-09T00:00:00.000,8,10541,937,57830,57830,10541,2020-06-09,8,937,0.00853788687299893,0.0148088493257912,10.9656666595764
Orange,2020-06-10T00:00:00.000,9,10550,1056,58886,58886,10550,2020-06-10,9,1056,0.00852272727272727,0.0141536929230845,12.2780018635441
Orange,2020-06-11T00:00:00.000,8,10558,1048,59934,59934,10558,2020-06-11,8,1048,0.00763358778625954,0.0135634814023866,10.8558347262179
Orange,2020-06-12T00:00:00.000,5,10563,967,60901,60901,10563,2020-06-12,5,967,0.00517063081695967,0.0130338309692611,6.74504837304963
Orange,2020-06-13T00:00:00.000,8,10571,655,61556,61556,10571,2020-06-13,8,655,0.0122137404580153,0.0125607152418346,10.7227446823873
Orange,2020-06-14T00:00:00.000,2,10573,810,62366,62366,10573,2020-06-14,2,810,0.00246913580246914,0.0121404480958003,2.6620175485748
Orange,2020-06-15T00:00:00.000,7,10580,758,63124,63124,10580,2020-06-15,7,758,0.00923482849604222,0.0117696655115487,9.24725623555233
Orange,2020-06-16T00:00:00.000,19,10599,744,63868,63868,10599,2020-06-16,19,744,0.0255376344086022,0.0114453065575118,24.8987158827439
Orange,2020-06-17T00:00:00.000,5,10604,793,64661,64661,10604,2020-06-17,5,793,0.00630517023959647,0.0111645936106347,6.49655788167562
Orange,2020-06-18T00:00:00.000,16,10620,1197,65858,65858,10620,2020-06-18,16,1197,0.0133667502088555,0.0109250118805119,20.6022075285082
Orange,2020-06-19T00:00:00.000,18,10638,646,66504,66504,10638,2020-06-19,18,646,0.0278637770897833,0.0107242882696598,22.9588052261152
Orange,2020-06-20T00:00:00.000,10,10648,698,67202,67202,10648,2020-06-20,10,698,0.0143266475644699,0.010560369570943,12.6292658483396
Orange,2020-06-21T00:00:00.000,6,10654,577,67779,67779,10654,2020-06-21,6,577,0.0103986135181976,0.0104313999759571,7.51187404970181
Orange,2020-06-22T00:00:00.000,12,10666,1239,69018,69018,10666,2020-06-22,12,1239,0.00968523002421308,0.0103356978476451,15.0115531761083
Orange,2020-06-23T00:00:00.000,3,10669,502,69520,69520,10669,2020-06-23,3,502,0.00597609561752988,0.0102717316987817,3.74987039216164
Orange,2020-06-24T00:00:00.000,10,10679,912,70432,70432,10679,2020-06-24,10,912,0.0109649122807018,0.0102380953178353,12.4896176292683
Orange,2020-06-25T00:00:00.000,19,10698,887,71319,71319,10698,2020-06-25,19,887,0.0214205186020293,0.0102334819967869,23.6877611392216
Orange,2020-06-26T00:00:00.000,12,10710,1012,72331,72331,10710,2020-06-26,12,1012,0.0118577075098814,0.0102566578454843,14.9077655019564
Orange,2020-06-27T00:00:00.000,3,10713,508,72839,72839,10713,2020-06-27,3,508,0.00590551181102362,0.0103064342242029,3.71292736177539
Orange,2020-06-28T00:00:00.000,3,10716,459,73298,73298,10716,2020-06-28,3,459,0.0065359477124183,0.0103816393935282,3.69832054578659
Orange,2020-06-29T00:00:00.000,7,10723,734,74032,74032,10723,2020-06-29,7,734,0.00953678474114441,0.0104810895681681,8.59993712157052
Orange,2020-06-30T00:00:00.000,7,10730,638,74670,74670,10730,2020-06-30,7,638,0.0109717868338558,0.0106035596686011,8.62421151326038
Orange,2020-07-01T00:00:00.000,14,10744,702,75372,75372,10744,2020-07-01,14,702,0.0199430199430199,0.0107477541900214,17.3178807918218
Orange,2020-07-02T00:00:00.000,15,10759,1204,76576,76576,10759,2020-07-02,15,1204,0.0124584717607973,0.0109122787474467,18.6116659732398
Orange,2020-07-03T00:00:00.000,7,10766,923,77499,77499,10766,2020-07-03,7,923,0.0075839653304442,0.0110956130030696,8.67713424253584
Orange,2020-07-04T00:00:00.000,9,10775,885,78384,78384,10775,2020-07-04,9,885,0.0101694915254237,0.0112960858288487,11.144981307329
Orange,2020-07-05T00:00:00.000,6,10781,622,79006,79006,10781,2020-07-05,6,622,0.00964630225080386,0.0115118536917818,7.4206564976662
Orange,2020-07-06T00:00:00.000,17,10798,642,79648,79648,10798,2020-07-06,17,642,0.0264797507788162,0.0117408833589885,20.9972250901848
Orange,2020-07-07T00:00:00.000,8,10806,734,80382,80382,10806,2020-07-07,8,734,0.0108991825613079,0.0119809400888273,9.88370873719163
Orange,2020-07-08T00:00:00.000,4,10810,866,81248,81248,10810,2020-07-08,4,866,0.0046189376443418,0.0122295824872832,4.942417914849
Orange,2020-07-09T00:00:00.000,10,10820,959,82207,82207,10820,2020-07-09,10,959,0.0104275286757039,0.0124841651510722,12.3554169908158
Orange,2020-07-10T00:00:00.000,10,10830,1007,83214,83214,10830,2020-07-10,10,1007,0.0099304865938431,0.0127418500770341,12.3526458600665
Orange,2020-07-11T00:00:00.000,5,10835,847,84061,84061,10835,2020-07-11,5,847,0.00590318772136954,0.0129996275839122,6.17381939998617
Orange,2020-07-12T00:00:00.000,6,10841,605,84666,84666,10841,2020-07-12,6,605,0.00991735537190083,0.0132543471652034,7.40419162014713
Orange,2020-07-13T00:00:00.000,9,10850,914,85580,85580,10850,2020-07-13,9,914,0.00984682713347921,0.0135027582761171,11.0975661845974
Orange,2020-07-14T00:00:00.000,28,10878,947,86527,86527,10878,2020-07-14,28,947,0.0295670538542767,0.0137415605700759,34.4918812621463
Orange,2020-07-15T00:00:00.000,17,10895,796,87323,87323,10895,2020-07-15,17,796,0.021356783919598,0.013967462563575,20.9168015316182
Orange,2020-07-16T00:00:00.000,13,10908,1081,88404,88404,10908,2020-07-16,13,1081,0.0120259019426457,0.0141772471578196,15.9876634987849
Orange,2020-07-17T00:00:00.000,13,10921,796,89200,89200,10921,2020-07-17,13,796,0.0163316582914573,0.0143678419198764,16.0300306601305
Orange,2020-07-18T00:00:00.000,10,10931,596,89796,89796,10931,2020-07-18,10,596,0.0167785234899329,0.0145363915701472,12.3561032584752
Orange,2020-07-19T00:00:00.000,7,10938,417,90213,90213,10938,2020-07-19,7,417,0.0167865707434053,0.0146803297796641,8.6615768773872
Orange,2020-07-20T00:00:00.000,15,10953,864,91077,91077,10953,2020-07-20,15,864,0.0173611111111111,0.0147974471891266,18.5632630058846
Orange,2020-07-21T00:00:00.000,7,10960,670,91747,91747,10960,2020-07-21,7,670,0.0104477611940299,0.0148859525501883,8.62838006566657
Orange,2020-07-22T00:00:00.000,8,10968,831,92578,92578,10968,2020-07-22,8,831,0.00962695547533093,0.0149445240753773,9.80622991474687
Orange,2020-07-23T00:00:00.000,8,10976,974,93552,93552,10976,2020-07-23,8,974,0.0082135523613963,0.0149723484632891,9.73827393109822
Orange,2020-07-24T00:00:00.000,18,10994,972,94524,94524,10994,2020-07-24,18,972,0.0185185185185185,0.0149691456248725,21.7346530716862
Orange,2020-07-25T00:00:00.000,4,10998,418,94942,94942,10998,2020-07-25,4,418,0.00956937799043062,0.0149351778376742,4.80429981320805
Orange,2020-07-26T00:00:00.000,12,11010,634,95576,95576,11010,2020-07-26,12,634,0.0189274447949527,0.0148712428505871,14.4267113040431
Orange,2020-07-27T00:00:00.000,14,11024,792,96368,96368,11024,2020-07-27,14,792,0.0176767676767677,0.0147786512935627,16.8304876284503
Orange,2020-07-28T00:00:00.000,10,11034,648,97016,97016,11034,2020-07-28,10,648,0.0154320987654321,0.0146591895529056,12.0062791891791
Orange,2020-07-29T00:00:00.000,38,11072,2123,99139,99139,11072,2020-07-29,38,2123,0.0178991992463495,0.0145150699938971,45.6641936687645
Orange,2020-07-30T00:00:00.000,10,11082,712,99851,99851,11082,2020-07-30,10,712,0.0140449438202247,0.0143488709982612,12.0532355608579
Orange,2020-07-31T00:00:00.000,6,11088,986,100837,100837,11088,2020-07-31,6,986,0.00608519269776876,0.0141634696946635,7.25129208043012
Orange,2020-08-01T00:00:00.000,5,11093,585,101422,101422,11093,2020-08-01,5,585,0.00854700854700855,0.0139619704768254,6.05671862689928
Orange,2020-08-02T00:00:00.000,3,11096,583,102005,102005,11096,2020-08-02,3,583,0.00514579759862779,0.0137476324195882,3.63922340194895
Orange,2020-08-03T00:00:00.000,9,11105,1050,103055,103055,11105,2020-08-03,9,1050,0.00857142857142857,0.0135237985328035,10.9147222109717
Orange,2020-08-04T00:00:00.000,8,11113,659,103714,103714,11113,2020-08-04,8,659,0.0121396054628225,0.0132938294630642,9.69520062193745
Orange,2020-08-05T00:00:00.000,14,11127,848,104562,104562,11127,2020-08-05,14,848,0.0165094339622642,0.0130610438016016,16.9505624620343
Orange,2020-08-06T00:00:00.000,2,11129,734,105296,105296,11129,2020-08-06,2,734,0.00272479564032698,0.012828666626704,2.41794168385699
Orange,2020-08-07T00:00:00.000,27,11156,1153,106449,106449,11156,2020-08-07,27,1153,0.023417172593235,0.012599787346471,32.5583023717945
Orange,2020-08-08T00:00:00.000,3,11159,644,107093,107093,11159,2020-08-08,3,644,0.0046583850931677,0.0123773273528331,3.61419986510969
Orange,2020-08-09T00:00:00.000,9,11168,543,107636,107636,11168,2020-08-09,9,543,0.0165745856353591,0.012164017486598,10.836611680497
Orange,2020-08-10T00:00:00.000,12,11180,1202,108838,108838,11180,2020-08-10,12,1202,0.00998336106489185,0.0119623848724256,14.4322907850964
Orange,2020-08-11T00:00:00.000,11,11191,990,109828,109828,11191,2020-08-11,11,990,0.0111111111111111,0.0117747483275321,13.2072951240899
Orange,2020-08-12T00:00:00.000,19,11210,904,110732,110732,11210,2020-08-12,19,904,0.0210176991150442,0.0116032212871567,22.7630335105398
Orange,2020-08-13T00:00:00.000,7,11217,1055,111787,111787,11217,2020-08-13,7,1055,0.00663507109004739,0.0114497210212367,8.36458388160191
Orange,2020-08-14T00:00:00.000,12,11229,1349,113136,113136,11229,2020-08-14,12,1349,0.00889547813194959,0.0113159828323544,14.2964210892393
Orange,2020-08-15T00:00:00.000,25,11254,858,113994,113994,11254,2020-08-15,25,858,0.0291375291375291,0.011203577912289,29.7719109610826
Orange,2020-08-16T00:00:00.000,2,11256,662,114656,114656,11256,2020-08-16,2,662,0.00302114803625378,0.0111139335784292,2.37997367043488
Orange,2020-08-17T00:00:00.000,13,11269,942,115598,115598,11269,2020-08-17,13,942,0.0138004246284501,0.0110483546944405,15.502264047923
Orange,2020-08-18T00:00:00.000,13,11282,1068,116666,116666,11282,2020-08-18,13,1068,0.0121722846441948,0.0110080451883893,15.5330256792881
Orange,2020-08-19T00:00:00.000,10,11292,1080,117746,117746,11292,2020-08-19,10,1080,0.00925925925925926,0.0109941287011317,11.9700609116257
Orange,2020-08-20T00:00:00.000,24,11316,1128,118874,118874,11316,2020-08-20,24,1128,0.0212765957446809,0.0110076675177546,28.7742786569745
Orange,2020-08-21T00:00:00.000,12,11328,1315,120189,120189,11328,2020-08-21,12,1315,0.0091254752851711,0.0110496790481245,14.4070508228536
Orange,2020-08-22T00:00:00.000,6,11334,940,121129,121129,11334,2020-08-22,6,940,0.00638297872340425,0.0111211492238435,7.21174366961605
Orange,2020-08-23T00:00:00.000,9,11343,587,121716,121716,11343,2020-08-23,9,587,0.0153321976149915,0.0112230422662878,10.8257559581631
Orange,2020-08-24T00:00:00.000,11,11354,671,122387,122387,11354,2020-08-24,11,671,0.0163934426229508,0.0113563063565726,13.2176584162864
Orange,2020-08-25T00:00:00.000,12,11366,798,123185,123185,11366,2020-08-25,12,798,0.0150375939849624,0.0115218748044327,14.3999288150999
Orange,2020-08-26T00:00:00.000,16,11382,873,124058,124058,11382,2020-08-26,16,873,0.0183276059564719,0.0117206623767342,19.2041782987919
Orange,2020-08-27T00:00:00.000,17,11399,1435,125493,125493,11399,2020-08-27,17,1435,0.0118466898954704,0.0119535565128525,20.4242308418292
Orange,2020-08-28T00:00:00.000,11,11410,1140,126633,126633,11410,2020-08-28,11,1140,0.00964912280701754,0.0122214032324068,13.2284596799777
Orange,2020-08-29T00:00:00.000,8,11418,1565,128198,128198,11418,2020-08-29,8,1565,0.00511182108626198,0.0125249876378458,9.64313772762878
Orange,2020-08-30T00:00:00.000,15,11433,668,128866,128866,11433,2020-08-30,15,668,0.0224550898203593,0.012865009039361,18.1174194934961
Orange,2020-08-31T00:00:00.000,12,11445,829,129695,129695,11445,2020-08-31,12,829,0.014475271411339,0.0132420508875185,14.5431373310176
Orange,2020-09-01T00:00:00.000,15,11460,1787,131482,131482,11460,2020-09-01,15,1787,0.00839395635142697,0.0136565458961015,18.2833559328991
Orange,2020-09-02T00:00:00.000,18,11478,1105,132587,132587,11478,2020-09-02,18,1105,0.016289592760181,0.0141087369743676,22.1665329347471
Orange,2020-09-03T00:00:00.000,9,11487,1220,133807,133807,11487,2020-09-03,9,1220,0.00737704918032787,0.014598634862786,11.1998961739114
Orange,2020-09-04T00:00:00.000,17,11504,1095,134902,134902,11504,2020-09-04,17,1095,0.0155251141552511,0.0151259736709372,21.3268516251072
Orange,2020-09-05T00:00:00.000,11,11515,944,135846,135846,11515,2020-09-05,11,944,0.0116525423728814,0.0156901658387709,13.8934130281046
Orange,2020-09-06T00:00:00.000,10,11525,654,136500,136500,11525,2020-09-06,10,654,0.0152905198776758,0.0162902583624627,12.7117769357018
Orange,2020-09-07T00:00:00.000,10,11535,651,137151,137151,11535,2020-09-07,10,651,0.0153609831029186,0.0169248924197653,12.7904940798909
Orange,2020-09-08T00:00:00.000,17,11552,891,138042,138042,11552,2020-09-08,17,891,0.0190796857463524,0.0175922687662749,21.8721996051185
Orange,2020-09-09T00:00:00.000,20,11572,973,139015,139015,11572,2020-09-09,20,973,0.0205549845837616,0.0182901214219831,25.8757509661755
Orange,2020-09-10T00:00:00.000,22,11594,1354,140369,140369,11594,2020-09-10,22,1354,0.0162481536189069,0.019015702192166,28.6127688966758
Orange,2020-09-11T00:00:00.000,17,11611,1222,141591,141591,11611,2020-09-11,17,1222,0.013911620294599,0.0197657784405558,22.3120780558024
Orange,2020-09-12T00:00:00.000,24,11635,798,142389,142389,11635,2020-09-12,24,798,0.0300751879699248,0.0205366462318569,31.7957462028294
Orange,2020-09-13T00:00:00.000,17,11652,759,143148,143148,11652,2020-09-13,17,759,0.0223978919631094,0.0213241604758388,22.7274335623043
Orange,2020-09-14T00:00:00.000,24,11676,1534,144682,144682,11676,2020-09-14,24,1534,0.015645371577575,0.0221237830394322,32.366273800182
Orange,2020-09-15T00:00:00.000,35,11711,816,145498,145498,11711,2020-09-15,35,816,0.0428921568627451,0.0229306489701337,47.5909033531806
Orange,2020-09-16T00:00:00.000,23,11734,1112,146610,146610,11734,2020-09-16,23,1112,0.0206834532374101,0.0237396500318398,31.5144607088202
Orange,2020-09-17T00:00:00.000,26,11760,1228,147838,147838,11760,2020-09-17,26,1228,0.0211726384364821,0.0245455337514867,35.8748248489364
Orange,2020-09-18T00:00:00.000,30,11790,1413,149251,149251,11790,2020-09-18,30,1413,0.0212314225053079,0.0253430151806557,41.652066964372
Orange,2020-09-19T00:00:00.000,22,11812,916,150167,150167,11812,2020-09-19,22,916,0.0240174672489083,0.0261268976671562,30.7084294112986
Orange,2020-09-20T00:00:00.000,10,11822,724,150891,150891,11822,2020-09-20,10,724,0.0138121546961326,0.026892198186058,14.0166491040582
Orange,2020-09-21T00:00:00.000,13,11835,1278,152169,152169,11835,2020-09-21,13,1278,0.0101721439749609,0.0276342722617548,18.2723760857957
Orange,2020-09-22T00:00:00.000,16,11851,845,153014,153014,11851,2020-09-22,16,845,0.0189349112426036,0.0283489332791718,22.524633630651
Orange,2020-09-23T00:00:00.000,39,11890,1507,154521,154521,11890,2020-09-23,39,1507,0.0258792302587923,0.0290325610560197,54.9205245156346
Orange,2020-09-24T00:00:00.000,65,11955,1592,156113,156113,11955,2020-09-24,65,1592,0.0408291457286432,0.0296821949349869,91.9322705694594
Orange,2020-09-25T00:00:00.000,59,12014,1462,157575,157575,12014,2020-09-25,59,1462,0.0403556771545828,0.0302956073268572,83.6153244316589
Orange,2020-09-26T00:00:00.000,22,12036,1205,158780,158780,12036,2020-09-26,22,1205,0.0182572614107884,0.0308713545397827,31.2006745747923
Orange,2020-09-27T00:00:00.000,26,12062,566,159346,159346,12062,2020-09-27,26,566,0.0459363957597173,0.0314088027957011,36.8547644285316
Orange,2020-09-28T00:00:00.000,60,12122,1497,160843,160843,12122,2020-09-28,60,1497,0.0400801603206413,0.0319081284744592,84.8486975348848
Orange,2020-09-29T00:00:00.000,21,12143,1121,161964,161964,12143,2020-09-29,21,1121,0.0187332738626227,0.0323702927489512,29.5848065799927
Orange,2020-09-30T00:00:00.000,56,12199,1405,163369,163369,12199,2020-09-30,56,1405,0.0398576512455516,0.0327969917955614,78.4945798185566
Orange,2020-10-01T00:00:00.000,74,12273,1595,164964,164964,12273,2020-10-01,74,1595,0.0463949843260188,0.0331905846069983,103.073357842508
Orange,2020-10-02T00:00:00.000,87,12360,1425,166389,166389,12360,2020-10-02,87,1425,0.0610526315789474,0.03355400104475,120.587552532537
Orange,2020-10-03T00:00:00.000,34,12394,875,167264,167264,12394,2020-10-03,34,875,0.0388571428571429,0.0338906331127058,47.2611588347675
Orange,2020-10-04T00:00:00.000,44,12438,945,168209,168209,12438,2020-10-04,44,945,0.0465608465608466,0.0342042125005826,61.5463881760879
Orange,2020-10-05T00:00:00.000,55,12493,1702,169911,169911,12493,2020-10-05,55,1702,0.0323149236192714,0.0344986772511568,77.4702943564372
Orange,2020-10-06T00:00:00.000,70,12563,1790,171701,171701,12563,2020-10-06,70,1790,0.0391061452513966,0.0347780299821933,99.2830258904328
Orange,2020-10-07T00:00:00.000,101,12664,2622,174323,174323,12664,2020-10-07,101,2622,0.0385202135774218,0.0350461894927266,144.238093124341
Orange,2020-10-08T00:00:00.000,84,12748,2324,176647,176647,12748,2020-10-08,84,2324,0.036144578313253,0.0353068368686911,120.779479215898
Orange,2020-10-09T00:00:00.000,50,12798,2234,178881,178881,12798,2020-10-09,50,2234,0.0223813786929275,0.0355632564469847,72.3786160613969
Orange,2020-10-10T00:00:00.000,44,12842,1789,180670,180670,12842,2020-10-10,44,1789,0.0245947456679709,0.0358181712792969,64.1193207624062
Orange,2020-10-11T00:00:00.000,27,12869,1170,181840,181840,12869,2020-10-11,27,1170,0.0230769230769231,0.0360735721431687,39.6063358396027
Orleans,2020-03-01T00:00:00.000,0,0,0,0,0,0,2020-03-01,0,0,0,0.0137117208630899,0
Orleans,2020-03-02T00:00:00.000,0,0,0,0,0,0,2020-03-02,0,0,0,0.0148064091125702,0
Orleans,2020-03-03T00:00:00.000,0,0,0,0,0,0,2020-03-03,0,0,0,0.0159869568508085,0
Orleans,2020-03-04T00:00:00.000,0,0,0,0,0,0,2020-03-04,0,0,0,0.0172596350759498,0
Orleans,2020-03-05T00:00:00.000,0,0,0,0,0,0,2020-03-05,0,0,0,0.0186309815087151,0
Orleans,2020-03-06T00:00:00.000,0,0,0,0,0,0,2020-03-06,0,0,0,0.0201077695441108,0
Orleans,2020-03-07T00:00:00.000,0,0,0,0,0,0,2020-03-07,0,0,0,0.0216969669836414,0
Orleans,2020-03-08T00:00:00.000,0,0,0,0,0,0,2020-03-08,0,0,0,0.0234056832121904,0
Orleans,2020-03-09T00:00:00.000,0,0,0,0,0,0,2020-03-09,0,0,0,0.0252411035152468,0
Orleans,2020-03-10T00:00:00.000,0,0,0,0,0,0,2020-03-10,0,0,0,0.0272104093258293,0
Orleans,2020-03-11T00:00:00.000,0,0,0,0,0,0,2020-03-11,0,0,0,0.0293206833575245,0
Orleans,2020-03-12T00:00:00.000,0,0,0,0,0,0,2020-03-12,0,0,0,0.0315787988352535,0
Orleans,2020-03-13T00:00:00.000,0,0,1,1,1,0,2020-03-13,0,1,0,0.033991292389079,0
Orleans,2020-03-14T00:00:00.000,0,0,0,1,1,0,2020-03-14,0,0,0,0.0365642206369903,0
Orleans,2020-03-15T00:00:00.000,0,0,0,1,1,0,2020-03-15,0,0,0,0.0393030010555112,0
Orleans,2020-03-16T00:00:00.000,0,0,5,6,6,0,2020-03-16,0,5,0,0.0422122384173505,0
Orleans,2020-03-17T00:00:00.000,0,0,5,11,11,0,2020-03-17,0,5,0,0.0452955388566237,0
Orleans,2020-03-18T00:00:00.000,0,0,3,14,14,0,2020-03-18,0,3,0,0.0485553144798972,0
Orleans,2020-03-19T00:00:00.000,0,0,6,20,20,0,2020-03-19,0,6,0,0.051992582350007,0
Orleans,2020-03-20T00:00:00.000,0,0,5,25,25,0,2020-03-20,0,5,0,0.055606762582118,0
Orleans,2020-03-21T00:00:00.000,0,0,7,32,32,0,2020-03-21,0,7,0,0.0593954811604738,0
Orleans,2020-03-22T00:00:00.000,0,0,4,36,36,0,2020-03-22,0,4,0,0.063354383844536,0
Orleans,2020-03-23T00:00:00.000,2,2,9,45,45,2,2020-03-23,2,9,0.222222222222222,0.0674769681215588,2.38371974449743
Orleans,2020-03-24T00:00:00.000,0,2,7,52,52,2,2020-03-24,0,7,0,0.0717544405092249,0
Orleans,2020-03-25T00:00:00.000,0,2,11,63,63,2,2020-03-25,0,11,0,0.0761756065567425,0
Orleans,2020-03-26T00:00:00.000,1,3,11,74,74,3,2020-03-26,1,11,0.0909090909090909,0.0807268005845582,1.13636266433627
Orleans,2020-03-27T00:00:00.000,0,3,8,82,82,3,2020-03-27,0,8,0,0.0853918615097525,0
Orleans,2020-03-28T00:00:00.000,0,3,3,85,85,3,2020-03-28,0,3,0,0.09015216001862,0
Orleans,2020-03-29T00:00:00.000,1,4,11,96,96,4,2020-03-29,1,11,0.0909090909090909,0.0949866808938622,1.12134538999487
Orleans,2020-03-30T00:00:00.000,2,6,14,110,110,6,2020-03-30,2,14,0.142857142857143,0.0998721625287269,2.26004089065041
Orleans,2020-03-31T00:00:00.000,0,6,6,116,116,6,2020-03-31,0,6,0,0.104783293651583,0
Orleans,2020-04-01T00:00:00.000,0,6,11,127,127,6,2020-04-01,0,11,0,0.109692965143906,0
Orleans,2020-04-02T00:00:00.000,3,9,13,140,140,9,2020-04-02,3,13,0.230769230769231,0.114572572688438,3.40258862026285
Orleans,2020-04-03T00:00:00.000,1,10,11,151,151,10,2020-04-03,1,11,0.0909090909090909,0.11939236396054,1.12606543063044
Orleans,2020-04-04T00:00:00.000,1,11,9,160,160,11,2020-04-04,1,9,0.111111111111111,0.124121822302164,1.12812389390742
Orleans,2020-04-05T00:00:00.000,2,13,16,176,176,13,2020-04-05,2,16,0.125,0.128730077399455,2.25886065888184
Orleans,2020-04-06T00:00:00.000,2,15,17,193,193,15,2020-04-06,2,17,0.117647058823529,0.133186332505463,2.27776457121112
Orleans,2020-04-07T00:00:00.000,1,16,14,207,207,16,2020-04-07,1,14,0.0714285714285714,0.137460297257618,1.1511289634701
Orleans,2020-04-08T00:00:00.000,6,22,27,234,234,22,2020-04-08,6,27,0.222222222222222,0.141522615142296,6.98076066938248
Orleans,2020-04-09T00:00:00.000,2,24,14,248,248,24,2020-04-09,2,14,0.142857142857143,0.145345275132701,2.35192844324164
Orleans,2020-04-10T00:00:00.000,0,24,3,251,251,24,2020-04-10,0,3,0,0.148901997914144,0
Orleans,2020-04-11T00:00:00.000,1,25,7,258,258,25,2020-04-11,1,7,0.142857142857143,0.15216858832231,1.20198804444898
Orleans,2020-04-12T00:00:00.000,1,26,6,264,264,26,2020-04-12,1,6,0.166666666666667,0.155123247070663,1.22068138669756
Orleans,2020-04-13T00:00:00.000,5,31,18,282,282,31,2020-04-13,5,18,0.277777777777778,0.157746836414007,6.19472306634801
Orleans,2020-04-14T00:00:00.000,2,33,8,290,290,33,2020-04-14,2,8,0.25,0.160023096006144,2.51305399511201
Orleans,2020-04-15T00:00:00.000,1,34,5,295,295,34,2020-04-15,1,5,0.2,0.161938806760224,1.27203787582565
Orleans,2020-04-16T00:00:00.000,0,34,4,299,299,34,2020-04-16,0,4,0,0.163483901959662,0
Orleans,2020-04-17T00:00:00.000,7,41,14,313,313,41,2020-04-17,7,14,0.5,0.164651526138255,9.06745429220567
Orleans,2020-04-18T00:00:00.000,5,46,35,348,348,46,2020-04-18,5,35,0.142857142857143,0.165438043334886,6.5253093182103
Orleans,2020-04-19T00:00:00.000,0,46,3,351,351,46,2020-04-19,0,3,0,0.165842997224824,0
Orleans,2020-04-20T00:00:00.000,7,53,33,384,384,53,2020-04-20,7,33,0.212121212121212,0.165869026341638,9.24467719334021
Orleans,2020-04-21T00:00:00.000,3,56,11,395,395,56,2020-04-21,3,11,0.272727272727273,0.165521738161779,3.9801688231204
Orleans,2020-04-22T00:00:00.000,3,59,11,406,406,59,2020-04-22,3,11,0.272727272727273,0.164809546244041,3.99480267690259
Orleans,2020-04-23T00:00:00.000,1,60,13,419,419,60,2020-04-23,1,13,0.0769230769230769,0.163743474931092,1.33529207884354
Orleans,2020-04-24T00:00:00.000,15,75,98,517,517,75,2020-04-24,15,98,0.153061224489796,0.162336936354797,20.0667680512027
Orleans,2020-04-25T00:00:00.000,5,80,28,545,545,80,2020-04-25,5,28,0.178571428571429,0.160605484651476,6.69532706978542
Orleans,2020-04-26T00:00:00.000,0,80,14,559,559,80,2020-04-26,0,14,0,0.158566552408638,0
Orleans,2020-04-27T00:00:00.000,0,80,8,567,567,80,2020-04-27,0,8,0,0.156239174422455,0
Orleans,2020-04-28T00:00:00.000,5,85,26,593,593,85,2020-04-28,5,26,0.192307692307692,0.153643703853491,6.67144421851894
Orleans,2020-04-29T00:00:00.000,4,89,35,628,628,89,2020-04-29,4,35,0.114285714285714,0.150801525808414,5.33883502906545
Orleans,2020-04-30T00:00:00.000,3,92,23,651,651,92,2020-04-30,3,23,0.130434782608696,0.147734773244146,4.0230563940571
Orleans,2020-05-01T00:00:00.000,1,93,29,680,680,93,2020-05-01,1,29,0.0344827586206897,0.144466049877153,1.34696312426
Orleans,2020-05-02T00:00:00.000,4,97,22,702,702,97,2020-05-02,4,22,0.181818181818182,0.141018164472102,5.40431639352001
Orleans,2020-05-03T00:00:00.000,0,97,21,723,723,97,2020-05-03,0,21,0,0.137413880485584,0
Orleans,2020-05-04T00:00:00.000,2,99,15,738,738,99,2020-05-04,2,15,0.133333333333333,0.133675684549284,2.70296343328709
Orleans,2020-05-05T00:00:00.000,4,103,36,774,774,103,2020-05-05,4,36,0.111111111111111,0.129825576703058,5.39429985498228
Orleans,2020-05-06T00:00:00.000,5,108,33,807,807,108,2020-05-06,5,33,0.151515151515152,0.125884884652851,6.72702345649487
Orleans,2020-05-07T00:00:00.000,13,121,62,869,869,121,2020-05-07,13,62,0.209677419354839,0.121874103642433,17.5021482036158
Orleans,2020-05-08T00:00:00.000,1,122,29,898,898,122,2020-05-08,1,29,0.0344827586206897,0.117812762825595,1.35120560864079
Orleans,2020-05-09T00:00:00.000,4,126,41,939,939,126,2020-05-09,4,41,0.0975609756097561,0.113719318327294,5.42276257872041
Orleans,2020-05-10T00:00:00.000,4,130,40,979,979,130,2020-05-10,4,40,0.1,0.109611072515494,5.43901394861582
Orleans,2020-05-11T00:00:00.000,3,133,31,1010,1010,133,2020-05-11,3,31,0.0967741935483871,0.105504118395368,4.08993127191363
Orleans,2020-05-12T00:00:00.000,9,142,61,1071,1071,142,2020-05-12,9,61,0.147540983606557,0.101413307504193,12.3282907763467
Orleans,2020-05-13T00:00:00.000,3,145,57,1128,1128,145,2020-05-13,3,57,0.0526315789473684,0.0973522392435257,4.14200586491623
Orleans,2020-05-14T00:00:00.000,2,147,38,1166,1166,147,2020-05-14,2,38,0.0526315789473684,0.0933332692463912,2.78955928190368
Orleans,2020-05-15T00:00:00.000,16,163,102,1268,1268,163,2020-05-15,16,102,0.156862745098039,0.0893675341470015,22.5250772836042
Orleans,2020-05-16T00:00:00.000,4,167,59,1327,1327,167,2020-05-16,4,59,0.0677966101694915,0.0854649899949995,5.67360874977516
Orleans,2020-05-17T00:00:00.000,0,167,42,1369,1369,167,2020-05-17,0,42,0,0.0816344615350364,0
Orleans,2020-05-18T00:00:00.000,1,168,48,1417,1417,168,2020-05-18,1,48,0.0208333333333333,0.0778836996402731,1.42729598333356
Orleans,2020-05-19T00:00:00.000,3,171,60,1477,1477,171,2020-05-19,3,60,0.05,0.0742194443401011,4.28920303313667
Orleans,2020-05-20T00:00:00.000,3,174,98,1575,1575,174,2020-05-20,3,98,0.0306122448979592,0.0706474910954943,4.29777014765146
Orleans,2020-05-21T00:00:00.000,1,175,50,1625,1625,175,2020-05-21,1,50,0.02,0.0671727582426603,1.43730860035229
Orleans,2020-05-22T00:00:00.000,21,196,85,1710,1710,196,2020-05-22,21,85,0.247058823529412,0.0637993538259537,30.2498947646422
Orleans,2020-05-23T00:00:00.000,6,202,129,1839,1839,202,2020-05-23,6,129,0.0465116279069767,0.0605306403615923,8.65162668221635
Orleans,2020-05-24T00:00:00.000,3,205,63,1902,1902,205,2020-05-24,3,63,0.0476190476190476,0.0573692964018581,4.32505422620226
Orleans,2020-05-25T00:00:00.000,3,208,49,1951,1951,208,2020-05-25,3,49,0.0612244897959184,0.0543173740890609,4.31821482544802
Orleans,2020-05-26T00:00:00.000,2,210,44,1995,1995,210,2020-05-26,2,44,0.0454545454545455,0.0513763521938589,2.87193119135517
Orleans,2020-05-27T00:00:00.000,2,212,117,2112,2112,212,2020-05-27,2,117,0.0170940170940171,0.0485471844089842,2.86652696611745
Orleans,2020-05-28T00:00:00.000,4,216,112,2224,2224,216,2020-05-28,4,112,0.0357142857142857,0.0458303429148074,5.71668552961706
Orleans,2020-05-29T00:00:00.000,12,228,83,2307,2307,228,2020-05-29,12,83,0.144578313253012,0.0432258574389347,17.0847656054036
Orleans,2020-05-30T00:00:00.000,1,229,101,2408,2408,229,2020-05-30,1,101,0.0099009900990099,0.0407333501963949,1.42576818933969
Orleans,2020-05-31T00:00:00.000,7,236,105,2513,2513,236,2020-05-31,7,105,0.0666666666666667,0.0383520672177186,10.0370885322049
Orleans,2020-06-01T00:00:00.000,5,241,89,2602,2602,241,2020-06-01,5,89,0.0561797752808989,0.0360809066504381,7.21201808038954
Orleans,2020-06-02T00:00:00.000,5,246,157,2759,2759,246,2020-06-02,5,157,0.0318471337579618,0.0339184446554777,7.24741522162571
Orleans,2020-06-03T00:00:00.000,1,247,81,2840,2840,247,2020-06-03,1,81,0.0123456790123457,0.0318629595185189,1.45496783247168
Orleans,2020-06-04T00:00:00.000,0,247,102,2942,2942,247,2020-06-04,0,102,0,0.0299124545615918,0
Orleans,2020-06-05T00:00:00.000,7,254,183,3125,3125,254,2020-06-05,7,183,0.0382513661202186,0.0280646803767178,10.1505301373919
Orleans,2020-06-06T00:00:00.000,1,255,115,3240,3240,255,2020-06-06,1,115,0.00869565217391304,0.0263171568191739,1.4453868714461
Orleans,2020-06-07T00:00:00.000,1,256,69,3309,3309,256,2020-06-07,1,69,0.0144927536231884,0.0246671950986629,1.43941810018099
Orleans,2020-06-08T00:00:00.000,1,257,77,3386,3386,257,2020-06-08,1,77,0.012987012987013,0.0231119201993032,1.43219626796455
Orleans,2020-06-09T00:00:00.000,2,259,117,3503,3503,259,2020-06-09,2,117,0.0170940170940171,0.0216482937506089,2.84751017286624
Orleans,2020-06-10T00:00:00.000,1,260,89,3592,3592,260,2020-06-10,1,89,0.0112359550561798,0.0202731373678965,1.41413315601795
Orleans,2020-06-11T00:00:00.000,0,260,89,3681,3681,260,2020-06-11,0,89,0,0.0189831563862753,0
Orleans,2020-06-12T00:00:00.000,1,261,114,3795,3795,261,2020-06-12,1,114,0.0087719298245614,0.017774963832195,1.39151767920511
Orleans,2020-06-13T00:00:00.000,6,267,92,3887,3887,267,2020-06-13,6,92,0.0652173913043478,0.0166451044133286,8.2716936960941
Orleans,2020-06-14T00:00:00.000,1,268,60,3947,3947,268,2020-06-14,1,60,0.0166666666666667,0.0155900782627883,1.36471597817738
Orleans,2020-06-15T00:00:00.000,0,268,117,4064,4064,268,2020-06-15,0,117,0,0.014606364148028,0
Orleans,2020-06-16T00:00:00.000,2,270,81,4145,4145,270,2020-06-16,2,81,0.0246913580246914,0.0136904418473657,2.66828581699502
Orleans,2020-06-17T00:00:00.000,1,271,121,4266,4266,271,2020-06-17,1,121,0.00826446280991736,0.0128388134064454,1.3175936848382
Orleans,2020-06-18T00:00:00.000,3,274,110,4376,4376,274,2020-06-18,3,110,0.0272727272727273,0.0120480230106984,3.90089640169644
Orleans,2020-06-19T00:00:00.000,1,275,89,4465,4465,275,2020-06-19,1,89,0.0112359550561798,0.011314675244958,1.28234280669178
Orleans,2020-06-20T00:00:00.000,1,276,97,4562,4562,276,2020-06-20,1,97,0.0103092783505155,0.0106354515549659,1.26382163888357
Orleans,2020-06-21T00:00:00.000,0,276,111,4673,4673,276,2020-06-21,0,111,0,0.0100071247741005,0
Orleans,2020-06-22T00:00:00.000,1,277,98,4771,4771,277,2020-06-22,1,98,0.0102040816326531,0.00942657162941993,1.23949785541478
Orleans,2020-06-23T00:00:00.000,0,277,53,4824,4824,277,2020-06-23,0,53,0,0.00889078319123396,0
Orleans,2020-06-24T00:00:00.000,2,279,85,4909,4909,279,2020-06-24,2,85,0.0235294117647059,0.00839687327773692,2.44888832831022
Orleans,2020-06-25T00:00:00.000,0,279,37,4946,4946,279,2020-06-25,0,37,0,0.00794208486859048,0
Orleans,2020-06-26T00:00:00.000,1,280,128,5074,5074,280,2020-06-26,1,128,0.0078125,0.00752379461815708,1.20441016729442
Orleans,2020-06-27T00:00:00.000,1,281,98,5172,5172,281,2020-06-27,1,98,0.0102040816326531,0.00713951558867921,1.19302962818766
Orleans,2020-06-28T00:00:00.000,0,281,121,5293,5293,281,2020-06-28,0,121,0,0.00678689834659591,0
Orleans,2020-06-29T00:00:00.000,0,281,70,5363,5363,281,2020-06-29,0,70,0,0.00646373058096928,0
Orleans,2020-06-30T00:00:00.000,0,281,84,5447,5447,281,2020-06-30,0,84,0,0.00616793541220021,0
Orleans,2020-07-01T00:00:00.000,1,282,68,5515,5515,282,2020-07-01,1,68,0.0147058823529412,0.00589756856263236,1.16493645874177
Orleans,2020-07-02T00:00:00.000,0,282,78,5593,5593,282,2020-07-02,0,78,0,0.00565081455890209,0
Orleans,2020-07-03T00:00:00.000,0,282,152,5745,5745,282,2020-07-03,0,152,0,0.0054259821299578,0
Orleans,2020-07-04T00:00:00.000,0,282,138,5883,5883,282,2020-07-04,0,138,0,0.00522149895562545,0
Orleans,2020-07-05T00:00:00.000,2,284,95,5978,5978,284,2020-07-05,2,95,0.0210526315789474,0.0050359059090375,2.27726886466114
Orleans,2020-07-06T00:00:00.000,1,285,98,6076,6076,285,2020-07-06,1,98,0.0102040816326531,0.00486785092334669,1.13103653055061
Orleans,2020-07-07T00:00:00.000,1,286,115,6191,6191,286,2020-07-07,1,115,0.00869565217391304,0.00471608259943474,1.1254831628128
Orleans,2020-07-08T00:00:00.000,0,286,41,6232,6232,286,2020-07-08,0,41,0,0.00457944365752959,0
Orleans,2020-07-09T00:00:00.000,1,287,140,6372,6372,287,2020-07-09,1,140,0.00714285714285714,0.00445686432235545,1.11461375465765
Orleans,2020-07-10T00:00:00.000,0,287,105,6477,6477,287,2020-07-10,0,105,0,0.0043473557189198,0
Orleans,2020-07-11T00:00:00.000,0,287,144,6621,6621,287,2020-07-11,0,144,0,0.00425000334477113,0
Orleans,2020-07-12T00:00:00.000,0,287,66,6687,6687,287,2020-07-12,0,66,0,0.00416396067463792,0
Orleans,2020-07-13T00:00:00.000,1,288,65,6752,6752,288,2020-07-13,1,65,0.0153846153846154,0.00408844294485126,1.09420521219109
Orleans,2020-07-14T00:00:00.000,0,288,81,6833,6833,288,2020-07-14,0,81,0,0.00402272115807362,0
Orleans,2020-07-15T00:00:00.000,0,288,147,6980,6980,288,2020-07-15,0,147,0,0.00396611634324834,0
Orleans,2020-07-16T00:00:00.000,0,288,73,7053,7053,288,2020-07-16,0,73,0,0.00391799410156294,0
Orleans,2020-07-17T00:00:00.000,0,288,114,7167,7167,288,2020-07-17,0,114,0,0.00387775946611756,0
Orleans,2020-07-18T00:00:00.000,0,288,48,7215,7215,288,2020-07-18,0,48,0,0.00384485210088929,0
Orleans,2020-07-19T00:00:00.000,0,288,64,7279,7279,288,2020-07-19,0,64,0,0.0038187418631138,0
Orleans,2020-07-20T00:00:00.000,0,288,90,7369,7369,288,2020-07-20,0,90,0,0.00379892475215071,0
Orleans,2020-07-21T00:00:00.000,0,288,72,7441,7441,288,2020-07-21,0,72,0,0.00378491926686162,0
Orleans,2020-07-22T00:00:00.000,0,288,78,7519,7519,288,2020-07-22,0,78,0,0.00377626319240724,0
Orleans,2020-07-23T00:00:00.000,1,289,85,7604,7604,289,2020-07-23,1,85,0.0117647058823529,0.00377251083555795,1.06053756650396
Orleans,2020-07-24T00:00:00.000,0,289,71,7675,7675,289,2020-07-24,0,71,0,0.00377323072521814,0
Orleans,2020-07-25T00:00:00.000,1,290,70,7745,7745,290,2020-07-25,1,70,0.0142857142857143,0.00377800379133687,1.04682794983982
Orleans,2020-07-26T00:00:00.000,0,290,75,7820,7820,290,2020-07-26,0,75,0,0.00378642203076041,0
Orleans,2020-07-27T00:00:00.000,0,290,74,7894,7894,290,2020-07-27,0,74,0,0.00379808766272166,0
Orleans,2020-07-28T00:00:00.000,1,291,111,8005,8005,291,2020-07-28,1,111,0.00900900900900901,0.00381261276953608,1.04934841724177
Orleans,2020-07-29T00:00:00.000,0,291,80,8085,8085,291,2020-07-29,0,80,0,0.00382961940978365,0
Orleans,2020-07-30T00:00:00.000,2,293,100,8185,8185,293,2020-07-30,2,100,0.02,0.00384874018210117,2.11340984495577
Orleans,2020-07-31T00:00:00.000,2,295,170,8355,8355,295,2020-07-31,2,170,0.0117647058823529,0.00386961920774553,2.12297070470722
Orleans,2020-08-01T00:00:00.000,0,295,81,8436,8436,295,2020-08-01,0,81,0,0.00389191349003102,0
Orleans,2020-08-02T00:00:00.000,0,295,61,8497,8497,295,2020-08-02,0,61,0,0.00391529459873744,0
Orleans,2020-08-03T00:00:00.000,0,295,123,8620,8620,295,2020-08-03,0,123,0,0.00393945061833828,0
Orleans,2020-08-04T00:00:00.000,2,297,162,8782,8782,297,2020-08-04,2,162,0.0123456790123457,0.00396408829089099,2.14756407596214
Orleans,2020-08-05T00:00:00.000,0,297,66,8848,8848,297,2020-08-05,0,66,0,0.00398893527813784,0
Orleans,2020-08-06T00:00:00.000,0,297,111,8959,8959,297,2020-08-06,0,111,0,0.00401374246322805,0
Orleans,2020-08-07T00:00:00.000,1,298,199,9158,9158,298,2020-08-07,1,199,0.0050251256281407,0.00403828621099917,1.07617122630672
Orleans,2020-08-08T00:00:00.000,0,298,89,9247,9247,298,2020-08-08,0,89,0,0.00406237050698106,0
Orleans,2020-08-09T00:00:00.000,0,298,65,9312,9312,298,2020-08-09,0,65,0,0.00408582889943728,0
Orleans,2020-08-10T00:00:00.000,0,298,110,9422,9422,298,2020-08-10,0,110,0,0.0041085261758306,0
Orleans,2020-08-11T00:00:00.000,0,298,110,9532,9532,298,2020-08-11,0,110,0,0.00413035971464938,0
Orleans,2020-08-12T00:00:00.000,1,299,166,9698,9698,299,2020-08-12,1,166,0.00602409638554217,0.00415126046541934,1.08102733979843
Orleans,2020-08-13T00:00:00.000,0,299,113,9811,9811,299,2020-08-13,0,113,0,0.00417119352330743,0
Orleans,2020-08-14T00:00:00.000,1,300,104,9915,9915,300,2020-08-14,1,104,0.00961538461538462,0.00419015827937837,1.0786980664487
Orleans,2020-08-15T00:00:00.000,1,301,174,10089,10089,301,2020-08-15,1,174,0.00574712643678161,0.00420818814265586,1.07979308959373
Orleans,2020-08-16T00:00:00.000,1,302,75,10164,10164,302,2020-08-16,1,75,0.0133333333333333,0.00422534984504817,1.08029320507265
Orleans,2020-08-17T00:00:00.000,0,302,96,10260,10260,302,2020-08-17,0,96,0,0.0042417423540029,0
Orleans,2020-08-18T00:00:00.000,1,303,134,10394,10394,303,2020-08-18,1,134,0.00746268656716418,0.0042574954302102,1.08656849015785
Orleans,2020-08-19T00:00:00.000,0,303,95,10489,10489,303,2020-08-19,0,95,0,0.0042727678780075,0
Orleans,2020-08-20T00:00:00.000,0,303,94,10583,10583,303,2020-08-20,0,94,0,0.00428774554404552,0
Orleans,2020-08-21T00:00:00.000,1,304,130,10713,10713,304,2020-08-21,1,130,0.00769230769230769,0.00430263912516729,1.09252747637338
Orleans,2020-08-22T00:00:00.000,0,304,111,10824,10824,304,2020-08-22,0,111,0,0.00431768184910862,0
Orleans,2020-08-23T00:00:00.000,0,304,99,10923,10923,304,2020-08-23,0,99,0,0.00433312709156795,0
Orleans,2020-08-24T00:00:00.000,0,304,67,10990,10990,304,2020-08-24,0,67,0,0.00434924599092265,0
Orleans,2020-08-25T00:00:00.000,1,305,143,11133,11133,305,2020-08-25,1,143,0.00699300699300699,0.00436632511721472,1.08902635737856
Orleans,2020-08-26T00:00:00.000,0,305,105,11238,11238,305,2020-08-26,0,105,0,0.0043846642458195,0
Orleans,2020-08-27T00:00:00.000,1,306,97,11335,11335,306,2020-08-27,1,97,0.0103092783505155,0.00440457427851797,1.08727015969875
Orleans,2020-08-28T00:00:00.000,0,306,147,11482,11482,306,2020-08-28,0,147,0,0.00442637534619648,0
Orleans,2020-08-29T00:00:00.000,0,306,114,11596,11596,306,2020-08-29,0,114,0,0.00445039511829036,0
Orleans,2020-08-30T00:00:00.000,0,306,118,11714,11714,306,2020-08-30,0,118,0,0.0044769673350469,0
Orleans,2020-08-31T00:00:00.000,0,306,71,11785,11785,306,2020-08-31,0,71,0,0.00450643056971104,0
Orleans,2020-09-01T00:00:00.000,0,306,112,11897,11897,306,2020-09-01,0,112,0,0.004539127219441,0
Orleans,2020-09-02T00:00:00.000,0,306,184,12081,12081,306,2020-09-02,0,184,0,0.00457540271610763,0
Orleans,2020-09-03T00:00:00.000,1,307,225,12306,12306,307,2020-09-03,1,225,0.00444444444444444,0.00461560494146419,1.10908064307022
Orleans,2020-09-04T00:00:00.000,3,310,161,12467,12467,310,2020-09-04,3,161,0.0186335403726708,0.00466008382539569,3.34553917526969
Orleans,2020-09-05T00:00:00.000,4,314,347,12814,12814,314,2020-09-05,4,347,0.0115273775216138,0.00470919110131496,4.4792791743026
Orleans,2020-09-06T00:00:00.000,1,315,66,12880,12880,315,2020-09-06,1,66,0.0151515151515152,0.0047632801890699,1.12409775115238
Orleans,2020-09-07T00:00:00.000,2,317,130,13010,13010,317,2020-09-07,2,130,0.0153846153846154,0.00482270617307519,2.25628421618859
Orleans,2020-09-08T00:00:00.000,0,317,86,13096,13096,317,2020-09-08,0,86,0,0.00488782584159154,0
Orleans,2020-09-09T00:00:00.000,1,318,99,13195,13195,318,2020-09-09,1,99,0.0101010101010101,0.00495899775226908,1.13548316430445
Orleans,2020-09-10T00:00:00.000,2,320,195,13390,13390,320,2020-09-10,2,195,0.0102564102564103,0.0050365822889064,2.27755859338909
Orleans,2020-09-11T00:00:00.000,1,321,123,13513,13513,321,2020-09-11,1,123,0.00813008130081301,0.00512094167511811,1.14666007123354
Orleans,2020-09-12T00:00:00.000,0,321,132,13645,13645,321,2020-09-12,0,132,0,0.00521243991193131,0
Orleans,2020-09-13T00:00:00.000,0,321,81,13726,13726,321,2020-09-13,0,81,0,0.00531144260843184,0
Orleans,2020-09-14T00:00:00.000,1,322,57,13783,13783,322,2020-09-14,1,57,0.0175438596491228,0.00541831667728052,1.17160700946339
Orleans,2020-09-15T00:00:00.000,0,322,165,13948,13948,322,2020-09-15,0,165,0,0.00553342987044546,0
Orleans,2020-09-16T00:00:00.000,0,322,251,14199,14199,322,2020-09-16,0,251,0,0.00565715013468231,0
Orleans,2020-09-17T00:00:00.000,0,322,160,14359,14359,322,2020-09-17,0,160,0,0.00578984477138351,0
Orleans,2020-09-18T00:00:00.000,1,323,240,14599,14599,323,2020-09-18,1,240,0.00416666666666667,0.00593187939142239,1.20073924696491
Orleans,2020-09-19T00:00:00.000,0,323,171,14770,14770,323,2020-09-19,0,171,0,0.006083616662555,0
Orleans,2020-09-20T00:00:00.000,1,324,62,14832,14832,324,2020-09-20,1,62,0.0161290322580645,0.00624541485517872,1.21126090524641
Orleans,2020-09-21T00:00:00.000,1,325,278,15110,15110,325,2020-09-21,1,278,0.00359712230215827,0.00641762620137538,1.21463086182773
Orleans,2020-09-22T00:00:00.000,0,325,144,15254,15254,325,2020-09-22,0,144,0,0.00660059509292924,0
Orleans,2020-09-23T00:00:00.000,2,327,256,15510,15510,327,2020-09-23,2,256,0.0078125,0.00679465615574531,2.43572513931133
Orleans,2020-09-24T00:00:00.000,3,330,164,15674,15674,330,2020-09-24,3,164,0.0182926829268293,0.00700013225133917,3.67228947437217
Orleans,2020-09-25T00:00:00.000,2,332,149,15823,15823,332,2020-09-25,2,149,0.0134228187919463,0.00721733247057621,2.45563360540347
Orleans,2020-09-26T00:00:00.000,3,335,162,15985,15985,335,2020-09-26,3,162,0.0185185185185185,0.00744655020039425,3.69064694199466
Orleans,2020-09-27T00:00:00.000,0,335,80,16065,16065,335,2020-09-27,0,80,0,0.00768806136096147,0
Orleans,2020-09-28T00:00:00.000,0,335,131,16196,16196,335,2020-09-28,0,131,0,0.00794212292817365,0
Orleans,2020-09-29T00:00:00.000,1,336,135,16331,16331,336,2020-09-29,1,135,0.00740740740740741,0.0082089718742978,1.22818461718656
Orleans,2020-09-30T00:00:00.000,0,336,192,16523,16523,336,2020-09-30,0,192,0,0.00848882467779024,0
Orleans,2020-10-01T00:00:00.000,0,336,118,16641,16641,336,2020-10-01,0,118,0,0.00878187757118951,0
Orleans,2020-10-02T00:00:00.000,1,337,164,16805,16805,337,2020-10-02,1,164,0.00609756097560976,0.00908830771332335,1.21634590969664
Orleans,2020-10-03T00:00:00.000,0,337,130,16935,16935,337,2020-10-03,0,130,0,0.00940827548850358,0
Orleans,2020-10-04T00:00:00.000,0,337,47,16982,16982,337,2020-10-04,0,47,0,0.00974192815041413,0
Orleans,2020-10-05T00:00:00.000,1,338,89,17071,17071,338,2020-10-05,1,89,0.0112359550561798,0.0100894050420184,1.24560065513687
Orleans,2020-10-06T00:00:00.000,2,340,148,17219,17219,340,2020-10-06,2,148,0.0135135135135135,0.010450844634942,2.51531048932112
Orleans,2020-10-07T00:00:00.000,2,342,190,17409,17409,342,2020-10-07,2,190,0.0105263157894737,0.0108263936425612,2.53964430570401
Orleans,2020-10-08T00:00:00.000,1,343,163,17572,17572,343,2020-10-08,1,163,0.00613496932515337,0.0112162184710699,1.28207263778259
Orleans,2020-10-09T00:00:00.000,1,344,178,17750,17750,344,2020-10-09,1,178,0.00561797752808989,0.0116205192830628,1.29438261684839
Orleans,2020-10-10T00:00:00.000,6,350,170,17920,17920,350,2020-10-10,6,170,0.0352941176470588,0.0120395469600058,7.84039892744043
Orleans,2020-10-11T00:00:00.000,2,352,81,18001,18001,352,2020-10-11,2,81,0.0246913580246914,0.0124736232656491,2.63822143487753
Oswego,2020-03-01T00:00:00.000,0,0,0,0,0,0,2020-03-01,0,0,0,0.0387870841582125,0
Oswego,2020-03-02T00:00:00.000,0,0,0,0,0,0,2020-03-02,0,0,0,0.038711506301232,0
Oswego,2020-03-03T00:00:00.000,0,0,0,0,0,0,2020-03-03,0,0,0,0.0386370812777895,0
Oswego,2020-03-04T00:00:00.000,0,0,0,0,0,0,2020-03-04,0,0,0,0.0385654252579567,0
Oswego,2020-03-05T00:00:00.000,0,0,0,0,0,0,2020-03-05,0,0,0,0.038498778789656,0
Oswego,2020-03-06T00:00:00.000,0,0,0,0,0,0,2020-03-06,0,0,0,0.0384398819951311,0
Oswego,2020-03-07T00:00:00.000,0,0,0,0,0,0,2020-03-07,0,0,0,0.0383918550355386,0
Oswego,2020-03-08T00:00:00.000,0,0,0,0,0,0,2020-03-08,0,0,0,0.0383580850116809,0
Oswego,2020-03-09T00:00:00.000,0,0,0,0,0,0,2020-03-09,0,0,0,0.038342120218503,0
Oswego,2020-03-10T00:00:00.000,0,0,1,1,1,0,2020-03-10,0,1,0,0.0383475723141059,0
Oswego,2020-03-11T00:00:00.000,0,0,0,1,1,0,2020-03-11,0,0,0,0.0383780265451457,0
Oswego,2020-03-12T00:00:00.000,0,0,0,1,1,0,2020-03-12,0,0,0,0.0384369597454632,0
Oswego,2020-03-13T00:00:00.000,0,0,2,3,3,0,2020-03-13,0,2,0,0.0385276654282242,0
Oswego,2020-03-14T00:00:00.000,0,0,2,5,5,0,2020-03-14,0,2,0,0.0386531849554967,0
Oswego,2020-03-15T00:00:00.000,0,0,0,5,5,0,2020-03-15,0,0,0,0.0388162435210801,0
Oswego,2020-03-16T00:00:00.000,0,0,4,9,9,0,2020-03-16,0,4,0,0.0390191895301273,0
Oswego,2020-03-17T00:00:00.000,0,0,3,12,12,0,2020-03-17,0,3,0,0.0392639359245442,0
Oswego,2020-03-18T00:00:00.000,0,0,8,20,20,0,2020-03-18,0,8,0,0.0395519020782823,0
Oswego,2020-03-19T00:00:00.000,0,0,3,23,23,0,2020-03-19,0,3,0,0.0398839550868097,0
Oswego,2020-03-20T00:00:00.000,0,0,11,34,34,0,2020-03-20,0,11,0,0.0402603495856079,0
Oswego,2020-03-21T00:00:00.000,0,0,19,53,53,0,2020-03-21,0,19,0,0.040680665661435,0
Oswego,2020-03-22T00:00:00.000,1,1,23,76,76,1,2020-03-22,1,23,0.0434782608695652,0.0411437449506175,1.17078609571003
Oswego,2020-03-23T00:00:00.000,1,2,28,104,104,2,2020-03-23,1,28,0.0357142857142857,0.0416476256471588,1.13571318247222
Oswego,2020-03-24T00:00:00.000,0,2,13,117,117,2,2020-03-24,0,13,0,0.0421894778484987,0
Oswego,2020-03-25T00:00:00.000,2,4,25,142,142,4,2020-03-25,2,25,0.08,0.0427655414292561,2.16954991942673
Oswego,2020-03-26T00:00:00.000,0,4,18,160,160,4,2020-03-26,0,18,0,0.0433710694189517,0
Oswego,2020-03-27T00:00:00.000,3,7,38,198,198,7,2020-03-27,3,38,0.0789473684210526,0.0440002806278302,3.15911370944407
Oswego,2020-03-28T00:00:00.000,1,8,35,233,233,8,2020-03-28,1,35,0.0285714285714286,0.0446463259612024,1.04224231228634
Oswego,2020-03-29T00:00:00.000,6,14,53,286,286,14,2020-03-29,6,53,0.113207547169811,0.0453012734281892,6.24791945377407
Oswego,2020-03-30T00:00:00.000,1,15,30,316,316,15,2020-03-30,1,30,0.0333333333333333,0.0459561172075816,1.04562555460578
Oswego,2020-03-31T00:00:00.000,2,17,27,343,343,17,2020-03-31,2,27,0.0740740740740741,0.0466008162137678,2.09823572534041
Oswego,2020-04-01T00:00:00.000,5,22,80,423,423,22,2020-04-01,5,80,0.0625,0.0472243673307468,5.25716596630197
Oswego,2020-04-02T00:00:00.000,4,26,82,505,505,26,2020-04-02,4,82,0.0487804878048781,0.0478149177915652,4.15715728882952
Oswego,2020-04-03T00:00:00.000,0,26,31,536,536,26,2020-04-03,0,31,0,0.0483599200277803,0
Oswego,2020-04-04T00:00:00.000,2,28,26,562,562,28,2020-04-04,2,26,0.0769230769230769,0.0488463306863355,2.05534709565583
Oswego,2020-04-05T00:00:00.000,1,29,39,601,601,29,2020-04-05,1,39,0.0256410256410256,0.049260853427466,1.02598647584675
Oswego,2020-04-06T00:00:00.000,2,31,70,671,671,31,2020-04-06,2,70,0.0285714285714286,0.0495902226458675,2.06349049800881
Oswego,2020-04-07T00:00:00.000,2,33,27,698,698,33,2020-04-07,2,27,0.0740740740740741,0.0498215225132528,2.08006999145779
Oswego,2020-04-08T00:00:00.000,3,36,61,759,759,36,2020-04-08,3,61,0.0491803278688525,0.0499425328801385,3.14512003399836
Oswego,2020-04-09T00:00:00.000,0,36,32,791,791,36,2020-04-09,0,32,0,0.0499420908009274,0
Oswego,2020-04-10T00:00:00.000,1,37,12,803,803,37,2020-04-10,1,12,0.0833333333333333,0.049810453987548,1.06523126441603
Oswego,2020-04-11T00:00:00.000,1,38,15,818,818,38,2020-04-11,1,15,0.0666666666666667,0.0495396505818576,1.07439243253538
Oswego,2020-04-12T00:00:00.000,0,38,10,828,828,38,2020-04-12,0,10,0,0.0491237985055079,0
Oswego,2020-04-13T00:00:00.000,3,41,74,902,902,41,2020-04-13,3,74,0.0405405405405405,0.0485593774725085,3.30372881847999
Oswego,2020-04-14T00:00:00.000,1,42,17,919,919,42,2020-04-14,1,17,0.0588235294117647,0.0478454376850253,1.11362150907983
Oswego,2020-04-15T00:00:00.000,2,44,18,937,937,44,2020-04-15,2,18,0.111111111111111,0.0469837313183349,2.24796577845246
Oswego,2020-04-16T00:00:00.000,1,45,28,965,965,45,2020-04-16,1,28,0.0357142857142857,0.0459787561112649,1.13126419332718
Oswego,2020-04-17T00:00:00.000,0,45,14,979,979,45,2020-04-17,0,14,0,0.0448377045628862,0
Oswego,2020-04-18T00:00:00.000,2,47,18,997,997,47,2020-04-18,2,18,0.111111111111111,0.0435703171603619,2.28410796501366
Oswego,2020-04-19T00:00:00.000,1,48,18,1015,1015,48,2020-04-19,1,18,0.0555555555555556,0.0421886433938999,1.14541193707996
Oswego,2020-04-20T00:00:00.000,1,49,12,1027,1027,49,2020-04-20,1,12,0.0833333333333333,0.0407067196522565,1.14758217027071
Oswego,2020-04-21T00:00:00.000,0,49,4,1031,1031,49,2020-04-21,0,4,0,0.0391401780156912,0
Oswego,2020-04-22T00:00:00.000,0,49,21,1052,1052,49,2020-04-22,0,21,0,0.0375058040475877,0
Oswego,2020-04-23T00:00:00.000,2,51,18,1070,1070,51,2020-04-23,2,18,0.111111111111111,0.0358210645754381,2.29405442456005
Oswego,2020-04-24T00:00:00.000,6,57,298,1368,1368,57,2020-04-24,6,298,0.0201342281879195,0.0341036278876346,6.86713753639476
Oswego,2020-04-25T00:00:00.000,4,61,67,1435,1435,61,2020-04-25,4,67,0.0597014925373134,0.032370898623971,4.56353328705306
Oswego,2020-04-26T00:00:00.000,0,61,33,1468,1468,61,2020-04-26,0,33,0,0.0306395879409847,0
Oswego,2020-04-27T00:00:00.000,2,63,40,1508,1508,63,2020-04-27,2,40,0.05,0.0289253364613418,2.25932871019199
Oswego,2020-04-28T00:00:00.000,0,63,39,1547,1547,63,2020-04-28,0,39,0,0.0272424033896883,0
Oswego,2020-04-29T00:00:00.000,0,63,45,1592,1592,63,2020-04-29,0,45,0,0.0256034303937821,0
Oswego,2020-04-30T00:00:00.000,1,64,36,1628,1628,64,2020-04-30,1,36,0.0277777777777778,0.0240192838600596,1.11825950475162
Oswego,2020-05-01T00:00:00.000,2,66,30,1658,1658,66,2020-05-01,2,30,0.0666666666666667,0.0224989743694236,2.23679093586969
Oswego,2020-05-02T00:00:00.000,0,66,37,1695,1695,66,2020-05-02,0,37,0,0.0210496480708589,0
Oswego,2020-05-03T00:00:00.000,1,67,44,1739,1739,67,2020-05-03,1,44,0.0227272727272727,0.0196766413338688,1.11358311399274
Oswego,2020-05-04T00:00:00.000,1,68,40,1779,1779,68,2020-05-04,1,40,0.025,0.0183835877870087,1.10827608127503
Oswego,2020-05-05T00:00:00.000,2,70,41,1820,1820,70,2020-05-05,2,41,0.0487804878048781,0.0171725656338386,2.20319319171076
Oswego,2020-05-06T00:00:00.000,0,70,48,1868,1868,70,2020-05-06,0,48,0,0.0160442729105605,0
Oswego,2020-05-07T00:00:00.000,2,72,54,1922,1922,72,2020-05-07,2,54,0.037037037037037,0.0149982189560805,2.18368919835293
Oswego,2020-05-08T00:00:00.000,3,75,52,1974,1974,75,2020-05-08,3,52,0.0576923076923077,0.0140329216088995,3.27671198636898
Oswego,2020-05-09T00:00:00.000,0,75,59,2033,2033,75,2020-05-09,0,59,0,0.0131461013051112,0
Oswego,2020-05-10T00:00:00.000,0,75,49,2082,2082,75,2020-05-10,0,49,0,0.0123348651186205,0
Oswego,2020-05-11T00:00:00.000,1,76,53,2135,2135,76,2020-05-11,1,53,0.0188679245283019,0.0115958756769311,1.0931963403144
Oswego,2020-05-12T00:00:00.000,0,76,59,2194,2194,76,2020-05-12,0,59,0,0.0109255016614346,0
Oswego,2020-05-13T00:00:00.000,2,78,64,2258,2258,78,2020-05-13,2,64,0.03125,0.0103199481615496,2.20623925441164
Oswego,2020-05-14T00:00:00.000,2,80,110,2368,2368,80,2020-05-14,2,110,0.0181818181818182,0.00977536644169047,2.2261029849832
Oswego,2020-05-15T00:00:00.000,3,83,241,2609,2609,83,2020-05-15,3,241,0.012448132780083,0.00928794367916884,3.3677631579574
Oswego,2020-05-16T00:00:00.000,1,84,81,2690,2690,84,2020-05-16,1,81,0.0123456790123457,0.00885397394676035,1.13066615339903
Oswego,2020-05-17T00:00:00.000,0,84,197,2887,2887,84,2020-05-17,0,197,0,0.0084699121747632,0
Oswego,2020-05-18T00:00:00.000,5,89,95,2982,2982,89,2020-05-18,5,95,0.0526315789473684,0.00813241307070707,5.69326414190134
Oswego,2020-05-19T00:00:00.000,1,90,129,3111,3111,90,2020-05-19,1,129,0.00775193798449612,0.00783835704606878,1.14189477059804
Oswego,2020-05-20T00:00:00.000,2,92,300,3411,3411,92,2020-05-20,2,300,0.00666666666666667,0.00758486513900091,2.29211834936032
Oswego,2020-05-21T00:00:00.000,4,96,215,3626,3626,96,2020-05-21,4,215,0.0186046511627907,0.00736930477205646,4.60928274031327
Oswego,2020-05-22T00:00:00.000,3,99,302,3928,3928,99,2020-05-22,3,302,0.00993377483443709,0.00718928797656122,3.47386380880105
Oswego,2020-05-23T00:00:00.000,1,100,479,4407,4407,100,2020-05-23,1,479,0.00208768267223382,0.0070426634791698,1.1628472973219
Oswego,2020-05-24T00:00:00.000,4,104,131,4538,4538,104,2020-05-24,4,131,0.0305343511450382,0.00692750380342861,4.66788360687665
Oswego,2020-05-25T00:00:00.000,0,104,175,4713,4713,104,2020-05-25,0,175,0,0.00684208830522789,0
Oswego,2020-05-26T00:00:00.000,1,105,337,5050,5050,105,2020-05-26,1,337,0.0029673590504451,0.00678488284935439,1.17279456196645
Oswego,2020-05-27T00:00:00.000,2,107,260,5310,5310,107,2020-05-27,2,260,0.00769230769230769,0.00675451665175455,2.35341791211382
Oswego,2020-05-28T00:00:00.000,1,108,252,5562,5562,108,2020-05-28,1,252,0.00396825396825397,0.00674975666596241,1.18004294378471
Oswego,2020-05-29T00:00:00.000,0,108,317,5879,5879,108,2020-05-29,0,317,0,0.00676947978553872,0
Oswego,2020-05-30T00:00:00.000,1,109,443,6322,6322,109,2020-05-30,1,443,0.00225733634311512,0.00681264307056308,1.19229980060826
Oswego,2020-05-31T00:00:00.000,1,110,138,6460,6460,110,2020-05-31,1,138,0.0072463768115942,0.00687825218683459,1.20747638690291
Oswego,2020-06-01T00:00:00.000,0,110,308,6768,6768,110,2020-06-01,0,308,0,0.00696532827266276,0
Oswego,2020-06-02T00:00:00.000,2,112,409,7177,7177,112,2020-06-02,2,409,0.00488997555012225,0.00707287351902284,2.47832998494854
Oswego,2020-06-03T00:00:00.000,0,112,185,7362,7362,112,2020-06-03,0,185,0,0.00719983586317238,0
Oswego,2020-06-04T00:00:00.000,0,112,609,7971,7971,112,2020-06-04,0,609,0,0.00734507334929439,0
Oswego,2020-06-05T00:00:00.000,2,114,475,8446,8446,114,2020-06-05,2,475,0.00421052631578947,0.00750731889499987,2.54186895544484
Oswego,2020-06-06T00:00:00.000,1,115,272,8718,8718,115,2020-06-06,1,272,0.00367647058823529,0.00768514640993468,1.27798401998347
Oswego,2020-06-07T00:00:00.000,0,115,414,9132,9132,115,2020-06-07,0,414,0,0.00787693942757386,0
Oswego,2020-06-08T00:00:00.000,0,115,149,9281,9281,115,2020-06-08,0,149,0,0.00808086361513021,0
Oswego,2020-06-09T00:00:00.000,0,115,489,9770,9770,115,2020-06-09,0,489,0,0.0082948446972917,0
Oswego,2020-06-10T00:00:00.000,4,119,297,10067,10067,119,2020-06-10,4,297,0.0134680134680135,0.0085165534426162,5.18662187705843
Oswego,2020-06-11T00:00:00.000,1,120,614,10681,10681,120,2020-06-11,1,614,0.00162866449511401,0.00874339939027884,1.29868597337635
Oswego,2020-06-12T00:00:00.000,2,122,246,10927,10927,122,2020-06-12,2,246,0.00813008130081301,0.00897253491495466,2.59913817012222
Oswego,2020-06-13T00:00:00.000,0,122,274,11201,11201,122,2020-06-13,0,274,0,0.00920087101842582,0
Oswego,2020-06-14T00:00:00.000,4,126,199,11400,11400,126,2020-06-14,4,199,0.0201005025125628,0.00942510588461622,5.19094063152202
Oswego,2020-06-15T00:00:00.000,13,139,197,11597,11597,139,2020-06-15,13,197,0.065989847715736,0.0096417667382451,16.834392709575
Oswego,2020-06-16T00:00:00.000,0,139,117,11714,11714,139,2020-06-16,0,117,0,0.0098472649171706,0
Oswego,2020-06-17T00:00:00.000,5,144,417,12131,12131,144,2020-06-17,5,417,0.0119904076738609,0.010037963331667,6.42781813717312
Oswego,2020-06-18T00:00:00.000,23,167,771,12902,12902,167,2020-06-18,23,771,0.0298313878080415,0.0102102546824573,29.4159634096442
Oswego,2020-06-19T00:00:00.000,2,169,351,13253,13253,169,2020-06-19,2,351,0.0056980056980057,0.0103606479989162,2.5421935832794
Oswego,2020-06-20T00:00:00.000,4,173,191,13444,13444,173,2020-06-20,4,191,0.0209424083769634,0.0104858603057987,5.04813071294678
Oswego,2020-06-21T00:00:00.000,0,173,258,13702,13702,173,2020-06-21,0,258,0,0.0105829096006787,0
Oswego,2020-06-22T00:00:00.000,6,179,176,13878,13878,179,2020-06-22,6,176,0.0340909090909091,0.0106492048924738,7.52823853084317
Oswego,2020-06-23T00:00:00.000,9,188,191,14069,14069,188,2020-06-23,9,191,0.0471204188481675,0.0106826288703138,11.2938225414051
Oswego,2020-06-24T00:00:00.000,3,191,343,14412,14412,191,2020-06-24,3,343,0.0087463556851312,0.0106816088804568,3.76280877072269
Oswego,2020-06-25T00:00:00.000,1,192,363,14775,14775,192,2020-06-25,1,363,0.00275482093663912,0.0106451723003893,1.25165125939649
Oswego,2020-06-26T00:00:00.000,2,194,401,15176,15176,194,2020-06-26,2,401,0.00498753117206983,0.01057298310271,2.49218609943842
Oswego,2020-06-27T00:00:00.000,1,195,127,15303,15303,195,2020-06-27,1,127,0.0078740157480315,0.0104653573531192,1.23953775907437
Oswego,2020-06-28T00:00:00.000,1,196,272,15575,15575,196,2020-06-28,1,272,0.00367647058823529,0.0103232565229417,1.23207848393506
Oswego,2020-06-29T00:00:00.000,1,197,145,15720,15720,197,2020-06-29,1,145,0.00689655172413793,0.0101482587299734,1.2246042033072
Oswego,2020-06-30T00:00:00.000,4,201,233,15953,15953,201,2020-06-30,4,233,0.0171673819742489,0.00994250925591712,4.89650026697027
Oswego,2020-07-01T00:00:00.000,5,206,218,16171,16171,206,2020-07-01,5,218,0.0229357798165138,0.0097086528273863,6.12238785927645
Oswego,2020-07-02T00:00:00.000,0,206,286,16457,16457,206,2020-07-02,0,286,0,0.0094497511015521,0
Oswego,2020-07-03T00:00:00.000,0,206,200,16657,16657,206,2020-07-03,0,200,0,0.0091691894971537,0
Oswego,2020-07-04T00:00:00.000,0,206,221,16878,16878,206,2020-07-04,0,221,0,0.00887057791234499,0
Oswego,2020-07-05T00:00:00.000,0,206,186,17064,17064,206,2020-07-05,0,186,0,0.00855764995500876,0
Oswego,2020-07-06T00:00:00.000,1,207,308,17372,17372,207,2020-07-06,1,308,0.00324675324675325,0.00823416509247498,1.19207851908358
Oswego,2020-07-07T00:00:00.000,3,210,367,17739,17739,210,2020-07-07,3,367,0.00817438692098093,0.0079038176433781,3.55537822261777
Oswego,2020-07-08T00:00:00.000,1,211,358,18097,18097,211,2020-07-08,1,358,0.00279329608938547,0.00757015584327772,1.17773828442905
Oswego,2020-07-09T00:00:00.000,5,216,248,18345,18345,216,2020-07-09,5,248,0.0201612903225806,0.00723651338888948,5.84984552656399
Oswego,2020-07-10T00:00:00.000,3,219,208,18553,18553,219,2020-07-10,3,208,0.0144230769230769,0.00690595497785464,3.4856226629961
Oswego,2020-07-11T00:00:00.000,1,220,139,18692,18692,220,2020-07-11,1,139,0.00719424460431655,0.00658123648441762,1.15351056177383
Oswego,2020-07-12T00:00:00.000,2,222,322,19014,19014,222,2020-07-12,2,322,0.0062111801242236,0.00626477960754247,2.28987165149492
Oswego,2020-07-13T00:00:00.000,3,225,367,19381,19381,225,2020-07-13,3,367,0.00817438692098093,0.00595866014393535,3.40862403000672
Oswego,2020-07-14T00:00:00.000,1,226,349,19730,19730,226,2020-07-14,1,349,0.00286532951289398,0.00566460850533526,1.12738495643598
Oswego,2020-07-15T00:00:00.000,1,227,269,19999,19999,227,2020-07-15,1,269,0.00371747211895911,0.00538402072941895,1.1185239172401
Oswego,2020-07-16T00:00:00.000,0,227,510,20509,20509,227,2020-07-16,0,510,0,0.00511797802606509,0
Oswego,2020-07-17T00:00:00.000,2,229,391,20900,20900,229,2020-07-17,2,391,0.0051150895140665,0.00486727283999249,2.21314776526098
Oswego,2020-07-18T00:00:00.000,0,229,223,21123,21123,229,2020-07-18,0,223,0,0.00463243947456584,0
Oswego,2020-07-19T00:00:00.000,0,229,213,21336,21336,229,2020-07-19,0,213,0,0.00441378748135749,0
Oswego,2020-07-20T00:00:00.000,2,231,398,21734,21734,231,2020-07-20,2,398,0.0050251256281407,0.0042114362465816,2.18281735277275
Oswego,2020-07-21T00:00:00.000,1,232,640,22374,22374,232,2020-07-21,1,640,0.0015625,0.00402534947036031,1.08151842558383
Oswego,2020-07-22T00:00:00.000,2,234,402,22776,22776,234,2020-07-22,2,402,0.00497512437810945,0.00385536851388792,2.14092010614469
Oswego,2020-07-23T00:00:00.000,0,234,402,23178,23178,234,2020-07-23,0,402,0,0.00370124386198418,0
Oswego,2020-07-24T00:00:00.000,2,236,422,23600,23600,236,2020-07-24,2,422,0.004739336492891,0.00356266420052179,2.09203039739592
Oswego,2020-07-25T00:00:00.000,2,238,512,24112,24112,238,2020-07-25,2,512,0.00390625,0.0034392828289946,2.07408167997409
Oswego,2020-07-26T00:00:00.000,1,239,349,24461,24461,239,2020-07-26,1,349,0.00286532951289398,0.00333074131326754,1.03515517802858
Oswego,2020-07-27T00:00:00.000,0,239,311,24772,24772,239,2020-07-27,0,311,0,0.00323669043044509,0
Oswego,2020-07-28T00:00:00.000,0,239,254,25026,25026,239,2020-07-28,0,254,0,0.00315680856776853,0
Oswego,2020-07-29T00:00:00.000,1,240,341,25367,25367,240,2020-07-29,1,341,0.00293255131964809,0.00309081781346572,1.02947931273797
Oswego,2020-07-30T00:00:00.000,1,241,253,25620,25620,241,2020-07-30,1,253,0.00395256916996047,0.00303849802366091,1.03201917579906
Oswego,2020-07-31T00:00:00.000,3,244,413,26033,26033,244,2020-07-31,3,413,0.00726392251815981,0.0029996991696272,3.10438951269265
Oswego,2020-08-01T00:00:00.000,2,246,307,26340,26340,246,2020-08-01,2,307,0.00651465798045603,0.00297435226874262,2.07559185843646
Oswego,2020-08-02T00:00:00.000,2,248,199,26539,26539,248,2020-08-02,2,199,0.0100502512562814,0.00296247918349462,2.08094306059903
Oswego,2020-08-03T00:00:00.000,1,249,459,26998,26998,249,2020-08-03,1,459,0.00217864923747277,0.00296420153917178,1.04196008185834
Oswego,2020-08-04T00:00:00.000,1,250,231,27229,27229,250,2020-08-04,1,231,0.00432900432900433,0.00297974896450074,1.04356563878893
Oswego,2020-08-05T00:00:00.000,1,251,372,27601,27601,251,2020-08-05,1,372,0.00268817204301075,0.00300946680158537,1.04545957655332
Oswego,2020-08-06T00:00:00.000,0,251,328,27929,27929,251,2020-08-06,0,328,0,0.00305382336248786,0
Oswego,2020-08-07T00:00:00.000,2,253,492,28421,28421,253,2020-08-07,2,492,0.0040650406504065,0.00311341672965172,2.09708187959559
Oswego,2020-08-08T00:00:00.000,0,253,218,28639,28639,253,2020-08-08,0,218,0,0.00318898100483124,0
Oswego,2020-08-09T00:00:00.000,0,253,236,28875,28875,253,2020-08-09,0,236,0,0.00328139180542962,0
Oswego,2020-08-10T00:00:00.000,2,255,540,29415,29415,255,2020-08-10,2,540,0.0037037037037037,0.00339167068711857,2.12052604441077
Oswego,2020-08-11T00:00:00.000,2,257,193,29608,29608,257,2020-08-11,2,193,0.0103626943005181,0.00352098803621079,2.12824922837805
Oswego,2020-08-12T00:00:00.000,1,258,330,29938,29938,258,2020-08-12,1,330,0.00303030303030303,0.00367066382513376,1.0678079267782
Oswego,2020-08-13T00:00:00.000,6,264,612,30550,30550,264,2020-08-13,6,612,0.00980392156862745,0.00384216546095291,6.42799702271875
Oswego,2020-08-14T00:00:00.000,7,271,350,30900,30900,271,2020-08-14,7,350,0.02,0.00403710178411242,7.52284073191728
Oswego,2020-08-15T00:00:00.000,0,271,259,31159,31159,271,2020-08-15,0,259,0,0.00425721209938571,0
Oswego,2020-08-16T00:00:00.000,1,272,276,31435,31435,272,2020-08-16,1,276,0.0036231884057971,0.00450434895444542,1.08722287162324
Oswego,2020-08-17T00:00:00.000,0,272,317,31752,31752,272,2020-08-17,0,317,0,0.0047804532382928,0
Oswego,2020-08-18T00:00:00.000,2,274,353,32105,32105,274,2020-08-18,2,353,0.0056657223796034,0.00508752007357926,2.2121893479394
Oswego,2020-08-19T00:00:00.000,2,276,368,32473,32473,276,2020-08-19,2,368,0.00543478260869565,0.0054275539492332,2.23085164130711
Oswego,2020-08-20T00:00:00.000,3,279,410,32883,32883,279,2020-08-20,3,410,0.00731707317073171,0.00580251161426782,3.37370053188336
Oswego,2020-08-21T00:00:00.000,2,281,710,33593,33593,281,2020-08-21,2,710,0.0028169014084507,0.00621423146587162,2.26687521459336
Oswego,2020-08-22T00:00:00.000,1,282,186,33779,33779,282,2020-08-22,1,186,0.00537634408602151,0.00666434855138255,1.14195722109283
Oswego,2020-08-23T00:00:00.000,0,282,180,33959,33959,282,2020-08-23,0,180,0,0.0071541948984123,0
Oswego,2020-08-24T00:00:00.000,3,285,354,34313,34313,285,2020-08-24,3,354,0.00847457627118644,0.00768468571796349,3.4667457744024
Oswego,2020-08-25T00:00:00.000,1,286,153,34466,34466,286,2020-08-25,1,153,0.0065359477124183,0.00825619310176195,1.16065933352155
Oswego,2020-08-26T00:00:00.000,1,287,203,34669,34669,287,2020-08-26,1,203,0.00492610837438424,0.0088684101479571,1.16725329415462
Oswego,2020-08-27T00:00:00.000,1,288,290,34959,34959,288,2020-08-27,1,290,0.00344827586206897,0.00952020995590767,1.17438833200806
Oswego,2020-08-28T00:00:00.000,3,291,489,35448,35448,291,2020-08-28,3,489,0.00613496932515337,0.0102095055530094,3.54344920137945
Oswego,2020-08-29T00:00:00.000,4,295,501,35949,35949,295,2020-08-29,4,501,0.00798403193612774,0.0109331184330176,4.75647313992792
Oswego,2020-08-30T00:00:00.000,8,303,215,36164,36164,303,2020-08-30,8,215,0.0372093023255814,0.0116866648371842,9.570246355248
Oswego,2020-08-31T00:00:00.000,1,304,482,36646,36646,304,2020-08-31,1,482,0.0020746887966805,0.0124644700018061,1.20461624488076
Oswego,2020-09-01T00:00:00.000,3,307,203,36849,36849,307,2020-09-01,3,203,0.0147783251231527,0.0132595211200701,3.64589877544177
Oswego,2020-09-02T00:00:00.000,4,311,351,37200,37200,311,2020-09-02,4,351,0.0113960113960114,0.0140634695170273,4.92431346223775
Oswego,2020-09-03T00:00:00.000,3,314,294,37494,37494,314,2020-09-03,3,294,0.0102040816326531,0.0148666913468124,3.74009772315052
Oswego,2020-09-04T00:00:00.000,11,325,708,38202,38202,325,2020-09-04,11,708,0.0155367231638418,0.0156584138893569,13.8475503871886
Oswego,2020-09-05T00:00:00.000,0,325,416,38618,38618,325,2020-09-05,0,416,0,0.016426911249526,0
Oswego,2020-09-06T00:00:00.000,4,329,240,38858,38858,329,2020-09-06,4,240,0.0166666666666667,0.0171597690626427,5.11122031554336
Oswego,2020-09-07T00:00:00.000,2,331,280,39138,39138,331,2020-09-07,2,280,0.00714285714285714,0.0178442129372327,2.57166541743468
Oswego,2020-09-08T00:00:00.000,0,331,149,39287,39287,331,2020-09-08,0,149,0,0.0184674901874763,0
Oswego,2020-09-09T00:00:00.000,2,333,135,39422,39422,333,2020-09-09,2,135,0.0148148148148148,0.0190172893889168,2.5976830788775
Oswego,2020-09-10T00:00:00.000,24,357,498,39920,39920,357,2020-09-10,24,498,0.0481927710843374,0.0194821779378579,31.2896684870384
Oswego,2020-09-11T00:00:00.000,5,362,735,40655,40655,362,2020-09-11,5,735,0.00680272108843537,0.0198520346073831,6.56523405523195
Oswego,2020-09-12T00:00:00.000,26,388,508,41163,41163,388,2020-09-12,26,508,0.0511811023622047,0.020118452489657,34.3745983995981
Oswego,2020-09-13T00:00:00.000,2,390,293,41456,41456,390,2020-09-13,2,293,0.0068259385665529,0.0202750879847533,2.66036087207944
Oswego,2020-09-14T00:00:00.000,12,402,398,41854,41854,402,2020-09-14,12,398,0.0301507537688442,0.0203179337480049,16.0459237063824
Oswego,2020-09-15T00:00:00.000,7,409,226,42080,42080,409,2020-09-15,7,226,0.0309734513274336,0.0202454976498413,9.40037448864425
Oswego,2020-09-16T00:00:00.000,3,412,320,42400,42400,412,2020-09-16,3,320,0.009375,0.020058875537181,4.04190894378809
Oswego,2020-09-17T00:00:00.000,6,418,416,42816,42816,418,2020-09-17,6,416,0.0144230769230769,0.0197617124450236,8.10126617027761
Oswego,2020-09-18T00:00:00.000,6,424,543,43359,43359,424,2020-09-18,6,543,0.0110497237569061,0.0193600542910493,8.10907621616033
Oswego,2020-09-19T00:00:00.000,23,447,477,43836,43836,447,2020-09-19,23,477,0.0482180293501048,0.018862099331981,31.0751317399424
Oswego,2020-09-20T00:00:00.000,9,456,348,44184,44184,456,2020-09-20,9,348,0.0258620689655172,0.0182778651171804,12.1371474252704
Oswego,2020-09-21T00:00:00.000,8,464,331,44515,44515,464,2020-09-21,8,331,0.0241691842900302,0.0176187917678085,10.7496535877678
Oswego,2020-09-22T00:00:00.000,4,468,287,44802,44802,468,2020-09-22,4,287,0.0139372822299652,0.0168973057203974,5.34719249248066
Oswego,2020-09-23T00:00:00.000,2,470,326,45128,45128,470,2020-09-23,2,326,0.00613496932515337,0.0161263693642626,2.65561547298986
Oswego,2020-09-24T00:00:00.000,9,479,457,45585,45585,479,2020-09-24,9,457,0.0196936542669584,0.0153190412603827,11.9143594025983
Oswego,2020-09-25T00:00:00.000,4,483,520,46105,46105,483,2020-09-25,4,520,0.00769230769230769,0.014488069044974,5.26571007110557
Oswego,2020-09-26T00:00:00.000,10,493,440,46545,46545,493,2020-09-26,10,440,0.0227272727272727,0.0136455330623483,13.070276798326
Oswego,2020-09-27T00:00:00.000,0,493,297,46842,46842,493,2020-09-27,0,297,0,0.0128025537319316,0
Oswego,2020-09-28T00:00:00.000,6,499,482,47324,47324,499,2020-09-28,6,482,0.012448132780083,0.0119690701798504,7.6923863444335
Oswego,2020-09-29T00:00:00.000,4,503,564,47888,47888,503,2020-09-29,4,564,0.00709219858156028,0.0111536922901267,5.06566696195921
Oswego,2020-09-30T00:00:00.000,3,506,466,48354,48354,506,2020-09-30,3,466,0.00643776824034335,0.0103636235150411,3.7474915166587
Oswego,2020-10-01T00:00:00.000,8,514,1026,49380,49380,514,2020-10-01,8,1026,0.00779727095516569,0.0096046478673765,9.84354080977181
Oswego,2020-10-02T00:00:00.000,4,518,676,50056,50056,518,2020-10-02,4,676,0.00591715976331361,0.00888117169912035,4.85417930855357
Oswego,2020-10-03T00:00:00.000,3,521,733,50789,50789,521,2020-10-03,3,733,0.00409276944065484,0.00819630920797244,3.61826664883563
Oswego,2020-10-04T00:00:00.000,2,523,440,51229,51229,523,2020-10-04,2,440,0.00454545454545455,0.00755200003667058,2.40534917200194
Oswego,2020-10-05T00:00:00.000,6,529,389,51618,51618,529,2020-10-05,6,389,0.0154241645244216,0.00694914768075372,7.20006930445415
Oswego,2020-10-06T00:00:00.000,2,531,684,52302,52302,531,2020-10-06,2,684,0.00292397660818713,0.00638776848116154,2.39448091274181
Oswego,2020-10-07T00:00:00.000,5,536,363,52665,52665,536,2020-10-07,5,363,0.0137741046831956,0.00586714251187206,5.97182656039365
Oswego,2020-10-08T00:00:00.000,6,542,824,53489,53489,542,2020-10-08,6,824,0.00728155339805825,0.00538595945376502,7.14834564508662
Oswego,2020-10-09T00:00:00.000,5,547,923,54412,54412,547,2020-10-09,5,923,0.00541711809317443,0.00494245437913037,5.94161338906514
Oswego,2020-10-10T00:00:00.000,3,550,749,55161,55161,550,2020-10-10,3,749,0.00400534045393859,0.00453453010645857,3.55549751460829
Oswego,2020-10-11T00:00:00.000,2,552,581,55742,55742,552,2020-10-11,2,581,0.00344234079173838,0.00415986432000544,2.36384991415633
Otsego,2020-03-01T00:00:00.000,0,0,0,0,0,0,2020-03-01,0,0,0,0.000257721993776856,0
Otsego,2020-03-02T00:00:00.000,0,0,0,0,0,0,2020-03-02,0,0,0,0.000359698206265109,0
Otsego,2020-03-03T00:00:00.000,0,0,0,0,0,0,2020-03-03,0,0,0,0.000501856570742873,0
Otsego,2020-03-04T00:00:00.000,0,0,0,0,0,0,2020-03-04,0,0,0,0.000699618214300632,0
Otsego,2020-03-05T00:00:00.000,0,0,0,0,0,0,2020-03-05,0,0,0,0.000973824697453854,0
Otsego,2020-03-06T00:00:00.000,0,0,0,0,0,0,2020-03-06,0,0,0,0.00135226347065016,0
Otsego,2020-03-07T00:00:00.000,0,0,1,1,1,0,2020-03-07,0,1,0,0.00187137942613477,0
Otsego,2020-03-08T00:00:00.000,0,0,1,2,2,0,2020-03-08,0,1,0,0.00257803910290398,0
Otsego,2020-03-09T00:00:00.000,0,0,0,2,2,0,2020-03-09,0,0,0,0.00353110418719435,0
Otsego,2020-03-10T00:00:00.000,0,0,0,2,2,0,2020-03-10,0,0,0,0.00480243341252037,0
Otsego,2020-03-11T00:00:00.000,0,0,0,2,2,0,2020-03-11,0,0,0,0.00647678464491893,0
Otsego,2020-03-12T00:00:00.000,0,0,0,2,2,0,2020-03-12,0,0,0,0.00864996911072918,0
Otsego,2020-03-13T00:00:00.000,0,0,1,3,3,0,2020-03-13,0,1,0,0.0114245765033205,0
Otsego,2020-03-14T00:00:00.000,0,0,2,5,5,0,2020-03-14,0,2,0,0.0149027177294222,0
Otsego,2020-03-15T00:00:00.000,0,0,1,6,6,0,2020-03-15,0,1,0,0.0191755908233876,0
Otsego,2020-03-16T00:00:00.000,0,0,0,6,6,0,2020-03-16,0,0,0,0.0243102927321352,0
Otsego,2020-03-17T00:00:00.000,0,0,1,7,7,0,2020-03-17,0,1,0,0.0303351162008308,0
Otsego,2020-03-18T00:00:00.000,0,0,2,9,9,0,2020-03-18,0,2,0,0.0372254106952584,0
Otsego,2020-03-19T00:00:00.000,0,0,10,19,19,0,2020-03-19,0,10,0,0.044892670984971,0
Otsego,2020-03-20T00:00:00.000,0,0,20,39,39,0,2020-03-20,0,20,0,0.0531795501401525,0
Otsego,2020-03-21T00:00:00.000,0,0,11,50,50,0,2020-03-21,0,11,0,0.0618627969019744,0
Otsego,2020-03-22T00:00:00.000,1,1,10,60,60,1,2020-03-22,1,10,0.1,0.0706647573242842,1.23585483606683
Otsego,2020-03-23T00:00:00.000,0,1,11,71,71,1,2020-03-23,0,11,0,0.0792723982578201,0
Otsego,2020-03-24T00:00:00.000,1,2,5,76,76,2,2020-03-24,1,5,0.2,0.0873613077376137,1.18748791310781
Otsego,2020-03-25T00:00:00.000,1,3,6,82,82,3,2020-03-25,1,6,0.166666666666667,0.0946212545802706,1.17443537577804
Otsego,2020-03-26T00:00:00.000,2,5,12,94,94,5,2020-03-26,2,12,0.166666666666667,0.100779850894665,2.32371332884084
Otsego,2020-03-27T00:00:00.000,2,7,19,113,113,7,2020-03-27,2,19,0.105263157894737,0.105621552315961,2.29881334241031
Otsego,2020-03-28T00:00:00.000,3,10,21,134,134,10,2020-03-28,3,21,0.142857142857143,0.109000329281153,3.41864624801237
Otsego,2020-03-29T00:00:00.000,7,17,16,150,150,17,2020-03-29,7,16,0.4375,0.110845480681705,7.97155358573081
Otsego,2020-03-30T00:00:00.000,1,18,8,158,158,18,2020-03-30,1,8,0.125,0.111160974447403,1.14218667777088
Otsego,2020-03-31T00:00:00.000,1,19,19,177,177,19,2020-03-31,1,19,0.0526315789473684,0.110019286391385,1.14322525943615
Otsego,2020-04-01T00:00:00.000,2,21,17,194,194,21,2020-04-01,2,17,0.117647058823529,0.107551002659149,2.283266004751
Otsego,2020-04-02T00:00:00.000,0,21,12,206,206,21,2020-04-02,0,12,0,0.10393154840253,0
Otsego,2020-04-03T00:00:00.000,5,26,53,259,259,26,2020-04-03,5,53,0.0943396226415094,0.0993663964220599,5.52789683516984
Otsego,2020-04-04T00:00:00.000,3,29,25,284,284,29,2020-04-04,3,25,0.12,0.0940760427651293,3.29185837422458
Otsego,2020-04-05T00:00:00.000,5,34,41,325,325,34,2020-04-05,5,41,0.121951219512195,0.0882819169823931,5.43811794766318
Otsego,2020-04-06T00:00:00.000,0,34,43,368,368,34,2020-04-06,0,43,0,0.0821942070682826,0
Otsego,2020-04-07T00:00:00.000,4,38,31,399,399,38,2020-04-07,4,31,0.129032258064516,0.0760023137459725,4.33959226206688
Otsego,2020-04-08T00:00:00.000,1,39,42,441,441,39,2020-04-08,1,42,0.0238095238095238,0.0698683209706591,1.08416889851389
Otsego,2020-04-09T00:00:00.000,2,41,40,481,481,41,2020-04-09,2,40,0.05,0.063923520322069,2.16645703656576
Otsego,2020-04-10T00:00:00.000,2,43,34,515,515,43,2020-04-10,2,34,0.0588235294117647,0.0582677104455239,2.16413647810775
Otsego,2020-04-11T00:00:00.000,0,43,15,530,530,43,2020-04-11,0,15,0,0.0529707573336193,0
Otsego,2020-04-12T00:00:00.000,0,43,35,565,565,43,2020-04-12,0,35,0,0.048075774147691,0
Otsego,2020-04-13T00:00:00.000,1,44,90,655,655,44,2020-04-13,1,90,0.0111111111111111,0.0436032616175634,1.08945105457903
Otsego,2020-04-14T00:00:00.000,0,44,14,669,669,44,2020-04-14,0,14,0,0.0395556201832831,0
Otsego,2020-04-15T00:00:00.000,0,44,15,684,684,44,2020-04-15,0,15,0,0.0359215698374895,0
Otsego,2020-04-16T00:00:00.000,0,44,9,693,693,44,2020-04-16,0,9,0,0.0326801585276321,0
Otsego,2020-04-17T00:00:00.000,3,47,18,711,711,47,2020-04-17,3,18,0.166666666666667,0.0298041776889267,3.2755160219189
Otsego,2020-04-18T00:00:00.000,1,48,18,729,729,48,2020-04-18,1,18,0.0555555555555556,0.0272629168589687,1.08974476744774
Otsego,2020-04-19T00:00:00.000,1,49,10,739,739,49,2020-04-19,1,10,0.1,0.0250242714703061,1.08712202120406
Otsego,2020-04-20T00:00:00.000,0,49,10,749,749,49,2020-04-20,0,10,0,0.0230562695044828,0
Otsego,2020-04-21T00:00:00.000,0,49,15,764,764,49,2020-04-21,0,15,0,0.0213281087384214,0
Otsego,2020-04-22T00:00:00.000,1,50,22,786,786,50,2020-04-22,1,22,0.0454545454545455,0.0198108036799374,1.07737290833842
Otsego,2020-04-23T00:00:00.000,0,50,18,804,804,50,2020-04-23,0,18,0,0.0184775365428523,0
Otsego,2020-04-24T00:00:00.000,10,60,249,1053,1053,60,2020-04-24,10,249,0.0401606425702811,0.0173037952018759,10.6944529408619
Otsego,2020-04-25T00:00:00.000,0,60,43,1096,1096,60,2020-04-25,0,43,0,0.0162673669815716,0
Otsego,2020-04-26T00:00:00.000,2,62,38,1134,1134,62,2020-04-26,2,38,0.0526315789473684,0.0153482428592638,2.12004532447081
Otsego,2020-04-27T00:00:00.000,3,65,33,1167,1167,65,2020-04-27,3,33,0.0909090909090909,0.0145284736616474,3.1634781362557
Otsego,2020-04-28T00:00:00.000,1,66,34,1201,1201,66,2020-04-28,1,34,0.0294117647058824,0.0137920086529409,1.0484823646805
Otsego,2020-04-29T00:00:00.000,1,67,45,1246,1246,67,2020-04-29,1,45,0.0222222222222222,0.0131245376789967,1.04557294686313
Otsego,2020-04-30T00:00:00.000,0,67,40,1286,1286,67,2020-04-30,0,40,0,0.0125133505205712,0
Otsego,2020-05-01T00:00:00.000,0,67,88,1374,1374,67,2020-05-01,0,88,0,0.0119472210231635,0
Otsego,2020-05-02T00:00:00.000,0,67,42,1416,1416,67,2020-05-02,0,42,0,0.0114163186246511,0
Otsego,2020-05-03T00:00:00.000,0,67,36,1452,1452,67,2020-05-03,0,36,0,0.0109121458423856,0
Otsego,2020-05-04T00:00:00.000,0,67,87,1539,1539,67,2020-05-04,0,87,0,0.0104274970044982,0
Otsego,2020-05-05T00:00:00.000,0,67,70,1609,1609,67,2020-05-05,0,70,0,0.00995643099756659,0
Otsego,2020-05-06T00:00:00.000,0,67,43,1652,1652,67,2020-05-06,0,43,0,0.00949424910931813,0
Otsego,2020-05-07T00:00:00.000,0,67,44,1696,1696,67,2020-05-07,0,44,0,0.00903746831711317,0
Otsego,2020-05-08T00:00:00.000,0,67,39,1735,1735,67,2020-05-08,0,39,0,0.00858378068941893,0
Otsego,2020-05-09T00:00:00.000,0,67,46,1781,1781,67,2020-05-09,0,46,0,0.00813199098694594,0
Otsego,2020-05-10T00:00:00.000,0,67,40,1821,1821,67,2020-05-10,0,40,0,0.00768192699269071,0
Otsego,2020-05-11T00:00:00.000,0,67,62,1883,1883,67,2020-05-11,0,62,0,0.00723432034259364,0
Otsego,2020-05-12T00:00:00.000,0,67,82,1965,1965,67,2020-05-12,0,82,0,0.00679065930891599,0
Otsego,2020-05-13T00:00:00.000,0,67,45,2010,2010,67,2020-05-13,0,45,0,0.00635301864548245,0
Otsego,2020-05-14T00:00:00.000,0,67,27,2037,2037,67,2020-05-14,0,27,0,0.00592387473667161,0
Otsego,2020-05-15T00:00:00.000,0,67,181,2218,2218,67,2020-05-15,0,181,0,0.00550591645564788,0
Otsego,2020-05-16T00:00:00.000,0,67,50,2268,2268,67,2020-05-16,0,50,0,0.00510186303490215,0
Otsego,2020-05-17T00:00:00.000,0,67,79,2347,2347,67,2020-05-17,0,79,0,0.00471429976441773,0
Otsego,2020-05-18T00:00:00.000,0,67,129,2476,2476,67,2020-05-18,0,129,0,0.00434554058586452,0
Otsego,2020-05-19T00:00:00.000,0,67,124,2600,2600,67,2020-05-19,0,124,0,0.00399752393283797,0
Otsego,2020-05-20T00:00:00.000,0,67,65,2665,2665,67,2020-05-20,0,65,0,0.00367174493062248,0
Otsego,2020-05-21T00:00:00.000,0,67,102,2767,2767,67,2020-05-21,0,102,0,0.00336922377350002,0
Otsego,2020-05-22T00:00:00.000,1,68,90,2857,2857,68,2020-05-22,1,90,0.0111111111111111,0.00309050718912223,1.06420653434211
Otsego,2020-05-23T00:00:00.000,1,69,51,2908,2908,69,2020-05-23,1,51,0.0196078431372549,0.00283569769214076,1.06173219598732
Otsego,2020-05-24T00:00:00.000,0,69,38,2946,2946,69,2020-05-24,0,38,0,0.00260450399001405,0
Otsego,2020-05-25T00:00:00.000,0,69,17,2963,2963,69,2020-05-25,0,17,0,0.0023963054539326,0
Otsego,2020-05-26T00:00:00.000,0,69,243,3206,3206,69,2020-05-26,0,243,0,0.00221022388544219,0
Otsego,2020-05-27T00:00:00.000,1,70,191,3397,3397,70,2020-05-27,1,191,0.00523560209424084,0.00204519670900177,1.04419867978418
Otsego,2020-05-28T00:00:00.000,1,71,128,3525,3525,71,2020-05-28,1,128,0.0078125,0.00190004696478949,1.03955012327915
Otsego,2020-05-29T00:00:00.000,0,71,127,3652,3652,71,2020-05-29,0,127,0,0.00177354685067157,0
Otsego,2020-05-30T00:00:00.000,1,72,184,3836,3836,72,2020-05-30,1,184,0.00543478260869565,0.00166447288463072,1.03557505410146
Otsego,2020-05-31T00:00:00.000,0,72,93,3929,3929,72,2020-05-31,0,93,0,0.00157165190474191,0
Otsego,2020-06-01T00:00:00.000,1,73,189,4118,4118,73,2020-06-01,1,189,0.00529100529100529,0.00149399802235871,1.04904486081292
Otsego,2020-06-02T00:00:00.000,0,73,183,4301,4301,73,2020-06-02,0,183,0,0.00143054127660382,0
Otsego,2020-06-03T00:00:00.000,0,73,112,4413,4413,73,2020-06-03,0,112,0,0.00138044911601493,0
Otsego,2020-06-04T00:00:00.000,0,73,132,4545,4545,73,2020-06-04,0,132,0,0.00134304199218945,0
Otsego,2020-06-05T00:00:00.000,1,74,265,4810,4810,74,2020-06-05,1,265,0.00377358490566038,0.00131780433495232,1.06797175791804
Otsego,2020-06-06T00:00:00.000,0,74,163,4973,4973,74,2020-06-06,0,163,0,0.0013043920293836,0
Otsego,2020-06-07T00:00:00.000,1,75,144,5117,5117,75,2020-06-07,1,144,0.00694444444444444,0.00130263726915641,1.07264825987052
Otsego,2020-06-08T00:00:00.000,0,75,238,5355,5355,75,2020-06-08,0,238,0,0.00131255134432281,0
Otsego,2020-06-09T00:00:00.000,2,77,144,5499,5499,77,2020-06-09,2,144,0.0138888888888889,0.00133432555191006,2.15500904504126
Otsego,2020-06-10T00:00:00.000,1,78,187,5686,5686,78,2020-06-10,1,187,0.0053475935828877,0.00136833000356527,1.07998393078914
Otsego,2020-06-11T00:00:00.000,0,78,148,5834,5834,78,2020-06-11,0,148,0,0.00141510965337832,0
Otsego,2020-06-12T00:00:00.000,2,80,204,6038,6038,80,2020-06-12,2,204,0.00980392156862745,0.00147537638761799,2.16984211543337
Otsego,2020-06-13T00:00:00.000,0,80,54,6092,6092,80,2020-06-13,0,54,0,0.00154999552097494,0
Otsego,2020-06-14T00:00:00.000,0,80,172,6264,6264,80,2020-06-14,0,172,0,0.00163996456021841,0
Otsego,2020-06-15T00:00:00.000,1,81,260,6524,6524,81,2020-06-15,1,260,0.00384615384615385,0.00174638167472945,1.09157192279482
Otsego,2020-06-16T00:00:00.000,1,82,233,6757,6757,82,2020-06-16,1,233,0.00429184549356223,0.0018704010310823,1.09333708428188
Otsego,2020-06-17T00:00:00.000,0,82,165,6922,6922,82,2020-06-17,0,165,0,0.00201317211137742,0
Otsego,2020-06-18T00:00:00.000,0,82,237,7159,7159,82,2020-06-18,0,237,0,0.00217576047626116,0
Otsego,2020-06-19T00:00:00.000,0,82,122,7281,7281,82,2020-06-19,0,122,0,0.00235904830432706,0
Otsego,2020-06-20T00:00:00.000,0,82,163,7444,7444,82,2020-06-20,0,163,0,0.00256361458154349,0
Otsego,2020-06-21T00:00:00.000,1,83,138,7582,7582,83,2020-06-21,1,138,0.0072463768115942,0.00278959712688954,1.09727866763269
Otsego,2020-06-22T00:00:00.000,0,83,193,7775,7775,83,2020-06-22,0,193,0,0.00303654172536943,0
Otsego,2020-06-23T00:00:00.000,0,83,86,7861,7861,83,2020-06-23,0,86,0,0.00330324734791147,0
Otsego,2020-06-24T00:00:00.000,0,83,125,7986,7986,83,2020-06-24,0,125,0,0.00358762041585782,0
Otsego,2020-06-25T00:00:00.000,0,83,128,8114,8114,83,2020-06-25,0,128,0,0.00388655474231695,0
Otsego,2020-06-26T00:00:00.000,1,84,162,8276,8276,84,2020-06-26,1,162,0.00617283950617284,0.00419585636845836,1.13609011518602
Otsego,2020-06-27T00:00:00.000,0,84,141,8417,8417,84,2020-06-27,0,141,0,0.00451023313822708,0
Otsego,2020-06-28T00:00:00.000,0,84,158,8575,8575,84,2020-06-28,0,158,0,0.00482336669192585,0
Otsego,2020-06-29T00:00:00.000,0,84,155,8730,8730,84,2020-06-29,0,155,0,0.00512807908205423,0
Otsego,2020-06-30T00:00:00.000,0,84,150,8880,8880,84,2020-06-30,0,150,0,0.00541659741293047,0
Otsego,2020-07-01T00:00:00.000,0,84,120,9000,9000,84,2020-07-01,0,120,0,0.00568090845943675,0
Otsego,2020-07-02T00:00:00.000,0,84,195,9195,9195,84,2020-07-02,0,195,0,0.00591318254990833,0
Otsego,2020-07-03T00:00:00.000,2,86,112,9307,9307,86,2020-07-03,2,112,0.0178571428571429,0.00610623410433124,2.33544953307876
Otsego,2020-07-04T00:00:00.000,0,86,115,9422,9422,86,2020-07-04,0,115,0,0.00625397733626732,0
Otsego,2020-07-05T00:00:00.000,0,86,99,9521,9521,86,2020-07-05,0,99,0,0.00635183176585105,0
Otsego,2020-07-06T00:00:00.000,0,86,166,9687,9687,86,2020-07-06,0,166,0,0.00639703460110141,0
Otsego,2020-07-07T00:00:00.000,0,86,68,9755,9755,86,2020-07-07,0,68,0,0.00638882587245671,0
Otsego,2020-07-08T00:00:00.000,0,86,136,9891,9891,86,2020-07-08,0,136,0,0.00632848633461896,0
Otsego,2020-07-09T00:00:00.000,2,88,127,10018,10018,88,2020-07-09,2,127,0.015748031496063,0.00621922537894843,2.30475667771287
Otsego,2020-07-10T00:00:00.000,0,88,138,10156,10156,88,2020-07-10,0,138,0,0.00606593370233393,0
Otsego,2020-07-11T00:00:00.000,1,89,139,10295,10295,89,2020-07-11,1,139,0.00719424460431655,0.00587483038752428,1.1404870516888
Otsego,2020-07-12T00:00:00.000,0,89,75,10370,10370,89,2020-07-12,0,75,0,0.00565304409334167,0
Otsego,2020-07-13T00:00:00.000,1,90,175,10545,10545,90,2020-07-13,1,175,0.00571428571428571,0.00540817198996018,1.12524744239916
Otsego,2020-07-14T00:00:00.000,1,91,190,10735,10735,91,2020-07-14,1,190,0.00526315789473684,0.00514785786189358,1.11665213364543
Otsego,2020-07-15T00:00:00.000,1,92,171,10906,10906,92,2020-07-15,1,171,0.00584795321637427,0.00487942351700581,1.10757068950599
Otsego,2020-07-16T00:00:00.000,2,94,275,11181,11181,94,2020-07-16,2,275,0.00727272727272727,0.00460957707698766,2.19825747826717
Otsego,2020-07-17T00:00:00.000,0,94,255,11436,11436,94,2020-07-17,0,255,0,0.00434420998511854,0
Otsego,2020-07-18T00:00:00.000,4,98,90,11526,11526,98,2020-07-18,4,90,0.0444444444444444,0.00408828355751472,4.35361439115192
Otsego,2020-07-19T00:00:00.000,0,98,125,11651,11651,98,2020-07-19,0,125,0,0.00384579704387091,0
Otsego,2020-07-20T00:00:00.000,2,100,206,11857,11857,100,2020-07-20,2,206,0.00970873786407767,0.0036198232077773,2.15002302353748
Otsego,2020-07-21T00:00:00.000,1,101,126,11983,11983,101,2020-07-21,1,126,0.00793650793650794,0.00341259450764135,1.06380501292127
Otsego,2020-07-22T00:00:00.000,1,102,148,12131,12131,102,2020-07-22,1,148,0.00675675675675676,0.00322562267192888,1.05153862992747
Otsego,2020-07-23T00:00:00.000,0,102,112,12243,12243,102,2020-07-23,0,112,0,0.00305983615514472,0
Otsego,2020-07-24T00:00:00.000,1,103,160,12403,12403,103,2020-07-24,1,160,0.00625,0.00291572285347783,1.02526263483282
Otsego,2020-07-25T00:00:00.000,0,103,104,12507,12507,103,2020-07-25,0,104,0,0.00279346885559712,0
Otsego,2020-07-26T00:00:00.000,0,103,102,12609,12609,103,2020-07-26,0,102,0,0.00269308734576908,0
Otsego,2020-07-27T00:00:00.000,2,105,171,12780,12780,105,2020-07-27,2,171,0.0116959064327485,0.00261453470132332,2.02196959074509
Otsego,2020-07-28T00:00:00.000,2,107,124,12904,12904,107,2020-07-28,2,124,0.0161290322580645,0.00255781314709357,2.01657472304937
Otsego,2020-07-29T00:00:00.000,0,107,175,13079,13079,107,2020-07-29,0,175,0,0.00252306099570078,0
Otsego,2020-07-30T00:00:00.000,5,112,249,13328,13328,112,2020-07-30,5,249,0.0200803212851406,0.00251063255327744,5.06256008887985
Otsego,2020-07-31T00:00:00.000,0,112,152,13480,13480,112,2020-07-31,0,152,0,0.00252117029791968,0
Otsego,2020-08-01T00:00:00.000,0,112,153,13633,13633,112,2020-08-01,0,153,0,0.00255567203255172,0
Otsego,2020-08-02T00:00:00.000,2,114,135,13768,13768,114,2020-08-02,2,135,0.0148148148148148,0.00261555546558751,2.05518565413601
Otsego,2020-08-03T00:00:00.000,1,115,218,13986,13986,115,2020-08-03,1,218,0.00458715596330275,0.00270272213264828,1.03238205780617
Otsego,2020-08-04T00:00:00.000,0,115,193,14179,14179,115,2020-08-04,0,193,0,0.00281962176362434,0
Otsego,2020-08-05T00:00:00.000,0,115,72,14251,14251,115,2020-08-05,0,72,0,0.00296931711253794,0
Otsego,2020-08-06T00:00:00.000,1,116,189,14440,14440,116,2020-08-06,1,189,0.00529100529100529,0.00315554786803906,1.05076391978719
Otsego,2020-08-07T00:00:00.000,0,116,271,14711,14711,116,2020-08-07,0,271,0,0.00338279049837247,0
Otsego,2020-08-08T00:00:00.000,0,116,141,14852,14852,116,2020-08-08,0,141,0,0.00365630871828869,0
Otsego,2020-08-09T00:00:00.000,0,116,145,14997,14997,116,2020-08-09,0,145,0,0.00398218668222948,0
Otsego,2020-08-10T00:00:00.000,2,118,432,15429,15429,118,2020-08-10,2,432,0.00462962962962963,0.00436733406032267,2.17482283503109
Otsego,2020-08-11T00:00:00.000,0,118,160,15589,15589,118,2020-08-11,0,160,0,0.00481944900947012,0
Otsego,2020-08-12T00:00:00.000,0,118,276,15865,15865,118,2020-08-12,0,276,0,0.00534692202204309,0
Otsego,2020-08-13T00:00:00.000,0,118,157,16022,16022,118,2020-08-13,0,157,0,0.0059586612374667,0
Otsego,2020-08-14T00:00:00.000,0,118,183,16205,16205,118,2020-08-14,0,183,0,0.00666381877410977,0
Otsego,2020-08-15T00:00:00.000,0,118,116,16321,16321,118,2020-08-15,0,116,0,0.00747139891927927,0
Otsego,2020-08-16T00:00:00.000,0,118,92,16413,16413,118,2020-08-16,0,92,0,0.0083897336561772,0
Otsego,2020-08-17T00:00:00.000,2,120,203,16616,16616,120,2020-08-17,2,203,0.00985221674876847,0.00942582002070063,2.34738284685023
Otsego,2020-08-18T00:00:00.000,2,122,151,16767,16767,122,2020-08-18,2,151,0.0132450331125828,0.0105845278148247,2.38033910864482
Otsego,2020-08-19T00:00:00.000,1,123,219,16986,16986,123,2020-08-19,1,219,0.0045662100456621,0.011867705238213,1.206193416791
Otsego,2020-08-20T00:00:00.000,1,124,162,17148,17148,124,2020-08-20,1,162,0.00617283950617284,0.0132732329370309,1.22157839930228
Otsego,2020-08-21T00:00:00.000,0,124,181,17329,17329,124,2020-08-21,0,181,0,0.0147941013492349,0
Otsego,2020-08-22T00:00:00.000,0,124,277,17606,17606,124,2020-08-22,0,277,0,0.0164176082253303,0
Otsego,2020-08-23T00:00:00.000,0,124,199,17805,17805,124,2020-08-23,0,199,0,0.0181247879724229,0
Otsego,2020-08-24T00:00:00.000,0,124,113,17918,17918,124,2020-08-24,0,113,0,0.0198901868846568,0
Otsego,2020-08-25T00:00:00.000,0,124,190,18108,18108,124,2020-08-25,0,190,0,0.0216820843190588,0
Otsego,2020-08-26T00:00:00.000,0,124,283,18391,18391,124,2020-08-26,0,283,0,0.0234632275803109,0
Otsego,2020-08-27T00:00:00.000,1,125,201,18592,18592,125,2020-08-27,1,201,0.00497512437810945,0.025192099278093,1.29441492246912
Otsego,2020-08-28T00:00:00.000,9,134,272,18864,18864,134,2020-08-28,9,272,0.0330882352941176,0.0268246754924239,11.7084779546656
Otsego,2020-08-29T00:00:00.000,9,143,286,19150,19150,143,2020-08-29,9,286,0.0314685314685315,0.0283165697719221,11.7705627163007
Otsego,2020-08-30T00:00:00.000,1,144,103,19253,19253,144,2020-08-30,1,103,0.00970873786407767,0.029625401942278,1.31289651848446
Otsego,2020-08-31T00:00:00.000,35,179,233,19486,19486,179,2020-08-31,35,233,0.150214592274678,0.0307131917522585,46.1404550522934
Otsego,2020-09-01T00:00:00.000,10,189,240,19726,19726,189,2020-09-01,10,240,0.0416666666666667,0.0315485626803238,13.2534372405924
Otsego,2020-09-02T00:00:00.000,20,209,495,20221,20221,209,2020-09-02,20,495,0.0404040404040404,0.0321085538997684,26.7404383299916
Otsego,2020-09-03T00:00:00.000,26,235,568,20789,20789,235,2020-09-03,26,568,0.0457746478873239,0.0323798768136299,35.0381469548795
Otsego,2020-09-04T00:00:00.000,14,249,353,21142,21142,249,2020-09-04,14,353,0.0396600566572238,0.0323595109486253,18.9510694303911
Otsego,2020-09-05T00:00:00.000,19,268,495,21637,21637,268,2020-09-05,19,495,0.0383838383838384,0.0320546035849636,25.774850217743
Otsego,2020-09-06T00:00:00.000,17,285,512,22149,22149,285,2020-09-06,17,512,0.033203125,0.0314817084409588,23.0817225702154
Otsego,2020-09-07T00:00:00.000,3,288,183,22332,22332,288,2020-09-07,3,183,0.0163934426229508,0.0306654616130968,4.07212344223602
Otsego,2020-09-08T00:00:00.000,3,291,164,22496,22496,291,2020-09-08,3,164,0.0182926829268293,0.0296368403507185,4.06645339120015
Otsego,2020-09-09T00:00:00.000,0,291,125,22621,22621,291,2020-09-09,0,125,0,0.0284311774194582,0
Otsego,2020-09-10T00:00:00.000,5,296,207,22828,22828,296,2020-09-10,5,207,0.0241545893719807,0.0270861093876679,6.73706343642271
Otsego,2020-09-11T00:00:00.000,16,312,248,23076,23076,312,2020-09-11,16,248,0.0645161290322581,0.0256396227297524,21.5531550223849
Otsego,2020-09-12T00:00:00.000,2,314,337,23413,23413,314,2020-09-12,2,337,0.00593471810089021,0.0241283314214792,2.69269740904201
Otsego,2020-09-13T00:00:00.000,0,314,107,23520,23520,314,2020-09-13,0,107,0,0.0225860794850571,0
Otsego,2020-09-14T00:00:00.000,2,316,143,23663,23663,316,2020-09-14,2,143,0.013986013986014,0.0210429181594543,2.68371327960891
Otsego,2020-09-15T00:00:00.000,2,318,172,23835,23835,318,2020-09-15,2,172,0.0116279069767442,0.0195244658991228,2.67609903509766
Otsego,2020-09-16T00:00:00.000,4,322,491,24326,24326,322,2020-09-16,4,491,0.00814663951120163,0.0180516248607162,5.33268871931194
Otsego,2020-09-17T00:00:00.000,2,324,178,24504,24504,324,2020-09-17,2,178,0.0112359550561798,0.0166406026586955,2.65439832189587
Otsego,2020-09-18T00:00:00.000,1,325,180,24684,24684,325,2020-09-18,1,180,0.00555555555555556,0.0153031738356046,1.32010241637073
Otsego,2020-09-19T00:00:00.000,7,332,199,24883,24883,332,2020-09-19,7,199,0.0351758793969849,0.0140471109469504,9.1829639831898
Otsego,2020-09-20T00:00:00.000,0,332,160,25043,25043,332,2020-09-20,0,160,0,0.0128767184905082,0
Otsego,2020-09-21T00:00:00.000,0,332,193,25236,25236,332,2020-09-21,0,193,0,0.0117934117251053,0
Otsego,2020-09-22T00:00:00.000,1,333,209,25445,25445,333,2020-09-22,1,209,0.00478468899521531,0.0107962941942768,1.27823749287111
Otsego,2020-09-23T00:00:00.000,2,335,301,25746,25746,335,2020-09-23,2,301,0.00664451827242525,0.0098827004260415,2.52871039122738
Otsego,2020-09-24T00:00:00.000,0,335,245,25991,25991,335,2020-09-24,0,245,0,0.00904868218905876,0
Otsego,2020-09-25T00:00:00.000,3,338,285,26276,26276,338,2020-09-25,3,285,0.0105263157894737,0.00828942687180655,3.73481940339481
Otsego,2020-09-26T00:00:00.000,0,338,231,26507,26507,338,2020-09-26,0,231,0,0.00759960455157571,0
Otsego,2020-09-27T00:00:00.000,2,340,152,26659,26659,340,2020-09-27,2,152,0.0131578947368421,0.00697364606101731,2.43888396955727
Otsego,2020-09-28T00:00:00.000,0,340,363,27022,27022,340,2020-09-28,0,363,0,0.00640595806499818,0
Otsego,2020-09-29T00:00:00.000,1,341,454,27476,27476,341,2020-09-29,1,454,0.00220264317180617,0.0058910831838565,1.1881035467803
Otsego,2020-09-30T00:00:00.000,1,342,160,27636,27636,342,2020-09-30,1,160,0.00625,0.00542381393496906,1.17084314919542
Otsego,2020-10-01T00:00:00.000,2,344,216,27852,27852,344,2020-10-01,2,216,0.00925925925925926,0.00499926911107355,2.30533403285623
Otsego,2020-10-02T00:00:00.000,0,344,281,28133,28133,344,2020-10-02,0,281,0,0.00461294049043025,0
Otsego,2020-10-03T00:00:00.000,2,346,206,28339,28339,346,2020-10-03,2,206,0.00970873786407767,0.00426071674596701,2.25941362299447
Otsego,2020-10-04T00:00:00.000,1,347,229,28568,28568,347,2020-10-04,1,229,0.00436681222707424,0.00393889028302551,1.12688428879671
Otsego,2020-10-05T00:00:00.000,6,353,621,29189,29189,353,2020-10-05,6,621,0.00966183574879227,0.00364415161471102,6.74999057438011
Otsego,2020-10-06T00:00:00.000,0,353,351,29540,29540,353,2020-10-06,0,351,0,0.00337357486551487,0
Otsego,2020-10-07T00:00:00.000,1,354,296,29836,29836,354,2020-10-07,1,296,0.00337837837837838,0.00312459712312973,1.12143452104066
Otsego,2020-10-08T00:00:00.000,3,357,302,30138,30138,357,2020-10-08,3,302,0.00993377483443709,0.00289499365245711,3.35903092191871
Otsego,2020-10-09T00:00:00.000,2,359,233,30371,30371,359,2020-10-09,2,233,0.00858369098712446,0.00268285044482567,2.23578356990084
Otsego,2020-10-10T00:00:00.000,1,360,235,30606,30606,360,2020-10-10,1,235,0.00425531914893617,0.00248653518743973,1.11605438110631
Otsego,2020-10-11T00:00:00.000,0,360,148,30754,30754,360,2020-10-11,0,148,0,0.00230466748062429,0
Putnam,2020-03-01T00:00:00.000,0,0,0,0,0,0,2020-03-01,0,0,0,0.0120706443898539,0
Putnam,2020-03-02T00:00:00.000,0,0,0,0,0,0,2020-03-02,0,0,0,0.0142033260389084,0
Putnam,2020-03-03T00:00:00.000,0,0,0,0,0,0,2020-03-03,0,0,0,0.0167049286427829,0
Putnam,2020-03-04T00:00:00.000,0,0,0,0,0,0,2020-03-04,0,0,0,0.0196336802886213,0
Putnam,2020-03-05T00:00:00.000,0,0,1,1,1,0,2020-03-05,0,1,0,0.0230535787342485,0
Putnam,2020-03-06T00:00:00.000,0,0,0,1,1,0,2020-03-06,0,0,0,0.0270336578299511,0
Putnam,2020-03-07T00:00:00.000,0,0,1,2,2,0,2020-03-07,0,1,0,0.0316467056073073,0
Putnam,2020-03-08T00:00:00.000,0,0,0,2,2,0,2020-03-08,0,0,0,0.03696732683339,0
Putnam,2020-03-09T00:00:00.000,0,0,1,3,3,0,2020-03-09,0,1,0,0.0430692690844258,0
Putnam,2020-03-10T00:00:00.000,0,0,0,3,3,0,2020-03-10,0,0,0,0.0500219810118651,0
Putnam,2020-03-11T00:00:00.000,0,0,7,10,10,0,2020-03-11,0,7,0,0.0578864471213138,0
Putnam,2020-03-12T00:00:00.000,0,0,1,11,11,0,2020-03-12,0,1,0,0.0667104433433735,0
Putnam,2020-03-13T00:00:00.000,0,0,14,25,25,0,2020-03-13,0,14,0,0.0765234738709145,0
Putnam,2020-03-14T00:00:00.000,0,0,3,28,28,0,2020-03-14,0,3,0,0.087331766599124,0
Putnam,2020-03-15T00:00:00.000,2,2,10,38,38,2,2020-03-15,2,10,0.2,0.0991137996887336,3.33235795609995
Putnam,2020-03-16T00:00:00.000,0,2,5,43,43,2,2020-03-16,0,5,0,0.111816879577274,0
Putnam,2020-03-17T00:00:00.000,0,2,7,50,50,2,2020-03-17,0,7,0,0.125355268103817,0
Putnam,2020-03-18T00:00:00.000,3,5,32,82,82,5,2020-03-18,3,32,0.09375,0.139610250499039,4.58327031677267
Putnam,2020-03-19T00:00:00.000,2,7,35,117,117,7,2020-03-19,2,35,0.0571428571428571,0.154432350873343,2.97122773008131
Putnam,2020-03-20T00:00:00.000,15,22,79,196,196,22,2020-03-20,15,79,0.189873417721519,0.16964566142752,21.6827482671409
Putnam,2020-03-21T00:00:00.000,15,37,75,271,271,37,2020-03-21,15,75,0.2,0.18505399639708,21.1094239226367
Putnam,2020-03-22T00:00:00.000,8,45,47,318,318,45,2020-03-22,8,47,0.170212765957447,0.200448359748415,10.9733040245415
Putnam,2020-03-23T00:00:00.000,22,67,70,388,388,67,2020-03-23,22,70,0.314285714285714,0.215615069612619,29.4510127665977
Putnam,2020-03-24T00:00:00.000,16,83,51,439,439,83,2020-03-24,16,51,0.313725490196078,0.230343838201388,20.9341305288314
Putnam,2020-03-25T00:00:00.000,11,94,75,514,514,94,2020-03-25,11,75,0.146666666666667,0.244435165792631,14.2049368693469
Putnam,2020-03-26T00:00:00.000,17,111,47,561,561,111,2020-03-26,17,47,0.361702127659574,0.25770655105252,21.6958489990685
Putnam,2020-03-27T00:00:00.000,20,131,84,645,645,131,2020-03-27,20,84,0.238095238095238,0.269997212114402,25.2501744248968
Putnam,2020-03-28T00:00:00.000,13,144,41,686,686,144,2020-03-28,13,41,0.317073170731707,0.281171213773339,16.2866050813702
Putnam,2020-03-29T00:00:00.000,23,167,63,749,749,167,2020-03-29,23,63,0.365079365079365,0.291119071866816,28.8474900693467
Putnam,2020-03-30T00:00:00.000,19,186,71,820,820,186,2020-03-30,19,71,0.267605633802817,0.299758034536186,23.9647299817569
Putnam,2020-03-31T00:00:00.000,21,207,57,877,877,207,2020-03-31,21,57,0.368421052631579,0.307031313463638,26.6025023967661
Putnam,2020-04-01T00:00:00.000,9,216,46,923,923,216,2020-04-01,9,46,0.195652173913043,0.312906560019162,11.4327062459393
Putnam,2020-04-02T00:00:00.000,36,252,90,1013,1013,252,2020-04-02,36,90,0.4,0.317373862671816,45.2105448056161
Putnam,2020-04-03T00:00:00.000,31,283,96,1109,1109,283,2020-04-03,31,96,0.322916666666667,0.320443497271746,38.5303373224343
Putnam,2020-04-04T00:00:00.000,31,314,78,1187,1187,314,2020-04-04,31,78,0.397435897435897,0.322143604653338,38.4714565016096
Putnam,2020-04-05T00:00:00.000,31,345,122,1309,1309,345,2020-04-05,31,122,0.254098360655738,0.322517911648354,38.38031375203
Putnam,2020-04-06T00:00:00.000,21,366,72,1381,1381,366,2020-04-06,21,72,0.291666666666667,0.321623559770449,26.1208287589752
Putnam,2020-04-07T00:00:00.000,37,403,115,1496,1496,403,2020-04-07,37,115,0.321739130434783,0.319529064955134,46.3403184950856
Putnam,2020-04-08T00:00:00.000,35,438,158,1654,1654,438,2020-04-08,35,158,0.221518987341772,0.316312403530113,44.1314889613086
Putnam,2020-04-09T00:00:00.000,49,487,169,1823,1823,487,2020-04-09,49,169,0.289940828402367,0.312059203724116,62.19762426386
Putnam,2020-04-10T00:00:00.000,7,494,18,1841,1841,494,2020-04-10,7,18,0.388888888888889,0.306861016889138,8.94342905929433
Putnam,2020-04-11T00:00:00.000,3,497,12,1853,1853,497,2020-04-11,3,12,0.25,0.300813645907963,3.86027865004427
Putnam,2020-04-12T00:00:00.000,5,502,8,1861,1861,502,2020-04-12,5,8,0.625,0.29401551721058,6.50641354182851
Putnam,2020-04-13T00:00:00.000,56,558,217,2078,2078,558,2020-04-13,56,217,0.258064516129032,0.286566094819719,73.6489116618349
Putnam,2020-04-14T00:00:00.000,13,571,43,2121,2121,571,2020-04-14,13,43,0.302325581395349,0.278564347271855,17.2659096034433
Putnam,2020-04-15T00:00:00.000,2,573,6,2127,2127,573,2020-04-15,2,6,0.333333333333333,0.27010728910273,2.677617732843
Putnam,2020-04-16T00:00:00.000,5,578,11,2138,2138,578,2020-04-16,5,11,0.454545454545455,0.261288626196552,6.72961740422147
Putnam,2020-04-17T00:00:00.000,4,582,13,2151,2151,582,2020-04-17,4,13,0.307692307692308,0.252197537826117,5.40710539039448
Putnam,2020-04-18T00:00:00.000,10,592,37,2188,2188,592,2020-04-18,10,37,0.27027027027027,0.242917627351775,13.5616790920236
Putnam,2020-04-19T00:00:00.000,7,599,21,2209,2209,599,2020-04-19,7,21,0.333333333333333,0.233526068674267,9.51423174515517
Putnam,2020-04-20T00:00:00.000,6,605,30,2239,2239,605,2020-04-20,6,30,0.2,0.224092967519218,8.16603533147104
Putnam,2020-04-21T00:00:00.000,6,611,31,2270,2270,611,2020-04-21,6,31,0.193548387096774,0.214680946586909,8.17006168498477
Putnam,2020-04-22T00:00:00.000,4,615,19,2289,2289,615,2020-04-22,4,19,0.210526315789474,0.20534495285381,5.44482888556221
Putnam,2020-04-23T00:00:00.000,4,619,25,2314,2314,619,2020-04-23,4,25,0.16,0.196132275033135,5.4384453703572
Putnam,2020-04-24T00:00:00.000,266,885,1134,3448,3448,885,2020-04-24,266,1134,0.234567901234568,0.187082750362876,360.935374459678
Putnam,2020-04-25T00:00:00.000,19,904,112,3560,3560,904,2020-04-25,19,112,0.169642857142857,0.178229133184337,25.7085289110003
Putnam,2020-04-26T00:00:00.000,21,925,127,3687,3687,925,2020-04-26,21,127,0.165354330708661,0.169597593473969,28.3054815118835
Putnam,2020-04-27T00:00:00.000,7,932,82,3769,3769,932,2020-04-27,7,82,0.0853658536585366,0.161208311650001,9.38984377059397
Putnam,2020-04-28T00:00:00.000,14,946,150,3919,3919,946,2020-04-28,14,150,0.0933333333333333,0.153076136297895,18.673131812118
Putnam,2020-04-29T00:00:00.000,24,970,251,4170,4170,970,2020-04-29,24,251,0.0956175298804781,0.145211273579683,31.9122342730828
Putnam,2020-04-30T00:00:00.000,20,990,144,4314,4314,990,2020-04-30,20,144,0.138888888888889,0.137619980495896,26.630832166019
Putnam,2020-05-01T00:00:00.000,13,1003,115,4429,4429,1003,2020-05-01,13,115,0.11304347826087,0.130305238372599,17.3308022253187
Putnam,2020-05-02T00:00:00.000,10,1013,90,4519,4519,1013,2020-05-02,10,90,0.111111111111111,0.123267387528848,13.3302436893523
Putnam,2020-05-03T00:00:00.000,13,1026,114,4633,4633,1026,2020-05-03,13,114,0.114035087719298,0.116504708663627,17.2943896666271
Putnam,2020-05-04T00:00:00.000,5,1031,87,4720,4720,1031,2020-05-04,5,87,0.0574712643678161,0.110013940850505,6.62704179575928
Putnam,2020-05-05T00:00:00.000,9,1040,96,4816,4816,1040,2020-05-05,9,96,0.09375,0.103790729976488,11.8685436885704
Putnam,2020-05-06T00:00:00.000,26,1066,317,5133,5133,1066,2020-05-06,26,317,0.082018927444795,0.0978300049076132,34.1095613627743
Putnam,2020-05-07T00:00:00.000,8,1074,121,5254,5254,1074,2020-05-07,8,121,0.0661157024793388,0.0921262816123992,10.4733400016948
Putnam,2020-05-08T00:00:00.000,6,1080,161,5415,5415,1080,2020-05-08,6,161,0.0372670807453416,0.0866738979084009,7.86216743380779
Putnam,2020-05-09T00:00:00.000,9,1089,155,5570,5570,1089,2020-05-09,9,155,0.0580645161290323,0.0814671834685547,11.8009767287964
Putnam,2020-05-10T00:00:00.000,9,1098,122,5692,5692,1098,2020-05-10,9,122,0.0737704918032787,0.0765005712683159,11.8054817943912
Putnam,2020-05-11T00:00:00.000,0,1098,42,5734,5734,1098,2020-05-11,0,42,0,0.0717686578059013,0
Putnam,2020-05-12T00:00:00.000,10,1108,138,5872,5872,1108,2020-05-12,10,138,0.072463768115942,0.0672662202154631,13.1471181991166
Putnam,2020-05-13T00:00:00.000,7,1115,151,6023,6023,1115,2020-05-13,7,151,0.0463576158940397,0.0629881988411708,9.2529202541708
Putnam,2020-05-14T00:00:00.000,6,1121,149,6172,6172,1121,2020-05-14,6,149,0.0402684563758389,0.0589296539600182,7.99257262409503
Putnam,2020-05-15T00:00:00.000,6,1127,153,6325,6325,1127,2020-05-15,6,153,0.0392156862745098,0.0550857051457767,8.04791667594116
Putnam,2020-05-16T00:00:00.000,9,1136,131,6456,6456,1136,2020-05-16,9,131,0.0687022900763359,0.0514514612819771,12.1339680916922
Putnam,2020-05-17T00:00:00.000,5,1141,116,6572,6572,1141,2020-05-17,5,116,0.0431034482758621,0.0480219484730886,6.75001343365773
Putnam,2020-05-18T00:00:00.000,18,1159,125,6697,6697,1159,2020-05-18,18,125,0.144,0.0447920421241019,24.3087136441438
Putnam,2020-05-19T00:00:00.000,9,1168,155,6852,6852,1168,2020-05-19,9,155,0.0580645161290323,0.0417564082936651,12.1483809705177
Putnam,2020-05-20T00:00:00.000,7,1175,165,7017,7017,1175,2020-05-20,7,165,0.0424242424242424,0.0389094581568928,9.44747636698249
Putnam,2020-05-21T00:00:00.000,12,1187,156,7173,7173,1187,2020-05-21,12,156,0.0769230769230769,0.0362453180923593,16.2157538651365
Putnam,2020-05-22T00:00:00.000,13,1200,236,7409,7409,1200,2020-05-22,13,236,0.0550847457627119,0.0337578166186451,17.5712934866855
Putnam,2020-05-23T00:00:00.000,8,1208,161,7570,7570,1208,2020-05-23,8,161,0.0496894409937888,0.0314404882121994,10.8040829340396
Putnam,2020-05-24T00:00:00.000,6,1214,185,7755,7755,1214,2020-05-24,6,185,0.0324324324324324,0.0292865929964681,8.08761530346276
Putnam,2020-05-25T00:00:00.000,8,1222,184,7939,7939,1222,2020-05-25,8,184,0.0434782608695652,0.0272891504540086,10.7492484591054
Putnam,2020-05-26T00:00:00.000,5,1227,125,8064,8064,1227,2020-05-26,5,125,0.04,0.0254409846950863,6.69254198281003
Putnam,2020-05-27T00:00:00.000,9,1236,425,8489,8489,1236,2020-05-27,9,425,0.0211764705882353,0.0237347784378956,12.0085524391936
Putnam,2020-05-28T00:00:00.000,5,1241,194,8683,8683,1241,2020-05-28,5,194,0.0257731958762887,0.0221631326982747,6.64510916204092
Putnam,2020-05-29T00:00:00.000,7,1248,312,8995,8995,1248,2020-05-29,7,312,0.0224358974358974,0.0207186292334508,9.25950049028734
Putnam,2020-05-30T00:00:00.000,4,1252,264,9259,9259,1252,2020-05-30,4,264,0.0151515151515152,0.0193938929970362,5.295175986606
Putnam,2020-05-31T00:00:00.000,5,1257,247,9506,9506,1257,2020-05-31,5,247,0.0202429149797571,0.0181816522012611,6.65371471322467
Putnam,2020-06-01T00:00:00.000,5,1262,248,9754,9754,1262,2020-06-01,5,248,0.0201612903225806,0.0170747940021903,6.69213371373421
Putnam,2020-06-02T00:00:00.000,2,1264,286,10040,10040,1264,2020-06-02,2,286,0.00699300699300699,0.0160664142855465,2.69024255583125
Putnam,2020-06-03T00:00:00.000,4,1268,311,10351,10351,1268,2020-06-03,4,311,0.0128617363344051,0.0151498604949992,5.40288389933703
Putnam,2020-06-04T00:00:00.000,2,1270,313,10664,10664,1270,2020-06-04,2,313,0.00638977635782748,0.0143187668826065,2.70047733960403
Putnam,2020-06-05T00:00:00.000,4,1274,306,10970,10970,1274,2020-06-05,4,306,0.0130718954248366,0.0135670819518236,5.39365682949016
Putnam,2020-06-06T00:00:00.000,3,1277,203,11173,11173,1277,2020-06-06,3,203,0.0147783251231527,0.0128890881904577,4.03741770415969
Putnam,2020-06-07T00:00:00.000,2,1279,252,11425,11425,1279,2020-06-07,2,252,0.00793650793650794,0.0122794144491891,2.68486679650153
Putnam,2020-06-08T00:00:00.000,1,1280,228,11653,11653,1280,2020-06-08,1,228,0.0043859649122807,0.0117330415100516,1.3383200842274
Putnam,2020-06-09T00:00:00.000,2,1282,296,11949,11949,1282,2020-06-09,2,296,0.00675675675675676,0.0112453015127054,2.66698164957919
Putnam,2020-06-10T00:00:00.000,0,1282,319,12268,12268,1282,2020-06-10,0,319,0,0.0108118719715024,0
Putnam,2020-06-11T00:00:00.000,0,1282,253,12521,12521,1282,2020-06-11,0,253,0,0.010428765134256,0
Putnam,2020-06-12T00:00:00.000,3,1285,329,12850,12850,1285,2020-06-12,3,329,0.00911854103343465,0.0100923134140818,3.94482901131639
Putnam,2020-06-13T00:00:00.000,3,1288,209,13059,13059,1288,2020-06-13,3,209,0.0143540669856459,0.00979915157928471,3.92242495676495
Putnam,2020-06-14T00:00:00.000,3,1291,214,13273,13273,1291,2020-06-14,3,214,0.014018691588785,0.00954619632354867,3.89817864204417
Putnam,2020-06-15T00:00:00.000,1,1292,193,13466,13466,1292,2020-06-15,1,193,0.00518134715025907,0.00933062376801158,1.29071247479214
Putnam,2020-06-16T00:00:00.000,2,1294,324,13790,13790,1294,2020-06-16,2,324,0.00617283950617284,0.00914984537629628,2.56290186302945
Putnam,2020-06-17T00:00:00.000,1,1295,185,13975,13975,1295,2020-06-17,1,185,0.00540540540540541,0.00900148269903563,1.27162899240556
Putnam,2020-06-18T00:00:00.000,4,1299,432,14407,14407,1299,2020-06-18,4,432,0.00925925925925926,0.00888334131082649,5.04509338310691
Putnam,2020-06-19T00:00:00.000,2,1301,248,14655,14655,1301,2020-06-19,2,248,0.00806451612903226,0.00879338426371297,2.50083783703671
Putnam,2020-06-20T00:00:00.000,0,1301,241,14896,14896,1301,2020-06-20,0,241,0,0.00872970535868643,0
Putnam,2020-06-21T00:00:00.000,4,1305,253,15149,15149,1305,2020-06-21,4,253,0.0158102766798419,0.00869050253193679,4.91730637172939
Putnam,2020-06-22T00:00:00.000,0,1305,194,15343,15343,1305,2020-06-22,0,194,0,0.0086740516648467,0
Putnam,2020-06-23T00:00:00.000,1,1306,226,15569,15569,1306,2020-06-23,1,226,0.00442477876106195,0.00867868115460637,1.22906827652154
Putnam,2020-06-24T00:00:00.000,5,1311,343,15912,15912,1311,2020-06-24,5,343,0.0145772594752187,0.00870274762241766,6.14416498545776
Putnam,2020-06-25T00:00:00.000,6,1317,216,16128,16128,1317,2020-06-25,6,216,0.0277777777777778,0.00874461318555615,7.36365413566438
Putnam,2020-06-26T00:00:00.000,2,1319,376,16504,16504,1319,2020-06-26,2,376,0.00531914893617021,0.00880262477007846,2.44693219138368
Putnam,2020-06-27T00:00:00.000,4,1323,199,16703,16703,1323,2020-06-27,4,199,0.0201005025125628,0.00887509598907154,4.87709990339975
Putnam,2020-06-28T00:00:00.000,2,1325,213,16916,16916,1325,2020-06-28,2,213,0.00938967136150235,0.00896029214651326,2.429511248606
Putnam,2020-06-29T00:00:00.000,1,1326,174,17090,17090,1326,2020-06-29,1,174,0.00574712643678161,0.00905641894254829,1.21074377023592
Putnam,2020-06-30T00:00:00.000,3,1329,271,17361,17361,1329,2020-06-30,3,271,0.011070110701107,0.00916161544379563,3.64245882694603
Putnam,2020-07-01T00:00:00.000,3,1332,373,17734,17734,1332,2020-07-01,3,373,0.00804289544235925,0.0092739518342001,3.65664395943742
Putnam,2020-07-02T00:00:00.000,1,1333,308,18042,18042,1333,2020-07-02,1,308,0.00324675324675325,0.00939143237288621,1.22229385659326
Putnam,2020-07-03T00:00:00.000,2,1335,219,18261,18261,1335,2020-07-03,2,219,0.0091324200913242,0.00951200385220089,2.44129546132474
Putnam,2020-07-04T00:00:00.000,1,1336,231,18492,18492,1336,2020-07-04,1,231,0.00432900432900433,0.0096335696708128,1.21877282130998
Putnam,2020-07-05T00:00:00.000,1,1337,217,18709,18709,1337,2020-07-05,1,217,0.00460829493087558,0.00975400941942488,1.21645169841257
Putnam,2020-07-06T00:00:00.000,3,1340,214,18923,18923,1340,2020-07-06,3,214,0.014018691588785,0.00987120362718214,3.64167488454803
Putnam,2020-07-07T00:00:00.000,4,1344,256,19179,19179,1344,2020-07-07,4,256,0.015625,0.0099830630495786,4.85251889106265
Putnam,2020-07-08T00:00:00.000,4,1348,422,19601,19601,1348,2020-07-08,4,422,0.00947867298578199,0.01008756161026,4.84815975480324
Putnam,2020-07-09T00:00:00.000,7,1355,357,19958,19958,1355,2020-07-09,7,357,0.0196078431372549,0.010182771858605,8.47434417042897
Putnam,2020-07-10T00:00:00.000,6,1361,438,20396,20396,1361,2020-07-10,6,438,0.0136986301369863,0.0102669015944011,7.25323806380538
Putnam,2020-07-11T00:00:00.000,0,1361,323,20719,20719,1361,2020-07-11,0,323,0,0.0103383301590589,0
Putnam,2020-07-12T00:00:00.000,4,1365,293,21012,21012,1365,2020-07-12,4,293,0.0136518771331058,0.0103956428172277,4.81765494667557
Putnam,2020-07-13T00:00:00.000,11,1376,291,21303,21303,1376,2020-07-13,11,291,0.0378006872852234,0.0104376616660689,13.2189205310809
Putnam,2020-07-14T00:00:00.000,6,1382,236,21539,21539,1382,2020-07-14,6,236,0.0254237288135593,0.0104634716153672,7.19240403197329
Putnam,2020-07-15T00:00:00.000,3,1385,398,21937,21937,1385,2020-07-15,3,398,0.00753768844221105,0.0104724401806163,3.58641585827419
Putnam,2020-07-16T00:00:00.000,1,1386,539,22476,22476,1386,2020-07-16,1,539,0.00185528756957328,0.0104642301100347,1.19303499690577
Putnam,2020-07-17T00:00:00.000,4,1390,424,22900,22900,1390,2020-07-17,4,424,0.00943396226415094,0.0104388042102989,4.77723838436616
Putnam,2020-07-18T00:00:00.000,1,1391,286,23186,23186,1391,2020-07-18,1,286,0.0034965034965035,0.0103964221195216,1.19487990700989
Putnam,2020-07-19T00:00:00.000,1,1392,218,23404,23404,1392,2020-07-19,1,218,0.00458715596330275,0.0103376291737494,1.19472358767661
Putnam,2020-07-20T00:00:00.000,1,1393,279,23683,23683,1393,2020-07-20,1,279,0.003584229390681,0.0102632378962856,1.19308893641384
Putnam,2020-07-21T00:00:00.000,1,1394,296,23979,23979,1394,2020-07-21,1,296,0.00337837837837838,0.0101743029820538,1.18659914313515
Putnam,2020-07-22T00:00:00.000,3,1397,320,24299,24299,1397,2020-07-22,3,320,0.009375,0.0100720909275868,3.53506247940749
Putnam,2020-07-23T00:00:00.000,2,1399,385,24684,24684,1399,2020-07-23,2,385,0.00519480519480519,0.00995804565779417,2.33727823108627
Putnam,2020-07-24T00:00:00.000,4,1403,299,24983,24983,1403,2020-07-24,4,299,0.0133779264214047,0.00983375161063394,4.6311881007602
Putnam,2020-07-25T00:00:00.000,1,1404,230,25213,25213,1404,2020-07-25,1,230,0.00434782608695652,0.00970089576182391,1.15035068239878
Putnam,2020-07-26T00:00:00.000,4,1408,256,25469,25469,1408,2020-07-26,4,256,0.015625,0.00956123000744003,4.60111127364007
Putnam,2020-07-27T00:00:00.000,4,1412,282,25751,25751,1412,2020-07-27,4,282,0.0141843971631206,0.00941653518496773,4.59678601886684
Putnam,2020-07-28T00:00:00.000,4,1416,295,26046,26046,1416,2020-07-28,4,295,0.0135593220338983,0.00926858781940751,4.58731739891222
Putnam,2020-07-29T00:00:00.000,2,1418,422,26468,26468,1418,2020-07-29,2,422,0.004739336492891,0.00911913044889693,2.29422296015138
Putnam,2020-07-30T00:00:00.000,3,1421,286,26754,26754,1421,2020-07-30,3,286,0.0104895104895105,0.00896984613235736,3.45002009882768
Putnam,2020-07-31T00:00:00.000,4,1425,309,27063,27063,1425,2020-07-31,4,309,0.0129449838187702,0.00882233749006607,4.61068593691563
Putnam,2020-08-01T00:00:00.000,3,1428,213,27276,27276,1428,2020-08-01,3,213,0.0140845070422535,0.008678110389479,3.46526533629683
Putnam,2020-08-02T00:00:00.000,5,1433,222,27498,27498,1433,2020-08-02,5,222,0.0225225225225225,0.00853856217799487,5.78326575369505
Putnam,2020-08-03T00:00:00.000,4,1437,245,27743,27743,1437,2020-08-03,4,245,0.0163265306122449,0.0084049741883001,4.62566245428784
Putnam,2020-08-04T00:00:00.000,2,1439,292,28035,28035,1439,2020-08-04,2,292,0.00684931506849315,0.00827850810520335,2.31167622548205
Putnam,2020-08-05T00:00:00.000,5,1444,337,28372,28372,1444,2020-08-05,5,337,0.0148367952522255,0.0081602056868941,5.77561724422576
Putnam,2020-08-06T00:00:00.000,2,1446,288,28660,28660,1446,2020-08-06,2,288,0.00694444444444444,0.00805099127633381,2.30787671782485
Putnam,2020-08-07T00:00:00.000,1,1447,320,28980,28980,1447,2020-08-07,1,320,0.003125,0.0079516765149038,1.15161559367075
Putnam,2020-08-08T00:00:00.000,2,1449,276,29256,29256,1449,2020-08-08,2,276,0.0072463768115942,0.00786296667663816,2.30259131420781
Putnam,2020-08-09T00:00:00.000,0,1449,256,29512,29512,1449,2020-08-09,0,256,0,0.00778546807015368,0
Putnam,2020-08-10T00:00:00.000,0,1449,310,29822,29822,1449,2020-08-10,0,310,0,0.00771969600027243,0
Putnam,2020-08-11T00:00:00.000,1,1450,267,30089,30089,1450,2020-08-11,1,267,0.00374531835205993,0.00766608283804217,1.15022654164292
Putnam,2020-08-12T00:00:00.000,5,1455,360,30449,30449,1455,2020-08-12,5,360,0.0138888888888889,0.00762498580976642,5.74397561625571
Putnam,2020-08-13T00:00:00.000,2,1457,365,30814,30814,1457,2020-08-13,2,365,0.00547945205479452,0.00759669417965198,2.29381965734745
Putnam,2020-08-14T00:00:00.000,2,1459,498,31312,31312,1459,2020-08-14,2,498,0.00401606425702811,0.00758143556379844,2.28919083190439
Putnam,2020-08-15T00:00:00.000,2,1461,454,31766,31766,1461,2020-08-15,2,454,0.00440528634361234,0.00757938117327217,2.29046890086549
Putnam,2020-08-16T00:00:00.000,2,1463,266,32032,32032,1463,2020-08-16,2,266,0.0075187969924812,0.00759064983928467,2.29093764445589
Putnam,2020-08-17T00:00:00.000,0,1463,318,32350,32350,1463,2020-08-17,0,318,0,0.00761531072538609,0
Putnam,2020-08-18T00:00:00.000,3,1466,346,32696,32696,1466,2020-08-18,3,346,0.00867052023121387,0.00765338467803551,3.45659340124744
Putnam,2020-08-19T00:00:00.000,2,1468,354,33050,33050,1468,2020-08-19,2,354,0.00564971751412429,0.00770484421028233,2.31039725856832
Putnam,2020-08-20T00:00:00.000,2,1470,411,33461,33461,1470,2020-08-20,2,411,0.0048661800486618,0.00776961215414106,2.31576029118824
Putnam,2020-08-21T00:00:00.000,3,1473,401,33862,33862,1473,2020-08-21,3,401,0.00748129675810474,0.00784755905560137,3.48059578389553
Putnam,2020-08-22T00:00:00.000,0,1473,361,34223,34223,1473,2020-08-22,0,361,0,0.00793849942383718,0
Putnam,2020-08-23T00:00:00.000,2,1475,294,34517,34517,1475,2020-08-23,2,294,0.00680272108843537,0.00804218698415192,2.32686976083789
Putnam,2020-08-24T00:00:00.000,5,1480,233,34750,34750,1480,2020-08-24,5,233,0.0214592274678112,0.00815830912066796,5.81256937107039
Putnam,2020-08-25T00:00:00.000,2,1482,336,35086,35086,1482,2020-08-25,2,336,0.00595238095238095,0.00828648073285106,2.32216883427355
Putnam,2020-08-26T00:00:00.000,5,1487,403,35489,35489,1487,2020-08-26,5,403,0.0124069478908189,0.00842623776603204,5.80649299604868
Putnam,2020-08-27T00:00:00.000,5,1492,381,35870,35870,1492,2020-08-27,5,381,0.0131233595800525,0.00857703071143303,5.81099866860091
Putnam,2020-08-28T00:00:00.000,2,1494,426,36296,36296,1494,2020-08-28,2,426,0.00469483568075117,0.00873821840259595,2.32582358748048
Putnam,2020-08-29T00:00:00.000,6,1500,396,36692,36692,1500,2020-08-29,6,396,0.0151515151515152,0.00890906246223369,6.99012758733053
Putnam,2020-08-30T00:00:00.000,1,1501,230,36922,36922,1501,2020-08-30,1,230,0.00434782608695652,0.00908872277192245,1.16657954508044
Putnam,2020-08-31T00:00:00.000,4,1505,376,37298,37298,1505,2020-08-31,4,376,0.0106382978723404,0.00927625434666024,4.67819790403704
Putnam,2020-09-01T00:00:00.000,5,1510,420,37718,37718,1510,2020-09-01,5,420,0.0119047619047619,0.00947060599221076,5.87541231647913
Putnam,2020-09-02T00:00:00.000,8,1518,400,38118,38118,1518,2020-09-02,8,400,0.02,0.00967062110463827,9.48662809952533
Putnam,2020-09-03T00:00:00.000,5,1523,337,38455,38455,1523,2020-09-03,5,337,0.0148367952522255,0.00987504093527243,5.98362209797939
Putnam,2020-09-04T00:00:00.000,5,1528,360,38815,38815,1528,2020-09-04,5,360,0.0138888888888889,0.0100825105904442,6.02327046831621
Putnam,2020-09-05T00:00:00.000,3,1531,314,39129,39129,1531,2020-09-05,3,314,0.00955414012738853,0.0102915879619937,3.63264536320511
Putnam,2020-09-06T00:00:00.000,3,1534,240,39369,39369,1534,2020-09-06,3,240,0.0125,0.0105007556938681,3.6496967118242
Putnam,2020-09-07T00:00:00.000,5,1539,143,39512,39512,1539,2020-09-07,5,143,0.034965034965035,0.010708436183132,6.10910147411143
Putnam,2020-09-08T00:00:00.000,2,1541,346,39858,39858,1541,2020-09-08,2,346,0.00578034682080925,0.0109130094949426,2.45321608215424
Putnam,2020-09-09T00:00:00.000,0,1541,312,40170,40170,1541,2020-09-09,0,312,0,0.0111128339437985,0
Putnam,2020-09-10T00:00:00.000,9,1550,377,40547,40547,1550,2020-09-10,9,377,0.0238726790450928,0.0113062689657175,11.1122092352999
Putnam,2020-09-11T00:00:00.000,4,1554,370,40917,40917,1554,2020-09-11,4,370,0.0108108108108108,0.0114916997821686,4.97276716770589
Putnam,2020-09-12T00:00:00.000,3,1557,348,41265,41265,1557,2020-09-12,3,348,0.00862068965517241,0.0116675632460577,3.75598715986298
Putnam,2020-09-13T00:00:00.000,4,1561,205,41470,41470,1561,2020-09-13,4,205,0.0195121951219512,0.0118323741681477,5.04175180083599
Putnam,2020-09-14T00:00:00.000,3,1564,334,41804,41804,1564,2020-09-14,3,334,0.00898203592814371,0.0119847513569705,3.80521920917863
Putnam,2020-09-15T00:00:00.000,1,1565,270,42074,42074,1565,2020-09-15,1,270,0.0037037037037037,0.0121234425702863,1.27578316062256
Putnam,2020-09-16T00:00:00.000,2,1567,364,42438,42438,1567,2020-09-16,2,364,0.00549450549450549,0.0122473475767204,2.56489040195303
Putnam,2020-09-17T00:00:00.000,2,1569,347,42785,42785,1569,2020-09-17,2,347,0.00576368876080692,0.0123555385628212,2.57653091088533
Putnam,2020-09-18T00:00:00.000,4,1573,391,43176,43176,1573,2020-09-18,4,391,0.010230179028133,0.0124472771931214,5.17245715885724
Putnam,2020-09-19T00:00:00.000,1,1574,431,43607,43607,1574,2020-09-19,1,431,0.00232018561484919,0.0125220277367428,1.29686152481398
Putnam,2020-09-20T00:00:00.000,3,1577,343,43950,43950,1577,2020-09-20,3,343,0.0087463556851312,0.0125794658063231,3.89734673667156
Putnam,2020-09-21T00:00:00.000,6,1583,357,44307,44307,1583,2020-09-21,6,357,0.0168067226890756,0.0126194824103269,7.79762372656213
Putnam,2020-09-22T00:00:00.000,4,1587,294,44601,44601,1587,2020-09-22,4,294,0.0136054421768707,0.0126421831849245,5.19429104429303
Putnam,2020-09-23T00:00:00.000,2,1589,346,44947,44947,1589,2020-09-23,2,346,0.00578034682080925,0.0126478828424338,2.59187058858815
Putnam,2020-09-24T00:00:00.000,5,1594,401,45348,45348,1594,2020-09-24,5,401,0.0124688279301746,0.0126370950368837,6.49291560788244
Putnam,2020-09-25T00:00:00.000,3,1597,396,45744,45744,1597,2020-09-25,3,396,0.00757575757575758,0.0126105179962061,3.89484741689028
Putnam,2020-09-26T00:00:00.000,2,1599,323,46067,46067,1599,2020-09-26,2,323,0.00619195046439629,0.0125690163981723,2.59266174326242
Putnam,2020-09-27T00:00:00.000,5,1604,223,46290,46290,1604,2020-09-27,5,223,0.0224215246636771,0.0125136000655148,6.46432800483865
Putnam,2020-09-28T00:00:00.000,8,1612,397,46687,46687,1612,2020-09-28,8,397,0.0201511335012594,0.0124454001219816,10.2966196352919
Putnam,2020-09-29T00:00:00.000,5,1617,292,46979,46979,1617,2020-09-29,5,292,0.0171232876712329,0.0123656432837542,6.39773802494249
Putnam,2020-09-30T00:00:00.000,12,1629,422,47401,47401,1629,2020-09-30,12,422,0.028436018957346,0.0122756249579378,15.2459274257973
Putnam,2020-10-01T00:00:00.000,8,1637,487,47888,47888,1637,2020-10-01,8,487,0.0164271047227926,0.0121766817866532,10.0798970641258
Putnam,2020-10-02T00:00:00.000,9,1646,530,48418,48418,1646,2020-10-02,9,530,0.0169811320754717,0.0120701642132367,11.2621841435921
Putnam,2020-10-03T00:00:00.000,4,1650,414,48832,48832,1650,2020-10-03,4,414,0.00966183574879227,0.011957409562306,5.01003987937184
Putnam,2020-10-04T00:00:00.000,2,1652,396,49228,49228,1652,2020-10-04,2,396,0.00505050505050505,0.0118397160247174,2.51597348439744
Putnam,2020-10-05T00:00:00.000,4,1656,433,49661,49661,1656,2020-10-05,4,433,0.0092378752886836,0.0117183178274125,5.05753376491002
Putnam,2020-10-06T00:00:00.000,5,1661,395,50056,50056,1661,2020-10-06,5,395,0.0126582278481013,0.0115943617542954,6.3539114210287
Putnam,2020-10-07T00:00:00.000,8,1669,699,50755,50755,1669,2020-10-07,8,699,0.011444921316166,0.0114688850743888,10.2173112864186
Putnam,2020-10-08T00:00:00.000,4,1673,574,51329,51329,1673,2020-10-08,4,574,0.00696864111498258,0.0113427948339468,5.1340487066654
Putnam,2020-10-09T00:00:00.000,2,1675,477,51806,51806,1675,2020-10-09,2,477,0.00419287211740042,0.0112168483858486,2.57962869312212
Putnam,2020-10-10T00:00:00.000,8,1683,528,52334,52334,1683,2020-10-10,8,528,0.0151515151515152,0.0110916349686936,10.3684882423175
Putnam,2020-10-11T00:00:00.000,6,1689,482,52816,52816,1689,2020-10-11,6,482,0.012448132780083,0.0109675581143115,7.81347508030229
Queens,2020-03-01T00:00:00.000,0,0,0,0,0,0,2020-03-01,0,0,0,0.0324483694345738,0
Queens,2020-03-02T00:00:00.000,0,0,0,0,0,0,2020-03-02,0,0,0,0.0392949061899944,0
Queens,2020-03-03T00:00:00.000,0,0,2,2,2,0,2020-03-03,0,2,0,0.0475083310594347,0
Queens,2020-03-04T00:00:00.000,0,0,0,2,2,0,2020-03-04,0,0,0.0833333333333333,0.0573148057401315,0
Queens,2020-03-05T00:00:00.000,1,1,6,8,8,1,2020-03-05,1,6,0.166666666666667,0.0689514228404193,3.01705315859257
Queens,2020-03-06T00:00:00.000,1,2,10,18,18,2,2020-03-06,1,10,0.1,0.0826543995904838,2.86946478642582
Queens,2020-03-07T00:00:00.000,0,2,14,32,32,2,2020-03-07,0,14,0,0.0986424289302239,0
Queens,2020-03-08T00:00:00.000,1,3,13,45,45,3,2020-03-08,1,13,0.0769230769230769,0.117095376937494,2.59203003942272
Queens,2020-03-09T00:00:00.000,0,3,15,60,60,3,2020-03-09,0,15,0,0.138129551439467,0
Queens,2020-03-10T00:00:00.000,4,7,18,78,78,7,2020-03-10,4,18,0.222222222222222,0.161772051990755,9.36853344454626
Queens,2020-03-11T00:00:00.000,5,12,44,122,122,12,2020-03-11,5,44,0.113636363636364,0.187937957668308,11.1383050639921
Queens,2020-03-12T00:00:00.000,15,27,74,196,196,27,2020-03-12,15,74,0.202702702702703,0.216414865642285,31.8030759380963
Queens,2020-03-13T00:00:00.000,30,57,154,350,350,57,2020-03-13,30,154,0.194805194805195,0.246859074465104,60.5925935050958
Queens,2020-03-14T00:00:00.000,18,75,110,460,460,75,2020-03-14,18,110,0.163636363636364,0.278806219588134,34.6852344893434
Queens,2020-03-15T00:00:00.000,49,124,198,658,658,124,2020-03-15,49,198,0.247474747474747,0.31169655210375,91.5540410238913
Queens,2020-03-16T00:00:00.000,38,162,136,794,794,162,2020-03-16,38,136,0.279411764705882,0.344911954225342,68.823458083675
Queens,2020-03-17T00:00:00.000,123,285,371,1165,1165,285,2020-03-17,123,371,0.331536388140162,0.377819178646366,215.910338230127
Queens,2020-03-18T00:00:00.000,336,621,768,1933,1933,621,2020-03-18,336,768,0.4375,0.409812566448115,571.689599611794
Queens,2020-03-19T00:00:00.000,519,1140,1179,3112,3112,1140,2020-03-19,519,1179,0.440203562340967,0.440350017032647,856.207988053895
Queens,2020-03-20T00:00:00.000,491,1631,1218,4330,4330,1631,2020-03-20,491,1218,0.40311986863711,0.468977964075053,785.715876530479
Queens,2020-03-21T00:00:00.000,843,2474,1927,6257,6257,2474,2020-03-21,843,1927,0.437467566165023,0.495343778495101,1309.10210601846
Queens,2020-03-22T00:00:00.000,1152,3626,2048,8305,8305,3626,2020-03-22,1152,2048,0.5625,0.519196504324153,1737.93219779222
Queens,2020-03-23T00:00:00.000,839,4465,1518,9823,9823,4465,2020-03-23,839,1518,0.55270092226614,0.540378528800052,1231.23630061769
Queens,2020-03-24T00:00:00.000,1010,5475,1736,11559,11559,5475,2020-03-24,1010,1736,0.581797235023041,0.558811498368687,1443.92685038332
Queens,2020-03-25T00:00:00.000,1238,6713,2110,13669,13669,6713,2020-03-25,1238,2110,0.586729857819905,0.574479667754043,1741.31910570145
Queens,2020-03-26T00:00:00.000,1324,8037,2115,15784,15784,8037,2020-03-26,1324,2115,0.626004728132388,0.587413231861936,1834.83721417537
Queens,2020-03-27T00:00:00.000,1238,9275,2055,17839,17839,9275,2020-03-27,1238,2055,0.602433090024331,0.597673366666667,1692.25378401974
Queens,2020-03-28T00:00:00.000,1136,10411,1845,19684,19684,10411,2020-03-28,1136,1845,0.615718157181572,0.605339930548684,1536.62675789851
Queens,2020-03-29T00:00:00.000,1258,11669,1915,21599,21599,11669,2020-03-29,1258,1915,0.656919060052219,0.610502172509951,1699.11390171291
Queens,2020-03-30T00:00:00.000,2022,13691,3325,24924,24924,13691,2020-03-30,2022,3325,0.60812030075188,0.613252387309452,2739.59857617787
Queens,2020-03-31T00:00:00.000,1211,14902,1871,26795,26795,14902,2020-03-31,1211,1871,0.647247461250668,0.613682223770689,1644.08181883577
Queens,2020-04-01T00:00:00.000,1366,16268,2157,28952,28952,16268,2020-04-01,1366,2157,0.633286972647195,0.61188124341798,1855.59195924342
Queens,2020-04-02T00:00:00.000,1899,18167,3048,32000,32000,18167,2020-04-02,1899,3048,0.623031496062992,0.60793729322423,2545.01863853898
Queens,2020-04-03T00:00:00.000,1947,20114,3407,35407,35407,20114,2020-04-03,1947,3407,0.571470501907837,0.601938259460092,2577.4314135634
Queens,2020-04-04T00:00:00.000,1322,21436,2255,37662,37662,21436,2020-04-04,1322,2255,0.586252771618625,0.593974783251823,1744.13557072964
Queens,2020-04-05T00:00:00.000,1697,23133,2730,40392,40392,23133,2020-04-05,1697,2730,0.621611721611722,0.584143529093917,2229.59120358764
Queens,2020-04-06T00:00:00.000,1707,24840,2864,43256,43256,24840,2020-04-06,1707,2864,0.596019553072626,0.572550602331307,2249.30205793887
Queens,2020-04-07T00:00:00.000,1408,26248,2884,46140,46140,26248,2020-04-07,1408,2884,0.488210818307906,0.559314715718121,1864.9815202643
Queens,2020-04-08T00:00:00.000,1504,27752,2831,48971,48971,27752,2020-04-08,1504,2831,0.531261038502296,0.544569719029961,2002.2675039848
Queens,2020-04-09T00:00:00.000,1551,29303,2941,51912,51912,29303,2020-04-09,1551,2941,0.527371642298538,0.528466141539757,2075.23618490679
Queens,2020-04-10T00:00:00.000,1988,31291,3803,55715,55715,31291,2020-04-10,1988,3803,0.522745201156981,0.511171465342882,2672.91344020584
Queens,2020-04-11T00:00:00.000,1544,32835,3219,58934,58934,32835,2020-04-11,1544,3219,0.479652065858962,0.492868952982818,2087.31545619871
Queens,2020-04-12T00:00:00.000,1150,33985,2481,61415,61415,33985,2020-04-12,1150,2481,0.463522773075373,0.473754991557524,1569.59589392072
Queens,2020-04-13T00:00:00.000,1068,35053,2430,63845,63845,35053,2020-04-13,1068,2430,0.439506172839506,0.454035074333283,1470.74038883496
Queens,2020-04-14T00:00:00.000,1712,36765,3674,67519,67519,36765,2020-04-14,1712,3674,0.465977136635819,0.433918697929696,2376.83018463349
Queens,2020-04-15T00:00:00.000,1153,37918,3144,70663,70663,37918,2020-04-15,1153,3144,0.366730279898219,0.4136135832268,1610.84493548374
Queens,2020-04-16T00:00:00.000,1173,39091,3056,73719,73719,39091,2020-04-16,1173,3056,0.383835078534031,0.393319707933267,1644.6780722932
Queens,2020-04-17T00:00:00.000,1125,40216,3347,77066,77066,40216,2020-04-17,1125,3347,0.336121900209143,0.373223653875821,1581.5400618089
Queens,2020-04-18T00:00:00.000,1021,41237,3338,80404,80404,41237,2020-04-18,1021,3338,0.305871779508688,0.353493720379816,1437.57818188239
Queens,2020-04-19T00:00:00.000,786,42023,2428,82832,82832,42023,2020-04-19,786,2428,0.323723228995058,0.33427614780971,1107.32532804293
Queens,2020-04-20T00:00:00.000,799,42822,2498,85330,85330,42822,2020-04-20,799,2498,0.319855884707766,0.315692653695076,1125.35723751541
Queens,2020-04-21T00:00:00.000,891,43713,3058,88388,88388,43713,2020-04-21,891,3058,0.29136690647482,0.297839333338159,1253.63365922443
Queens,2020-04-22T00:00:00.000,1191,44904,4142,92530,92530,44904,2020-04-22,1191,4142,0.287542250120715,0.280786841364601,1672.72781159635
Queens,2020-04-23T00:00:00.000,1483,46387,5468,97998,97998,46387,2020-04-23,1483,5468,0.27121433796635,0.264581667483909,2077.5763763771
Queens,2020-04-24T00:00:00.000,1474,47861,5296,103294,103294,47861,2020-04-24,1474,5296,0.278323262839879,0.249248257093778,2058.28322077755
Queens,2020-04-25T00:00:00.000,884,48745,3676,106970,106970,48745,2020-04-25,884,3676,0.240478781284004,0.234791705127137,1229.55028775072
Queens,2020-04-26T00:00:00.000,654,49399,2829,109799,109799,49399,2020-04-26,654,2829,0.231177094379639,0.221200762861519,905.244081889005
Queens,2020-04-27T00:00:00.000,530,49929,2628,112427,112427,49929,2020-04-27,530,2628,0.201674277016743,0.208450932320802,729.453877705042
Queens,2020-04-28T00:00:00.000,812,50741,4061,116488,116488,50741,2020-04-28,812,4061,0.19995075104654,0.196507470494447,1110.43288249918
Queens,2020-04-29T00:00:00.000,890,51631,4201,120689,120689,51631,2020-04-29,890,4201,0.211854320399905,0.185328176681389,1212.63497016797
Queens,2020-04-30T00:00:00.000,643,52274,3689,124378,124378,52274,2020-04-30,643,3689,0.174301978856059,0.174865883884704,876.936353918666
Queens,2020-05-01T00:00:00.000,765,53039,4517,128895,128895,53039,2020-05-01,765,4517,0.169360194819571,0.165070615211674,1044.25734479623
Queens,2020-05-02T00:00:00.000,601,53640,3755,132650,132650,53640,2020-05-02,601,3755,0.160053262316911,0.15589139694349,820.181476147716
Queens,2020-05-03T00:00:00.000,450,54090,2696,135346,135346,54090,2020-05-03,450,2696,0.166913946587537,0.147277741238698,612.849399858641
Queens,2020-05-04T00:00:00.000,358,54448,2633,137979,137979,54448,2020-05-04,358,2633,0.135966578047854,0.139180824488799,485.787013004384
Queens,2020-05-05T00:00:00.000,432,54880,3591,141570,141570,54880,2020-05-05,432,3591,0.120300751879699,0.131554393798295,583.355570447996
Queens,2020-05-06T00:00:00.000,570,55450,4505,146075,146075,55450,2020-05-06,570,4505,0.126526082130966,0.124355435656381,765.94381231881
Queens,2020-05-07T00:00:00.000,494,55944,3992,150067,150067,55944,2020-05-07,494,3992,0.12374749498998,0.11754463937033,662.680350017773
Queens,2020-05-08T00:00:00.000,549,56493,4596,154663,154663,56493,2020-05-08,549,4596,0.119451697127937,0.111086684557609,737.463873455484
Queens,2020-05-09T00:00:00.000,369,56862,3416,158079,158079,56862,2020-05-09,369,3416,0.108021077283372,0.104950378096557,496.251624244885
Queens,2020-05-10T00:00:00.000,318,57180,2937,161016,161016,57180,2020-05-10,318,2937,0.108273748723187,0.0991086621813836,428.068252639738
Queens,2020-05-11T00:00:00.000,211,57391,2552,163568,163568,57391,2020-05-11,211,2552,0.0826802507836991,0.0935385120035293,284.216518375932
Queens,2020-05-12T00:00:00.000,357,57748,3829,167397,167397,57748,2020-05-12,357,3829,0.093235831809872,0.0882207393391937,482.254346325964
Queens,2020-05-13T00:00:00.000,336,58084,4439,171836,171836,58084,2020-05-13,336,4439,0.0756927235863933,0.0831397170234812,456.641093931589
Queens,2020-05-14T00:00:00.000,432,58516,4879,176715,176715,58516,2020-05-14,432,4879,0.0885427341668375,0.0782830388174458,592.041930510561
Queens,2020-05-15T00:00:00.000,325,58841,4644,181359,181359,58841,2020-05-15,325,4644,0.0699827734711456,0.0736411293019751,448.769914893931
Queens,2020-05-16T00:00:00.000,291,59132,4209,185568,185568,59132,2020-05-16,291,4209,0.0691375623663578,0.0692068189025156,404.136843841331
Queens,2020-05-17T00:00:00.000,192,59324,3226,188794,188794,59324,2020-05-17,192,3226,0.0595164290142591,0.0649748996095286,267.156930806422
Queens,2020-05-18T00:00:00.000,184,59508,3363,192157,192157,59508,2020-05-18,184,3363,0.0547130538209932,0.0609416771678216,256.258718219373
Queens,2020-05-19T00:00:00.000,244,59752,4581,196738,196738,59752,2020-05-19,244,4581,0.0532634795896093,0.0571045351659481,339.829022490787
Queens,2020-05-20T00:00:00.000,273,60025,5151,201889,201889,60025,2020-05-20,273,5151,0.0529994175888177,0.0534615254754278,380.346161450803
Queens,2020-05-21T00:00:00.000,211,60236,5181,207070,207070,60236,2020-05-21,211,5181,0.0407257286238178,0.0500109977511328,294.455528866182
Queens,2020-05-22T00:00:00.000,186,60422,5388,212458,212458,60422,2020-05-22,186,5388,0.0345211581291759,0.0467512783042421,259.725887302093
Queens,2020-05-23T00:00:00.000,214,60636,5270,217728,217728,60636,2020-05-23,214,5270,0.040607210626186,0.0436804057246998,298.669884394789
Queens,2020-05-24T00:00:00.000,192,60828,4448,222176,222176,60828,2020-05-24,192,4448,0.0431654676258993,0.04079592736926,267.525546253072
Queens,2020-05-25T00:00:00.000,132,60960,3789,225965,225965,60960,2020-05-25,132,3789,0.0348376880443389,0.0380947575240414,183.378985311315
Queens,2020-05-26T00:00:00.000,165,61125,4201,230166,230166,61125,2020-05-26,165,4201,0.0392763627707689,0.0355730949181462,228.383023179673
Queens,2020-05-27T00:00:00.000,275,61400,9126,239292,239292,61400,2020-05-27,275,9126,0.0301336839798378,0.0332263945736418,379.48153349252
Queens,2020-05-28T00:00:00.000,244,61644,8480,247772,247772,61644,2020-05-28,244,8480,0.0287735849056604,0.0310493868632591,335.400827575548
Queens,2020-05-29T00:00:00.000,183,61827,7088,254860,254860,61827,2020-05-29,183,7088,0.0258182844243792,0.029036135232161,250.379280973112
Queens,2020-05-30T00:00:00.000,148,61975,6226,261086,261086,61975,2020-05-30,148,6226,0.0237712817218118,0.0271801233360183,202.647273735018
Queens,2020-05-31T00:00:00.000,119,62094,5906,266992,266992,62094,2020-05-31,119,5906,0.020149001015916,0.0254743623130359,163.790281980615
Queens,2020-06-01T00:00:00.000,199,62293,7231,274223,274223,62293,2020-06-01,199,7231,0.0275203982851611,0.0239115094370415,275.469064350893
Queens,2020-06-02T00:00:00.000,132,62425,6319,280542,280542,62425,2020-06-02,132,6319,0.0208893812312075,0.0224839903679666,183.624580567912
Queens,2020-06-03T00:00:00.000,117,62542,6451,286993,286993,62542,2020-06-03,117,6451,0.0181367229886839,0.0211841184658322,163.42243677351
Queens,2020-06-04T00:00:00.000,150,62692,6695,293688,293688,62692,2020-06-04,150,6695,0.0224047796863331,0.0200042060244189,209.422514970511
Queens,2020-06-05T00:00:00.000,158,62850,7672,301360,301360,62850,2020-06-05,158,7672,0.0205943691345151,0.0189366636887492,220.273426961714
Queens,2020-06-06T00:00:00.000,113,62963,6497,307857,307857,62963,2020-06-06,113,6497,0.0173926427581961,0.0179740856365945,157.218385806681
Queens,2020-06-07T00:00:00.000,134,63097,6514,314371,314371,63097,2020-06-07,134,6514,0.0205710776788456,0.0171093192642173,185.952942088165
Queens,2020-06-08T00:00:00.000,97,63194,5227,319598,319598,63194,2020-06-08,97,5227,0.0185574899559977,0.0163355190788798,134.184997664309
Queens,2020-06-09T00:00:00.000,132,63326,7770,327368,327368,63326,2020-06-09,132,7770,0.016988416988417,0.0156461852498476,181.931415869071
Queens,2020-06-10T00:00:00.000,106,63432,6796,334164,334164,63432,2020-06-10,106,6796,0.0155974102413184,0.0150351878094283,145.483908347336
Queens,2020-06-11T00:00:00.000,141,63573,7566,341730,341730,63573,2020-06-11,141,7566,0.0186360031720856,0.0144967778512964,192.611573548135
Queens,2020-06-12T00:00:00.000,154,63727,7817,349547,349547,63727,2020-06-12,154,7817,0.0197006524242037,0.0140255872717581,209.276605395223
Queens,2020-06-13T00:00:00.000,95,63822,6737,356284,356284,63822,2020-06-13,95,6737,0.0141012320023749,0.0136166186745461,128.364541537342
Queens,2020-06-14T00:00:00.000,110,63932,7488,363772,363772,63932,2020-06-14,110,7488,0.0146901709401709,0.0132652270472793,147.713980275342
Queens,2020-06-15T00:00:00.000,110,64042,7036,370808,370808,64042,2020-06-15,110,7036,0.0156338828880045,0.0129670947475746,146.728809317239
Queens,2020-06-16T00:00:00.000,134,64176,8317,379125,379125,64176,2020-06-16,134,8317,0.0161115786942407,0.012718201238185,177.463063038127
Queens,2020-06-17T00:00:00.000,92,64268,8696,387821,387821,64268,2020-06-17,92,8696,0.0105795768169273,0.0125147889040958,120.909157806684
Queens,2020-06-18T00:00:00.000,112,64380,9082,396903,396903,64380,2020-06-18,112,9082,0.0123320854437349,0.0123533261872146,145.99836648904
Queens,2020-06-19T00:00:00.000,106,64486,9753,406656,406656,64486,2020-06-19,106,9753,0.0108684507331078,0.0122304691982184,136.99039178216
Queens,2020-06-20T00:00:00.000,135,64621,9115,415771,415771,64621,2020-06-20,135,9115,0.0148107515085025,0.0121430229131913,172.892694823739
Queens,2020-06-21T00:00:00.000,91,64712,8237,424008,424008,64712,2020-06-21,91,8237,0.0110477115454656,0.0120879030377316,115.621680273932
Queens,2020-06-22T00:00:00.000,85,64797,6537,430545,430545,64797,2020-06-22,85,6537,0.0130029065320483,0.0120620996171697,107.987035591479
Queens,2020-06-23T00:00:00.000,84,64881,6683,437228,437228,64881,2020-06-23,84,6683,0.0125692054466557,0.0120626434807636,106.697482187726
Queens,2020-06-24T00:00:00.000,106,64987,7723,444951,444951,64987,2020-06-24,106,7723,0.0137252363071345,0.0120865766165632,134.605691039737
Queens,2020-06-25T00:00:00.000,102,65089,6943,451894,451894,65089,2020-06-25,102,6943,0.0146910557395938,0.0121309275719581,129.347382270078
Queens,2020-06-26T00:00:00.000,86,65175,9718,461612,461612,65175,2020-06-26,86,9718,0.00884955752212389,0.0121926929381451,108.702400489032
Queens,2020-06-27T00:00:00.000,101,65276,7681,469293,469293,65276,2020-06-27,101,7681,0.0131493295143861,0.0122688258999255,127.199682939636
Queens,2020-06-28T00:00:00.000,49,65325,4737,474030,474030,65325,2020-06-28,49,4737,0.0103440996411231,0.0123562326910528,61.4669111483488
Queens,2020-06-29T00:00:00.000,66,65391,5589,479619,479619,65391,2020-06-29,66,5589,0.011808910359635,0.0124517775854783,82.4942471862665
Queens,2020-06-30T00:00:00.000,64,65455,6065,485684,485684,65455,2020-06-30,64,6065,0.0105523495465787,0.0125522967704874,80.191527238005
Queens,2020-07-01T00:00:00.000,113,65568,8286,493970,493970,65568,2020-07-01,113,8286,0.0136374607772146,0.0126546210896129,142.08174937803
Queens,2020-07-02T00:00:00.000,137,65705,8116,502086,502086,65705,2020-07-02,137,8116,0.0168802365697388,0.0127556072256091,172.660552520178
Queens,2020-07-03T00:00:00.000,95,65800,7211,509297,509297,65800,2020-07-03,95,7211,0.0131743170156705,0.0128521764371285,119.50454411829
Queens,2020-07-04T00:00:00.000,76,65876,7211,516508,516508,65876,2020-07-04,76,7211,0.0105394536125364,0.0129413594928042,95.4015913521609
Queens,2020-07-05T00:00:00.000,52,65928,5745,522253,522253,65928,2020-07-05,52,5745,0.00905134899912968,0.0130203460050672,65.109168371231
Queens,2020-07-06T00:00:00.000,96,66024,6329,528582,528582,66024,2020-07-06,96,6329,0.0151682730289145,0.0130865359857611,119.86616440661
Queens,2020-07-07T00:00:00.000,75,66099,6297,534879,534879,66099,2020-07-07,75,6297,0.0119104335397808,0.0131375911693324,93.5176747234412
Queens,2020-07-08T00:00:00.000,75,66174,7104,541983,541983,66174,2020-07-08,75,7104,0.0105574324324324,0.0131714835093757,93.3604730113817
Queens,2020-07-09T00:00:00.000,67,66241,7807,549790,549790,66241,2020-07-09,67,7807,0.00858204175739721,0.0131865382724304,83.2356431093066
Queens,2020-07-10T00:00:00.000,82,66323,7981,557771,557771,66323,2020-07-10,82,7981,0.0102744017040471,0.0131814693440427,101.635862364695
Queens,2020-07-11T00:00:00.000,87,66410,6788,564559,564559,66410,2020-07-11,87,6788,0.012816735415439,0.0131554047173162,107.552497492752
Queens,2020-07-12T00:00:00.000,56,66466,5880,570439,570439,66466,2020-07-12,56,5880,0.00952380952380952,0.0131079006348814,69.0290515459176
Queens,2020-07-13T00:00:00.000,78,66544,5537,575976,575976,66544,2020-07-13,78,5537,0.0140870507495033,0.013038943468046,95.8433153128695
Queens,2020-07-14T00:00:00.000,99,66643,7205,583181,583181,66643,2020-07-14,99,7205,0.0137404580152672,0.0129489390895479,121.231047799643
Queens,2020-07-15T00:00:00.000,92,66735,8387,591568,591568,66735,2020-07-15,92,8387,0.0109693573387385,0.0128386901849292,112.24693780167
Queens,2020-07-16T00:00:00.000,94,66829,8943,600511,600511,66829,2020-07-16,94,8943,0.0105110142010511,0.0127093625889077,114.346450007222
Queens,2020-07-17T00:00:00.000,92,66921,6870,607381,607381,66921,2020-07-17,92,6870,0.013391557496361,0.012562442287087,111.930149004237
Queens,2020-07-18T00:00:00.000,86,67007,5405,612786,612786,67007,2020-07-18,86,5405,0.0159111933395005,0.0123996851452943,104.586441037932
Queens,2020-07-19T00:00:00.000,72,67079,5736,618522,618522,67079,2020-07-19,72,5736,0.0125523012552301,0.0122230616968708,87.4733662843375
Queens,2020-07-20T00:00:00.000,115,67194,7288,625810,625810,67194,2020-07-20,115,7288,0.0157793633369923,0.0120346994202165,139.407373203878
Queens,2020-07-21T00:00:00.000,71,67265,7508,633318,633318,67265,2020-07-21,71,7508,0.00945657964837507,0.0118368248831289,85.5333407009276
Queens,2020-07-22T00:00:00.000,109,67374,7517,640835,640835,67374,2020-07-22,109,7517,0.0145004656112811,0.0116317079294005,130.303092292186
Queens,2020-07-23T00:00:00.000,84,67458,8063,648898,648898,67458,2020-07-23,84,8063,0.0104179585762123,0.0114216097749632,99.5210673356824
Queens,2020-07-24T00:00:00.000,74,67532,7012,655910,655910,67532,2020-07-24,74,7012,0.0105533371363377,0.0112087364896413,86.8056296471249
Queens,2020-07-25T00:00:00.000,63,67595,4878,660788,660788,67595,2020-07-25,63,4878,0.0129151291512915,0.0109951989129926,73.385444505942
Queens,2020-07-26T00:00:00.000,84,67679,6560,667348,667348,67679,2020-07-26,84,6560,0.0128048780487805,0.0107829796182977,97.7922712824283
Queens,2020-07-27T00:00:00.000,60,67739,5574,672922,672922,67739,2020-07-27,60,5574,0.0107642626480086,0.0105739071299512,69.7557451967567
Queens,2020-07-28T00:00:00.000,81,67820,7112,680034,680034,67820,2020-07-28,81,7112,0.0113892013498313,0.0103696372408009,93.9417869976955
Queens,2020-07-29T00:00:00.000,74,67894,6889,686923,686923,67894,2020-07-29,74,6889,0.0107417622296415,0.0101716409830198,85.8185367502213
Queens,2020-07-30T00:00:00.000,74,67968,7561,694484,694484,67968,2020-07-30,74,7561,0.00978706520301547,0.00998119858464663,86.0145378945904
Queens,2020-07-31T00:00:00.000,73,68041,9722,704206,704206,68041,2020-07-31,73,9722,0.00750874305698416,0.00979939860121323,85.0334862878077
Queens,2020-08-01T00:00:00.000,60,68101,6641,710847,710847,68101,2020-08-01,60,6641,0.00903478391808463,0.00962714133497927,70.0283200086286
Queens,2020-08-02T00:00:00.000,65,68166,6268,717115,717115,68166,2020-08-02,65,6268,0.0103701340140396,0.00946514564254423,75.9610146878503
Queens,2020-08-03T00:00:00.000,59,68225,7005,724120,724120,68225,2020-08-03,59,7005,0.00842255531763026,0.0093139582688747,68.932772887493
Queens,2020-08-04T00:00:00.000,72,68297,7698,731818,731818,68297,2020-08-04,72,7698,0.00935307872174591,0.00917396492083473,84.0794780403064
Queens,2020-08-05T00:00:00.000,71,68368,7812,739630,739630,68368,2020-08-05,71,7812,0.00908858166922683,0.0090454023952603,82.8627662305703
Queens,2020-08-06T00:00:00.000,84,68452,7539,747169,747169,68452,2020-08-06,84,7539,0.011142061281337,0.0089283711942998,97.9386660484185
Queens,2020-08-07T00:00:00.000,96,68548,9235,756404,756404,68548,2020-08-07,96,9235,0.0103952355170547,0.00882284818169565,111.710444566564
Queens,2020-08-08T00:00:00.000,56,68604,7162,763566,763566,68604,2020-08-08,56,7162,0.00781904495950852,0.00872869895486496,65.1495171692712
Queens,2020-08-09T00:00:00.000,66,68670,6807,770373,770373,68670,2020-08-09,66,6807,0.00969590127809608,0.00864568972005326,76.8010571744118
Queens,2020-08-10T00:00:00.000,63,68733,7556,777929,777929,68733,2020-08-10,63,7556,0.00833774483853891,0.00857349855643498,73.2872802127336
Queens,2020-08-11T00:00:00.000,96,68829,11290,789219,789219,68829,2020-08-11,96,11290,0.00850310008857396,0.00851172604124104,111.583256195778
Queens,2020-08-12T00:00:00.000,96,68925,10584,799803,799803,68925,2020-08-12,96,10584,0.0090702947845805,0.00845990527543196,111.436243170221
Queens,2020-08-13T00:00:00.000,98,69023,9426,809229,809229,69023,2020-08-13,98,9426,0.010396774877997,0.00841751140010588,113.556306203092
Queens,2020-08-14T00:00:00.000,75,69098,9481,818710,818710,69098,2020-08-14,75,9481,0.0079105579580213,0.00838397072777883,86.7127772619438
Queens,2020-08-15T00:00:00.000,76,69174,8964,827674,827674,69174,2020-08-15,76,8964,0.00847835787594824,0.00835866962984925,87.8938194477351
Queens,2020-08-16T00:00:00.000,71,69245,6531,834205,834205,69245,2020-08-16,71,6531,0.0108712295207472,0.00834096332148828,82.0985235716082
Queens,2020-08-17T00:00:00.000,63,69308,7562,841767,841767,69308,2020-08-17,63,7562,0.00833112933086485,0.00833018467412505,73.0344947469638
Queens,2020-08-18T00:00:00.000,76,69384,8697,850464,850464,69384,2020-08-18,76,8697,0.00873864550994596,0.0083256531588962,88.3074026614002
Queens,2020-08-19T00:00:00.000,67,69451,7919,858383,858383,69451,2020-08-19,67,7919,0.00846066422528097,0.00832668398907256,78.0013806127636
Queens,2020-08-20T00:00:00.000,87,69538,9593,867976,867976,69538,2020-08-20,87,9593,0.00906911289481914,0.00833259748711275,101.442738804282
Queens,2020-08-21T00:00:00.000,85,69623,9862,877838,877838,69623,2020-08-21,85,9862,0.00861894139119854,0.00834272865306948,99.2221454363104
Queens,2020-08-22T00:00:00.000,71,69694,8018,885856,885856,69694,2020-08-22,71,8018,0.00885507607882265,0.00835643686129403,82.9343656419219
Queens,2020-08-23T00:00:00.000,51,69745,6730,892586,892586,69745,2020-08-23,51,6730,0.00757800891530461,0.00837311556628333,59.5749310036841
Queens,2020-08-24T00:00:00.000,60,69805,7615,900201,900201,69805,2020-08-24,60,7615,0.00787918581746553,0.00839220185345771,69.9482690055075
Queens,2020-08-25T00:00:00.000,65,69870,7377,907578,907578,69870,2020-08-25,65,7377,0.00881116985224346,0.00841318563856848,75.5850992684712
Queens,2020-08-26T00:00:00.000,90,69960,9322,916900,916900,69960,2020-08-26,90,9322,0.00965458056211113,0.00843561829460352,104.528503469116
Queens,2020-08-27T00:00:00.000,74,70034,10803,927703,927703,70034,2020-08-27,74,10803,0.00684994908821624,0.00845912047584191,85.8838126432913
Queens,2020-08-28T00:00:00.000,64,70098,9345,937048,937048,70098,2020-08-28,64,9345,0.00684858212948101,0.00848338891177664,74.206405830067
Queens,2020-08-29T00:00:00.000,64,70162,9956,947004,947004,70162,2020-08-29,64,9956,0.00642828445158698,0.00850820196346231,74.2188814864741
Queens,2020-08-30T00:00:00.000,60,70222,7758,954762,954762,70222,2020-08-30,60,7758,0.00773395204949729,0.00853342376512366,69.5548876138197
Queens,2020-08-31T00:00:00.000,66,70288,7895,962657,962657,70288,2020-08-31,66,7895,0.00835972134262191,0.00855900681898587,76.5715796697391
Queens,2020-09-01T00:00:00.000,56,70344,8305,970962,970962,70344,2020-09-01,56,8305,0.00674292594822396,0.00858499296252279,65.1617275145814
Queens,2020-09-02T00:00:00.000,69,70413,8540,979502,979502,70413,2020-09-02,69,8540,0.00807962529274005,0.00861151268545957,80.8785742823639
Queens,2020-09-03T00:00:00.000,83,70496,10286,989788,989788,70496,2020-09-03,83,10286,0.00806922029943613,0.00863878283191008,98.0084702490297
Queens,2020-09-04T00:00:00.000,53,70549,9134,998922,998922,70549,2020-09-04,53,9134,0.00580249616816291,0.00866710277999924,62.8881409110707
Queens,2020-09-05T00:00:00.000,76,70625,10158,1009080,1009080,70625,2020-09-05,76,10158,0.00748178775349478,0.00869684924021034,90.4905639182644
Queens,2020-09-06T00:00:00.000,50,70675,6321,1015401,1015401,70675,2020-09-06,50,6321,0.00791014080050625,0.00872846985466193,59.7141537608355
Queens,2020-09-07T00:00:00.000,91,70766,6495,1021896,1021896,70766,2020-09-07,91,6495,0.0140107775211701,0.00876247580767637,108.977992855524
Queens,2020-09-08T00:00:00.000,58,70824,7078,1028974,1028974,70824,2020-09-08,58,7078,0.00819440519920882,0.00879943367459942,69.6281441672188
Queens,2020-09-09T00:00:00.000,93,70917,8086,1037060,1037060,70917,2020-09-09,93,8086,0.0115013603759584,0.0088399567373235,111.884331342977
Queens,2020-09-10T00:00:00.000,61,70978,8437,1045497,1045497,70978,2020-09-10,61,8437,0.0072300580775157,0.00888469598681618,73.522465419143
Queens,2020-09-11T00:00:00.000,62,71040,10532,1056029,1056029,71040,2020-09-11,62,10532,0.00588682111659704,0.00893433101136191,75.1618740900154
Queens,2020-09-12T00:00:00.000,71,71111,7349,1063378,1063378,71111,2020-09-12,71,7349,0.00966117839161791,0.00898956094139485,86.6038152036281
Queens,2020-09-13T00:00:00.000,69,71180,6247,1069625,1069625,71180,2020-09-13,69,6247,0.0110453017448375,0.00905109558670565,84.6707656897707
Queens,2020-09-14T00:00:00.000,74,71254,6868,1076493,1076493,71254,2020-09-14,74,6868,0.010774606872452,0.00911964686559546,91.3324367540063
Queens,2020-09-15T00:00:00.000,55,71309,6732,1083225,1083225,71309,2020-09-15,55,6732,0.00816993464052288,0.00919592058781361,68.2553157826127
Queens,2020-09-16T00:00:00.000,83,71392,8034,1091259,1091259,71392,2020-09-16,83,8034,0.0103310928553647,0.00928060862005312,103.530986110958
Queens,2020-09-17T00:00:00.000,82,71474,9319,1100578,1100578,71474,2020-09-17,82,9319,0.00879922738491254,0.00937438143417086,102.760760060068
Queens,2020-09-18T00:00:00.000,103,71577,12199,1112777,1112777,71577,2020-09-18,103,12199,0.00844331502582179,0.00947788101706518,129.609795322371
Queens,2020-09-19T00:00:00.000,105,71682,11181,1123958,1123958,71682,2020-09-19,105,11181,0.00939093104373491,0.00959171411014477,132.588256969769
Queens,2020-09-20T00:00:00.000,70,71752,6174,1130132,1130132,71752,2020-09-20,70,6174,0.0113378684807256,0.00971644574228542,88.6197160041992
Queens,2020-09-21T00:00:00.000,66,71818,8528,1138660,1138660,71818,2020-09-21,66,8528,0.00773921200750469,0.0098525930308806,83.6769534573652
Queens,2020-09-22T00:00:00.000,63,71881,5881,1144541,1144541,71881,2020-09-22,63,5881,0.0107124638666893,0.0100006192412203,79.9148189080453
Queens,2020-09-23T00:00:00.000,97,71978,9524,1154065,1154065,71978,2020-09-23,97,9524,0.0101847963040739,0.0101609281244663,122.983431510537
Queens,2020-09-24T00:00:00.000,73,72051,9253,1163318,1163318,72051,2020-09-24,73,9253,0.00788933318923592,0.0103338585903384,92.9082201179246
Queens,2020-09-25T00:00:00.000,91,72142,9255,1172573,1172573,72142,2020-09-25,91,9255,0.00983252296056186,0.0105196798135997,116.021251470664
Queens,2020-09-26T00:00:00.000,91,72233,7316,1179889,1179889,72233,2020-09-26,91,7316,0.0124384909786769,0.0107185869232069,116.102315218825
Queens,2020-09-27T00:00:00.000,90,72323,5591,1185480,1185480,72323,2020-09-27,90,5591,0.0160972992309068,0.0109306974732452,114.794861982001
Queens,2020-09-28T00:00:00.000,142,72465,9734,1195214,1195214,72465,2020-09-28,142,9734,0.0145880419149373,0.011156048945227,180.777002914709
Queens,2020-09-29T00:00:00.000,91,72556,7756,1202970,1202970,72556,2020-09-29,91,7756,0.0117328519855596,0.0113945975794646,115.490448619636
Queens,2020-09-30T00:00:00.000,136,72692,10673,1213643,1213643,72692,2020-09-30,136,10673,0.0127424341797058,0.0116462188715042,171.880118344973
Queens,2020-10-01T00:00:00.000,171,72863,9883,1223526,1223526,72863,2020-10-01,171,9883,0.0173024385308105,0.0119107101000774,214.982490765687
Queens,2020-10-02T00:00:00.000,149,73012,12449,1235975,1235975,73012,2020-10-02,149,12449,0.011968832837979,0.0121877952680216,186.632631743671
Queens,2020-10-03T00:00:00.000,119,73131,8946,1244921,1244921,73131,2020-10-03,119,8946,0.013302034428795,0.0124771328356006,149.684186802449
Queens,2020-10-04T00:00:00.000,114,73245,6926,1251847,1251847,73245,2020-10-04,114,6926,0.0164597170083742,0.0127783266066024,144.508763610945
Queens,2020-10-05T00:00:00.000,138,73383,10477,1262324,1262324,73383,2020-10-05,138,10477,0.0131717094588145,0.0130909400883009,176.428378302987
Queens,2020-10-06T00:00:00.000,154,73537,9125,1271449,1271449,73537,2020-10-06,154,9125,0.0168767123287671,0.013414514589081,198.575051633964
Queens,2020-10-07T00:00:00.000,205,73742,16090,1287539,1287539,73742,2020-10-07,205,16090,0.0127408328154133,0.0137485912457823,266.608627443179
Queens,2020-10-08T00:00:00.000,147,73889,12861,1300400,1300400,73889,2020-10-08,147,12861,0.0114299043620247,0.0140927370909901,192.816793002975
Queens,2020-10-09T00:00:00.000,140,74029,11706,1312106,1312106,74029,2020-10-09,140,11706,0.011959678797198,0.014446575186023,185.20156156114
Queens,2020-10-10T00:00:00.000,121,74150,10479,1322585,1322585,74150,2020-10-10,121,10479,0.0115469033304705,0.0148098187688262,161.42330706609
Queens,2020-10-11T00:00:00.000,115,74265,8192,1330777,1330777,74265,2020-10-11,115,8192,0.0140380859375,0.0151823093065637,154.708298746767
Rensselaer,2020-03-01T00:00:00.000,0,0,0,0,0,0,2020-03-01,0,0,0,0.00765492825518925,0
Rensselaer,2020-03-02T00:00:00.000,0,0,0,0,0,0,2020-03-02,0,0,0,0.00835356745361939,0
Rensselaer,2020-03-03T00:00:00.000,0,0,0,0,0,0,2020-03-03,0,0,0,0.00911526691593677,0
Rensselaer,2020-03-04T00:00:00.000,0,0,2,2,2,0,2020-03-04,0,2,0,0.0099453858816109,0
Rensselaer,2020-03-05T00:00:00.000,0,0,0,2,2,0,2020-03-05,0,0,0,0.0108495750032599,0
Rensselaer,2020-03-06T00:00:00.000,0,0,0,2,2,0,2020-03-06,0,0,0,0.0118337585044175,0
Rensselaer,2020-03-07T00:00:00.000,0,0,2,4,4,0,2020-03-07,0,2,0,0.0129041084801851,0
Rensselaer,2020-03-08T00:00:00.000,0,0,0,4,4,0,2020-03-08,0,0,0,0.0140670102631723,0
Rensselaer,2020-03-09T00:00:00.000,0,0,1,5,5,0,2020-03-09,0,1,0,0.0153290177813313,0
Rensselaer,2020-03-10T00:00:00.000,0,0,1,6,6,0,2020-03-10,0,1,0,0.0166967978706475,0
Rensselaer,2020-03-11T00:00:00.000,0,0,1,7,7,0,2020-03-11,0,1,0,0.0181770625837274,0
Rensselaer,2020-03-12T00:00:00.000,0,0,2,9,9,0,2020-03-12,0,2,0,0.0197764886580006,0
Rensselaer,2020-03-13T00:00:00.000,0,0,11,20,20,0,2020-03-13,0,11,0,0.0215016234814237,0
Rensselaer,2020-03-14T00:00:00.000,0,0,40,60,60,0,2020-03-14,0,40,0,0.0233587771240995,0
Rensselaer,2020-03-15T00:00:00.000,0,0,50,110,110,0,2020-03-15,0,50,0,0.0253539002914838,0
Rensselaer,2020-03-16T00:00:00.000,1,1,39,149,149,1,2020-03-16,1,39,0.0256410256410256,0.0274924484049203,1.40638236116501
Rensselaer,2020-03-17T00:00:00.000,3,4,70,219,219,4,2020-03-17,3,70,0.0428571428571429,0.0297792324201984,4.08462819660524
Rensselaer,2020-03-18T00:00:00.000,2,6,136,355,355,6,2020-03-18,2,136,0.0147058823529412,0.0322182574595171,2.63877698356638
Rensselaer,2020-03-19T00:00:00.000,2,8,156,511,511,8,2020-03-19,2,156,0.0128205128205128,0.0348125508403249,2.55997483441411
Rensselaer,2020-03-20T00:00:00.000,12,20,166,677,677,20,2020-03-20,12,166,0.072289156626506,0.0375639816359564,14.9185701569092
Rensselaer,2020-03-21T00:00:00.000,6,26,173,850,850,26,2020-03-21,6,173,0.0346820809248555,0.0404730744747117,7.25309132275966
Rensselaer,2020-03-22T00:00:00.000,3,29,78,928,928,29,2020-03-22,3,78,0.0384615384615385,0.0435388208670049,3.53228791295165
Rensselaer,2020-03-23T00:00:00.000,1,30,47,975,975,30,2020-03-23,1,47,0.0212765957446809,0.0467584919176343,1.14893561393256
Rensselaer,2020-03-24T00:00:00.000,1,31,26,1001,1001,31,2020-03-24,1,26,0.0384615384615385,0.0501274568138642,1.12332352040706
Rensselaer,2020-03-25T00:00:00.000,1,32,22,1023,1023,32,2020-03-25,1,22,0.0454545454545455,0.0536390119504662,1.10963036099075
Rensselaer,2020-03-26T00:00:00.000,3,35,26,1049,1049,35,2020-03-26,3,26,0.115384615384615,0.0572842259354965,3.29412399032393
Rensselaer,2020-03-27T00:00:00.000,3,38,37,1086,1086,38,2020-03-27,3,37,0.0810810810810811,0.0610518059882476,3.26429624267774
Rensselaer,2020-03-28T00:00:00.000,1,39,12,1098,1098,39,2020-03-28,1,12,0.0833333333333333,0.0649279913699208,1.08201510748934
Rensselaer,2020-03-29T00:00:00.000,1,40,25,1123,1123,40,2020-03-29,1,25,0.04,0.0688964794511026,1.08590750270044
Rensselaer,2020-03-30T00:00:00.000,1,41,20,1143,1143,41,2020-03-30,1,20,0.05,0.0729383898116835,1.09505888424062
Rensselaer,2020-03-31T00:00:00.000,2,43,19,1162,1162,43,2020-03-31,2,19,0.105263157894737,0.0770322713672188,2.20638956687861
Rensselaer,2020-04-01T00:00:00.000,10,53,42,1204,1204,53,2020-04-01,10,42,0.238095238095238,0.0811541569288713,11.0993141995478
Rensselaer,2020-04-02T00:00:00.000,3,56,31,1235,1235,56,2020-04-02,3,31,0.0967741935483871,0.085277668834607,3.30358062728836
Rensselaer,2020-04-03T00:00:00.000,2,58,18,1253,1253,58,2020-04-03,2,18,0.111111111111111,0.0893741783588125,2.187848134369
Rensselaer,2020-04-04T00:00:00.000,2,60,48,1301,1301,60,2020-04-04,2,48,0.0416666666666667,0.0934130205370574,2.19302064771348
Rensselaer,2020-04-05T00:00:00.000,2,62,29,1330,1330,62,2020-04-05,2,29,0.0689655172413793,0.0973617648724935,2.19664705440755
Rensselaer,2020-04-06T00:00:00.000,5,67,30,1360,1360,67,2020-04-06,5,30,0.166666666666667,0.101186541155665,5.54006871330459
Rensselaer,2020-04-07T00:00:00.000,8,75,53,1413,1413,75,2020-04-07,8,53,0.150943396226415,0.104852418366689,8.96301422317843
Rensselaer,2020-04-08T00:00:00.000,4,79,52,1465,1465,79,2020-04-08,4,52,0.0769230769230769,0.108323833383124,4.53107558857495
Rensselaer,2020-04-09T00:00:00.000,12,91,101,1566,1566,91,2020-04-09,12,101,0.118811881188119,0.111565065011709,13.7432069135992
Rensselaer,2020-04-10T00:00:00.000,5,96,40,1606,1606,96,2020-04-10,5,40,0.125,0.114540747712893,5.78865757896382
Rensselaer,2020-04-11T00:00:00.000,9,105,65,1671,1671,105,2020-04-11,9,65,0.138461538461538,0.117216418316917,10.5392328787556
Rensselaer,2020-04-12T00:00:00.000,8,113,61,1732,1732,113,2020-04-12,8,61,0.131147540983607,0.119559087997612,9.51443229549076
Rensselaer,2020-04-13T00:00:00.000,7,120,79,1811,1811,120,2020-04-13,7,79,0.0886075949367089,0.121537830790917,8.44938333956908
Rensselaer,2020-04-14T00:00:00.000,4,124,42,1853,1853,124,2020-04-14,4,42,0.0952380952380952,0.123124378945864,4.89607378351848
Rensselaer,2020-04-15T00:00:00.000,13,137,106,1959,1959,137,2020-04-15,13,106,0.122641509433962,0.124293714377986,16.1047214804624
Rensselaer,2020-04-16T00:00:00.000,13,150,100,2059,2059,150,2020-04-16,13,100,0.13,0.125024644395482,16.2536623812696
Rensselaer,2020-04-17T00:00:00.000,14,164,135,2194,2194,164,2020-04-17,14,135,0.103703703703704,0.125300348705972,17.6463148038311
Rensselaer,2020-04-18T00:00:00.000,9,173,117,2311,2311,173,2020-04-18,9,117,0.0769230769230769,0.125108883489275,11.4219139700345
Rensselaer,2020-04-19T00:00:00.000,4,177,51,2362,2362,177,2020-04-19,4,51,0.0784313725490196,0.124443627111111,5.10504302000084
Rensselaer,2020-04-20T00:00:00.000,6,183,50,2412,2412,183,2020-04-20,6,50,0.12,0.123303650985863,7.6924737950048
Rensselaer,2020-04-21T00:00:00.000,3,186,49,2461,2461,186,2020-04-21,3,49,0.0612244897959184,0.12169399833236,3.85960540341793
Rensselaer,2020-04-22T00:00:00.000,5,191,52,2513,2513,191,2020-04-22,5,52,0.0961538461538462,0.119625853361585,6.44804931565423
Rensselaer,2020-04-23T00:00:00.000,7,198,80,2593,2593,198,2020-04-23,7,80,0.0875,0.11711658404903,9.03898679916911
Rensselaer,2020-04-24T00:00:00.000,23,221,209,2802,2802,221,2020-04-24,23,209,0.110047846889952,0.114189643356393,29.7053685387817
Rensselaer,2020-04-25T00:00:00.000,21,242,151,2953,2953,242,2020-04-25,21,151,0.139072847682119,0.110874316846041,27.0974326924505
Rensselaer,2020-04-26T00:00:00.000,4,246,83,3036,3036,246,2020-04-26,4,83,0.0481927710843374,0.107205309220843,5.14980642338999
Rensselaer,2020-04-27T00:00:00.000,4,250,39,3075,3075,250,2020-04-27,4,39,0.102564102564103,0.103222168479238,5.13167179672578
Rensselaer,2020-04-28T00:00:00.000,12,262,91,3166,3166,262,2020-04-28,12,91,0.131868131868132,0.0989685539184719,15.322489997113
Rensselaer,2020-04-29T00:00:00.000,25,287,142,3308,3308,287,2020-04-29,25,142,0.176056338028169,0.0944913627950598,31.8438197034164
Rensselaer,2020-04-30T00:00:00.000,11,298,101,3409,3409,298,2020-04-30,11,101,0.108910891089109,0.0898397394465024,14.0354430467445
Rensselaer,2020-05-01T00:00:00.000,13,311,112,3521,3521,311,2020-05-01,13,112,0.116071428571429,0.0850639993077336,16.6072245715433
Rensselaer,2020-05-02T00:00:00.000,11,322,170,3691,3691,322,2020-05-02,11,170,0.0647058823529412,0.0802145076301138,14.0466010229765
Rensselaer,2020-05-03T00:00:00.000,15,337,148,3839,3839,337,2020-05-03,15,148,0.101351351351351,0.0753405579182536,19.1038844283941
Rensselaer,2020-05-04T00:00:00.000,2,339,71,3910,3910,339,2020-05-04,2,71,0.028169014084507,0.0704892973896724,2.5354044423406
Rensselaer,2020-05-05T00:00:00.000,8,347,126,4036,4036,347,2020-05-05,8,126,0.0634920634920635,0.0657047456378506,10.0783335493769
Rensselaer,2020-05-06T00:00:00.000,20,367,159,4195,4195,367,2020-05-06,20,159,0.125786163522013,0.0610269480058475,25.0286681341592
Rensselaer,2020-05-07T00:00:00.000,13,380,194,4389,4389,380,2020-05-07,13,194,0.0670103092783505,0.056491297265973,16.2068408855708
Rensselaer,2020-05-08T00:00:00.000,27,407,187,4576,4576,407,2020-05-08,27,187,0.144385026737968,0.052128046728034,33.6258378605388
Rensselaer,2020-05-09T00:00:00.000,2,409,248,4824,4824,409,2020-05-09,2,248,0.00806451612903226,0.0479620258804939,2.48712104243358
Rensselaer,2020-05-10T00:00:00.000,2,411,62,4886,4886,411,2020-05-10,2,62,0.032258064516129,0.0440125572801818,2.4823464534044
Rensselaer,2020-05-11T00:00:00.000,5,416,91,4977,4977,416,2020-05-11,5,91,0.0549450549450549,0.0402935618257035,6.19100827305141
Rensselaer,2020-05-12T00:00:00.000,4,420,429,5406,5406,420,2020-05-12,4,429,0.00932400932400932,0.0368138297984374,4.95121694870998
Rensselaer,2020-05-13T00:00:00.000,3,423,278,5684,5684,423,2020-05-13,3,278,0.0107913669064748,0.0335774278700035,3.72375292574664
Rensselaer,2020-05-14T00:00:00.000,5,428,204,5888,5888,428,2020-05-14,5,204,0.0245098039215686,0.0305842080330282,6.23765973026485
Rensselaer,2020-05-15T00:00:00.000,10,438,225,6113,6113,438,2020-05-15,10,225,0.0444444444444444,0.0278303831271079,12.5279568269848
Rensselaer,2020-05-16T00:00:00.000,1,439,113,6226,6226,439,2020-05-16,1,113,0.00884955752212389,0.0253091350059981,1.25588044439647
Rensselaer,2020-05-17T00:00:00.000,5,444,198,6424,6424,444,2020-05-17,5,198,0.0252525252525253,0.0230112248884833,6.27125749517091
Rensselaer,2020-05-18T00:00:00.000,0,444,76,6500,6500,444,2020-05-18,0,76,0,0.0209255804049828,0
Rensselaer,2020-05-19T00:00:00.000,9,453,292,6792,6792,453,2020-05-19,9,292,0.0308219178082192,0.0190398396084435,11.23084459608
Rensselaer,2020-05-20T00:00:00.000,3,456,403,7195,7195,456,2020-05-20,3,403,0.00744416873449132,0.0173408381514093,3.73456926829469
Rensselaer,2020-05-21T00:00:00.000,4,460,379,7574,7574,460,2020-05-21,4,379,0.0105540897097625,0.0158150314323895,4.97505290430334
Rensselaer,2020-05-22T00:00:00.000,3,463,386,7960,7960,463,2020-05-22,3,386,0.0077720207253886,0.0144488484325894,3.72501069197535
Rensselaer,2020-05-23T00:00:00.000,0,463,363,8323,8323,463,2020-05-23,0,363,0,0.0132289779870382,0
Rensselaer,2020-05-24T00:00:00.000,2,465,123,8446,8446,465,2020-05-24,2,123,0.016260162601626,0.0121425912828676,2.46867252253904
Rensselaer,2020-05-25T00:00:00.000,1,466,158,8604,8604,466,2020-05-25,1,158,0.00632911392405063,0.0111775064796188,1.22891998189242
Rensselaer,2020-05-26T00:00:00.000,0,466,150,8754,8754,466,2020-05-26,0,150,0,0.010322302595642,0
Rensselaer,2020-05-27T00:00:00.000,3,469,405,9159,9159,469,2020-05-27,3,405,0.00740740740740741,0.00956639034429358,3.65515413679094
Rensselaer,2020-05-28T00:00:00.000,9,478,319,9478,9478,478,2020-05-28,9,319,0.0282131661442006,0.00890004758651368,10.9181923954971
Rensselaer,2020-05-29T00:00:00.000,8,486,337,9815,9815,486,2020-05-29,8,337,0.0237388724035608,0.00831442664835452,9.65887698069244
Rensselaer,2020-05-30T00:00:00.000,5,491,313,10128,10128,491,2020-05-30,5,313,0.0159744408945687,0.00780154007030439,6.04285184237143
Rensselaer,2020-05-31T00:00:00.000,1,492,274,10402,10402,492,2020-05-31,1,274,0.00364963503649635,0.00735423052603205,1.21558284091624
Rensselaer,2020-06-01T00:00:00.000,1,493,168,10570,10570,493,2020-06-01,1,168,0.00595238095238095,0.00696612976173765,1.22365281683417
Rensselaer,2020-06-02T00:00:00.000,2,495,426,10996,10996,495,2020-06-02,2,426,0.00469483568075117,0.00663161053097428,2.46241610796216
Rensselaer,2020-06-03T00:00:00.000,0,495,312,11308,11308,495,2020-06-03,0,312,0,0.00634573467741567,0
Rensselaer,2020-06-04T00:00:00.000,2,497,592,11900,11900,497,2020-06-04,2,592,0.00337837837837838,0.00610419977681292,2.47977826630329
Rensselaer,2020-06-05T00:00:00.000,2,499,332,12232,12232,499,2020-06-05,2,332,0.00602409638554217,0.00590328610259873,2.48149870997662
Rensselaer,2020-06-06T00:00:00.000,3,502,421,12653,12653,502,2020-06-06,3,421,0.00712589073634204,0.00573980512913088,3.72366993564558
Rensselaer,2020-06-07T00:00:00.000,1,503,517,13170,13170,503,2020-06-07,1,517,0.00193423597678917,0.00561105032885428,1.24130755606478
Rensselaer,2020-06-08T00:00:00.000,2,505,182,13352,13352,505,2020-06-08,2,182,0.010989010989011,0.00551475064645793,2.48199852152203
Rensselaer,2020-06-09T00:00:00.000,2,507,316,13668,13668,507,2020-06-09,2,316,0.00632911392405063,0.00544902673422965,2.48058898518014
Rensselaer,2020-06-10T00:00:00.000,1,508,299,13967,13967,508,2020-06-10,1,299,0.00334448160535117,0.00541234979759264,1.23918684487081
Rensselaer,2020-06-11T00:00:00.000,2,510,665,14632,14632,510,2020-06-11,2,665,0.00300751879699248,0.00540350271906307,2.4753331118006
Rensselaer,2020-06-12T00:00:00.000,1,511,261,14893,14893,511,2020-06-12,1,261,0.00383141762452107,0.00542154299425743,1.23572020119898
Rensselaer,2020-06-13T00:00:00.000,2,513,262,15155,15155,513,2020-06-13,2,262,0.00763358778625954,0.00546576691901591,2.46666202424432
Rensselaer,2020-06-14T00:00:00.000,1,514,309,15464,15464,514,2020-06-14,1,309,0.00323624595469256,0.00553567440859845,1.23047983416652
Rensselaer,2020-06-15T00:00:00.000,0,514,252,15716,15716,514,2020-06-15,0,252,0,0.00563093380644906,0
Rensselaer,2020-06-16T00:00:00.000,1,515,199,15915,15915,515,2020-06-16,1,199,0.0050251256281407,0.00575134605188901,1.22331290030045
Rensselaer,2020-06-17T00:00:00.000,0,515,383,16298,16298,515,2020-06-17,0,383,0,0.00589680762528924,0
Rensselaer,2020-06-18T00:00:00.000,4,519,413,16711,16711,519,2020-06-18,4,413,0.00968523002421308,0.00606727177911049,4.85636051474101
Rensselaer,2020-06-19T00:00:00.000,2,521,374,17085,17085,521,2020-06-19,2,374,0.0053475935828877,0.00626270769754252,2.41738676757708
Rensselaer,2020-06-20T00:00:00.000,3,524,401,17486,17486,524,2020-06-20,3,401,0.00748129675810474,0.0064830574090355,3.60835647067845
Rensselaer,2020-06-21T00:00:00.000,4,528,361,17847,17847,528,2020-06-21,4,361,0.0110803324099723,0.00672819050648128,4.79305714305362
Rensselaer,2020-06-22T00:00:00.000,5,533,197,18044,18044,533,2020-06-22,5,197,0.0253807106598985,0.00699785700723782,6.01557177864978
Rensselaer,2020-06-23T00:00:00.000,1,534,277,18321,18321,534,2020-06-23,1,277,0.0036101083032491,0.00729163900375105,1.20785041223355
Rensselaer,2020-06-24T00:00:00.000,7,541,450,18771,18771,541,2020-06-24,7,450,0.0155555555555556,0.00760890210348527,8.48706377067639
Rensselaer,2020-06-25T00:00:00.000,8,549,350,19121,19121,549,2020-06-25,8,350,0.0228571428571429,0.00794874801738754,9.72496240551842
Rensselaer,2020-06-26T00:00:00.000,1,550,468,19589,19589,550,2020-06-26,1,468,0.00213675213675214,0.00830997000349637,1.21643992419392
Rensselaer,2020-06-27T00:00:00.000,1,551,359,19948,19948,551,2020-06-27,1,359,0.00278551532033426,0.00869101317859557,1.21672209726264
Rensselaer,2020-06-28T00:00:00.000,2,553,375,20323,20323,553,2020-06-28,2,375,0.00533333333333333,0.00908994193986864,2.43300391699362
Rensselaer,2020-06-29T00:00:00.000,0,553,306,20629,20629,553,2020-06-29,0,306,0,0.00950441685548731,0
Rensselaer,2020-06-30T00:00:00.000,2,555,195,20824,20824,555,2020-06-30,2,195,0.0102564102564103,0.00993168335392013,2.44798342504123
Rensselaer,2020-07-01T00:00:00.000,1,556,287,21111,21111,556,2020-07-01,1,287,0.00348432055749129,0.0103685743384171,1.23255651670282
Rensselaer,2020-07-02T00:00:00.000,3,559,425,21536,21536,559,2020-07-02,3,425,0.00705882352941176,0.0108115284596845,3.71888209652232
Rensselaer,2020-07-03T00:00:00.000,4,563,612,22148,22148,563,2020-07-03,4,612,0.0065359477124183,0.0112566251950345,4.96551111330367
Rensselaer,2020-07-04T00:00:00.000,2,565,475,22623,22623,565,2020-07-04,2,475,0.00421052631578947,0.0116996371226812,2.4853712569471
Rensselaer,2020-07-05T00:00:00.000,3,568,389,23012,23012,568,2020-07-05,3,389,0.0077120822622108,0.012136098884116,3.72997325149818
Rensselaer,2020-07-06T00:00:00.000,3,571,162,23174,23174,571,2020-07-06,3,162,0.0185185185185185,0.0125613913500329,3.73050764649146
Rensselaer,2020-07-07T00:00:00.000,9,580,304,23478,23478,580,2020-07-07,9,304,0.0296052631578947,0.0129708385184911,11.2077949489983
Rensselaer,2020-07-08T00:00:00.000,6,586,399,23877,23877,586,2020-07-08,6,399,0.0150375939849624,0.0133598137582138,7.47944893675191
Rensselaer,2020-07-09T00:00:00.000,2,588,252,24129,24129,588,2020-07-09,2,252,0.00793650793650794,0.0137238512461745,2.49458928513203
Rensselaer,2020-07-10T00:00:00.000,5,593,331,24460,24460,593,2020-07-10,5,331,0.0151057401812689,0.0140587579121886,6.23736905421282
Rensselaer,2020-07-11T00:00:00.000,23,616,378,24838,24838,616,2020-07-11,23,378,0.0608465608465608,0.0143607209504382,28.6837736049701
Rensselaer,2020-07-12T00:00:00.000,1,617,317,25155,25155,617,2020-07-12,1,317,0.00315457413249211,0.0146264060232508,1.24624757917035
Rensselaer,2020-07-13T00:00:00.000,8,625,416,25571,25571,625,2020-07-13,8,416,0.0192307692307692,0.0148530416724126,9.95897201484628
Rensselaer,2020-07-14T00:00:00.000,7,632,409,25980,25980,632,2020-07-14,7,409,0.0171149144254279,0.0150384861418387,8.70109073284089
Rensselaer,2020-07-15T00:00:00.000,7,639,495,26475,26475,639,2020-07-15,7,495,0.0141414141414141,0.0151812737541622,8.68487283510351
Rensselaer,2020-07-16T00:00:00.000,4,643,442,26917,26917,643,2020-07-16,4,442,0.00904977375565611,0.015280639095935,4.95628873302149
Rensselaer,2020-07-17T00:00:00.000,7,650,358,27275,27275,650,2020-07-17,7,358,0.0195530726256983,0.0153365184669009,8.68805506474007
Rensselaer,2020-07-18T00:00:00.000,1,651,225,27500,27500,651,2020-07-18,1,225,0.00444444444444444,0.0153495292435549,1.24235403179615
Rensselaer,2020-07-19T00:00:00.000,2,653,295,27795,27795,653,2020-07-19,2,295,0.00677966101694915,0.0153209289090095,2.48532877801795
Rensselaer,2020-07-20T00:00:00.000,5,658,476,28271,28271,658,2020-07-20,5,476,0.0105042016806723,0.0152525564340113,6.20652697540245
Rensselaer,2020-07-21T00:00:00.000,10,668,558,28829,28829,668,2020-07-21,10,558,0.017921146953405,0.0151467594030426,12.3476848498234
Rensselaer,2020-07-22T00:00:00.000,1,669,486,29315,29315,669,2020-07-22,1,486,0.00205761316872428,0.0150063107294682,1.22628458501407
Rensselaer,2020-07-23T00:00:00.000,7,676,429,29744,29744,676,2020-07-23,7,429,0.0163170163170163,0.0148343189895076,8.51310144363915
Rensselaer,2020-07-24T00:00:00.000,5,681,396,30140,30140,681,2020-07-24,5,396,0.0126262626262626,0.0146341363356813,6.02375389249094
Rensselaer,2020-07-25T00:00:00.000,3,684,364,30504,30504,684,2020-07-25,3,364,0.00824175824175824,0.014409267662301,3.59033122585931
Rensselaer,2020-07-26T00:00:00.000,3,687,624,31128,31128,687,2020-07-26,3,624,0.00480769230769231,0.0141632842318842,3.58912860596406
Rensselaer,2020-07-27T00:00:00.000,3,690,356,31484,31484,690,2020-07-27,3,356,0.00842696629213483,0.0138997443860842,3.58448790381676
Rensselaer,2020-07-28T00:00:00.000,4,694,345,31829,31829,694,2020-07-28,4,345,0.0115942028985507,0.0136221233131494,4.7674035337304
Rensselaer,2020-07-29T00:00:00.000,24,718,309,32138,32138,718,2020-07-29,24,309,0.0776699029126214,0.0133337531778248,28.5967557604139
Rensselaer,2020-07-30T00:00:00.000,6,724,413,32551,32551,724,2020-07-30,6,413,0.0145278450363196,0.013037774282652,7.1629755260444
Rensselaer,2020-07-31T00:00:00.000,10,734,478,33029,33029,734,2020-07-31,10,478,0.0209205020920502,0.0127370973593279,11.9578810628167
Rensselaer,2020-08-01T00:00:00.000,2,736,265,33294,33294,736,2020-08-01,2,265,0.00754716981132075,0.0124343766058406,2.39477722855785
Rensselaer,2020-08-02T00:00:00.000,4,740,293,33587,33587,740,2020-08-02,4,293,0.0136518771331058,0.0121319927061921,4.79201176970293
Rensselaer,2020-08-03T00:00:00.000,8,748,491,34078,34078,748,2020-08-03,8,491,0.0162932790224033,0.0118320447961592,9.57318112496396
Rensselaer,2020-08-04T00:00:00.000,7,755,480,34558,34558,755,2020-08-04,7,480,0.0145833333333333,0.0115363501668121,8.36385867738437
Rensselaer,2020-08-05T00:00:00.000,3,758,431,34989,34989,758,2020-08-05,3,431,0.00696055684454756,0.0112464504174435,3.57833578409051
Rensselaer,2020-08-06T00:00:00.000,1,759,371,35360,35360,759,2020-08-06,1,371,0.00269541778975741,0.0109636227668527,1.19012638368453
Rensselaer,2020-08-07T00:00:00.000,2,761,241,35601,35601,761,2020-08-07,2,241,0.00829875518672199,0.0106888952893006,2.37238377081686
Rensselaer,2020-08-08T00:00:00.000,4,765,435,36036,36036,765,2020-08-08,4,435,0.00919540229885057,0.0104230649442414,4.73682956372502
Rensselaer,2020-08-09T00:00:00.000,1,766,282,36318,36318,766,2020-08-09,1,282,0.00354609929078014,0.0101667174005349,1.18266398936164
Rensselaer,2020-08-10T00:00:00.000,4,770,435,36753,36753,770,2020-08-10,4,435,0.00919540229885057,0.00992024780228304,4.72154888760354
Rensselaer,2020-08-11T00:00:00.000,10,780,608,37361,37361,780,2020-08-11,10,608,0.0164473684210526,0.00968388177508756,11.7741884312885
Rensselaer,2020-08-12T00:00:00.000,2,782,610,37971,37971,782,2020-08-12,2,610,0.00327868852459016,0.00945769611772873,2.3476168096679
Rensselaer,2020-08-13T00:00:00.000,3,785,520,38491,38491,785,2020-08-13,3,520,0.00576923076923077,0.00924163875975014,3.50883514070273
Rensselaer,2020-08-14T00:00:00.000,4,789,420,38911,38911,789,2020-08-14,4,420,0.00952380952380952,0.00903554768599591,4.65942469360692
Rensselaer,2020-08-15T00:00:00.000,6,795,637,39548,39548,795,2020-08-15,6,637,0.00941915227629513,0.00883916863228937,6.97787879062384
Rensselaer,2020-08-16T00:00:00.000,0,795,304,39852,39852,795,2020-08-16,0,304,0,0.00865217144094686,0
Rensselaer,2020-08-17T00:00:00.000,6,801,422,40274,40274,801,2020-08-17,6,422,0.014218009478673,0.00847416503267468,6.96759596357595
Rensselaer,2020-08-18T00:00:00.000,3,804,439,40713,40713,804,2020-08-18,3,439,0.00683371298405467,0.00830471100166246,3.48494071723315
Rensselaer,2020-08-19T00:00:00.000,5,809,475,41188,41188,809,2020-08-19,5,475,0.0105263157894737,0.00814333587677109,5.80805229240502
Rensselaer,2020-08-20T00:00:00.000,1,810,593,41781,41781,810,2020-08-20,1,593,0.00168634064080944,0.0079895421153744,1.16111667501299
Rensselaer,2020-08-21T00:00:00.000,3,813,498,42279,42279,813,2020-08-21,3,498,0.00602409638554217,0.0078428179089565,3.48038544456547
Rensselaer,2020-08-22T00:00:00.000,4,817,563,42842,42842,817,2020-08-22,4,563,0.00710479573712256,0.00770264588413194,4.6344483816083
Rensselaer,2020-08-23T00:00:00.000,1,818,310,43152,43152,818,2020-08-23,1,310,0.0032258064516129,0.00756851078159109,1.15639367288438
Rensselaer,2020-08-24T00:00:00.000,1,819,363,43515,43515,819,2020-08-24,1,363,0.00275482093663912,0.00743990618877443,1.15184721084061
Rensselaer,2020-08-25T00:00:00.000,3,822,392,43907,43907,822,2020-08-25,3,392,0.0076530612244898,0.00731634039414109,3.44015039252732
Rensselaer,2020-08-26T00:00:00.000,1,823,343,44250,44250,823,2020-08-26,1,343,0.00291545189504373,0.0071973414206444,1.14313557832221
Rensselaer,2020-08-27T00:00:00.000,3,826,564,44814,44814,826,2020-08-27,3,564,0.00531914893617021,0.00708246128655361,3.42047760054321
Rensselaer,2020-08-28T00:00:00.000,4,830,405,45219,45219,830,2020-08-28,4,405,0.00987654320987654,0.00697127953270029,4.54774103601229
Rensselaer,2020-08-29T00:00:00.000,3,833,708,45927,45927,833,2020-08-29,3,708,0.00423728813559322,0.00686340604849191,3.40506868013486
Rensselaer,2020-08-30T00:00:00.000,5,838,311,46238,46238,838,2020-08-30,5,311,0.0160771704180064,0.00675848322361003,5.66264061899402
Rensselaer,2020-08-31T00:00:00.000,3,841,309,46547,46547,841,2020-08-31,3,309,0.00970873786407767,0.00665618745012987,3.39410398001366
Rensselaer,2020-09-01T00:00:00.000,3,844,446,46993,46993,844,2020-09-01,3,446,0.00672645739910314,0.00655622999930622,3.39795200951831
Rensselaer,2020-09-02T00:00:00.000,4,848,501,47494,47494,848,2020-09-02,4,501,0.00798403193612774,0.00645835729944932,4.55563215627747
Rensselaer,2020-09-03T00:00:00.000,6,854,379,47873,47873,854,2020-09-03,6,379,0.0158311345646438,0.00636235064502665,6.871527249025
Rensselaer,2020-09-04T00:00:00.000,4,858,540,48413,48413,858,2020-09-04,4,540,0.00740740740740741,0.00626802537267752,4.59492638536322
Rensselaer,2020-09-05T00:00:00.000,1,859,485,48898,48898,859,2020-09-05,1,485,0.00206185567010309,0.00617522954587797,1.15058529380076
Rensselaer,2020-09-06T00:00:00.000,1,860,217,49115,49115,860,2020-09-06,1,217,0.00460829493087558,0.0060838421967381,1.15194371658061
Rensselaer,2020-09-07T00:00:00.000,5,865,284,49399,49399,865,2020-09-07,5,284,0.0176056338028169,0.00599377117970318,5.76467396280619
Rensselaer,2020-09-08T00:00:00.000,1,866,262,49661,49661,866,2020-09-08,1,262,0.00381679389312977,0.00590495069775931,1.1535408579909
Rensselaer,2020-09-09T00:00:00.000,1,867,295,49956,49956,867,2020-09-09,1,295,0.00338983050847458,0.00581733856601729,1.15375538816703
Rensselaer,2020-09-10T00:00:00.000,3,870,600,50556,50556,870,2020-09-10,3,600,0.005,0.00573091328084693,3.46074506260845
Rensselaer,2020-09-11T00:00:00.000,6,876,492,51048,51048,876,2020-09-11,6,492,0.0121951219512195,0.00564567096376062,6.94740334840023
Rensselaer,2020-09-12T00:00:00.000,3,879,407,51455,51455,879,2020-09-12,3,407,0.00737100737100737,0.00556162224886707,3.4877570988433
Rensselaer,2020-09-13T00:00:00.000,0,879,501,51956,51956,879,2020-09-13,0,501,0,0.0054787891802119,0
Rensselaer,2020-09-14T00:00:00.000,5,884,498,52454,52454,884,2020-09-14,5,498,0.0100401606425703,0.00539720218144743,5.85574823202366
Rensselaer,2020-09-15T00:00:00.000,3,887,357,52811,52811,887,2020-09-15,3,357,0.00840336134453781,0.00531689715457437,3.52453112564442
Rensselaer,2020-09-16T00:00:00.000,5,892,260,53071,53071,892,2020-09-16,5,260,0.0192307692307692,0.00523791275796798,5.89006981901386
Rensselaer,2020-09-17T00:00:00.000,3,895,571,53642,53642,895,2020-09-17,3,571,0.00525394045534151,0.00516028790629516,3.54166795007782
Rensselaer,2020-09-18T00:00:00.000,1,896,397,54039,54039,896,2020-09-18,1,397,0.00251889168765743,0.0050840595268494,1.18236220166047
Rensselaer,2020-09-19T00:00:00.000,3,899,808,54847,54847,899,2020-09-19,3,808,0.00371287128712871,0.00500926059876941,3.54997060518305
Rensselaer,2020-09-20T00:00:00.000,2,901,309,55156,55156,901,2020-09-20,2,309,0.00647249190938511,0.00493591849321469,2.36618318926061
Rensselaer,2020-09-21T00:00:00.000,0,901,445,55601,55601,901,2020-09-21,0,445,0,0.00486405362527944,0
Rensselaer,2020-09-22T00:00:00.000,1,902,286,55887,55887,902,2020-09-22,1,286,0.0034965034965035,0.00479367842088121,1.17855802827226
Rensselaer,2020-09-23T00:00:00.000,1,903,460,56347,56347,903,2020-09-23,1,460,0.00217391304347826,0.00472479659580189,1.17441028546524
Rensselaer,2020-09-24T00:00:00.000,2,905,505,56852,56852,905,2020-09-24,2,505,0.00396039603960396,0.00465740273839281,2.35044126833583
Rensselaer,2020-09-25T00:00:00.000,3,908,649,57501,57501,908,2020-09-25,3,649,0.00462249614791988,0.00459148218265383,3.52056564210328
Rensselaer,2020-09-26T00:00:00.000,3,911,585,58086,58086,911,2020-09-26,3,585,0.00512820512820513,0.00452701115470448,3.51146339586305
Rensselaer,2020-09-27T00:00:00.000,2,913,342,58428,58428,913,2020-09-27,2,342,0.00584795321637427,0.00446395717243652,2.33247582361141
Rensselaer,2020-09-28T00:00:00.000,3,916,369,58797,58797,916,2020-09-28,3,369,0.00813008130081301,0.00440227967572843,3.48010874006646
Rensselaer,2020-09-29T00:00:00.000,3,919,1882,60679,60679,919,2020-09-29,3,1882,0.00159404888416578,0.00434193086294588,3.45719854817206
Rensselaer,2020-09-30T00:00:00.000,4,923,2239,62918,62918,923,2020-09-30,4,2239,0.00178651183564091,0.00428285670796824,4.57405715127775
Rensselaer,2020-10-01T00:00:00.000,8,931,1480,64398,64398,931,2020-10-01,8,1480,0.00540540540540541,0.00422499813129597,9.06746428309235
Rensselaer,2020-10-02T00:00:00.000,6,937,1930,66328,66328,937,2020-10-02,6,1930,0.00310880829015544,0.00416829229825454,6.75080966845485
Rensselaer,2020-10-03T00:00:00.000,7,944,619,66947,66947,944,2020-10-03,7,619,0.0113085621970921,0.0041126740170547,7.8800314309737
Rensselaer,2020-10-04T00:00:00.000,1,945,215,67162,67162,945,2020-10-04,1,215,0.00465116279069767,0.00405807720969552,1.13024856971092
Rensselaer,2020-10-05T00:00:00.000,7,952,404,67566,67566,952,2020-10-05,7,404,0.0173267326732673,0.00400443642905837,7.94958491362233
Rensselaer,2020-10-06T00:00:00.000,5,957,2055,69621,69621,957,2020-10-06,5,2055,0.0024330900243309,0.00395168839626667,5.70551354335626
Rensselaer,2020-10-07T00:00:00.000,1,958,2408,72029,72029,958,2020-10-07,1,2408,0.000415282392026578,0.00389977353351821,1.14656440951916
Rensselaer,2020-10-08T00:00:00.000,6,964,1612,73641,73641,964,2020-10-08,6,1612,0.00372208436724566,0.0038486374691532,6.91209878458246
Rensselaer,2020-10-09T00:00:00.000,6,970,2154,75795,75795,970,2020-10-09,6,2154,0.00278551532033426,0.00379823249375381,6.94463657323436
Rensselaer,2020-10-10T00:00:00.000,10,980,692,76487,76487,980,2020-10-10,10,692,0.0144508670520231,0.00374851894873178,11.628183236737
Rensselaer,2020-10-11T00:00:00.000,5,985,540,77027,77027,985,2020-10-11,5,540,0.00925925925925926,0.00369946653206936,5.84071346679904
Richmond,2020-03-01T00:00:00.000,0,0,0,0,0,0,2020-03-01,0,0,0,0.060770794654531,0
Richmond,2020-03-02T00:00:00.000,0,0,0,0,0,0,2020-03-02,0,0,0,0.0689116254492578,0
Richmond,2020-03-03T00:00:00.000,0,0,0,0,0,0,2020-03-03,0,0,0,0.0780457271167744,0
Richmond,2020-03-04T00:00:00.000,0,0,0,0,0,0,2020-03-04,0,0,0,0.0882561969956849,0
Richmond,2020-03-05T00:00:00.000,0,0,0,0,0,0,2020-03-05,0,0,0,0.099617103622958,0
Richmond,2020-03-06T00:00:00.000,0,0,3,3,3,0,2020-03-06,0,3,0,0.112188134205698,0
Richmond,2020-03-07T00:00:00.000,0,0,2,5,5,0,2020-03-07,0,2,0,0.126008704109343,0
Richmond,2020-03-08T00:00:00.000,0,0,0,5,5,0,2020-03-08,0,0,0,0.141091896374199,0
Richmond,2020-03-09T00:00:00.000,0,0,6,11,11,0,2020-03-09,0,6,0,0.157418739213705,0
Richmond,2020-03-10T00:00:00.000,1,1,5,16,16,1,2020-03-10,1,5,0.2,0.174933434859565,2.36052472156248
Richmond,2020-03-11T00:00:00.000,1,2,5,21,21,2,2020-03-11,1,5,0.2,0.193540190021932,2.2342140067169
Richmond,2020-03-12T00:00:00.000,4,6,16,37,37,6,2020-03-12,4,16,0.25,0.2131022372471,8.46774849776293
Richmond,2020-03-13T00:00:00.000,5,11,34,71,71,11,2020-03-13,5,34,0.147058823529412,0.233443463534919,10.0424933658369
Richmond,2020-03-14T00:00:00.000,3,14,29,100,100,14,2020-03-14,3,29,0.103448275862069,0.254352788290652,5.72804985171661
Richmond,2020-03-15T00:00:00.000,6,20,27,127,127,20,2020-03-15,6,27,0.222222222222222,0.275591095654375,11.0735279630123
Richmond,2020-03-16T00:00:00.000,11,31,35,162,162,31,2020-03-16,11,35,0.314285714285714,0.296900187547791,19.6261810712063
Richmond,2020-03-17T00:00:00.000,26,57,61,223,223,57,2020-03-17,26,61,0.426229508196721,0.318012952195456,44.8598436052698
Richmond,2020-03-18T00:00:00.000,33,90,110,333,333,90,2020-03-18,33,110,0.3,0.3386637956382,55.0875304955469
Richmond,2020-03-19T00:00:00.000,116,206,272,605,605,206,2020-03-19,116,272,0.426470588235294,0.358598389437978,187.478270469387
Richmond,2020-03-20T00:00:00.000,109,315,334,939,939,315,2020-03-20,109,334,0.326347305389222,0.377581938549561,170.68541487476
Richmond,2020-03-21T00:00:00.000,207,522,645,1584,1584,522,2020-03-21,207,645,0.32093023255814,0.395405428973499,314.289508571675
Richmond,2020-03-22T00:00:00.000,193,715,417,2001,2001,715,2020-03-22,193,417,0.462829736211031,0.411889616643657,284.500194465177
Richmond,2020-03-23T00:00:00.000,200,915,487,2488,2488,915,2020-03-23,200,487,0.410677618069815,0.426886807457309,286.662517831864
Richmond,2020-03-24T00:00:00.000,110,1025,223,2711,2711,1025,2020-03-24,110,223,0.493273542600897,0.440280707780729,153.554637092134
Richmond,2020-03-25T00:00:00.000,164,1189,293,3004,3004,1189,2020-03-25,164,293,0.559726962457338,0.451984771069645,225.209383869192
Richmond,2020-03-26T00:00:00.000,223,1412,413,3417,3417,1412,2020-03-26,223,413,0.539951573849879,0.461939526910557,301.702256151952
Richmond,2020-03-27T00:00:00.000,415,1827,847,4264,4264,1827,2020-03-27,415,847,0.489964580873672,0.470109367233551,553.817208271785
Richmond,2020-03-28T00:00:00.000,402,2229,878,5142,5142,2229,2020-03-28,402,878,0.457858769931663,0.476479202273571,530.90959683251
Richmond,2020-03-29T00:00:00.000,336,2565,711,5853,5853,2565,2020-03-29,336,711,0.472573839662447,0.481051308775438,443.130403330463
Richmond,2020-03-30T00:00:00.000,324,2889,691,6544,6544,2889,2020-03-30,324,691,0.468885672937771,0.483842594053828,428.703743469254
Richmond,2020-03-31T00:00:00.000,299,3188,616,7160,7160,3188,2020-03-31,299,616,0.48538961038961,0.484882405161604,396.478608114721
Richmond,2020-04-01T00:00:00.000,279,3467,559,7719,7719,3467,2020-04-01,279,559,0.499105545617174,0.484210930167196,370.230957890158
Richmond,2020-04-02T00:00:00.000,287,3754,563,8282,8282,3754,2020-04-02,287,563,0.509769094138544,0.48187817137959,375.79910899026
Richmond,2020-04-03T00:00:00.000,319,4073,679,8961,8961,4073,2020-04-03,319,679,0.46980854197349,0.477943418350036,412.661832709601
Richmond,2020-04-04T00:00:00.000,218,4291,513,9474,9474,4291,2020-04-04,218,513,0.42495126705653,0.47247511031381,281.103576097281
Richmond,2020-04-05T00:00:00.000,288,4579,600,10074,10074,4579,2020-04-05,288,600,0.48,0.465550951916509,369.896866767125
Richmond,2020-04-06T00:00:00.000,218,4797,605,10679,10679,4797,2020-04-06,218,605,0.360330578512397,0.457258131591219,280.870100231108
Richmond,2020-04-07T00:00:00.000,546,5343,1262,11941,11941,5343,2020-04-07,546,1262,0.432646592709984,0.44769348851813,707.289114134791
Richmond,2020-04-08T00:00:00.000,641,5984,1528,13469,13469,5984,2020-04-08,641,1528,0.419502617801047,0.436963481965841,834.778889439254
Richmond,2020-04-09T00:00:00.000,500,6484,1212,14681,14681,6484,2020-04-09,500,1212,0.412541254125413,0.425183836291042,654.608583662266
Richmond,2020-04-10T00:00:00.000,376,6860,807,15488,15488,6860,2020-04-10,376,807,0.465923172242875,0.412478765745995,494.811584764262
Richmond,2020-04-11T00:00:00.000,456,7316,1030,16518,16518,7316,2020-04-11,456,1030,0.442718446601942,0.398979724197258,603.569898141966
Richmond,2020-04-12T00:00:00.000,352,7668,887,17405,17405,7668,2020-04-12,352,887,0.39684329199549,0.384823673030343,470.547505246445
Richmond,2020-04-13T00:00:00.000,292,7960,725,18130,18130,7960,2020-04-13,292,725,0.402758620689655,0.37015091157546,393.9821625781
Richmond,2020-04-14T00:00:00.000,338,8298,743,18873,18873,8298,2020-04-14,338,743,0.454912516823688,0.355102562791711,459.944720661268
Richmond,2020-04-15T00:00:00.000,386,8684,1184,20057,20057,8684,2020-04-15,386,1184,0.326013513513513,0.339817846871029,528.782254915728
Richmond,2020-04-16T00:00:00.000,347,9031,1084,21141,21141,9031,2020-04-16,347,1084,0.320110701107011,0.324431301668733,477.254540636388
Richmond,2020-04-17T00:00:00.000,302,9333,1106,22247,22247,9333,2020-04-17,302,1106,0.273056057866184,0.309070118007508,416.623155299962
Richmond,2020-04-18T00:00:00.000,341,9674,1288,23535,23535,9674,2020-04-18,341,1288,0.264751552795031,0.293851748912208,471.340510046221
Richmond,2020-04-19T00:00:00.000,239,9913,874,24409,24409,9913,2020-04-19,239,874,0.273455377574371,0.278881926409093,330.660323827303
Richmond,2020-04-20T00:00:00.000,208,10121,882,25291,25291,10121,2020-04-20,208,882,0.235827664399093,0.264253181712966,287.794532471755
Richmond,2020-04-21T00:00:00.000,224,10345,998,26289,26289,10345,2020-04-21,224,998,0.224448897795591,0.250043919993374,309.702266161983
Richmond,2020-04-22T00:00:00.000,245,10590,1031,27320,27320,10590,2020-04-22,245,1031,0.237633365664403,0.236318055508321,338.214027387993
Richmond,2020-04-23T00:00:00.000,293,10883,1272,28592,28592,10883,2020-04-23,293,1272,0.230345911949686,0.223125172133992,403.536060260738
Richmond,2020-04-24T00:00:00.000,246,11129,1011,29603,29603,11129,2020-04-24,246,1011,0.243323442136499,0.210501142204984,337.757491039648
Richmond,2020-04-25T00:00:00.000,154,11283,882,30485,30485,11283,2020-04-25,154,882,0.174603174603175,0.198469115295602,210.62783802874
Richmond,2020-04-26T00:00:00.000,140,11423,658,31143,31143,11423,2020-04-26,140,658,0.212765957446809,0.187040778448083,190.559651418979
Richmond,2020-04-27T00:00:00.000,93,11516,567,31710,31710,11516,2020-04-27,93,567,0.164021164021164,0.176217789255356,125.866311929783
Richmond,2020-04-28T00:00:00.000,144,11660,935,32645,32645,11660,2020-04-28,144,935,0.154010695187166,0.165993290982598,193.628786477158
Richmond,2020-04-29T00:00:00.000,151,11811,841,33486,33486,11811,2020-04-29,151,841,0.179548156956005,0.156353432012629,202.271001853648
Richmond,2020-04-30T00:00:00.000,126,11937,849,34335,34335,11937,2020-04-30,126,849,0.148409893992933,0.147278827784433,168.916148235053
Richmond,2020-05-01T00:00:00.000,157,12094,918,35253,35253,12094,2020-05-01,157,918,0.171023965141612,0.138745919899436,210.620578312075
Richmond,2020-05-02T00:00:00.000,101,12195,729,35982,35982,12195,2020-05-02,101,729,0.138545953360768,0.130728202576301,135.42896904094
Richmond,2020-05-03T00:00:00.000,60,12255,549,36531,36531,12255,2020-05-03,60,549,0.109289617486339,0.123197300084311,80.2673470725133
Richmond,2020-05-04T00:00:00.000,62,12317,573,37104,37104,12317,2020-05-04,62,573,0.108202443280977,0.11612388965979,82.620682848126
Richmond,2020-05-05T00:00:00.000,84,12401,702,37806,37806,12401,2020-05-05,84,702,0.11965811965812,0.109478472597367,111.365642181075
Richmond,2020-05-06T00:00:00.000,105,12506,828,38634,38634,12506,2020-05-06,105,828,0.126811594202899,0.103232001883209,138.492518511989
Richmond,2020-05-07T00:00:00.000,72,12578,672,39306,39306,12578,2020-05-07,72,672,0.107142857142857,0.0973563782656549,94.781984742878
Richmond,2020-05-08T00:00:00.000,72,12650,832,40138,40138,12650,2020-05-08,72,832,0.0865384615384615,0.0918248284626535,94.892243406572
Richmond,2020-05-09T00:00:00.000,52,12702,717,40855,40855,12702,2020-05-09,52,717,0.0725244072524407,0.0866121797329264,68.6022586837973
Richmond,2020-05-10T00:00:00.000,45,12747,493,41348,41348,12747,2020-05-10,45,493,0.0912778904665314,0.0816950446919935,59.4164669182598
Richmond,2020-05-11T00:00:00.000,22,12769,517,41865,41865,12769,2020-05-11,22,517,0.0425531914893617,0.0770519293762026,29.0649009121265
Richmond,2020-05-12T00:00:00.000,41,12810,806,42671,42671,12810,2020-05-12,41,806,0.0508684863523573,0.0726632764172914,54.3208077614589
Richmond,2020-05-13T00:00:00.000,51,12861,869,43540,43540,12861,2020-05-13,51,869,0.0586881472957422,0.0685114539852243,67.9831611193057
Richmond,2020-05-14T00:00:00.000,48,12909,812,44352,44352,12909,2020-05-14,48,812,0.0591133004926108,0.0645807000165677,64.5287814253559
Richmond,2020-05-15T00:00:00.000,65,12974,843,45195,45195,12974,2020-05-15,65,843,0.0771055753262159,0.0608570302431143,88.0587997640765
Richmond,2020-05-16T00:00:00.000,37,13011,713,45908,45908,13011,2020-05-16,37,713,0.0518934081346424,0.0573281177005852,50.4265272100192
Richmond,2020-05-17T00:00:00.000,36,13047,571,46479,46479,13047,2020-05-17,36,571,0.0630472854640981,0.0539831507184915,49.1721251950193
Richmond,2020-05-18T00:00:00.000,22,13069,621,47100,47100,13069,2020-05-18,22,621,0.035426731078905,0.0508126758438181,30.0877196439878
Richmond,2020-05-19T00:00:00.000,31,13100,751,47851,47851,13100,2020-05-19,31,751,0.0412782956058589,0.0478084316816963,42.4146339634737
Richmond,2020-05-20T00:00:00.000,40,13140,908,48759,48759,13140,2020-05-20,40,908,0.0440528634361234,0.0449631792030024,54.7719178788336
Richmond,2020-05-21T00:00:00.000,31,13171,877,49636,49636,13171,2020-05-21,31,877,0.0353477765108324,0.0422705336184728,42.5398714275777
Richmond,2020-05-22T00:00:00.000,44,13215,1232,50868,50868,13215,2020-05-22,44,1232,0.0357142857142857,0.0397248024183836,60.4479805442903
Richmond,2020-05-23T00:00:00.000,51,13266,1120,51988,51988,13266,2020-05-23,51,1120,0.0455357142857143,0.0373208336003173,70.0671259588306
Richmond,2020-05-24T00:00:00.000,21,13287,732,52720,52720,13287,2020-05-24,21,732,0.0286885245901639,0.0350538774453483,28.820084574
Richmond,2020-05-25T00:00:00.000,38,13325,1047,53767,53767,13325,2020-05-25,38,1047,0.0362941738299905,0.0329194644655001,52.0257063749981
Richmond,2020-05-26T00:00:00.000,23,13348,720,54487,54487,13348,2020-05-26,23,720,0.0319444444444444,0.0309133013496746,31.3913564943292
Richmond,2020-05-27T00:00:00.000,56,13404,1623,56110,56110,13404,2020-05-27,56,1623,0.0345040049291436,0.0290311859180095,76.2402191451857
Richmond,2020-05-28T00:00:00.000,51,13455,1731,57841,57841,13455,2020-05-28,51,1731,0.0294627383015598,0.0272689412902226,69.1999856593738
Richmond,2020-05-29T00:00:00.000,50,13505,1376,59217,59217,13505,2020-05-29,50,1376,0.0363372093023256,0.0256223687243255,67.5593323670654
Richmond,2020-05-30T00:00:00.000,17,13522,1214,60431,60431,13522,2020-05-30,17,1214,0.014003294892916,0.024087217923346,22.9975458457028
Richmond,2020-05-31T00:00:00.000,15,13537,1200,61631,61631,13537,2020-05-31,15,1200,0.0125,0.0226591730694116,20.4054652745814
Richmond,2020-06-01T00:00:00.000,25,13562,972,62603,62603,13562,2020-06-01,25,972,0.0257201646090535,0.0213338524454877,34.2141689535797
Richmond,2020-06-02T00:00:00.000,23,13585,991,63594,63594,13585,2020-06-02,23,991,0.0232088799192735,0.0201068192546733,31.6396535905876
Richmond,2020-06-03T00:00:00.000,36,13621,1784,65378,65378,13621,2020-06-03,36,1784,0.0201793721973094,0.0189736011413742,49.7327252106361
Richmond,2020-06-04T00:00:00.000,42,13663,1576,66954,66954,13663,2020-06-04,42,1576,0.0266497461928934,0.0179297159456201,57.9998153798051
Richmond,2020-06-05T00:00:00.000,28,13691,1886,68840,68840,13691,2020-06-05,28,1886,0.0148462354188759,0.0169707013617331,38.6102563742396
Richmond,2020-06-06T00:00:00.000,26,13717,1379,70219,70219,13717,2020-06-06,26,1379,0.018854242204496,0.0160921463991382,35.7762613370811
Richmond,2020-06-07T00:00:00.000,10,13727,1182,71401,71401,13727,2020-06-07,10,1182,0.00846023688663283,0.0152897228297554,13.7219219226951
Richmond,2020-06-08T00:00:00.000,20,13747,896,72297,72297,13747,2020-06-08,20,896,0.0223214285714286,0.0145592151260379,27.3503398243109
Richmond,2020-06-09T00:00:00.000,14,13761,1144,73441,73441,13761,2020-06-09,14,1144,0.0122377622377622,0.0138965477217511,19.0682856584389
Richmond,2020-06-10T00:00:00.000,19,13780,1290,74731,74731,13780,2020-06-10,19,1290,0.0147286821705426,0.0132978087431901,25.759048559826
Richmond,2020-06-11T00:00:00.000,20,13800,1547,76278,76278,13800,2020-06-11,20,1547,0.0129282482223659,0.0127592696464407,26.9742075885867
Richmond,2020-06-12T00:00:00.000,17,13817,1596,77874,77874,13817,2020-06-12,17,1596,0.0106516290726817,0.0122774004453682,22.7964603939151
Richmond,2020-06-13T00:00:00.000,40,13857,1365,79239,79239,13857,2020-06-13,40,1365,0.0293040293040293,0.011848880419276,53.3018477175342
Richmond,2020-06-14T00:00:00.000,21,13878,1391,80630,80630,13878,2020-06-14,21,1391,0.01509705248023,0.0114706043470493,27.7929964226436
Richmond,2020-06-15T00:00:00.000,10,13888,2387,83017,83017,13888,2020-06-15,10,2387,0.00418935902806871,0.0111396844275521,13.1378932438974
Richmond,2020-06-16T00:00:00.000,5,13893,1328,84345,84345,13893,2020-06-16,5,1328,0.00376506024096386,0.0108534481185792,6.51759519934799
Richmond,2020-06-17T00:00:00.000,7,13900,1579,85924,85924,13900,2020-06-17,7,1579,0.00443318556048132,0.0106094321647161,9.04891002482498
Richmond,2020-06-18T00:00:00.000,17,13917,2306,88230,88230,13917,2020-06-18,17,2306,0.00737207285342585,0.0104053730952922,21.7834302879725
Richmond,2020-06-19T00:00:00.000,27,13944,1882,90112,90112,13944,2020-06-19,27,1882,0.014346439957492,0.0102391944651017,34.2791681135079
Richmond,2020-06-20T00:00:00.000,14,13958,1749,91861,91861,13958,2020-06-20,14,1749,0.00800457404230989,0.0101089910902248,17.6039047754376
Richmond,2020-06-21T00:00:00.000,13,13971,1507,93368,93368,13971,2020-06-21,13,1507,0.0086264100862641,0.0100130105069839,16.2092382925196
Richmond,2020-06-22T00:00:00.000,12,13983,1121,94489,94489,13983,2020-06-22,12,1121,0.0107047279214987,0.00994963186073149,14.9545155869185
Richmond,2020-06-23T00:00:00.000,11,13994,1894,96383,96383,13994,2020-06-23,11,1894,0.0058078141499472,0.00991734241940525,13.7013339559933
Richmond,2020-06-24T00:00:00.000,26,14020,2032,98415,98415,14020,2020-06-24,26,2032,0.0127952755905512,0.00991471191014224,32.3689479062472
Richmond,2020-06-25T00:00:00.000,17,14037,1707,100122,100122,14037,2020-06-25,17,1707,0.00995899238429994,0.00994036490105329,21.1328088730753
Richmond,2020-06-26T00:00:00.000,15,14052,1697,101819,101819,14052,2020-06-26,15,1697,0.00883912787271656,0.00999295149726159,18.5862321285379
Richmond,2020-06-27T00:00:00.000,21,14073,1581,103400,103400,14073,2020-06-27,21,1581,0.0132827324478178,0.0100711166939711,25.9305311153066
Richmond,2020-06-28T00:00:00.000,9,14082,979,104379,104379,14082,2020-06-28,9,979,0.00919305413687436,0.0101734688290549,11.072510909196
Richmond,2020-06-29T00:00:00.000,11,14093,1749,106128,106128,14093,2020-06-29,11,1749,0.00628930817610063,0.010298547702395,13.4904636575386
Richmond,2020-06-30T00:00:00.000,16,14109,1304,107432,107432,14109,2020-06-30,16,1304,0.0122699386503067,0.010444793074531,19.6827672749246
Richmond,2020-07-01T00:00:00.000,16,14125,1787,109219,109219,14125,2020-07-01,16,1787,0.0089535534415221,0.0106105144155898,19.766444813484
Richmond,2020-07-02T00:00:00.000,39,14164,1955,111174,111174,14164,2020-07-02,39,1955,0.0199488491048593,0.0107938629366815,48.3375620212161
Richmond,2020-07-03T00:00:00.000,26,14190,1613,112787,112787,14190,2020-07-03,26,1613,0.0161190328580285,0.0109928070862337,32.1993685457031
Richmond,2020-07-04T00:00:00.000,12,14202,1578,114365,114365,14202,2020-07-04,12,1578,0.00760456273764259,0.0112051128160075,14.8479640038521
Richmond,2020-07-05T00:00:00.000,11,14213,1362,115727,115727,14213,2020-07-05,11,1362,0.00807635829662261,0.0114283299977331,13.5946338305973
Richmond,2020-07-06T00:00:00.000,12,14225,1707,117434,117434,14225,2020-07-06,12,1707,0.0070298769771529,0.0116597863810587,14.811301091677
Richmond,2020-07-07T00:00:00.000,18,14243,1406,118840,118840,14243,2020-07-07,18,1406,0.0128022759601707,0.0118965904085955,22.2226383227937
Richmond,2020-07-08T00:00:00.000,19,14262,1592,120432,120432,14262,2020-07-08,19,1592,0.0119346733668342,0.0121356440286399,23.4583895879501
Richmond,2020-07-09T00:00:00.000,23,14285,1874,122306,122306,14285,2020-07-09,23,1874,0.012273212379936,0.0123736663604163,28.3922057087745
Richmond,2020-07-10T00:00:00.000,23,14308,1837,124143,124143,14308,2020-07-10,23,1837,0.0125204137180185,0.0126072286690135,28.3809246521792
Richmond,2020-07-11T00:00:00.000,21,14329,1681,125824,125824,14329,2020-07-11,21,1681,0.0124925639500297,0.0128328006053573,25.896571160652
Richmond,2020-07-12T00:00:00.000,12,14341,1495,127319,127319,14341,2020-07-12,12,1495,0.00802675585284281,0.0130468070804834,14.7850308588043
Richmond,2020-07-13T00:00:00.000,31,14372,1891,129210,129210,14372,2020-07-13,31,1891,0.0163934426229508,0.0132456945047949,38.1515469594289
Richmond,2020-07-14T00:00:00.000,17,14389,1604,130814,130814,14389,2020-07-14,17,1604,0.0105985037406484,0.0134260044731191,20.8929057690863
Richmond,2020-07-15T00:00:00.000,28,14417,1878,132692,132692,14417,2020-07-15,28,1878,0.0149094781682641,0.0135844523662389,34.3555454077433
Richmond,2020-07-16T00:00:00.000,22,14439,2004,134696,134696,14439,2020-07-16,22,2004,0.0109780439121756,0.0137180078215245,26.9670997081797
Richmond,2020-07-17T00:00:00.000,20,14459,1566,136262,136262,14459,2020-07-17,20,1566,0.0127713920817369,0.013823973652573,24.5666043790558
Richmond,2020-07-18T00:00:00.000,21,14480,1301,137563,137563,14480,2020-07-18,21,1301,0.016141429669485,0.0139000596144665,25.8319284265983
Richmond,2020-07-19T00:00:00.000,23,14503,1213,138776,138776,14503,2020-07-19,23,1213,0.0189612530915087,0.0139444474498216,28.3134838202479
Richmond,2020-07-20T00:00:00.000,36,14539,2050,140826,140826,14539,2020-07-20,36,2050,0.0175609756097561,0.0139558439253541,44.2917143199888
Richmond,2020-07-21T00:00:00.000,18,14557,1252,142078,142078,14557,2020-07-21,18,1252,0.0143769968051118,0.0139335190735401,22.0410434396895
Richmond,2020-07-22T00:00:00.000,30,14587,1890,143968,143968,14587,2020-07-22,30,1890,0.0158730158730159,0.0138773275607676,36.5019204409042
Richmond,2020-07-23T00:00:00.000,26,14613,2065,146033,146033,14613,2020-07-23,26,2065,0.012590799031477,0.0137877119664155,31.3895851019181
Richmond,2020-07-24T00:00:00.000,20,14633,1908,147941,147941,14633,2020-07-24,20,1908,0.010482180293501,0.0136656877123295,23.9306034827413
Richmond,2020-07-25T00:00:00.000,16,14649,1116,149057,149057,14649,2020-07-25,16,1116,0.014336917562724,0.0135128103585014,19.0258304196332
Richmond,2020-07-26T00:00:00.000,32,14681,1401,150458,150458,14681,2020-07-26,32,1401,0.0228408279800143,0.0133311269031607,38.0529239428612
Richmond,2020-07-27T00:00:00.000,17,14698,1571,152029,152029,14698,2020-07-27,17,1571,0.0108211330362826,0.0131231135252814,20.1956480219785
Richmond,2020-07-28T00:00:00.000,29,14727,1531,153560,153560,14727,2020-07-28,29,1531,0.0189418680600914,0.0128916028280056,34.3736880716367
Richmond,2020-07-29T00:00:00.000,21,14748,1720,155280,155280,14748,2020-07-29,21,1720,0.0122093023255814,0.0126397040434245,24.8887604970203
Richmond,2020-07-30T00:00:00.000,16,14764,1562,156842,156842,14764,2020-07-30,16,1562,0.0102432778489117,0.0123707198237059,19.0012140727463
Richmond,2020-07-31T00:00:00.000,17,14781,2229,159071,159071,14781,2020-07-31,17,2229,0.00762673844773441,0.0120880631745515,20.2223571426085
Richmond,2020-08-01T00:00:00.000,24,14805,1599,160670,160670,14805,2020-08-01,24,1599,0.0150093808630394,0.0117951778057242,28.5860674054538
Richmond,2020-08-02T00:00:00.000,17,14822,1421,162091,162091,14822,2020-08-02,17,1421,0.011963406052076,0.0114954647195449,20.2565856818322
Richmond,2020-08-03T00:00:00.000,18,14840,1840,163931,163931,14840,2020-08-03,18,1840,0.00978260869565217,0.011192217280371,21.4202446466054
Richmond,2020-08-04T00:00:00.000,14,14854,1492,165423,165423,14854,2020-08-04,14,1492,0.00938337801608579,0.0108885663601508,16.6313272417126
Richmond,2020-08-05T00:00:00.000,23,14877,1916,167339,167339,14877,2020-08-05,23,1916,0.0120041753653445,0.0105874364908372,27.2687485554571
Richmond,2020-08-06T00:00:00.000,14,14891,1679,169018,169018,14891,2020-08-06,14,1679,0.0083382966051221,0.0102915133212147,16.5566944639002
Richmond,2020-08-07T00:00:00.000,18,14909,2154,171172,171172,14909,2020-08-07,18,2154,0.00835654596100279,0.0100032221114836,21.2103660071854
Richmond,2020-08-08T00:00:00.000,12,14921,1395,172567,172567,14921,2020-08-08,12,1395,0.00860215053763441,0.00972471653149568,14.1122793302032
Richmond,2020-08-09T00:00:00.000,13,14934,1656,174223,174223,14934,2020-08-09,13,1656,0.00785024154589372,0.00945787667243646,15.2639176768087
Richmond,2020-08-10T00:00:00.000,19,14953,2137,176360,176360,14953,2020-08-10,19,2137,0.00889096864763687,0.00920431494085528,22.2599915624588
Richmond,2020-08-11T00:00:00.000,21,14974,2162,178522,178522,14974,2020-08-11,21,2162,0.00971322849213691,0.00896538837328284,24.535913929251
Richmond,2020-08-12T00:00:00.000,24,14998,2896,181418,181418,14998,2020-08-12,24,2896,0.00828729281767956,0.00874221587596632,27.9506604061072
Richmond,2020-08-13T00:00:00.000,19,15017,2232,183650,183650,15017,2020-08-13,19,2232,0.00851254480286738,0.00853569894057566,22.0467369333885
Richmond,2020-08-14T00:00:00.000,29,15046,2189,185839,185839,15046,2020-08-14,29,2189,0.0132480584741891,0.00834654449373475,33.5139429948221
Richmond,2020-08-15T00:00:00.000,20,15066,1946,187785,187785,15066,2020-08-15,20,1946,0.0102774922918808,0.00817528868634728,23.0786996037139
Richmond,2020-08-16T00:00:00.000,7,15073,1454,189239,189239,15073,2020-08-16,7,1454,0.00481430536451169,0.00802232059980151,8.06275417004561
Richmond,2020-08-17T00:00:00.000,14,15087,1440,190679,190679,15087,2020-08-17,14,1440,0.00972222222222222,0.00788790502563672,16.1415865725147
Richmond,2020-08-18T00:00:00.000,14,15101,2347,193026,193026,15101,2020-08-18,14,2347,0.00596506178099702,0.00777220365023029,16.1556390057426
Richmond,2020-08-19T00:00:00.000,17,15118,2464,195490,195490,15118,2020-08-19,17,2464,0.00689935064935065,0.00767529413850978,19.6308318414838
Richmond,2020-08-20T00:00:00.000,11,15129,2418,197908,197908,15129,2020-08-20,11,2418,0.00454921422663358,0.00759718675504484,12.7081296951363
Richmond,2020-08-21T00:00:00.000,13,15142,2419,200327,200327,15142,2020-08-21,13,2419,0.00537412153782555,0.00753783828428942,15.021970670208
Richmond,2020-08-22T00:00:00.000,20,15162,2047,202374,202374,15162,2020-08-22,20,2047,0.00977039570102589,0.00749716311427136,23.1096706664626
Richmond,2020-08-23T00:00:00.000,15,15177,1899,204273,204273,15177,2020-08-23,15,1899,0.00789889415481832,0.00747504143144207,17.3243633144607
Richmond,2020-08-24T00:00:00.000,12,15189,1977,206250,206250,15189,2020-08-24,12,1977,0.00606980273141123,0.00747132454084433,13.8279924992488
Richmond,2020-08-25T00:00:00.000,17,15206,2296,208546,208546,15206,2020-08-25,17,2296,0.00740418118466899,0.00748583737995209,19.5388835335533
Richmond,2020-08-26T00:00:00.000,18,15224,1950,210496,210496,15224,2020-08-26,18,1950,0.00923076923076923,0.00751837833952669,20.6664296475863
Richmond,2020-08-27T00:00:00.000,15,15239,2716,213212,213212,15239,2020-08-27,15,2716,0.00552282768777614,0.00756871654542384,17.2163291940507
Richmond,2020-08-28T00:00:00.000,13,15252,2633,215845,215845,15252,2020-08-28,13,2633,0.00493733383972655,0.00763658679467061,14.9154983008341
Richmond,2020-08-29T00:00:00.000,17,15269,2346,218191,218191,15269,2020-08-29,17,2346,0.0072463768115942,0.00772168238103733,19.5240884627428
Richmond,2020-08-30T00:00:00.000,19,15288,1528,219719,219719,15288,2020-08-30,19,1528,0.012434554973822,0.0078236460914659,21.8352712907482
Richmond,2020-08-31T00:00:00.000,20,15308,2469,222188,222188,15308,2020-08-31,20,2469,0.00810044552450385,0.00794205970723552,23.0305677496072
Richmond,2020-09-01T00:00:00.000,24,15332,2045,224233,224233,15332,2020-09-01,24,2045,0.0117359413202934,0.00807643240212457,27.7564401705791
Richmond,2020-09-02T00:00:00.000,18,15350,2887,227120,227120,15350,2020-09-02,18,2887,0.00623484586075511,0.00822618849343579,21.0023950126197
Richmond,2020-09-03T00:00:00.000,19,15369,2641,229761,229761,15369,2020-09-03,19,2641,0.00719424460431655,0.00839065506766106,22.3703845812538
Richmond,2020-09-04T00:00:00.000,24,15393,2553,232314,232314,15393,2020-09-04,24,2553,0.00940070505287897,0.00856905006705456,28.4452661642892
Richmond,2020-09-05T00:00:00.000,27,15420,2668,234982,234982,15420,2020-09-05,27,2668,0.010119940029985,0.00876047148077627,32.1714044381961
Richmond,2020-09-06T00:00:00.000,31,15451,1846,236828,236828,15451,2020-09-06,31,1846,0.0167930660888407,0.00896388832833822,37.1214390461295
Richmond,2020-09-07T00:00:00.000,15,15466,1483,238311,238311,15466,2020-09-07,15,1483,0.0101146325016858,0.00917813414634015,18.0468508257458
Richmond,2020-09-08T00:00:00.000,20,15486,1827,240138,240138,15486,2020-09-08,20,1827,0.0109469074986316,0.00940190368474796,24.1692363979594
Richmond,2020-09-09T00:00:00.000,24,15510,2525,242663,242663,15510,2020-09-09,24,2525,0.0095049504950495,0.00963375347887944,29.1227312722233
Richmond,2020-09-10T00:00:00.000,27,15537,1967,244630,244630,15537,2020-09-10,27,1967,0.0137264870360956,0.0098721068828406,32.8874892090503
Richmond,2020-09-11T00:00:00.000,28,15565,3042,247672,247672,15565,2020-09-11,28,3042,0.00920447074293228,0.010115264025218,34.3680950315859
Richmond,2020-09-12T00:00:00.000,17,15582,1740,249412,249412,15582,2020-09-12,17,1740,0.00977011494252874,0.0103614169786981,21.0327308521777
Richmond,2020-09-13T00:00:00.000,22,15604,1601,251013,251013,15604,2020-09-13,22,1601,0.0137414116177389,0.010608670224727,27.4285631151939
Richmond,2020-09-14T00:00:00.000,27,15631,2318,253331,253331,15631,2020-09-14,27,2318,0.0116479723899914,0.0108550662501386,33.9095896974774
Richmond,2020-09-15T00:00:00.000,11,15642,1532,254863,254863,15642,2020-09-15,11,1532,0.00718015665796345,0.0110986158460422,13.9102148089361
Richmond,2020-09-16T00:00:00.000,24,15666,2426,257289,257289,15666,2020-09-16,24,2426,0.00989282769991756,0.0113373324056401,30.5419626797356
Richmond,2020-09-17T00:00:00.000,23,15689,2017,259306,259306,15689,2020-09-17,23,2017,0.0114030738720873,0.0115692692548337,29.4359205641331
Richmond,2020-09-18T00:00:00.000,24,15713,2718,262024,262024,15713,2020-09-18,24,2718,0.00883002207505519,0.0117925588166573,30.867504608636
Richmond,2020-09-19T00:00:00.000,17,15730,2408,264432,264432,15730,2020-09-19,17,2408,0.00705980066445183,0.0120054522270923,21.9539622681073
Richmond,2020-09-20T00:00:00.000,23,15753,1329,265761,265761,15753,2020-09-20,23,1329,0.017306245297216,0.0122063579015933,29.7898294556608
Richmond,2020-09-21T00:00:00.000,33,15786,2287,268048,268048,15786,2020-09-21,33,2287,0.0144293834717971,0.0123938775124967,42.8096354661282
Richmond,2020-09-22T00:00:00.000,13,15799,1076,269124,269124,15799,2020-09-22,13,1076,0.0120817843866171,0.0125668378829028,16.8713577486229
Richmond,2020-09-23T00:00:00.000,24,15823,2677,271801,271801,15823,2020-09-23,24,2677,0.00896525961897647,0.0127243174344135,31.1211921961963
Richmond,2020-09-24T00:00:00.000,14,15837,2118,273919,273919,15837,2020-09-24,14,2118,0.00661000944287063,0.0128656660364116,18.2127821016654
Richmond,2020-09-25T00:00:00.000,30,15867,2524,276443,276443,15867,2020-09-25,30,2524,0.0118858954041204,0.0129905173802404,39.0642778967827
Richmond,2020-09-26T00:00:00.000,23,15890,2226,278669,278669,15890,2020-09-26,23,2226,0.0103324348607367,0.0130987933238655,29.9389592688719
Richmond,2020-09-27T00:00:00.000,23,15913,1743,280412,280412,15913,2020-09-27,23,1743,0.0131956397016638,0.0131906999976212,29.8930186899668
Richmond,2020-09-28T00:00:00.000,37,15950,2385,282797,282797,15950,2020-09-28,37,2385,0.0155136268343816,0.0132667158049065,47.9271785643143
Richmond,2020-09-29T00:00:00.000,39,15989,1763,284560,284560,15989,2020-09-29,39,1763,0.0221213840045377,0.0133275717690225,50.2775940247522
Richmond,2020-09-30T00:00:00.000,36,16025,2281,286841,286841,16025,2020-09-30,36,2281,0.0157825515124945,0.013374224946015,46.1315029495294
Richmond,2020-10-01T00:00:00.000,36,16061,2341,289182,289182,16061,2020-10-01,36,2341,0.0153780435711235,0.013407825827416,45.7985313235742
Richmond,2020-10-02T00:00:00.000,46,16107,3278,292460,292460,16107,2020-10-02,46,3278,0.014032946918853,0.013429680783658,58.1799304044889
Richmond,2020-10-03T00:00:00.000,30,16137,2661,295121,295121,16137,2020-10-03,30,2661,0.0112739571589628,0.0134412106444498,38.0174141974926
Richmond,2020-10-04T00:00:00.000,20,16157,1760,296881,296881,16157,2020-10-04,20,1760,0.0113636363636364,0.0134439064782444,25.4814700638058
Richmond,2020-10-05T00:00:00.000,52,16209,2812,299693,299693,16209,2020-10-05,52,2812,0.0184921763869132,0.0134392835267945,66.6550759353036
Richmond,2020-10-06T00:00:00.000,31,16240,2182,301875,301875,16240,2020-10-06,31,2182,0.0142071494042163,0.0134288340857794,39.9771649147468
Richmond,2020-10-07T00:00:00.000,54,16294,3978,305853,305853,16294,2020-10-07,54,3978,0.0135746606334842,0.0134139799155138,70.0557913082376
Richmond,2020-10-08T00:00:00.000,30,16324,2487,308340,308340,16324,2020-10-08,30,2487,0.0120627261761158,0.0133960245366185,39.1513582799658
Richmond,2020-10-09T00:00:00.000,49,16373,3396,311736,311736,16373,2020-10-09,49,3396,0.0144287396937574,0.0133761055354263,64.3234258820353
Richmond,2020-10-10T00:00:00.000,28,16401,2812,314548,314548,16401,2020-10-10,28,2812,0.00995732574679943,0.0133551467956243,36.9699440782234
Richmond,2020-10-11T00:00:00.000,33,16434,2630,317178,317178,16434,2020-10-11,33,2630,0.0125475285171103,0.0133338104089562,43.8219151901318
Rockland,2020-03-01T00:00:00.000,0,0,0,0,0,0,2020-03-01,0,0,1,0.0733666837085691,0
Rockland,2020-03-02T00:00:00.000,0,0,0,0,0,0,2020-03-02,0,0,1,0.0807282471977105,0
Rockland,2020-03-03T00:00:00.000,0,0,0,0,0,0,2020-03-03,0,0,1,0.08875467817546,0
Rockland,2020-03-04T00:00:00.000,0,0,0,0,0,0,2020-03-04,0,0,1,0.0974857371299676,0
Rockland,2020-03-05T00:00:00.000,0,0,0,0,0,0,2020-03-05,0,0,1,0.106956782718638,0
Rockland,2020-03-06T00:00:00.000,1,1,1,1,1,1,2020-03-06,1,1,1,0.11719697769611,2.97143300671396
Rockland,2020-03-07T00:00:00.000,0,1,0,1,1,1,2020-03-07,0,0,0.5,0.128227346892713,0
Rockland,2020-03-08T00:00:00.000,0,1,2,3,3,1,2020-03-08,0,2,0,0.140058757994033,0
Rockland,2020-03-09T00:00:00.000,3,4,7,10,10,4,2020-03-09,3,7,0.428571428571429,0.152689920698264,7.46525482312362
Rockland,2020-03-10T00:00:00.000,0,4,2,12,12,4,2020-03-10,0,2,0,0.166105522160569,0
Rockland,2020-03-11T00:00:00.000,2,6,2,14,14,6,2020-03-11,2,2,1,0.180274632796767,4.43681286456003
Rockland,2020-03-12T00:00:00.000,2,8,5,19,19,8,2020-03-12,2,5,0.4,0.19514952270777,4.19677709750448
Rockland,2020-03-13T00:00:00.000,1,9,8,27,27,9,2020-03-13,1,8,0.125,0.210665021774186,1.98798279106187
Rockland,2020-03-14T00:00:00.000,3,12,21,48,48,12,2020-03-14,3,21,0.142857142857143,0.226738533699794,5.66259722924703
Rockland,2020-03-15T00:00:00.000,1,13,35,83,83,13,2020-03-15,1,35,0.0285714285714286,0.243270775845688,1.82270855583818
Rockland,2020-03-16T00:00:00.000,9,22,39,122,122,22,2020-03-16,9,39,0.230769230769231,0.260147264939387,15.8469798186954
Rockland,2020-03-17T00:00:00.000,8,30,29,151,151,30,2020-03-17,8,29,0.275862068965517,0.277240508761034,13.6149353062414
Rockland,2020-03-18T00:00:00.000,23,53,58,209,209,53,2020-03-18,23,58,0.396551724137931,0.29441280269148,37.8604692233032
Rockland,2020-03-19T00:00:00.000,48,101,192,401,401,101,2020-03-19,48,192,0.25,0.311519475744006,76.493031604602
Rockland,2020-03-20T00:00:00.000,161,262,569,970,970,262,2020-03-20,161,569,0.282952548330404,0.328412390881859,248.620320773491
Rockland,2020-03-21T00:00:00.000,193,455,604,1574,1574,455,2020-03-21,193,604,0.31953642384106,0.344943484794237,289.059587977008
Rockland,2020-03-22T00:00:00.000,137,592,393,1967,1967,592,2020-03-22,137,393,0.348600508905852,0.360968135336955,199.303363455552
Rockland,2020-03-23T00:00:00.000,79,671,315,2282,2282,671,2020-03-23,79,315,0.250793650793651,0.376348169617278,111.813879017161
Rockland,2020-03-24T00:00:00.000,297,968,592,2874,2874,968,2020-03-24,297,592,0.501689189189189,0.39095436794566,409.700356137487
Rockland,2020-03-25T00:00:00.000,229,1197,567,3441,3441,1197,2020-03-25,229,567,0.403880070546737,0.404668372147472,311.01093776619
Rockland,2020-03-26T00:00:00.000,260,1457,588,4029,4029,1457,2020-03-26,260,588,0.442176870748299,0.417383963621744,348.210695152412
Rockland,2020-03-27T00:00:00.000,439,1896,1078,5107,5107,1896,2020-03-27,439,1078,0.407235621521336,0.429007730132041,580.509713254156
Rockland,2020-03-28T00:00:00.000,313,2209,827,5934,5934,2209,2020-03-28,313,827,0.378476420798065,0.439459185211631,410.040089831032
Rockland,2020-03-29T00:00:00.000,302,2511,604,6538,6538,2511,2020-03-29,302,604,0.5,0.448670437005998,395.523979914104
Rockland,2020-03-30T00:00:00.000,352,2863,739,7277,7277,2863,2020-03-30,352,739,0.476319350473613,0.456585523167975,463.059430198201
Rockland,2020-03-31T00:00:00.000,458,3321,930,8207,8207,3321,2020-03-31,458,930,0.49247311827957,0.463159535845426,604.537809732184
Rockland,2020-04-01T00:00:00.000,430,3751,904,9111,9111,3751,2020-04-01,430,904,0.475663716814159,0.468357657728402,568.710552424405
Rockland,2020-04-02T00:00:00.000,538,4289,997,10108,10108,4289,2020-04-02,538,997,0.539618856569709,0.472154219117022,703.025029214628
Rockland,2020-04-03T00:00:00.000,583,4872,1124,11232,11232,4872,2020-04-03,583,1124,0.518683274021352,0.474531869556425,753.635008175921
Rockland,2020-04-04T00:00:00.000,454,5326,880,12112,12112,5326,2020-04-04,454,880,0.515909090909091,0.475480937975649,585.788912593217
Rockland,2020-04-05T00:00:00.000,377,5703,732,12844,12844,5703,2020-04-05,377,732,0.515027322404372,0.474999034014173,485.179079059662
Rockland,2020-04-06T00:00:00.000,287,5990,662,13506,13506,5990,2020-04-06,287,662,0.433534743202417,0.473090921323508,371.030174006026
Rockland,2020-04-07T00:00:00.000,423,6413,1027,14533,14533,6413,2020-04-07,423,1027,0.411879259980526,0.469768671546313,550.598502498525
Rockland,2020-04-08T00:00:00.000,252,6665,648,15181,15181,6665,2020-04-08,252,648,0.388888888888889,0.465052085489622,330.232349397528
Rockland,2020-04-09T00:00:00.000,457,7122,1013,16194,16194,7122,2020-04-09,457,1013,0.451135241855874,0.458969345785782,602.904582636611
Rockland,2020-04-10T00:00:00.000,355,7477,785,16979,16979,7477,2020-04-10,355,785,0.452229299363057,0.451557843297825,471.423845868387
Rockland,2020-04-11T00:00:00.000,244,7721,569,17548,17548,7721,2020-04-11,244,569,0.428822495606327,0.442865098229307,326.350752695334
Rockland,2020-04-12T00:00:00.000,244,7965,586,18134,18134,7965,2020-04-12,244,586,0.416382252559727,0.43294967767417,330.041233884373
Rockland,2020-04-13T00:00:00.000,370,8335,779,18913,18913,8335,2020-04-13,370,779,0.474967907573813,0.421881995897866,505.79746596763
Rockland,2020-04-14T00:00:00.000,139,8474,371,19284,19284,8474,2020-04-14,139,371,0.37466307277628,0.409744874541193,191.875582201504
Rockland,2020-04-15T00:00:00.000,278,8752,830,20114,20114,8752,2020-04-15,278,830,0.334939759036145,0.396633739731106,386.766375733549
Rockland,2020-04-16T00:00:00.000,235,8987,678,20792,20792,8987,2020-04-16,235,678,0.346607669616519,0.382656344362824,328.592066306953
Rockland,2020-04-17T00:00:00.000,184,9171,610,21402,21402,9171,2020-04-17,184,610,0.301639344262295,0.367931928114684,258.300549226744
Rockland,2020-04-18T00:00:00.000,193,9364,547,21949,21949,9364,2020-04-18,193,547,0.352833638025594,0.352589765249975,271.676353645253
Rockland,2020-04-19T00:00:00.000,93,9457,316,22265,22265,9457,2020-04-19,93,316,0.294303797468354,0.336767098987202,131.116715924952
Rockland,2020-04-20T00:00:00.000,111,9568,407,22672,22672,9568,2020-04-20,111,407,0.272727272727273,0.320606516919836,156.580398800255
Rockland,2020-04-21T00:00:00.000,131,9699,478,23150,23150,9699,2020-04-21,131,478,0.274058577405858,0.304252878478531,184.7096137755
Rockland,2020-04-22T00:00:00.000,129,9828,584,23734,23734,9828,2020-04-22,129,584,0.220890410958904,0.287849955260721,181.627735411616
Rockland,2020-04-23T00:00:00.000,263,10091,1255,24989,24989,10091,2020-04-23,263,1255,0.209561752988048,0.271536980916867,369.40138501684
Rockland,2020-04-24T00:00:00.000,1000,11091,2606,27595,27595,11091,2020-04-24,1000,2606,0.383729854182655,0.255445323404004,1399.82657061059
Rockland,2020-04-25T00:00:00.000,165,11256,677,28272,28272,11256,2020-04-25,165,677,0.243722304283604,0.239695485788278,229.972383026686
Rockland,2020-04-26T00:00:00.000,110,11366,565,28837,28837,11366,2020-04-26,110,565,0.194690265486726,0.224394613075799,152.476604371961
Rockland,2020-04-27T00:00:00.000,87,11453,537,29374,29374,11453,2020-04-27,87,537,0.162011173184358,0.209634635817859,119.808364580319
Rockland,2020-04-28T00:00:00.000,133,11586,528,29902,29902,11586,2020-04-28,133,528,0.251893939393939,0.195491123356645,181.786958381666
Rockland,2020-04-29T00:00:00.000,122,11708,691,30593,30593,11708,2020-04-29,122,691,0.176555716353111,0.182022858595305,165.927496298586
Rockland,2020-04-30T00:00:00.000,104,11812,823,31416,31416,11812,2020-04-30,104,823,0.12636695018226,0.169272089978282,141.376904262039
Rockland,2020-05-01T00:00:00.000,133,11945,779,32195,32195,11945,2020-05-01,133,779,0.170731707317073,0.157265371162815,180.673341929973
Rockland,2020-05-02T00:00:00.000,80,12025,598,32793,32793,12025,2020-05-02,80,598,0.133779264214047,0.146014868379099,108.463337713719
Rockland,2020-05-03T00:00:00.000,70,12095,476,33269,33269,12095,2020-05-03,70,476,0.147058823529412,0.135520000818728,94.5422468745891
Rockland,2020-05-04T00:00:00.000,49,12144,437,33706,33706,12144,2020-05-04,49,437,0.112128146453089,0.125769279249092,65.8200897781722
Rockland,2020-05-05T00:00:00.000,60,12204,401,34107,34107,12204,2020-05-05,60,401,0.149625935162095,0.116742219506357,80.0595439145715
Rockland,2020-05-06T00:00:00.000,76,12280,852,34959,34959,12280,2020-05-06,76,852,0.0892018779342723,0.10841122686023,100.734120097439
Rockland,2020-05-07T00:00:00.000,69,12349,740,35699,35699,12349,2020-05-07,69,740,0.0932432432432432,0.100743370638717,91.1438982857915
Rockland,2020-05-08T00:00:00.000,51,12400,669,36368,36368,12400,2020-05-08,51,669,0.0762331838565022,0.0937019927043063,67.3514986865284
Rockland,2020-05-09T00:00:00.000,51,12451,582,36950,36950,12451,2020-05-09,51,582,0.0876288659793814,0.0872481158816696,67.3322234690859
Rockland,2020-05-10T00:00:00.000,33,12484,564,37514,37514,12484,2020-05-10,33,564,0.0585106382978723,0.0813416376765106,43.5531899731089
Rockland,2020-05-11T00:00:00.000,20,12504,368,37882,37882,12504,2020-05-11,20,368,0.0543478260869565,0.075942309836343,26.384337275031
Rockland,2020-05-12T00:00:00.000,39,12543,637,38519,38519,12543,2020-05-12,39,637,0.0612244897959184,0.0710105153716429,51.5522634913371
Rockland,2020-05-13T00:00:00.000,53,12596,1096,39615,39615,12596,2020-05-13,53,1096,0.0483576642335766,0.0665078619077637,70.4397860967058
Rockland,2020-05-14T00:00:00.000,41,12637,851,40466,40466,12637,2020-05-14,41,851,0.0481786133960047,0.062397614265922,54.9291156372682
Rockland,2020-05-15T00:00:00.000,51,12688,1035,41501,41501,12688,2020-05-15,51,1035,0.0492753623188406,0.0586449906679039,68.8369465578813
Rockland,2020-05-16T00:00:00.000,70,12758,779,42280,42280,12758,2020-05-16,70,779,0.0898587933247754,0.0552173465959083,95.0443185211409
Rockland,2020-05-17T00:00:00.000,19,12777,486,42766,42766,12777,2020-05-17,19,486,0.0390946502057613,0.0520842687406023,25.8591897614331
Rockland,2020-05-18T00:00:00.000,21,12798,338,43104,43104,12798,2020-05-18,21,338,0.0621301775147929,0.0492175991196895,28.6286404004428
Rockland,2020-05-19T00:00:00.000,33,12831,577,43681,43681,12831,2020-05-19,33,577,0.0571923743500867,0.0465914067549212,45.0347858663424
Rockland,2020-05-20T00:00:00.000,46,12877,1091,44772,44772,12877,2020-05-20,46,1091,0.0421631530705774,0.0441819215118516,62.8773959975923
Rockland,2020-05-21T00:00:00.000,28,12905,790,45562,45562,12905,2020-05-21,28,790,0.0354430379746835,0.0419674420453047,38.395469929214
Rockland,2020-05-22T00:00:00.000,29,12934,814,46376,46376,12934,2020-05-22,29,814,0.0356265356265356,0.0399282273521024,39.8610694380859
Rockland,2020-05-23T00:00:00.000,29,12963,735,47111,47111,12963,2020-05-23,29,735,0.0394557823129252,0.038046379277964,39.9188779324303
Rockland,2020-05-24T00:00:00.000,33,12996,634,47745,47745,12996,2020-05-24,33,634,0.0520504731861199,0.0363057214821094,45.4478975062702
Rockland,2020-05-25T00:00:00.000,23,13019,652,48397,48397,13019,2020-05-25,23,652,0.0352760736196319,0.0346916788172142,31.6547931882609
Rockland,2020-05-26T00:00:00.000,28,13047,554,48951,48951,13047,2020-05-26,28,554,0.0505415162454874,0.0331911598290211,38.4882338324902
Rockland,2020-05-27T00:00:00.000,29,13076,1115,50066,50066,13076,2020-05-27,29,1115,0.0260089686098655,0.0317924440763841,39.841898134826
Rockland,2020-05-28T00:00:00.000,24,13100,1097,51163,51163,13100,2020-05-28,24,1097,0.0218778486782133,0.0304850752020622,32.9297906303852
Rockland,2020-05-29T00:00:00.000,28,13128,807,51970,51970,13128,2020-05-29,28,807,0.0346964064436183,0.0292597601072982,38.338800812969
Rockland,2020-05-30T00:00:00.000,23,13151,616,52586,52586,13151,2020-05-30,23,616,0.0373376623376623,0.0281082741741799,31.5984050491326
Rockland,2020-05-31T00:00:00.000,34,13185,682,53268,53268,13185,2020-05-31,34,682,0.0498533724340176,0.0270233722101319,47.0742824062825
Rockland,2020-06-01T00:00:00.000,38,13223,785,54053,54053,13223,2020-06-01,38,785,0.0484076433121019,0.0259987046363663,53.044190477891
Rockland,2020-06-02T00:00:00.000,36,13259,1088,55141,55141,13259,2020-06-02,36,1088,0.0330882352941176,0.025028738379356,50.6192776261438
Rockland,2020-06-03T00:00:00.000,21,13280,969,56110,56110,13280,2020-06-03,21,969,0.021671826625387,0.0241086819357312,29.7140207302843
Rockland,2020-06-04T00:00:00.000,17,13297,1191,57301,57301,13297,2020-06-04,17,1191,0.0142737195633921,0.0232344141452354,24.0925114378085
Rockland,2020-06-05T00:00:00.000,18,13315,1030,58331,58331,13315,2020-06-05,18,1030,0.0174757281553398,0.0224024163036527,25.5197647368549
Rockland,2020-06-06T00:00:00.000,10,13325,795,59126,59126,13325,2020-06-06,10,795,0.0125786163522013,0.0216097073664666,14.1718026988959
Rockland,2020-06-07T00:00:00.000,15,13340,761,59887,59887,13340,2020-06-07,15,761,0.0197109067017083,0.0208537821173135,21.2316978377275
Rockland,2020-06-08T00:00:00.000,13,13353,847,60734,60734,13353,2020-06-08,13,847,0.0153482880755608,0.0201325522910798,18.3633609443103
Rockland,2020-06-09T00:00:00.000,19,13372,843,61577,61577,13372,2020-06-09,19,843,0.0225385527876631,0.0194442907403151,26.7624416226633
Rockland,2020-06-10T00:00:00.000,13,13385,976,62553,62553,13385,2020-06-10,13,976,0.0133196721311475,0.0187875788095761,18.2443603890745
Rockland,2020-06-11T00:00:00.000,11,13396,905,63458,63458,13396,2020-06-11,11,905,0.0121546961325967,0.0181612571283139,15.368921561402
Rockland,2020-06-12T00:00:00.000,15,13411,885,64343,64343,13411,2020-06-12,15,885,0.0169491525423729,0.01756438004892,20.847903947505
Rockland,2020-06-13T00:00:00.000,12,13423,876,65219,65219,13423,2020-06-13,12,876,0.0136986301369863,0.0169961739435195,16.5779529969729
Rockland,2020-06-14T00:00:00.000,18,13441,797,66016,66016,13441,2020-06-14,18,797,0.0225846925972397,0.016455999533083,24.6980336801239
Rockland,2020-06-15T00:00:00.000,19,13460,770,66786,66786,13460,2020-06-15,19,770,0.0246753246753247,0.0159433183615329,25.8731861134533
Rockland,2020-06-16T00:00:00.000,7,13467,683,67469,67469,13467,2020-06-16,7,683,0.0102489019033675,0.0154576634508131,9.45307340699043
Rockland,2020-06-17T00:00:00.000,7,13474,918,68387,68387,13474,2020-06-17,7,918,0.00762527233115468,0.0149986140880437,9.36768263585789
Rockland,2020-06-18T00:00:00.000,12,13486,1081,69468,69468,13486,2020-06-18,12,1081,0.0111008325624422,0.01456577460931,15.9025286874627
Rockland,2020-06-19T00:00:00.000,9,13495,804,70272,70272,13495,2020-06-19,9,804,0.0111940298507463,0.0141587569618927,11.8027974120138
Rockland,2020-06-20T00:00:00.000,9,13504,628,70900,70900,13504,2020-06-20,9,628,0.0143312101910828,0.0137771667544344,11.6726293312775
Rockland,2020-06-21T00:00:00.000,10,13514,603,71503,71503,13514,2020-06-21,10,603,0.0165837479270315,0.0134205924452298,12.8392588944714
Rockland,2020-06-22T00:00:00.000,15,13529,575,72078,72078,13529,2020-06-22,15,575,0.0260869565217391,0.0130885972761101,19.2128137214111
Rockland,2020-06-23T00:00:00.000,5,13534,498,72576,72576,13534,2020-06-23,5,498,0.0100401606425703,0.0127807135340381,6.38787119342128
Rockland,2020-06-24T00:00:00.000,15,13549,686,73262,73262,13549,2020-06-24,15,686,0.021865889212828,0.0124964387153905,19.1116028162322
Rockland,2020-06-25T00:00:00.000,8,13557,881,74143,74143,13557,2020-06-25,8,881,0.00908059023836549,0.0122352331757892,10.1535820626368
Rockland,2020-06-26T00:00:00.000,9,13566,951,75094,75094,13566,2020-06-26,9,951,0.00946372239747634,0.0119965188737282,11.3573956027297
Rockland,2020-06-27T00:00:00.000,10,13576,795,75889,75889,13576,2020-06-27,10,795,0.0125786163522013,0.0117796788514266,12.5428924871323
Rockland,2020-06-28T00:00:00.000,4,13580,627,76516,76516,13580,2020-06-28,4,627,0.00637958532695375,0.0115840571438672,4.98543159835613
Rockland,2020-06-29T00:00:00.000,10,13590,728,77244,77244,13590,2020-06-29,10,728,0.0137362637362637,0.0114089588612946,12.390282089724
Rockland,2020-06-30T00:00:00.000,12,13602,999,78243,78243,13602,2020-06-30,12,999,0.012012012012012,0.0112536502497774,14.8725959078878
Rockland,2020-07-01T00:00:00.000,10,13612,980,79223,79223,13612,2020-07-01,10,980,0.0102040816326531,0.0111173585975661,12.4118094367108
Rockland,2020-07-02T00:00:00.000,11,13623,1109,80332,80332,13623,2020-07-02,11,1109,0.00991884580703336,0.0109992719186128,13.6593968981331
Rockland,2020-07-03T00:00:00.000,6,13629,636,80968,80968,13629,2020-07-03,6,636,0.00943396226415094,0.0108985384072694,7.42422666448773
Rockland,2020-07-04T00:00:00.000,19,13648,1043,82011,82011,13648,2020-07-04,19,1043,0.0182166826462128,0.0108142657194899,23.425956970034
Rockland,2020-07-05T00:00:00.000,8,13656,759,82770,82770,13656,2020-07-05,8,759,0.0105401844532279,0.010745520191739,9.82628335498235
Rockland,2020-07-06T00:00:00.000,12,13668,895,83665,83665,13668,2020-07-06,12,895,0.0134078212290503,0.0106913261603163,14.683422964901
Rockland,2020-07-07T00:00:00.000,11,13679,744,84409,84409,13679,2020-07-07,11,744,0.0147849462365591,0.0106506655873971,13.4310888507511
Rockland,2020-07-08T00:00:00.000,4,13683,932,85341,85341,13683,2020-07-08,4,932,0.00429184549356223,0.0106224782344924,4.87327463720468
Rockland,2020-07-09T00:00:00.000,8,13691,927,86268,86268,13691,2020-07-09,8,927,0.00862998921251348,0.0106056626479834,9.72445396190645
Rockland,2020-07-10T00:00:00.000,9,13700,949,87217,87217,13700,2020-07-10,9,949,0.00948366701791359,0.0105990782313591,10.9145556833517
Rockland,2020-07-11T00:00:00.000,16,13716,1039,88256,88256,13716,2020-07-11,16,1039,0.0153994225216554,0.0106015486744675,19.3574318751013
Rockland,2020-07-12T00:00:00.000,3,13719,555,88811,88811,13719,2020-07-12,3,555,0.00540540540540541,0.0106118669889403,3.62068714180396
Rockland,2020-07-13T00:00:00.000,14,13733,1001,89812,89812,13733,2020-07-13,14,1001,0.013986013986014,0.0106288023592083,16.8546389542219
Rockland,2020-07-14T00:00:00.000,10,13743,1127,90939,90939,13743,2020-07-14,10,1127,0.00887311446317657,0.0106511089619175,12.0086649573615
Rockland,2020-07-15T00:00:00.000,20,13763,975,91914,91914,13763,2020-07-15,20,975,0.0205128205128205,0.0106775368304486,23.9558566775185
Rockland,2020-07-16T00:00:00.000,12,13775,1034,92948,92948,13775,2020-07-16,12,1034,0.011605415860735,0.0107068447511366,14.3492714732803
Rockland,2020-07-17T00:00:00.000,9,13784,1038,93986,93986,13784,2020-07-17,9,1038,0.00867052023121387,0.0107378150738696,10.7791855562623
Rockland,2020-07-18T00:00:00.000,9,13793,497,94483,94483,13793,2020-07-18,9,497,0.0181086519114688,0.0107692702090473,10.7918774389776
Rockland,2020-07-19T00:00:00.000,5,13798,497,94980,94980,13798,2020-07-19,5,497,0.0100603621730382,0.0108000904703407,5.9998181424935
Rockland,2020-07-20T00:00:00.000,8,13806,651,95631,95631,13806,2020-07-20,8,651,0.0122887864823349,0.0108292328163919,9.59608607766897
Rockland,2020-07-21T00:00:00.000,6,13812,900,96531,96531,13812,2020-07-21,6,900,0.00666666666666667,0.0108557499511837,7.16590089041822
Rockland,2020-07-22T00:00:00.000,8,13820,719,97250,97250,13820,2020-07-22,8,719,0.0111265646731572,0.0108788091726906,9.49974610739519
Rockland,2020-07-23T00:00:00.000,10,13830,1114,98364,98364,13830,2020-07-23,10,1114,0.00897666068222621,0.0108977103158879,11.7922460707287
Rockland,2020-07-24T00:00:00.000,7,13837,844,99208,99208,13837,2020-07-24,7,844,0.00829383886255924,0.0109119021294897,8.18933415254722
Rockland,2020-07-25T00:00:00.000,2,13839,520,99728,99728,13839,2020-07-25,2,520,0.00384615384615385,0.0109209964554624,2.32811963126466
Rockland,2020-07-26T00:00:00.000,2,13841,580,100308,100308,13841,2020-07-26,2,580,0.00344827586206897,0.0109247796496338,2.33143135417681
Rockland,2020-07-27T00:00:00.000,4,13845,772,101080,101080,13845,2020-07-27,4,772,0.00518134715025907,0.0109232207876729,4.66552204226475
Rockland,2020-07-28T00:00:00.000,7,13852,646,101726,101726,13852,2020-07-28,7,646,0.0108359133126935,0.0109164763376729,8.16025499119137
Rockland,2020-07-29T00:00:00.000,8,13860,642,102368,102368,13860,2020-07-29,8,642,0.0124610591900312,0.0109048911405894,9.3424848817434
Rockland,2020-07-30T00:00:00.000,4,13864,789,103157,103157,13864,2020-07-30,4,789,0.00506970849176172,0.0108889957139021,4.69008425992593
Rockland,2020-07-31T00:00:00.000,16,13880,898,104055,104055,13880,2020-07-31,16,898,0.0178173719376392,0.0108695000675801,18.831639087552
Rockland,2020-08-01T00:00:00.000,2,13882,573,104628,104628,13882,2020-08-01,2,573,0.00349040139616056,0.0108472843871583,2.36229875365442
Rockland,2020-08-02T00:00:00.000,3,13885,525,105153,105153,13885,2020-08-02,3,525,0.00571428571428571,0.0108233870814927,3.55322119858372
Rockland,2020-08-03T00:00:00.000,8,13893,948,106101,106101,13893,2020-08-03,8,948,0.00843881856540084,0.0107989908060098,9.48611996235486
Rockland,2020-08-04T00:00:00.000,10,13903,867,106968,106968,13903,2020-08-04,10,867,0.0115340253748558,0.010775407148691,11.8671155718481
Rockland,2020-08-05T00:00:00.000,15,13918,841,107809,107809,13918,2020-08-05,15,841,0.0178359096313912,0.0107540607016217,17.8117584491313
Rockland,2020-08-06T00:00:00.000,7,13925,744,108553,108553,13925,2020-08-06,7,744,0.00940860215053763,0.0107364732350863,8.31346129691453
Rockland,2020-08-07T00:00:00.000,11,13936,784,109337,109337,13936,2020-08-07,11,784,0.014030612244898,0.0107242486481135,13.0524199724582
Rockland,2020-08-08T00:00:00.000,6,13942,785,110122,110122,13942,2020-08-08,6,785,0.00764331210191083,0.0107190592914903,7.12516852255941
Rockland,2020-08-09T00:00:00.000,7,13949,617,110739,110739,13949,2020-08-09,7,617,0.0113452188006483,0.0107226341550012,8.32283887371961
Rockland,2020-08-10T00:00:00.000,5,13954,1150,111889,111889,13954,2020-08-10,5,1150,0.00434782608695652,0.0107367492883075,5.9488022580234
Rockland,2020-08-11T00:00:00.000,12,13966,1261,113150,113150,13966,2020-08-11,12,1261,0.00951625693893735,0.0107632206899615,14.2791220120738
Rockland,2020-08-12T00:00:00.000,7,13973,1042,114192,114192,13973,2020-08-12,7,1042,0.00671785028790787,0.0108038997616786,8.32673558593902
Rockland,2020-08-13T00:00:00.000,8,13981,959,115151,115151,13981,2020-08-13,8,959,0.00834202294056309,0.0108606712898282,9.50916677204924
Rockland,2020-08-14T00:00:00.000,16,13997,1160,116311,116311,13997,2020-08-14,16,1160,0.0137931034482759,0.01093545378784,18.9968030878349
Rockland,2020-08-15T00:00:00.000,10,14007,852,117163,117163,14007,2020-08-15,10,852,0.0117370892018779,0.0110302019152765,11.890205898057
Rockland,2020-08-16T00:00:00.000,4,14011,638,117801,117801,14011,2020-08-16,4,638,0.00626959247648903,0.0111469105838849,4.76135781909467
Rockland,2020-08-17T00:00:00.000,42,14053,911,118712,118712,14053,2020-08-17,42,911,0.0461031833150384,0.0112876202651524,50.1916584714931
Rockland,2020-08-18T00:00:00.000,14,14067,1153,119865,119865,14067,2020-08-18,14,1153,0.0121422376409367,0.0114544229305364,16.7944986840327
Rockland,2020-08-19T00:00:00.000,22,14089,1063,120928,120928,14089,2020-08-19,22,1063,0.0206961429915334,0.0116494679799293,26.4870486206246
Rockland,2020-08-20T00:00:00.000,17,14106,1229,122157,122157,14106,2020-08-20,17,1229,0.0138323840520749,0.0118749674448586,20.5369448662249
Rockland,2020-08-21T00:00:00.000,12,14118,1382,123539,123539,14118,2020-08-21,12,1382,0.00868306801736614,0.0121331996907011,14.5424525820621
Rockland,2020-08-22T00:00:00.000,11,14129,997,124536,124536,14129,2020-08-22,11,997,0.0110330992978937,0.0124265107848928,13.3690845548095
Rockland,2020-08-23T00:00:00.000,10,14139,782,125318,125318,14139,2020-08-23,10,782,0.0127877237851662,0.0127573126460615,12.1837388970788
Rockland,2020-08-24T00:00:00.000,10,14149,837,126155,126155,14149,2020-08-24,10,837,0.01194743130227,0.0131280770491942,12.1915308164911
Rockland,2020-08-25T00:00:00.000,12,14161,1016,127171,127171,14161,2020-08-25,12,1016,0.0118110236220472,0.0135413245337189,14.6343738275448
Rockland,2020-08-26T00:00:00.000,22,14183,963,128134,128134,14183,2020-08-26,22,963,0.0228452751817238,0.0139996072579137,26.8791045947535
Rockland,2020-08-27T00:00:00.000,14,14197,1165,129299,129299,14197,2020-08-27,14,1165,0.0120171673819742,0.0145054848699341,17.1485867911617
Rockland,2020-08-28T00:00:00.000,21,14218,1251,130550,130550,14218,2020-08-28,21,1251,0.0167865707434053,0.0150614925380633,25.7875795837778
Rockland,2020-08-29T00:00:00.000,15,14233,1733,132283,132283,14233,2020-08-29,15,1733,0.00865551067512983,0.0156701004107968,18.4905184765649
Rockland,2020-08-30T00:00:00.000,22,14255,723,133006,133006,14255,2020-08-30,22,723,0.0304287690179806,0.0163336639791283,27.2141712950132
Rockland,2020-08-31T00:00:00.000,16,14271,900,133906,133906,14271,2020-08-31,16,900,0.0177777777777778,0.0170543650970913,19.8877142877794
Rockland,2020-09-01T00:00:00.000,34,14305,2290,136196,136196,14305,2020-09-01,34,2290,0.0148471615720524,0.017834143797185,42.563243099109
Rockland,2020-09-02T00:00:00.000,29,14334,1283,137479,137479,14334,2020-09-02,29,1283,0.0226032735775526,0.018674621516677,36.7281987941876
Rockland,2020-09-03T00:00:00.000,24,14358,1148,138627,138627,14358,2020-09-03,24,1148,0.0209059233449477,0.0195770169295255,30.755738236491
Rockland,2020-09-04T00:00:00.000,24,14382,1299,139926,139926,14382,2020-09-04,24,1299,0.0184757505773672,0.0205420562416541,31.0442466436005
Rockland,2020-09-05T00:00:00.000,14,14396,950,140876,140876,14396,2020-09-05,14,950,0.0147368421052632,0.0215698805334208,18.2543476729009
Rockland,2020-09-06T00:00:00.000,22,14418,607,141483,141483,14418,2020-09-06,22,607,0.0362438220757825,0.0226599534805325,28.9042728567995
Rockland,2020-09-07T00:00:00.000,21,14439,505,141988,141988,14439,2020-09-07,21,505,0.0415841584158416,0.0238109735035519,27.7927639735973
Rockland,2020-09-08T00:00:00.000,20,14459,1253,143241,143241,14459,2020-09-08,20,1253,0.0159616919393456,0.0250207950186316,26.6545564676025
Rockland,2020-09-09T00:00:00.000,21,14480,1169,144410,144410,14480,2020-09-09,21,1169,0.0179640718562874,0.0262863639179208,28.173036282152
Rockland,2020-09-10T00:00:00.000,30,14510,1434,145844,145844,14510,2020-09-10,30,1434,0.0209205020920502,0.0276036726146726,40.4989637543111
Rockland,2020-09-11T00:00:00.000,20,14530,1225,147069,147069,14530,2020-09-11,20,1225,0.0163265306122449,0.0289677398800689,27.272262209755
Rockland,2020-09-12T00:00:00.000,17,14547,745,147814,147814,14547,2020-09-12,17,745,0.0228187919463087,0.0303726202134271,23.4208134658971
Rockland,2020-09-13T00:00:00.000,34,14581,715,148529,148529,14581,2020-09-13,34,715,0.0475524475524476,0.0318114465973083,47.309846637074
Rockland,2020-09-14T00:00:00.000,36,14617,1571,150100,150100,14617,2020-09-14,36,1571,0.022915340547422,0.0332765091912677,50.5721945256944
Rockland,2020-09-15T00:00:00.000,43,14660,1135,151235,151235,14660,2020-09-15,43,1135,0.0378854625550661,0.0347593708596236,60.9522744175217
Rockland,2020-09-16T00:00:00.000,38,14698,1256,152491,152491,14698,2020-09-16,38,1256,0.0302547770700637,0.0362510184876142,54.3188079136602
Rockland,2020-09-17T00:00:00.000,49,14747,1402,153893,153893,14747,2020-09-17,49,1402,0.0349500713266762,0.0377420469443259,70.5826270359493
Rockland,2020-09-18T00:00:00.000,54,14801,1453,155346,155346,14801,2020-09-18,54,1453,0.037164487267722,0.0392228704502768,78.3208103052732
Rockland,2020-09-19T00:00:00.000,22,14823,946,156292,156292,14823,2020-09-19,22,946,0.0232558139534884,0.0406839541698934,32.0989729028309
Rockland,2020-09-20T00:00:00.000,10,14833,654,156946,156946,14833,2020-09-20,10,654,0.0152905198776758,0.042116057248992,14.65974249077
Rockland,2020-09-21T00:00:00.000,58,14891,1763,158709,158709,14891,2020-09-21,58,1763,0.0328984685195689,0.0435104773890721,85.3088815775014
Rockland,2020-09-22T00:00:00.000,63,14954,1341,160050,160050,14954,2020-09-22,63,1341,0.0469798657718121,0.0448592865219346,92.8559775860859
Rockland,2020-09-23T00:00:00.000,44,14998,1308,161358,161358,14998,2020-09-23,44,1308,0.0336391437308868,0.0461555472590264,64.9017790237163
Rockland,2020-09-24T00:00:00.000,47,15045,1070,162428,162428,15045,2020-09-24,47,1070,0.0439252336448598,0.047393500554252,69.6586037818153
Rockland,2020-09-25T00:00:00.000,55,15100,1477,163905,163905,15100,2020-09-25,55,1477,0.037237643872715,0.0485687163708043,81.7135828699185
Rockland,2020-09-26T00:00:00.000,67,15167,993,164898,164898,15167,2020-09-26,67,993,0.067472306143001,0.0496782009647236,99.6499587203739
Rockland,2020-09-27T00:00:00.000,110,15277,859,165757,165757,15277,2020-09-27,110,859,0.128055878928987,0.0507204565431863,163.578474562933
Rockland,2020-09-28T00:00:00.000,65,15342,1811,167568,167568,15342,2020-09-28,65,1811,0.0358917725013805,0.0516954913389471,96.4633677185287
Rockland,2020-09-29T00:00:00.000,110,15452,1680,169248,169248,15452,2020-09-29,110,1680,0.0654761904761905,0.0526047803776576,162.678434037346
Rockland,2020-09-30T00:00:00.000,184,15636,2143,171391,171391,15636,2020-09-30,184,2143,0.0858609426038264,0.0534511792351933,270.820660537689
Rockland,2020-10-01T00:00:00.000,213,15849,2790,174181,174181,15849,2020-10-01,213,2790,0.0763440860215054,0.0542387947323167,311.61892204312
Rockland,2020-10-02T00:00:00.000,124,15973,2078,176259,176259,15973,2020-10-02,124,2078,0.0596727622714148,0.0549728176935873,180.569868462058
Rockland,2020-10-03T00:00:00.000,43,16016,1115,177374,177374,16016,2020-10-03,43,1115,0.0385650224215247,0.055659323544925,62.8115815799047
Rockland,2020-10-04T00:00:00.000,55,16071,888,178262,178262,16071,2020-10-04,55,888,0.0619369369369369,0.056305046620452,80.8647703055956
Rockland,2020-10-05T00:00:00.000,119,16190,1633,179895,179895,16190,2020-10-05,119,1633,0.0728720146968769,0.0569171336319197,176.223383603015
Rockland,2020-10-06T00:00:00.000,66,16256,1478,181373,181373,16256,2020-10-06,66,1478,0.0446549391069012,0.057502880891748,98.4372251759373
Rockland,2020-10-07T00:00:00.000,198,16454,2760,184133,184133,16454,2020-10-07,198,2760,0.0717391304347826,0.0580694586740219,297.409259720082
Rockland,2020-10-08T00:00:00.000,145,16599,2577,186710,186710,16599,2020-10-08,145,2577,0.056266977105161,0.0586236246767208,219.332634146566
Rockland,2020-10-09T00:00:00.000,91,16690,2330,189040,189040,16690,2020-10-09,91,2330,0.0390557939914163,0.0591714270549496,138.609410011991
Rockland,2020-10-10T00:00:00.000,27,16717,1283,190323,190323,16717,2020-10-10,27,1283,0.0210444271239283,0.0597178960844252,41.4095117375948
Rockland,2020-10-11T00:00:00.000,43,16760,1046,191369,191369,16760,2020-10-11,43,1046,0.0411089866156788,0.0602667223571025,66.398489456354
Saratoga,2020-03-01T00:00:00.000,0,0,0,0,0,0,2020-03-01,0,0,0,0.00457658537617153,0
Saratoga,2020-03-02T00:00:00.000,0,0,0,0,0,0,2020-03-02,0,0,0,0.00535246291248896,0
Saratoga,2020-03-03T00:00:00.000,0,0,0,0,0,0,2020-03-03,0,0,0,0.00625840564998965,0
Saratoga,2020-03-04T00:00:00.000,0,0,0,0,0,0,2020-03-04,0,0,0,0.00731458265304609,0
Saratoga,2020-03-05T00:00:00.000,0,0,0,0,0,0,2020-03-05,0,0,0,0.00854314395541735,0
Saratoga,2020-03-06T00:00:00.000,0,0,0,0,0,0,2020-03-06,0,0,0,0.00996799386146544,0
Saratoga,2020-03-07T00:00:00.000,0,0,1,1,1,0,2020-03-07,0,1,0,0.0116143924226148,0
Saratoga,2020-03-08T00:00:00.000,0,0,0,1,1,0,2020-03-08,0,0,0.111111111111111,0.0135083504836912,0
Saratoga,2020-03-09T00:00:00.000,2,2,9,10,10,2,2020-03-09,2,9,0.222222222222222,0.015675789746185,3.96364986759133
Saratoga,2020-03-10T00:00:00.000,0,2,2,12,12,2,2020-03-10,0,2,0,0.0181414513141398,0
Saratoga,2020-03-11T00:00:00.000,1,3,31,43,43,3,2020-03-11,1,31,0.032258064516129,0.0209275550349119,1.78862585018363
Saratoga,2020-03-12T00:00:00.000,0,3,32,75,75,3,2020-03-12,0,32,0,0.0240522376383775,0
Saratoga,2020-03-13T00:00:00.000,0,3,41,116,116,3,2020-03-13,0,41,0,0.0275278289858685,0
Saratoga,2020-03-14T00:00:00.000,0,3,45,161,161,3,2020-03-14,0,45,0,0.0313590598786229,0
Saratoga,2020-03-15T00:00:00.000,2,5,66,227,227,5,2020-03-15,2,66,0.0303030303030303,0.0355413274533693,3.00754128902154
Saratoga,2020-03-16T00:00:00.000,4,9,55,282,282,9,2020-03-16,4,55,0.0727272727272727,0.0400591695953974,5.841336894342
Saratoga,2020-03-17T00:00:00.000,5,14,76,358,358,14,2020-03-17,5,76,0.0657894736842105,0.0448851119905848,7.0928399809419
Saratoga,2020-03-18T00:00:00.000,4,18,156,514,514,18,2020-03-18,4,156,0.0256410256410256,0.0499790452635437,5.51443819784322
Saratoga,2020-03-19T00:00:00.000,6,24,102,616,616,24,2020-03-19,6,102,0.0588235294117647,0.0552882621870669,8.04352952006375
Saratoga,2020-03-20T00:00:00.000,11,35,279,895,895,35,2020-03-20,11,279,0.039426523297491,0.0607482367856742,14.3487756695261
Saratoga,2020-03-21T00:00:00.000,6,41,143,1038,1038,41,2020-03-21,6,143,0.041958041958042,0.0662841628460382,7.61986897422549
Saratoga,2020-03-22T00:00:00.000,12,53,164,1202,1202,53,2020-03-22,12,164,0.0731707317073171,0.0718131970665985,14.8541856122709
Saratoga,2020-03-23T00:00:00.000,7,60,76,1278,1278,60,2020-03-23,7,76,0.0921052631578947,0.0772472821279171,8.45660416856039
Saratoga,2020-03-24T00:00:00.000,4,64,69,1347,1347,64,2020-03-24,4,69,0.0579710144927536,0.0824963677177219,4.72281310030165
Saratoga,2020-03-25T00:00:00.000,9,73,55,1402,1402,73,2020-03-25,9,55,0.163636363636364,0.0874718111691781,10.4872006051044
Saratoga,2020-03-26T00:00:00.000,9,82,69,1471,1471,82,2020-03-26,9,69,0.130434782608696,0.09208972819491,10.362840430974
Saratoga,2020-03-27T00:00:00.000,14,96,82,1553,1553,96,2020-03-27,14,82,0.170731707317073,0.0962740780190548,15.9432711164948
Saratoga,2020-03-28T00:00:00.000,6,102,51,1604,1604,102,2020-03-28,6,51,0.117647058823529,0.0999593017785505,6.77834546957092
Saratoga,2020-03-29T00:00:00.000,3,105,15,1619,1619,105,2020-03-29,3,15,0.2,0.103092381441297,3.39169696370491
Saratoga,2020-03-30T00:00:00.000,3,108,23,1642,1642,108,2020-03-30,3,23,0.130434782608696,0.105634240853094,3.40913015420819
Saratoga,2020-03-31T00:00:00.000,14,122,78,1720,1720,122,2020-03-31,14,78,0.179487179487179,0.10756046372081,15.9690187742088
Saratoga,2020-04-01T00:00:00.000,10,132,69,1789,1789,132,2020-04-01,10,69,0.144927536231884,0.108861350075782,11.4301634327508
Saratoga,2020-04-02T00:00:00.000,9,141,53,1842,1842,141,2020-04-02,9,53,0.169811320754717,0.109541369959257,10.1620294741726
Saratoga,2020-04-03T00:00:00.000,0,141,57,1899,1899,141,2020-04-03,0,57,0,0.109618099740932,0
Saratoga,2020-04-04T00:00:00.000,7,148,110,2009,2009,148,2020-04-04,7,110,0.0636363636363636,0.109120743133501,7.79580118726779
Saratoga,2020-04-05T00:00:00.000,5,153,34,2043,2043,153,2020-04-05,5,34,0.147058823529412,0.108088346982197,5.54931445187006
Saratoga,2020-04-06T00:00:00.000,2,155,40,2083,2083,155,2020-04-06,2,40,0.05,0.106567822906588,2.22753982303795
Saratoga,2020-04-07T00:00:00.000,7,162,73,2156,2156,162,2020-04-07,7,73,0.0958904109589041,0.104611881346421,7.84083644256932
Saratoga,2020-04-08T00:00:00.000,10,172,113,2269,2269,172,2020-04-08,10,113,0.0884955752212389,0.102276975743995,11.2628085447408
Saratoga,2020-04-09T00:00:00.000,10,182,154,2423,2423,182,2020-04-09,10,154,0.0649350649350649,0.0996213424164073,11.3237234859462
Saratoga,2020-04-10T00:00:00.000,5,187,68,2491,2491,187,2020-04-10,5,68,0.0735294117647059,0.0967032069313995,5.69148959791029
Saratoga,2020-04-11T00:00:00.000,9,196,88,2579,2579,196,2020-04-11,9,88,0.102272727272727,0.0935792113168854,10.3045277783659
Saratoga,2020-04-12T00:00:00.000,5,201,61,2640,2640,201,2020-04-12,5,61,0.0819672131147541,0.0903030990241178,5.78195761190564
Saratoga,2020-04-13T00:00:00.000,23,224,193,2833,2833,224,2020-04-13,23,193,0.119170984455959,0.0869246772422359,26.847136483592
Saratoga,2020-04-14T00:00:00.000,3,227,71,2904,2904,227,2020-04-14,3,71,0.0422535211267606,0.0834890598560858,3.53213886290738
Saratoga,2020-04-15T00:00:00.000,4,231,92,2996,2996,231,2020-04-15,4,92,0.0434782608695652,0.0800361800163352,4.74191293780134
Saratoga,2020-04-16T00:00:00.000,5,236,77,3073,3073,236,2020-04-16,5,77,0.0649350649350649,0.0766005496352031,5.95252889465292
Saratoga,2020-04-17T00:00:00.000,8,244,98,3171,3171,244,2020-04-17,8,98,0.0816326530612245,0.0732112346273754,9.55605232382961
Saratoga,2020-04-18T00:00:00.000,7,251,105,3276,3276,251,2020-04-18,7,105,0.0666666666666667,0.069892009500707,8.38124147013868
Saratoga,2020-04-19T00:00:00.000,3,254,32,3308,3308,254,2020-04-19,3,32,0.09375,0.0666616528116484,3.59708757457608
Saratoga,2020-04-20T00:00:00.000,3,257,42,3350,3350,257,2020-04-20,3,42,0.0714285714285714,0.0635343456344458,3.59947608394205
Saratoga,2020-04-21T00:00:00.000,7,264,101,3451,3451,264,2020-04-21,7,101,0.0693069306930693,0.0605201379533321,8.39813334256852
Saratoga,2020-04-22T00:00:00.000,1,265,52,3503,3503,265,2020-04-22,1,52,0.0192307692307692,0.0576254521454247,1.1987738915161
Saratoga,2020-04-23T00:00:00.000,13,278,127,3630,3630,278,2020-04-23,13,127,0.102362204724409,0.0548535978239856,15.5605067590369
Saratoga,2020-04-24T00:00:00.000,42,320,642,4272,4272,320,2020-04-24,42,642,0.0654205607476635,0.0522052776887902,50.1608824942817
Saratoga,2020-04-25T00:00:00.000,10,330,217,4489,4489,330,2020-04-25,10,217,0.0460829493087558,0.0496790692427542,11.9081172139511
Saratoga,2020-04-26T00:00:00.000,6,336,114,4603,4603,336,2020-04-26,6,114,0.0526315789473684,0.0472718719368008,7.11739082792843
Saratoga,2020-04-27T00:00:00.000,7,343,116,4719,4719,343,2020-04-27,7,116,0.0603448275862069,0.0449793133223928,8.26458223949863
Saratoga,2020-04-28T00:00:00.000,3,346,125,4844,4844,346,2020-04-28,3,125,0.024,0.0427961110146486,3.52257349711659
Saratoga,2020-04-29T00:00:00.000,8,354,195,5039,5039,354,2020-04-29,8,195,0.041025641025641,0.0407163897175401,9.36726592829008
Saratoga,2020-04-30T00:00:00.000,4,358,171,5210,5210,358,2020-04-30,4,171,0.0233918128654971,0.0387339542866748,4.69197584476644
Saratoga,2020-05-01T00:00:00.000,3,361,173,5383,5383,361,2020-05-01,3,173,0.0173410404624277,0.0368425209097953,3.52480677862587
Saratoga,2020-05-02T00:00:00.000,2,363,203,5586,5586,363,2020-05-02,2,203,0.00985221674876847,0.0350359090991795,2.35090242719632
Saratoga,2020-05-03T00:00:00.000,4,367,103,5689,5689,367,2020-05-03,4,103,0.0388349514563107,0.0333081974301235,4.6950761899784
Saratoga,2020-05-04T00:00:00.000,1,368,115,5804,5804,368,2020-05-04,1,115,0.00869565217391304,0.0316538459550153,1.17016628647451
Saratoga,2020-05-05T00:00:00.000,3,371,173,5977,5977,371,2020-05-05,3,173,0.0173410404624277,0.0300677880791318,3.49518742733075
Saratoga,2020-05-06T00:00:00.000,3,374,157,6134,6134,374,2020-05-06,3,157,0.0191082802547771,0.0285454944845775,3.47961016467185
Saratoga,2020-05-07T00:00:00.000,14,388,174,6308,6308,388,2020-05-07,14,174,0.0804597701149425,0.0270830115133325,16.2164053795191
Saratoga,2020-05-08T00:00:00.000,11,399,179,6487,6487,399,2020-05-08,11,179,0.0614525139664804,0.0256769763034958,12.7628974111317
Saratoga,2020-05-09T00:00:00.000,3,402,183,6670,6670,402,2020-05-09,3,183,0.0163934426229508,0.0243246109467443,3.48580444462053
Saratoga,2020-05-10T00:00:00.000,1,403,170,6840,6840,403,2020-05-10,1,170,0.00588235294117647,0.0230236980028287,1.16330138871866
Saratoga,2020-05-11T00:00:00.000,4,407,154,6994,6994,407,2020-05-11,4,154,0.025974025974026,0.0217725398543217,4.65713379348709
Saratoga,2020-05-12T00:00:00.000,3,410,196,7190,7190,410,2020-05-12,3,196,0.0153061224489796,0.02056990458446,3.50344535067828
Saratoga,2020-05-13T00:00:00.000,5,415,280,7470,7470,415,2020-05-13,5,280,0.0178571428571429,0.0194149612768396,5.87541459096386
Saratoga,2020-05-14T00:00:00.000,6,421,266,7736,7736,421,2020-05-14,6,266,0.0225563909774436,0.0183072078240327,7.11075005351243
Saratoga,2020-05-15T00:00:00.000,2,423,358,8094,8094,423,2020-05-15,2,358,0.00558659217877095,0.0172463944509662,2.388516010299
Saratoga,2020-05-16T00:00:00.000,5,428,560,8654,8654,428,2020-05-16,5,560,0.00892857142857143,0.0162324461760607,6.00660356104008
Saratoga,2020-05-17T00:00:00.000,6,434,242,8896,8896,434,2020-05-17,6,242,0.0247933884297521,0.0152653873190031,7.22291806305252
Saratoga,2020-05-18T00:00:00.000,2,436,139,9035,9035,436,2020-05-18,2,139,0.0143884892086331,0.0143452709143162,2.41029531936809
Saratoga,2020-05-19T00:00:00.000,2,438,267,9302,9302,438,2020-05-19,2,267,0.00749063670411985,0.0134721155020778,2.41088866600019
Saratoga,2020-05-20T00:00:00.000,2,440,458,9760,9760,440,2020-05-20,2,458,0.00436681222707424,0.0126458512691754,2.41233189251695
Saratoga,2020-05-21T00:00:00.000,8,448,351,10111,10111,448,2020-05-21,8,351,0.0227920227920228,0.0118662769305699,9.66834504208769
Saratoga,2020-05-22T00:00:00.000,4,452,254,10365,10365,452,2020-05-22,4,254,0.015748031496063,0.0111330281161945,4.83887348409181
Saratoga,2020-05-23T00:00:00.000,4,456,316,10681,10681,456,2020-05-23,4,316,0.0126582278481013,0.010445557407191,4.8384042112618
Saratoga,2020-05-24T00:00:00.000,5,461,185,10866,10866,461,2020-05-24,5,185,0.027027027027027,0.00980312558659668,6.04099965298197
Saratoga,2020-05-25T00:00:00.000,2,463,312,11178,11178,463,2020-05-25,2,312,0.00641025641025641,0.00920480317395254,2.41057450528667
Saratoga,2020-05-26T00:00:00.000,2,465,285,11463,11463,465,2020-05-26,2,285,0.00701754385964912,0.00864948092279579,2.40323759027546
Saratoga,2020-05-27T00:00:00.000,3,468,292,11755,11755,468,2020-05-27,3,292,0.0102739726027397,0.0081358876948434,3.59642808514678
Saratoga,2020-05-28T00:00:00.000,5,473,511,12266,12266,473,2020-05-28,5,511,0.00978473581213307,0.00766261398390281,5.97553369688348
Saratoga,2020-05-29T00:00:00.000,4,477,518,12784,12784,477,2020-05-29,4,518,0.00772200772200772,0.00722813934159798,4.76229243232825
Saratoga,2020-05-30T00:00:00.000,3,480,399,13183,13183,480,2020-05-30,3,399,0.0075187969924812,0.00683086203832957,3.57785481842909
Saratoga,2020-05-31T00:00:00.000,3,483,487,13670,13670,483,2020-05-31,3,487,0.00616016427104723,0.00646912945511356,3.60028329997352
Saratoga,2020-06-01T00:00:00.000,1,484,317,13987,13987,484,2020-06-01,1,317,0.00315457413249211,0.0061412679194535,1.20832806514816
Saratoga,2020-06-02T00:00:00.000,5,489,609,14596,14596,489,2020-06-02,5,609,0.00821018062397373,0.00584561094753649,6.0788656017755
Saratoga,2020-06-03T00:00:00.000,4,493,741,15337,15337,493,2020-06-03,4,741,0.00539811066126856,0.00558052511169686,4.88936296444267
Saratoga,2020-06-04T00:00:00.000,3,496,574,15911,15911,496,2020-06-04,3,574,0.00522648083623693,0.00534443299773625,3.6705521454755
Saratoga,2020-06-05T00:00:00.000,5,501,610,16521,16521,501,2020-06-05,5,610,0.00819672131147541,0.00513583293754656,6.11794781310787
Saratoga,2020-06-06T00:00:00.000,1,502,520,17041,17041,502,2020-06-06,1,520,0.00192307692307692,0.00495331538766437,1.22306575659946
Saratoga,2020-06-07T00:00:00.000,2,504,654,17695,17695,504,2020-06-07,2,654,0.00305810397553517,0.00479557596954348,2.4439316504393
Saratoga,2020-06-08T00:00:00.000,7,511,396,18091,18091,511,2020-06-08,7,396,0.0176767676767677,0.00466142529101994,8.54218253732512
Saratoga,2020-06-09T00:00:00.000,0,511,495,18586,18586,511,2020-06-09,0,495,0,0.00454979573222946,0
Saratoga,2020-06-10T00:00:00.000,2,513,577,19163,19163,513,2020-06-10,2,577,0.00346620450606586,0.00445974540656298,2.43085587840464
Saratoga,2020-06-11T00:00:00.000,1,514,693,19856,19856,514,2020-06-11,1,693,0.00144300144300144,0.00439045950388371,1.2122358285781
Saratoga,2020-06-12T00:00:00.000,0,514,357,20213,20213,514,2020-06-12,0,357,0,0.00434124919461832,0
Saratoga,2020-06-13T00:00:00.000,1,515,437,20650,20650,515,2020-06-13,1,437,0.0022883295194508,0.00431154822558323,1.20441974328541
Saratoga,2020-06-14T00:00:00.000,2,517,568,21218,21218,517,2020-06-14,2,568,0.00352112676056338,0.00430090727795207,2.39962540079729
Saratoga,2020-06-15T00:00:00.000,5,522,425,21643,21643,522,2020-06-15,5,425,0.0117647058823529,0.00430898609042247,5.97373500383996
Saratoga,2020-06-16T00:00:00.000,1,523,435,22078,22078,523,2020-06-16,1,435,0.00229885057471264,0.00433554328275517,1.18922754069036
Saratoga,2020-06-17T00:00:00.000,3,526,488,22566,22566,526,2020-06-17,3,488,0.00614754098360656,0.00438042375240516,3.54978363689705
Saratoga,2020-06-18T00:00:00.000,2,528,546,23112,23112,528,2020-06-18,2,546,0.00366300366300366,0.00444354346646878,2.35371850641715
Saratoga,2020-06-19T00:00:00.000,3,531,561,23673,23673,531,2020-06-19,3,561,0.0053475935828877,0.00452487143972469,3.51011875473094
Saratoga,2020-06-20T00:00:00.000,2,533,492,24165,24165,533,2020-06-20,2,492,0.0040650406504065,0.00462440868400609,2.32565778710473
Saratoga,2020-06-21T00:00:00.000,2,535,543,24708,24708,535,2020-06-21,2,543,0.00368324125230203,0.00474216394254209,2.31414431743322
Saratoga,2020-06-22T00:00:00.000,3,538,273,24981,24981,538,2020-06-22,3,273,0.010989010989011,0.0048781260924791,3.48142432474006
Saratoga,2020-06-23T00:00:00.000,0,538,470,25451,25451,538,2020-06-23,0,470,0,0.00503223321654216,0
Saratoga,2020-06-24T00:00:00.000,2,540,389,25840,25840,540,2020-06-24,2,389,0.0051413881748072,0.00520433851558889,2.33449944579357
Saratoga,2020-06-25T00:00:00.000,0,540,564,26404,26404,540,2020-06-25,0,564,0,0.0053941734609559,0
Saratoga,2020-06-26T00:00:00.000,6,546,589,26993,26993,546,2020-06-26,6,589,0.0101867572156197,0.00560130886529023,7.01634478706437
Saratoga,2020-06-27T00:00:00.000,2,548,517,27510,27510,548,2020-06-27,2,517,0.00386847195357834,0.0058251148775485,2.33800157694555
Saratoga,2020-06-28T00:00:00.000,1,549,531,28041,28041,549,2020-06-28,1,531,0.00188323917137476,0.00606472126495479,1.1682553702611
Saratoga,2020-06-29T00:00:00.000,0,549,283,28324,28324,549,2020-06-29,0,283,0,0.00631897971001942,0
Saratoga,2020-06-30T00:00:00.000,1,550,246,28570,28570,550,2020-06-30,1,246,0.0040650406504065,0.00658643019252247,1.17473849429937
Saratoga,2020-07-01T00:00:00.000,5,555,444,29014,29014,555,2020-07-01,5,444,0.0112612612612613,0.0068652738051424,5.91385576610688
Saratoga,2020-07-02T00:00:00.000,6,561,512,29526,29526,561,2020-07-02,6,512,0.01171875,0.00715335452371923,7.13681880537239
Saratoga,2020-07-03T00:00:00.000,1,562,518,30044,30044,562,2020-07-03,1,518,0.00193050193050193,0.00744815247379169,1.19115424325986
Saratoga,2020-07-04T00:00:00.000,4,566,516,30560,30560,566,2020-07-04,4,516,0.00775193798449612,0.00774679106206078,4.76997620118273
Saratoga,2020-07-05T00:00:00.000,6,572,431,30991,30991,572,2020-07-05,6,431,0.0139211136890951,0.00804605994614232,7.15955663379836
Saratoga,2020-07-06T00:00:00.000,6,578,267,31258,31258,578,2020-07-06,6,267,0.0224719101123595,0.00834245518351297,7.16182234501069
Saratoga,2020-07-07T00:00:00.000,4,582,539,31797,31797,582,2020-07-07,4,539,0.00742115027829314,0.00863223704227148,4.78248029337338
Saratoga,2020-07-08T00:00:00.000,3,585,555,32352,32352,585,2020-07-08,3,555,0.00540540540540541,0.00891150490939149,3.59132468407706
Saratoga,2020-07-09T00:00:00.000,2,587,419,32771,32771,587,2020-07-09,2,419,0.00477326968973747,0.0091762875613011,2.39617290974313
Saratoga,2020-07-10T00:00:00.000,8,595,524,33295,33295,595,2020-07-10,8,524,0.0152671755725191,0.00942264585880477,9.58835302470566
Saratoga,2020-07-11T00:00:00.000,7,602,506,33801,33801,602,2020-07-11,7,506,0.0138339920948617,0.0096467838005882,8.38932695278825
Saratoga,2020-07-12T00:00:00.000,8,610,480,34281,34281,610,2020-07-12,8,480,0.0166666666666667,0.00984516293254899,9.58302989525215
Saratoga,2020-07-13T00:00:00.000,6,616,577,34858,34858,616,2020-07-13,6,577,0.0103986135181976,0.0100146144730019,7.18054914502303
Saratoga,2020-07-14T00:00:00.000,7,623,531,35389,35389,623,2020-07-14,7,531,0.0131826741996234,0.010152443261215,8.3658551838267
Saratoga,2020-07-15T00:00:00.000,1,624,483,35872,35872,624,2020-07-15,1,483,0.0020703933747412,0.0102565178249487,1.19298393821685
Saratoga,2020-07-16T00:00:00.000,6,630,494,36366,36366,630,2020-07-16,6,494,0.0121457489878543,0.0103253414976294,7.14865187463189
Saratoga,2020-07-17T00:00:00.000,5,635,893,37259,37259,635,2020-07-17,5,893,0.00559910414333707,0.0103581005630682,5.96691516458164
Saratoga,2020-07-18T00:00:00.000,2,637,479,37738,37738,637,2020-07-18,2,479,0.00417536534446764,0.0103546867806728,2.38879873272366
Saratoga,2020-07-19T00:00:00.000,2,639,412,38150,38150,639,2020-07-19,2,412,0.00485436893203883,0.0103156932298194,2.38893966153679
Saratoga,2020-07-20T00:00:00.000,7,646,782,38932,38932,646,2020-07-20,7,782,0.00895140664961637,0.0102423840668062,8.34992403863534
Saratoga,2020-07-21T00:00:00.000,4,650,556,39488,39488,650,2020-07-21,4,556,0.00719424460431655,0.0101366403664269,4.7446366466942
Saratoga,2020-07-22T00:00:00.000,13,663,890,40378,40378,663,2020-07-22,13,890,0.0146067415730337,0.0100008855849696,15.3077398771539
Saratoga,2020-07-23T00:00:00.000,2,665,546,40924,40924,665,2020-07-23,2,546,0.00366300366300366,0.00983799522793506,2.3344450928687
Saratoga,2020-07-24T00:00:00.000,14,679,889,41813,41813,679,2020-07-24,14,889,0.015748031496063,0.00965119595843836,16.1788129873947
Saratoga,2020-07-25T00:00:00.000,6,685,795,42608,42608,685,2020-07-25,6,795,0.00754716981132075,0.00944395961764232,6.8836017000198
Saratoga,2020-07-26T00:00:00.000,3,688,521,43129,43129,688,2020-07-26,3,521,0.00575815738963532,0.00921989745944673,3.43831159890641
Saratoga,2020-07-27T00:00:00.000,3,691,639,43768,43768,691,2020-07-27,3,639,0.00469483568075117,0.00898265938147128,3.43136510918757
Saratoga,2020-07-28T00:00:00.000,10,701,462,44230,44230,701,2020-07-28,10,462,0.0216450216450216,0.00873584214366667,11.4006055500256
Saratoga,2020-07-29T00:00:00.000,8,709,537,44767,44767,709,2020-07-29,8,537,0.0148975791433892,0.00848290960048813,9.11076310008238
Saratoga,2020-07-30T00:00:00.000,6,715,540,45307,45307,715,2020-07-30,6,540,0.0111111111111111,0.00822712693082912,6.84065899138172
Saratoga,2020-07-31T00:00:00.000,11,726,1028,46335,46335,726,2020-07-31,11,1028,0.0107003891050584,0.00797150982630163,12.5514507509777
Saratoga,2020-08-01T00:00:00.000,6,732,603,46938,46938,732,2020-08-01,6,603,0.00995024875621891,0.00771878866538625,6.84981572135765
Saratoga,2020-08-02T00:00:00.000,1,733,426,47364,47364,733,2020-08-02,1,426,0.00234741784037559,0.00747138691690574,1.14131307714518
Saratoga,2020-08-03T00:00:00.000,6,739,841,48205,48205,739,2020-08-03,6,841,0.00713436385255648,0.00723141241140381,6.83492686281284
Saratoga,2020-08-04T00:00:00.000,5,744,681,48886,48886,744,2020-08-04,5,681,0.00734214390602056,0.00700065970448179,5.68310531451984
Saratoga,2020-08-05T00:00:00.000,3,747,576,49462,49462,747,2020-08-05,3,576,0.00520833333333333,0.00678062152496745,3.40178212365936
Saratoga,2020-08-06T00:00:00.000,5,752,826,50288,50288,752,2020-08-06,5,826,0.00605326876513317,0.00657250723169962,5.65380448853093
Saratoga,2020-08-07T00:00:00.000,3,755,506,50794,50794,755,2020-08-07,3,506,0.00592885375494071,0.00637726626485235,3.37945273061149
Saratoga,2020-08-08T00:00:00.000,2,757,685,51479,51479,757,2020-08-08,2,685,0.00291970802919708,0.00619561473935303,2.24836418688433
Saratoga,2020-08-09T00:00:00.000,3,760,451,51930,51930,760,2020-08-09,3,451,0.00665188470066519,0.00602806355443159,3.36730406849399
Saratoga,2020-08-10T00:00:00.000,7,767,749,52679,52679,767,2020-08-10,7,749,0.00934579439252336,0.00587494665415005,7.84098603115855
Saratoga,2020-08-11T00:00:00.000,1,768,601,53280,53280,768,2020-08-11,1,601,0.00166389351081531,0.00573644834515396,1.11735285425363
Saratoga,2020-08-12T00:00:00.000,6,774,831,54111,54111,774,2020-08-12,6,831,0.0072202166064982,0.0056126288386947,6.68477142768575
Saratoga,2020-08-13T00:00:00.000,8,782,728,54839,54839,782,2020-08-13,8,728,0.010989010989011,0.00550344742170417,8.88423994342813
Saratoga,2020-08-14T00:00:00.000,1,783,789,55628,55628,783,2020-08-14,1,789,0.00126742712294043,0.00540878286830524,1.10659018063014
Saratoga,2020-08-15T00:00:00.000,9,792,720,56348,56348,792,2020-08-15,9,720,0.0125,0.00532845087489793,9.95024180839536
Saratoga,2020-08-16T00:00:00.000,3,795,498,56846,56846,795,2020-08-16,3,498,0.00602409638554217,0.0052622184385185,3.31278704437409
Saratoga,2020-08-17T00:00:00.000,5,800,934,57780,57780,800,2020-08-17,5,934,0.00535331905781585,0.00520981520377367,5.53062551609475
Saratoga,2020-08-18T00:00:00.000,0,800,1088,58868,58868,800,2020-08-18,0,1088,0,0.00517094188048474,0
Saratoga,2020-08-19T00:00:00.000,2,802,1221,60089,60089,802,2020-08-19,2,1221,0.00163800163800164,0.00514527588908423,2.21896852001947
Saratoga,2020-08-20T00:00:00.000,6,808,1254,61343,61343,808,2020-08-20,6,1254,0.00478468899521531,0.00513247442892278,6.66511432050297
Saratoga,2020-08-21T00:00:00.000,5,813,1228,62571,62571,813,2020-08-21,5,1228,0.00407166123778502,0.00513217519047312,5.55979818511237
Saratoga,2020-08-22T00:00:00.000,2,815,981,63552,63552,815,2020-08-22,2,981,0.00203873598369011,0.00514399495157667,2.22553338679819
Saratoga,2020-08-23T00:00:00.000,1,816,438,63990,63990,816,2020-08-23,1,438,0.00228310502283105,0.00516752631477044,1.11309679712004
Saratoga,2020-08-24T00:00:00.000,8,824,679,64669,64669,824,2020-08-24,8,679,0.0117820324005891,0.00520233285871214,8.89094512254208
Saratoga,2020-08-25T00:00:00.000,0,824,1137,65806,65806,824,2020-08-25,0,1137,0,0.00524794299677471,0
Saratoga,2020-08-26T00:00:00.000,5,829,1175,66981,66981,829,2020-08-26,5,1175,0.00425531914893617,0.00530384285860454,5.54382612075585
Saratoga,2020-08-27T00:00:00.000,3,832,661,67642,67642,832,2020-08-27,3,661,0.00453857791225416,0.00536946853800245,3.32706633570788
Saratoga,2020-08-28T00:00:00.000,0,832,1292,68934,68934,832,2020-08-28,0,1292,0,0.0054441980805799,0
Saratoga,2020-08-29T00:00:00.000,10,842,1102,70036,70036,842,2020-08-29,10,1102,0.00907441016333938,0.00552734361673961,11.1071413414809
Saratoga,2020-08-30T00:00:00.000,2,844,800,70836,70836,844,2020-08-30,2,800,0.0025,0.00561814407499204,2.22358304800194
Saratoga,2020-08-31T00:00:00.000,2,846,379,71215,71215,846,2020-08-31,2,379,0.00527704485488127,0.00571575893576215,2.22853120643888
Saratoga,2020-09-01T00:00:00.000,6,852,1239,72454,72454,852,2020-09-01,6,1239,0.00484261501210654,0.00581926350037587,6.71534950515381
Saratoga,2020-09-02T00:00:00.000,11,863,1102,73556,73556,863,2020-09-02,11,1102,0.00998185117967332,0.00592764615053707,12.4210229402642
Saratoga,2020-09-03T00:00:00.000,5,868,1151,74707,74707,868,2020-09-03,5,1151,0.00434404865334492,0.00603980805457642,5.69655874872829
Saratoga,2020-09-04T00:00:00.000,9,877,1075,75782,75782,877,2020-09-04,9,1075,0.00837209302325581,0.00615456573487146,10.3197159379667
Saratoga,2020-09-05T00:00:00.000,12,889,1108,76890,76890,889,2020-09-05,12,1108,0.0108303249097473,0.006270656841805,13.8282129127429
Saratoga,2020-09-06T00:00:00.000,4,893,420,77310,77310,893,2020-09-06,4,420,0.00952380952380952,0.00638674938284866,4.63021806341413
Saratoga,2020-09-07T00:00:00.000,7,900,470,77780,77780,900,2020-09-07,7,470,0.0148936170212766,0.0065014545303623,8.13642868622506
Saratoga,2020-09-08T00:00:00.000,11,911,910,78690,78690,911,2020-09-08,11,910,0.0120879120879121,0.00661334298213874,12.8335304066236
Saratoga,2020-09-09T00:00:00.000,7,918,376,79066,79066,918,2020-09-09,7,376,0.0186170212765957,0.0067209646788503,8.19374623609939
Saratoga,2020-09-10T00:00:00.000,25,943,1731,80797,80797,943,2020-09-10,25,1731,0.0144425187752744,0.00682287150210463,29.3469314389593
Saratoga,2020-09-11T00:00:00.000,12,955,1702,82499,82499,955,2020-09-11,12,1702,0.00705052878965922,0.00691764239408487,14.1800173982421
Saratoga,2020-09-12T00:00:00.000,6,961,958,83457,83457,961,2020-09-12,6,958,0.00626304801670146,0.00700391016852032,7.13822338843634
Saratoga,2020-09-13T00:00:00.000,3,964,642,84099,84099,964,2020-09-13,3,642,0.00467289719626168,0.00708038913435032,3.59204069890745
Saratoga,2020-09-14T00:00:00.000,1,965,471,84570,84570,965,2020-09-14,1,471,0.00212314225053079,0.00714590254152748,1.20448454482148
Saratoga,2020-09-15T00:00:00.000,5,970,1298,85868,85868,970,2020-09-15,5,1298,0.00385208012326656,0.00719940879264347,6.05499734833534
Saratoga,2020-09-16T00:00:00.000,6,976,1190,87058,87058,976,2020-09-16,6,1190,0.00504201680672269,0.00724002535397087,7.30062214603423
Saratoga,2020-09-17T00:00:00.000,9,985,1305,88363,88363,985,2020-09-17,9,1305,0.00689655172413793,0.00726704934870748,10.9950577244094
Saratoga,2020-09-18T00:00:00.000,5,990,1188,89551,89551,990,2020-09-18,5,1188,0.00420875420875421,0.00727997392414209,6.12791117569531
Saratoga,2020-09-19T00:00:00.000,8,998,1375,90926,90926,998,2020-09-19,8,1375,0.00581818181818182,0.00727849964917463,9.82698545431807
Saratoga,2020-09-20T00:00:00.000,6,1004,511,91437,91437,1004,2020-09-20,6,511,0.0117416829745597,0.00726254040835406,7.37805141756794
Saratoga,2020-09-21T00:00:00.000,2,1006,728,92165,92165,1006,2020-09-21,2,728,0.00274725274725275,0.00723222350320242,2.45846511107335
Saratoga,2020-09-22T00:00:00.000,8,1014,690,92855,92855,1014,2020-09-22,8,690,0.0115942028985507,0.007187883931504,9.81825197257066
Saratoga,2020-09-23T00:00:00.000,3,1017,1849,94704,94704,1017,2020-09-23,3,1849,0.00162249864791779,0.00713005307698486,3.67123398877107
Saratoga,2020-09-24T00:00:00.000,14,1031,1044,95748,95748,1031,2020-09-24,14,1044,0.0134099616858238,0.0070594422852917,17.1518157817182
Saratoga,2020-09-25T00:00:00.000,5,1036,1322,97070,97070,1036,2020-09-25,5,1322,0.0037821482602118,0.00697692201282828,6.11832147554603
Saratoga,2020-09-26T00:00:00.000,8,1044,1862,98932,98932,1044,2020-09-26,8,1862,0.00429645542427497,0.00688349740067061,9.76464899862539
Saratoga,2020-09-27T00:00:00.000,8,1052,650,99582,99582,1052,2020-09-27,8,650,0.0123076923076923,0.00678028123618831,9.72814222052436
Saratoga,2020-09-28T00:00:00.000,8,1060,643,100225,100225,1060,2020-09-28,8,643,0.0124416796267496,0.00666846531678385,9.67378371275952
Saratoga,2020-09-29T00:00:00.000,6,1066,1286,101511,101511,1066,2020-09-29,6,1286,0.0046656298600311,0.00654929122376101,7.2045267376995
Saratoga,2020-09-30T00:00:00.000,7,1073,1305,102816,102816,1073,2020-09-30,7,1305,0.0053639846743295,0.00642402145291801,8.33579410889699
Saratoga,2020-10-01T00:00:00.000,10,1083,1421,104237,104237,1083,2020-10-01,10,1421,0.00703729767769177,0.00629391174203969,11.7951991881714
Saratoga,2020-10-02T00:00:00.000,7,1090,1172,105409,105409,1090,2020-10-02,7,1172,0.00597269624573379,0.00616018529318095,8.18966645378983
Saratoga,2020-10-03T00:00:00.000,5,1095,1666,107075,107075,1095,2020-10-03,5,1666,0.00300120048019208,0.00602400942229014,5.84757835112744
Saratoga,2020-10-04T00:00:00.000,5,1100,1001,108076,108076,1100,2020-10-04,5,1001,0.004995004995005,0.00588647499330261,5.86539777673294
Saratoga,2020-10-05T00:00:00.000,3,1103,1206,109282,109282,1103,2020-10-05,3,1206,0.00248756218905473,0.00574857881966274,3.53239755928448
Saratoga,2020-10-06T00:00:00.000,8,1111,1036,110318,110318,1111,2020-10-06,8,1036,0.00772200772200772,0.0056112090543209,9.45457690952499
Saratoga,2020-10-07T00:00:00.000,11,1122,1426,111744,111744,1122,2020-10-07,11,1426,0.00771388499298738,0.00547513344842761,13.0474810276611
Saratoga,2020-10-08T00:00:00.000,17,1139,1587,113331,113331,1139,2020-10-08,17,1587,0.0107120352867045,0.00534099024576463,20.2366716622144
Saratoga,2020-10-09T00:00:00.000,2,1141,1133,114464,114464,1141,2020-10-09,2,1133,0.00176522506619594,0.00520928139894017,2.38917463732745
Saratoga,2020-10-10T00:00:00.000,8,1149,1012,115476,115476,1149,2020-10-10,8,1012,0.00790513833992095,0.00508036774762101,9.58970831617666
Saratoga,2020-10-11T00:00:00.000,9,1158,1961,117437,117437,1158,2020-10-11,9,1961,0.00458949515553289,0.00495446578950723,10.8249071375592
Schenectady,2020-03-01T00:00:00.000,0,0,0,0,0,0,2020-03-01,0,0,0,0.00255750416115575,0
Schenectady,2020-03-02T00:00:00.000,0,0,0,0,0,0,2020-03-02,0,0,0,0.00311195077113971,0
Schenectady,2020-03-03T00:00:00.000,0,0,0,0,0,0,2020-03-03,0,0,0,0.0037857259659721,0
Schenectady,2020-03-04T00:00:00.000,0,0,0,0,0,0,2020-03-04,0,0,0,0.00460338199314588,0
Schenectady,2020-03-05T00:00:00.000,0,0,0,0,0,0,2020-03-05,0,0,0,0.00559362181769536,0
Schenectady,2020-03-06T00:00:00.000,0,0,0,0,0,0,2020-03-06,0,0,0,0.00678959892793881,0
Schenectady,2020-03-07T00:00:00.000,0,0,0,0,0,0,2020-03-07,0,0,0,0.00822907151524117,0
Schenectady,2020-03-08T00:00:00.000,0,0,1,1,1,0,2020-03-08,0,1,0,0.00995433659624059,0
Schenectady,2020-03-09T00:00:00.000,0,0,2,3,3,0,2020-03-09,0,2,0,0.0120118585804141,0
Schenectady,2020-03-10T00:00:00.000,0,0,0,3,3,0,2020-03-10,0,0,0,0.0144515016482059,0
Schenectady,2020-03-11T00:00:00.000,0,0,12,15,15,0,2020-03-11,0,12,0,0.0173252800922431,0
Schenectady,2020-03-12T00:00:00.000,0,0,5,20,20,0,2020-03-12,0,5,0,0.0206855597123496,0
Schenectady,2020-03-13T00:00:00.000,1,1,20,40,40,1,2020-03-13,1,20,0.05,0.0245826800431875,1.60367478311233
Schenectady,2020-03-14T00:00:00.000,1,2,54,94,94,2,2020-03-14,1,54,0.0185185185185185,0.0290620233172397,1.5370021276994
Schenectady,2020-03-15T00:00:00.000,2,4,42,136,136,4,2020-03-15,2,42,0.0476190476190476,0.0341606299032705,2.99564827633851
Schenectady,2020-03-16T00:00:00.000,1,5,27,163,163,5,2020-03-16,1,27,0.037037037037037,0.0399035451362025,1.4597659092486
Schenectady,2020-03-17T00:00:00.000,9,14,98,261,261,14,2020-03-17,9,98,0.0918367346938776,0.0463001673049872,12.8068019018064
Schenectady,2020-03-18T00:00:00.000,4,18,131,392,392,18,2020-03-18,4,131,0.0305343511450382,0.0533409351330294,5.55045442187383
Schenectady,2020-03-19T00:00:00.000,3,21,115,507,507,21,2020-03-19,3,115,0.0260869565217391,0.0609947275544767,4.06146392436101
Schenectady,2020-03-20T00:00:00.000,11,32,157,664,664,32,2020-03-20,11,157,0.0700636942675159,0.069207333756878,14.5370635816425
Schenectady,2020-03-21T00:00:00.000,7,39,123,787,787,39,2020-03-21,7,123,0.0569105691056911,0.0779012794109835,9.03457598154209
Schenectady,2020-03-22T00:00:00.000,5,44,62,849,849,44,2020-03-22,5,62,0.0806451612903226,0.0869771693647176,6.30895900603961
Schenectady,2020-03-23T00:00:00.000,2,46,50,899,899,46,2020-03-23,2,50,0.04,0.0963165440920626,2.47007264944476
Schenectady,2020-03-24T00:00:00.000,9,55,53,952,952,55,2020-03-24,9,53,0.169811320754717,0.105786073472641,10.8938814377559
Schenectady,2020-03-25T00:00:00.000,7,62,32,984,984,62,2020-03-25,7,32,0.21875,0.115242757838809,8.38474112403694
Schenectady,2020-03-26T00:00:00.000,4,66,41,1025,1025,66,2020-03-26,4,41,0.0975609756097561,0.124539699991653,4.74685488439129
Schenectady,2020-03-27T00:00:00.000,6,72,43,1068,1068,72,2020-03-27,6,43,0.13953488372093,0.133531969864577,7.06005744618311
Schenectady,2020-03-28T00:00:00.000,4,76,28,1096,1096,76,2020-03-28,4,28,0.142857142857143,0.142082108289834,4.68062726870251
Schenectady,2020-03-29T00:00:00.000,4,80,12,1108,1108,80,2020-03-29,4,12,0.333333333333333,0.150064896751828,4.69527499612714
Schenectady,2020-03-30T00:00:00.000,5,85,33,1141,1141,85,2020-03-30,5,33,0.151515151515152,0.157371135736404,5.91295219817214
Schenectady,2020-03-31T00:00:00.000,8,93,22,1163,1163,93,2020-03-31,8,22,0.363636363636364,0.163910301545902,9.51777735053599
Schenectady,2020-04-01T00:00:00.000,8,101,31,1194,1194,101,2020-04-01,8,31,0.258064516129032,0.169612069335317,9.55874180376591
Schenectady,2020-04-02T00:00:00.000,9,110,42,1236,1236,110,2020-04-02,9,42,0.214285714285714,0.174426784082595,10.6459384459178
Schenectady,2020-04-03T00:00:00.000,7,117,38,1274,1274,117,2020-04-03,7,38,0.184210526315789,0.178325024597883,8.20512573038237
Schenectady,2020-04-04T00:00:00.000,11,128,64,1338,1338,128,2020-04-04,11,64,0.171875,0.181296438684217,12.8885362074022
Schenectady,2020-04-05T00:00:00.000,10,138,64,1402,1402,138,2020-04-05,10,64,0.15625,0.183348035248796,11.7008946457683
Schenectady,2020-04-06T00:00:00.000,7,145,35,1437,1437,145,2020-04-06,7,35,0.2,0.184502108735467,8.23627891687496
Schenectady,2020-04-07T00:00:00.000,4,149,23,1460,1460,149,2020-04-07,4,23,0.173913043478261,0.184793950098386,4.74280227649972
Schenectady,2020-04-08T00:00:00.000,18,167,104,1564,1564,167,2020-04-08,18,104,0.173076923076923,0.184269472932283,21.5023911744647
Schenectady,2020-04-09T00:00:00.000,24,191,183,1747,1747,191,2020-04-09,24,183,0.131147540983607,0.182982857638098,28.8806058225376
Schenectady,2020-04-10T00:00:00.000,3,194,24,1771,1771,194,2020-04-10,3,24,0.125,0.180994293145386,3.6357967518363
Schenectady,2020-04-11T00:00:00.000,5,199,27,1798,1798,199,2020-04-11,5,27,0.185185185185185,0.178367875892756,6.10617596169307
Schenectady,2020-04-12T00:00:00.000,5,204,27,1825,1825,204,2020-04-12,5,27,0.185185185185185,0.175169709239495,6.1780374834733
Schenectady,2020-04-13T00:00:00.000,31,235,232,2057,2057,235,2020-04-13,31,232,0.133620689655172,0.171466232981995,38.728919473521
Schenectady,2020-04-14T00:00:00.000,2,237,18,2075,2075,237,2020-04-14,2,18,0.111111111111111,0.167322801164442,2.52428894705028
Schenectady,2020-04-15T00:00:00.000,8,245,45,2120,2120,245,2020-04-15,8,45,0.177777777777778,0.162802516530592,10.1817176123544
Schenectady,2020-04-16T00:00:00.000,5,250,35,2155,2155,250,2020-04-16,5,35,0.142857142857143,0.157965321104425,6.39932989249271
Schenectady,2020-04-17T00:00:00.000,9,259,38,2193,2193,259,2020-04-17,9,38,0.236842105263158,0.152867334517184,11.5719017515251
Schenectady,2020-04-18T00:00:00.000,9,268,36,2229,2229,268,2020-04-18,9,36,0.25,0.147560424692283,11.612000865973
Schenectady,2020-04-19T00:00:00.000,1,269,23,2252,2252,269,2020-04-19,1,23,0.0434782608695652,0.142091989513223,1.29329949597606
Schenectady,2020-04-20T00:00:00.000,4,273,23,2275,2275,273,2020-04-20,4,23,0.173913043478261,0.136504923351627,5.1807424688352
Schenectady,2020-04-21T00:00:00.000,7,280,24,2299,2299,280,2020-04-21,7,24,0.291666666666667,0.130837738829268,9.0712278991948
Schenectady,2020-04-22T00:00:00.000,8,288,47,2346,2346,288,2020-04-22,8,47,0.170212765957447,0.125124812125767,10.3633501478882
Schenectady,2020-04-23T00:00:00.000,9,297,33,2379,2379,297,2020-04-23,9,33,0.272727272727273,0.119396719429739,11.6439845710132
Schenectady,2020-04-24T00:00:00.000,134,431,964,3343,3343,431,2020-04-24,134,964,0.139004149377593,0.113680632668875,172.98875923095
Schenectady,2020-04-25T00:00:00.000,18,449,186,3529,3529,449,2020-04-25,18,186,0.0967741935483871,0.10800074439096,23.1654603893522
Schenectady,2020-04-26T00:00:00.000,8,457,96,3625,3625,457,2020-04-26,8,96,0.0833333333333333,0.102378694311796,10.2522745904079
Schenectady,2020-04-27T00:00:00.000,12,469,119,3744,3744,469,2020-04-27,12,119,0.100840336134454,0.0968339735550524,15.2969766898029
Schenectady,2020-04-28T00:00:00.000,10,479,184,3928,3928,479,2020-04-28,10,184,0.0543478260869565,0.0913842866867697,12.6673430088765
Schenectady,2020-04-29T00:00:00.000,22,501,246,4174,4174,501,2020-04-29,22,246,0.0894308943089431,0.0860458562458029,27.7614159540595
Schenectady,2020-04-30T00:00:00.000,13,514,195,4369,4369,514,2020-04-30,13,195,0.0666666666666667,0.0808336593578722,16.4130453324921
Schenectady,2020-05-01T00:00:00.000,7,521,194,4563,4563,521,2020-05-01,7,194,0.0360824742268041,0.0757615910488807,8.8393855100249
Schenectady,2020-05-02T00:00:00.000,6,527,146,4709,4709,527,2020-05-02,6,146,0.0410958904109589,0.0708425538991737,7.56717784462225
Schenectady,2020-05-03T00:00:00.000,8,535,126,4835,4835,535,2020-05-03,8,126,0.0634920634920635,0.0660884784362829,10.056112012227
Schenectady,2020-05-04T00:00:00.000,2,537,98,4933,4933,537,2020-05-04,2,98,0.0204081632653061,0.0615102829723977,2.50109219679676
Schenectady,2020-05-05T00:00:00.000,14,551,178,5111,5111,551,2020-05-05,14,178,0.0786516853932584,0.0571177852087295,17.391788216489
Schenectady,2020-05-06T00:00:00.000,0,551,194,5305,5305,551,2020-05-06,0,194,0,0.0529195805857597,0
Schenectady,2020-05-07T00:00:00.000,7,558,144,5449,5449,558,2020-05-07,7,144,0.0486111111111111,0.0489229039398903,8.60213242596499
Schenectady,2020-05-08T00:00:00.000,13,571,204,5653,5653,571,2020-05-08,13,204,0.0637254901960784,0.0451334913436818,15.9586242949564
Schenectady,2020-05-09T00:00:00.000,0,571,199,5852,5852,571,2020-05-09,0,199,0,0.0415554580786152,0
Schenectady,2020-05-10T00:00:00.000,4,575,113,5965,5965,575,2020-05-10,4,113,0.0353982300884956,0.0381912065925838,4.89475622982894
Schenectady,2020-05-11T00:00:00.000,6,581,102,6067,6067,581,2020-05-11,6,102,0.0588235294117647,0.035041375223097,7.32617314860771
Schenectady,2020-05-12T00:00:00.000,6,587,164,6231,6231,587,2020-05-12,6,164,0.0365853658536585,0.0321048347166101,7.32586918233159
Schenectady,2020-05-13T00:00:00.000,10,597,276,6507,6507,597,2020-05-13,10,276,0.036231884057971,0.0293787355090554,12.2478023754073
Schenectady,2020-05-14T00:00:00.000,6,603,170,6677,6677,603,2020-05-14,6,170,0.0352941176470588,0.0268586047228313,7.38858964334985
Schenectady,2020-05-15T00:00:00.000,10,613,272,6949,6949,613,2020-05-15,10,272,0.0367647058823529,0.0245384882318159,12.3712365152465
Schenectady,2020-05-16T00:00:00.000,7,620,175,7124,7124,620,2020-05-16,7,175,0.04,0.0224111302509238,8.68490322932736
Schenectady,2020-05-17T00:00:00.000,9,629,233,7357,7357,629,2020-05-17,9,233,0.0386266094420601,0.0204681808872946,11.1568370260576
Schenectady,2020-05-18T00:00:00.000,2,631,83,7440,7440,631,2020-05-18,2,83,0.0240963855421687,0.0187004210545402,2.47505309831019
Schenectady,2020-05-19T00:00:00.000,2,633,392,7832,7832,633,2020-05-19,2,392,0.00510204081632653,0.0170979940395136,2.46903980567308
Schenectady,2020-05-20T00:00:00.000,5,638,378,8210,8210,638,2020-05-20,5,378,0.0132275132275132,0.0156506337379511,6.1607764891347
Schenectady,2020-05-21T00:00:00.000,7,645,667,8877,8877,645,2020-05-21,7,667,0.0104947526236882,0.0143478809234789,8.62199015209188
Schenectady,2020-05-22T00:00:00.000,3,648,248,9125,9125,648,2020-05-22,3,248,0.0120967741935484,0.0131792806896452,3.69090928173634
Schenectady,2020-05-23T00:00:00.000,10,658,641,9766,9766,658,2020-05-23,10,641,0.015600624024961,0.0121345561765449,12.2786715921899
Schenectady,2020-05-24T00:00:00.000,6,664,340,10106,10106,664,2020-05-24,6,340,0.0176470588235294,0.0112037556612277,7.34666036738297
Schenectady,2020-05-25T00:00:00.000,4,668,143,10249,10249,668,2020-05-25,4,143,0.027972027972028,0.0103773719069573,4.8793036067561
Schenectady,2020-05-26T00:00:00.000,5,673,243,10492,10492,673,2020-05-26,5,243,0.0205761316872428,0.00964643420349677,6.07399448420668
Schenectady,2020-05-27T00:00:00.000,3,676,485,10977,10977,676,2020-05-27,3,485,0.00618556701030928,0.00900257474395088,3.63301808326478
Schenectady,2020-05-28T00:00:00.000,4,680,792,11769,11769,680,2020-05-28,4,792,0.00505050505050505,0.00843807183930042,4.82673342453203
Schenectady,2020-05-29T00:00:00.000,6,686,477,12246,12246,686,2020-05-29,6,477,0.0125786163522013,0.00794587299506208,7.21138744468896
Schenectady,2020-05-30T00:00:00.000,3,689,324,12570,12570,689,2020-05-30,3,324,0.00925925925925926,0.00751960109998957,3.61239009448585
Schenectady,2020-05-31T00:00:00.000,4,693,482,13052,13052,693,2020-05-31,4,482,0.00829875518672199,0.00715354695909483,4.84889714155077
Schenectady,2020-06-01T00:00:00.000,3,696,481,13533,13533,696,2020-06-01,3,481,0.00623700623700624,0.00684265119770443,3.66439897718105
Schenectady,2020-06-02T00:00:00.000,5,701,406,13939,13939,701,2020-06-02,5,406,0.0123152709359606,0.00658247822956323,6.15146410287502
Schenectady,2020-06-03T00:00:00.000,0,701,565,14504,14504,701,2020-06-03,0,565,0,0.0063691845648892,0
Schenectady,2020-06-04T00:00:00.000,5,706,802,15306,15306,706,2020-06-04,5,802,0.00623441396508728,0.00619948327621101,6.20905538016402
Schenectady,2020-06-05T00:00:00.000,4,710,497,15803,15803,710,2020-06-05,4,497,0.00804828973843058,0.00607060597424325,4.97688803738321
Schenectady,2020-06-06T00:00:00.000,1,711,579,16382,16382,711,2020-06-06,1,579,0.00172711571675302,0.00598026319196662,1.24632767462882
Schenectady,2020-06-07T00:00:00.000,1,712,533,16915,16915,712,2020-06-07,1,533,0.00187617260787992,0.00592660365113528,1.24811778310449
Schenectady,2020-06-08T00:00:00.000,3,715,402,17317,17317,715,2020-06-08,3,402,0.00746268656716418,0.0059081725025958,3.74874160494128
Schenectady,2020-06-09T00:00:00.000,1,716,211,17528,17528,716,2020-06-09,1,211,0.004739336492891,0.00592386829832033,1.25070089564342
Schenectady,2020-06-10T00:00:00.000,1,717,550,18078,18078,717,2020-06-10,1,550,0.00181818181818182,0.00597289817552561,1.25145927031097
Schenectady,2020-06-11T00:00:00.000,4,721,990,19068,19068,721,2020-06-11,4,990,0.00404040404040404,0.00605473052296342,5.0073228238132
Schenectady,2020-06-12T00:00:00.000,2,723,372,19440,19440,723,2020-06-12,2,372,0.00537634408602151,0.00616904426643066,2.50356943129646
Schenectady,2020-06-13T00:00:00.000,2,725,421,19861,19861,725,2020-06-13,2,421,0.00475059382422803,0.00631567386898023,2.5025715693797
Schenectady,2020-06-14T00:00:00.000,7,732,329,20190,20190,732,2020-06-14,7,329,0.0212765957446809,0.00649454920957312,8.75206204883551
Schenectady,2020-06-15T00:00:00.000,3,735,495,20685,20685,735,2020-06-15,3,495,0.00606060606060606,0.00670562969947661,3.74630947898335
Schenectady,2020-06-16T00:00:00.000,2,737,350,21035,21035,737,2020-06-16,2,350,0.00571428571428571,0.00694883233736717,2.4933416088562
Schenectady,2020-06-17T00:00:00.000,1,738,540,21575,21575,738,2020-06-17,1,540,0.00185185185185185,0.00722395390358364,1.24396027737181
Schenectady,2020-06-18T00:00:00.000,8,746,763,22338,22338,746,2020-06-18,8,763,0.0104849279161206,0.00753058815433888,9.92486161019436
Schenectady,2020-06-19T00:00:00.000,3,749,478,22816,22816,749,2020-06-19,3,478,0.00627615062761506,0.0078680396862671,3.70977730069461
Schenectady,2020-06-20T00:00:00.000,5,754,549,23365,23365,754,2020-06-20,5,549,0.00910746812386157,0.00823523706439888,6.15953331472773
Schenectady,2020-06-21T00:00:00.000,7,761,594,23959,23959,761,2020-06-21,7,594,0.0117845117845118,0.00863064878454416,8.59934101762264
Schenectady,2020-06-22T00:00:00.000,9,770,347,24306,24306,770,2020-06-22,9,347,0.0259365994236311,0.00905220658487844,11.1103657902231
Schenectady,2020-06-23T00:00:00.000,2,772,391,24697,24697,772,2020-06-23,2,391,0.0051150895140665,0.0094972414182734,2.48039232798734
Schenectady,2020-06-24T00:00:00.000,6,778,812,25509,25509,778,2020-06-24,6,812,0.00738916256157635,0.00996243791274026,7.4733451274426
Schenectady,2020-06-25T00:00:00.000,3,781,403,25912,25912,781,2020-06-25,3,403,0.00744416873449132,0.0104438132508183,3.74778989264471
Schenectady,2020-06-26T00:00:00.000,5,786,454,26366,26366,786,2020-06-26,5,454,0.0110132158590308,0.0109367259582561,6.25157516480513
Schenectady,2020-06-27T00:00:00.000,6,792,385,26751,26751,792,2020-06-27,6,385,0.0155844155844156,0.0114359190366472,7.50347970493992
Schenectady,2020-06-28T00:00:00.000,7,799,393,27144,27144,799,2020-06-28,7,393,0.0178117048346056,0.0119356001693375,8.75062690991231
Schenectady,2020-06-29T00:00:00.000,1,800,295,27439,27439,800,2020-06-29,1,295,0.00338983050847458,0.0124295594391123,1.24968963051343
Schenectady,2020-06-30T00:00:00.000,5,805,247,27686,27686,805,2020-06-30,5,247,0.0202429149797571,0.0129113222659547,6.28265580052459
Schenectady,2020-07-01T00:00:00.000,11,816,690,28376,28376,816,2020-07-01,11,690,0.0159420289855072,0.0133743323326065,13.9076846227626
Schenectady,2020-07-02T00:00:00.000,8,824,395,28771,28771,824,2020-07-02,8,395,0.020253164556962,0.013812156416256,10.1629217373303
Schenectady,2020-07-03T00:00:00.000,7,831,418,29189,29189,831,2020-07-03,7,418,0.0167464114832536,0.0142187006148565,8.8950250876413
Schenectady,2020-07-04T00:00:00.000,3,834,559,29748,29748,834,2020-07-04,3,559,0.00536672629695885,0.0145884257547569,3.81123856441471
Schenectady,2020-07-05T00:00:00.000,4,838,471,30219,30219,838,2020-07-05,4,471,0.00849256900212314,0.0149165490532814,5.07695576463574
Schenectady,2020-07-06T00:00:00.000,5,843,340,30559,30559,843,2020-07-06,5,340,0.0147058823529412,0.0151992195206565,6.33716534004845
Schenectady,2020-07-07T00:00:00.000,1,844,297,30856,30856,844,2020-07-07,1,297,0.00336700336700337,0.0154336561385734,1.26714917177924
Schenectady,2020-07-08T00:00:00.000,4,848,413,31269,31269,848,2020-07-08,4,413,0.00968523002421308,0.0156182404155869,5.06479080965081
Schenectady,2020-07-09T00:00:00.000,4,852,436,31705,31705,852,2020-07-09,4,436,0.00917431192660551,0.0157525582312852,5.05843946893383
Schenectady,2020-07-10T00:00:00.000,4,856,447,32152,32152,856,2020-07-10,4,447,0.00894854586129754,0.0158373895995041,5.04969436491574
Schenectady,2020-07-11T00:00:00.000,8,864,385,32537,32537,864,2020-07-11,8,385,0.0207792207792208,0.01587464870681,10.0774632958234
Schenectady,2020-07-12T00:00:00.000,4,868,488,33025,33025,868,2020-07-12,4,488,0.00819672131147541,0.0158672799402594,5.02574911571693
Schenectady,2020-07-13T00:00:00.000,15,883,495,33520,33520,883,2020-07-13,15,495,0.0303030303030303,0.0158191182949007,18.7911115845949
Schenectady,2020-07-14T00:00:00.000,8,891,476,33996,33996,891,2020-07-14,8,476,0.0168067226890756,0.0157347243198734,9.98921006774237
Schenectady,2020-07-15T00:00:00.000,5,896,445,34441,34441,896,2020-07-15,5,445,0.0112359550561798,0.0156192045429756,6.22114749818817
Schenectady,2020-07-16T00:00:00.000,6,902,489,34930,34930,902,2020-07-16,6,489,0.0122699386503067,0.0154780281152003,7.4439812230067
Schenectady,2020-07-17T00:00:00.000,8,910,639,35569,35569,910,2020-07-17,8,639,0.0125195618153365,0.0153168493838587,9.92793163223424
Schenectady,2020-07-18T00:00:00.000,5,915,203,35772,35772,915,2020-07-18,5,203,0.0246305418719212,0.0151413444286399,6.20329330298748
Schenectady,2020-07-19T00:00:00.000,0,915,249,36021,36021,915,2020-07-19,0,249,0,0.0149570675278129,0
Schenectady,2020-07-20T00:00:00.000,11,926,661,36682,36682,926,2020-07-20,11,661,0.0166414523449319,0.0147693313032937,13.6104707743892
Schenectady,2020-07-21T00:00:00.000,10,936,497,37179,37179,936,2020-07-21,10,497,0.0201207243460765,0.0145831121480604,12.3009480768
Schenectady,2020-07-22T00:00:00.000,10,946,476,37655,37655,946,2020-07-22,10,476,0.0210084033613445,0.0144029806276002,12.2126275667817
Schenectady,2020-07-23T00:00:00.000,9,955,441,38096,38096,955,2020-07-23,9,441,0.0204081632653061,0.014233055000405,10.900221655189
Schenectady,2020-07-24T00:00:00.000,20,975,590,38686,38686,975,2020-07-24,20,590,0.0338983050847458,0.0140769748571013,24.0016686059494
Schenectady,2020-07-25T00:00:00.000,12,987,466,39152,39152,987,2020-07-25,12,466,0.0257510729613734,0.013937891157203,14.3136378058053
Schenectady,2020-07-26T00:00:00.000,3,990,260,39412,39412,990,2020-07-26,3,260,0.0115384615384615,0.0138184686031004,3.58029337446074
Schenectady,2020-07-27T00:00:00.000,8,998,543,39955,39955,998,2020-07-27,8,543,0.0147329650092081,0.0137208962786728,9.54626350917613
Schenectady,2020-07-28T00:00:00.000,12,1010,450,40405,40405,1010,2020-07-28,12,450,0.0266666666666667,0.0136469027273859,14.3048101271471
Schenectady,2020-07-29T00:00:00.000,8,1018,512,40917,40917,1018,2020-07-29,8,512,0.015625,0.0135977720825872,9.55096043581108
Schenectady,2020-07-30T00:00:00.000,5,1023,563,41480,41480,1023,2020-07-30,5,563,0.0088809946714032,0.013574358425011,5.99326949418163
Schenectady,2020-07-31T00:00:00.000,9,1032,666,42146,42146,1032,2020-07-31,9,666,0.0135135135135135,0.013577096192781,10.831045532229
Schenectady,2020-08-01T00:00:00.000,3,1035,332,42478,42478,1035,2020-08-01,3,332,0.00903614457831325,0.0136060051562975,3.62465804027829
Schenectady,2020-08-02T00:00:00.000,2,1037,298,42776,42776,1037,2020-08-02,2,298,0.00671140939597315,0.0136606891883896,2.42461019731343
Schenectady,2020-08-03T00:00:00.000,4,1041,482,43258,43258,1041,2020-08-03,4,482,0.00829875518672199,0.0137403287869369,4.85869919166235
Schenectady,2020-08-04T00:00:00.000,4,1045,518,43776,43776,1045,2020-08-04,4,518,0.00772200772200772,0.0138436680378486,4.86728651577016
Schenectady,2020-08-05T00:00:00.000,5,1050,719,44495,44495,1050,2020-08-05,5,719,0.00695410292072323,0.0139689974362709,6.09459453058838
Schenectady,2020-08-06T00:00:00.000,5,1055,662,45157,45157,1055,2020-08-06,5,662,0.00755287009063444,0.0141141347015462,6.102855748977
Schenectady,2020-08-07T00:00:00.000,3,1058,352,45509,45509,1058,2020-08-07,3,352,0.00852272727272727,0.0142764063984385,3.66306657114576
Schenectady,2020-08-08T00:00:00.000,0,1058,399,45908,45908,1058,2020-08-08,0,399,0,0.014452633789153,0
Schenectady,2020-08-09T00:00:00.000,2,1060,274,46182,46182,1060,2020-08-09,2,274,0.0072992700729927,0.0146391268318149,2.45315399232673
Schenectady,2020-08-10T00:00:00.000,15,1075,523,46705,46705,1075,2020-08-10,15,523,0.0286806883365201,0.0148316905455936,18.4324290972913
Schenectady,2020-08-11T00:00:00.000,4,1079,448,47153,47153,1079,2020-08-11,4,448,0.00892857142857143,0.0150256480183817,4.92118108898137
Schenectady,2020-08-12T00:00:00.000,5,1084,749,47902,47902,1084,2020-08-12,5,749,0.00667556742323097,0.0152158840537683,6.15486317246881
Schenectady,2020-08-13T00:00:00.000,8,1092,558,48460,48460,1092,2020-08-13,8,558,0.014336917562724,0.0153969127813666,9.84691439023589
Schenectady,2020-08-14T00:00:00.000,9,1101,647,49107,49107,1101,2020-08-14,9,647,0.0139103554868624,0.0155629714467219,11.0695156583624
Schenectady,2020-08-15T00:00:00.000,18,1119,536,49643,49643,1119,2020-08-15,18,536,0.0335820895522388,0.0157081410486005,22.1725689076745
Schenectady,2020-08-16T00:00:00.000,2,1121,324,49967,49967,1121,2020-08-16,2,324,0.00617283950617284,0.0158264925454414,2.46560692162893
Schenectady,2020-08-17T00:00:00.000,9,1130,515,50482,50482,1130,2020-08-17,9,515,0.0174757281553398,0.015912255129928,11.1310901359546
Schenectady,2020-08-18T00:00:00.000,3,1133,386,50868,50868,1133,2020-08-18,3,386,0.0077720207253886,0.0159600007221928,3.72019952471743
Schenectady,2020-08-19T00:00:00.000,10,1143,885,51753,51753,1143,2020-08-19,10,885,0.0112994350282486,0.0159648365938965,12.4250094152123
Schenectady,2020-08-20T00:00:00.000,16,1159,825,52578,52578,1159,2020-08-20,16,825,0.0193939393939394,0.0159225961608486,19.9042145222099
Schenectady,2020-08-21T00:00:00.000,13,1172,905,53483,53483,1172,2020-08-21,13,905,0.0143646408839779,0.0158300167234856,16.1789512154477
Schenectady,2020-08-22T00:00:00.000,7,1179,567,54050,54050,1179,2020-08-22,7,567,0.0123456790123457,0.015684892527457,8.7080368770032
Schenectady,2020-08-23T00:00:00.000,3,1182,148,54198,54198,1182,2020-08-23,3,148,0.0202702702702703,0.0154861921206591,3.72666523855673
Schenectady,2020-08-24T00:00:00.000,24,1206,542,54740,54740,1206,2020-08-24,24,542,0.044280442804428,0.0152341306341056,29.6982691128612
Schenectady,2020-08-25T00:00:00.000,5,1211,536,55276,55276,1211,2020-08-25,5,536,0.00932835820895522,0.0149301902645967,6.15748443253884
Schenectady,2020-08-26T00:00:00.000,20,1231,813,56089,56089,1231,2020-08-26,20,813,0.02460024600246,0.0145770856614622,24.5345217925051
Schenectady,2020-08-27T00:00:00.000,2,1233,626,56715,56715,1233,2020-08-27,2,626,0.00319488817891374,0.0141786748211581,2.44422192231942
Schenectady,2020-08-28T00:00:00.000,22,1255,949,57664,57664,1255,2020-08-28,22,949,0.0231822971548999,0.0137398200685759,26.7685761255567
Schenectady,2020-08-29T00:00:00.000,5,1260,751,58415,58415,1260,2020-08-29,5,751,0.0066577896138482,0.0132662073470693,6.06171250007358
Schenectady,2020-08-30T00:00:00.000,3,1263,440,58855,58855,1263,2020-08-30,3,440,0.00681818181818182,0.0127641349511556,3.62063266266507
Schenectady,2020-08-31T00:00:00.000,8,1271,442,59297,59297,1271,2020-08-31,8,442,0.0180995475113122,0.0122402847339092,9.61945512388096
Schenectady,2020-09-01T00:00:00.000,7,1278,769,60066,60066,1278,2020-09-01,7,769,0.00910273081924577,0.0117014895189071,8.40142051457571
Schenectady,2020-09-02T00:00:00.000,12,1290,826,60892,60892,1290,2020-09-02,12,826,0.0145278450363196,0.0111545099326418,14.4345333134123
Schenectady,2020-09-03T00:00:00.000,8,1298,829,61721,61721,1298,2020-09-03,8,829,0.00965018094089264,0.0106058322638791,9.64239070744803
Schenectady,2020-09-04T00:00:00.000,1,1299,855,62576,62576,1299,2020-09-04,1,855,0.00116959064327485,0.0100614965027429,1.20440278243992
Schenectady,2020-09-05T00:00:00.000,11,1310,778,63354,63354,1310,2020-09-05,11,778,0.0141388174807198,0.00952696073002572,13.2172660160518
Schenectady,2020-09-06T00:00:00.000,4,1314,489,63843,63843,1314,2020-09-06,4,489,0.0081799591002045,0.0090070048739548,4.79216206808964
Schenectady,2020-09-07T00:00:00.000,8,1322,536,64379,64379,1322,2020-09-07,8,536,0.0149253731343284,0.00850567385058123,9.55202804535363
Schenectady,2020-09-08T00:00:00.000,2,1324,652,65031,65031,1324,2020-09-08,2,652,0.00306748466257669,0.00802625752603692,2.37899023153935
Schenectady,2020-09-09T00:00:00.000,11,1335,520,65551,65551,1335,2020-09-09,11,520,0.0211538461538462,0.00757130295752947,13.0301992223377
Schenectady,2020-09-10T00:00:00.000,8,1343,1235,66786,66786,1343,2020-09-10,8,1235,0.00647773279352227,0.00714265307529106,9.43413121196602
Schenectady,2020-09-11T00:00:00.000,8,1351,1410,68196,68196,1351,2020-09-11,8,1410,0.00567375886524823,0.00674150534544472,9.42899449592067
Schenectady,2020-09-12T00:00:00.000,5,1356,550,68746,68746,1356,2020-09-12,5,550,0.00909090909090909,0.00636848393445147,5.89221299979442
Schenectady,2020-09-13T00:00:00.000,1,1357,219,68965,68965,1357,2020-09-13,1,219,0.0045662100456621,0.00602371935094794,1.17815045214487
Schenectady,2020-09-14T00:00:00.000,1,1358,329,69294,69294,1358,2020-09-14,1,329,0.00303951367781155,0.00570693033026766,1.17770299626761
Schenectady,2020-09-15T00:00:00.000,4,1362,884,70178,70178,1362,2020-09-15,4,884,0.00452488687782805,0.00541750370311508,4.70819218970238
Schenectady,2020-09-16T00:00:00.000,10,1372,1199,71377,71377,1372,2020-09-16,10,1199,0.00834028356964137,0.00515456903052188,11.7612599356351
Schenectady,2020-09-17T00:00:00.000,2,1374,1111,72488,72488,1374,2020-09-17,2,1111,0.0018001800180018,0.00491706578957803,2.34973989692889
Schenectady,2020-09-18T00:00:00.000,3,1377,1213,73701,73701,1377,2020-09-18,3,1213,0.00247320692497939,0.00470380179097228,3.51961881674137
Schenectady,2020-09-19T00:00:00.000,3,1380,1112,74813,74813,1380,2020-09-19,3,1112,0.00269784172661871,0.00451350226126386,3.51316672637613
Schenectady,2020-09-20T00:00:00.000,3,1383,326,75139,75139,1383,2020-09-20,3,326,0.00920245398773006,0.00434484961214694,3.50429210765696
Schenectady,2020-09-21T00:00:00.000,0,1383,451,75590,75590,1383,2020-09-21,0,451,0,0.00419651435600215,0
Schenectady,2020-09-22T00:00:00.000,5,1388,1006,76596,76596,1388,2020-09-22,5,1006,0.00497017892644135,0.00406717792147587,5.79673440657305
Schenectady,2020-09-23T00:00:00.000,7,1395,1193,77789,77789,1395,2020-09-23,7,1193,0.00586756077116513,0.00395554830679664,8.07607314587329
Schenectady,2020-09-24T00:00:00.000,3,1398,1096,78885,78885,1398,2020-09-24,3,1096,0.00273722627737226,0.00386036960318587,3.46010415580352
Schenectady,2020-09-25T00:00:00.000,1,1399,1364,80249,80249,1399,2020-09-25,1,1364,0.000733137829912023,0.00378042645438221,1.15093283593555
Schenectady,2020-09-26T00:00:00.000,3,1402,1461,81710,81710,1402,2020-09-26,3,1461,0.00205338809034908,0.00371454451447113,3.44268704977266
Schenectady,2020-09-27T00:00:00.000,1,1403,310,82020,82020,1403,2020-09-27,1,310,0.0032258064516129,0.00366158794058432,1.14335764564589
Schenectady,2020-09-28T00:00:00.000,2,1405,481,82501,82501,1405,2020-09-28,2,481,0.00415800415800416,0.00362045492416691,2.27515037611222
Schenectady,2020-09-29T00:00:00.000,5,1410,941,83442,83442,1410,2020-09-29,5,941,0.0053134962805526,0.00359007223182905,5.65347010288539
Schenectady,2020-09-30T00:00:00.000,7,1417,1243,84685,84685,1417,2020-09-30,7,1243,0.00563153660498793,0.0035693896945814,7.86005667356024
Schenectady,2020-10-01T00:00:00.000,3,1420,1540,86225,86225,1420,2020-10-01,3,1540,0.00194805194805195,0.00355737555281958,3.34231548298428
Schenectady,2020-10-02T00:00:00.000,5,1425,1135,87360,87360,1425,2020-10-02,5,1135,0.00440528634361234,0.0035530135254245,5.53654057654417
Schenectady,2020-10-03T00:00:00.000,4,1429,1369,88729,88729,1429,2020-10-03,4,1369,0.0029218407596786,0.00355530241662056,4.43777344562207
Schenectady,2020-10-04T00:00:00.000,0,1429,380,89109,89109,1429,2020-10-04,0,380,0,0.00356325899495531,0
Schenectady,2020-10-05T00:00:00.000,1,1430,349,89458,89458,1430,2020-10-05,1,349,0.00286532951289398,0.00357592476471735,1.12287421622649
Schenectady,2020-10-06T00:00:00.000,2,1432,634,90092,90092,1432,2020-10-06,2,634,0.00315457413249211,0.0035923770962759,2.26055279629198
Schenectady,2020-10-07T00:00:00.000,6,1438,1564,91656,91656,1438,2020-10-07,6,1564,0.00383631713554987,0.003611744988208,6.82680465948584
Schenectady,2020-10-08T00:00:00.000,7,1445,1590,93246,93246,1445,2020-10-08,7,1590,0.00440251572327044,0.00363322950788325,8.01780166148944
Schenectady,2020-10-09T00:00:00.000,6,1451,871,94117,94117,1451,2020-10-09,6,871,0.0068886337543054,0.00365612871552702,6.91820642573033
Schenectady,2020-10-10T00:00:00.000,3,1454,1721,95838,95838,1454,2020-10-10,3,1721,0.00174317257408483,0.00367986664729428,3.48201276181424
Schenectady,2020-10-11T00:00:00.000,5,1459,429,96267,96267,1459,2020-10-11,5,429,0.0116550116550117,0.00370402575184512,5.84143287700785
Schoharie,2020-03-01T00:00:00.000,0,0,0,0,0,0,2020-03-01,0,0,0,0.0318728706937638,0
Schoharie,2020-03-02T00:00:00.000,0,0,0,0,0,0,2020-03-02,0,0,0,0.0326687952860111,0
Schoharie,2020-03-03T00:00:00.000,0,0,0,0,0,0,2020-03-03,0,0,0,0.0334842504091305,0
Schoharie,2020-03-04T00:00:00.000,0,0,0,0,0,0,2020-03-04,0,0,0,0.0343202462079089,0
Schoharie,2020-03-05T00:00:00.000,0,0,0,0,0,0,2020-03-05,0,0,0,0.0351780690555361,0
Schoharie,2020-03-06T00:00:00.000,0,0,0,0,0,0,2020-03-06,0,0,0,0.0360592580282067,0
Schoharie,2020-03-07T00:00:00.000,0,0,0,0,0,0,2020-03-07,0,0,0,0.0369655757651878,0
Schoharie,2020-03-08T00:00:00.000,0,0,0,0,0,0,2020-03-08,0,0,0,0.0378989736019059,0
Schoharie,2020-03-09T00:00:00.000,0,0,0,0,0,0,2020-03-09,0,0,0,0.0388615508898604,0
Schoharie,2020-03-10T00:00:00.000,0,0,0,0,0,0,2020-03-10,0,0,0,0.0398555084245992,0
Schoharie,2020-03-11T00:00:00.000,0,0,2,2,2,0,2020-03-11,0,2,0,0.0408830958915885,0
Schoharie,2020-03-12T00:00:00.000,0,0,1,3,3,0,2020-03-12,0,1,0,0.0419465532244296,0
Schoharie,2020-03-13T00:00:00.000,0,0,0,3,3,0,2020-03-13,0,0,0,0.0430480457569777,0
Schoharie,2020-03-14T00:00:00.000,0,0,0,3,3,0,2020-03-14,0,0,0,0.0441895930523716,0
Schoharie,2020-03-15T00:00:00.000,0,0,0,3,3,0,2020-03-15,0,0,0,0.0453729913235279,0
Schoharie,2020-03-16T00:00:00.000,0,0,0,3,3,0,2020-03-16,0,0,0,0.0465997294272899,0
Schoharie,2020-03-17T00:00:00.000,0,0,8,11,11,0,2020-03-17,0,8,0,0.0478708985399675,0
Schoharie,2020-03-18T00:00:00.000,1,1,8,19,19,1,2020-03-18,1,8,0.125,0.0491870958056772,1.37640932103671
Schoharie,2020-03-19T00:00:00.000,0,1,10,29,29,1,2020-03-19,0,10,0,0.0505483225118331,0
Schoharie,2020-03-20T00:00:00.000,0,1,16,45,45,1,2020-03-20,0,16,0,0.0519538776830073,0
Schoharie,2020-03-21T00:00:00.000,0,1,6,51,51,1,2020-03-21,0,6,0,0.0534022484081421,0
Schoharie,2020-03-22T00:00:00.000,0,1,3,54,54,1,2020-03-22,0,3,0,0.0548909987147171,0
Schoharie,2020-03-23T00:00:00.000,0,1,1,55,55,1,2020-03-23,0,1,0,0.0564166593737361,0
Schoharie,2020-03-24T00:00:00.000,1,2,3,58,58,2,2020-03-24,1,3,0.333333333333333,0.057974621638508,1.13978011928374
Schoharie,2020-03-25T00:00:00.000,0,2,2,60,60,2,2020-03-25,0,2,0,0.0595590385655423,0
Schoharie,2020-03-26T00:00:00.000,1,3,3,63,63,3,2020-03-26,1,3,0.333333333333333,0.0611627381994252,1.10525852743362
Schoharie,2020-03-27T00:00:00.000,2,5,9,72,72,5,2020-03-27,2,9,0.222222222222222,0.0627771534819143,2.18227067378526
Schoharie,2020-03-28T00:00:00.000,0,5,5,77,77,5,2020-03-28,0,5,0,0.064392274214879,0
Schoharie,2020-03-29T00:00:00.000,1,6,3,80,80,6,2020-03-29,1,3,0.333333333333333,0.0659966267139901,1.08124796851083
Schoharie,2020-03-30T00:00:00.000,0,6,4,84,84,6,2020-03-30,0,4,0,0.0675772868682643,0
Schoharie,2020-03-31T00:00:00.000,2,8,7,91,91,8,2020-03-31,2,7,0.285714285714286,0.0691199321210243,2.18260554981336
Schoharie,2020-04-01T00:00:00.000,0,8,10,101,101,8,2020-04-01,0,10,0,0.0706089373548272,0
Schoharie,2020-04-02T00:00:00.000,1,9,5,106,106,9,2020-04-02,1,5,0.2,0.0720275187647667,1.08275443027519
Schoharie,2020-04-03T00:00:00.000,1,10,21,127,127,10,2020-04-03,1,21,0.0476190476190476,0.073357928521149,1.07253303308688
Schoharie,2020-04-04T00:00:00.000,1,11,16,143,143,11,2020-04-04,1,16,0.0625,0.0745817013655565,1.07209979284379
Schoharie,2020-04-05T00:00:00.000,0,11,17,160,160,11,2020-04-05,0,17,0,0.0756799522818528,0
Schoharie,2020-04-06T00:00:00.000,1,12,19,179,179,12,2020-04-06,1,19,0.0526315789473684,0.0766337221018658,1.07764287998914
Schoharie,2020-04-07T00:00:00.000,0,12,20,199,199,12,2020-04-07,0,20,0,0.0774243654337442,0
Schoharie,2020-04-08T00:00:00.000,0,12,8,207,207,12,2020-04-08,0,8,0,0.0780339727490607,0
Schoharie,2020-04-09T00:00:00.000,0,12,16,223,223,12,2020-04-09,0,16,0,0.0784458159677443,0
Schoharie,2020-04-10T00:00:00.000,0,12,5,228,228,12,2020-04-10,0,5,0,0.0786448045840212,0
Schoharie,2020-04-11T00:00:00.000,0,12,2,230,230,12,2020-04-11,0,2,0,0.0786179374211441,0
Schoharie,2020-04-12T00:00:00.000,0,12,4,234,234,12,2020-04-12,0,4,0,0.0783547336498441,0
Schoharie,2020-04-13T00:00:00.000,8,20,59,293,293,20,2020-04-13,8,59,0.135593220338983,0.0778476258710363,9.23571132916804
Schoharie,2020-04-14T00:00:00.000,0,20,1,294,294,20,2020-04-14,0,1,0,0.0770922979837644,0
Schoharie,2020-04-15T00:00:00.000,0,20,5,299,299,20,2020-04-15,0,5,0,0.0760879513099178,0
Schoharie,2020-04-16T00:00:00.000,0,20,0,299,299,20,2020-04-16,0,0,0,0.0748374841013248,0
Schoharie,2020-04-17T00:00:00.000,0,20,1,300,300,20,2020-04-17,0,1,0,0.0733475721163889,0
Schoharie,2020-04-18T00:00:00.000,0,20,2,302,302,20,2020-04-18,0,2,0,0.0716286413954516,0
Schoharie,2020-04-19T00:00:00.000,0,20,4,306,306,20,2020-04-19,0,4,0,0.0696947285889489,0
Schoharie,2020-04-20T00:00:00.000,0,20,4,310,310,20,2020-04-20,0,4,0,0.0675632290313818,0
Schoharie,2020-04-21T00:00:00.000,0,20,0,310,310,20,2020-04-21,0,0,0.0625,0.0652545379826713,0
Schoharie,2020-04-22T00:00:00.000,1,21,8,318,318,21,2020-04-22,1,8,0.125,0.0627915957675727,1.20911050147786
Schoharie,2020-04-23T00:00:00.000,0,21,13,331,331,21,2020-04-23,0,13,0,0.0601993525888927,0
Schoharie,2020-04-24T00:00:00.000,12,33,177,508,508,33,2020-04-24,12,177,0.0677966101694915,0.0575041731968201,14.4709025708865
Schoharie,2020-04-25T00:00:00.000,2,35,29,537,537,35,2020-04-25,2,29,0.0689655172413793,0.0547332049923129,2.40481038890134
Schoharie,2020-04-26T00:00:00.000,0,35,15,552,552,35,2020-04-26,0,15,0,0.0519137352215435,0
Schoharie,2020-04-27T00:00:00.000,3,38,19,571,571,38,2020-04-27,3,19,0.157894736842105,0.0490725634488379,3.57294814099017
Schoharie,2020-04-28T00:00:00.000,1,39,21,592,592,39,2020-04-28,1,21,0.0476190476190476,0.0462354143922892,1.18330269447382
Schoharie,2020-04-29T00:00:00.000,3,42,17,609,609,42,2020-04-29,3,17,0.176470588235294,0.0434264135155613,3.5354328055561
Schoharie,2020-04-30T00:00:00.000,1,43,24,633,633,43,2020-04-30,1,24,0.0416666666666667,0.040667643703374,1.17872228311982
Schoharie,2020-05-01T00:00:00.000,0,43,16,649,649,43,2020-05-01,0,16,0,0.037978796244823,0
Schoharie,2020-05-02T00:00:00.000,2,45,20,669,669,45,2020-05-02,2,20,0.1,0.0353769236401623,2.35318066695959
Schoharie,2020-05-03T00:00:00.000,0,45,21,690,690,45,2020-05-03,0,21,0,0.0328762959164701,0
Schoharie,2020-05-04T00:00:00.000,0,45,29,719,719,45,2020-05-04,0,29,0,0.0304883566487374,0
Schoharie,2020-05-05T00:00:00.000,0,45,29,748,748,45,2020-05-05,0,29,0,0.0282217701377107,0
Schoharie,2020-05-06T00:00:00.000,0,45,20,768,768,45,2020-05-06,0,20,0,0.0260825474937292,0
Schoharie,2020-05-07T00:00:00.000,0,45,15,783,783,45,2020-05-07,0,15,0,0.0240742368802903,0
Schoharie,2020-05-08T00:00:00.000,1,46,32,815,815,46,2020-05-08,1,32,0.03125,0.0221981619236868,1.14349404346823
Schoharie,2020-05-09T00:00:00.000,0,46,23,838,838,46,2020-05-09,0,23,0,0.0204536922108974,0
Schoharie,2020-05-10T00:00:00.000,0,46,19,857,857,46,2020-05-10,0,19,0,0.0188385307042844,0
Schoharie,2020-05-11T00:00:00.000,0,46,32,889,889,46,2020-05-11,0,32,0,0.017349004566847,0
Schoharie,2020-05-12T00:00:00.000,1,47,27,916,916,47,2020-05-12,1,27,0.037037037037037,0.0159803480599358,1.13870043989184
Schoharie,2020-05-13T00:00:00.000,0,47,32,948,948,47,2020-05-13,0,32,0,0.0147269685968725,0
Schoharie,2020-05-14T00:00:00.000,0,47,8,956,956,47,2020-05-14,0,8,0,0.0135826894920275,0
Schoharie,2020-05-15T00:00:00.000,0,47,22,978,978,47,2020-05-15,0,22,0,0.0125409652612236,0
Schoharie,2020-05-16T00:00:00.000,0,47,39,1017,1017,47,2020-05-16,0,39,0,0.0115950673807332,0
Schoharie,2020-05-17T00:00:00.000,1,48,36,1053,1053,48,2020-05-17,1,36,0.0277777777777778,0.010738240126313,1.16220828272697
Schoharie,2020-05-18T00:00:00.000,0,48,21,1074,1074,48,2020-05-18,0,21,0,0.00996382745859476,0
Schoharie,2020-05-19T00:00:00.000,0,48,34,1108,1108,48,2020-05-19,0,34,0,0.00926537290410364,0
Schoharie,2020-05-20T00:00:00.000,1,49,33,1141,1141,49,2020-05-20,1,33,0.0303030303030303,0.00863669502996388,1.16103955108803
Schoharie,2020-05-21T00:00:00.000,0,49,27,1168,1168,49,2020-05-21,0,27,0,0.00807194147336952,0
Schoharie,2020-05-22T00:00:00.000,0,49,23,1191,1191,49,2020-05-22,0,23,0,0.00756562461583971,0
Schoharie,2020-05-23T00:00:00.000,0,49,29,1220,1220,49,2020-05-23,0,29,0,0.00711264194232929,0
Schoharie,2020-05-24T00:00:00.000,0,49,21,1241,1241,49,2020-05-24,0,21,0,0.00670828394749603,0
Schoharie,2020-05-25T00:00:00.000,0,49,12,1253,1253,49,2020-05-25,0,12,0,0.00634823218952998,0
Schoharie,2020-05-26T00:00:00.000,0,49,46,1299,1299,49,2020-05-26,0,46,0,0.00602854978395986,0
Schoharie,2020-05-27T00:00:00.000,0,49,74,1373,1373,49,2020-05-27,0,74,0,0.00574566630325872,0
Schoharie,2020-05-28T00:00:00.000,0,49,32,1405,1405,49,2020-05-28,0,32,0,0.0054963587253296,0
Schoharie,2020-05-29T00:00:00.000,1,50,32,1437,1437,50,2020-05-29,1,32,0.03125,0.00527772976899777,1.15371391871049
Schoharie,2020-05-30T00:00:00.000,0,50,41,1478,1478,50,2020-05-30,0,41,0,0.00508718467705844,0
Schoharie,2020-05-31T00:00:00.000,0,50,47,1525,1525,50,2020-05-31,0,47,0,0.00492240726205441,0
Schoharie,2020-06-01T00:00:00.000,1,51,39,1564,1564,51,2020-06-01,1,39,0.0256410256410256,0.00478133581875663,1.17845765827486
Schoharie,2020-06-02T00:00:00.000,0,51,46,1610,1610,51,2020-06-02,0,46,0,0.00466213932947157,0
Schoharie,2020-06-03T00:00:00.000,0,51,63,1673,1673,51,2020-06-03,0,63,0,0.00456319424237074,0
Schoharie,2020-06-04T00:00:00.000,0,51,60,1733,1733,51,2020-06-04,0,60,0,0.00448306198621353,0
Schoharie,2020-06-05T00:00:00.000,3,54,85,1818,1818,54,2020-06-05,3,85,0.0352941176470588,0.00442046729397466,3.61611928237583
Schoharie,2020-06-06T00:00:00.000,0,54,59,1877,1877,54,2020-06-06,0,59,0,0.00437427734042707,0
Schoharie,2020-06-07T00:00:00.000,0,54,65,1942,1942,54,2020-06-07,0,65,0,0.0043434816517361,0
Schoharie,2020-06-08T00:00:00.000,0,54,60,2002,2002,54,2020-06-08,0,60,0,0.00432717271624682,0
Schoharie,2020-06-09T00:00:00.000,0,54,41,2043,2043,54,2020-06-09,0,41,0,0.00432452721296823,0
Schoharie,2020-06-10T00:00:00.000,0,54,74,2117,2117,54,2020-06-10,0,74,0,0.00433478777630615,0
Schoharie,2020-06-11T00:00:00.000,0,54,33,2150,2150,54,2020-06-11,0,33,0,0.00435724523084107,0
Schoharie,2020-06-12T00:00:00.000,0,54,40,2190,2190,54,2020-06-12,0,40,0,0.00439122125740253,0
Schoharie,2020-06-13T00:00:00.000,0,54,37,2227,2227,54,2020-06-13,0,37,0,0.00443605149029218,0
Schoharie,2020-06-14T00:00:00.000,0,54,42,2269,2269,54,2020-06-14,0,42,0,0.00449106909389644,0
Schoharie,2020-06-15T00:00:00.000,0,54,83,2352,2352,54,2020-06-15,0,83,0,0.00455558892368632,0
Schoharie,2020-06-16T00:00:00.000,1,55,87,2439,2439,55,2020-06-16,1,87,0.0114942528735632,0.00462889243954939,1.19703903977197
Schoharie,2020-06-17T00:00:00.000,0,55,38,2477,2477,55,2020-06-17,0,38,0,0.00471021360593497,0
Schoharie,2020-06-18T00:00:00.000,0,55,45,2522,2522,55,2020-06-18,0,45,0,0.00479872607991803,0
Schoharie,2020-06-19T00:00:00.000,1,56,35,2557,2557,56,2020-06-19,1,35,0.0285714285714286,0.00489353205061017,1.1792399246456
Schoharie,2020-06-20T00:00:00.000,1,57,55,2612,2612,57,2020-06-20,1,55,0.0181818181818182,0.00499365314646076,1.17179605337542
Schoharie,2020-06-21T00:00:00.000,0,57,84,2696,2696,57,2020-06-21,0,84,0,0.00509802386501715,0
Schoharie,2020-06-22T00:00:00.000,0,57,61,2757,2757,57,2020-06-22,0,61,0,0.00520548799670793,0
Schoharie,2020-06-23T00:00:00.000,0,57,37,2794,2794,57,2020-06-23,0,37,0,0.00531479850414682,0
Schoharie,2020-06-24T00:00:00.000,0,57,45,2839,2839,57,2020-06-24,0,45,0,0.00542462127613056,0
Schoharie,2020-06-25T00:00:00.000,0,57,19,2858,2858,57,2020-06-25,0,19,0,0.00553354309646565,0
Schoharie,2020-06-26T00:00:00.000,0,57,47,2905,2905,57,2020-06-26,0,47,0,0.00564008405071083,0
Schoharie,2020-06-27T00:00:00.000,1,58,61,2966,2966,58,2020-06-27,1,61,0.0163934426229508,0.00574271443846334,1.16733653116592
Schoharie,2020-06-28T00:00:00.000,0,58,48,3014,3014,58,2020-06-28,0,48,0,0.00583987606968877,0
Schoharie,2020-06-29T00:00:00.000,0,58,68,3082,3082,58,2020-06-29,0,68,0,0.00593000760761984,0
Schoharie,2020-06-30T00:00:00.000,0,58,46,3128,3128,58,2020-06-30,0,46,0,0.00601157338900822,0
Schoharie,2020-07-01T00:00:00.000,0,58,49,3177,3177,58,2020-07-01,0,49,0,0.00608309491943015,0
Schoharie,2020-07-02T00:00:00.000,0,58,25,3202,3202,58,2020-07-02,0,25,0,0.00614318402332066,0
Schoharie,2020-07-03T00:00:00.000,0,58,39,3241,3241,58,2020-07-03,0,39,0,0.00619057644341844,0
Schoharie,2020-07-04T00:00:00.000,1,59,49,3290,3290,59,2020-07-04,1,49,0.0204081632653061,0.0062241645503077,1.16668104827328
Schoharie,2020-07-05T00:00:00.000,0,59,39,3329,3329,59,2020-07-05,0,39,0,0.00624302775479336,0
Schoharie,2020-07-06T00:00:00.000,0,59,29,3358,3358,59,2020-07-06,0,29,0,0.00624645922641704,0
Schoharie,2020-07-07T00:00:00.000,1,60,48,3406,3406,60,2020-07-07,1,48,0.0208333333333333,0.00623398761655891,1.15733065196771
Schoharie,2020-07-08T00:00:00.000,1,61,45,3451,3451,61,2020-07-08,1,45,0.0222222222222222,0.00620539266433038,1.15455662471473
Schoharie,2020-07-09T00:00:00.000,1,62,42,3493,3493,62,2020-07-09,1,42,0.0238095238095238,0.00616071382084268,1.15128954359967
Schoharie,2020-07-10T00:00:00.000,0,62,53,3546,3546,62,2020-07-10,0,53,0,0.00610025134790337,0
Schoharie,2020-07-11T00:00:00.000,0,62,42,3588,3588,62,2020-07-11,0,42,0,0.00602455971095845,0
Schoharie,2020-07-12T00:00:00.000,0,62,32,3620,3620,62,2020-07-12,0,32,0,0.00593443346834363,0
Schoharie,2020-07-13T00:00:00.000,0,62,35,3655,3655,62,2020-07-13,0,35,0,0.00583088623266525,0
Schoharie,2020-07-14T00:00:00.000,0,62,73,3728,3728,62,2020-07-14,0,73,0,0.00571512361940143,0
Schoharie,2020-07-15T00:00:00.000,0,62,52,3780,3780,62,2020-07-15,0,52,0,0.00558851137803398,0
Schoharie,2020-07-16T00:00:00.000,0,62,77,3857,3857,62,2020-07-16,0,77,0,0.00545254010440648,0
Schoharie,2020-07-17T00:00:00.000,0,62,81,3938,3938,62,2020-07-17,0,81,0,0.00530878804679186,0
Schoharie,2020-07-18T00:00:00.000,0,62,28,3966,3966,62,2020-07-18,0,28,0,0.00515888353859029,0
Schoharie,2020-07-19T00:00:00.000,0,62,42,4008,4008,62,2020-07-19,0,42,0,0.00500446852081079,0
Schoharie,2020-07-20T00:00:00.000,2,64,71,4079,4079,64,2020-07-20,2,71,0.028169014084507,0.0048471644681786,2.2137223520115
Schoharie,2020-07-21T00:00:00.000,0,64,86,4165,4165,64,2020-07-21,0,86,0,0.00468854181969397,0
Schoharie,2020-07-22T00:00:00.000,2,66,43,4208,4208,66,2020-07-22,2,43,0.0465116279069767,0.0045300937580669,2.17572794694344
Schoharie,2020-07-23T00:00:00.000,1,67,32,4240,4240,67,2020-07-23,1,32,0.03125,0.00437321490324512,1.07632416056776
Schoharie,2020-07-24T00:00:00.000,0,67,32,4272,4272,67,2020-07-24,0,32,0,0.00421918520506724,0
Schoharie,2020-07-25T00:00:00.000,1,68,48,4320,4320,68,2020-07-25,1,48,0.0208333333333333,0.00406915905668327,1.05462858217993
Schoharie,2020-07-26T00:00:00.000,0,68,28,4348,4348,68,2020-07-26,0,28,0,0.00392415941920758,0
Schoharie,2020-07-27T00:00:00.000,0,68,36,4384,4384,68,2020-07-27,0,36,0,0.00378507655942845,0
Schoharie,2020-07-28T00:00:00.000,0,68,44,4428,4428,68,2020-07-28,0,44,0,0.00365267086194401,0
Schoharie,2020-07-29T00:00:00.000,0,68,62,4490,4490,68,2020-07-29,0,62,0,0.00352757908613635,0
Schoharie,2020-07-30T00:00:00.000,0,68,55,4545,4545,68,2020-07-30,0,55,0,0.00341032339450326,0
Schoharie,2020-07-31T00:00:00.000,0,68,61,4606,4606,68,2020-07-31,0,61,0,0.00330132247602732,0
Schoharie,2020-08-01T00:00:00.000,0,68,56,4662,4662,68,2020-08-01,0,56,0,0.00320090411958096,0
Schoharie,2020-08-02T00:00:00.000,0,68,39,4701,4701,68,2020-08-02,0,39,0,0.00310931864870924,0
Schoharie,2020-08-03T00:00:00.000,0,68,72,4773,4773,68,2020-08-03,0,72,0,0.00302675270224106,0
Schoharie,2020-08-04T00:00:00.000,0,68,82,4855,4855,68,2020-08-04,0,82,0,0.00295334292685463,0
Schoharie,2020-08-05T00:00:00.000,1,69,37,4892,4892,69,2020-08-05,1,37,0.027027027027027,0.00288918923082919,1.04120414469473
Schoharie,2020-08-06T00:00:00.000,0,69,42,4934,4934,69,2020-08-06,0,42,0,0.00283436732698982,0
Schoharie,2020-08-07T00:00:00.000,0,69,65,4999,4999,69,2020-08-07,0,65,0,0.00278894036314899,0
Schoharie,2020-08-08T00:00:00.000,0,69,62,5061,5061,69,2020-08-08,0,62,0,0.00275296949681628,0
Schoharie,2020-08-09T00:00:00.000,0,69,33,5094,5094,69,2020-08-09,0,33,0,0.0027265233160425,0
Schoharie,2020-08-10T00:00:00.000,0,69,121,5215,5215,69,2020-08-10,0,121,0,0.00270968603924426,0
Schoharie,2020-08-11T00:00:00.000,0,69,68,5283,5283,69,2020-08-11,0,68,0,0.00270256444350936,0
Schoharie,2020-08-12T00:00:00.000,0,69,65,5348,5348,69,2020-08-12,0,65,0,0.00270529347421009,0
Schoharie,2020-08-13T00:00:00.000,0,69,38,5386,5386,69,2020-08-13,0,38,0,0.00271804047972906,0
Schoharie,2020-08-14T00:00:00.000,0,69,75,5461,5461,69,2020-08-14,0,75,0,0.00274100799529081,0
Schoharie,2020-08-15T00:00:00.000,0,69,55,5516,5516,69,2020-08-15,0,55,0,0.00277443497123993,0
Schoharie,2020-08-16T00:00:00.000,0,69,52,5568,5568,69,2020-08-16,0,52,0,0.00281859630600788,0
Schoharie,2020-08-17T00:00:00.000,0,69,65,5633,5633,69,2020-08-17,0,65,0,0.00287380050489377,0
Schoharie,2020-08-18T00:00:00.000,0,69,64,5697,5697,69,2020-08-18,0,64,0,0.00294038524645352,0
Schoharie,2020-08-19T00:00:00.000,0,69,61,5758,5758,69,2020-08-19,0,61,0,0.00301871060247377,0
Schoharie,2020-08-20T00:00:00.000,0,69,55,5813,5813,69,2020-08-20,0,55,0,0.00310914963023701,0
Schoharie,2020-08-21T00:00:00.000,0,69,64,5877,5877,69,2020-08-21,0,64,0,0.00321207604312248,0
Schoharie,2020-08-22T00:00:00.000,0,69,86,5963,5963,69,2020-08-22,0,86,0,0.00332784867427537,0
Schoharie,2020-08-23T00:00:00.000,0,69,50,6013,6013,69,2020-08-23,0,50,0,0.00345679248564216,0
Schoharie,2020-08-24T00:00:00.000,0,69,47,6060,6060,69,2020-08-24,0,47,0,0.00359917594976929,0
Schoharie,2020-08-25T00:00:00.000,0,69,84,6144,6144,69,2020-08-25,0,84,0,0.00375518475165762,0
Schoharie,2020-08-26T00:00:00.000,0,69,30,6174,6174,69,2020-08-26,0,30,0,0.00392489193021265,0
Schoharie,2020-08-27T00:00:00.000,0,69,53,6227,6227,69,2020-08-27,0,53,0,0.00410822480745583,0
Schoharie,2020-08-28T00:00:00.000,0,69,53,6280,6280,69,2020-08-28,0,53,0,0.00430492933967276,0
Schoharie,2020-08-29T00:00:00.000,0,69,68,6348,6348,69,2020-08-29,0,68,0,0.00451453286268499,0
Schoharie,2020-08-30T00:00:00.000,0,69,46,6394,6394,69,2020-08-30,0,46,0,0.00473630658161141,0
Schoharie,2020-08-31T00:00:00.000,1,70,86,6480,6480,70,2020-08-31,1,86,0.0116279069767442,0.00496922955205996,1.09877871988408
Schoharie,2020-09-01T00:00:00.000,0,70,56,6536,6536,70,2020-09-01,0,56,0,0.00521195628450801,0
Schoharie,2020-09-02T00:00:00.000,0,70,65,6601,6601,70,2020-09-02,0,65,0,0.00546279043625649,0
Schoharie,2020-09-03T00:00:00.000,1,71,50,6651,6651,71,2020-09-03,1,50,0.02,0.00571966728857588,1.13312374196649
Schoharie,2020-09-04T00:00:00.000,1,72,54,6705,6705,72,2020-09-04,1,54,0.0185185185185185,0.00598014778863119,1.14334338597124
Schoharie,2020-09-05T00:00:00.000,1,73,66,6771,6771,73,2020-09-05,1,66,0.0151515151515152,0.00624142681684835,1.15181278931107
Schoharie,2020-09-06T00:00:00.000,0,73,60,6831,6831,73,2020-09-06,0,60,0,0.00650035797839446,0
Schoharie,2020-09-07T00:00:00.000,0,73,55,6886,6886,73,2020-09-07,0,55,0,0.00675349658743516,0
Schoharie,2020-09-08T00:00:00.000,0,73,26,6912,6912,73,2020-09-08,0,26,0,0.00699716161318462,0
Schoharie,2020-09-09T00:00:00.000,1,74,40,6952,6952,74,2020-09-09,1,40,0.025,0.0072275162174044,1.1790717003167
Schoharie,2020-09-10T00:00:00.000,1,75,57,7009,7009,75,2020-09-10,1,57,0.0175438596491228,0.00744066519644602,1.18409663217601
Schoharie,2020-09-11T00:00:00.000,2,77,66,7075,7075,77,2020-09-11,2,66,0.0303030303030303,0.00763276624447611,2.38670036095843
Schoharie,2020-09-12T00:00:00.000,1,78,63,7138,7138,78,2020-09-12,1,63,0.0158730158730159,0.00780015060079012,1.20258318375183
Schoharie,2020-09-13T00:00:00.000,4,82,57,7195,7195,82,2020-09-13,4,57,0.0701754385964912,0.00793944747291494,4.84454841642869
Schoharie,2020-09-14T00:00:00.000,1,83,56,7251,7251,83,2020-09-14,1,56,0.0178571428571429,0.00804770577714956,1.21888499835682
Schoharie,2020-09-15T00:00:00.000,0,83,46,7297,7297,83,2020-09-15,0,46,0,0.00812250633105046,0
Schoharie,2020-09-16T00:00:00.000,0,83,51,7348,7348,83,2020-09-16,0,51,0,0.00816205775228159,0
Schoharie,2020-09-17T00:00:00.000,0,83,48,7396,7396,83,2020-09-17,0,48,0,0.00816526999950332,0
Schoharie,2020-09-18T00:00:00.000,0,83,47,7443,7443,83,2020-09-18,0,47,0,0.00813180070668027,0
Schoharie,2020-09-19T00:00:00.000,0,83,86,7529,7529,83,2020-09-19,0,86,0,0.00806207112420204,0
Schoharie,2020-09-20T00:00:00.000,0,83,47,7576,7576,83,2020-09-20,0,47,0,0.00795725044742015,0
Schoharie,2020-09-21T00:00:00.000,0,83,63,7639,7639,83,2020-09-21,0,63,0,0.0078192094042298,0
Schoharie,2020-09-22T00:00:00.000,0,83,53,7692,7692,83,2020-09-22,0,53,0,0.00765044599347364,0
Schoharie,2020-09-23T00:00:00.000,0,83,54,7746,7746,83,2020-09-23,0,54,0,0.00745398802437388,0
Schoharie,2020-09-24T00:00:00.000,0,83,43,7789,7789,83,2020-09-24,0,43,0,0.00723327844767962,0
Schoharie,2020-09-25T00:00:00.000,1,84,82,7871,7871,84,2020-09-25,1,82,0.0121951219512195,0.00699205028297251,1.22392936738279
Schoharie,2020-09-26T00:00:00.000,1,85,64,7935,7935,85,2020-09-26,1,64,0.015625,0.00673419818641155,1.2179075529058
Schoharie,2020-09-27T00:00:00.000,0,85,45,7980,7980,85,2020-09-27,0,45,0,0.00646365338603783,0
Schoharie,2020-09-28T00:00:00.000,0,85,107,8087,8087,85,2020-09-28,0,107,0,0.00618426791064251,0
Schoharie,2020-09-29T00:00:00.000,0,85,49,8136,8136,85,2020-09-29,0,49,0,0.00589971287010653,0
Schoharie,2020-09-30T00:00:00.000,0,85,596,8732,8732,85,2020-09-30,0,596,0,0.00561339415300272,0
Schoharie,2020-10-01T00:00:00.000,0,85,60,8792,8792,85,2020-10-01,0,60,0,0.00532838743896357,0
Schoharie,2020-10-02T00:00:00.000,1,86,88,8880,8880,86,2020-10-02,1,88,0.0113636363636364,0.00504739301581113,1.14687347640168
Schoharie,2020-10-03T00:00:00.000,0,86,76,8956,8956,86,2020-10-03,0,76,0,0.00477270965546437,0
Schoharie,2020-10-04T00:00:00.000,1,87,80,9036,9036,87,2020-10-04,1,80,0.0125,0.0045062258145962,1.1421502276636
Schoharie,2020-10-05T00:00:00.000,0,87,63,9099,9099,87,2020-10-05,0,63,0,0.00424942572608207,0
Schoharie,2020-10-06T00:00:00.000,0,87,51,9150,9150,87,2020-10-06,0,51,0,0.00400340754100685,0
Schoharie,2020-10-07T00:00:00.000,1,88,55,9205,9205,88,2020-10-07,1,55,0.0181818181818182,0.00376891054574913,1.14265756947096
Schoharie,2020-10-08T00:00:00.000,2,90,400,9605,9605,90,2020-10-08,2,400,0.005,0.00354634857258723,2.2852626582187
Schoharie,2020-10-09T00:00:00.000,3,93,81,9686,9686,93,2020-10-09,3,81,0.037037037037037,0.00333584699223291,3.4275356866489
Schoharie,2020-10-10T00:00:00.000,1,94,61,9747,9747,94,2020-10-10,1,61,0.0163934426229508,0.00313728106707061,1.14230279271878
Schoharie,2020-10-11T00:00:00.000,0,94,780,10527,10527,94,2020-10-11,0,780,0,0.0029503139027134,0
Schuyler,2020-03-01T00:00:00.000,0,0,0,0,0,0,2020-03-01,0,0,0,0.0818895263661543,0
Schuyler,2020-03-02T00:00:00.000,0,0,0,0,0,0,2020-03-02,0,0,0,0.0789662439387041,0
Schuyler,2020-03-03T00:00:00.000,0,0,0,0,0,0,2020-03-03,0,0,0,0.0761384170242948,0
Schuyler,2020-03-04T00:00:00.000,0,0,0,0,0,0,2020-03-04,0,0,0,0.0734031637354935,0
Schuyler,2020-03-05T00:00:00.000,0,0,0,0,0,0,2020-03-05,0,0,0,0.0707575226433884,0
Schuyler,2020-03-06T00:00:00.000,0,0,0,0,0,0,2020-03-06,0,0,0,0.06819850061499,0
Schuyler,2020-03-07T00:00:00.000,0,0,0,0,0,0,2020-03-07,0,0,0,0.0657231132824206,0
Schuyler,2020-03-08T00:00:00.000,0,0,0,0,0,0,2020-03-08,0,0,0,0.0633284187709268,0
Schuyler,2020-03-09T00:00:00.000,0,0,0,0,0,0,2020-03-09,0,0,0,0.0610115452850455,0
Schuyler,2020-03-10T00:00:00.000,0,0,0,0,0,0,2020-03-10,0,0,0,0.0587697131225336,0
Schuyler,2020-03-11T00:00:00.000,0,0,0,0,0,0,2020-03-11,0,0,0,0.056600251656408,0
Schuyler,2020-03-12T00:00:00.000,0,0,0,0,0,0,2020-03-12,0,0,0,0.0545006117964938,0
Schuyler,2020-03-13T00:00:00.000,0,0,0,0,0,0,2020-03-13,0,0,0,0.0524683744144973,0
Schuyler,2020-03-14T00:00:00.000,0,0,1,1,1,0,2020-03-14,0,1,0,0.0505012551910144,0
Schuyler,2020-03-15T00:00:00.000,0,0,1,2,2,0,2020-03-15,0,1,0,0.0485971063187727,0
Schuyler,2020-03-16T00:00:00.000,0,0,2,4,4,0,2020-03-16,0,2,0,0.0467539154743932,0
Schuyler,2020-03-17T00:00:00.000,0,0,0,4,4,0,2020-03-17,0,0,0,0.0449698024497753,0
Schuyler,2020-03-18T00:00:00.000,0,0,1,5,5,0,2020-03-18,0,1,0,0.0432430138146287,0
Schuyler,2020-03-19T00:00:00.000,0,0,0,5,5,0,2020-03-19,0,0,0,0.0415719159620679,0
Schuyler,2020-03-20T00:00:00.000,0,0,9,14,14,0,2020-03-20,0,9,0,0.0399549868702473,0
Schuyler,2020-03-21T00:00:00.000,0,0,3,17,17,0,2020-03-21,0,3,0,0.0383908068933098,0
Schuyler,2020-03-22T00:00:00.000,0,0,7,24,24,0,2020-03-22,0,7,0,0.0368780488748813,0
Schuyler,2020-03-23T00:00:00.000,0,0,8,32,32,0,2020-03-23,0,8,0,0.0354154678561023,0
Schuyler,2020-03-24T00:00:00.000,0,0,0,32,32,0,2020-03-24,0,0,0,0.0340018906279696,0
Schuyler,2020-03-25T00:00:00.000,0,0,1,33,33,0,2020-03-25,0,1,0,0.0326362053542274,0
Schuyler,2020-03-26T00:00:00.000,0,0,8,41,41,0,2020-03-26,0,8,0,0.0313173514663778,0
Schuyler,2020-03-27T00:00:00.000,1,1,6,47,47,1,2020-03-27,1,6,0.166666666666667,0.0300443100067226,1.0136188591264
Schuyler,2020-03-28T00:00:00.000,0,1,7,54,54,1,2020-03-28,0,7,0,0.0288160945689699,0
Schuyler,2020-03-29T00:00:00.000,1,2,6,60,60,2,2020-03-29,1,6,0.166666666666667,0.0276317429590584,0.991091972986746
Schuyler,2020-03-30T00:00:00.000,0,2,6,66,66,2,2020-03-30,0,6,0,0.0264903096721616,0
Schuyler,2020-03-31T00:00:00.000,0,2,1,67,67,2,2020-03-31,0,1,0,0.0253908592554591,0
Schuyler,2020-04-01T00:00:00.000,1,3,8,75,75,3,2020-04-01,1,8,0.125,0.0243324606008926,0.983974109670402
Schuyler,2020-04-02T00:00:00.000,0,3,13,88,88,3,2020-04-02,0,13,0,0.0233141821881182,0
Schuyler,2020-04-03T00:00:00.000,1,4,5,93,93,4,2020-04-03,1,5,0.2,0.0223350882756784,0.952280164640706
Schuyler,2020-04-04T00:00:00.000,0,4,2,95,95,4,2020-04-04,0,2,0,0.0213942360183367,0
Schuyler,2020-04-05T00:00:00.000,0,4,9,104,104,4,2020-04-05,0,9,0,0.020490673470944,0
Schuyler,2020-04-06T00:00:00.000,0,4,4,108,108,4,2020-04-06,0,4,0,0.0196234384242901,0
Schuyler,2020-04-07T00:00:00.000,0,4,12,120,120,4,2020-04-07,0,12,0,0.0187915580062048,0
Schuyler,2020-04-08T00:00:00.000,0,4,20,140,140,4,2020-04-08,0,20,0,0.0179940489718929,0
Schuyler,2020-04-09T00:00:00.000,1,5,4,144,144,5,2020-04-09,1,4,0.25,0.0172299186009431,0.950128486945494
Schuyler,2020-04-10T00:00:00.000,0,5,7,151,151,5,2020-04-10,0,7,0,0.0164981661145058,0
Schuyler,2020-04-11T00:00:00.000,0,5,1,152,152,5,2020-04-11,0,1,0,0.0157977845247999,0
Schuyler,2020-04-12T00:00:00.000,0,5,1,153,153,5,2020-04-12,0,1,0,0.015127762829783,0
Schuyler,2020-04-13T00:00:00.000,1,6,11,164,164,6,2020-04-13,1,11,0.0909090909090909,0.0144870884686468,0.975784549334859
Schuyler,2020-04-14T00:00:00.000,0,6,0,164,164,6,2020-04-14,0,0,0.0454545454545455,0.0138747499580588,0
Schuyler,2020-04-15T00:00:00.000,0,6,5,169,169,6,2020-04-15,0,5,0,0.0132897396348059,0
Schuyler,2020-04-16T00:00:00.000,0,6,8,177,177,6,2020-04-16,0,8,0,0.0127310564370751,0
Schuyler,2020-04-17T00:00:00.000,0,6,4,181,181,6,2020-04-17,0,4,0,0.0121977086639854,0
Schuyler,2020-04-18T00:00:00.000,0,6,0,181,181,6,2020-04-18,0,0,0.125,0.0116887166606989,0
Schuyler,2020-04-19T00:00:00.000,1,7,4,185,185,7,2020-04-19,1,4,0.25,0.0112031153843085,1.00317345024529
Schuyler,2020-04-20T00:00:00.000,0,7,4,189,189,7,2020-04-20,0,4,0,0.0107399568135329,0
Schuyler,2020-04-21T00:00:00.000,0,7,10,199,199,7,2020-04-21,0,10,0,0.0102983121727598,0
Schuyler,2020-04-22T00:00:00.000,0,7,108,307,307,7,2020-04-22,0,108,0,0.00987727394812884,0
Schuyler,2020-04-23T00:00:00.000,0,7,18,325,325,7,2020-04-23,0,18,0,0.00947595767996326,0
Schuyler,2020-04-24T00:00:00.000,0,7,38,363,363,7,2020-04-24,0,38,0,0.00909350352183615,0
Schuyler,2020-04-25T00:00:00.000,0,7,10,373,373,7,2020-04-25,0,10,0,0.00872907756195078,0
Schuyler,2020-04-26T00:00:00.000,0,7,9,382,382,7,2020-04-26,0,9,0,0.00838187290715974,0
Schuyler,2020-04-27T00:00:00.000,0,7,8,390,390,7,2020-04-27,0,8,0,0.00805111053399232,0
Schuyler,2020-04-28T00:00:00.000,0,7,15,405,405,7,2020-04-28,0,15,0,0.00773603991438573,0
Schuyler,2020-04-29T00:00:00.000,0,7,7,412,412,7,2020-04-29,0,7,0,0.00743593942657347,0
Schuyler,2020-04-30T00:00:00.000,0,7,6,418,418,7,2020-04-30,0,6,0,0.00715011656374431,0
Schuyler,2020-05-01T00:00:00.000,0,7,7,425,425,7,2020-05-01,0,7,0,0.00687790795470737,0
Schuyler,2020-05-02T00:00:00.000,0,7,2,427,427,7,2020-05-02,0,2,0,0.00661867921198777,0
Schuyler,2020-05-03T00:00:00.000,0,7,12,439,439,7,2020-05-03,0,12,0,0.00637182462351059,0
Schuyler,2020-05-04T00:00:00.000,0,7,5,444,444,7,2020-05-04,0,5,0,0.00613676670442346,0
Schuyler,2020-05-05T00:00:00.000,0,7,31,475,475,7,2020-05-05,0,31,0,0.00591295562570228,0
Schuyler,2020-05-06T00:00:00.000,0,7,12,487,487,7,2020-05-06,0,12,0,0.00569986853597555,0
Schuyler,2020-05-07T00:00:00.000,0,7,9,496,496,7,2020-05-07,0,9,0,0.00549700879262934,0
Schuyler,2020-05-08T00:00:00.000,0,7,38,534,534,7,2020-05-08,0,38,0,0.00530390511766101,0
Schuyler,2020-05-09T00:00:00.000,0,7,31,565,565,7,2020-05-09,0,31,0,0.00512011069302681,0
Schuyler,2020-05-10T00:00:00.000,0,7,14,579,579,7,2020-05-10,0,14,0,0.00494520220939435,0
Schuyler,2020-05-11T00:00:00.000,1,8,17,596,596,8,2020-05-11,1,17,0.0588235294117647,0.00477877888128222,1.0004594889073
Schuyler,2020-05-12T00:00:00.000,0,8,32,628,628,8,2020-05-12,0,32,0,0.00462046144057072,0
Schuyler,2020-05-13T00:00:00.000,0,8,46,674,674,8,2020-05-13,0,46,0,0.00446989111933159,0
Schuyler,2020-05-14T00:00:00.000,0,8,18,692,692,8,2020-05-14,0,18,0,0.00432672863185409,0
Schuyler,2020-05-15T00:00:00.000,0,8,52,744,744,8,2020-05-15,0,52,0,0.00419065316465097,0
Schuyler,2020-05-16T00:00:00.000,1,9,32,776,776,9,2020-05-16,1,32,0.03125,0.00406136138215122,1.04589414368366
Schuyler,2020-05-17T00:00:00.000,1,10,55,831,831,10,2020-05-17,1,55,0.0181818181818182,0.00393856645469423,1.05129469484515
Schuyler,2020-05-18T00:00:00.000,0,10,57,888,888,10,2020-05-18,0,57,0,0.00382199711439969,0
Schuyler,2020-05-19T00:00:00.000,0,10,44,932,932,10,2020-05-19,0,44,0,0.00371139674344121,0
Schuyler,2020-05-20T00:00:00.000,0,10,42,974,974,10,2020-05-20,0,42,0,0.00360652249828665,0
Schuyler,2020-05-21T00:00:00.000,1,11,49,1023,1023,11,2020-05-21,1,49,0.0204081632653061,0.00350714447251899,1.06985783548833
Schuyler,2020-05-22T00:00:00.000,0,11,78,1101,1101,11,2020-05-22,0,78,0,0.00341304489997809,0
Schuyler,2020-05-23T00:00:00.000,0,11,45,1146,1146,11,2020-05-23,0,45,0,0.00332401739915447,0
Schuyler,2020-05-24T00:00:00.000,0,11,52,1198,1198,11,2020-05-24,0,52,0,0.0032398662590144,0
Schuyler,2020-05-25T00:00:00.000,0,11,14,1212,1212,11,2020-05-25,0,14,0,0.00316040576578203,0
Schuyler,2020-05-26T00:00:00.000,0,11,68,1280,1280,11,2020-05-26,0,68,0,0.0030854595696038,0
Schuyler,2020-05-27T00:00:00.000,0,11,41,1321,1321,11,2020-05-27,0,41,0,0.00301486008952861,0
Schuyler,2020-05-28T00:00:00.000,0,11,52,1373,1373,11,2020-05-28,0,52,0,0.00294844795480957,0
Schuyler,2020-05-29T00:00:00.000,0,11,64,1437,1437,11,2020-05-29,0,64,0,0.00288607148020018,0
Schuyler,2020-05-30T00:00:00.000,0,11,76,1513,1513,11,2020-05-30,0,76,0,0.00282758617266475,0
Schuyler,2020-05-31T00:00:00.000,0,11,30,1543,1543,11,2020-05-31,0,30,0,0.00277285426675333,0
Schuyler,2020-06-01T00:00:00.000,1,12,26,1569,1569,12,2020-06-01,1,26,0.0384615384615385,0.00272174428579346,1.11389380926873
Schuyler,2020-06-02T00:00:00.000,0,12,40,1609,1609,12,2020-06-02,0,40,0,0.00267413062603751,0
Schuyler,2020-06-03T00:00:00.000,0,12,22,1631,1631,12,2020-06-03,0,22,0,0.00262989316095395,0
Schuyler,2020-06-04T00:00:00.000,0,12,32,1663,1663,12,2020-06-04,0,32,0,0.00258891686296258,0
Schuyler,2020-06-05T00:00:00.000,0,12,139,1802,1802,12,2020-06-05,0,139,0,0.00255109144009566,0
Schuyler,2020-06-06T00:00:00.000,0,12,47,1849,1849,12,2020-06-06,0,47,0,0.00251631098529288,0
Schuyler,2020-06-07T00:00:00.000,0,12,45,1894,1894,12,2020-06-07,0,45,0,0.00248447363631479,0
Schuyler,2020-06-08T00:00:00.000,0,12,81,1975,1975,12,2020-06-08,0,81,0,0.00245548124458062,0
Schuyler,2020-06-09T00:00:00.000,0,12,46,2021,2021,12,2020-06-09,0,46,0,0.00242923905159525,0
Schuyler,2020-06-10T00:00:00.000,0,12,47,2068,2068,12,2020-06-10,0,47,0,0.0024056553720138,0
Schuyler,2020-06-11T00:00:00.000,0,12,51,2119,2119,12,2020-06-11,0,51,0,0.00238464128280638,0
Schuyler,2020-06-12T00:00:00.000,0,12,67,2186,2186,12,2020-06-12,0,67,0,0.00236611031841785,0
Schuyler,2020-06-13T00:00:00.000,0,12,30,2216,2216,12,2020-06-13,0,30,0,0.00234997817225813,0
Schuyler,2020-06-14T00:00:00.000,0,12,43,2259,2259,12,2020-06-14,0,43,0,0.00233616240530874,0
Schuyler,2020-06-15T00:00:00.000,0,12,68,2327,2327,12,2020-06-15,0,68,0,0.00232458216307576,0
Schuyler,2020-06-16T00:00:00.000,0,12,59,2386,2386,12,2020-06-16,0,59,0,0.00231515790255662,0
Schuyler,2020-06-17T00:00:00.000,0,12,42,2428,2428,12,2020-06-17,0,42,0,0.00230781113130398,0
Schuyler,2020-06-18T00:00:00.000,0,12,67,2495,2495,12,2020-06-18,0,67,0,0.00230246416105686,0
Schuyler,2020-06-19T00:00:00.000,0,12,57,2552,2552,12,2020-06-19,0,57,0,0.00229903987876011,0
Schuyler,2020-06-20T00:00:00.000,0,12,31,2583,2583,12,2020-06-20,0,31,0,0.00229746153808974,0
Schuyler,2020-06-21T00:00:00.000,0,12,33,2616,2616,12,2020-06-21,0,33,0,0.00229765257484054,0
Schuyler,2020-06-22T00:00:00.000,0,12,63,2679,2679,12,2020-06-22,0,63,0,0.00229953644969622,0
Schuyler,2020-06-23T00:00:00.000,0,12,63,2742,2742,12,2020-06-23,0,63,0,0.00230303652198313,0
Schuyler,2020-06-24T00:00:00.000,0,12,26,2768,2768,12,2020-06-24,0,26,0,0.00230807595798998,0
Schuyler,2020-06-25T00:00:00.000,0,12,31,2799,2799,12,2020-06-25,0,31,0,0.002314577677324,0
Schuyler,2020-06-26T00:00:00.000,0,12,69,2868,2868,12,2020-06-26,0,69,0,0.0023224643405311,0
Schuyler,2020-06-27T00:00:00.000,0,12,56,2924,2924,12,2020-06-27,0,56,0,0.00233165838086732,0
Schuyler,2020-06-28T00:00:00.000,0,12,36,2960,2960,12,2020-06-28,0,36,0,0.00234208208263317,0
Schuyler,2020-06-29T00:00:00.000,0,12,61,3021,3021,12,2020-06-29,0,61,0,0.00235365770789397,0
Schuyler,2020-06-30T00:00:00.000,1,13,44,3065,3065,13,2020-06-30,1,44,0.0227272727272727,0.00236630767270929,1.06043318984427
Schuyler,2020-07-01T00:00:00.000,0,13,33,3098,3098,13,2020-07-01,0,33,0,0.00237995477318539,0
Schuyler,2020-07-02T00:00:00.000,0,13,27,3125,3125,13,2020-07-02,0,27,0,0.0023945224607703,0
Schuyler,2020-07-03T00:00:00.000,0,13,74,3199,3199,13,2020-07-03,0,74,0,0.00240993516524976,0
Schuyler,2020-07-04T00:00:00.000,0,13,47,3246,3246,13,2020-07-04,0,47,0,0.00242611866288584,0
Schuyler,2020-07-05T00:00:00.000,0,13,51,3297,3297,13,2020-07-05,0,51,0,0.00244300048611903,0
Schuyler,2020-07-06T00:00:00.000,0,13,38,3335,3335,13,2020-07-06,0,38,0,0.00246051037023567,0
Schuyler,2020-07-07T00:00:00.000,0,13,46,3381,3381,13,2020-07-07,0,46,0,0.00247858073143645,0
Schuyler,2020-07-08T00:00:00.000,0,13,15,3396,3396,13,2020-07-08,0,15,0,0.00249714716985725,0
Schuyler,2020-07-09T00:00:00.000,0,13,47,3443,3443,13,2020-07-09,0,47,0,0.00251614899031819,0
Schuyler,2020-07-10T00:00:00.000,2,15,52,3495,3495,15,2020-07-10,2,52,0.0384615384615385,0.00253552973295734,2.10219794929486
Schuyler,2020-07-11T00:00:00.000,0,15,93,3588,3588,15,2020-07-11,0,93,0,0.00255523770545373,0
Schuyler,2020-07-12T00:00:00.000,0,15,27,3615,3615,15,2020-07-12,0,27,0,0.00257522650829347,0
Schuyler,2020-07-13T00:00:00.000,0,15,70,3685,3685,15,2020-07-13,0,70,0,0.00259545554450399,0
Schuyler,2020-07-14T00:00:00.000,0,15,48,3733,3733,15,2020-07-14,0,48,0,0.00261589050546456,0
Schuyler,2020-07-15T00:00:00.000,0,15,134,3867,3867,15,2020-07-15,0,134,0,0.00263650382482929,0
Schuyler,2020-07-16T00:00:00.000,0,15,63,3930,3930,15,2020-07-16,0,63,0,0.00265727509322915,0
Schuyler,2020-07-17T00:00:00.000,1,16,67,3997,3997,16,2020-07-17,1,67,0.0149253731343284,0.00267819142726771,1.04240385343626
Schuyler,2020-07-18T00:00:00.000,0,16,67,4064,4064,16,2020-07-18,0,67,0,0.00269924778734664,0
Schuyler,2020-07-19T00:00:00.000,4,20,19,4083,4083,20,2020-07-19,4,19,0.210526315789474,0.00272044724003134,4.18166622737971
Schuyler,2020-07-20T00:00:00.000,0,20,35,4118,4118,20,2020-07-20,0,35,0,0.00274180116195167,0
Schuyler,2020-07-21T00:00:00.000,0,20,99,4217,4217,20,2020-07-21,0,99,0,0.00276332938359784,0
Schuyler,2020-07-22T00:00:00.000,0,20,142,4359,4359,20,2020-07-22,0,142,0,0.00278506027274902,0
Schuyler,2020-07-23T00:00:00.000,0,20,69,4428,4428,20,2020-07-23,0,69,0,0.00280703075865723,0
Schuyler,2020-07-24T00:00:00.000,0,20,83,4511,4511,20,2020-07-24,0,83,0,0.00282928629941241,0
Schuyler,2020-07-25T00:00:00.000,0,20,51,4562,4562,20,2020-07-25,0,51,0,0.00285188079613812,0
Schuyler,2020-07-26T00:00:00.000,0,20,20,4582,4582,20,2020-07-26,0,20,0,0.00287487645874933,0
Schuyler,2020-07-27T00:00:00.000,0,20,23,4605,4605,20,2020-07-27,0,23,0,0.00289834362892441,0
Schuyler,2020-07-28T00:00:00.000,0,20,56,4661,4661,20,2020-07-28,0,56,0,0.00292236056668247,0
Schuyler,2020-07-29T00:00:00.000,0,20,99,4760,4760,20,2020-07-29,0,99,0,0.00294701320749959,0
Schuyler,2020-07-30T00:00:00.000,1,21,98,4858,4858,21,2020-07-30,1,98,0.0102040816326531,0.00297239489722354,1.02975170999944
Schuyler,2020-07-31T00:00:00.000,1,22,66,4924,4924,22,2020-07-31,1,66,0.0151515151515152,0.00299860611218708,1.03475879119809
Schuyler,2020-08-01T00:00:00.000,0,22,82,5006,5006,22,2020-08-01,0,82,0,0.00302575417184098,0
Schuyler,2020-08-02T00:00:00.000,0,22,9,5015,5015,22,2020-08-02,0,9,0,0.00305395295098266,0
Schuyler,2020-08-03T00:00:00.000,0,22,34,5049,5049,22,2020-08-03,0,34,0,0.0030833225982398,0
Schuyler,2020-08-04T00:00:00.000,0,22,43,5092,5092,22,2020-08-04,0,43,0,0.00311398926690694,0
Schuyler,2020-08-05T00:00:00.000,0,22,91,5183,5183,22,2020-08-05,0,91,0,0.00314608486355865,0
Schuyler,2020-08-06T00:00:00.000,0,22,116,5299,5299,22,2020-08-06,0,116,0,0.00317974681910427,0
Schuyler,2020-08-07T00:00:00.000,0,22,48,5347,5347,22,2020-08-07,0,48,0,0.0032151178861137,0
Schuyler,2020-08-08T00:00:00.000,0,22,101,5448,5448,22,2020-08-08,0,101,0,0.00325234596538711,0
Schuyler,2020-08-09T00:00:00.000,0,22,27,5475,5475,22,2020-08-09,0,27,0,0.00329158396387068,0
Schuyler,2020-08-10T00:00:00.000,0,22,44,5519,5519,22,2020-08-10,0,44,0,0.00333298968515108,0
Schuyler,2020-08-11T00:00:00.000,0,22,53,5572,5572,22,2020-08-11,0,53,0,0.00337672575294208,0
Schuyler,2020-08-12T00:00:00.000,0,22,43,5615,5615,22,2020-08-12,0,43,0,0.00342295956719158,0
Schuyler,2020-08-13T00:00:00.000,0,22,107,5722,5722,22,2020-08-13,0,107,0,0.00347186329171943,0
Schuyler,2020-08-14T00:00:00.000,1,23,69,5791,5791,23,2020-08-14,1,69,0.0144927536231884,0.00352361387165396,1.06017043416253
Schuyler,2020-08-15T00:00:00.000,0,23,91,5882,5882,23,2020-08-15,0,91,0,0.00357839307837473,0
Schuyler,2020-08-16T00:00:00.000,0,23,56,5938,5938,23,2020-08-16,0,56,0,0.00363638757918123,0
Schuyler,2020-08-17T00:00:00.000,0,23,23,5961,5961,23,2020-08-17,0,23,0,0.00369778902853211,0
Schuyler,2020-08-18T00:00:00.000,0,23,58,6019,6019,23,2020-08-18,0,58,0,0.00376279417738892,0
Schuyler,2020-08-19T00:00:00.000,0,23,28,6047,6047,23,2020-08-19,0,28,0,0.00383160499698829,0
Schuyler,2020-08-20T00:00:00.000,1,24,157,6204,6204,24,2020-08-20,1,157,0.00636942675159236,0.00390442881324781,1.08088483573409
Schuyler,2020-08-21T00:00:00.000,0,24,70,6274,6274,24,2020-08-21,0,70,0,0.00398147844796219,0
Schuyler,2020-08-22T00:00:00.000,0,24,65,6339,6339,24,2020-08-22,0,65,0,0.00406297236298258,0
Schuyler,2020-08-23T00:00:00.000,0,24,33,6372,6372,24,2020-08-23,0,33,0,0.00414913480370045,0
Schuyler,2020-08-24T00:00:00.000,0,24,19,6391,6391,24,2020-08-24,0,19,0,0.00424019593832555,0
Schuyler,2020-08-25T00:00:00.000,0,24,54,6445,6445,24,2020-08-25,0,54,0,0.00433639198972283,0
Schuyler,2020-08-26T00:00:00.000,0,24,97,6542,6542,24,2020-08-26,0,97,0,0.00443796535688193,0
Schuyler,2020-08-27T00:00:00.000,1,25,88,6630,6630,25,2020-08-27,1,88,0.0113636363636364,0.00454516472348702,1.09069177429682
Schuyler,2020-08-28T00:00:00.000,1,26,62,6692,6692,26,2020-08-28,1,62,0.0161290322580645,0.00465824515148651,1.09201026174133
Schuyler,2020-08-29T00:00:00.000,0,26,58,6750,6750,26,2020-08-29,0,58,0,0.00477746815807243,0
Schuyler,2020-08-30T00:00:00.000,0,26,20,6770,6770,26,2020-08-30,0,20,0,0.00490310177500785,0
Schuyler,2020-08-31T00:00:00.000,0,26,28,6798,6798,26,2020-08-31,0,28,0,0.00503542058984783,0
Schuyler,2020-09-01T00:00:00.000,0,26,47,6845,6845,26,2020-09-01,0,47,0,0.00517470576921799,0
Schuyler,2020-09-02T00:00:00.000,1,27,127,6972,6972,27,2020-09-02,1,127,0.0078740157480315,0.00532124506498654,1.11706328446932
Schuyler,2020-09-03T00:00:00.000,0,27,68,7040,7040,27,2020-09-03,0,68,0,0.00547533280484567,0
Schuyler,2020-09-04T00:00:00.000,0,27,82,7122,7122,27,2020-09-04,0,82,0,0.00563726986953419,0
Schuyler,2020-09-05T00:00:00.000,1,28,127,7249,7249,28,2020-09-05,1,127,0.0078740157480315,0.00580736365963858,1.14354013173146
Schuyler,2020-09-06T00:00:00.000,0,28,17,7266,7266,28,2020-09-06,0,17,0,0.00598592805562441,0
Schuyler,2020-09-07T00:00:00.000,1,29,42,7308,7308,29,2020-09-07,1,42,0.0238095238095238,0.00617328337543993,1.15634213451157
Schuyler,2020-09-08T00:00:00.000,0,29,34,7342,7342,29,2020-09-08,0,34,0,0.00636975633470742,0
Schuyler,2020-09-09T00:00:00.000,0,29,84,7426,7426,29,2020-09-09,0,84,0,0.00657568001512469,0
Schuyler,2020-09-10T00:00:00.000,1,30,100,7526,7526,30,2020-09-10,1,100,0.01,0.00679139384728406,1.17333455582824
Schuyler,2020-09-11T00:00:00.000,2,32,114,7640,7640,32,2020-09-11,2,114,0.0175438596491228,0.00701724361459172,2.36671715077961
Schuyler,2020-09-12T00:00:00.000,0,32,29,7669,7669,32,2020-09-12,0,29,0,0.00725358148538696,0
Schuyler,2020-09-13T00:00:00.000,0,32,63,7732,7732,32,2020-09-13,0,63,0,0.00750076608065644,0
Schuyler,2020-09-14T00:00:00.000,1,33,87,7819,7819,33,2020-09-14,1,87,0.0114942528735632,0.00775916258493896,1.21444264246953
Schuyler,2020-09-15T00:00:00.000,0,33,85,7904,7904,33,2020-09-15,0,85,0,0.00802914290806662,0
Schuyler,2020-09-16T00:00:00.000,0,33,150,8054,8054,33,2020-09-16,0,150,0,0.00831108590532437,0
Schuyler,2020-09-17T00:00:00.000,4,37,99,8153,8153,37,2020-09-17,4,99,0.0404040404040404,0.00860537766338931,4.96999759074601
Schuyler,2020-09-18T00:00:00.000,0,37,132,8285,8285,37,2020-09-18,0,132,0,0.00891241185903743,0
Schuyler,2020-09-19T00:00:00.000,1,38,109,8394,8394,38,2020-09-19,1,109,0.00917431192660551,0.00923259019710461,1.25793585380699
Schuyler,2020-09-20T00:00:00.000,0,38,26,8420,8420,38,2020-09-20,0,26,0,0.00956632293348583,0
Schuyler,2020-09-21T00:00:00.000,1,39,52,8472,8472,39,2020-09-21,1,52,0.0192307692307692,0.00991402948818313,1.26862098346477
Schuyler,2020-09-22T00:00:00.000,1,40,106,8578,8578,40,2020-09-22,1,106,0.00943396226415094,0.0102761391524077,1.27194132780503
Schuyler,2020-09-23T00:00:00.000,0,40,130,8708,8708,40,2020-09-23,0,130,0,0.0106530918926852,0
Schuyler,2020-09-24T00:00:00.000,1,41,137,8845,8845,41,2020-09-24,1,137,0.0072992700729927,0.0110453392536917,1.28121771415593
Schuyler,2020-09-25T00:00:00.000,0,41,112,8957,8957,41,2020-09-25,0,112,0,0.0114533453602181,0
Schuyler,2020-09-26T00:00:00.000,0,41,60,9017,9017,41,2020-09-26,0,60,0,0.0118775880172713,0
Schuyler,2020-09-27T00:00:00.000,0,41,23,9040,9040,41,2020-09-27,0,23,0,0.0123185599058158,0
Schuyler,2020-09-28T00:00:00.000,2,43,29,9069,9069,43,2020-09-28,2,29,0.0689655172413793,0.0127767698700982,2.58092806060962
Schuyler,2020-09-29T00:00:00.000,0,43,86,9155,9155,43,2020-09-29,0,86,0,0.0132527442909068,0
Schuyler,2020-09-30T00:00:00.000,4,47,141,9296,9296,47,2020-09-30,4,141,0.0283687943262411,0.013747028537426,5.13983426902755
Schuyler,2020-10-01T00:00:00.000,2,49,110,9406,9406,49,2020-10-01,2,110,0.0181818181818182,0.0142601884886654,2.56009296806651
Schuyler,2020-10-02T00:00:00.000,0,49,89,9495,9495,49,2020-10-02,0,89,0,0.0147928121136812,0
Schuyler,2020-10-03T00:00:00.000,2,51,103,9598,9598,51,2020-10-03,2,103,0.0194174757281553,0.015345511097984,2.56829917599219
Schuyler,2020-10-04T00:00:00.000,6,57,84,9682,9682,57,2020-10-04,6,84,0.0714285714285714,0.0159189225016437,7.77471633991781
Schuyler,2020-10-05T00:00:00.000,1,58,65,9747,9747,58,2020-10-05,1,65,0.0153846153846154,0.0165137104326101,1.30850907431789
Schuyler,2020-10-06T00:00:00.000,1,59,93,9840,9840,59,2020-10-06,1,93,0.010752688172043,0.0171305677165941,1.32136756657636
Schuyler,2020-10-07T00:00:00.000,3,62,178,10018,10018,62,2020-10-07,3,178,0.0168539325842697,0.01777021754252,4.00299499530329
Schuyler,2020-10-08T00:00:00.000,4,66,139,10157,10157,66,2020-10-08,4,139,0.0287769784172662,0.0184334150599149,5.38950100242779
Schuyler,2020-10-09T00:00:00.000,0,66,205,10362,10362,66,2020-10-09,0,205,0,0.0191209489016082,0
Schuyler,2020-10-10T00:00:00.000,1,67,175,10537,10537,67,2020-10-10,1,175,0.00571428571428571,0.0198336426016622,1.37361854019
Schuyler,2020-10-11T00:00:00.000,5,72,97,10634,10634,72,2020-10-11,5,97,0.0515463917525773,0.0205723558743646,6.93394501975164
Seneca,2020-03-01T00:00:00.000,0,0,0,0,0,0,2020-03-01,0,0,0,0.000800891167857797,0
Seneca,2020-03-02T00:00:00.000,0,0,0,0,0,0,2020-03-02,0,0,0,0.000955350851757573,0
Seneca,2020-03-03T00:00:00.000,0,0,0,0,0,0,2020-03-03,0,0,0,0.00113952167301709,0
Seneca,2020-03-04T00:00:00.000,0,0,0,0,0,0,2020-03-04,0,0,0,0.00135900853826634,0
Seneca,2020-03-05T00:00:00.000,0,0,0,0,0,0,2020-03-05,0,0,0,0.00162038478820223,0
Seneca,2020-03-06T00:00:00.000,0,0,0,0,0,0,2020-03-06,0,0,0,0.00193132217588243,0
Seneca,2020-03-07T00:00:00.000,0,0,0,0,0,0,2020-03-07,0,0,0,0.00230072515506975,0
Seneca,2020-03-08T00:00:00.000,0,0,0,0,0,0,2020-03-08,0,0,0,0.00273886458529626,0
Seneca,2020-03-09T00:00:00.000,0,0,0,0,0,0,2020-03-09,0,0,0,0.0032575040338979,0
Seneca,2020-03-10T00:00:00.000,0,0,0,0,0,0,2020-03-10,0,0,0,0.00387000962007338,0
Seneca,2020-03-11T00:00:00.000,0,0,0,0,0,0,2020-03-11,0,0,0,0.00459143186875454,0
Seneca,2020-03-12T00:00:00.000,0,0,0,0,0,0,2020-03-12,0,0,0,0.00543854544658572,0
Seneca,2020-03-13T00:00:00.000,0,0,0,0,0,0,2020-03-13,0,0,0,0.00642983013808468,0
Seneca,2020-03-14T00:00:00.000,0,0,0,0,0,0,2020-03-14,0,0,0,0.00758537427205504,0
Seneca,2020-03-15T00:00:00.000,0,0,1,1,1,0,2020-03-15,0,1,0,0.00892668039962789,0
Seneca,2020-03-16T00:00:00.000,0,0,1,2,2,0,2020-03-16,0,1,0,0.010476352814513,0
Seneca,2020-03-17T00:00:00.000,0,0,1,3,3,0,2020-03-17,0,1,0,0.0122576479997714,0
Seneca,2020-03-18T00:00:00.000,0,0,2,5,5,0,2020-03-18,0,2,0,0.0142938728038832,0
Seneca,2020-03-19T00:00:00.000,0,0,2,7,7,0,2020-03-19,0,2,0,0.0166076215273535,0
Seneca,2020-03-20T00:00:00.000,0,0,6,13,13,0,2020-03-20,0,6,0,0.0192198524130545,0
Seneca,2020-03-21T00:00:00.000,0,0,3,16,16,0,2020-03-21,0,3,0,0.0221488162431823,0
Seneca,2020-03-22T00:00:00.000,0,0,4,20,20,0,2020-03-22,0,4,0,0.0254088644196337,0
Seneca,2020-03-23T00:00:00.000,0,0,11,31,31,0,2020-03-23,0,11,0,0.0290091800969672,0
Seneca,2020-03-24T00:00:00.000,0,0,0,31,31,0,2020-03-24,0,0,0,0.0329524921875766,0
Seneca,2020-03-25T00:00:00.000,0,0,6,37,37,0,2020-03-25,0,6,0,0.0372338464441127,0
Seneca,2020-03-26T00:00:00.000,0,0,11,48,48,0,2020-03-26,0,11,0,0.0418395181637788,0
Seneca,2020-03-27T00:00:00.000,0,0,16,64,64,0,2020-03-27,0,16,0,0.0467461552125606,0
Seneca,2020-03-28T00:00:00.000,0,0,4,68,68,0,2020-03-28,0,4,0,0.0519202363315016,0
Seneca,2020-03-29T00:00:00.000,0,0,5,73,73,0,2020-03-29,0,5,0,0.0573179171825666,0
Seneca,2020-03-30T00:00:00.000,2,2,7,80,80,2,2020-03-30,2,7,0.285714285714286,0.0628853156189174,2.15787744676315
Seneca,2020-03-31T00:00:00.000,0,2,1,81,81,2,2020-03-31,0,1,0,0.0685592597829051,0
Seneca,2020-04-01T00:00:00.000,2,4,14,95,95,4,2020-04-01,2,14,0.142857142857143,0.0742684906185125,2.20026770316697
Seneca,2020-04-02T00:00:00.000,2,6,13,108,108,6,2020-04-02,2,13,0.153846153846154,0.0799352777880286,2.1881846567106
Seneca,2020-04-03T00:00:00.000,0,6,7,115,115,6,2020-04-03,0,7,0,0.08547737860841,0
Seneca,2020-04-04T00:00:00.000,3,9,15,130,130,9,2020-04-04,3,15,0.2,0.0908102468213119,3.28024833552855
Seneca,2020-04-05T00:00:00.000,0,9,11,141,141,9,2020-04-05,0,11,0,0.0958493841422796,0
Seneca,2020-04-06T00:00:00.000,1,10,8,149,149,10,2020-04-06,1,8,0.125,0.100512723539501,1.10727367789737
Seneca,2020-04-07T00:00:00.000,2,12,14,163,163,12,2020-04-07,2,14,0.142857142857143,0.104722938534959,2.24047669642494
Seneca,2020-04-08T00:00:00.000,3,15,20,183,183,15,2020-04-08,3,20,0.15,0.108409585716452,3.39857561560069
Seneca,2020-04-09T00:00:00.000,0,15,8,191,191,15,2020-04-09,0,8,0,0.111511005459234,0
Seneca,2020-04-10T00:00:00.000,1,16,5,196,196,16,2020-04-10,1,5,0.2,0.113975925668876,1.15715934571663
Seneca,2020-04-11T00:00:00.000,0,16,3,199,199,16,2020-04-11,0,3,0,0.115764732561121,0
Seneca,2020-04-12T00:00:00.000,0,16,1,200,200,16,2020-04-12,0,1,0,0.116850389040515,0
Seneca,2020-04-13T00:00:00.000,2,18,33,233,233,18,2020-04-13,2,33,0.0606060606060606,0.117218994116366,2.40539066189583
Seneca,2020-04-14T00:00:00.000,0,18,1,234,234,18,2020-04-14,0,1,0,0.116869985763378,0
Seneca,2020-04-15T00:00:00.000,0,18,2,236,236,18,2020-04-15,0,2,0,0.115815995414119,0
Seneca,2020-04-16T00:00:00.000,0,18,3,239,239,18,2020-04-16,0,3,0,0.114082366000798,0
Seneca,2020-04-17T00:00:00.000,0,18,2,241,241,18,2020-04-17,0,2,0,0.111706348662059,0
Seneca,2020-04-18T00:00:00.000,0,18,5,246,246,18,2020-04-18,0,5,0,0.108735997256734,0
Seneca,2020-04-19T00:00:00.000,0,18,2,248,248,18,2020-04-19,0,2,0,0.105228785735381,0
Seneca,2020-04-20T00:00:00.000,0,18,0,248,248,18,2020-04-20,0,0,0,0.101249981704636,0
Seneca,2020-04-21T00:00:00.000,0,18,3,251,251,18,2020-04-21,0,3,0,0.0968708199134525,0
Seneca,2020-04-22T00:00:00.000,0,18,15,266,266,18,2020-04-22,0,15,0,0.0921665310050549,0
Seneca,2020-04-23T00:00:00.000,0,18,5,271,271,18,2020-04-23,0,5,0,0.0872142921773865,0
Seneca,2020-04-24T00:00:00.000,18,36,135,406,406,36,2020-04-24,18,135,0.133333333333333,0.0820911755252189,22.4929589009042
Seneca,2020-04-25T00:00:00.000,2,38,11,417,417,38,2020-04-25,2,11,0.181818181818182,0.0768721749731082,2.48789855775418
Seneca,2020-04-26T00:00:00.000,0,38,12,429,429,38,2020-04-26,0,12,0,0.0716283923167605,0
Seneca,2020-04-27T00:00:00.000,0,38,9,438,438,38,2020-04-27,0,9,0,0.0664254562019204,0
Seneca,2020-04-28T00:00:00.000,0,38,13,451,451,38,2020-04-28,0,13,0,0.0613222349251907,0
Seneca,2020-04-29T00:00:00.000,1,39,24,475,475,39,2020-04-29,1,24,0.0416666666666667,0.0563698857862137,1.20962471539352
Seneca,2020-04-30T00:00:00.000,2,41,22,497,497,41,2020-04-30,2,22,0.0909090909090909,0.0516112621328801,2.41429889913283
Seneca,2020-05-01T00:00:00.000,1,42,26,523,523,42,2020-05-01,1,26,0.0384615384615385,0.0470806765201189,1.20410232755878
Seneca,2020-05-02T00:00:00.000,3,45,51,574,574,45,2020-05-02,3,51,0.0588235294117647,0.0428039969594336,3.59768351990906
Seneca,2020-05-03T00:00:00.000,0,45,19,593,593,45,2020-05-03,0,19,0,0.0387990351740604,0
Seneca,2020-05-04T00:00:00.000,1,46,26,619,619,46,2020-05-04,1,26,0.0384615384615385,0.0350761726415054,1.18224137138772
Seneca,2020-05-05T00:00:00.000,0,46,20,639,639,46,2020-05-05,0,20,0,0.0316391627715688,0
Seneca,2020-05-06T00:00:00.000,0,46,24,663,663,46,2020-05-06,0,24,0,0.0284860458167211,0
Seneca,2020-05-07T00:00:00.000,0,46,19,682,682,46,2020-05-07,0,19,0,0.0256101163889946,0
Seneca,2020-05-08T00:00:00.000,2,48,46,728,728,48,2020-05-08,2,46,0.0434782608695652,0.0230008906117197,2.29512670425132
Seneca,2020-05-09T00:00:00.000,1,49,42,770,770,49,2020-05-09,1,42,0.0238095238095238,0.0206450296212187,1.14303288538713
Seneca,2020-05-10T00:00:00.000,0,49,41,811,811,49,2020-05-10,0,41,0,0.0185271869942788,0
Seneca,2020-05-11T00:00:00.000,0,49,25,836,836,49,2020-05-11,0,25,0,0.0166307585271083,0
Seneca,2020-05-12T00:00:00.000,0,49,49,885,885,49,2020-05-12,0,49,0,0.0149385227225452,0
Seneca,2020-05-13T00:00:00.000,0,49,40,925,925,49,2020-05-13,0,40,0,0.0134331687618202,0
Seneca,2020-05-14T00:00:00.000,0,49,30,955,955,49,2020-05-14,0,30,0,0.0120977153477629,0
Seneca,2020-05-15T00:00:00.000,1,50,29,984,984,50,2020-05-15,1,29,0.0344827586206897,0.0109158285605555,1.14086432579139
Seneca,2020-05-16T00:00:00.000,1,51,48,1032,1032,51,2020-05-16,1,48,0.0208333333333333,0.00987204990304124,1.14303966683065
Seneca,2020-05-17T00:00:00.000,0,51,122,1154,1154,51,2020-05-17,0,122,0,0.00895194727380293,0
Seneca,2020-05-18T00:00:00.000,0,51,65,1219,1219,51,2020-05-18,0,65,0,0.00814220200014551,0
Seneca,2020-05-19T00:00:00.000,1,52,50,1269,1269,52,2020-05-19,1,50,0.02,0.00743064459222992,1.13581141431122
Seneca,2020-05-20T00:00:00.000,0,52,79,1348,1348,52,2020-05-20,0,79,0,0.00680625083442285,0
Seneca,2020-05-21T00:00:00.000,2,54,54,1402,1402,54,2020-05-21,2,54,0.037037037037037,0.00625910844482384,2.26731546020421
Seneca,2020-05-22T00:00:00.000,0,54,51,1453,1453,54,2020-05-22,0,51,0,0.00578036300359128,0
Seneca,2020-05-23T00:00:00.000,1,55,103,1556,1556,55,2020-05-23,1,103,0.00970873786407767,0.00536215031327496,1.13157382376592
Seneca,2020-05-24T00:00:00.000,0,55,56,1612,1612,55,2020-05-24,0,56,0,0.00499752090451458,0
Seneca,2020-05-25T00:00:00.000,0,55,86,1698,1698,55,2020-05-25,0,86,0,0.00468036109796604,0
Seneca,2020-05-26T00:00:00.000,0,55,50,1748,1748,55,2020-05-26,0,50,0,0.00440531390390396,0
Seneca,2020-05-27T00:00:00.000,1,56,77,1825,1825,56,2020-05-27,1,77,0.012987012987013,0.00416770209536123,1.12124184689038
Seneca,2020-05-28T00:00:00.000,1,57,140,1965,1965,57,2020-05-28,1,140,0.00714285714285714,0.00396345501943808,1.11886166490524
Seneca,2020-05-29T00:00:00.000,1,58,68,2033,2033,58,2020-05-29,1,68,0.0147058823529412,0.00378904010100302,1.11610829871916
Seneca,2020-05-30T00:00:00.000,0,58,138,2171,2171,58,2020-05-30,0,138,0,0.00364139952274092,0
Seneca,2020-05-31T00:00:00.000,1,59,81,2252,2252,59,2020-05-31,1,81,0.0123456790123457,0.00351789221449186,1.12916937272379
Seneca,2020-06-01T00:00:00.000,0,59,60,2312,2312,59,2020-06-01,0,60,0,0.00341624103205602,0
Seneca,2020-06-02T00:00:00.000,1,60,157,2469,2469,60,2020-06-02,1,157,0.00636942675159236,0.00333448483325068,1.14940325099781
Seneca,2020-06-03T00:00:00.000,0,60,106,2575,2575,60,2020-06-03,0,106,0,0.00327093504995627,0
Seneca,2020-06-04T00:00:00.000,1,61,141,2716,2716,61,2020-06-04,1,141,0.00709219858156028,0.00322413629613586,1.16321854942896
Seneca,2020-06-05T00:00:00.000,0,61,165,2881,2881,61,2020-06-05,0,165,0,0.00319283053307914,0
Seneca,2020-06-06T00:00:00.000,0,61,162,3043,3043,61,2020-06-06,0,162,0,0.00317592432528588,0
Seneca,2020-06-07T00:00:00.000,0,61,118,3161,3161,61,2020-06-07,0,118,0,0.00317245875769285,0
Seneca,2020-06-08T00:00:00.000,0,61,91,3252,3252,61,2020-06-08,0,91,0,0.00318158164259176,0
Seneca,2020-06-09T00:00:00.000,0,61,98,3350,3350,61,2020-06-09,0,98,0,0.00320252171881123,0
Seneca,2020-06-10T00:00:00.000,1,62,198,3548,3548,62,2020-06-10,1,198,0.00505050505050505,0.00323456463305299,1.1770090224922
Seneca,2020-06-11T00:00:00.000,1,63,198,3746,3746,63,2020-06-11,1,198,0.00505050505050505,0.00327703059097562,1.17729193187892
Seneca,2020-06-12T00:00:00.000,0,63,86,3832,3832,63,2020-06-12,0,86,0,0.00332925366973359,0
Seneca,2020-06-13T00:00:00.000,0,63,127,3959,3959,63,2020-06-13,0,127,0,0.00339056288960875,0
Seneca,2020-06-14T00:00:00.000,1,64,103,4062,4062,64,2020-06-14,1,103,0.00970873786407767,0.00346026524477492,1.17400078108619
Seneca,2020-06-15T00:00:00.000,0,64,105,4167,4167,64,2020-06-15,0,105,0,0.00353763098505812,0
Seneca,2020-06-16T00:00:00.000,0,64,81,4248,4248,64,2020-06-16,0,81,0,0.00362188151431006,0
Seneca,2020-06-17T00:00:00.000,0,64,34,4282,4282,64,2020-06-17,0,34,0,0.00371218031817772,0
Seneca,2020-06-18T00:00:00.000,0,64,80,4362,4362,64,2020-06-18,0,80,0,0.00380762734652425,0
Seneca,2020-06-19T00:00:00.000,0,64,80,4442,4442,64,2020-06-19,0,80,0,0.00390725724672965,0
Seneca,2020-06-20T00:00:00.000,0,64,123,4565,4565,64,2020-06-20,0,123,0,0.00401004176831487,0
Seneca,2020-06-21T00:00:00.000,0,64,80,4645,4645,64,2020-06-21,0,80,0,0.00411489653573006,0
Seneca,2020-06-22T00:00:00.000,0,64,78,4723,4723,64,2020-06-22,0,78,0,0.00422069221726921,0
Seneca,2020-06-23T00:00:00.000,0,64,62,4785,4785,64,2020-06-23,0,62,0,0.00432626991183804,0
Seneca,2020-06-24T00:00:00.000,2,66,61,4846,4846,66,2020-06-24,2,61,0.0327868852459016,0.00443046034415689,2.29721745106632
Seneca,2020-06-25T00:00:00.000,3,69,89,4935,4935,69,2020-06-25,3,89,0.0337078651685393,0.00453210622118845,3.44761954316611
Seneca,2020-06-26T00:00:00.000,0,69,82,5017,5017,69,2020-06-26,0,82,0,0.00463008687667132,0
Seneca,2020-06-27T00:00:00.000,0,69,93,5110,5110,69,2020-06-27,0,93,0,0.00472334414075875,0
Seneca,2020-06-28T00:00:00.000,0,69,118,5228,5228,69,2020-06-28,0,118,0,0.00481090823615928,0
Seneca,2020-06-29T00:00:00.000,0,69,60,5288,5288,69,2020-06-29,0,60,0,0.00489192243905045,0
Seneca,2020-06-30T00:00:00.000,1,70,109,5397,5397,70,2020-06-30,1,109,0.00917431192660551,0.00496566526302268,1.14202059198647
Seneca,2020-07-01T00:00:00.000,0,70,44,5441,5441,70,2020-07-01,0,44,0,0.00503156903000949,0
Seneca,2020-07-02T00:00:00.000,0,70,47,5488,5488,70,2020-07-02,0,47,0,0.00508923387886367,0
Seneca,2020-07-03T00:00:00.000,0,70,98,5586,5586,70,2020-07-03,0,98,0,0.0051384365162825,0
Seneca,2020-07-04T00:00:00.000,1,71,42,5628,5628,71,2020-07-04,1,42,0.0238095238095238,0.00517913331482538,1.14543314407459
Seneca,2020-07-05T00:00:00.000,0,71,60,5688,5688,71,2020-07-05,0,60,0,0.00521145768527021,0
Seneca,2020-07-06T00:00:00.000,0,71,82,5770,5770,71,2020-07-06,0,82,0,0.00523571196702866,0
Seneca,2020-07-07T00:00:00.000,0,71,105,5875,5875,71,2020-07-07,0,105,0,0.00525235436631975,0
Seneca,2020-07-08T00:00:00.000,2,73,115,5990,5990,73,2020-07-08,2,115,0.0173913043478261,0.00526198170547996,2.27134570370601
Seneca,2020-07-09T00:00:00.000,0,73,85,6075,6075,73,2020-07-09,0,85,0,0.00526530891225267,0
Seneca,2020-07-10T00:00:00.000,1,74,176,6251,6251,74,2020-07-10,1,176,0.00568181818181818,0.00526314626818304,1.13073617266196
Seneca,2020-07-11T00:00:00.000,0,74,110,6361,6361,74,2020-07-11,0,110,0,0.00525637544886842,0
Seneca,2020-07-12T00:00:00.000,0,74,84,6445,6445,74,2020-07-12,0,84,0,0.0052459253327798,0
Seneca,2020-07-13T00:00:00.000,0,74,104,6549,6549,74,2020-07-13,0,104,0,0.00523274844210628,0
Seneca,2020-07-14T00:00:00.000,2,76,139,6688,6688,76,2020-07-14,2,139,0.0143884892086331,0.00521779872262447,2.23632013099178
Seneca,2020-07-15T00:00:00.000,0,76,116,6804,6804,76,2020-07-15,0,116,0,0.00520201118936582,0
Seneca,2020-07-16T00:00:00.000,1,77,109,6913,6913,77,2020-07-16,1,109,0.00917431192660551,0.00518628377526881,1.11216207921332
Seneca,2020-07-17T00:00:00.000,1,78,108,7021,7021,78,2020-07-17,1,108,0.00925925925925926,0.00517146153829069,1.11330247999817
Seneca,2020-07-18T00:00:00.000,2,80,89,7110,7110,80,2020-07-18,2,89,0.0224719101123595,0.00515832321940632,2.22800785933716
Seneca,2020-07-19T00:00:00.000,0,80,79,7189,7189,80,2020-07-19,0,79,0,0.00514757000934463,0
Seneca,2020-07-20T00:00:00.000,0,80,79,7268,7268,80,2020-07-20,0,79,0,0.00513981628079864,0
Seneca,2020-07-21T00:00:00.000,0,80,70,7338,7338,80,2020-07-21,0,70,0,0.00513558197852786,0
Seneca,2020-07-22T00:00:00.000,0,80,145,7483,7483,80,2020-07-22,0,145,0,0.00513528633052401,0
Seneca,2020-07-23T00:00:00.000,3,83,145,7628,7628,83,2020-07-23,3,145,0.0206896551724138,0.00513924254982809,3.28151333475115
Seneca,2020-07-24T00:00:00.000,0,83,173,7801,7801,83,2020-07-24,0,173,0,0.00514765323245562,0
Seneca,2020-07-25T00:00:00.000,0,83,145,7946,7946,83,2020-07-25,0,145,0,0.00516060622076599,0
Seneca,2020-07-26T00:00:00.000,0,83,48,7994,7994,83,2020-07-26,0,48,0,0.00517807078745005,0
Seneca,2020-07-27T00:00:00.000,1,84,36,8030,8030,84,2020-07-27,1,36,0.0277777777777778,0.00519989409880367,1.08294059254527
Seneca,2020-07-28T00:00:00.000,0,84,68,8098,8098,84,2020-07-28,0,68,0,0.00522579803217942,0
Seneca,2020-07-29T00:00:00.000,0,84,102,8200,8200,84,2020-07-29,0,102,0,0.00525537654577185,0
Seneca,2020-07-30T00:00:00.000,0,84,137,8337,8337,84,2020-07-30,0,137,0,0.00528809392191914,0
Seneca,2020-07-31T00:00:00.000,1,85,124,8461,8461,85,2020-07-31,1,124,0.00806451612903226,0.00532328432229326,1.09588541981903
Seneca,2020-08-01T00:00:00.000,1,86,77,8538,8538,86,2020-08-01,1,77,0.012987012987013,0.00536015319322831,1.10075443193586
Seneca,2020-08-02T00:00:00.000,0,86,43,8581,8581,86,2020-08-02,0,43,0,0.00539778113445787,0
Seneca,2020-08-03T00:00:00.000,0,86,101,8682,8682,86,2020-08-03,0,101,0,0.00543513088205492,0
Seneca,2020-08-04T00:00:00.000,0,86,55,8737,8737,86,2020-08-04,0,55,0,0.00547105804532097,0
Seneca,2020-08-05T00:00:00.000,0,86,135,8872,8872,86,2020-08-05,0,135,0,0.00550432616754234,0
Seneca,2020-08-06T00:00:00.000,1,87,136,9008,9008,87,2020-08-06,1,136,0.00735294117647059,0.00553362654361829,1.11147233979605
Seneca,2020-08-07T00:00:00.000,2,89,106,9114,9114,89,2020-08-07,2,106,0.0188679245283019,0.00555760301813706,2.2221860366181
Seneca,2020-08-08T00:00:00.000,0,89,98,9212,9212,89,2020-08-08,0,98,0,0.0055748817088413,0
Seneca,2020-08-09T00:00:00.000,1,90,38,9250,9250,90,2020-08-09,1,38,0.0263157894736842,0.00558410526069864,1.1138806452372
Seneca,2020-08-10T00:00:00.000,1,91,93,9343,9343,91,2020-08-10,1,93,0.010752688172043,0.0055839708524634,1.11446532778952
Seneca,2020-08-11T00:00:00.000,0,91,89,9432,9432,91,2020-08-11,0,89,0,0.00557327077929605,0
Seneca,2020-08-12T00:00:00.000,1,92,100,9532,9532,92,2020-08-12,1,100,0.01,0.00555093405449156,1.11289780563873
Seneca,2020-08-13T00:00:00.000,1,93,133,9665,9665,93,2020-08-13,1,133,0.0075187969924812,0.00551606715190071,1.1107843816317
Seneca,2020-08-14T00:00:00.000,0,93,83,9748,9748,93,2020-08-14,0,83,0,0.00546799178970248,0
Seneca,2020-08-15T00:00:00.000,0,93,133,9881,9881,93,2020-08-15,0,133,0,0.00540627757343381,0
Seneca,2020-08-16T00:00:00.000,1,94,85,9966,9966,94,2020-08-16,1,85,0.0117647058823529,0.00533076739945029,1.10569246614852
Seneca,2020-08-17T00:00:00.000,1,95,67,10033,10033,95,2020-08-17,1,67,0.0149253731343284,0.00524159378514971,1.10679796723663
Seneca,2020-08-18T00:00:00.000,0,95,66,10099,10099,95,2020-08-18,0,66,0,0.00513918473179365,0
Seneca,2020-08-19T00:00:00.000,0,95,107,10206,10206,95,2020-08-19,0,107,0,0.00502425831628736,0
Seneca,2020-08-20T00:00:00.000,0,95,131,10337,10337,95,2020-08-20,0,131,0,0.0048978059044552,0
Seneca,2020-08-21T00:00:00.000,0,95,143,10480,10480,95,2020-08-21,0,143,0,0.00476106461869101,0
Seneca,2020-08-22T00:00:00.000,0,95,69,10549,10549,95,2020-08-22,0,69,0,0.00461548040924461,0
Seneca,2020-08-23T00:00:00.000,0,95,84,10633,10633,95,2020-08-23,0,84,0,0.00446266370167517,0
Seneca,2020-08-24T00:00:00.000,1,96,100,10733,10733,96,2020-08-24,1,100,0.01,0.00430434006032633,1.09050782585977
Seneca,2020-08-25T00:00:00.000,2,98,59,10792,10792,98,2020-08-25,2,59,0.0338983050847458,0.00414229857848764,2.16661087953498
Seneca,2020-08-26T00:00:00.000,0,98,97,10889,10889,98,2020-08-26,0,97,0,0.00397834075576859,0
Seneca,2020-08-27T00:00:00.000,0,98,167,11056,11056,98,2020-08-27,0,167,0,0.00381423245791694,0
Seneca,2020-08-28T00:00:00.000,0,98,137,11193,11193,98,2020-08-28,0,137,0,0.00365166119934202,0
Seneca,2020-08-29T00:00:00.000,2,100,111,11304,11304,100,2020-08-29,2,111,0.018018018018018,0.0034922004911934,2.12173218622491
Seneca,2020-08-30T00:00:00.000,0,100,61,11365,11365,100,2020-08-30,0,61,0,0.00333728241404809,0
Seneca,2020-08-31T00:00:00.000,0,100,48,11413,11413,100,2020-08-31,0,48,0,0.00318817896729358,0
Seneca,2020-09-01T00:00:00.000,0,100,61,11474,11474,100,2020-09-01,0,61,0,0.00304599217260916,0
Seneca,2020-09-02T00:00:00.000,1,101,80,11554,11554,101,2020-09-02,1,80,0.0125,0.00291165241436217,1.0516964416968
Seneca,2020-09-03T00:00:00.000,1,102,122,11676,11676,102,2020-09-03,1,122,0.00819672131147541,0.00278592411643818,1.05447719285846
Seneca,2020-09-04T00:00:00.000,0,102,121,11797,11797,102,2020-09-04,0,121,0,0.00266941759959933,0
Seneca,2020-09-05T00:00:00.000,0,102,175,11972,11972,102,2020-09-05,0,175,0,0.0025626058357535,0
Seneca,2020-09-06T00:00:00.000,0,102,30,12002,12002,102,2020-09-06,0,30,0,0.00246584480436884,0
Seneca,2020-09-07T00:00:00.000,0,102,38,12040,12040,102,2020-09-07,0,38,0,0.0023793962403855,0
Seneca,2020-09-08T00:00:00.000,0,102,76,12116,12116,102,2020-09-08,0,76,0,0.002303451717497,0
Seneca,2020-09-09T00:00:00.000,1,103,72,12188,12188,103,2020-09-09,1,72,0.0138888888888889,0.00223815720862901,1.04864953121303
Seneca,2020-09-10T00:00:00.000,0,103,79,12267,12267,103,2020-09-10,0,79,0,0.00218363748325416,0
Seneca,2020-09-11T00:00:00.000,1,104,196,12463,12463,104,2020-09-11,1,196,0.00510204081632653,0.00214001991746647,1.05085183866732
Seneca,2020-09-12T00:00:00.000,0,104,79,12542,12542,104,2020-09-12,0,79,0,0.00210745749271614,0
Seneca,2020-09-13T00:00:00.000,0,104,104,12646,12646,104,2020-09-13,0,104,0,0.00208615093151643,0
Seneca,2020-09-14T00:00:00.000,0,104,89,12735,12735,104,2020-09-14,0,89,0,0.00207637005758433,0
Seneca,2020-09-15T00:00:00.000,0,104,128,12863,12863,104,2020-09-15,0,128,0,0.00207847457050384,0
Seneca,2020-09-16T00:00:00.000,0,104,104,12967,12967,104,2020-09-16,0,104,0,0.00209293449139415,0
Seneca,2020-09-17T00:00:00.000,1,105,152,13119,13119,105,2020-09-17,1,152,0.00657894736842105,0.00212035056688003,1.08009003796897
Seneca,2020-09-18T00:00:00.000,0,105,204,13323,13323,105,2020-09-18,0,204,0,0.0021614749157271,0
Seneca,2020-09-19T00:00:00.000,0,105,97,13420,13420,105,2020-09-19,0,97,0,0.00221723216752962,0
Seneca,2020-09-20T00:00:00.000,0,105,64,13484,13484,105,2020-09-20,0,64,0,0.00228874127641669,0
Seneca,2020-09-21T00:00:00.000,0,105,129,13613,13613,105,2020-09-21,0,129,0,0.00237733809676073,0
Seneca,2020-09-22T00:00:00.000,0,105,88,13701,13701,105,2020-09-22,0,88,0,0.00248459868189932,0
Seneca,2020-09-23T00:00:00.000,0,105,134,13835,13835,105,2020-09-23,0,134,0,0.00261236311424046,0
Seneca,2020-09-24T00:00:00.000,1,106,203,14038,14038,106,2020-09-24,1,203,0.00492610837438424,0.00276275949881758,1.11542233563206
Seneca,2020-09-25T00:00:00.000,0,106,168,14206,14206,106,2020-09-25,0,168,0,0.00293822756062105,0
Seneca,2020-09-26T00:00:00.000,0,106,84,14290,14290,106,2020-09-26,0,84,0,0.00314154109282277,0
Seneca,2020-09-27T00:00:00.000,0,106,122,14412,14412,106,2020-09-27,0,122,0,0.00337582832934012,0
Seneca,2020-09-28T00:00:00.000,1,107,41,14453,14453,107,2020-09-28,1,41,0.024390243902439,0.00364458919325316,1.13833124042556
Seneca,2020-09-29T00:00:00.000,0,107,148,14601,14601,107,2020-09-29,0,148,0,0.00395170834623208,0
Seneca,2020-09-30T00:00:00.000,1,108,151,14752,14752,108,2020-09-30,1,151,0.00662251655629139,0.00430146308908559,1.14401010598184
Seneca,2020-10-01T00:00:00.000,2,110,128,14880,14880,110,2020-10-01,2,128,0.015625,0.00469852550926408,2.29107533052836
Seneca,2020-10-02T00:00:00.000,0,110,206,15086,15086,110,2020-10-02,0,206,0,0.00514795891456559,0
Seneca,2020-10-03T00:00:00.000,0,110,99,15185,15185,110,2020-10-03,0,99,0,0.00565520961480308,0
Seneca,2020-10-04T00:00:00.000,1,111,99,15284,15284,111,2020-10-04,1,99,0.0101010101010101,0.00622609659234841,1.17967811053025
Seneca,2020-10-05T00:00:00.000,1,112,126,15410,15410,112,2020-10-05,1,126,0.00793650793650794,0.00686680360044963,1.19858195470838
Seneca,2020-10-06T00:00:00.000,0,112,119,15529,15529,112,2020-10-06,0,119,0,0.0075838807845717,0
Seneca,2020-10-07T00:00:00.000,2,114,110,15639,15639,114,2020-10-07,2,110,0.0181818181818182,0.0083842660466119,2.47554610265012
Seneca,2020-10-08T00:00:00.000,0,114,109,15748,15748,114,2020-10-08,0,109,0,0.00927534004711649,0
Seneca,2020-10-09T00:00:00.000,1,115,188,15936,15936,115,2020-10-09,1,188,0.00531914893617021,0.0102650329388623,1.27842764405335
Seneca,2020-10-10T00:00:00.000,4,119,151,16087,16087,119,2020-10-10,4,151,0.0264900662251656,0.0113620056454035,5.196744763455
Seneca,2020-10-11T00:00:00.000,1,120,93,16180,16180,120,2020-10-11,1,93,0.010752688172043,0.0125759338281132,1.32018869935016
St. Lawrence,2020-03-01T00:00:00.000,0,0,0,0,0,0,2020-03-01,0,0,0,0.00869403286355917,0
St. Lawrence,2020-03-02T00:00:00.000,0,0,0,0,0,0,2020-03-02,0,0,0,0.00927323920771598,0
St. Lawrence,2020-03-03T00:00:00.000,0,0,0,0,0,0,2020-03-03,0,0,0,0.00989124204528765,0
St. Lawrence,2020-03-04T00:00:00.000,0,0,0,0,0,0,2020-03-04,0,0,0,0.0105516345131702,0
St. Lawrence,2020-03-05T00:00:00.000,0,0,0,0,0,0,2020-03-05,0,0,0,0.0112588506980482,0
St. Lawrence,2020-03-06T00:00:00.000,0,0,0,0,0,0,2020-03-06,0,0,0,0.012018259351157,0
St. Lawrence,2020-03-07T00:00:00.000,0,0,2,2,2,0,2020-03-07,0,2,0,0.0128362581434054,0
St. Lawrence,2020-03-08T00:00:00.000,0,0,0,2,2,0,2020-03-08,0,0,0,0.0137203684730389,0
St. Lawrence,2020-03-09T00:00:00.000,0,0,0,2,2,0,2020-03-09,0,0,0,0.0146793306712482,0
St. Lawrence,2020-03-10T00:00:00.000,0,0,1,3,3,0,2020-03-10,0,1,0,0.0157231989170319,0
St. Lawrence,2020-03-11T00:00:00.000,0,0,2,5,5,0,2020-03-11,0,2,0,0.0168634341957675,0
St. Lawrence,2020-03-12T00:00:00.000,0,0,1,6,6,0,2020-03-12,0,1,0,0.0181129921732465,0
St. Lawrence,2020-03-13T00:00:00.000,0,0,1,7,7,0,2020-03-13,0,1,0,0.0194864008538147,0
St. Lawrence,2020-03-14T00:00:00.000,0,0,1,8,8,0,2020-03-14,0,1,0,0.020999820311966,0
St. Lawrence,2020-03-15T00:00:00.000,0,0,1,9,9,0,2020-03-15,0,1,0,0.0226710736274416,0
St. Lawrence,2020-03-16T00:00:00.000,0,0,0,9,9,0,2020-03-16,0,0,0,0.0245196344255661,0
St. Lawrence,2020-03-17T00:00:00.000,0,0,7,16,16,0,2020-03-17,0,7,0,0.0265665522476973,0
St. Lawrence,2020-03-18T00:00:00.000,0,0,3,19,19,0,2020-03-18,0,3,0,0.0288342925222562,0
St. Lawrence,2020-03-19T00:00:00.000,0,0,7,26,26,0,2020-03-19,0,7,0,0.0313464635586726,0
St. Lawrence,2020-03-20T00:00:00.000,0,0,7,33,33,0,2020-03-20,0,7,0,0.0341273992586059,0
St. Lawrence,2020-03-21T00:00:00.000,1,1,20,53,53,1,2020-03-21,1,20,0.05,0.0372015639492289,1.19870245680606
St. Lawrence,2020-03-22T00:00:00.000,0,1,9,62,62,1,2020-03-22,0,9,0,0.040592745905598,0
St. Lawrence,2020-03-23T00:00:00.000,0,1,6,68,68,1,2020-03-23,0,6,0,0.0443230100317261,0
St. Lawrence,2020-03-24T00:00:00.000,0,1,10,78,78,1,2020-03-24,0,10,0,0.0484113891835253,0
St. Lawrence,2020-03-25T00:00:00.000,1,2,14,92,92,2,2020-03-25,1,14,0.0714285714285714,0.0528723090622619,1.10803398727267
St. Lawrence,2020-03-26T00:00:00.000,1,3,29,121,121,3,2020-03-26,1,29,0.0344827586206897,0.0577137643819237,1.09886191727639
St. Lawrence,2020-03-27T00:00:00.000,5,8,82,203,203,8,2020-03-27,5,82,0.0609756097560976,0.0629352941997349,5.45704945802581
St. Lawrence,2020-03-28T00:00:00.000,4,12,65,268,268,12,2020-03-28,4,65,0.0615384615384615,0.0685258406755722,4.35146561768716
St. Lawrence,2020-03-29T00:00:00.000,1,13,44,312,312,13,2020-03-29,1,44,0.0227272727272727,0.0744616152058378,1.09437553557064
St. Lawrence,2020-03-30T00:00:00.000,17,30,74,386,386,30,2020-03-30,17,74,0.22972972972973,0.0807041340582983,18.805303866848
St. Lawrence,2020-03-31T00:00:00.000,4,34,32,418,418,34,2020-03-31,4,32,0.125,0.0871986160046246,4.46782217929735
St. Lawrence,2020-04-01T00:00:00.000,5,39,30,448,448,39,2020-04-01,5,30,0.166666666666667,0.0938729498524672,5.63104657439303
St. Lawrence,2020-04-02T00:00:00.000,4,43,54,502,502,43,2020-04-02,4,54,0.0740740740740741,0.100637433747344,4.47832977187902
St. Lawrence,2020-04-03T00:00:00.000,9,52,81,583,583,52,2020-04-03,9,81,0.111111111111111,0.107385456498321,10.0277391278224
St. Lawrence,2020-04-04T00:00:00.000,3,55,46,629,629,55,2020-04-04,3,46,0.0652173913043478,0.113995233869454,3.35569057073769
St. Lawrence,2020-04-05T00:00:00.000,4,59,43,672,672,59,2020-04-05,4,43,0.0930232558139535,0.120332634521955,4.48734826680089
St. Lawrence,2020-04-06T00:00:00.000,1,60,64,736,736,60,2020-04-06,1,64,0.015625,0.126255040526749,1.13281174844198
St. Lawrence,2020-04-07T00:00:00.000,9,69,69,805,805,69,2020-04-07,9,69,0.130434782608696,0.131616098447824,10.3152477711181
St. Lawrence,2020-04-08T00:00:00.000,7,76,50,855,855,76,2020-04-08,7,50,0.14,0.136271141333643,8.11348323711841
St. Lawrence,2020-04-09T00:00:00.000,2,78,24,879,879,78,2020-04-09,2,24,0.0833333333333333,0.140083008976613,2.34327122054132
St. Lawrence,2020-04-10T00:00:00.000,2,80,19,898,898,80,2020-04-10,2,19,0.105263157894737,0.142927967460858,2.36730149236561
St. Lawrence,2020-04-11T00:00:00.000,5,85,65,963,963,85,2020-04-11,5,65,0.0769230769230769,0.144701426882334,5.97977623030222
St. Lawrence,2020-04-12T00:00:00.000,4,89,47,1010,1010,89,2020-04-12,4,47,0.0851063829787234,0.145323170891084,4.8509646691315
St. Lawrence,2020-04-13T00:00:00.000,3,92,29,1039,1039,92,2020-04-13,3,29,0.103448275862069,0.144741833544426,3.68499147641082
St. Lawrence,2020-04-14T00:00:00.000,0,92,7,1046,1046,92,2020-04-14,0,7,0,0.142938379955006,0
St. Lawrence,2020-04-15T00:00:00.000,1,93,48,1094,1094,93,2020-04-15,1,48,0.0208333333333333,0.139928364098637,1.25359001748434
St. Lawrence,2020-04-16T00:00:00.000,3,96,16,1110,1110,96,2020-04-16,3,16,0.1875,0.135762753971905,3.78187907244217
St. Lawrence,2020-04-17T00:00:00.000,2,98,6,1116,1116,98,2020-04-17,2,6,0.333333333333333,0.130527141599264,2.53122550231237
St. Lawrence,2020-04-18T00:00:00.000,7,105,25,1141,1141,105,2020-04-18,7,25,0.28,0.124339207836306,8.87823037599388
St. Lawrence,2020-04-19T00:00:00.000,5,110,24,1165,1165,110,2020-04-19,5,24,0.208333333333333,0.117344402774939,6.343930128324
St. Lawrence,2020-04-20T00:00:00.000,10,120,17,1182,1182,120,2020-04-20,10,17,0.588235294117647,0.109709937441555,12.6719012014513
St. Lawrence,2020-04-21T00:00:00.000,3,123,6,1188,1188,123,2020-04-21,3,6,0.5,0.101617353874268,3.79064206655633
St. Lawrence,2020-04-22T00:00:00.000,16,139,94,1282,1282,139,2020-04-22,16,94,0.170212765957447,0.0932541251595947,20.1262391558316
St. Lawrence,2020-04-23T00:00:00.000,5,144,37,1319,1319,144,2020-04-23,5,37,0.135135135135135,0.0848048984180639,6.25132345391901
St. Lawrence,2020-04-24T00:00:00.000,12,156,64,1383,1383,156,2020-04-24,12,64,0.1875,0.0764430914474526,14.8887935301562
St. Lawrence,2020-04-25T00:00:00.000,11,167,36,1419,1419,167,2020-04-25,11,36,0.305555555555556,0.0683235550997206,13.5230759303111
St. Lawrence,2020-04-26T00:00:00.000,2,169,27,1446,1446,169,2020-04-26,2,27,0.0740740740740741,0.0605769058786339,2.4320359383543
St. Lawrence,2020-04-27T00:00:00.000,1,170,19,1465,1465,170,2020-04-27,1,19,0.0526315789473684,0.0533059303449424,1.2008786846426
St. Lawrence,2020-04-28T00:00:00.000,0,170,84,1549,1549,170,2020-04-28,0,84,0,0.0465842026691541,0
St. Lawrence,2020-04-29T00:00:00.000,3,173,277,1826,1826,173,2020-04-29,3,277,0.0108303249097473,0.0404567904382634,3.51047863064442
St. Lawrence,2020-04-30T00:00:00.000,3,176,157,1983,1983,176,2020-04-30,3,157,0.0191082802547771,0.0349427016510542,3.48291997023882
St. Lawrence,2020-05-01T00:00:00.000,0,176,130,2113,2113,176,2020-05-01,0,130,0,0.0300385828296132,0
St. Lawrence,2020-05-02T00:00:00.000,1,177,125,2238,2238,177,2020-05-02,1,125,0.008,0.0257231272864845,1.13968713600675
St. Lawrence,2020-05-03T00:00:00.000,1,178,85,2323,2323,178,2020-05-03,1,85,0.0117647058823529,0.0219616852048221,1.125885189161
St. Lawrence,2020-05-04T00:00:00.000,0,178,38,2361,2361,178,2020-05-04,0,38,0,0.0187106596839315,0
St. Lawrence,2020-05-05T00:00:00.000,2,180,34,2395,2395,180,2020-05-05,2,34,0.0588235294117647,0.0159213958667924,2.18658908788485
St. Lawrence,2020-05-06T00:00:00.000,1,181,53,2448,2448,181,2020-05-06,1,53,0.0188679245283019,0.0135433966578529,1.07653545818142
St. Lawrence,2020-05-07T00:00:00.000,6,187,845,3293,3293,187,2020-05-07,6,845,0.00710059171597633,0.0115268087281666,6.38085712413591
St. Lawrence,2020-05-08T00:00:00.000,0,187,164,3457,3457,187,2020-05-08,0,164,0,0.00982420593506946,0
St. Lawrence,2020-05-09T00:00:00.000,0,187,51,3508,3508,187,2020-05-09,0,51,0,0.0083917513405928,0
St. Lawrence,2020-05-10T00:00:00.000,3,190,47,3555,3555,190,2020-05-10,3,47,0.0638297872340425,0.00718984665171605,3.10647566616377
St. Lawrence,2020-05-11T00:00:00.000,1,191,18,3573,3573,191,2020-05-11,1,18,0.0555555555555556,0.00618338498868189,1.0265744304761
St. Lawrence,2020-05-12T00:00:00.000,1,192,151,3724,3724,192,2020-05-12,1,151,0.00662251655629139,0.00534171603430951,1.02051394765525
St. Lawrence,2020-05-13T00:00:00.000,0,192,105,3829,3829,192,2020-05-13,0,105,0,0.00463841781027885,0
St. Lawrence,2020-05-14T00:00:00.000,0,192,332,4161,4161,192,2020-05-14,0,332,0,0.00405095123586343,0
St. Lawrence,2020-05-15T00:00:00.000,0,192,1456,5617,5617,192,2020-05-15,0,1456,0,0.003560255454852,0
St. Lawrence,2020-05-16T00:00:00.000,0,192,205,5822,5822,192,2020-05-16,0,205,0,0.00315032556814854,0
St. Lawrence,2020-05-17T00:00:00.000,0,192,239,6061,6061,192,2020-05-17,0,239,0,0.00280780078625171,0
St. Lawrence,2020-05-18T00:00:00.000,0,192,71,6132,6132,192,2020-05-18,0,71,0,0.00252158032962509,0
St. Lawrence,2020-05-19T00:00:00.000,3,195,173,6305,6305,195,2020-05-19,3,173,0.0173410404624277,0.00228247646402495,3.02806689605712
St. Lawrence,2020-05-20T00:00:00.000,0,195,504,6809,6809,195,2020-05-20,0,504,0,0.00208290845683129,0
St. Lawrence,2020-05-21T00:00:00.000,0,195,349,7158,7158,195,2020-05-21,0,349,0,0.0019166375148862,0
St. Lawrence,2020-05-22T00:00:00.000,1,196,333,7491,7491,196,2020-05-22,1,333,0.003003003003003,0.00177854045952832,1.00699965165583
St. Lawrence,2020-05-23T00:00:00.000,1,197,301,7792,7792,197,2020-05-23,1,301,0.00332225913621262,0.00166441861803634,1.00664247329965
St. Lawrence,2020-05-24T00:00:00.000,0,197,114,7906,7906,197,2020-05-24,0,114,0,0.0015708378434478,0
St. Lawrence,2020-05-25T00:00:00.000,0,197,60,7966,7966,197,2020-05-25,0,60,0,0.00149499546991499,0
St. Lawrence,2020-05-26T00:00:00.000,3,200,78,8044,8044,200,2020-05-26,3,78,0.0384615384615385,0.00143461018973642,3.01205122891064
St. Lawrence,2020-05-27T00:00:00.000,1,201,227,8271,8271,201,2020-05-27,1,227,0.00440528634361234,0.00138783117224787,1.00448462821927
St. Lawrence,2020-05-28T00:00:00.000,1,202,447,8718,8718,202,2020-05-28,1,447,0.00223713646532438,0.00135316315017935,1.00485643239921
St. Lawrence,2020-05-29T00:00:00.000,0,202,136,8854,8854,202,2020-05-29,0,136,0,0.0013294046204085,0
St. Lawrence,2020-05-30T00:00:00.000,2,204,303,9157,9157,204,2020-05-30,2,303,0.0066006600660066,0.00131559671147588,2.02300139070232
St. Lawrence,2020-05-31T00:00:00.000,1,205,472,9629,9629,205,2020-05-31,1,472,0.00211864406779661,0.00131098064248081,1.02303493629122
St. Lawrence,2020-06-01T00:00:00.000,0,205,106,9735,9735,205,2020-06-01,0,106,0,0.0013149620303693,0
St. Lawrence,2020-06-02T00:00:00.000,1,206,324,10059,10059,206,2020-06-02,1,324,0.00308641975308642,0.00132708059395297,1.04823649624752
St. Lawrence,2020-06-03T00:00:00.000,1,207,293,10352,10352,207,2020-06-03,1,293,0.00341296928327645,0.00134698405691184,1.06037877488913
St. Lawrence,2020-06-04T00:00:00.000,0,207,451,10803,10803,207,2020-06-04,0,451,0,0.00137440527329303,0
St. Lawrence,2020-06-05T00:00:00.000,2,209,477,11280,11280,209,2020-06-05,2,477,0.00419287211740042,0.0014091417928662,2.15030537320494
St. Lawrence,2020-06-06T00:00:00.000,0,209,382,11662,11662,209,2020-06-06,0,382,0,0.00145103725611574,0
St. Lawrence,2020-06-07T00:00:00.000,0,209,539,12201,12201,209,2020-06-07,0,539,0,0.00149996416388425,0
St. Lawrence,2020-06-08T00:00:00.000,0,209,220,12421,12421,209,2020-06-08,0,220,0,0.00155580770816949,0
St. Lawrence,2020-06-09T00:00:00.000,0,209,170,12591,12591,209,2020-06-09,0,170,0,0.00161845048039837,0
St. Lawrence,2020-06-10T00:00:00.000,3,212,256,12847,12847,212,2020-06-10,3,256,0.01171875,0.00168775799250925,3.30864735030293
St. Lawrence,2020-06-11T00:00:00.000,2,214,427,13274,13274,214,2020-06-11,2,427,0.00468384074941452,0.00176356505308525,2.21312152555958
St. Lawrence,2020-06-12T00:00:00.000,0,214,368,13642,13642,214,2020-06-12,0,368,0,0.00184566313376529,0
St. Lawrence,2020-06-13T00:00:00.000,1,215,383,14025,14025,215,2020-06-13,1,383,0.00261096605744125,0.00193378893730338,1.11161768725584
St. Lawrence,2020-06-14T00:00:00.000,0,215,222,14247,14247,215,2020-06-14,0,222,0,0.0020276144342677,0
St. Lawrence,2020-06-15T00:00:00.000,0,215,190,14437,14437,215,2020-06-15,0,190,0,0.00212673866740436,0
St. Lawrence,2020-06-16T00:00:00.000,0,215,226,14663,14663,215,2020-06-16,0,226,0,0.00223068162824187,0
St. Lawrence,2020-06-17T00:00:00.000,0,215,246,14909,14909,215,2020-06-17,0,246,0,0.00233888048846693,0
St. Lawrence,2020-06-18T00:00:00.000,0,215,216,15125,15125,215,2020-06-18,0,216,0,0.00245068841934458,0
St. Lawrence,2020-06-19T00:00:00.000,1,216,352,15477,15477,216,2020-06-19,1,352,0.00284090909090909,0.00256537615818091,1.10549055402732
St. Lawrence,2020-06-20T00:00:00.000,0,216,266,15743,15743,216,2020-06-20,0,266,0,0.00268213638661238,0
St. Lawrence,2020-06-21T00:00:00.000,1,217,271,16014,16014,217,2020-06-21,1,271,0.003690036900369,0.00280009087732241,1.09769073871662
St. Lawrence,2020-06-22T00:00:00.000,0,217,153,16167,16167,217,2020-06-22,0,153,0,0.00291830025184531,0
St. Lawrence,2020-06-23T00:00:00.000,0,217,99,16266,16266,217,2020-06-23,0,99,0,0.00303577608083041,0
St. Lawrence,2020-06-24T00:00:00.000,0,217,249,16515,16515,217,2020-06-24,0,249,0,0.00315149495846223,0
St. Lawrence,2020-06-25T00:00:00.000,1,218,282,16797,16797,218,2020-06-25,1,282,0.00354609929078014,0.00326441410089249,1.11211217602767
St. Lawrence,2020-06-26T00:00:00.000,0,218,315,17112,17112,218,2020-06-26,0,315,0,0.00337348796283492,0
St. Lawrence,2020-06-27T00:00:00.000,0,218,435,17547,17547,218,2020-06-27,0,435,0,0.00347768533722978,0
St. Lawrence,2020-06-28T00:00:00.000,1,219,220,17767,17767,219,2020-06-28,1,220,0.00454545454545455,0.00357600640403354,1.10814484454762
St. Lawrence,2020-06-29T00:00:00.000,0,219,144,17911,17911,219,2020-06-29,0,144,0,0.00366749922237532,0
St. Lawrence,2020-06-30T00:00:00.000,0,219,121,18032,18032,219,2020-06-30,0,121,0,0.00375127521192891,0
St. Lawrence,2020-07-01T00:00:00.000,1,220,137,18169,18169,220,2020-07-01,1,137,0.0072992700729927,0.00382652323954985,1.1156176413106
St. Lawrence,2020-07-02T00:00:00.000,2,222,183,18352,18352,222,2020-07-02,2,183,0.0109289617486339,0.00389252200844269,2.23849201086821
St. Lawrence,2020-07-03T00:00:00.000,1,223,416,18768,18768,223,2020-07-03,1,416,0.00240384615384615,0.00394865053248968,1.11791302496831
St. Lawrence,2020-07-04T00:00:00.000,1,224,143,18911,18911,224,2020-07-04,1,143,0.00699300699300699,0.00399439656255567,1.11606414103211
St. Lawrence,2020-07-05T00:00:00.000,2,226,242,19153,19153,226,2020-07-05,2,242,0.00826446280991736,0.00402936290689861,2.22705112059143
St. Lawrence,2020-07-06T00:00:00.000,0,226,141,19294,19294,226,2020-07-06,0,141,0,0.00405327165254796,0
St. Lawrence,2020-07-07T00:00:00.000,1,227,278,19572,19572,227,2020-07-07,1,278,0.00359712230215827,0.00406596634477452,1.10891240046042
St. Lawrence,2020-07-08T00:00:00.000,0,227,215,19787,19787,227,2020-07-08,0,215,0,0.0040674122173865,0
St. Lawrence,2020-07-09T00:00:00.000,0,227,247,20034,20034,227,2020-07-09,0,247,0,0.00405769458928474,0
St. Lawrence,2020-07-10T00:00:00.000,3,230,555,20589,20589,230,2020-07-10,3,555,0.00540540540540541,0.00403701555327767,3.30342186222246
St. Lawrence,2020-07-11T00:00:00.000,0,230,385,20974,20974,230,2020-07-11,0,385,0,0.00400568908631664,0
St. Lawrence,2020-07-12T00:00:00.000,1,231,489,21463,21463,231,2020-07-12,1,489,0.00204498977505112,0.00396413470883723,1.0937181158169
St. Lawrence,2020-07-13T00:00:00.000,2,233,321,21784,21784,233,2020-07-13,2,321,0.00623052959501558,0.00391286981773633,2.17882585715445
St. Lawrence,2020-07-14T00:00:00.000,1,234,345,22129,22129,234,2020-07-14,1,345,0.00289855072463768,0.00385250081790554,1.08474965168021
St. Lawrence,2020-07-15T00:00:00.000,3,237,384,22513,22513,237,2020-07-15,3,384,0.0078125,0.00378371318031428,3.23927394772
St. Lawrence,2020-07-16T00:00:00.000,1,238,227,22740,22740,238,2020-07-16,1,227,0.00440528634361234,0.00370726056520853,1.07544391503397
St. Lawrence,2020-07-17T00:00:00.000,4,242,307,23047,23047,242,2020-07-17,4,307,0.0130293159609121,0.00362395316419469,4.29764061727253
St. Lawrence,2020-07-18T00:00:00.000,0,242,149,23196,23196,242,2020-07-18,0,149,0,0.00353464543600448,0
St. Lawrence,2020-07-19T00:00:00.000,4,246,274,23470,23470,246,2020-07-19,4,274,0.0145985401459854,0.0034402234344608,4.28098789217118
St. Lawrence,2020-07-20T00:00:00.000,1,247,315,23785,23785,247,2020-07-20,1,315,0.00317460317460317,0.00334159195163047,1.06644808946086
St. Lawrence,2020-07-21T00:00:00.000,3,250,301,24086,24086,250,2020-07-21,3,301,0.00996677740863787,0.00323966172020873,3.17486150364688
St. Lawrence,2020-07-22T00:00:00.000,3,253,427,24513,24513,253,2020-07-22,3,427,0.00702576112412178,0.00313533693571183,3.14567283617748
St. Lawrence,2020-07-23T00:00:00.000,1,254,276,24789,24789,254,2020-07-23,1,276,0.0036231884057971,0.00302950336500991,1.03752877679577
St. Lawrence,2020-07-24T00:00:00.000,3,257,414,25203,25203,257,2020-07-24,3,414,0.0072463768115942,0.00292301730461077,3.07655652919701
St. Lawrence,2020-07-25T00:00:00.000,1,258,605,25808,25808,258,2020-07-25,1,605,0.00165289256198347,0.00281669563542314,1.01653670035709
St. Lawrence,2020-07-26T00:00:00.000,0,258,488,26296,26296,258,2020-07-26,0,488,0,0.00271130719229108,0
St. Lawrence,2020-07-27T00:00:00.000,0,258,248,26544,26544,258,2020-07-27,0,248,0,0.00260756562678853,0
St. Lawrence,2020-07-28T00:00:00.000,1,259,298,26842,26842,259,2020-07-28,1,298,0.00335570469798658,0.00250612389238973,1.00623100630841
St. Lawrence,2020-07-29T00:00:00.000,1,260,313,27155,27155,260,2020-07-29,1,313,0.00319488817891374,0.00240757042525248,1.00407969181243
St. Lawrence,2020-07-30T00:00:00.000,0,260,270,27425,27425,260,2020-07-30,0,270,0,0.00231242703559906,0
St. Lawrence,2020-07-31T00:00:00.000,1,261,603,28028,28028,261,2020-07-31,1,603,0.00165837479270315,0.00222114846593207,1.00416467961788
St. Lawrence,2020-08-01T00:00:00.000,1,262,418,28446,28446,262,2020-08-01,1,418,0.00239234449760766,0.00213412351907052,1.00390976291044
St. Lawrence,2020-08-02T00:00:00.000,0,262,221,28667,28667,262,2020-08-02,0,221,0,0.00205167761188673,0
St. Lawrence,2020-08-03T00:00:00.000,0,262,228,28895,28895,262,2020-08-03,0,228,0,0.00197407657350411,0
St. Lawrence,2020-08-04T00:00:00.000,0,262,292,29187,29187,262,2020-08-04,0,292,0,0.00190153148060166,0
St. Lawrence,2020-08-05T00:00:00.000,1,263,182,29369,29369,263,2020-08-05,1,182,0.00549450549450549,0.00183420430757025,0.994954132975709
St. Lawrence,2020-08-06T00:00:00.000,0,263,254,29623,29623,263,2020-08-06,0,254,0,0.00177221416516778,0
St. Lawrence,2020-08-07T00:00:00.000,0,263,216,29839,29839,263,2020-08-07,0,216,0,0.00171564390754691,0
St. Lawrence,2020-08-08T00:00:00.000,0,263,419,30258,30258,263,2020-08-08,0,419,0,0.00166454690103562,0
St. Lawrence,2020-08-09T00:00:00.000,0,263,122,30380,30380,263,2020-08-09,0,122,0,0.00161895376746534,0
St. Lawrence,2020-08-10T00:00:00.000,0,263,422,30802,30802,263,2020-08-10,0,422,0,0.00157887893789175,0
St. Lawrence,2020-08-11T00:00:00.000,0,263,315,31117,31117,263,2020-08-11,0,315,0,0.00154432687591203,0
St. Lawrence,2020-08-12T00:00:00.000,0,263,416,31533,31533,263,2020-08-12,0,416,0,0.00151529785239786,0
St. Lawrence,2020-08-13T00:00:00.000,0,263,283,31816,31816,263,2020-08-13,0,283,0,0.00149179317280068,0
St. Lawrence,2020-08-14T00:00:00.000,0,263,716,32532,32532,263,2020-08-14,0,716,0,0.0014738197727807,0
St. Lawrence,2020-08-15T00:00:00.000,0,263,429,32961,32961,263,2020-08-15,0,429,0,0.00146139410685063,0
St. Lawrence,2020-08-16T00:00:00.000,0,263,283,33244,33244,263,2020-08-16,0,283,0,0.00145454525766868,0
St. Lawrence,2020-08-17T00:00:00.000,0,263,321,33565,33565,263,2020-08-17,0,321,0,0.00145331718940294,0
St. Lawrence,2020-08-18T00:00:00.000,1,264,652,34217,34217,264,2020-08-18,1,652,0.00153374233128834,0.00145777005890714,0.976136584962635
St. Lawrence,2020-08-19T00:00:00.000,0,264,1001,35218,35218,264,2020-08-19,0,1001,0,0.00146798048302673,0
St. Lawrence,2020-08-20T00:00:00.000,1,265,1052,36270,36270,265,2020-08-20,1,1052,0.000950570342205323,0.00148404064080103,0.9812242040311
St. Lawrence,2020-08-21T00:00:00.000,0,265,1220,37490,37490,265,2020-08-21,0,1220,0,0.00150605606812939,0
St. Lawrence,2020-08-22T00:00:00.000,2,267,1003,38493,38493,267,2020-08-22,2,1003,0.00199401794616152,0.00153414198186713,1.97192601212474
St. Lawrence,2020-08-23T00:00:00.000,0,267,959,39452,39452,267,2020-08-23,0,959,0,0.00156841795361548,0
St. Lawrence,2020-08-24T00:00:00.000,0,267,408,39860,39860,267,2020-08-24,0,408,0,0.00160900074648958,0
St. Lawrence,2020-08-25T00:00:00.000,0,267,505,40365,40365,267,2020-08-25,0,505,0,0.00165599513447816,0
St. Lawrence,2020-08-26T00:00:00.000,2,269,423,40788,40788,269,2020-08-26,2,423,0.00472813238770686,0.00170948255179616,1.98014500290696
St. Lawrence,2020-08-27T00:00:00.000,1,270,529,41317,41317,270,2020-08-27,1,529,0.00189035916824197,0.0017695074744296,0.992504113105218
St. Lawrence,2020-08-28T00:00:00.000,3,273,915,42232,42232,273,2020-08-28,3,915,0.00327868852459016,0.00183606152584867,2.98479468836688
St. Lawrence,2020-08-29T00:00:00.000,1,274,464,42696,42696,274,2020-08-29,1,464,0.0021551724137931,0.00190906542878401,0.998694672885211
St. Lawrence,2020-08-30T00:00:00.000,1,275,230,42926,42926,275,2020-08-30,1,230,0.00434782608695652,0.00198834910049335,1.00210524506768
St. Lawrence,2020-08-31T00:00:00.000,0,275,357,43283,43283,275,2020-08-31,0,357,0,0.00207363040916325,0
St. Lawrence,2020-09-01T00:00:00.000,4,279,324,43607,43607,279,2020-09-01,4,324,0.0123456790123457,0.00216449337075016,4.05532985986555
St. Lawrence,2020-09-02T00:00:00.000,8,287,313,43920,43920,287,2020-09-02,8,313,0.0255591054313099,0.00226036685573805,8.20321948552017
St. Lawrence,2020-09-03T00:00:00.000,4,291,1157,45077,45077,291,2020-09-03,4,1157,0.00345721694036301,0.00236050517432367,4.14859222988991
St. Lawrence,2020-09-04T00:00:00.000,2,293,1004,46081,46081,293,2020-09-04,2,1004,0.00199203187250996,0.0024639721856203,2.0926619022078
St. Lawrence,2020-09-05T00:00:00.000,3,296,1005,47086,47086,296,2020-09-05,3,1005,0.00298507462686567,0.00256963079378449,3.16199978260941
St. Lawrence,2020-09-06T00:00:00.000,1,297,698,47784,47784,297,2020-09-06,1,698,0.00143266475644699,0.00267613980498482,1.06111962297155
St. Lawrence,2020-09-07T00:00:00.000,0,297,421,48205,48205,297,2020-09-07,0,421,0,0.0027819600769663,0
St. Lawrence,2020-09-08T00:00:00.000,4,301,254,48459,48459,301,2020-09-08,4,254,0.015748031496063,0.00288537165339716,4.29528041238761
St. Lawrence,2020-09-09T00:00:00.000,1,302,300,48759,48759,302,2020-09-09,1,300,0.00333333333333333,0.00298450310881109,1.07926603984978
St. Lawrence,2020-09-10T00:00:00.000,1,303,1032,49791,49791,303,2020-09-10,1,1032,0.000968992248062015,0.00307737362620558,1.08403671708418
St. Lawrence,2020-09-11T00:00:00.000,1,304,591,50382,50382,304,2020-09-11,1,591,0.00169204737732657,0.00316194741146861,1.09268547777718
St. Lawrence,2020-09-12T00:00:00.000,0,304,551,50933,50933,304,2020-09-12,0,551,0,0.00323619897151284,0
St. Lawrence,2020-09-13T00:00:00.000,3,307,278,51211,51211,307,2020-09-13,3,278,0.0107913669064748,0.00329818664014437,3.32784476049311
St. Lawrence,2020-09-14T00:00:00.000,1,308,338,51549,51549,308,2020-09-14,1,338,0.0029585798816568,0.00334613064823127,1.1164770808922
St. Lawrence,2020-09-15T00:00:00.000,2,310,267,51816,51816,310,2020-09-15,2,267,0.00749063670411985,0.00337849114341292,2.24551801540158
St. Lawrence,2020-09-16T00:00:00.000,3,313,1027,52843,52843,313,2020-09-16,3,1027,0.00292112950340798,0.00339404100523509,3.38397834826692
St. Lawrence,2020-09-17T00:00:00.000,1,314,560,53403,53403,314,2020-09-17,1,560,0.00178571428571429,0.00339192818875028,1.13204543643583
St. Lawrence,2020-09-18T00:00:00.000,1,315,459,53862,53862,315,2020-09-18,1,459,0.00217864923747277,0.00337172273000626,1.13478780555353
St. Lawrence,2020-09-19T00:00:00.000,3,318,616,54478,54478,318,2020-09-19,3,616,0.00487012987012987,0.00333344446442192,3.40829138504816
St. Lawrence,2020-09-20T00:00:00.000,0,318,274,54752,54752,318,2020-09-20,0,274,0,0.00327756887932179,0
St. Lawrence,2020-09-21T00:00:00.000,1,319,231,54983,54983,319,2020-09-21,1,231,0.00432900432900433,0.00320501020879534,1.13315628416109
St. Lawrence,2020-09-22T00:00:00.000,1,320,339,55322,55322,320,2020-09-22,1,339,0.00294985250737463,0.00311708270343992,1.12890894307962
St. Lawrence,2020-09-23T00:00:00.000,2,322,598,55920,55920,322,2020-09-23,2,598,0.00334448160535117,0.00301544275711607,2.24567362842903
St. Lawrence,2020-09-24T00:00:00.000,0,322,804,56724,56724,322,2020-09-24,0,804,0,0.00290201605004133,0
St. Lawrence,2020-09-25T00:00:00.000,0,322,844,57568,57568,322,2020-09-25,0,844,0,0.00277891490754514,0
St. Lawrence,2020-09-26T00:00:00.000,0,322,475,58043,58043,322,2020-09-26,0,475,0,0.00264835157452042,0
St. Lawrence,2020-09-27T00:00:00.000,2,324,345,58388,58388,324,2020-09-27,2,345,0.00579710144927536,0.00251255304149848,2.20219956681251
St. Lawrence,2020-09-28T00:00:00.000,1,325,210,58598,58598,325,2020-09-28,1,210,0.00476190476190476,0.00237368247591141,1.09055119721727
St. Lawrence,2020-09-29T00:00:00.000,2,327,1949,60547,60547,327,2020-09-29,2,1949,0.00102616726526424,0.00223377132104047,2.15659524636695
St. Lawrence,2020-09-30T00:00:00.000,3,330,1096,61643,61643,330,2020-09-30,3,1096,0.00273722627737226,0.0020946648762787,3.19375024402057
St. Lawrence,2020-10-01T00:00:00.000,1,331,852,62495,62495,331,2020-10-01,1,852,0.00117370892018779,0.00195798282833835,1.0495281760546
St. Lawrence,2020-10-02T00:00:00.000,2,333,799,63294,63294,333,2020-10-02,2,799,0.00250312891113892,0.00182509491855272,2.07189307094045
St. Lawrence,2020-10-03T00:00:00.000,2,335,653,63947,63947,335,2020-10-03,2,653,0.00306278713629403,0.00169711082927418,2.06071767991674
St. Lawrence,2020-10-04T00:00:00.000,1,336,236,64183,64183,336,2020-10-04,1,236,0.00423728813559322,0.00157488253314069,1.02817431902082
St. Lawrence,2020-10-05T00:00:00.000,1,337,646,64829,64829,337,2020-10-05,1,646,0.00154798761609907,0.00145901680900004,1.0265930074824
St. Lawrence,2020-10-06T00:00:00.000,0,337,1964,66793,66793,337,2020-10-06,0,1964,0,0.00134989538191979,0
St. Lawrence,2020-10-07T00:00:00.000,2,339,435,67228,67228,339,2020-10-07,2,435,0.00459770114942529,0.00124770015489784,2.04614090012948
St. Lawrence,2020-10-08T00:00:00.000,3,342,1328,68556,68556,342,2020-10-08,3,1328,0.00225903614457831,0.00115244121031366,3.06345226998167
St. Lawrence,2020-10-09T00:00:00.000,2,344,1047,69603,69603,344,2020-10-09,2,1047,0.00191021967526266,0.00106398560521889,2.03827927763296
St. Lawrence,2020-10-10T00:00:00.000,1,345,681,70284,70284,345,2020-10-10,1,681,0.00146842878120411,0.000982085403846917,1.01704652753009
St. Lawrence,2020-10-11T00:00:00.000,0,345,278,70562,70562,345,2020-10-11,0,278,0,0.000906403830034112,0
Steuben,2020-03-01T00:00:00.000,0,0,0,0,0,0,2020-03-01,0,0,0,0.00549678120513695,0
Steuben,2020-03-02T00:00:00.000,0,0,0,0,0,0,2020-03-02,0,0,0,0.00638664956660876,0
Steuben,2020-03-03T00:00:00.000,0,0,0,0,0,0,2020-03-03,0,0,0,0.00741926501756054,0
Steuben,2020-03-04T00:00:00.000,0,0,0,0,0,0,2020-03-04,0,0,0,0.008616645546742,0
Steuben,2020-03-05T00:00:00.000,0,0,0,0,0,0,2020-03-05,0,0,0,0.0100036553598033,0
Steuben,2020-03-06T00:00:00.000,0,0,0,0,0,0,2020-03-06,0,0,0,0.0116081588321715,0
Steuben,2020-03-07T00:00:00.000,0,0,0,0,0,0,2020-03-07,0,0,0,0.0134611014239015,0
Steuben,2020-03-08T00:00:00.000,0,0,0,0,0,0,2020-03-08,0,0,0,0.0155964835239142,0
Steuben,2020-03-09T00:00:00.000,0,0,0,0,0,0,2020-03-09,0,0,0,0.0180511862725812,0
Steuben,2020-03-10T00:00:00.000,0,0,0,0,0,0,2020-03-10,0,0,0,0.0208646021714952,0
Steuben,2020-03-11T00:00:00.000,0,0,0,0,0,0,2020-03-11,0,0,0,0.0240780188537702,0
Steuben,2020-03-12T00:00:00.000,0,0,0,0,0,0,2020-03-12,0,0,0,0.0277337033116361,0
Steuben,2020-03-13T00:00:00.000,0,0,1,1,1,0,2020-03-13,0,1,0,0.0318736380320807,0
Steuben,2020-03-14T00:00:00.000,0,0,0,1,1,0,2020-03-14,0,0,0,0.0365378719384159,0
Steuben,2020-03-15T00:00:00.000,0,0,0,1,1,0,2020-03-15,0,0,0,0.0417624697336074,0
Steuben,2020-03-16T00:00:00.000,0,0,0,1,1,0,2020-03-16,0,0,0,0.0475770744754205,0
Steuben,2020-03-17T00:00:00.000,0,0,0,1,1,0,2020-03-17,0,0,0,0.0540021401096583,0
Steuben,2020-03-18T00:00:00.000,0,0,4,5,5,0,2020-03-18,0,4,0,0.0610459412957598,0
Steuben,2020-03-19T00:00:00.000,0,0,3,8,8,0,2020-03-19,0,3,0,0.0687015228677374,0
Steuben,2020-03-20T00:00:00.000,2,2,27,35,35,2,2020-03-20,2,27,0.0740740740740741,0.0769438034997015,2.67125995518511
Steuben,2020-03-21T00:00:00.000,1,3,17,52,52,3,2020-03-21,1,17,0.0588235294117647,0.0857270883736463,1.30306800974549
Steuben,2020-03-22T00:00:00.000,1,4,10,62,62,4,2020-03-22,1,10,0.1,0.0949832636309996,1.27295157565503
Steuben,2020-03-23T00:00:00.000,1,5,2,64,64,5,2020-03-23,1,2,0.5,0.104620932321327,1.24529286747274
Steuben,2020-03-24T00:00:00.000,3,8,13,77,77,8,2020-03-24,3,13,0.230769230769231,0.114525702424159,3.66023387732054
Steuben,2020-03-25T00:00:00.000,3,11,30,107,107,11,2020-03-25,3,30,0.1,0.124561753625084,3.62151243095958
Steuben,2020-03-26T00:00:00.000,1,12,25,132,132,12,2020-03-26,1,25,0.04,0.134574699521472,1.19594587218523
Steuben,2020-03-27T00:00:00.000,1,13,27,159,159,13,2020-03-27,1,27,0.037037037037037,0.144395641155184,1.18591583274475
Steuben,2020-03-28T00:00:00.000,4,17,22,181,181,17,2020-03-28,4,22,0.181818181818182,0.153846195393886,4.71800932826044
Steuben,2020-03-29T00:00:00.000,2,19,8,189,189,19,2020-03-29,2,8,0.25,0.162744196491179,2.36675703889061
Steuben,2020-03-30T00:00:00.000,5,24,39,228,228,24,2020-03-30,5,39,0.128205128205128,0.170909724645065,5.9619528568998
Steuben,2020-03-31T00:00:00.000,14,38,56,284,284,38,2020-03-31,14,56,0.25,0.178171116755986,16.7956453275726
Steuben,2020-04-01T00:00:00.000,5,43,25,309,309,43,2020-04-01,5,25,0.2,0.184370657097507,6.0242675736311
Steuben,2020-04-02T00:00:00.000,3,46,36,345,345,46,2020-04-02,3,36,0.0833333333333333,0.189369716407094,3.57793487683914
Steuben,2020-04-03T00:00:00.000,9,55,27,372,372,55,2020-04-03,9,27,0.333333333333333,0.193053189232853,10.6334986072847
Steuben,2020-04-04T00:00:00.000,8,63,31,403,403,63,2020-04-04,8,31,0.258064516129032,0.195333153246654,9.44364312078507
Steuben,2020-04-05T00:00:00.000,12,75,40,443,443,75,2020-04-05,12,40,0.3,0.196151726190128,14.1361746590451
Steuben,2020-04-06T00:00:00.000,0,75,22,465,465,75,2020-04-06,0,22,0,0.19548311836574,0
Steuben,2020-04-07T00:00:00.000,7,82,67,532,532,82,2020-04-07,7,67,0.104477611940299,0.193334871057215,8.33748974516158
Steuben,2020-04-08T00:00:00.000,7,89,50,582,582,89,2020-04-08,7,50,0.14,0.189748241317179,8.38657682781983
Steuben,2020-04-09T00:00:00.000,28,117,97,679,679,117,2020-04-09,28,97,0.288659793814433,0.184797654742741,33.7273091681632
Steuben,2020-04-10T00:00:00.000,2,119,28,707,707,119,2020-04-10,2,28,0.0714285714285714,0.178589117291915,2.42062407948819
Steuben,2020-04-11T00:00:00.000,2,121,12,719,719,121,2020-04-11,2,12,0.166666666666667,0.171257472180135,2.43255459104118
Steuben,2020-04-12T00:00:00.000,2,123,10,729,729,123,2020-04-12,2,10,0.2,0.162962422665539,2.45342833441317
Steuben,2020-04-13T00:00:00.000,24,147,90,819,819,147,2020-04-13,24,90,0.266666666666667,0.153883322090239,29.6610296495518
Steuben,2020-04-14T00:00:00.000,4,151,24,843,843,151,2020-04-14,4,24,0.166666666666667,0.144212854589087,4.97409351627944
Steuben,2020-04-15T00:00:00.000,3,154,20,863,863,154,2020-04-15,3,20,0.15,0.134149876088426,3.74494317119023
Steuben,2020-04-16T00:00:00.000,0,154,25,888,888,154,2020-04-16,0,25,0,0.123891828307417,0
Steuben,2020-04-17T00:00:00.000,6,160,92,980,980,160,2020-04-17,6,92,0.0652173913043478,0.113627245740976,7.48911082404376
Steuben,2020-04-18T00:00:00.000,7,167,100,1080,1080,167,2020-04-18,7,100,0.07,0.103528918146471,8.71709478003369
Steuben,2020-04-19T00:00:00.000,0,167,4,1084,1084,167,2020-04-19,0,4,0,0.0937482320291595,0
Steuben,2020-04-20T00:00:00.000,3,170,33,1117,1117,170,2020-04-20,3,33,0.0909090909090909,0.0844110953878797,3.70321042010554
Steuben,2020-04-21T00:00:00.000,1,171,41,1158,1158,171,2020-04-21,1,41,0.024390243902439,0.0756156709439763,1.22674957441889
Steuben,2020-04-22T00:00:00.000,0,171,24,1182,1182,171,2020-04-22,0,24,0,0.0674319379804688,0
Steuben,2020-04-23T00:00:00.000,0,171,28,1210,1210,171,2020-04-23,0,28,0,0.0599029098927998,0
Steuben,2020-04-24T00:00:00.000,33,204,556,1766,1766,204,2020-04-24,33,556,0.0593525179856115,0.053047185749568,39.4752248016145
Steuben,2020-04-25T00:00:00.000,3,207,35,1801,1801,207,2020-04-25,3,35,0.0857142857142857,0.046862428499952,3.55164450640681
Steuben,2020-04-26T00:00:00.000,2,209,10,1811,1811,209,2020-04-26,2,10,0.2,0.0413293433520082,2.34080442671209
Steuben,2020-04-27T00:00:00.000,1,210,58,1869,1869,210,2020-04-27,1,58,0.0172413793103448,0.0364157671125434,1.15598055771258
Steuben,2020-04-28T00:00:00.000,4,214,105,1974,1974,214,2020-04-28,4,105,0.0380952380952381,0.0320805547822762,4.56333714673373
Steuben,2020-04-29T00:00:00.000,2,216,63,2037,2037,216,2020-04-29,2,63,0.0317460317460317,0.0282770429743636,2.25797605061524
Steuben,2020-04-30T00:00:00.000,0,216,42,2079,2079,216,2020-04-30,0,42,0,0.0249559630296149,0
Steuben,2020-05-01T00:00:00.000,1,217,62,2141,2141,217,2020-05-01,1,62,0.0161290322580645,0.0220677575379162,1.11623322889
Steuben,2020-05-02T00:00:00.000,1,218,41,2182,2182,218,2020-05-02,1,41,0.024390243902439,0.0195643157566303,1.10891877352628
Steuben,2020-05-03T00:00:00.000,1,219,70,2252,2252,219,2020-05-03,1,70,0.0142857142857143,0.0174001846509883,1.09997528080748
Steuben,2020-05-04T00:00:00.000,2,221,90,2342,2342,221,2020-05-04,2,90,0.0222222222222222,0.015533334916913,2.17952271393019
Steuben,2020-05-05T00:00:00.000,2,223,114,2456,2456,223,2020-05-05,2,114,0.0175438596491228,0.0139255692158584,2.15749778239486
Steuben,2020-05-06T00:00:00.000,1,224,66,2522,2522,224,2020-05-06,1,66,0.0151515151515152,0.0125426573276211,1.06830321354584
Steuben,2020-05-07T00:00:00.000,1,225,101,2623,2623,225,2020-05-07,1,101,0.0099009900990099,0.0113542740142243,1.06187353816411
Steuben,2020-05-08T00:00:00.000,1,226,228,2851,2851,226,2020-05-08,1,228,0.0043859649122807,0.0103338033543785,1.05932256752374
Steuben,2020-05-09T00:00:00.000,1,227,73,2924,2924,227,2020-05-09,1,73,0.0136986301369863,0.00945806047591974,1.05720055628947
Steuben,2020-05-10T00:00:00.000,1,228,58,2982,2982,228,2020-05-10,1,58,0.0172413793103448,0.00870696948440429,1.05550778484515
Steuben,2020-05-11T00:00:00.000,1,229,90,3072,3072,229,2020-05-11,1,90,0.0111111111111111,0.00806322578244619,1.05418952417726
Steuben,2020-05-12T00:00:00.000,1,230,306,3378,3378,230,2020-05-12,1,306,0.00326797385620915,0.00751196222884696,1.05590830213691
Steuben,2020-05-13T00:00:00.000,0,230,103,3481,3481,230,2020-05-13,0,103,0,0.00704043171187297,0
Steuben,2020-05-14T00:00:00.000,1,231,110,3591,3591,231,2020-05-14,1,110,0.00909090909090909,0.0066377135403787,1.07078875629146
Steuben,2020-05-15T00:00:00.000,2,233,68,3659,3659,233,2020-05-15,2,68,0.0294117647058824,0.00629444733595414,2.15950436220604
Steuben,2020-05-16T00:00:00.000,1,234,97,3756,3756,234,2020-05-16,1,97,0.0103092783505155,0.00600259555708046,1.08756313012643
Steuben,2020-05-17T00:00:00.000,1,235,67,3823,3823,235,2020-05-17,1,67,0.0149253731343284,0.00575523414597852,1.09193542252844
Steuben,2020-05-18T00:00:00.000,1,236,126,3949,3949,236,2020-05-18,1,126,0.00793650793650794,0.00554636982212274,1.09589833903492
Steuben,2020-05-19T00:00:00.000,1,237,314,4263,4263,237,2020-05-19,1,314,0.00318471337579618,0.00537078207107452,1.0995306318853
Steuben,2020-05-20T00:00:00.000,1,238,133,4396,4396,238,2020-05-20,1,133,0.0075187969924812,0.00522388772912221,1.10410821024281
Steuben,2020-05-21T00:00:00.000,2,240,161,4557,4557,240,2020-05-21,2,161,0.0124223602484472,0.00510162613277337,2.22142453704273
Steuben,2020-05-22T00:00:00.000,0,240,114,4671,4671,240,2020-05-22,0,114,0,0.00500036298702031,0
Steuben,2020-05-23T00:00:00.000,0,240,83,4754,4754,240,2020-05-23,0,83,0,0.00491681133869385,0
Steuben,2020-05-24T00:00:00.000,0,240,72,4826,4826,240,2020-05-24,0,72,0,0.00484796826824357,0
Steuben,2020-05-25T00:00:00.000,0,240,79,4905,4905,240,2020-05-25,0,79,0,0.00479106608981678,0
Steuben,2020-05-26T00:00:00.000,1,241,221,5126,5126,241,2020-05-26,1,221,0.00452488687782805,0.00474353695435156,1.13156091207873
Steuben,2020-05-27T00:00:00.000,0,241,132,5258,5258,241,2020-05-27,0,132,0,0.00470298976006226,0
Steuben,2020-05-28T00:00:00.000,0,241,98,5356,5356,241,2020-05-28,0,98,0,0.00466719819228058,0
Steuben,2020-05-29T00:00:00.000,0,241,133,5489,5489,241,2020-05-29,0,133,0,0.00463409854489106,0
Steuben,2020-05-30T00:00:00.000,0,241,122,5611,5611,241,2020-05-30,0,122,0,0.00460179574289295,0
Steuben,2020-05-31T00:00:00.000,0,241,91,5702,5702,241,2020-05-31,0,91,0,0.00456857572286972,0
Steuben,2020-06-01T00:00:00.000,1,242,133,5835,5835,242,2020-06-01,1,133,0.0075187969924812,0.004532922079718,1.17218695428179
Steuben,2020-06-02T00:00:00.000,1,243,332,6167,6167,243,2020-06-02,1,332,0.00301204819277108,0.00449353469810628,1.18420899750364
Steuben,2020-06-03T00:00:00.000,2,245,187,6354,6354,245,2020-06-03,2,187,0.0106951871657754,0.00444934800402398,2.3899257785696
Steuben,2020-06-04T00:00:00.000,1,246,148,6502,6502,246,2020-06-04,1,148,0.00675675675675676,0.00439954653093249,1.19994342768759
Steuben,2020-06-05T00:00:00.000,5,251,360,6862,6862,251,2020-06-05,5,360,0.0138888888888889,0.00434357571601793,6.01629909789517
Steuben,2020-06-06T00:00:00.000,0,251,120,6982,6982,251,2020-06-06,0,120,0,0.00428114622903601,0
Steuben,2020-06-07T00:00:00.000,0,251,162,7144,7144,251,2020-06-07,0,162,0,0.00421223066626514,0
Steuben,2020-06-08T00:00:00.000,1,252,196,7340,7340,252,2020-06-08,1,196,0.00510204081632653,0.00413705207317162,1.20583541140371
Steuben,2020-06-09T00:00:00.000,1,253,238,7578,7578,253,2020-06-09,1,238,0.00420168067226891,0.00405606443377327,1.20421326244622
Steuben,2020-06-10T00:00:00.000,1,254,374,7952,7952,254,2020-06-10,1,374,0.00267379679144385,0.00396992591729071,1.20136907636599
Steuben,2020-06-11T00:00:00.000,0,254,239,8191,8191,254,2020-06-11,0,239,0,0.00387946623669766,0
Steuben,2020-06-12T00:00:00.000,1,255,278,8469,8469,255,2020-06-12,1,278,0.00359712230215827,0.00378564989612354,1.19212528796647
Steuben,2020-06-13T00:00:00.000,0,255,158,8627,8627,255,2020-06-13,0,158,0,0.00368953734862982,0
Steuben,2020-06-14T00:00:00.000,1,256,198,8825,8825,256,2020-06-14,1,198,0.00505050505050505,0.00359224613803362,1.17840358601467
Steuben,2020-06-15T00:00:00.000,1,257,346,9171,9171,257,2020-06-15,1,346,0.00289017341040462,0.00349491396842475,1.16998983536189
Steuben,2020-06-16T00:00:00.000,0,257,306,9477,9477,257,2020-06-16,0,306,0,0.00339866536135495,0
Steuben,2020-06-17T00:00:00.000,0,257,359,9836,9836,257,2020-06-17,0,359,0,0.00330458316775358,0
Steuben,2020-06-18T00:00:00.000,0,257,257,10093,10093,257,2020-06-18,0,257,0,0.00321368574977581,0
Steuben,2020-06-19T00:00:00.000,4,261,133,10226,10226,261,2020-06-19,4,133,0.0300751879699248,0.00312691018653691,4.51036265533315
Steuben,2020-06-20T00:00:00.000,0,261,172,10398,10398,261,2020-06-20,0,172,0,0.00304510143143885,0
Steuben,2020-06-21T00:00:00.000,2,263,204,10602,10602,263,2020-06-21,2,204,0.00980392156862745,0.00296900698858682,2.20827880963986
Steuben,2020-06-22T00:00:00.000,0,263,163,10765,10765,263,2020-06-22,0,163,0,0.00289927640156353,0
Steuben,2020-06-23T00:00:00.000,0,263,263,11028,11028,263,2020-06-23,0,263,0,0.00283646466555305,0
Steuben,2020-06-24T00:00:00.000,1,264,245,11273,11273,264,2020-06-24,1,245,0.00408163265306122,0.0027810385796631,1.09634673383297
Steuben,2020-06-25T00:00:00.000,0,264,220,11493,11493,264,2020-06-25,0,220,0,0.00273338503607104,0
Steuben,2020-06-26T00:00:00.000,0,264,178,11671,11671,264,2020-06-26,0,178,0,0.00269382028295983,0
Steuben,2020-06-27T00:00:00.000,2,266,236,11907,11907,266,2020-06-27,2,236,0.00847457627118644,0.00266259927627462,2.16194644352454
Steuben,2020-06-28T00:00:00.000,0,266,171,12078,12078,266,2020-06-28,0,171,0,0.00263992433828277,0
Steuben,2020-06-29T00:00:00.000,0,266,165,12243,12243,266,2020-06-29,0,165,0,0.00262595245223603,0
Steuben,2020-06-30T00:00:00.000,2,268,402,12645,12645,268,2020-06-30,2,402,0.00497512437810945,0.00262080063280873,2.14264185825108
Steuben,2020-07-01T00:00:00.000,0,268,213,12858,12858,268,2020-07-01,0,213,0,0.00262454891696603,0
Steuben,2020-07-02T00:00:00.000,0,268,201,13059,13059,268,2020-07-02,0,201,0,0.00263724061761482,0
Steuben,2020-07-03T00:00:00.000,1,269,282,13341,13341,269,2020-07-03,1,282,0.00354609929078014,0.00265887957616431,1.07456579719243
Steuben,2020-07-04T00:00:00.000,1,270,209,13550,13550,270,2020-07-04,1,209,0.00478468899521531,0.00268942424753566,1.07277827069329
Steuben,2020-07-05T00:00:00.000,1,271,252,13802,13802,271,2020-07-05,1,252,0.00396825396825397,0.00272877855867536,1.07096032316473
Steuben,2020-07-06T00:00:00.000,0,271,195,13997,13997,271,2020-07-06,0,195,0,0.00277677961139124,0
Steuben,2020-07-07T00:00:00.000,0,271,223,14220,14220,271,2020-07-07,0,223,0,0.00283318246024764,0
Steuben,2020-07-08T00:00:00.000,1,272,199,14419,14419,272,2020-07-08,1,199,0.0050251256281407,0.00289764239427007,1.06989901936778
Steuben,2020-07-09T00:00:00.000,0,272,182,14601,14601,272,2020-07-09,0,182,0,0.00296969539157501,0
Steuben,2020-07-10T00:00:00.000,2,274,183,14784,14784,274,2020-07-10,2,183,0.0109289617486339,0.00304873769460248,2.14130604665509
Steuben,2020-07-11T00:00:00.000,0,274,247,15031,15031,274,2020-07-11,0,247,0,0.00313400576084714,0
Steuben,2020-07-12T00:00:00.000,2,276,101,15132,15132,276,2020-07-12,2,101,0.0198019801980198,0.00322455815767001,2.14273065197374
Steuben,2020-07-13T00:00:00.000,2,278,292,15424,15424,278,2020-07-13,2,292,0.00684931506849315,0.00331926125641753,2.14327118108695
Steuben,2020-07-14T00:00:00.000,1,279,402,15826,15826,279,2020-07-14,1,402,0.00248756218905473,0.00341678079942962,1.07180790837711
Steuben,2020-07-15T00:00:00.000,0,279,299,16125,16125,279,2020-07-15,0,299,0,0.0035155815081532,0
Steuben,2020-07-16T00:00:00.000,0,279,254,16379,16379,279,2020-07-16,0,254,0,0.00361393682080155,0
Steuben,2020-07-17T00:00:00.000,1,280,228,16607,16607,280,2020-07-17,1,228,0.0043859649122807,0.00370995054081663,1.07693293433732
Steuben,2020-07-18T00:00:00.000,1,281,178,16785,16785,281,2020-07-18,1,178,0.00561797752808989,0.00380159161142962,1.08051901433006
Steuben,2020-07-19T00:00:00.000,1,282,172,16957,16957,282,2020-07-19,1,172,0.00581395348837209,0.00388674239836176,1.08338774585866
Steuben,2020-07-20T00:00:00.000,1,283,119,17076,17076,283,2020-07-20,1,119,0.00840336134453781,0.00396325979304488,1.08479989142136
Steuben,2020-07-21T00:00:00.000,0,283,324,17400,17400,283,2020-07-21,0,324,0,0.00402904721408678,0
Steuben,2020-07-22T00:00:00.000,1,284,359,17759,17759,284,2020-07-22,1,359,0.00278551532033426,0.00408213430446377,1.07659560962934
Steuben,2020-07-23T00:00:00.000,1,285,226,17985,17985,285,2020-07-23,1,226,0.00442477876106195,0.00412075994124498,1.06994323878771
Steuben,2020-07-24T00:00:00.000,3,288,297,18282,18282,288,2020-07-24,3,297,0.0101010101010101,0.00414345326668869,3.18579631178251
Steuben,2020-07-25T00:00:00.000,0,288,179,18461,18461,288,2020-07-25,0,179,0,0.0041491069675943,0
Steuben,2020-07-26T00:00:00.000,0,288,187,18648,18648,288,2020-07-26,0,187,0,0.00413703709881817,0
Steuben,2020-07-27T00:00:00.000,1,289,161,18809,18809,289,2020-07-27,1,161,0.0062111801242236,0.00410702442400616,1.05768881471756
Steuben,2020-07-28T00:00:00.000,1,290,330,19139,19139,290,2020-07-28,1,330,0.00303030303030303,0.00405933350718024,1.05594893217616
Steuben,2020-07-29T00:00:00.000,0,290,393,19532,19532,290,2020-07-29,0,393,0,0.00399470752144635,0
Steuben,2020-07-30T00:00:00.000,0,290,266,19798,19798,290,2020-07-30,0,266,0,0.00391433875946345,0
Steuben,2020-07-31T00:00:00.000,0,290,216,20014,20014,290,2020-07-31,0,216,0,0.00381981689207487,0
Steuben,2020-08-01T00:00:00.000,2,292,147,20161,20161,292,2020-08-01,2,147,0.0136054421768707,0.00371305888136988,2.12214913955909
Steuben,2020-08-02T00:00:00.000,0,292,95,20256,20256,292,2020-08-02,0,95,0,0.00359622588378039,0
Steuben,2020-08-03T00:00:00.000,2,294,171,20427,20427,294,2020-08-03,2,171,0.0116959064327485,0.00347163332212907,2.11711129338583
Steuben,2020-08-04T00:00:00.000,3,297,423,20850,20850,297,2020-08-04,3,423,0.00709219858156028,0.00334166049060808,3.16679018415269
Steuben,2020-08-05T00:00:00.000,0,297,253,21103,21103,297,2020-08-05,0,253,0,0.00320866560626715,0
Steuben,2020-08-06T00:00:00.000,0,297,221,21324,21324,297,2020-08-06,0,221,0,0.00307491124251328,0
Steuben,2020-08-07T00:00:00.000,1,298,203,21527,21527,298,2020-08-07,1,203,0.00492610837438424,0.00294250374399365,1.0426375671803
Steuben,2020-08-08T00:00:00.000,0,298,298,21825,21825,298,2020-08-08,0,298,0,0.00281334872035845,0
Steuben,2020-08-09T00:00:00.000,0,298,218,22043,22043,298,2020-08-09,0,218,0,0.00268912324094191,0
Steuben,2020-08-10T00:00:00.000,2,300,380,22423,22423,300,2020-08-10,2,380,0.00526315789473684,0.00257126406118814,2.06260901237256
Steuben,2020-08-11T00:00:00.000,0,300,325,22748,22748,300,2020-08-11,0,325,0,0.00246097020977841,0
Steuben,2020-08-12T00:00:00.000,1,301,320,23068,23068,301,2020-08-12,1,320,0.003125,0.00235921760743375,1.02163433299553
Steuben,2020-08-13T00:00:00.000,2,303,275,23343,23343,303,2020-08-13,2,275,0.00727272727272727,0.0022667830724361,2.03253391942299
Steuben,2020-08-14T00:00:00.000,3,306,348,23691,23691,306,2020-08-14,3,348,0.00862068965517241,0.00218427505369071,3.03199754092353
Steuben,2020-08-15T00:00:00.000,0,306,388,24079,24079,306,2020-08-15,0,388,0,0.0021121686540543,0
Steuben,2020-08-16T00:00:00.000,1,307,237,24316,24316,307,2020-08-16,1,237,0.00421940928270042,0.00205084288873701,1.00495963021383
Steuben,2020-08-17T00:00:00.000,0,307,156,24472,24472,307,2020-08-17,0,156,0,0.00200061858915196,0
Steuben,2020-08-18T00:00:00.000,0,307,286,24758,24758,307,2020-08-18,0,286,0,0.00196179585065625,0
Steuben,2020-08-19T00:00:00.000,0,307,204,24962,24962,307,2020-08-19,0,204,0,0.00193469038186133,0
Steuben,2020-08-20T00:00:00.000,1,308,380,25342,25342,308,2020-08-20,1,380,0.00263157894736842,0.00191966851114675,1.0068071640497
Steuben,2020-08-21T00:00:00.000,1,309,316,25658,25658,309,2020-08-21,1,316,0.00316455696202532,0.00191718092483881,1.00768590922284
Steuben,2020-08-22T00:00:00.000,1,310,241,25899,25899,310,2020-08-22,1,241,0.004149377593361,0.0019277954421239,1.00874213055679
Steuben,2020-08-23T00:00:00.000,0,310,295,26194,26194,310,2020-08-23,0,295,0,0.00195222927290936,0
Steuben,2020-08-24T00:00:00.000,0,310,156,26350,26350,310,2020-08-24,0,156,0,0.00199138126131298,0
Steuben,2020-08-25T00:00:00.000,0,310,299,26649,26649,310,2020-08-25,0,299,0,0.00204636458844982,0
Steuben,2020-08-26T00:00:00.000,1,311,263,26912,26912,311,2020-08-26,1,263,0.00380228136882129,0.00211854029779399,1.01154266249322
Steuben,2020-08-27T00:00:00.000,1,312,337,27249,27249,312,2020-08-27,1,337,0.0029673590504451,0.00220955180956292,1.01479307291494
Steuben,2020-08-28T00:00:00.000,1,313,360,27609,27609,313,2020-08-28,1,360,0.00277777777777778,0.00232136030315745,1.01854152805193
Steuben,2020-08-29T00:00:00.000,2,315,213,27822,27822,315,2020-08-29,2,213,0.00938967136150235,0.00245628045833276,2.04837017151115
Steuben,2020-08-30T00:00:00.000,0,315,246,28068,28068,315,2020-08-30,0,246,0,0.0026170155497597,0
Steuben,2020-08-31T00:00:00.000,0,315,230,28298,28298,315,2020-08-31,0,230,0,0.00280669027704984,0
Steuben,2020-09-01T00:00:00.000,0,315,273,28571,28571,315,2020-09-01,0,273,0,0.0030288789874355,0
Steuben,2020-09-02T00:00:00.000,1,316,286,28857,28857,316,2020-09-02,1,286,0.0034965034965035,0.00328762612483488,1.06454664100031
Steuben,2020-09-03T00:00:00.000,3,319,163,29020,29020,319,2020-09-03,3,163,0.0184049079754601,0.00358745485586384,3.24444309804445
Steuben,2020-09-04T00:00:00.000,0,319,237,29257,29257,319,2020-09-04,0,237,0,0.00393335894544085,0
Steuben,2020-09-05T00:00:00.000,1,320,150,29407,29407,320,2020-09-05,1,150,0.00666666666666667,0.00433077218728897,1.11047821241907
Steuben,2020-09-06T00:00:00.000,0,320,134,29541,29541,320,2020-09-06,0,134,0,0.00478550917953176,0
Steuben,2020-09-07T00:00:00.000,3,323,139,29680,29680,323,2020-09-07,3,139,0.0215827338129496,0.00530367115691392,3.41675346037461
Steuben,2020-09-08T00:00:00.000,2,325,338,30018,30018,325,2020-09-08,2,338,0.00591715976331361,0.00589151115711757,2.30655609058556
Steuben,2020-09-09T00:00:00.000,0,325,401,30419,30419,325,2020-09-09,0,401,0,0.00655525422660767,0
Steuben,2020-09-10T00:00:00.000,1,326,83,30502,30502,326,2020-09-10,1,83,0.0120481927710843,0.00730087083872276,1.18185292965801
Steuben,2020-09-11T00:00:00.000,0,326,307,30809,30809,326,2020-09-11,0,307,0,0.00813380530692098,0
Steuben,2020-09-12T00:00:00.000,0,326,132,30941,30941,326,2020-09-12,0,132,0,0.00905866568171363,0
Steuben,2020-09-13T00:00:00.000,0,326,277,31218,31218,326,2020-09-13,0,277,0,0.0100788871859145,0
Steuben,2020-09-14T00:00:00.000,5,331,339,31557,31557,331,2020-09-14,5,339,0.0147492625368732,0.0111963871926986,6.29902479840777
Steuben,2020-09-15T00:00:00.000,3,334,273,31830,31830,334,2020-09-15,3,273,0.010989010989011,0.0124112353837658,3.83633942969261
Steuben,2020-09-16T00:00:00.000,5,339,346,32176,32176,339,2020-09-16,5,346,0.0144508670520231,0.0137213671464899,6.48551331435759
Steuben,2020-09-17T00:00:00.000,3,342,265,32441,32441,342,2020-09-17,3,265,0.0113207547169811,0.015122370526299,3.94368697057235
Steuben,2020-09-18T00:00:00.000,2,344,316,32757,32757,344,2020-09-18,2,316,0.00632911392405063,0.0166073762803165,2.66188674153211
Steuben,2020-09-19T00:00:00.000,6,350,373,33130,33130,350,2020-09-19,6,373,0.0160857908847185,0.0181670762062378,8.076178215384
Steuben,2020-09-20T00:00:00.000,3,353,195,33325,33325,353,2020-09-20,3,195,0.0153846153846154,0.0197898868589882,4.07799939284706
Steuben,2020-09-21T00:00:00.000,7,360,317,33642,33642,360,2020-09-21,7,317,0.0220820189274448,0.0214622644886153,9.59339803956292
Steuben,2020-09-22T00:00:00.000,6,366,440,34082,34082,366,2020-09-22,6,440,0.0136363636363636,0.0231691636579255,8.2780180124509
Steuben,2020-09-23T00:00:00.000,10,376,347,34429,34429,376,2020-09-23,10,347,0.0288184438040346,0.0248946180723858,13.8673054353307
Steuben,2020-09-24T00:00:00.000,11,387,305,34734,34734,387,2020-09-24,11,305,0.0360655737704918,0.0266224095171845,15.3894269954861
Steuben,2020-09-25T00:00:00.000,17,404,488,35222,35222,404,2020-09-25,17,488,0.0348360655737705,0.0283367811823769,23.9320484983651
Steuben,2020-09-26T00:00:00.000,12,416,387,35609,35609,416,2020-09-26,12,387,0.0310077519379845,0.0300231464058883,16.971201929519
Steuben,2020-09-27T00:00:00.000,4,420,170,35779,35779,420,2020-09-27,4,170,0.0235294117647059,0.0316687436920093,5.67463886509204
Steuben,2020-09-28T00:00:00.000,30,450,517,36296,36296,450,2020-09-28,30,517,0.058027079303675,0.0332631936899555,42.6011620495063
Steuben,2020-09-29T00:00:00.000,3,453,407,36703,36703,453,2020-09-29,3,407,0.00737100737100737,0.0347989228286764,4.25708784227151
Steuben,2020-09-30T00:00:00.000,11,464,440,37143,37143,464,2020-09-30,11,440,0.025,0.0362714301335501,15.574617660337
Steuben,2020-10-01T00:00:00.000,35,499,413,37556,37556,499,2020-10-01,35,413,0.0847457627118644,0.037679386678689,49.3732415480229
Steuben,2020-10-02T00:00:00.000,21,520,456,38012,38012,520,2020-10-02,21,456,0.0460526315789474,0.0390245694541604,29.5503006278858
Steuben,2020-10-03T00:00:00.000,14,534,354,38366,38366,534,2020-10-03,14,354,0.0395480225988701,0.0403116416700445,19.8010657187042
Steuben,2020-10-04T00:00:00.000,6,540,242,38608,38608,540,2020-10-04,6,242,0.0247933884297521,0.0415477986093475,8.55752127890244
Steuben,2020-10-05T00:00:00.000,30,570,578,39186,39186,570,2020-10-05,30,578,0.0519031141868512,0.0427423015517256,43.1717165895488
Steuben,2020-10-06T00:00:00.000,15,585,567,39753,39753,585,2020-10-06,15,567,0.0264550264550265,0.0439059219812665,21.7765981126856
Steuben,2020-10-07T00:00:00.000,23,608,492,40245,40245,608,2020-10-07,23,492,0.0467479674796748,0.0450503146672783,33.6815552478364
Steuben,2020-10-08T00:00:00.000,24,632,412,40657,40657,632,2020-10-08,24,412,0.058252427184466,0.0461873320131754,35.4479818641951
Steuben,2020-10-09T00:00:00.000,28,660,676,41333,41333,660,2020-10-09,28,676,0.0414201183431953,0.0473282842619372,41.7071223198844
Steuben,2020-10-10T00:00:00.000,30,690,564,41897,41897,690,2020-10-10,30,564,0.0531914893617021,0.0484831418185706,45.061560346142
Steuben,2020-10-11T00:00:00.000,12,702,400,42297,42297,702,2020-10-11,12,400,0.03,0.0496596683012437,18.1745478021345
Suffolk,2020-03-01T00:00:00.000,0,0,0,0,0,0,2020-03-01,0,0,0,0.0112951947220537,0
Suffolk,2020-03-02T00:00:00.000,0,0,0,0,0,0,2020-03-02,0,0,0,0.0139091727465078,0
Suffolk,2020-03-03T00:00:00.000,0,0,0,0,0,0,2020-03-03,0,0,0,0.0171153083286972,0
Suffolk,2020-03-04T00:00:00.000,0,0,2,2,2,0,2020-03-04,0,2,0,0.0210372795229024,0
Suffolk,2020-03-05T00:00:00.000,0,0,2,4,4,0,2020-03-05,0,2,0,0.0258173223591532,0
Suffolk,2020-03-06T00:00:00.000,0,0,1,5,5,0,2020-03-06,0,1,0,0.031615486226257,0
Suffolk,2020-03-07T00:00:00.000,0,0,2,7,7,0,2020-03-07,0,2,0,0.0386070323134834,0
Suffolk,2020-03-08T00:00:00.000,1,1,11,18,18,1,2020-03-08,1,11,0.0909090909090909,0.0469773586960698,2.36578304468576
Suffolk,2020-03-09T00:00:00.000,0,1,4,22,22,1,2020-03-09,0,4,0,0.0569138989409884,0
Suffolk,2020-03-10T00:00:00.000,5,6,24,46,46,6,2020-03-10,5,24,0.208333333333333,0.0685946625640246,10.7478180955947
Suffolk,2020-03-11T00:00:00.000,5,11,24,70,70,11,2020-03-11,5,24,0.208333333333333,0.0821735097499602,10.2539416522635
Suffolk,2020-03-12T00:00:00.000,11,22,73,143,143,22,2020-03-12,11,73,0.150684931506849,0.0977628855939413,21.5406718413247
Suffolk,2020-03-13T00:00:00.000,10,32,79,222,222,32,2020-03-13,10,79,0.126582278481013,0.115415516468996,18.7188772887473
Suffolk,2020-03-14T00:00:00.000,9,41,38,260,260,41,2020-03-14,9,38,0.236842105263158,0.135107336293508,16.1306655467245
Suffolk,2020-03-15T00:00:00.000,22,63,95,355,355,63,2020-03-15,22,95,0.231578947368421,0.156724424560588,38.3746641281052
Suffolk,2020-03-16T00:00:00.000,22,85,109,464,464,85,2020-03-16,22,109,0.201834862385321,0.180056740515042,37.3375389106268
Suffolk,2020-03-17T00:00:00.000,31,116,179,643,643,116,2020-03-17,31,179,0.173184357541899,0.204800753261885,51.1840651042888
Suffolk,2020-03-18T00:00:00.000,62,178,361,1004,1004,178,2020-03-18,62,361,0.171745152354571,0.230571718900852,99.5943680218356
Suffolk,2020-03-19T00:00:00.000,193,371,766,1770,1770,371,2020-03-19,193,766,0.251958224543081,0.256924617875766,301.696308761742
Suffolk,2020-03-20T00:00:00.000,290,661,1461,3231,3231,661,2020-03-20,290,1461,0.198494182067077,0.283381105601088,441.269468818443
Suffolk,2020-03-21T00:00:00.000,373,1034,1578,4809,4809,1034,2020-03-21,373,1578,0.23637515842839,0.309458736096937,552.617179839084
Suffolk,2020-03-22T00:00:00.000,424,1458,1153,5962,5962,1458,2020-03-22,424,1153,0.367736339982654,0.334698502282724,612.178971895274
Suffolk,2020-03-23T00:00:00.000,422,1880,1047,7009,7009,1880,2020-03-23,422,1047,0.40305635148042,0.358687404811554,594.420400105756
Suffolk,2020-03-24T00:00:00.000,380,2260,854,7863,7863,2260,2020-03-24,380,854,0.444964871194379,0.381074036386954,522.855664964955
Suffolk,2020-03-25T00:00:00.000,475,2735,1189,9052,9052,2735,2020-03-25,475,1189,0.399495374264087,0.401576628592114,644.615444590435
Suffolk,2020-03-26T00:00:00.000,650,3385,1333,10385,10385,3385,2020-03-26,650,1333,0.487621905476369,0.41998426366898,871.067561141531
Suffolk,2020-03-27T00:00:00.000,753,4138,1690,12075,12075,4138,2020-03-27,753,1690,0.445562130177515,0.436152769331913,997.372291056099
Suffolk,2020-03-28T00:00:00.000,885,5023,2155,14230,14230,5023,2020-03-28,885,2155,0.410672853828306,0.449997140099261,1162.12909392551
Suffolk,2020-03-29T00:00:00.000,768,5791,1598,15828,15828,5791,2020-03-29,768,1598,0.480600750938673,0.461482252140183,1008.67173471838
Suffolk,2020-03-30T00:00:00.000,922,6713,1857,17685,17685,6713,2020-03-30,922,1857,0.496499730748519,0.470613311993678,1216.57586826082
Suffolk,2020-03-31T00:00:00.000,892,7605,1620,19305,19305,7605,2020-03-31,892,1620,0.550617283950617,0.477427051729429,1180.97440650144
Suffolk,2020-04-01T00:00:00.000,1141,8746,2148,21453,21453,8746,2020-04-01,1141,2148,0.531191806331471,0.481984264151835,1513.40093839304
Suffolk,2020-04-02T00:00:00.000,1408,10154,2575,24028,24028,10154,2020-04-02,1408,2575,0.546796116504854,0.484363922991365,1844.59045739399
Suffolk,2020-04-03T00:00:00.000,1216,11370,2463,26491,26491,11370,2020-04-03,1216,2463,0.493706861550954,0.484658876287215,1575.22705768088
Suffolk,2020-04-04T00:00:00.000,1035,12405,2200,28691,28691,12405,2020-04-04,1035,2200,0.470454545454545,0.482972932422678,1337.53332827777
Suffolk,2020-04-05T00:00:00.000,1082,13487,2211,30902,30902,13487,2020-04-05,1082,2211,0.489371325192221,0.47941906184689,1393.76717944468
Suffolk,2020-04-06T00:00:00.000,1030,14517,2323,33225,33225,14517,2020-04-06,1030,2323,0.443392165303487,0.474118395164915,1331.86061733052
Suffolk,2020-04-07T00:00:00.000,1327,15844,3139,36364,36364,15844,2020-04-07,1327,3139,0.422746097483275,0.467199694390999,1726.34436408006
Suffolk,2020-04-08T00:00:00.000,1569,17413,3889,40253,40253,17413,2020-04-08,1569,3889,0.403445615839547,0.458798997487342,2053.30802011385
Suffolk,2020-04-09T00:00:00.000,1279,18692,2942,43195,43195,18692,2020-04-09,1279,2942,0.434738273283481,0.449059179330062,1683.66203523121
Suffolk,2020-04-10T00:00:00.000,1191,19883,2556,45751,45751,19883,2020-04-10,1191,2556,0.465962441314554,0.43812922990406,1576.82624113206
Suffolk,2020-04-11T00:00:00.000,933,20816,2215,47966,47966,20816,2020-04-11,933,2215,0.421218961625282,0.426163118729409,1243.10231940257
Suffolk,2020-04-12T00:00:00.000,827,21643,2164,50130,50130,21643,2020-04-12,827,2164,0.382162661737523,0.413318188349451,1113.44455278736
Suffolk,2020-04-13T00:00:00.000,819,22462,2246,52376,52376,22462,2020-04-13,819,2246,0.364648263579697,0.399753093665423,1113.57356071181
Suffolk,2020-04-14T00:00:00.000,816,23278,2135,54511,54511,23278,2020-04-14,816,2135,0.382201405152225,0.385625371015791,1119.59326182125
Suffolk,2020-04-15T00:00:00.000,904,24182,2536,57047,57047,24182,2020-04-15,904,2536,0.356466876971609,0.37108877462851,1249.34148632975
Suffolk,2020-04-16T00:00:00.000,853,25035,2496,59543,59543,25035,2020-04-16,853,2496,0.341746794871795,0.356290552542506,1184.23469638453
Suffolk,2020-04-17T00:00:00.000,1108,26143,3385,62928,62928,26143,2020-04-17,1108,3385,0.327326440177253,0.341368846168291,1543.80665161138
Suffolk,2020-04-18T00:00:00.000,745,26888,2392,65320,65320,26888,2020-04-18,745,2392,0.311454849498328,0.326450387035038,1040.65206893577
Suffolk,2020-04-19T00:00:00.000,774,27662,2278,67598,67598,27662,2020-04-19,774,2278,0.339771729587357,0.311648634065403,1082.80345356274
Suffolk,2020-04-20T00:00:00.000,492,28154,1482,69080,69080,28154,2020-04-20,492,1482,0.331983805668016,0.297062450704411,688.758640596487
Suffolk,2020-04-21T00:00:00.000,700,28854,2188,71268,71268,28854,2020-04-21,700,2188,0.319926873857404,0.282775370467193,979.798867185127
Suffolk,2020-04-22T00:00:00.000,713,29567,2428,73696,73696,29567,2020-04-22,713,2428,0.293657331136738,0.268855449347126,997.050728928735
Suffolk,2020-04-23T00:00:00.000,1039,30606,3858,77554,77554,30606,2020-04-23,1039,3858,0.269310523587351,0.255355660045091,1450.40727305196
Suffolk,2020-04-24T00:00:00.000,762,31368,2860,80414,80414,31368,2020-04-24,762,2860,0.266433566433566,0.242314750206898,1061.05377202541
Suffolk,2020-04-25T00:00:00.000,691,32059,2830,83244,83244,32059,2020-04-25,691,2830,0.24416961130742,0.229758466657332,959.027267890122
Suffolk,2020-04-26T00:00:00.000,411,32470,1826,85070,85070,32470,2020-04-26,411,1826,0.225082146768894,0.217701039561537,567.985378677586
Suffolk,2020-04-27T00:00:00.000,254,32724,1429,86499,86499,32724,2020-04-27,254,1429,0.177746675997201,0.206146822804828,349.198978571682
Suffolk,2020-04-28T00:00:00.000,541,33265,2669,89168,89168,33265,2020-04-28,541,2669,0.20269763956538,0.195091996802274,739.298097324423
Suffolk,2020-04-29T00:00:00.000,399,33664,2193,91361,91361,33664,2020-04-29,399,2193,0.181942544459644,0.184526254593871,543.40627451565
Suffolk,2020-04-30T00:00:00.000,373,34037,2207,93568,93568,34037,2020-04-30,373,2207,0.169007702763933,0.174434408685719,508.579253805292
Suffolk,2020-05-01T00:00:00.000,441,34478,2660,96228,96228,34478,2020-05-01,441,2660,0.165789473684211,0.16479787256062,601.884107320106
Suffolk,2020-05-02T00:00:00.000,377,34855,2521,98749,98749,34855,2020-05-02,377,2521,0.149543831812773,0.155595985707823,514.392299624374
Suffolk,2020-05-03T00:00:00.000,222,35077,1640,100389,100389,35077,2020-05-03,222,1640,0.135365853658537,0.14680716356331,302.242295569639
Suffolk,2020-05-04T00:00:00.000,198,35275,1586,101975,101975,35275,2020-05-04,198,1586,0.12484237074401,0.138409863727777,268.526299801381
Suffolk,2020-05-05T00:00:00.000,268,35543,2112,104087,104087,35543,2020-05-05,268,2112,0.126893939393939,0.13038336738927,361.573072792164
Suffolk,2020-05-06T00:00:00.000,349,35892,2668,106755,106755,35892,2020-05-06,349,2668,0.130809595202399,0.122708380372182,468.347739480115
Suffolk,2020-05-07T00:00:00.000,331,36223,2357,109112,109112,36223,2020-05-07,331,2357,0.140432753500212,0.115367462244252,443.193302730021
Suffolk,2020-05-08T00:00:00.000,238,36461,2227,111339,111339,36461,2020-05-08,238,2227,0.106870229007634,0.108345294853145,318.904147743987
Suffolk,2020-05-09T00:00:00.000,241,36702,2556,113895,113895,36702,2020-05-09,241,2556,0.0942879499217527,0.101628804000275,323.069454488928
Suffolk,2020-05-10T00:00:00.000,209,36911,2014,115909,115909,36911,2020-05-10,209,2014,0.10377358490566,0.0952071499759093,280.21280731287
Suffolk,2020-05-11T00:00:00.000,151,37062,1964,117873,117873,37062,2020-05-11,151,1964,0.0768839103869654,0.0890716045249237,202.403812635503
Suffolk,2020-05-12T00:00:00.000,243,37305,2950,120823,120823,37305,2020-05-12,243,2950,0.0823728813559322,0.0832153335075896,326.345384163764
Suffolk,2020-05-13T00:00:00.000,239,37544,3229,124052,124052,37544,2020-05-13,239,3229,0.0740167234437906,0.0776331059809564,322.594870417099
Suffolk,2020-05-14T00:00:00.000,175,37719,2777,126829,126829,37719,2020-05-14,175,2777,0.0630176449405834,0.0723209514732152,237.939428148311
Suffolk,2020-05-15T00:00:00.000,223,37942,3048,129877,129877,37942,2020-05-15,223,3048,0.0731627296587927,0.0672757876498779,305.154003236686
Suffolk,2020-05-16T00:00:00.000,175,38117,2818,132695,132695,38117,2020-05-16,175,2818,0.0621007806955287,0.0624950402112105,240.57094358167
Suffolk,2020-05-17T00:00:00.000,107,38224,1948,134643,134643,38224,2020-05-17,107,1948,0.0549281314168378,0.0579762755539753,147.197171230473
Suffolk,2020-05-18T00:00:00.000,103,38327,2118,136761,136761,38327,2020-05-18,103,2118,0.0486307837582625,0.0537168644812811,141.650357988439
Suffolk,2020-05-19T00:00:00.000,84,38411,2416,139177,139177,38411,2020-05-19,84,2416,0.0347682119205298,0.0497136920787461,115.379982224865
Suffolk,2020-05-20T00:00:00.000,142,38553,3623,142800,142800,38553,2020-05-20,142,3623,0.0391940380899807,0.0459629250266065,194.868376144578
Suffolk,2020-05-21T00:00:00.000,119,38672,3022,145822,145822,38672,2020-05-21,119,3022,0.0393778954334878,0.0424598433060817,163.371202685345
Suffolk,2020-05-22T00:00:00.000,130,38802,4005,149827,149827,38802,2020-05-22,130,4005,0.0324594257178527,0.0391987388438176,178.358375105646
Suffolk,2020-05-23T00:00:00.000,162,38964,3865,153692,153692,38964,2020-05-23,162,3865,0.0419146183699871,0.0361728794432902,221.87190730966
Suffolk,2020-05-24T00:00:00.000,126,39090,4010,157702,157702,39090,2020-05-24,126,4010,0.0314214463840399,0.0333745326772976,172.073667140895
Suffolk,2020-05-25T00:00:00.000,109,39199,3241,160943,160943,39199,2020-05-25,109,3241,0.0336315951866708,0.0307950415186756,148.239414195889
Suffolk,2020-05-26T00:00:00.000,59,39258,2492,163435,163435,39258,2020-05-26,59,2492,0.0236757624398074,0.0284249414872562,79.8527133492017
Suffolk,2020-05-27T00:00:00.000,101,39359,4482,167917,167917,39359,2020-05-27,101,4482,0.0225345827755466,0.0262541080642008,136.129024348459
Suffolk,2020-05-28T00:00:00.000,86,39445,4591,172508,172508,39445,2020-05-28,86,4591,0.0187323023306469,0.0242719229955187,115.339448497159
Suffolk,2020-05-29T00:00:00.000,87,39532,4388,176896,176896,39532,2020-05-29,87,4388,0.0198268003646308,0.022467448764136,116.018713599387
Suffolk,2020-05-30T00:00:00.000,111,39643,5138,182034,182034,39643,2020-05-30,111,5138,0.0216037368625924,0.0208296017669392,147.994298074543
Suffolk,2020-05-31T00:00:00.000,62,39705,4294,186328,186328,39705,2020-05-31,62,4294,0.0144387517466232,0.0193473163894603,83.0203576430566
Suffolk,2020-06-01T00:00:00.000,275,39980,4365,190693,190693,39980,2020-06-01,275,4365,0.0630011454753723,0.0180096940208144,370.03464342888
Suffolk,2020-06-02T00:00:00.000,82,40062,4840,195533,195533,40062,2020-06-02,82,4840,0.0169421487603306,0.0168061329226511,110.797555388448
Suffolk,2020-06-03T00:00:00.000,91,40153,5178,200711,200711,40153,2020-06-03,91,5178,0.0175743530320587,0.0157264366080195,123.375579541444
Suffolk,2020-06-04T00:00:00.000,86,40239,5202,205913,205913,40239,2020-06-04,86,5202,0.0165321030372933,0.0147608999015125,116.474194207608
Suffolk,2020-06-05T00:00:00.000,39,40278,5505,211418,211418,40278,2020-06-05,39,5505,0.00708446866485014,0.0139003730853743,52.715936676605
Suffolk,2020-06-06T00:00:00.000,51,40329,4582,216000,216000,40329,2020-06-06,51,4582,0.0111305106940201,0.0131363054605357,68.7666247919479
Suffolk,2020-06-07T00:00:00.000,48,40377,4833,220833,220833,40377,2020-06-07,48,4833,0.00993171942892613,0.0124607702799074,64.5313438013168
Suffolk,2020-06-08T00:00:00.000,49,40426,4098,224931,224931,40426,2020-06-08,49,4098,0.0119570522205954,0.0118664733733077,65.6518822213153
Suffolk,2020-06-09T00:00:00.000,38,40464,4099,229030,229030,40464,2020-06-09,38,4099,0.0092705537936082,0.0113467479216275,50.7181797664378
Suffolk,2020-06-10T00:00:00.000,48,40512,5079,234109,234109,40512,2020-06-10,48,5079,0.00945067926757236,0.0108955377993012,63.791720160263
Suffolk,2020-06-11T00:00:00.000,47,40559,5206,239315,239315,40559,2020-06-11,47,5206,0.00902804456396466,0.010507371740094,62.1703605307355
Suffolk,2020-06-12T00:00:00.000,56,40615,5879,245194,245194,40615,2020-06-12,56,5879,0.00952542949481204,0.0101773303342699,73.6986054286797
Suffolk,2020-06-13T00:00:00.000,44,40659,4243,249437,249437,40659,2020-06-13,44,4243,0.010370021211407,0.00990100757379095,57.5884191510295
Suffolk,2020-06-14T00:00:00.000,33,40692,4110,253547,253547,40692,2020-06-14,33,4110,0.00802919708029197,0.00967446835904281,42.9372373223417
Suffolk,2020-06-15T00:00:00.000,46,40738,4866,258413,258413,40738,2020-06-15,46,4866,0.00945334977394164,0.00949420308909935,59.4760507238583
Suffolk,2020-06-16T00:00:00.000,32,40770,4086,262499,262499,40770,2020-06-16,32,4086,0.00783162016642193,0.00935708019728017,41.0983720273076
Suffolk,2020-06-17T00:00:00.000,40,40810,5476,267975,267975,40810,2020-06-17,40,5476,0.00730460189919649,0.00926029727689421,51.0095509228221
Suffolk,2020-06-18T00:00:00.000,54,40864,5570,273545,273545,40864,2020-06-18,54,5570,0.00969479353680431,0.00920133127764325,68.3487237609166
Suffolk,2020-06-19T00:00:00.000,44,40908,4391,277936,277936,40908,2020-06-19,44,4391,0.0100204964700524,0.00917788814720145,55.2544020166077
Suffolk,2020-06-20T00:00:00.000,64,40972,5243,283179,283179,40972,2020-06-20,64,5243,0.0122067518596224,0.00918785224568276,79.7097721770768
Suffolk,2020-06-21T00:00:00.000,38,41010,3952,287131,287131,41010,2020-06-21,38,3952,0.00961538461538462,0.00922923587424048,46.9962232885277
Suffolk,2020-06-22T00:00:00.000,46,41056,3530,290661,290661,41056,2020-06-22,46,3530,0.0130311614730878,0.00930012932868375,56.9399567546405
Suffolk,2020-06-23T00:00:00.000,45,41101,3941,294602,294602,41101,2020-06-23,45,3941,0.0114184217203755,0.00939865200913245,55.75062066451
Suffolk,2020-06-24T00:00:00.000,50,41151,5529,300131,300131,41151,2020-06-24,50,5529,0.00904322662325918,0.00952290527665479,61.9974998957778
Suffolk,2020-06-25T00:00:00.000,57,41208,5076,305207,305207,41208,2020-06-25,57,5076,0.0112293144208038,0.00967092793706495,70.6626209038161
Suffolk,2020-06-26T00:00:00.000,45,41253,4615,309822,309822,41253,2020-06-26,45,4615,0.00975081256771398,0.00984065542730414,55.6731297034444
Suffolk,2020-06-27T00:00:00.000,53,41306,5095,314917,314917,41306,2020-06-27,53,5095,0.0104023552502453,0.0100298839668782,65.4168782107598
Suffolk,2020-06-28T00:00:00.000,33,41339,4481,319398,319398,41339,2020-06-28,33,4481,0.00736442758312877,0.010236241084031,40.6241878724169
Suffolk,2020-06-29T00:00:00.000,46,41385,3312,322710,322710,41385,2020-06-29,46,3312,0.0138888888888889,0.0104571640109195,56.5009586186781
Suffolk,2020-06-30T00:00:00.000,42,41427,4047,326757,326757,41427,2020-06-30,42,4047,0.0103780578206079,0.0106898874367582,51.7872433976176
Suffolk,2020-07-01T00:00:00.000,64,41491,5730,332487,332487,41491,2020-07-01,64,5730,0.0111692844677138,0.0109314419876668,79.3017291462046
Suffolk,2020-07-02T00:00:00.000,47,41538,4791,337278,337278,41538,2020-07-02,47,4791,0.00981006053016072,0.0111786645515527,58.457373123704
Suffolk,2020-07-03T00:00:00.000,47,41585,4110,341388,341388,41585,2020-07-03,47,4110,0.0114355231143552,0.0114282211784499,58.4330920313944
Suffolk,2020-07-04T00:00:00.000,57,41642,5933,347321,347321,41642,2020-07-04,57,5933,0.00960728130793865,0.011676642764418,70.8191470271455
Suffolk,2020-07-05T00:00:00.000,43,41685,3812,351133,351133,41685,2020-07-05,43,3812,0.0112801678908709,0.0119203730955961,53.367147782727
Suffolk,2020-07-06T00:00:00.000,45,41730,4226,355359,355359,41730,2020-07-06,45,4226,0.0106483672503549,0.0121558281195338,55.7742673363487
Suffolk,2020-07-07T00:00:00.000,69,41799,4108,359467,359467,41799,2020-07-07,69,4108,0.0167964946445959,0.0123794645767003,85.5263895572268
Suffolk,2020-07-08T00:00:00.000,50,41849,5372,364839,364839,41849,2020-07-08,50,5372,0.00930752047654505,0.0125878554257575,61.9588701694588
Suffolk,2020-07-09T00:00:00.000,62,41911,6245,371084,371084,41911,2020-07-09,62,6245,0.00992794235388311,0.0127777688951125,76.7818636556348
Suffolk,2020-07-10T00:00:00.000,76,41987,5490,376574,376574,41987,2020-07-10,76,5490,0.0138433515482696,0.0129462475565386,94.029629454179
Suffolk,2020-07-11T00:00:00.000,41,42028,4260,380834,380834,42028,2020-07-11,41,4260,0.00962441314553991,0.0130906835937795,50.6606683514193
Suffolk,2020-07-12T00:00:00.000,84,42112,4517,385351,385351,42112,2020-07-12,84,4517,0.0185964135488156,0.0132088864674578,103.62307409922
Suffolk,2020-07-13T00:00:00.000,102,42214,4795,390146,390146,42214,2020-07-13,102,4795,0.0212721584984359,0.0132991394723017,125.581455096093
Suffolk,2020-07-14T00:00:00.000,53,42267,4756,394902,394902,42267,2020-07-14,53,4756,0.0111438183347351,0.0133602422265305,65.104730907084
Suffolk,2020-07-15T00:00:00.000,66,42333,6205,401107,401107,42333,2020-07-15,66,6205,0.0106365834004835,0.013391536896526,80.8651842505499
Suffolk,2020-07-16T00:00:00.000,49,42382,4822,405929,405929,42382,2020-07-16,49,4822,0.0101617586063874,0.0133929168753636,59.9192064168373
Suffolk,2020-07-17T00:00:00.000,58,42440,4671,410600,410600,42440,2020-07-17,58,4671,0.0124170413187754,0.0133648176342027,71.0029092743601
Suffolk,2020-07-18T00:00:00.000,26,42466,2755,413355,413355,42466,2020-07-18,26,2755,0.00943738656987296,0.0133081904641564,31.8435234870707
Suffolk,2020-07-19T00:00:00.000,30,42496,4235,417590,417590,42496,2020-07-19,30,4235,0.00708382526564345,0.0132244607461384,36.7353680277542
Suffolk,2020-07-20T00:00:00.000,79,42575,4508,422098,422098,42575,2020-07-20,79,4508,0.0175244010647737,0.0131154731558577,96.5939367729024
Suffolk,2020-07-21T00:00:00.000,46,42621,4070,426168,426168,42621,2020-07-21,46,4070,0.0113022113022113,0.0129834267811993,55.9307095266544
Suffolk,2020-07-22T00:00:00.000,94,42715,5525,431693,431693,42715,2020-07-22,94,5525,0.0170135746606335,0.0128308034633802,113.479421817309
Suffolk,2020-07-23T00:00:00.000,58,42773,6010,437703,437703,42773,2020-07-23,58,6010,0.00965058236272879,0.0126602927728862,69.4281152372721
Suffolk,2020-07-24T00:00:00.000,49,42822,5594,443297,443297,42822,2020-07-24,49,5594,0.00875938505541652,0.0124747169005852,58.0977958037617
Suffolk,2020-07-25T00:00:00.000,61,42883,4214,447511,447511,42883,2020-07-25,61,4214,0.0144755576649264,0.0122769584252402,71.8435831225063
Suffolk,2020-07-26T00:00:00.000,84,42967,5292,452803,452803,42967,2020-07-26,84,5292,0.0158730158730159,0.0120698934509704,98.9010718169969
Suffolk,2020-07-27T00:00:00.000,57,43024,4926,457729,457729,43024,2020-07-27,57,4926,0.0115712545676005,0.0118563320460428,67.0309036340364
Suffolk,2020-07-28T00:00:00.000,60,43084,4399,462128,462128,43084,2020-07-28,60,4399,0.0136394635144351,0.0116389673113657,70.3947283284402
Suffolk,2020-07-29T00:00:00.000,86,43170,6247,468375,468375,43170,2020-07-29,86,6247,0.0137666079718265,0.0114203338114427,100.896619208492
Suffolk,2020-07-30T00:00:00.000,54,43224,5371,473746,473746,43224,2020-07-30,54,5371,0.0100539936697077,0.0112027755502305,63.4962671349299
Suffolk,2020-07-31T00:00:00.000,76,43300,6595,480341,480341,43300,2020-07-31,76,6595,0.0115238817285823,0.0109884232047984,89.5476746386302
Suffolk,2020-08-01T00:00:00.000,45,43345,4797,485138,485138,43345,2020-08-01,45,4797,0.00938086303939963,0.0107791799511475,53.1182561049562
Suffolk,2020-08-02T00:00:00.000,50,43395,4339,489477,489477,43395,2020-08-02,50,4339,0.0115233924867481,0.0105767149442138,59.0839817039203
Suffolk,2020-08-03T00:00:00.000,73,43468,5697,495174,495174,43468,2020-08-03,73,5697,0.0128137616289275,0.0103824633414356,86.2210304870437
Suffolk,2020-08-04T00:00:00.000,85,43553,5570,500744,500744,43553,2020-08-04,85,5570,0.0152603231597846,0.0101976316783899,100.316104900652
Suffolk,2020-08-05T00:00:00.000,77,43630,7082,507826,507826,43630,2020-08-05,77,7082,0.0108726348489127,0.0100232074034104,90.7924397206312
Suffolk,2020-08-06T00:00:00.000,51,43681,5537,513363,513363,43681,2020-08-06,51,5537,0.00921076395159834,0.00985997143946773,60.0558635999356
Suffolk,2020-08-07T00:00:00.000,68,43749,6401,519764,519764,43749,2020-08-07,68,6401,0.0106233401031089,0.00970851274630897,79.8887911675738
Suffolk,2020-08-08T00:00:00.000,37,43786,6048,525812,525812,43786,2020-08-08,37,6048,0.00611772486772487,0.00956924399244824,43.4427900892041
Suffolk,2020-08-09T00:00:00.000,58,43844,4029,529841,529841,43844,2020-08-09,58,4029,0.0143956316703897,0.00944241759803109,68.0894164311734
Suffolk,2020-08-10T00:00:00.000,49,43893,4999,534840,534840,43893,2020-08-10,49,4999,0.00980196039207842,0.00932814156348282,57.4841137702289
Suffolk,2020-08-11T00:00:00.000,55,43948,5030,539870,539870,43948,2020-08-11,55,5030,0.010934393638171,0.00922639465017616,64.4454003859289
Suffolk,2020-08-12T00:00:00.000,39,43987,6363,546233,546233,43987,2020-08-12,39,6363,0.00612918434700613,0.00913704061713695,45.6208992832145
Suffolk,2020-08-13T00:00:00.000,58,44045,6154,552387,552387,44045,2020-08-13,58,6154,0.00942476438089048,0.00905984134037453,67.7028362766981
Suffolk,2020-08-14T00:00:00.000,64,44109,6312,558699,558699,44109,2020-08-14,64,6312,0.0101394169835234,0.0089944687464256,74.5168320086671
Suffolk,2020-08-15T00:00:00.000,50,44159,5886,564585,564585,44159,2020-08-15,50,5886,0.00849473326537547,0.00894051557761695,58.2153200865487
Suffolk,2020-08-16T00:00:00.000,26,44185,3839,568424,568424,44185,2020-08-16,26,3839,0.00677259703047669,0.00889750507213686,30.259068154087
Suffolk,2020-08-17T00:00:00.000,50,44235,4631,573055,573055,44235,2020-08-17,50,4631,0.0107968041459728,0.0088648996925251,58.3256253247465
Suffolk,2020-08-18T00:00:00.000,70,44305,7334,580389,580389,44305,2020-08-18,70,7334,0.00954458685574039,0.00884210906686229,81.8267522873925
Suffolk,2020-08-19T00:00:00.000,48,44353,6779,587168,587168,44353,2020-08-19,48,6779,0.00708069036731081,0.00882849732384558,56.2095612109894
Suffolk,2020-08-20T00:00:00.000,47,44400,6908,594076,594076,44400,2020-08-20,47,6908,0.00680370584829184,0.008823390006742,55.11693750326
Suffolk,2020-08-21T00:00:00.000,56,44456,7213,601289,601289,44456,2020-08-21,56,7213,0.00776375987799806,0.00882608074129405,65.7390906652508
Suffolk,2020-08-22T00:00:00.000,42,44498,5256,606545,606545,44498,2020-08-22,42,5256,0.00799086757990868,0.00883583781305957,49.3342043892504
Suffolk,2020-08-23T00:00:00.000,21,44519,4910,611455,611455,44519,2020-08-23,21,4910,0.00427698574338086,0.0088519107832031,24.6676433653582
Suffolk,2020-08-24T00:00:00.000,42,44561,4505,615960,615960,44561,2020-08-24,42,4505,0.00932297447280799,0.00887353723485687,49.2376250796244
Suffolk,2020-08-25T00:00:00.000,44,44605,4955,620915,620915,44605,2020-08-25,44,4955,0.00887991927346115,0.00889994970480974,51.4538902319241
Suffolk,2020-08-26T00:00:00.000,36,44641,6990,627905,627905,44641,2020-08-26,36,6990,0.00515021459227468,0.008930382811902,42.0503911153732
Suffolk,2020-08-27T00:00:00.000,37,44678,7132,635037,635037,44678,2020-08-27,37,7132,0.00518788558609086,0.00896408055207242,43.1916081298267
Suffolk,2020-08-28T00:00:00.000,34,44712,6415,641452,641452,44712,2020-08-28,34,6415,0.00530007794232268,0.00900030368866599,39.6560194450322
Suffolk,2020-08-29T00:00:00.000,51,44763,7199,648651,648651,44763,2020-08-29,51,7199,0.00708431726628698,0.00903833713152666,59.5017421712966
Suffolk,2020-08-30T00:00:00.000,57,44820,5198,653849,653849,44820,2020-08-30,57,5198,0.0109657560600231,0.00907749716667262,66.4868166090775
Suffolk,2020-08-31T00:00:00.000,65,44885,8045,661894,661894,44885,2020-08-31,65,8045,0.00807955251709136,0.00911713837756095,75.8892996942075
Suffolk,2020-09-01T00:00:00.000,55,44940,5761,667655,667655,44940,2020-09-01,55,5761,0.00954695365387953,0.00915666008507011,64.412027079892
Suffolk,2020-09-02T00:00:00.000,66,45006,6644,674299,674299,45006,2020-09-02,66,6644,0.00993377483443709,0.00919551213116566,77.871399407563
Suffolk,2020-09-03T00:00:00.000,96,45102,6039,680338,680338,45102,2020-09-03,96,6039,0.0158966716343766,0.00923319983816256,114.116046988701
Suffolk,2020-09-04T00:00:00.000,98,45200,6619,686957,686957,45200,2020-09-04,98,6619,0.0148058619126756,0.00926928799388305,117.06746262933
Suffolk,2020-09-05T00:00:00.000,58,45258,5274,692231,692231,45258,2020-09-05,58,5274,0.0109973454683352,0.0093034037387528,69.5257509851503
Suffolk,2020-09-06T00:00:00.000,46,45304,4364,696595,696595,45304,2020-09-06,46,4364,0.0105407882676444,0.00933523826532734,55.3074758650329
Suffolk,2020-09-07T00:00:00.000,52,45356,3680,700275,700275,45356,2020-09-07,52,3680,0.0141304347826087,0.00936454727946243,62.6883373808124
Suffolk,2020-09-08T00:00:00.000,55,45411,3080,703355,703355,45411,2020-09-08,55,3080,0.0178571428571429,0.00939115021528616,66.4577941689634
Suffolk,2020-09-09T00:00:00.000,52,45463,6741,710096,710096,45463,2020-09-09,52,6741,0.00771398902240024,0.00941492823783067,62.9544382848522
Suffolk,2020-09-10T00:00:00.000,71,45534,6839,716935,716935,45534,2020-09-10,71,6839,0.0103816347419213,0.00943582110954392,86.0918991255763
Suffolk,2020-09-11T00:00:00.000,81,45615,6077,723012,723012,45615,2020-09-11,81,6077,0.0133289452032253,0.0094538230328142,98.7519028121128
Suffolk,2020-09-12T00:00:00.000,68,45683,6000,729012,729012,45683,2020-09-12,68,6000,0.0113333333333333,0.00946897761281889,83.3765747323624
Suffolk,2020-09-13T00:00:00.000,31,45714,4905,733917,733917,45714,2020-09-13,31,4905,0.00632008154943935,0.00948137210868892,38.2175721609315
Suffolk,2020-09-14T00:00:00.000,71,45785,5634,739551,739551,45785,2020-09-14,71,5634,0.0126020589279375,0.0094911311582799,87.9803467130094
Suffolk,2020-09-15T00:00:00.000,58,45843,4753,744304,744304,45843,2020-09-15,58,4753,0.0122028192720387,0.00949841016945301,72.2116643928474
Suffolk,2020-09-16T00:00:00.000,72,45915,8319,752623,752623,45915,2020-09-16,72,8319,0.00865488640461594,0.00950338857202562,90.0233059352007
Suffolk,2020-09-17T00:00:00.000,41,45956,5925,758548,758548,45956,2020-09-17,41,5925,0.00691983122362869,0.00950626311772209,51.4522099583842
Suffolk,2020-09-18T00:00:00.000,54,46010,8053,766601,766601,46010,2020-09-18,54,8053,0.0067055755619024,0.00950724140234032,67.9717868428701
Suffolk,2020-09-19T00:00:00.000,51,46061,6712,773313,773313,46061,2020-09-19,51,6712,0.00759833134684148,0.00950653576731847,64.3425908510202
Suffolk,2020-09-20T00:00:00.000,48,46109,5208,778521,778521,46109,2020-09-20,48,5208,0.00921658986175115,0.00950435771449581,60.6338417108846
Suffolk,2020-09-21T00:00:00.000,67,46176,5863,784384,784384,46176,2020-09-21,67,5863,0.0114275967934505,0.00950091294573448,84.6365995685911
Suffolk,2020-09-22T00:00:00.000,32,46208,5254,789638,789638,46208,2020-09-22,32,5254,0.00609059763989341,0.00949639711095043,40.3821972681837
Suffolk,2020-09-23T00:00:00.000,33,46241,6408,796046,796046,46241,2020-09-23,33,6408,0.0051498127340824,0.00949099232364234,41.5553205334078
Suffolk,2020-09-24T00:00:00.000,52,46293,5646,801692,801692,46293,2020-09-24,52,5646,0.00921006021962451,0.00948486447656774,65.6162618819982
Suffolk,2020-09-25T00:00:00.000,52,46345,6759,808451,808451,46345,2020-09-25,52,6759,0.00769344577600237,0.00947816136493108,65.6102442757513
Suffolk,2020-09-26T00:00:00.000,42,46387,5435,813886,813886,46387,2020-09-26,42,5435,0.00772769089236431,0.00947101160209154,52.9266811448255
Suffolk,2020-09-27T00:00:00.000,41,46428,4697,818583,818583,46428,2020-09-27,41,4697,0.0087289759420907,0.00946352429049651,51.54710747025
Suffolk,2020-09-28T00:00:00.000,36,46464,4300,822883,822883,46464,2020-09-28,36,4300,0.00837209302325581,0.00945578939067551,45.0791871409296
Suffolk,2020-09-29T00:00:00.000,53,46517,3988,826871,826871,46517,2020-09-29,53,3988,0.0132898696088265,0.00944787871420077,66.0152203730113
Suffolk,2020-09-30T00:00:00.000,46,46563,5924,832795,832795,46563,2020-09-30,46,5924,0.00776502363268062,0.0094398474495028,56.9275600630212
Suffolk,2020-10-01T00:00:00.000,104,46667,8609,841404,841404,46667,2020-10-01,104,8609,0.0120803809966314,0.00943173611661417,127.733766335334
Suffolk,2020-10-02T00:00:00.000,103,46770,10195,851599,851599,46770,2020-10-02,103,10195,0.0101029916625797,0.00942357283495329,125.738298920151
Suffolk,2020-10-03T00:00:00.000,72,46842,8656,860255,860255,46842,2020-10-03,72,8656,0.00831792975970425,0.00941537577832993,88.0508886094208
Suffolk,2020-10-04T00:00:00.000,49,46891,5724,865979,865979,46891,2020-10-04,49,5724,0.00856044723969252,0.00940715568481375,60.2398454150987
Suffolk,2020-10-05T00:00:00.000,89,46980,8563,874542,874542,46980,2020-10-05,89,8563,0.0103935536611001,0.00939891828429047,110.07534778127
Suffolk,2020-10-06T00:00:00.000,109,47089,10845,885387,885387,47089,2020-10-06,109,10845,0.01005071461503,0.00939066650457543,135.625891771841
Suffolk,2020-10-07T00:00:00.000,107,47196,11812,897199,897199,47196,2020-10-07,107,11812,0.0090585844903488,0.00938240231831755,133.939816871442
Suffolk,2020-10-08T00:00:00.000,89,47285,8946,906145,906145,47285,2020-10-08,89,8946,0.00994858037111558,0.00937412809734332,112.075602059193
Suffolk,2020-10-09T00:00:00.000,72,47357,7703,913848,913848,47357,2020-10-09,72,7703,0.0093470076593535,0.00936584734868231,91.2068217382547
Suffolk,2020-10-10T00:00:00.000,74,47431,8565,922413,922413,47431,2020-10-10,74,8565,0.00863981319322825,0.0093575647180286,94.2917941422683
Suffolk,2020-10-11T00:00:00.000,62,47493,5651,928064,928064,47493,2020-10-11,62,5651,0.0109715094673509,0.00934928516056913,79.4605408382284
Sullivan,2020-03-01T00:00:00.000,0,0,0,0,0,0,2020-03-01,0,0,0,0.0108144153126708,0
Sullivan,2020-03-02T00:00:00.000,0,0,0,0,0,0,2020-03-02,0,0,0,0.0124352448001965,0
Sullivan,2020-03-03T00:00:00.000,0,0,0,0,0,0,2020-03-03,0,0,0,0.014294359111323,0
Sullivan,2020-03-04T00:00:00.000,0,0,0,0,0,0,2020-03-04,0,0,0,0.016423396913767,0
Sullivan,2020-03-05T00:00:00.000,0,0,0,0,0,0,2020-03-05,0,0,0,0.0188561780521055,0
Sullivan,2020-03-06T00:00:00.000,0,0,0,0,0,0,2020-03-06,0,0,0,0.021628196527742,0
Sullivan,2020-03-07T00:00:00.000,0,0,0,0,0,0,2020-03-07,0,0,0,0.0247758891560605,0
Sullivan,2020-03-08T00:00:00.000,0,0,0,0,0,0,2020-03-08,0,0,0,0.0283356564523959,0
Sullivan,2020-03-09T00:00:00.000,0,0,0,0,0,0,2020-03-09,0,0,0,0.0323426260839644,0
Sullivan,2020-03-10T00:00:00.000,0,0,0,0,0,0,2020-03-10,0,0,0,0.0368291691440209,0
Sullivan,2020-03-11T00:00:00.000,0,0,1,1,1,0,2020-03-11,0,1,0,0.0418232051866466,0
Sullivan,2020-03-12T00:00:00.000,0,0,0,1,1,0,2020-03-12,0,0,0,0.0473463618425224,0
Sullivan,2020-03-13T00:00:00.000,0,0,1,2,2,0,2020-03-13,0,1,0,0.0534120860475473,0
Sullivan,2020-03-14T00:00:00.000,0,0,7,9,9,0,2020-03-14,0,7,0,0.0600238323086857,0
Sullivan,2020-03-15T00:00:00.000,0,0,2,11,11,0,2020-03-15,0,2,0,0.0671734739710733,0
Sullivan,2020-03-16T00:00:00.000,1,1,9,20,20,1,2020-03-16,1,9,0.111111111111111,0.0748400910841429,1.55451708562658
Sullivan,2020-03-17T00:00:00.000,0,1,14,34,34,1,2020-03-17,0,14,0,0.0829892790486546,0
Sullivan,2020-03-18T00:00:00.000,2,3,23,57,57,3,2020-03-18,2,23,0.0869565217391304,0.0915730938938319,2.92933655609081
Sullivan,2020-03-19T00:00:00.000,5,8,79,136,136,8,2020-03-19,5,79,0.0632911392405063,0.100530703827831,7.11593532691322
Sullivan,2020-03-20T00:00:00.000,4,12,42,178,178,12,2020-03-20,4,42,0.0952380952380952,0.10978975721833,5.53585832171756
Sullivan,2020-03-21T00:00:00.000,4,16,37,215,215,16,2020-03-21,4,37,0.108108108108108,0.119268411739435,5.38725844431235
Sullivan,2020-03-22T00:00:00.000,7,23,83,298,298,23,2020-03-22,7,83,0.0843373493975904,0.12887790721749,9.18677461573326
Sullivan,2020-03-23T00:00:00.000,7,30,44,342,342,30,2020-03-23,7,44,0.159090909090909,0.138525514613139,8.96521397198635
Sullivan,2020-03-24T00:00:00.000,9,39,23,365,365,39,2020-03-24,9,23,0.391304347826087,0.148117662606825,11.2667972634771
Sullivan,2020-03-25T00:00:00.000,14,53,53,418,418,53,2020-03-25,14,53,0.264150943396226,0.157563034974088,17.3022954481514
Sullivan,2020-03-26T00:00:00.000,11,64,62,480,480,64,2020-03-26,11,62,0.17741935483871,0.166775446039396,13.4406749600604
Sullivan,2020-03-27T00:00:00.000,8,72,49,529,529,72,2020-03-27,8,49,0.163265306122449,0.175676334101897,9.6751960039369
Sullivan,2020-03-28T00:00:00.000,16,88,91,620,620,88,2020-03-28,16,91,0.175824175824176,0.184196757547947,19.2149079625698
Sullivan,2020-03-29T00:00:00.000,13,101,53,673,673,101,2020-03-29,13,53,0.245283018867925,0.192278828142925,15.6426248403825
Sullivan,2020-03-30T00:00:00.000,8,109,33,706,706,109,2020-03-30,8,33,0.242424242424242,0.19987656412033,9.68964866500978
Sullivan,2020-03-31T00:00:00.000,12,121,55,761,761,121,2020-03-31,12,55,0.218181818181818,0.206956186936712,14.6134923537673
Sullivan,2020-04-01T00:00:00.000,22,143,96,857,857,143,2020-04-01,22,96,0.229166666666667,0.213495916963649,26.8984160501226
Sullivan,2020-04-02T00:00:00.000,25,168,140,997,997,168,2020-04-02,25,140,0.178571428571429,0.219485343890151,30.259425978678
Sullivan,2020-04-03T00:00:00.000,25,193,133,1130,1130,193,2020-04-03,25,133,0.18796992481203,0.224924457890108,29.9922914677334
Sullivan,2020-04-04T00:00:00.000,41,234,153,1283,1283,234,2020-04-04,41,153,0.26797385620915,0.229822429338844,49.1920681032157
Sullivan,2020-04-05T00:00:00.000,19,253,91,1374,1374,253,2020-04-05,19,91,0.208791208791209,0.23419622030241,22.7825867213257
Sullivan,2020-04-06T00:00:00.000,17,270,77,1451,1451,270,2020-04-06,17,77,0.220779220779221,0.238069102362373,20.5188065368578
Sullivan,2020-04-07T00:00:00.000,9,279,56,1507,1507,279,2020-04-07,9,56,0.160714285714286,0.241469144496747,10.9606151041322
Sullivan,2020-04-08T00:00:00.000,15,294,60,1567,1567,294,2020-04-08,15,60,0.25,0.244427723266349,18.4321170295614
Sullivan,2020-04-09T00:00:00.000,24,318,115,1682,1682,318,2020-04-09,24,115,0.208695652173913,0.246978096446066,29.7598749807013
Sullivan,2020-04-10T00:00:00.000,22,340,99,1781,1781,340,2020-04-10,22,99,0.222222222222222,0.249154071107612,27.5284230660104
Sullivan,2020-04-11T00:00:00.000,18,358,65,1846,1846,358,2020-04-11,18,65,0.276923076923077,0.250988788443225,22.7460287710282
Sullivan,2020-04-12T00:00:00.000,22,380,73,1919,1919,380,2020-04-12,22,73,0.301369863013699,0.25251364023056,28.1958894276168
Sullivan,2020-04-13T00:00:00.000,35,415,133,2052,2052,415,2020-04-13,35,133,0.263157894736842,0.253757326006841,45.4742692851639
Sullivan,2020-04-14T00:00:00.000,9,424,37,2089,2089,424,2020-04-14,9,37,0.243243243243243,0.254745055409277,11.8469523893499
Sullivan,2020-04-15T00:00:00.000,13,437,39,2128,2128,437,2020-04-15,13,39,0.333333333333333,0.255497896851106,17.3080059053925
Sullivan,2020-04-16T00:00:00.000,68,505,192,2320,2320,505,2020-04-16,68,192,0.354166666666667,0.256032271391074,91.3369915849648
Sullivan,2020-04-17T00:00:00.000,19,524,92,2412,2412,524,2020-04-17,19,92,0.206521739130435,0.256359589333551,25.7258253332749
Sullivan,2020-04-18T00:00:00.000,13,537,38,2450,2450,537,2020-04-18,13,38,0.342105263157895,0.256486026481878,17.7262668848813
Sullivan,2020-04-19T00:00:00.000,7,544,30,2480,2480,544,2020-04-19,7,30,0.233333333333333,0.25641243690091,9.60360076286333
Sullivan,2020-04-20T00:00:00.000,11,555,44,2524,2524,555,2020-04-20,11,44,0.25,0.256134399390223,15.1724829292426
Sullivan,2020-04-21T00:00:00.000,6,561,45,2569,2569,561,2020-04-21,6,45,0.133333333333333,0.255642395296534,8.31398569984679
Sullivan,2020-04-22T00:00:00.000,19,580,52,2621,2621,580,2020-04-22,19,52,0.365384615384615,0.254922115729212,26.4283587522221
Sullivan,2020-04-23T00:00:00.000,48,628,253,2874,2874,628,2020-04-23,48,253,0.189723320158103,0.253954896418516,66.9694556547108
Sullivan,2020-04-24T00:00:00.000,61,689,296,3170,3170,689,2020-04-24,61,296,0.206081081081081,0.252718278181444,85.2978211236057
Sullivan,2020-04-25T00:00:00.000,35,724,160,3330,3330,724,2020-04-25,35,160,0.21875,0.251186690191604,49.0109885692081
Sullivan,2020-04-26T00:00:00.000,24,748,120,3450,3450,748,2020-04-26,24,120,0.2,0.249332251729522,33.6200512801037
Sullivan,2020-04-27T00:00:00.000,21,769,77,3527,3527,769,2020-04-27,21,77,0.272727272727273,0.247125685896252,29.3990073630982
Sullivan,2020-04-28T00:00:00.000,42,811,114,3641,3641,811,2020-04-28,42,114,0.368421052631579,0.244537335697536,58.7059588758077
Sullivan,2020-04-29T00:00:00.000,27,838,102,3743,3743,838,2020-04-29,27,102,0.264705882352941,0.24153826907082,37.7753324835999
Sullivan,2020-04-30T00:00:00.000,42,880,122,3865,3865,880,2020-04-30,42,122,0.344262295081967,0.238101454747768,59.0761368686477
Sullivan,2020-05-01T00:00:00.000,51,931,128,3993,3993,931,2020-05-01,51,128,0.3984375,0.23420298538586,72.0955642569583
Sullivan,2020-05-02T00:00:00.000,20,951,105,4098,4098,951,2020-05-02,20,105,0.19047619047619,0.229823318338696,28.3741378525239
Sullivan,2020-05-03T00:00:00.000,25,976,106,4204,4204,976,2020-05-03,25,106,0.235849056603774,0.224948497873298,35.5202372829207
Sullivan,2020-05-04T00:00:00.000,8,984,111,4315,4315,984,2020-05-04,8,111,0.0720720720720721,0.219571315999585,11.3619397132701
Sullivan,2020-05-05T00:00:00.000,12,996,99,4414,4414,996,2020-05-05,12,99,0.121212121212121,0.213692362869822,17.0098002207458
Sullivan,2020-05-06T00:00:00.000,25,1021,150,4564,4564,1021,2020-05-06,25,150,0.166666666666667,0.207320912588412,35.3557373467854
Sullivan,2020-05-07T00:00:00.000,18,1039,90,4654,4654,1039,2020-05-07,18,90,0.2,0.200475587325205,25.4703853617435
Sullivan,2020-05-08T00:00:00.000,32,1071,143,4797,4797,1071,2020-05-08,32,143,0.223776223776224,0.193184742823368,45.4307039121822
Sullivan,2020-05-09T00:00:00.000,22,1093,115,4912,4912,1093,2020-05-09,22,115,0.191304347826087,0.185486522964071,31.320673419549
Sullivan,2020-05-10T00:00:00.000,16,1109,78,4990,4990,1109,2020-05-10,16,78,0.205128205128205,0.177428540976813,22.829535189372
Sullivan,2020-05-11T00:00:00.000,10,1119,95,5085,5085,1119,2020-05-11,10,95,0.105263157894737,0.169067160745217,14.2913659483622
Sullivan,2020-05-12T00:00:00.000,16,1135,89,5174,5174,1135,2020-05-12,16,89,0.179775280898876,0.160466373359773,22.9461195210841
Sullivan,2020-05-13T00:00:00.000,33,1168,178,5352,5352,1168,2020-05-13,33,178,0.185393258426966,0.151696290616656,47.6284333303629
Sullivan,2020-05-14T00:00:00.000,21,1189,127,5479,5479,1189,2020-05-14,21,127,0.165354330708661,0.142831306488512,30.5635352587198
Sullivan,2020-05-15T00:00:00.000,28,1217,176,5655,5655,1217,2020-05-15,28,176,0.159090909090909,0.133948006690813,41.0468643791511
Sullivan,2020-05-16T00:00:00.000,14,1231,138,5793,5793,1231,2020-05-16,14,138,0.101449275362319,0.125122931765495,20.6291956412693
Sullivan,2020-05-17T00:00:00.000,15,1246,133,5926,5926,1246,2020-05-17,15,133,0.112781954887218,0.116430316842513,22.1252670888308
Sullivan,2020-05-18T00:00:00.000,12,1258,111,6037,6037,1258,2020-05-18,12,111,0.108108108108108,0.107939938435932,17.6957449004732
Sullivan,2020-05-19T00:00:00.000,9,1267,116,6153,6153,1267,2020-05-19,9,116,0.0775862068965517,0.0997151933952805,13.2532448917773
Sullivan,2020-05-20T00:00:00.000,14,1281,157,6310,6310,1281,2020-05-20,14,157,0.089171974522293,0.0918115175533394,20.5887513252645
Sullivan,2020-05-21T00:00:00.000,6,1287,158,6468,6468,1287,2020-05-21,6,158,0.0379746835443038,0.084275223440486,8.82169315701894
Sullivan,2020-05-22T00:00:00.000,10,1297,148,6616,6616,1297,2020-05-22,10,148,0.0675675675675676,0.077142801237567,14.6808934235468
Sullivan,2020-05-23T00:00:00.000,13,1310,155,6771,6771,1310,2020-05-23,13,155,0.0838709677419355,0.0704406893680085,19.0315739230659
Sullivan,2020-05-24T00:00:00.000,14,1324,170,6941,6941,1324,2020-05-24,14,170,0.0823529411764706,0.0641854854363154,20.4114599184365
Sullivan,2020-05-25T00:00:00.000,14,1338,238,7179,7179,1338,2020-05-25,14,238,0.0588235294117647,0.0583845386670848,20.2977048785136
Sullivan,2020-05-26T00:00:00.000,2,1340,77,7256,7256,1340,2020-05-26,2,77,0.025974025974026,0.0530368442777663,2.88108102006943
Sullivan,2020-05-27T00:00:00.000,11,1351,209,7465,7465,1351,2020-05-27,11,209,0.0526315789473684,0.0481341495728257,15.7524332043372
Sullivan,2020-05-28T00:00:00.000,13,1364,160,7625,7625,1364,2020-05-28,13,160,0.08125,0.0436621805642584,18.4894032790777
Sullivan,2020-05-29T00:00:00.000,11,1375,254,7879,7879,1375,2020-05-29,11,254,0.0433070866141732,0.039601905069833,15.5245031619064
Sullivan,2020-05-30T00:00:00.000,12,1387,237,8116,8116,1387,2020-05-30,12,237,0.0506329113924051,0.0359307611890771,16.8959180949724
Sullivan,2020-05-31T00:00:00.000,2,1389,145,8261,8261,1389,2020-05-31,2,145,0.0137931034482759,0.0326237962722439,2.82172237775096
Sullivan,2020-06-01T00:00:00.000,3,1392,108,8369,8369,1392,2020-06-01,3,108,0.0277777777777778,0.0296546786188931,4.2431622161792
Sullivan,2020-06-02T00:00:00.000,1,1393,155,8524,8524,1393,2020-06-02,1,155,0.00645161290322581,0.0269965603043051,1.4167733852962
Sullivan,2020-06-03T00:00:00.000,12,1405,186,8710,8710,1405,2020-06-03,12,186,0.0645161290322581,0.024622783439775,17.0153051129264
Sullivan,2020-06-04T00:00:00.000,4,1409,167,8877,8877,1409,2020-06-04,4,167,0.0239520958083832,0.0225074331547736,5.6508342406521
Sullivan,2020-06-05T00:00:00.000,2,1411,176,9053,9053,1411,2020-06-05,2,176,0.0113636363636364,0.0206257484786282,2.81219636359524
Sullivan,2020-06-06T00:00:00.000,4,1415,177,9230,9230,1415,2020-06-06,4,177,0.0225988700564972,0.0189544072860788,5.59488573102966
Sullivan,2020-06-07T00:00:00.000,2,1417,123,9353,9353,1417,2020-06-07,2,123,0.016260162601626,0.0174717039934467,2.78124024198018
Sullivan,2020-06-08T00:00:00.000,1,1418,152,9505,9505,1418,2020-06-08,1,152,0.00657894736842105,0.0161576392837807,1.38183670872423
Sullivan,2020-06-09T00:00:00.000,7,1425,499,10004,10004,1425,2020-06-09,7,499,0.0140280561122244,0.0149939403439557,9.60688383408432
Sullivan,2020-06-10T00:00:00.000,1,1426,272,10276,10276,1426,2020-06-10,1,272,0.00367647058823529,0.0139640284046531,1.3623832044624
Sullivan,2020-06-11T00:00:00.000,2,1428,112,10388,10388,1428,2020-06-11,2,112,0.0178571428571429,0.0130529481975619,2.70356599494853
Sullivan,2020-06-12T00:00:00.000,2,1430,299,10687,10687,1430,2020-06-12,2,299,0.00668896321070234,0.0122472715907999,2.6812776392933
Sullivan,2020-06-13T00:00:00.000,0,1430,287,10974,10974,1430,2020-06-13,0,287,0,0.0115349853530121,0
Sullivan,2020-06-14T00:00:00.000,2,1432,76,11050,11050,1432,2020-06-14,2,76,0.0263157894736842,0.010905370870843,2.63361014456938
Sullivan,2020-06-15T00:00:00.000,1,1433,163,11213,11213,1433,2020-06-15,1,163,0.00613496932515337,0.0103488817785983,1.30415071053038
Sullivan,2020-06-16T00:00:00.000,0,1433,189,11402,11402,1433,2020-06-16,0,189,0,0.00985702388482232,0
Sullivan,2020-06-17T00:00:00.000,1,1434,176,11578,11578,1434,2020-06-17,1,176,0.00568181818181818,0.00942224049472437,1.27745154062466
Sullivan,2020-06-18T00:00:00.000,0,1434,206,11784,11784,1434,2020-06-18,0,206,0,0.00903780520796888,0
Sullivan,2020-06-19T00:00:00.000,1,1435,84,11868,11868,1435,2020-06-19,1,84,0.0119047619047619,0.00869772348555293,1.24905191713291
Sullivan,2020-06-20T00:00:00.000,2,1437,139,12007,12007,1437,2020-06-20,2,139,0.0143884892086331,0.00839664368699814,2.46860021058929
Sullivan,2020-06-21T00:00:00.000,1,1438,103,12110,12110,1438,2020-06-21,1,103,0.00970873786407767,0.0081297778434424,1.22115461529829
Sullivan,2020-06-22T00:00:00.000,2,1440,262,12372,12372,1440,2020-06-22,2,262,0.00763358778625954,0.0078928321161804,2.43536289393435
Sullivan,2020-06-23T00:00:00.000,7,1447,197,12569,12569,1447,2020-06-23,7,197,0.0355329949238579,0.00768194666292649,8.49915607833707
Sullivan,2020-06-24T00:00:00.000,1,1448,176,12745,12745,1448,2020-06-24,1,176,0.00568181818181818,0.00749364446807187,1.21058847264148
Sullivan,2020-06-25T00:00:00.000,1,1449,132,12877,12877,1449,2020-06-25,1,132,0.00757575757575758,0.00732478857068245,1.20572309726597
Sullivan,2020-06-26T00:00:00.000,2,1451,142,13019,13019,1451,2020-06-26,2,142,0.0140845070422535,0.00717254702384035,2.39733130164636
Sullivan,2020-06-27T00:00:00.000,0,1451,82,13101,13101,1451,2020-06-27,0,82,0,0.007034364838595,0
Sullivan,2020-06-28T00:00:00.000,0,1451,89,13190,13190,1451,2020-06-28,0,89,0,0.00690794209322382,0
Sullivan,2020-06-29T00:00:00.000,0,1451,282,13472,13472,1451,2020-06-29,0,282,0,0.00679121732685398,0
Sullivan,2020-06-30T00:00:00.000,1,1452,205,13677,13677,1452,2020-06-30,1,205,0.0048780487804878,0.0066823552872603,1.17643827869197
Sullivan,2020-07-01T00:00:00.000,1,1453,158,13835,13835,1453,2020-07-01,1,158,0.00632911392405063,0.00657973806934,1.17775728208687
Sullivan,2020-07-02T00:00:00.000,2,1455,288,14123,14123,1455,2020-07-02,2,288,0.00694444444444444,0.00648195867100744,2.35560825081873
Sullivan,2020-07-03T00:00:00.000,1,1456,93,14216,14216,1456,2020-07-03,1,93,0.010752688172043,0.00638781601267613,1.17300101031569
Sullivan,2020-07-04T00:00:00.000,0,1456,129,14345,14345,1456,2020-07-04,0,129,0,0.00629631051798924,0
Sullivan,2020-07-05T00:00:00.000,1,1457,113,14458,14458,1457,2020-07-05,1,113,0.00884955752212389,0.00620663944270513,1.16268535911888
Sullivan,2020-07-06T00:00:00.000,2,1459,122,14580,14580,1459,2020-07-06,2,122,0.0163934426229508,0.0061181912612473,2.31438286765635
Sullivan,2020-07-07T00:00:00.000,1,1460,123,14703,14703,1460,2020-07-07,1,123,0.00813008130081301,0.00603053857445608,1.15349700714988
Sullivan,2020-07-08T00:00:00.000,0,1460,138,14841,14841,1460,2020-07-08,0,138,0,0.00594342917908461,0
Sullivan,2020-07-09T00:00:00.000,4,1464,144,14985,14985,1464,2020-07-09,4,144,0.0277777777777778,0.00585677512799636,4.58191789895266
Sullivan,2020-07-10T00:00:00.000,0,1464,164,15149,15149,1464,2020-07-10,0,164,0,0.00577063979945116,0
Sullivan,2020-07-11T00:00:00.000,1,1465,127,15276,15276,1465,2020-07-11,1,127,0.0078740157480315,0.00568522316930263,1.13675160856007
Sullivan,2020-07-12T00:00:00.000,0,1465,70,15346,15346,1465,2020-07-12,0,70,0,0.00560084563042329,0
Sullivan,2020-07-13T00:00:00.000,1,1466,113,15459,15459,1466,2020-07-13,1,113,0.00884955752212389,0.00551793082015298,1.12751053949514
Sullivan,2020-07-14T00:00:00.000,1,1467,217,15676,15676,1467,2020-07-14,1,217,0.00460829493087558,0.00543698798973407,1.12277073117526
Sullivan,2020-07-15T00:00:00.000,2,1469,159,15835,15835,1469,2020-07-15,2,159,0.0125786163522013,0.00535859448076258,2.23598912802849
Sullivan,2020-07-16T00:00:00.000,0,1469,161,15996,15996,1469,2020-07-16,0,161,0,0.00528337885937498,0
Sullivan,2020-07-17T00:00:00.000,4,1473,333,16329,16329,1473,2020-07-17,4,333,0.012012012012012,0.00521200520763475,4.45668892964514
Sullivan,2020-07-18T00:00:00.000,0,1473,124,16453,16453,1473,2020-07-18,0,124,0,0.00514515898815714,0
Sullivan,2020-07-19T00:00:00.000,0,1473,124,16577,16577,1473,2020-07-19,0,124,0,0.00508353479309358,0
Sullivan,2020-07-20T00:00:00.000,0,1473,166,16743,16743,1473,2020-07-20,0,166,0,0.00502782617108209,0
Sullivan,2020-07-21T00:00:00.000,0,1473,132,16875,16875,1473,2020-07-21,0,132,0,0.00497871760647613,0
Sullivan,2020-07-22T00:00:00.000,2,1475,258,17133,17133,1475,2020-07-22,2,258,0.00775193798449612,0.0049368786096423,2.19451784161148
Sullivan,2020-07-23T00:00:00.000,0,1475,214,17347,17347,1475,2020-07-23,0,214,0,0.00490295977587921,0
Sullivan,2020-07-24T00:00:00.000,1,1476,170,17517,17517,1476,2020-07-24,1,170,0.00588235294117647,0.00487759058307861,1.07939658645076
Sullivan,2020-07-25T00:00:00.000,0,1476,72,17589,17589,1476,2020-07-25,0,72,0,0.00486137863099731,0
Sullivan,2020-07-26T00:00:00.000,0,1476,87,17676,17676,1476,2020-07-26,0,87,0,0.00485490997573368,0
Sullivan,2020-07-27T00:00:00.000,0,1476,174,17850,17850,1476,2020-07-27,0,174,0,0.00485875018136862,0
Sullivan,2020-07-28T00:00:00.000,0,1476,179,18029,18029,1476,2020-07-28,0,179,0,0.00487344569500635,0
Sullivan,2020-07-29T00:00:00.000,3,1479,446,18475,18475,1479,2020-07-29,3,446,0.00672645739910314,0.00489952514903577,3.23405154223279
Sullivan,2020-07-30T00:00:00.000,1,1480,99,18574,18574,1480,2020-07-30,1,99,0.0101010101010101,0.00493750020167174,1.08335946939568
Sullivan,2020-07-31T00:00:00.000,3,1483,119,18693,18693,1483,2020-07-31,3,119,0.0252100840336134,0.00498786554467097,3.26632888225051
Sullivan,2020-08-01T00:00:00.000,0,1483,62,18755,18755,1483,2020-08-01,0,62,0,0.00505109773019319,0
Sullivan,2020-08-02T00:00:00.000,0,1483,58,18813,18813,1483,2020-08-02,0,58,0,0.00512765250063013,0
Sullivan,2020-08-03T00:00:00.000,1,1484,260,19073,19073,1484,2020-08-03,1,260,0.00384615384615385,0.00521796034399499,1.10258069901395
Sullivan,2020-08-04T00:00:00.000,1,1485,144,19217,19217,1485,2020-08-04,1,144,0.00694444444444444,0.00532242004507801,1.10589200311213
Sullivan,2020-08-05T00:00:00.000,0,1485,116,19333,19333,1485,2020-08-05,0,116,0,0.00544139006177022,0
Sullivan,2020-08-06T00:00:00.000,3,1488,84,19417,19417,1488,2020-08-06,3,84,0.0357142857142857,0.00557517762942189,3.33691235781396
Sullivan,2020-08-07T00:00:00.000,0,1488,103,19520,19520,1488,2020-08-07,0,103,0,0.0057240255845884,0
Sullivan,2020-08-08T00:00:00.000,1,1489,135,19655,19655,1489,2020-08-08,1,135,0.00740740740740741,0.00588809700782698,1.11847355086938
Sullivan,2020-08-09T00:00:00.000,0,1489,63,19718,19718,1489,2020-08-09,0,63,0,0.00606745791265484,0
Sullivan,2020-08-10T00:00:00.000,1,1490,167,19885,19885,1490,2020-08-10,1,167,0.00598802395209581,0.00626205835283575,1.12731155462341
Sullivan,2020-08-11T00:00:00.000,1,1491,243,20128,20128,1491,2020-08-11,1,243,0.00411522633744856,0.00647171248263287,1.13090976867529
Sullivan,2020-08-12T00:00:00.000,0,1491,284,20412,20412,1491,2020-08-12,0,284,0,0.00669607827539515,0
Sullivan,2020-08-13T00:00:00.000,0,1491,240,20652,20652,1491,2020-08-13,0,240,0,0.00693463777733147,0
Sullivan,2020-08-14T00:00:00.000,2,1493,195,20847,20847,1493,2020-08-14,2,195,0.0102564102564103,0.00718667893321797,2.27698241921929
Sullivan,2020-08-15T00:00:00.000,0,1493,101,20948,20948,1493,2020-08-15,0,101,0,0.00745128015327008,0
Sullivan,2020-08-16T00:00:00.000,0,1493,75,21023,21023,1493,2020-08-16,0,75,0,0.00772729887661953,0
Sullivan,2020-08-17T00:00:00.000,0,1493,125,21148,21148,1493,2020-08-17,0,125,0,0.0080133654128662,0
Sullivan,2020-08-18T00:00:00.000,1,1494,187,21335,21335,1494,2020-08-18,1,187,0.0053475935828877,0.00830788328668408,1.16169127142779
Sullivan,2020-08-19T00:00:00.000,1,1495,179,21514,21514,1495,2020-08-19,1,179,0.00558659217877095,0.00860903716239996,1.16808846965294
Sullivan,2020-08-20T00:00:00.000,0,1495,169,21683,21683,1495,2020-08-20,0,169,0,0.00891480917823618,0
Sullivan,2020-08-21T00:00:00.000,0,1495,146,21829,21829,1495,2020-08-21,0,146,0,0.00922300417206604,0
Sullivan,2020-08-22T00:00:00.000,0,1495,82,21911,21911,1495,2020-08-22,0,82,0,0.00953128384568116,0
Sullivan,2020-08-23T00:00:00.000,0,1495,89,22000,22000,1495,2020-08-23,0,89,0,0.00983720941620262,0
Sullivan,2020-08-24T00:00:00.000,4,1499,142,22142,22142,1499,2020-08-24,4,142,0.028169014084507,0.0101382917665879,4.7521987850665
Sullivan,2020-08-25T00:00:00.000,0,1499,164,22306,22306,1499,2020-08-25,0,164,0,0.0104320475820512,0
Sullivan,2020-08-26T00:00:00.000,7,1506,192,22498,22498,1506,2020-08-26,7,192,0.0364583333333333,0.0107160594807777,8.32687572000775
Sullivan,2020-08-27T00:00:00.000,9,1515,399,22897,22897,1515,2020-08-27,9,399,0.0225563909774436,0.0109880377675098,10.7221430940205
Sullivan,2020-08-28T00:00:00.000,1,1516,138,23035,23035,1516,2020-08-28,1,138,0.0072463768115942,0.0112458811917102,1.19262479593207
Sullivan,2020-08-29T00:00:00.000,5,1521,276,23311,23311,1521,2020-08-29,5,276,0.0181159420289855,0.0114877340131219,5.97508507790019
Sullivan,2020-08-30T00:00:00.000,8,1529,123,23434,23434,1529,2020-08-30,8,123,0.0650406504065041,0.0117120367750971,9.5723220441192
Sullivan,2020-08-31T00:00:00.000,1,1530,146,23580,23580,1530,2020-08-31,1,146,0.00684931506849315,0.0119175684672552,1.19922341465377
Sullivan,2020-09-01T00:00:00.000,4,1534,244,23824,23824,1534,2020-09-01,4,244,0.0163934426229508,0.0121034781976093,4.81705470750948
Sullivan,2020-09-02T00:00:00.000,3,1537,224,24048,24048,1537,2020-09-02,3,224,0.0133928571428571,0.0122693050620987,3.64317222978411
Sullivan,2020-09-03T00:00:00.000,3,1540,415,24463,24463,1540,2020-09-03,3,415,0.0072289156626506,0.0124149855461165,3.67329780370516
Sullivan,2020-09-04T00:00:00.000,3,1543,199,24662,24662,1543,2020-09-04,3,199,0.0150753768844221,0.0125408484695289,3.69368145427807
Sullivan,2020-09-05T00:00:00.000,0,1543,222,24884,24884,1543,2020-09-05,0,222,0,0.0126475981348376,0
Sullivan,2020-09-06T00:00:00.000,1,1544,77,24961,24961,1544,2020-09-06,1,77,0.012987012987013,0.0127362869129632,1.24027431377482
Sullivan,2020-09-07T00:00:00.000,0,1544,107,25068,25068,1544,2020-09-07,0,107,0,0.0128082789589536,0
Sullivan,2020-09-08T00:00:00.000,0,1544,137,25205,25205,1544,2020-09-08,0,137,0,0.0128652070677303,0
Sullivan,2020-09-09T00:00:00.000,4,1548,265,25470,25470,1548,2020-09-09,4,265,0.0150943396226415,0.0129089248409218,4.99793158326802
Sullivan,2020-09-10T00:00:00.000,0,1548,455,25925,25925,1548,2020-09-10,0,455,0,0.0129414563494577,0
Sullivan,2020-09-11T00:00:00.000,1,1549,160,26085,26085,1549,2020-09-11,1,160,0.00625,0.0129649453502341,1.25827850002431
Sullivan,2020-09-12T00:00:00.000,4,1553,160,26245,26245,1553,2020-09-12,4,160,0.025,0.0129816058811909,5.06171468070436
Sullivan,2020-09-13T00:00:00.000,4,1557,81,26326,26326,1557,2020-09-13,4,81,0.0493827160493827,0.0129936757431006,5.08917605477819
Sullivan,2020-09-14T00:00:00.000,2,1559,254,26580,26580,1559,2020-09-14,2,254,0.0078740157480315,0.013003374016589,2.55759117069064
Sullivan,2020-09-15T00:00:00.000,2,1561,122,26702,26702,1561,2020-09-15,2,122,0.0163934426229508,0.0130128633864961,2.56969483882435
Sullivan,2020-09-16T00:00:00.000,4,1565,277,26979,26979,1565,2020-09-16,4,277,0.0144404332129964,0.0130242176865364,5.16142675099636
Sullivan,2020-09-17T00:00:00.000,3,1568,214,27193,27193,1568,2020-09-17,3,214,0.014018691588785,0.0130393947539027,3.88567247946867
Sullivan,2020-09-18T00:00:00.000,2,1570,199,27392,27392,1570,2020-09-18,2,199,0.0100502512562814,0.0130602144140075,2.59869015547439
Sullivan,2020-09-19T00:00:00.000,1,1571,111,27503,27503,1571,2020-09-19,1,111,0.00900900900900901,0.0130883412113457,1.3026105778306
Sullivan,2020-09-20T00:00:00.000,2,1573,98,27601,27601,1573,2020-09-20,2,98,0.0204081632653061,0.0131252713612899,2.60929027546814
Sullivan,2020-09-21T00:00:00.000,0,1573,218,27819,27819,1573,2020-09-21,0,218,0,0.013172323328592,0
Sullivan,2020-09-22T00:00:00.000,3,1576,179,27998,27998,1576,2020-09-22,3,179,0.0167597765363128,0.0132306314224584,3.91348246994724
Sullivan,2020-09-23T00:00:00.000,4,1580,356,28354,28354,1580,2020-09-23,4,356,0.0112359550561798,0.0133011418419383,5.20991236611357
Sullivan,2020-09-24T00:00:00.000,1,1581,199,28553,28553,1581,2020-09-24,1,199,0.0050251256281407,0.0133846106890176,1.30606744086408
Sullivan,2020-09-25T00:00:00.000,2,1583,263,28816,28816,1583,2020-09-25,2,263,0.00760456273764259,0.0134816035845186,2.61396670904525
Sullivan,2020-09-26T00:00:00.000,8,1591,186,29002,29002,1591,2020-09-26,8,186,0.043010752688172,0.0135924966658276,10.4521502701842
Sullivan,2020-09-27T00:00:00.000,3,1594,170,29172,29172,1594,2020-09-27,3,170,0.0176470588235294,0.0137174789005193,3.91438770045008
Sullivan,2020-09-28T00:00:00.000,6,1600,295,29467,29467,1600,2020-09-28,6,295,0.0203389830508475,0.0138565558103564,7.80585673930281
Sullivan,2020-09-29T00:00:00.000,4,1604,306,29773,29773,1604,2020-09-29,4,306,0.0130718954248366,0.0140095548574765,5.18247483329384
Sullivan,2020-09-30T00:00:00.000,3,1607,219,29992,29992,1607,2020-09-30,3,219,0.0136986301369863,0.0141761328850598,3.86674268998202
Sullivan,2020-10-01T00:00:00.000,3,1610,216,30208,30208,1610,2020-10-01,3,216,0.0138888888888889,0.0143557861270637,3.84270607652389
Sullivan,2020-10-02T00:00:00.000,4,1614,314,30522,30522,1614,2020-10-02,4,314,0.0127388535031847,0.0145478633925635,5.09974791995051
Sullivan,2020-10-03T00:00:00.000,1,1615,171,30693,30693,1615,2020-10-03,1,171,0.00584795321637427,0.0147515830844319,1.27909070791799
Sullivan,2020-10-04T00:00:00.000,1,1616,145,30838,30838,1616,2020-10-04,1,145,0.00689655172413793,0.0149660547269291,1.28781259561008
Sullivan,2020-10-05T00:00:00.000,7,1623,238,31076,31076,1623,2020-10-05,7,238,0.0294117647058824,0.0151903056456671,9.0833691322025
Sullivan,2020-10-06T00:00:00.000,6,1629,332,31408,31408,1629,2020-10-06,6,332,0.0180722891566265,0.015423313368221,7.84540712876406
Sullivan,2020-10-07T00:00:00.000,4,1633,322,31730,31730,1633,2020-10-07,4,322,0.0124223602484472,0.0156640441991581,5.27041604075588
Sullivan,2020-10-08T00:00:00.000,10,1643,411,32141,32141,1643,2020-10-08,10,411,0.024330900243309,0.0159114982774118,13.2769736431298
Sullivan,2020-10-09T00:00:00.000,2,1645,344,32485,32485,1645,2020-10-09,2,344,0.00581395348837209,0.016164761261492,2.67563607891745
Sullivan,2020-10-10T00:00:00.000,4,1649,235,32720,32720,1649,2020-10-10,4,235,0.0170212765957447,0.0164230626303601,5.39176930453531
Sullivan,2020-10-11T00:00:00.000,1,1650,123,32843,32843,1650,2020-10-11,1,123,0.00813008130081301,0.0166858404586321,1.35805323764597
Tioga,2020-03-01T00:00:00.000,0,0,0,0,0,0,2020-03-01,0,0,0,0.0143086581911399,0
Tioga,2020-03-02T00:00:00.000,0,0,0,0,0,0,2020-03-02,0,0,0,0.0149807869930709,0
Tioga,2020-03-03T00:00:00.000,0,0,0,0,0,0,2020-03-03,0,0,0,0.0156844125169984,0
Tioga,2020-03-04T00:00:00.000,0,0,0,0,0,0,2020-03-04,0,0,0,0.016421694337947,0
Tioga,2020-03-05T00:00:00.000,0,0,0,0,0,0,2020-03-05,0,0,0,0.0171952710357846,0
Tioga,2020-03-06T00:00:00.000,0,0,0,0,0,0,2020-03-06,0,0,0,0.0180082806805346,0
Tioga,2020-03-07T00:00:00.000,0,0,0,0,0,0,2020-03-07,0,0,0,0.0188643771384403,0
Tioga,2020-03-08T00:00:00.000,0,0,0,0,0,0,2020-03-08,0,0,0,0.0197677418996976,0
Tioga,2020-03-09T00:00:00.000,0,0,0,0,0,0,2020-03-09,0,0,0,0.0207230910744469,0
Tioga,2020-03-10T00:00:00.000,0,0,0,0,0,0,2020-03-10,0,0,0,0.0217356770603792,0
Tioga,2020-03-11T00:00:00.000,0,0,1,1,1,0,2020-03-11,0,1,0,0.0228112841513739,0
Tioga,2020-03-12T00:00:00.000,0,0,0,1,1,0,2020-03-12,0,0,0.5,0.0239562170389998,0
Tioga,2020-03-13T00:00:00.000,1,1,1,2,2,1,2020-03-13,1,1,1,0.025177280765299,1.60751213347529
Tioga,2020-03-14T00:00:00.000,0,1,0,2,2,1,2020-03-14,0,0,0.5,0.0264817502299718,0
Tioga,2020-03-15T00:00:00.000,0,1,1,3,3,1,2020-03-15,0,1,0,0.0278773268582322,0
Tioga,2020-03-16T00:00:00.000,0,1,3,6,6,1,2020-03-16,0,3,0,0.0293720795199529,0
Tioga,2020-03-17T00:00:00.000,0,1,5,11,11,1,2020-03-17,0,5,0,0.0309743662931269,0
Tioga,2020-03-18T00:00:00.000,0,1,0,11,11,1,2020-03-18,0,0,0,0.032692733222548,0
Tioga,2020-03-19T00:00:00.000,0,1,0,11,11,1,2020-03-19,0,0,0,0.0345357858956767,0
Tioga,2020-03-20T00:00:00.000,0,1,5,16,16,1,2020-03-20,0,5,0,0.0365120295009171,0
Tioga,2020-03-21T00:00:00.000,0,1,4,20,20,1,2020-03-21,0,4,0,0.0386296731289584,0
Tioga,2020-03-22T00:00:00.000,0,1,4,24,24,1,2020-03-22,0,4,0,0.0408963945062092,0
Tioga,2020-03-23T00:00:00.000,0,1,3,27,27,1,2020-03-23,0,3,0,0.0433190622037397,0
Tioga,2020-03-24T00:00:00.000,0,1,1,28,28,1,2020-03-24,0,1,0,0.0459034137301506,0
Tioga,2020-03-25T00:00:00.000,1,2,12,40,40,2,2020-03-25,1,12,0.0833333333333333,0.0486536898688145,1.09885865307173
Tioga,2020-03-26T00:00:00.000,0,2,10,50,50,2,2020-03-26,0,10,0,0.0515722282040627,0
Tioga,2020-03-27T00:00:00.000,2,4,18,68,68,4,2020-03-27,2,18,0.111111111111111,0.054659021998006,2.15225953342907
Tioga,2020-03-28T00:00:00.000,0,4,21,89,89,4,2020-03-28,0,21,0,0.0579112543660796,0
Tioga,2020-03-29T00:00:00.000,0,4,15,104,104,4,2020-03-29,0,15,0,0.0613228219118193,0
Tioga,2020-03-30T00:00:00.000,3,7,21,125,125,7,2020-03-30,3,21,0.142857142857143,0.0648838663763404,3.24695883494615
Tioga,2020-03-31T00:00:00.000,0,7,15,140,140,7,2020-03-31,0,15,0,0.0685803371043761,0
Tioga,2020-04-01T00:00:00.000,0,7,14,154,154,7,2020-04-01,0,14,0,0.0723936108013137,0
Tioga,2020-04-02T00:00:00.000,0,7,18,172,172,7,2020-04-02,0,18,0,0.0763001976796332,0
Tioga,2020-04-03T00:00:00.000,0,7,9,181,181,7,2020-04-03,0,9,0,0.0802715641808925,0
Tioga,2020-04-04T00:00:00.000,0,7,8,189,189,7,2020-04-04,0,8,0,0.0842741015828929,0
Tioga,2020-04-05T00:00:00.000,1,8,10,199,199,8,2020-04-05,1,10,0.1,0.0882692666518853,1.08760800345835
Tioga,2020-04-06T00:00:00.000,0,8,10,209,209,8,2020-04-06,0,10,0,0.0922139149671204,0
Tioga,2020-04-07T00:00:00.000,4,12,29,238,238,12,2020-04-07,4,29,0.137931034482759,0.0960608397604724,4.44243295988776
Tioga,2020-04-08T00:00:00.000,5,17,32,270,270,17,2020-04-08,5,32,0.15625,0.0997595194644545,5.6173871060529
Tioga,2020-04-09T00:00:00.000,1,18,16,286,286,18,2020-04-09,1,16,0.0625,0.103257066276992,1.13643864855377
Tioga,2020-04-10T00:00:00.000,1,19,10,296,296,19,2020-04-10,1,10,0.1,0.10649935672865,1.14933479011475
Tioga,2020-04-11T00:00:00.000,0,19,8,304,304,19,2020-04-11,0,8,0,0.109432314335919,0
Tioga,2020-04-12T00:00:00.000,1,20,3,307,307,20,2020-04-12,1,3,0.333333333333333,0.112003304773511,1.18156527060098
Tioga,2020-04-13T00:00:00.000,4,24,52,359,359,24,2020-04-13,4,52,0.0769230769230769,0.114162596243501,4.79808791171882
Tioga,2020-04-14T00:00:00.000,1,25,14,373,373,25,2020-04-14,1,14,0.0714285714285714,0.115864832301151,1.21660254633085
Tioga,2020-04-15T00:00:00.000,2,27,16,389,389,27,2020-04-15,2,16,0.125,0.117070461463346,2.46285973252834
Tioga,2020-04-16T00:00:00.000,3,30,13,402,402,30,2020-04-16,3,13,0.230769230769231,0.117747067418615,3.72841789685884
Tioga,2020-04-17T00:00:00.000,2,32,16,418,418,32,2020-04-17,2,16,0.125,0.11787054533839,2.50553967370139
Tioga,2020-04-18T00:00:00.000,3,35,10,428,428,35,2020-04-18,3,10,0.3,0.117426073390644,3.78325198884442
Tioga,2020-04-19T00:00:00.000,2,37,6,434,434,37,2020-04-19,2,6,0.333333333333333,0.116408833861969,2.5355415885339
Tioga,2020-04-20T00:00:00.000,0,37,5,439,439,37,2020-04-20,0,5,0,0.114824445216379,0
Tioga,2020-04-21T00:00:00.000,2,39,10,449,449,39,2020-04-21,2,10,0.2,0.112689075044593,2.55336506485124
Tioga,2020-04-22T00:00:00.000,1,40,13,462,462,40,2020-04-22,1,13,0.0769230769230769,0.110029214357792,1.27887071443939
Tioga,2020-04-23T00:00:00.000,0,40,10,472,472,40,2020-04-23,0,10,0,0.106881106236619,0
Tioga,2020-04-24T00:00:00.000,31,71,173,645,645,71,2020-04-24,31,173,0.179190751445087,0.103289836470134,39.6380142951937
Tioga,2020-04-25T00:00:00.000,0,71,8,653,653,71,2020-04-25,0,8,0,0.0993081101844156,0
Tioga,2020-04-26T00:00:00.000,0,71,8,661,661,71,2020-04-26,0,8,0,0.0949947558063384,0
Tioga,2020-04-27T00:00:00.000,11,82,86,747,747,82,2020-04-27,11,86,0.127906976744186,0.0904130147668274,13.9263518593155
Tioga,2020-04-28T00:00:00.000,2,84,68,815,815,84,2020-04-28,2,68,0.0294117647058824,0.0856286904753314,2.51704108163484
Tioga,2020-04-29T00:00:00.000,4,88,69,884,884,88,2020-04-29,4,69,0.0579710144927536,0.0807082414393,5.01530923690024
Tioga,2020-04-30T00:00:00.000,2,90,19,903,903,90,2020-04-30,2,19,0.105263157894737,0.0757169092470559,2.5086257520546
Tioga,2020-05-01T00:00:00.000,0,90,20,923,923,90,2020-05-01,0,20,0,0.0707169712286957,0
Tioga,2020-05-02T00:00:00.000,0,90,25,948,948,90,2020-05-02,0,25,0,0.065766199478294,0
Tioga,2020-05-03T00:00:00.000,0,90,50,998,998,90,2020-05-03,0,50,0,0.0609165930398317,0
Tioga,2020-05-04T00:00:00.000,2,92,67,1065,1065,92,2020-05-04,2,67,0.0298507462686567,0.0562134298396005,2.47867129429484
Tioga,2020-05-05T00:00:00.000,4,96,76,1141,1141,96,2020-05-05,4,76,0.0526315789473684,0.0516946615515335,4.9197567206115
Tioga,2020-05-06T00:00:00.000,1,97,40,1181,1181,97,2020-05-06,1,40,0.025,0.0473906505703438,1.22018265208375
Tioga,2020-05-07T00:00:00.000,2,99,40,1221,1221,99,2020-05-07,2,40,0.05,0.0433242261695768,2.42806292916405
Tioga,2020-05-08T00:00:00.000,5,104,83,1304,1304,104,2020-05-08,5,83,0.0602409638554217,0.0395110188591526,6.05681114623958
Tioga,2020-05-09T00:00:00.000,1,105,31,1335,1335,105,2020-05-09,1,31,0.032258064516129,0.0359600193327559,1.20825657178948
Tioga,2020-05-10T00:00:00.000,2,107,40,1375,1375,107,2020-05-10,2,40,0.05,0.0326743017779452,2.40949131808642
Tioga,2020-05-11T00:00:00.000,0,107,35,1410,1410,107,2020-05-11,0,35,0,0.0296518504724796,0
Tioga,2020-05-12T00:00:00.000,1,108,92,1502,1502,108,2020-05-12,1,92,0.0108695652173913,0.0268864326276306,1.1995108571421
Tioga,2020-05-13T00:00:00.000,0,108,59,1561,1561,108,2020-05-13,0,59,0,0.0243684680802947,0
Tioga,2020-05-14T00:00:00.000,2,110,42,1603,1603,110,2020-05-14,2,42,0.0476190476190476,0.0220858562523997,2.41514589817155
Tioga,2020-05-15T00:00:00.000,2,112,57,1660,1660,112,2020-05-15,2,57,0.0350877192982456,0.0200247314345889,2.42445984344891
Tioga,2020-05-16T00:00:00.000,1,113,59,1719,1719,113,2020-05-16,1,59,0.0169491525423729,0.018170127786033,1.21494429457143
Tioga,2020-05-17T00:00:00.000,0,113,82,1801,1801,113,2020-05-17,0,82,0,0.0165065446617229,0
Tioga,2020-05-18T00:00:00.000,0,113,113,1914,1914,113,2020-05-18,0,113,0,0.0150184104923479,0
Tioga,2020-05-19T00:00:00.000,1,114,106,2020,2020,114,2020-05-19,1,106,0.00943396226415094,0.0136904492544777,1.20738381500673
Tioga,2020-05-20T00:00:00.000,3,117,89,2109,2109,117,2020-05-20,3,89,0.0337078651685393,0.0125079576075251,3.61453263830092
Tioga,2020-05-21T00:00:00.000,1,118,105,2214,2214,118,2020-05-21,1,105,0.00952380952380952,0.011457003226684,1.20430866088607
Tioga,2020-05-22T00:00:00.000,3,121,96,2310,2310,121,2020-05-22,3,96,0.03125,0.0105245559980594,3.60881466097025
Tioga,2020-05-23T00:00:00.000,1,122,79,2389,2389,122,2020-05-23,1,79,0.0126582278481013,0.00969856386751276,1.20065915622423
Tioga,2020-05-24T00:00:00.000,0,122,54,2443,2443,122,2020-05-24,0,54,0,0.00896798454210621,0
Tioga,2020-05-25T00:00:00.000,0,122,45,2488,2488,122,2020-05-25,0,45,0,0.0083227831903672,0
Tioga,2020-05-26T00:00:00.000,2,124,195,2683,2683,124,2020-05-26,2,195,0.0102564102564103,0.00775390498758474,2.37711258548642
Tioga,2020-05-27T00:00:00.000,2,126,132,2815,2815,126,2020-05-27,2,132,0.0151515151515152,0.00725322996476356,2.37024244863228
Tioga,2020-05-28T00:00:00.000,0,126,110,2925,2925,126,2020-05-28,0,110,0,0.00681351625999982,0
Tioga,2020-05-29T00:00:00.000,2,128,141,3066,3066,128,2020-05-29,2,141,0.0141843971631206,0.00642833661195817,2.35338658654504
Tioga,2020-05-30T00:00:00.000,2,130,107,3173,3173,130,2020-05-30,2,107,0.0186915887850467,0.00609201181897453,2.35808783114126
Tioga,2020-05-31T00:00:00.000,0,130,44,3217,3217,130,2020-05-31,0,44,0,0.00579954393164883,0
Tioga,2020-06-01T00:00:00.000,1,131,143,3360,3360,131,2020-06-01,1,143,0.00699300699300699,0.00554655115283487,1.19608311777771
Tioga,2020-06-02T00:00:00.000,2,133,123,3483,3483,133,2020-06-02,2,123,0.016260162601626,0.00532920577651961,2.40916081740235
Tioga,2020-06-03T00:00:00.000,0,133,101,3584,3584,133,2020-06-03,0,101,0,0.00514417599064545,0
Tioga,2020-06-04T00:00:00.000,1,134,140,3724,3724,134,2020-06-04,1,140,0.00714285714285714,0.00498857197961519,1.21511562136301
Tioga,2020-06-05T00:00:00.000,0,134,302,4026,4026,134,2020-06-05,0,302,0,0.00485989647073973,0
Tioga,2020-06-06T00:00:00.000,0,134,146,4172,4172,134,2020-06-06,0,146,0,0.00475599965748204,0
Tioga,2020-06-07T00:00:00.000,0,134,79,4251,4251,134,2020-06-07,0,79,0,0.0046750382846078,0
Tioga,2020-06-08T00:00:00.000,0,134,166,4417,4417,134,2020-06-08,0,166,0,0.00461543858239687,0
Tioga,2020-06-09T00:00:00.000,1,135,247,4664,4664,135,2020-06-09,1,247,0.00404858299595142,0.00457586267734812,1.21882181739773
Tioga,2020-06-10T00:00:00.000,0,135,159,4823,4823,135,2020-06-10,0,159,0,0.00455517807613916,0
Tioga,2020-06-11T00:00:00.000,2,137,106,4929,4929,137,2020-06-11,2,106,0.0188679245283019,0.00455242981051894,2.43327077333018
Tioga,2020-06-12T00:00:00.000,0,137,162,5091,5091,137,2020-06-12,0,162,0,0.00456681483794486,0
Tioga,2020-06-13T00:00:00.000,2,139,71,5162,5162,139,2020-06-13,2,71,0.028169014084507,0.00459765831209512,2.42436611936335
Tioga,2020-06-14T00:00:00.000,0,139,71,5233,5233,139,2020-06-14,0,71,0,0.00464439136599671,0
Tioga,2020-06-15T00:00:00.000,1,140,174,5407,5407,140,2020-06-15,1,174,0.00574712643678161,0.00470653008659887,1.20533709839466
Tioga,2020-06-16T00:00:00.000,0,140,70,5477,5477,140,2020-06-16,0,70,0,0.00478365540189159,0
Tioga,2020-06-17T00:00:00.000,0,140,175,5652,5652,140,2020-06-17,0,175,0,0.00487539364946747,0
Tioga,2020-06-18T00:00:00.000,0,140,123,5775,5775,140,2020-06-18,0,123,0,0.0049813976482516,0
Tioga,2020-06-19T00:00:00.000,0,140,77,5852,5852,140,2020-06-19,0,77,0,0.00510132815252927,0
Tioga,2020-06-20T00:00:00.000,0,140,60,5912,5912,140,2020-06-20,0,60,0,0.0052348356290562,0
Tioga,2020-06-21T00:00:00.000,0,140,70,5982,5982,140,2020-06-21,0,70,0,0.00538154236312297,0
Tioga,2020-06-22T00:00:00.000,1,141,186,6168,6168,141,2020-06-22,1,186,0.00537634408602151,0.00554102496703213,1.17535595813047
Tioga,2020-06-23T00:00:00.000,0,141,128,6296,6296,141,2020-06-23,0,128,0,0.00571279743304019,0
Tioga,2020-06-24T00:00:00.000,0,141,151,6447,6447,141,2020-06-24,0,151,0,0.00589629494059413,0
Tioga,2020-06-25T00:00:00.000,0,141,68,6515,6515,141,2020-06-25,0,68,0,0.00609085869192157,0
Tioga,2020-06-26T00:00:00.000,1,142,131,6646,6646,142,2020-06-26,1,131,0.00763358778625954,0.00629572210841629,1.18313765029757
Tioga,2020-06-27T00:00:00.000,0,142,77,6723,6723,142,2020-06-27,0,77,0,0.00650999876878246,0
Tioga,2020-06-28T00:00:00.000,0,142,51,6774,6774,142,2020-06-28,0,51,0,0.00673267250578755,0
Tioga,2020-06-29T00:00:00.000,1,143,175,6949,6949,143,2020-06-29,1,175,0.00571428571428571,0.00696259009780542,1.1793254627623
Tioga,2020-06-30T00:00:00.000,0,143,107,7056,7056,143,2020-06-30,0,107,0,0.00719845699089777,0
Tioga,2020-07-01T00:00:00.000,0,143,130,7186,7186,143,2020-07-01,0,130,0,0.0074388364643863,0
Tioga,2020-07-02T00:00:00.000,0,143,108,7294,7294,143,2020-07-02,0,108,0,0.00768215260551883,0
Tioga,2020-07-03T00:00:00.000,2,145,101,7395,7395,145,2020-07-03,2,101,0.0198019801980198,0.00792669738604679,2.39718951694789
Tioga,2020-07-04T00:00:00.000,1,146,101,7496,7496,146,2020-07-04,1,101,0.0099009900990099,0.00817064203602418,1.19886327069283
Tioga,2020-07-05T00:00:00.000,2,148,126,7622,7622,148,2020-07-05,2,126,0.0158730158730159,0.00841205278931769,2.39715847862254
Tioga,2020-07-06T00:00:00.000,2,150,105,7727,7727,150,2020-07-06,2,105,0.019047619047619,0.00864891093528197,2.39590196278671
Tioga,2020-07-07T00:00:00.000,0,150,61,7788,7788,150,2020-07-07,0,61,0,0.00887913695652283,0
Tioga,2020-07-08T00:00:00.000,1,151,110,7898,7898,151,2020-07-08,1,110,0.00909090909090909,0.00910061837030127,1.1996247050785
Tioga,2020-07-09T00:00:00.000,8,159,160,8058,8058,159,2020-07-09,8,160,0.05,0.00931124072878055,9.59869515688415
Tioga,2020-07-10T00:00:00.000,1,160,126,8184,8184,160,2020-07-10,1,126,0.00793650793650794,0.0095089210790734,1.19963703828991
Tioga,2020-07-11T00:00:00.000,1,161,151,8335,8335,161,2020-07-11,1,151,0.00662251655629139,0.00969164304700729,1.19903142831944
Tioga,2020-07-12T00:00:00.000,0,161,83,8418,8418,161,2020-07-12,0,83,0,0.00985749259690937,0
Tioga,2020-07-13T00:00:00.000,0,161,121,8539,8539,161,2020-07-13,0,121,0,0.0100046934408799,0
Tioga,2020-07-14T00:00:00.000,2,163,208,8747,8747,163,2020-07-14,2,208,0.00961538461538462,0.0101316410316916,2.38975412798914
Tioga,2020-07-15T00:00:00.000,0,163,165,8912,8912,163,2020-07-15,0,165,0,0.0102369340768907,0
Tioga,2020-07-16T00:00:00.000,5,168,101,9013,9013,168,2020-07-16,5,101,0.0495049504950495,0.010319402560824,5.95686715961056
Tioga,2020-07-17T00:00:00.000,1,169,141,9154,9154,169,2020-07-17,1,141,0.00709219858156028,0.0103781313546662,1.19361361216166
Tioga,2020-07-18T00:00:00.000,1,170,104,9258,9258,170,2020-07-18,1,104,0.00961538461538462,0.0104124786295473,1.19506431930266
Tioga,2020-07-19T00:00:00.000,3,173,131,9389,9389,173,2020-07-19,3,131,0.0229007633587786,0.0104220884586424,3.58708834955735
Tioga,2020-07-20T00:00:00.000,1,174,110,9499,9499,174,2020-07-20,1,110,0.00909090909090909,0.0104068971930678,1.19474853137143
Tioga,2020-07-21T00:00:00.000,1,175,128,9627,9627,175,2020-07-21,1,128,0.0078125,0.0103671334139016,1.18882911463838
Tioga,2020-07-22T00:00:00.000,0,175,129,9756,9756,175,2020-07-22,0,129,0,0.0103033114888312,0
Tioga,2020-07-23T00:00:00.000,1,176,187,9943,9943,176,2020-07-23,1,187,0.0053475935828877,0.0102162189847381,1.1716341629705
Tioga,2020-07-24T00:00:00.000,2,178,131,10074,10074,178,2020-07-24,2,131,0.0152671755725191,0.0101068983976047,2.32194694191073
Tioga,2020-07-25T00:00:00.000,1,179,89,10163,10163,179,2020-07-25,1,89,0.0112359550561798,0.00997662384746426,1.15357923642571
Tioga,2020-07-26T00:00:00.000,1,180,145,10308,10308,180,2020-07-26,1,145,0.00689655172413793,0.00982687354110228,1.15343441478484
Tioga,2020-07-27T00:00:00.000,0,180,85,10393,10393,180,2020-07-27,0,85,0,0.0096592989222744,0
Tioga,2020-07-28T00:00:00.000,3,183,129,10522,10522,183,2020-07-28,3,129,0.0232558139534884,0.00947569150412108,3.44809948793191
Tioga,2020-07-29T00:00:00.000,1,184,118,10640,10640,184,2020-07-29,1,118,0.00847457627118644,0.0092779484096468,1.14909379265207
Tioga,2020-07-30T00:00:00.000,3,187,150,10790,10790,187,2020-07-30,3,150,0.02,0.00906803763470963,3.45377830558412
Tioga,2020-07-31T00:00:00.000,1,188,133,10923,10923,188,2020-07-31,1,133,0.0075187969924812,0.00884796399617504,1.15300586729414
Tioga,2020-08-01T00:00:00.000,1,189,70,10993,10993,189,2020-08-01,1,70,0.0142857142857143,0.00861973664187289,1.1543091074242
Tioga,2020-08-02T00:00:00.000,1,190,75,11068,11068,190,2020-08-02,1,75,0.0133333333333333,0.00838533888419932,1.15456059913552
Tioga,2020-08-03T00:00:00.000,1,191,171,11239,11239,191,2020-08-03,1,171,0.00584795321637427,0.00814670098384054,1.15281199317366
Tioga,2020-08-04T00:00:00.000,2,193,230,11469,11469,193,2020-08-04,2,230,0.00869565217391304,0.00790567636205211,2.30104812530952
Tioga,2020-08-05T00:00:00.000,0,193,100,11569,11569,193,2020-08-05,0,100,0,0.00766402156700801,0
Tioga,2020-08-06T00:00:00.000,0,193,135,11704,11704,193,2020-08-06,0,135,0,0.00742338016941508,0
Tioga,2020-08-07T00:00:00.000,0,193,153,11857,11857,193,2020-08-07,0,153,0,0.00718527062179628,0
Tioga,2020-08-08T00:00:00.000,0,193,120,11977,11977,193,2020-08-08,0,120,0,0.00695107798927815,0
Tioga,2020-08-09T00:00:00.000,0,193,103,12080,12080,193,2020-08-09,0,103,0,0.00672204935177954,0
Tioga,2020-08-10T00:00:00.000,1,194,197,12277,12277,194,2020-08-10,1,197,0.0050761421319797,0.00649929259073872,1.1315111979245
Tioga,2020-08-11T00:00:00.000,0,194,124,12401,12401,194,2020-08-11,0,124,0,0.00628377820858674,0
Tioga,2020-08-12T00:00:00.000,0,194,160,12561,12561,194,2020-08-12,0,160,0,0.00607634378645477,0
Tioga,2020-08-13T00:00:00.000,1,195,204,12765,12765,195,2020-08-13,1,204,0.00490196078431373,0.00587770066356412,1.11786036151533
Tioga,2020-08-14T00:00:00.000,0,195,134,12899,12899,195,2020-08-14,0,134,0,0.00568844241827563,0
Tioga,2020-08-15T00:00:00.000,0,195,95,12994,12994,195,2020-08-15,0,95,0,0.00550905474332295,0
Tioga,2020-08-16T00:00:00.000,1,196,102,13096,13096,196,2020-08-16,1,102,0.00980392156862745,0.00533992633342204,1.10588229140833
Tioga,2020-08-17T00:00:00.000,2,198,130,13226,13226,198,2020-08-17,2,130,0.0153846153846154,0.00518136043861913,2.21103894825215
Tioga,2020-08-18T00:00:00.000,1,199,98,13324,13324,199,2020-08-18,1,98,0.0102040816326531,0.00503358677907058,1.10491646061945
Tioga,2020-08-19T00:00:00.000,4,203,165,13489,13489,203,2020-08-19,4,165,0.0242424242424242,0.00489677356305109,4.41602244651689
Tioga,2020-08-20T00:00:00.000,0,203,220,13709,13709,203,2020-08-20,0,220,0,0.00477103939757539,0
Tioga,2020-08-21T00:00:00.000,1,204,205,13914,13914,204,2020-08-21,1,205,0.0048780487804878,0.00465646492818712,1.10119570648671
Tioga,2020-08-22T00:00:00.000,2,206,103,14017,14017,206,2020-08-22,2,103,0.0194174757281553,0.00455310408938631,2.19854226191433
Tioga,2020-08-23T00:00:00.000,0,206,99,14116,14116,206,2020-08-23,0,99,0,0.00446099488852277,0
Tioga,2020-08-24T00:00:00.000,0,206,93,14209,14209,206,2020-08-24,0,93,0,0.00438016968348017,0
Tioga,2020-08-25T00:00:00.000,0,206,110,14319,14319,206,2020-08-25,0,110,0,0.00431066494693221,0
Tioga,2020-08-26T00:00:00.000,0,206,137,14456,14456,206,2020-08-26,0,137,0,0.00425253053789776,0
Tioga,2020-08-27T00:00:00.000,1,207,199,14655,14655,207,2020-08-27,1,199,0.0050251256281407,0.00420583852433276,1.08226181218956
Tioga,2020-08-28T00:00:00.000,1,208,174,14829,14829,208,2020-08-28,1,174,0.00574712643678161,0.00417069161915965,1.0800038244062
Tioga,2020-08-29T00:00:00.000,0,208,117,14946,14946,208,2020-08-29,0,117,0,0.00414723130650402,0
Tioga,2020-08-30T00:00:00.000,1,209,103,15049,15049,209,2020-08-30,1,103,0.00970873786407767,0.00413564574578735,1.07824736275816
Tioga,2020-08-31T00:00:00.000,0,209,68,15117,15117,209,2020-08-31,0,68,0,0.00413617754870282,0
Tioga,2020-09-01T00:00:00.000,0,209,74,15191,15191,209,2020-09-01,0,74,0,0.00414913152883097,0
Tioga,2020-09-02T00:00:00.000,1,210,96,15287,15287,210,2020-09-02,1,96,0.0104166666666667,0.00417488252579099,1.09028710996274
Tioga,2020-09-03T00:00:00.000,1,211,118,15405,15405,211,2020-09-03,1,118,0.00847457627118644,0.00421388340591988,1.09902738501181
Tioga,2020-09-04T00:00:00.000,0,211,232,15637,15637,211,2020-09-04,0,232,0,0.00426667333952859,0
Tioga,2020-09-05T00:00:00.000,1,212,186,15823,15823,212,2020-09-05,1,186,0.00537634408602151,0.00433388645121385,1.11055804122323
Tioga,2020-09-06T00:00:00.000,2,214,79,15902,15902,214,2020-09-06,2,79,0.0253164556962025,0.0044162609342959,2.2312536009201
Tioga,2020-09-07T00:00:00.000,2,216,133,16035,16035,216,2020-09-07,2,133,0.0150375939849624,0.00451464871339739,2.24144001752253
Tioga,2020-09-08T00:00:00.000,1,217,81,16116,16116,217,2020-09-08,1,81,0.0123456790123457,0.0046300257301361,1.12582190528486
Tioga,2020-09-09T00:00:00.000,1,218,118,16234,16234,218,2020-09-09,1,118,0.00847457627118644,0.00476350291597928,1.13092538320549
Tioga,2020-09-10T00:00:00.000,0,218,198,16432,16432,218,2020-09-10,0,198,0,0.00491633790282614,0
Tioga,2020-09-11T00:00:00.000,1,219,267,16699,16699,219,2020-09-11,1,267,0.00374531835205993,0.00508994750604096,1.14596416514734
Tioga,2020-09-12T00:00:00.000,0,219,115,16814,16814,219,2020-09-12,0,115,0,0.00528592099570699,0
Tioga,2020-09-13T00:00:00.000,2,221,118,16932,16932,221,2020-09-13,2,118,0.0169491525423729,0.00550603414987322,2.3352219653997
Tioga,2020-09-14T00:00:00.000,0,221,198,17130,17130,221,2020-09-14,0,198,0,0.00575226405802025,0
Tioga,2020-09-15T00:00:00.000,0,221,190,17320,17320,221,2020-09-15,0,190,0,0.00602680461407743,0
Tioga,2020-09-16T00:00:00.000,0,221,249,17569,17569,221,2020-09-16,0,249,0,0.00633208260590946,0
Tioga,2020-09-17T00:00:00.000,1,222,249,17818,17818,222,2020-09-17,1,249,0.00401606425702811,0.00667077427281595,1.21125844469529
Tioga,2020-09-18T00:00:00.000,0,222,287,18105,18105,222,2020-09-18,0,287,0,0.00704582216497553,0
Tioga,2020-09-19T00:00:00.000,2,224,144,18249,18249,224,2020-09-19,2,144,0.0138888888888889,0.00746045209991943,2.46281987661371
Tioga,2020-09-20T00:00:00.000,0,224,65,18314,18314,224,2020-09-20,0,65,0,0.00791818997336836,0
Tioga,2020-09-21T00:00:00.000,1,225,181,18495,18495,225,2020-09-21,1,181,0.00552486187845304,0.00842287814673411,1.24811016910622
Tioga,2020-09-22T00:00:00.000,0,225,223,18718,18718,225,2020-09-22,0,223,0,0.00897869110580462,0
Tioga,2020-09-23T00:00:00.000,4,229,218,18936,18936,229,2020-09-23,4,218,0.018348623853211,0.00959015006759719,5.04224641770692
Tioga,2020-09-24T00:00:00.000,0,229,346,19282,19282,229,2020-09-24,0,346,0,0.0102621362113127,0
Tioga,2020-09-25T00:00:00.000,5,234,271,19553,19553,234,2020-09-25,5,271,0.018450184501845,0.0109999022306474,6.40331384059809
Tioga,2020-09-26T00:00:00.000,1,235,142,19695,19695,235,2020-09-26,1,142,0.00704225352112676,0.0118090819554844,1.28827134855758
Tioga,2020-09-27T00:00:00.000,2,237,101,19796,19796,237,2020-09-27,2,101,0.0198019801980198,0.0126956978798494,2.58946954075541
Tioga,2020-09-28T00:00:00.000,5,242,172,19968,19968,242,2020-09-28,5,172,0.0290697674418605,0.0136661665684667,6.49588715470688
Tioga,2020-09-29T00:00:00.000,7,249,283,20251,20251,249,2020-09-29,7,283,0.0247349823321555,0.0147273021052884,9.11475787314052
Tioga,2020-09-30T00:00:00.000,7,256,309,20560,20560,256,2020-09-30,7,309,0.0226537216828479,0.0158863180036781,9.12575081929932
Tioga,2020-10-01T00:00:00.000,5,261,359,20919,20919,261,2020-10-01,5,359,0.0139275766016713,0.0171508283271586,6.51946155675091
Tioga,2020-10-02T00:00:00.000,3,264,342,21261,21261,264,2020-10-02,3,342,0.0087719298245614,0.0185288491795163,3.91845529270139
Tioga,2020-10-03T00:00:00.000,10,274,462,21723,21723,274,2020-10-03,10,462,0.0216450216450216,0.0200288022189596,13.1881226912992
Tioga,2020-10-04T00:00:00.000,4,278,211,21934,21934,278,2020-10-04,4,211,0.018957345971564,0.0216595224355036,5.34523513656795
Tioga,2020-10-05T00:00:00.000,6,284,105,22039,22039,284,2020-10-05,6,105,0.0571428571428571,0.0234302731044892,8.13057495180948
Tioga,2020-10-06T00:00:00.000,7,291,446,22485,22485,291,2020-10-06,7,446,0.015695067264574,0.0253507715895222,9.61930345357762
Tioga,2020-10-07T00:00:00.000,13,304,441,22926,22926,304,2020-10-07,13,441,0.0294784580498866,0.0274312305099404,18.116003638527
Tioga,2020-10-08T00:00:00.000,15,319,439,23365,23365,319,2020-10-08,15,439,0.0341685649202733,0.0296824197050573,21.1967449758129
Tioga,2020-10-09T00:00:00.000,14,333,422,23787,23787,333,2020-10-09,14,422,0.033175355450237,0.0321157554138701,20.0604175362105
Tioga,2020-10-10T00:00:00.000,12,345,364,24151,24151,345,2020-10-10,12,364,0.032967032967033,0.0347434241407925,17.4338940990292
Tioga,2020-10-11T00:00:00.000,7,352,204,24355,24355,352,2020-10-11,7,204,0.0343137254901961,0.0375785497987541,10.3103647167496
Tompkins,2020-03-01T00:00:00.000,0,0,0,0,0,0,2020-03-01,0,0,0,0.00021812137915976,0
Tompkins,2020-03-02T00:00:00.000,0,0,0,0,0,0,2020-03-02,0,0,0,0.000304762068787376,0
Tompkins,2020-03-03T00:00:00.000,0,0,0,0,0,0,2020-03-03,0,0,0,0.000425657990450491,0
Tompkins,2020-03-04T00:00:00.000,0,0,0,0,0,0,2020-03-04,0,0,0,0.00059395337922645,0
Tompkins,2020-03-05T00:00:00.000,0,0,0,0,0,0,2020-03-05,0,0,0,0.000827351690158377,0
Tompkins,2020-03-06T00:00:00.000,0,0,0,0,0,0,2020-03-06,0,0,0,0.00114932643270469,0
Tompkins,2020-03-07T00:00:00.000,0,0,0,0,0,0,2020-03-07,0,0,0,0.00159041390398834,0
Tompkins,2020-03-08T00:00:00.000,0,0,0,0,0,0,2020-03-08,0,0,0,0.00218943140085815,0
Tompkins,2020-03-09T00:00:00.000,0,0,1,1,1,0,2020-03-09,0,1,0,0.00299436110846204,0
Tompkins,2020-03-10T00:00:00.000,0,0,0,1,1,0,2020-03-10,0,0,0,0.00406252124930974,0
Tompkins,2020-03-11T00:00:00.000,0,0,2,3,3,0,2020-03-11,0,2,0,0.00545953697083257,0
Tompkins,2020-03-12T00:00:00.000,0,0,2,5,5,0,2020-03-12,0,2,0,0.00725656694862969,0
Tompkins,2020-03-13T00:00:00.000,1,1,5,10,10,1,2020-03-13,1,5,0.2,0.00952529699127902,1.45861686231763
Tompkins,2020-03-14T00:00:00.000,0,1,1,11,11,1,2020-03-14,0,1,0,0.0123304413438141,0
Tompkins,2020-03-15T00:00:00.000,0,1,4,15,15,1,2020-03-15,0,4,0,0.0157199344980121,0
Tompkins,2020-03-16T00:00:00.000,1,2,17,32,32,2,2020-03-16,1,17,0.0588235294117647,0.0197136292559046,1.36037526710315
Tompkins,2020-03-17T00:00:00.000,1,3,11,43,43,3,2020-03-17,1,11,0.0909090909090909,0.0242920260920374,1.3340935984408
Tompkins,2020-03-18T00:00:00.000,3,6,18,61,61,6,2020-03-18,3,18,0.166666666666667,0.0293871352678213,3.92192664848472
Tompkins,2020-03-19T00:00:00.000,1,7,7,68,68,7,2020-03-19,1,7,0.142857142857143,0.0348777627773574,1.2802269864959
Tompkins,2020-03-20T00:00:00.000,4,11,96,164,164,11,2020-03-20,4,96,0.0416666666666667,0.0405911184057241,5.01154790444502
Tompkins,2020-03-21T00:00:00.000,2,13,76,240,240,13,2020-03-21,2,76,0.0263157894736842,0.0463116462549417,2.45049766619496
Tompkins,2020-03-22T00:00:00.000,2,15,115,355,355,15,2020-03-22,2,115,0.0173913043478261,0.0517965839874214,2.39611292451868
Tompkins,2020-03-23T00:00:00.000,1,16,111,466,466,16,2020-03-23,1,111,0.00900900900900901,0.0567963547797332,1.17149836926191
Tompkins,2020-03-24T00:00:00.000,0,16,2,468,468,16,2020-03-24,0,2,0,0.061076899538627,0
Tompkins,2020-03-25T00:00:00.000,6,22,89,557,557,22,2020-03-25,6,89,0.0674157303370786,0.0644407319315089,6.78105943647254
Tompkins,2020-03-26T00:00:00.000,4,26,109,666,666,26,2020-03-26,4,109,0.036697247706422,0.0667438672765294,4.45980952086793
Tompkins,2020-03-27T00:00:00.000,19,45,182,848,848,45,2020-03-27,19,182,0.104395604395604,0.0679066461601831,20.8950439029335
Tompkins,2020-03-28T00:00:00.000,7,52,128,976,976,52,2020-03-28,7,128,0.0546875,0.0679175572286212,7.60827801067725
Tompkins,2020-03-29T00:00:00.000,14,66,157,1133,1133,66,2020-03-29,14,157,0.089171974522293,0.0668302041265802,15.1564832938663
Tompkins,2020-03-30T00:00:00.000,0,66,18,1151,1151,66,2020-03-30,0,18,0,0.0647544017299808,0
Tompkins,2020-03-31T00:00:00.000,2,68,15,1166,1166,68,2020-03-31,2,15,0.133333333333333,0.0618429661848544,2.15845975740631
Tompkins,2020-04-01T00:00:00.000,6,74,126,1292,1292,74,2020-04-01,6,126,0.0476190476190476,0.0582760773584368,6.44266203548075
Tompkins,2020-04-02T00:00:00.000,10,84,160,1452,1452,84,2020-04-02,10,160,0.0625,0.0542451531893466,10.5248573423964
Tompkins,2020-04-03T00:00:00.000,1,85,81,1533,1533,85,2020-04-03,1,81,0.0123456790123457,0.049937999230736,1.03206983510743
Tompkins,2020-04-04T00:00:00.000,3,88,52,1585,1585,88,2020-04-04,3,52,0.0576923076923077,0.0455266142151335,3.06139785460927
Tompkins,2020-04-05T00:00:00.000,6,94,94,1679,1679,94,2020-04-05,6,94,0.0638297872340425,0.041158504685752,6.04628552574497
Tompkins,2020-04-06T00:00:00.000,3,97,23,1702,1702,97,2020-04-06,3,23,0.130434782608696,0.0369517805293478,3.00550644491635
Tompkins,2020-04-07T00:00:00.000,2,99,85,1787,1787,99,2020-04-07,2,85,0.0235294117647059,0.0329937728608535,1.99608691228228
Tompkins,2020-04-08T00:00:00.000,6,105,299,2086,2086,105,2020-04-08,6,299,0.020066889632107,0.0293425233999178,5.96444324269032
Tompkins,2020-04-09T00:00:00.000,0,105,24,2110,2110,105,2020-04-09,0,24,0,0.0260302861434347,0
Tompkins,2020-04-10T00:00:00.000,3,108,135,2245,2245,108,2020-04-10,3,135,0.0222222222222222,0.0230681548738379,2.9589279827636
Tompkins,2020-04-11T00:00:00.000,1,109,77,2322,2322,109,2020-04-11,1,77,0.012987012987013,0.0204510422824025,0.983420351230364
Tompkins,2020-04-12T00:00:00.000,1,110,31,2353,2353,110,2020-04-12,1,31,0.032258064516129,0.0181624280809531,0.985035822056884
Tompkins,2020-04-13T00:00:00.000,2,112,104,2457,2457,112,2020-04-13,2,104,0.0192307692307692,0.0161785064602431,1.97323888099093
Tompkins,2020-04-14T00:00:00.000,3,115,44,2501,2501,115,2020-04-14,3,44,0.0681818181818182,0.0144715546805409,2.96432851087426
Tompkins,2020-04-15T00:00:00.000,1,116,73,2574,2574,116,2020-04-15,1,73,0.0136986301369863,0.0130124913981593,0.988555359473533
Tompkins,2020-04-16T00:00:00.000,1,117,36,2610,2610,117,2020-04-16,1,36,0.0277777777777778,0.0117726895183598,0.987178954993285
Tompkins,2020-04-17T00:00:00.000,0,117,44,2654,2654,117,2020-04-17,0,44,0,0.0107251594953128,0
Tompkins,2020-04-18T00:00:00.000,0,117,41,2695,2695,117,2020-04-18,0,41,0,0.00984523599711982,0
Tompkins,2020-04-19T00:00:00.000,2,119,47,2742,2742,119,2020-04-19,2,47,0.0425531914893617,0.00911089560905609,1.96529727299251
Tompkins,2020-04-20T00:00:00.000,0,119,4,2746,2746,119,2020-04-20,0,4,0,0.00850281593484865,0
Tompkins,2020-04-21T00:00:00.000,0,119,12,2758,2758,119,2020-04-21,0,12,0,0.00800426448754865,0
Tompkins,2020-04-22T00:00:00.000,0,119,95,2853,2853,119,2020-04-22,0,95,0,0.00760088390195061,0
Tompkins,2020-04-23T00:00:00.000,2,121,108,2961,2961,121,2020-04-23,2,108,0.0185185185185185,0.00728042079522576,1.95616514448302
Tompkins,2020-04-24T00:00:00.000,5,126,308,3269,3269,126,2020-04-24,5,308,0.0162337662337662,0.00703243009965698,4.88680471106345
Tompkins,2020-04-25T00:00:00.000,0,126,44,3313,3313,126,2020-04-25,0,44,0,0.0068479750295595,0
Tompkins,2020-04-26T00:00:00.000,0,126,47,3360,3360,126,2020-04-26,0,47,0,0.00671933464617345,0
Tompkins,2020-04-27T00:00:00.000,0,126,13,3373,3373,126,2020-04-27,0,13,0,0.0066397257237337,0
Tompkins,2020-04-28T00:00:00.000,1,127,119,3492,3492,127,2020-04-28,1,119,0.00840336134453781,0.00660304269774097,0.974031021047328
Tompkins,2020-04-29T00:00:00.000,1,128,19,3511,3511,128,2020-04-29,1,19,0.0526315789473684,0.00660361837543252,0.976167025125329
Tompkins,2020-04-30T00:00:00.000,0,128,61,3572,3572,128,2020-04-30,0,61,0,0.0066360083129732,0
Tompkins,2020-05-01T00:00:00.000,0,128,118,3690,3690,128,2020-05-01,0,118,0,0.00669480286646421,0
Tompkins,2020-05-02T00:00:00.000,1,129,27,3717,3717,129,2020-05-02,1,27,0.037037037037037,0.00677447246481556,0.997334443273774
Tompkins,2020-05-03T00:00:00.000,0,129,126,3843,3843,129,2020-05-03,0,126,0,0.00686925314962673,0
Tompkins,2020-05-04T00:00:00.000,0,129,52,3895,3895,129,2020-05-04,0,52,0,0.00697308039284631,0
Tompkins,2020-05-05T00:00:00.000,0,129,104,3999,3999,129,2020-05-05,0,104,0,0.00707957914005722,0
Tompkins,2020-05-06T00:00:00.000,1,130,188,4187,4187,130,2020-05-06,1,188,0.00531914893617021,0.00718211648970156,1.01037088620104
Tompkins,2020-05-07T00:00:00.000,1,131,187,4374,4374,131,2020-05-07,1,187,0.0053475935828877,0.0072739201440837,1.01562577518429
Tompkins,2020-05-08T00:00:00.000,1,132,619,4993,4993,132,2020-05-08,1,619,0.00161550888529887,0.00734826071819031,1.02381304973758
Tompkins,2020-05-09T00:00:00.000,0,132,95,5088,5088,132,2020-05-09,0,95,0,0.00739868950838451,0
Tompkins,2020-05-10T00:00:00.000,0,132,86,5174,5174,132,2020-05-10,0,86,0,0.00741931612446943,0
Tompkins,2020-05-11T00:00:00.000,0,132,91,5265,5265,132,2020-05-11,0,91,0,0.00740510354112914,0
Tompkins,2020-05-12T00:00:00.000,4,136,175,5440,5440,136,2020-05-12,4,175,0.0228571428571429,0.00735215289600129,4.21456066326523
Tompkins,2020-05-13T00:00:00.000,0,136,103,5543,5543,136,2020-05-13,0,103,0,0.00725794798657893,0
Tompkins,2020-05-14T00:00:00.000,0,136,112,5655,5655,136,2020-05-14,0,112,0,0.00712153080404414,0
Tompkins,2020-05-15T00:00:00.000,2,138,331,5986,5986,138,2020-05-15,2,331,0.00604229607250755,0.00694358491156279,2.18080432761366
Tompkins,2020-05-16T00:00:00.000,1,139,421,6407,6407,139,2020-05-16,1,421,0.00237529691211401,0.00672641261380463,1.10001578740329
Tompkins,2020-05-17T00:00:00.000,2,141,412,6819,6819,141,2020-05-17,2,412,0.00485436893203883,0.00647380348788949,2.20971672074191
Tompkins,2020-05-18T00:00:00.000,1,142,446,7265,7265,142,2020-05-18,1,446,0.00224215246636771,0.00619080423511221,1.10801105467565
Tompkins,2020-05-19T00:00:00.000,3,145,219,7484,7484,145,2020-05-19,3,219,0.0136986301369863,0.00588341098431515,3.32880038696776
Tompkins,2020-05-20T00:00:00.000,0,145,199,7683,7683,145,2020-05-20,0,199,0,0.00555821337882179,0
Tompkins,2020-05-21T00:00:00.000,2,147,291,7974,7974,147,2020-05-21,2,291,0.00687285223367698,0.00522202376985703,2.22661220959429
Tompkins,2020-05-22T00:00:00.000,2,149,410,8384,8384,149,2020-05-22,2,410,0.0048780487804878,0.00488152422503101,2.22796562534143
Tompkins,2020-05-23T00:00:00.000,2,151,246,8630,8630,151,2020-05-23,2,246,0.00813008130081301,0.00454295927141898,2.22593702900092
Tompkins,2020-05-24T00:00:00.000,3,154,267,8897,8897,154,2020-05-24,3,267,0.0112359550561798,0.00421189445972664,3.33097484172848
Tompkins,2020-05-25T00:00:00.000,0,154,48,8945,8945,154,2020-05-25,0,48,0,0.00389305150209636,0
Tompkins,2020-05-26T00:00:00.000,1,155,264,9209,9209,155,2020-05-26,1,264,0.00378787878787879,0.00359022146621713,1.10047411620708
Tompkins,2020-05-27T00:00:00.000,1,156,110,9319,9319,156,2020-05-27,1,110,0.00909090909090909,0.00330624963198932,1.09557772917317
Tompkins,2020-05-28T00:00:00.000,1,157,425,9744,9744,157,2020-05-28,1,425,0.00235294117647059,0.00304307996650693,1.08968340543228
Tompkins,2020-05-29T00:00:00.000,4,161,264,10008,10008,161,2020-05-29,4,264,0.0151515151515152,0.00280184407235147,4.33169435054143
Tompkins,2020-05-30T00:00:00.000,3,164,389,10397,10397,164,2020-05-30,3,389,0.0077120822622108,0.00258297875237652,3.24628949083351
Tompkins,2020-05-31T00:00:00.000,0,164,149,10546,10546,164,2020-05-31,0,149,0,0.00238635752738749,0
Tompkins,2020-06-01T00:00:00.000,0,164,168,10714,10714,164,2020-06-01,0,168,0,0.00221142389474199,0
Tompkins,2020-06-02T00:00:00.000,1,165,203,10917,10917,165,2020-06-02,1,203,0.00492610837438424,0.00205731717944498,1.09521572768374
Tompkins,2020-06-03T00:00:00.000,0,165,206,11123,11123,165,2020-06-03,0,206,0,0.0019229849539301,0
Tompkins,2020-06-04T00:00:00.000,2,167,171,11294,11294,167,2020-06-04,2,171,0.0116959064327485,0.00180727880179259,2.19559630363788
Tompkins,2020-06-05T00:00:00.000,4,171,1067,12361,12361,171,2020-06-05,4,1067,0.00374882849109653,0.00170903245445555,4.38439523668578
Tompkins,2020-06-06T00:00:00.000,0,171,518,12879,12879,171,2020-06-06,0,518,0,0.00162712295716407,0
Tompkins,2020-06-07T00:00:00.000,0,171,148,13027,13027,171,2020-06-07,0,148,0,0.00156051655012655,0
Tompkins,2020-06-08T00:00:00.000,0,171,452,13479,13479,171,2020-06-08,0,452,0,0.00150830146981294,0
Tompkins,2020-06-09T00:00:00.000,0,171,333,13812,13812,171,2020-06-09,0,333,0,0.00146970999824505,0
Tompkins,2020-06-10T00:00:00.000,0,171,235,14047,14047,171,2020-06-10,0,235,0,0.00144413192812919,0
Tompkins,2020-06-11T00:00:00.000,1,172,191,14238,14238,172,2020-06-11,1,191,0.00523560209424084,0.00143112126961868,1.08368674616181
Tompkins,2020-06-12T00:00:00.000,1,173,328,14566,14566,173,2020-06-12,1,328,0.00304878048780488,0.00143039757700449,1.08156726024312
Tompkins,2020-06-13T00:00:00.000,0,173,72,14638,14638,173,2020-06-13,0,72,0,0.00144184277671192,0
Tompkins,2020-06-14T00:00:00.000,0,173,61,14699,14699,173,2020-06-14,0,61,0,0.00146549387071115,0
Tompkins,2020-06-15T00:00:00.000,0,173,378,15077,15077,173,2020-06-15,0,378,0,0.00150153139801215,0
Tompkins,2020-06-16T00:00:00.000,0,173,295,15372,15372,173,2020-06-16,0,295,0,0.00155026308420579,0
Tompkins,2020-06-17T00:00:00.000,0,173,210,15582,15582,173,2020-06-17,0,210,0,0.00161210171867573,0
Tompkins,2020-06-18T00:00:00.000,0,173,779,16361,16361,173,2020-06-18,0,779,0,0.00168753600317312,0
Tompkins,2020-06-19T00:00:00.000,1,174,395,16756,16756,174,2020-06-19,1,395,0.00253164556962025,0.00177709295808602,1.0656410584524
Tompkins,2020-06-20T00:00:00.000,1,175,139,16895,16895,175,2020-06-20,1,139,0.00719424460431655,0.0018812905094125,1.06281036227696
Tompkins,2020-06-21T00:00:00.000,0,175,239,17134,17134,175,2020-06-21,0,239,0,0.00200057917807469,0
Tompkins,2020-06-22T00:00:00.000,0,175,267,17401,17401,175,2020-06-22,0,267,0,0.00213527242212505,0
Tompkins,2020-06-23T00:00:00.000,0,175,237,17638,17638,175,2020-06-23,0,237,0,0.00228546619897797,0
Tompkins,2020-06-24T00:00:00.000,0,175,267,17905,17905,175,2020-06-24,0,267,0,0.00245094974204262,0
Tompkins,2020-06-25T00:00:00.000,0,175,170,18075,18075,175,2020-06-25,0,170,0,0.00263111135267794,0
Tompkins,2020-06-26T00:00:00.000,0,175,231,18306,18306,175,2020-06-26,0,231,0,0.00282484506991662,0
Tompkins,2020-06-27T00:00:00.000,1,176,328,18634,18634,176,2020-06-27,1,328,0.00304878048780488,0.00303046618208291,1.09505340220691
Tompkins,2020-06-28T00:00:00.000,1,177,111,18745,18745,177,2020-06-28,1,111,0.00900900900900901,0.00324564535078991,1.09745521820232
Tompkins,2020-06-29T00:00:00.000,0,177,200,18945,18945,177,2020-06-29,0,200,0,0.00346737222044975,0
Tompkins,2020-06-30T00:00:00.000,0,177,238,19183,19183,177,2020-06-30,0,238,0,0.00369195934463607,0
Tompkins,2020-07-01T00:00:00.000,1,178,309,19492,19492,178,2020-07-01,1,309,0.00323624595469256,0.00391509569120474,1.11817344911143
Tompkins,2020-07-02T00:00:00.000,0,178,233,19725,19725,178,2020-07-02,0,233,0,0.00413195567975038,0
Tompkins,2020-07-03T00:00:00.000,0,178,270,19995,19995,178,2020-07-03,0,270,0,0.00433736471736111,0
Tompkins,2020-07-04T00:00:00.000,1,179,103,20098,20098,179,2020-07-04,1,103,0.00970873786407767,0.00452601593137096,1.13009679811493
Tompkins,2020-07-05T00:00:00.000,0,179,179,20277,20277,179,2020-07-05,0,179,0,0.00469272601069282,0
Tompkins,2020-07-06T00:00:00.000,0,179,200,20477,20477,179,2020-07-06,0,200,0,0.00483271177258244,0
Tompkins,2020-07-07T00:00:00.000,1,180,408,20885,20885,180,2020-07-07,1,408,0.00245098039215686,0.00494186439148007,1.13075871713322
Tompkins,2020-07-08T00:00:00.000,0,180,95,20980,20980,180,2020-07-08,0,95,0,0.00501699614761572,0
Tompkins,2020-07-09T00:00:00.000,1,181,340,21320,21320,181,2020-07-09,1,340,0.00294117647058824,0.00505603569732253,1.12876223265619
Tompkins,2020-07-10T00:00:00.000,2,183,353,21673,21673,183,2020-07-10,2,353,0.0056657223796034,0.00505815232588769,2.25250585083119
Tompkins,2020-07-11T00:00:00.000,3,186,482,22155,22155,186,2020-07-11,3,482,0.00622406639004149,0.00502379689356398,3.368335075237
Tompkins,2020-07-12T00:00:00.000,0,186,104,22259,22259,186,2020-07-12,0,104,0,0.00495465618054252,0
Tompkins,2020-07-13T00:00:00.000,0,186,354,22613,22613,186,2020-07-13,0,354,0,0.00485352670165187,0
Tompkins,2020-07-14T00:00:00.000,12,198,438,23051,23051,198,2020-07-14,12,438,0.0273972602739726,0.00472412235868466,13.2852155517327
Tompkins,2020-07-15T00:00:00.000,0,198,307,23358,23358,198,2020-07-15,0,307,0,0.0045708363464456,0
Tompkins,2020-07-16T00:00:00.000,0,198,688,24046,24046,198,2020-07-16,0,688,0,0.00439848077876825,0
Tompkins,2020-07-17T00:00:00.000,1,199,645,24691,24691,199,2020-07-17,1,645,0.00155038759689922,0.00421202739490841,1.09068908081435
Tompkins,2020-07-18T00:00:00.000,9,208,466,25157,25157,208,2020-07-18,9,466,0.01931330472103,0.00401636980843481,9.77826373069528
Tompkins,2020-07-19T00:00:00.000,1,209,59,25216,25216,209,2020-07-19,1,59,0.0169491525423729,0.00381612285204723,1.08140301969112
Tompkins,2020-07-20T00:00:00.000,0,209,221,25437,25437,209,2020-07-20,0,221,0,0.00361546863136289,0
Tompkins,2020-07-21T00:00:00.000,0,209,828,26265,26265,209,2020-07-21,0,828,0,0.00341805290723992,0
Tompkins,2020-07-22T00:00:00.000,4,213,729,26994,26994,213,2020-07-22,4,729,0.00548696844993141,0.00322693016990839,4.20632498402644
Tompkins,2020-07-23T00:00:00.000,8,221,635,27629,27629,221,2020-07-23,8,635,0.0125984251968504,0.0030445517790889,8.30434399022818
Tompkins,2020-07-24T00:00:00.000,2,223,793,28422,28422,223,2020-07-24,2,793,0.00252206809583859,0.00287278902554402,2.04748568893616
Tompkins,2020-07-25T00:00:00.000,1,224,298,28720,28720,224,2020-07-25,1,298,0.00335570469798658,0.00271298188323321,1.01273019770292
Tompkins,2020-07-26T00:00:00.000,1,225,91,28811,28811,225,2020-07-26,1,91,0.010989010989011,0.0025660043241893,1.00850279666075
Tompkins,2020-07-27T00:00:00.000,0,225,202,29013,29013,225,2020-07-27,0,202,0,0.00243233802806681,0
Tompkins,2020-07-28T00:00:00.000,0,225,534,29547,29547,225,2020-07-28,0,534,0,0.00231214778303341,0
Tompkins,2020-07-29T00:00:00.000,2,227,740,30287,30287,227,2020-07-29,2,740,0.0027027027027027,0.00220535353173087,1.99061879789043
Tompkins,2020-07-30T00:00:00.000,1,228,734,31021,31021,228,2020-07-30,1,734,0.00136239782016349,0.00211169562454083,0.995141878730644
Tompkins,2020-07-31T00:00:00.000,2,230,589,31610,31610,230,2020-07-31,2,589,0.0033955857385399,0.00203079125144517,1.99041532423518
Tompkins,2020-08-01T00:00:00.000,0,230,329,31939,31939,230,2020-08-01,0,329,0,0.00196218114653233,0
Tompkins,2020-08-02T00:00:00.000,0,230,42,31981,31981,230,2020-08-02,0,42,0,0.00190536648308717,0
Tompkins,2020-08-03T00:00:00.000,0,230,320,32301,32301,230,2020-08-03,0,320,0,0.0018598364201124,0
Tompkins,2020-08-04T00:00:00.000,1,231,514,32815,32815,231,2020-08-04,1,514,0.00194552529182879,0.00182508707031318,0.993642506886234
Tompkins,2020-08-05T00:00:00.000,1,232,721,33536,33536,232,2020-08-05,1,721,0.0013869625520111,0.00180063279212283,0.993117889212787
Tompkins,2020-08-06T00:00:00.000,1,233,609,34145,34145,233,2020-08-06,1,609,0.00164203612479475,0.00178601072100674,0.992626992616731
Tompkins,2020-08-07T00:00:00.000,1,234,740,34885,34885,234,2020-08-07,1,740,0.00135135135135135,0.00178077939760921,0.99156840188819
Tompkins,2020-08-08T00:00:00.000,0,234,405,35290,35290,234,2020-08-08,0,405,0,0.00178451226964526,0
Tompkins,2020-08-09T00:00:00.000,0,234,31,35321,35321,234,2020-08-09,0,31,0,0.00179678677385424,0
Tompkins,2020-08-10T00:00:00.000,0,234,303,35624,35624,234,2020-08-10,0,303,0,0.00181716967009554,0
Tompkins,2020-08-11T00:00:00.000,0,234,610,36234,36234,234,2020-08-11,0,610,0,0.00184519932363008,0
Tompkins,2020-08-12T00:00:00.000,0,234,659,36893,36893,234,2020-08-12,0,659,0,0.00188036572058254,0
Tompkins,2020-08-13T00:00:00.000,2,236,1099,37992,37992,236,2020-08-13,2,1099,0.00181983621474067,0.00192208915866236,1.99928247332365
Tompkins,2020-08-14T00:00:00.000,2,238,1203,39195,39195,238,2020-08-14,2,1203,0.00166251039068994,0.00196969877118976,2.0005381350747
Tompkins,2020-08-15T00:00:00.000,0,238,433,39628,39628,238,2020-08-15,0,433,0,0.00202241229558564,0
Tompkins,2020-08-16T00:00:00.000,0,238,165,39793,39793,238,2020-08-16,0,165,0,0.00207931875219432,0
Tompkins,2020-08-17T00:00:00.000,0,238,186,39979,39979,238,2020-08-17,0,186,0,0.00213936591301917,0
Tompkins,2020-08-18T00:00:00.000,0,238,749,40728,40728,238,2020-08-18,0,749,0,0.00220135455075756,0
Tompkins,2020-08-19T00:00:00.000,2,240,1401,42129,42129,240,2020-08-19,2,1401,0.00142755174875089,0.00226394141025746,2.0440748403872
Tompkins,2020-08-20T00:00:00.000,4,244,2018,44147,44147,244,2020-08-20,4,2018,0.00198216055500496,0.00232565258147847,4.10523618406796
Tompkins,2020-08-21T00:00:00.000,0,244,1364,45511,45511,244,2020-08-21,0,1364,0,0.00238490843459819,0
Tompkins,2020-08-22T00:00:00.000,0,244,837,46348,46348,244,2020-08-22,0,837,0,0.0024400604977936,0
Tompkins,2020-08-23T00:00:00.000,0,244,653,47001,47001,244,2020-08-23,0,653,0,0.00248943965001451,0
Tompkins,2020-08-24T00:00:00.000,1,245,1342,48343,48343,245,2020-08-24,1,1342,0.000745156482861401,0.00253141383736067,1.03412834960114
Tompkins,2020-08-25T00:00:00.000,3,248,2713,51056,51056,248,2020-08-25,3,2713,0.00110578695171397,0.00256445233524542,3.09775810410552
Tompkins,2020-08-26T00:00:00.000,1,249,1237,52293,52293,249,2020-08-26,1,1237,0.000808407437348424,0.00258719251707366,1.03196128793825
Tompkins,2020-08-27T00:00:00.000,2,251,906,53199,53199,251,2020-08-27,2,906,0.0022075055187638,0.00259850432764928,2.06276339125675
Tompkins,2020-08-28T00:00:00.000,10,261,1782,54981,54981,261,2020-08-28,10,1782,0.00561167227833894,0.00259754734033447,10.300559914206
Tompkins,2020-08-29T00:00:00.000,3,264,2081,57062,57062,264,2020-08-29,3,2081,0.00144161460836136,0.0025838155063568,3.08814765130489
Tompkins,2020-08-30T00:00:00.000,1,265,829,57891,57891,265,2020-08-30,1,829,0.00120627261761158,0.00255716550289381,1.02763752677257
Tompkins,2020-08-31T00:00:00.000,5,270,236,58127,58127,270,2020-08-31,5,236,0.0211864406779661,0.00251782589976108,5.13279486620589
Tompkins,2020-09-01T00:00:00.000,10,280,1707,59834,59834,280,2020-09-01,10,1707,0.00585823081429408,0.00246638604078049,10.2715662934953
Tompkins,2020-09-02T00:00:00.000,23,303,480,60314,60314,303,2020-09-02,23,480,0.0479166666666667,0.00240376537139292,23.7297681567023
Tompkins,2020-09-03T00:00:00.000,5,308,530,60844,60844,308,2020-09-03,5,530,0.00943396226415094,0.00233116569762869,5.17925842682448
Tompkins,2020-09-04T00:00:00.000,13,321,7425,68269,68269,321,2020-09-04,13,7425,0.00175084175084175,0.00225001031103071,13.4792986347622
Tompkins,2020-09-05T00:00:00.000,11,332,2868,71137,71137,332,2020-09-05,11,2868,0.00383542538354254,0.00216187488131492,11.3953914613448
Tompkins,2020-09-06T00:00:00.000,7,339,3091,74228,74228,339,2020-09-06,7,3091,0.00226463927531543,0.00206841541123515,7.23894509425162
Tompkins,2020-09-07T00:00:00.000,5,344,4157,78385,78385,344,2020-09-07,5,4157,0.00120279047389945,0.00197129835788529,5.15798375132496
Tompkins,2020-09-08T00:00:00.000,2,346,3619,82004,82004,346,2020-09-08,2,3619,0.000552638850511191,0.0018721373320128,2.05671975775574
Tompkins,2020-09-09T00:00:00.000,15,361,3995,85999,85999,361,2020-09-09,15,3995,0.00375469336670839,0.00177243972916596,15.3670220660025
Tompkins,2020-09-10T00:00:00.000,8,369,4186,90185,90185,369,2020-09-10,8,4186,0.00191113234591495,0.00167356540029021,8.1598133636503
Tompkins,2020-09-11T00:00:00.000,6,375,4884,95069,95069,375,2020-09-11,6,4884,0.00122850122850123,0.00157669820288894,6.11541331580441
Tompkins,2020-09-12T00:00:00.000,6,381,3264,98333,98333,381,2020-09-12,6,3264,0.00183823529411765,0.00148283013786362,6.11174489791069
Tompkins,2020-09-13T00:00:00.000,1,382,3013,101346,101346,382,2020-09-13,1,3013,0.000331895121141719,0.00139275687155477,1.01765790923229
Tompkins,2020-09-14T00:00:00.000,2,384,4744,106090,106090,384,2020-09-14,2,4744,0.000421585160202361,0.00130708282253706,2.03261829064586
Tompkins,2020-09-15T00:00:00.000,2,386,5383,111473,111473,386,2020-09-15,2,5383,0.000371540033438603,0.00122623366193821,2.02909129919508
Tompkins,2020-09-16T00:00:00.000,2,388,5657,117130,117130,388,2020-09-16,2,5657,0.000353544281421248,0.0011504740058384,2.02466086842564
Tompkins,2020-09-17T00:00:00.000,2,390,5661,122791,122791,390,2020-09-17,2,5661,0.00035329447094153,0.00107992821242627,2.01924342652577
Tompkins,2020-09-18T00:00:00.000,4,394,5411,128202,128202,394,2020-09-18,4,5411,0.000739234891886897,0.00101460247150168,4.02549283303208
Tompkins,2020-09-19T00:00:00.000,3,397,2274,130476,130476,397,2020-09-19,3,2274,0.00131926121372032,0.000954406726985612,3.0076046220988
Tompkins,2020-09-20T00:00:00.000,1,398,1354,131830,131830,398,2020-09-20,1,1354,0.000738552437223043,0.000899175348539497,0.99785171970175
Tompkins,2020-09-21T00:00:00.000,1,399,4504,136334,136334,399,2020-09-21,1,4504,0.00022202486678508,0.000848685828466789,0.992159659393136
Tompkins,2020-09-22T00:00:00.000,6,405,5351,141685,141685,405,2020-09-22,6,5351,0.00112128574098299,0.000802675093958147,5.91410880340982
Tompkins,2020-09-23T00:00:00.000,1,406,4729,146414,146414,406,2020-09-23,1,4729,0.000211461196870374,0.000760853282572978,0.978389146502531
Tompkins,2020-09-24T00:00:00.000,2,408,5548,151962,151962,408,2020-09-24,2,5548,0.000360490266762797,0.000722915023767167,1.95093926425477
Tompkins,2020-09-25T00:00:00.000,1,409,3228,155190,155190,409,2020-09-25,1,3228,0.000309789343246592,0.000688548406000806,0.9707096542784
Tompkins,2020-09-26T00:00:00.000,4,413,2389,157579,157579,413,2020-09-26,4,2389,0.00167434072833822,0.000657441895449614,3.86039250142253
Tompkins,2020-09-27T00:00:00.000,1,414,73,157652,157652,414,2020-09-27,1,73,0.0136986301369863,0.000629289517038613,0.958738578133063
Tompkins,2020-09-28T00:00:00.000,3,417,2631,160283,160283,417,2020-09-28,3,2631,0.00114025085518814,0.000603794621985497,2.85308017001417
Tompkins,2020-09-29T00:00:00.000,4,421,8648,168931,168931,421,2020-09-29,4,8648,0.000462534690101758,0.000580672557006752,3.76953602629791
Tompkins,2020-09-30T00:00:00.000,5,426,10801,179732,179732,426,2020-09-30,5,10801,0.000462920099990742,0.000559652525194708,4.66476845981152
Tompkins,2020-10-01T00:00:00.000,6,432,10039,189771,189771,432,2020-10-01,6,10039,0.000597669090546867,0.000540478894057835,5.53658967844338
Tompkins,2020-10-02T00:00:00.000,6,438,9108,198879,198879,438,2020-10-02,6,9108,0.000658761528326746,0.000522912165394686,5.48533204151354
Tompkins,2020-10-03T00:00:00.000,7,445,10828,209707,209707,445,2020-10-03,7,10828,0.00064647210934614,0.000506729777657207,6.39135828258997
Tompkins,2020-10-04T00:00:00.000,6,451,8669,218376,218376,451,2020-10-04,6,8669,0.000692121351943707,0.000491726866563296,5.49117873108193
Tompkins,2020-10-05T00:00:00.000,4,455,4988,223364,223364,455,2020-10-05,4,4988,0.000801924619085806,0.000477717065007028,3.67256371551054
Tompkins,2020-10-06T00:00:00.000,3,458,7336,230700,230700,458,2020-10-06,3,7336,0.000408942202835333,0.000464533380541576,2.76356328655771
Tompkins,2020-10-07T00:00:00.000,7,465,10526,241226,241226,465,2020-10-07,7,10526,0.000665019950598518,0.000452029149608421,6.47007331930687
Tompkins,2020-10-08T00:00:00.000,8,473,11929,253155,253155,473,2020-10-08,8,11929,0.000670634587978875,0.000440079034063948,7.41943851820496
Tompkins,2020-10-09T00:00:00.000,3,476,11001,264156,264156,476,2020-10-09,3,11001,0.000272702481592582,0.000428579999661007,2.79167310788164
Tompkins,2020-10-10T00:00:00.000,3,479,10409,274565,274565,479,2020-10-10,3,10409,0.000288212124123355,0.000417452200371724,2.80096592763324
Tompkins,2020-10-11T00:00:00.000,2,481,8475,283040,283040,481,2020-10-11,2,8475,0.000235988200589971,0.000406639688604491,1.87341053724539
Ulster,2020-03-01T00:00:00.000,0,0,0,0,0,0,2020-03-01,0,0,0,0.060142106196979,0
Ulster,2020-03-02T00:00:00.000,0,0,0,0,0,0,2020-03-02,0,0,0,0.0630407693320209,0
Ulster,2020-03-03T00:00:00.000,0,0,0,0,0,0,2020-03-03,0,0,0,0.066068138450062,0
Ulster,2020-03-04T00:00:00.000,0,0,0,0,0,0,2020-03-04,0,0,0,0.0692268907306992,0
Ulster,2020-03-05T00:00:00.000,0,0,1,1,1,0,2020-03-05,0,1,0,0.0725185126383792,0
Ulster,2020-03-06T00:00:00.000,0,0,0,1,1,0,2020-03-06,0,0,0.333333333333333,0.0759431675719607,0
Ulster,2020-03-07T00:00:00.000,0,0,0,1,1,0,2020-03-07,0,0,0.666666666666667,0.0794995686910096,0
Ulster,2020-03-08T00:00:00.000,1,1,1,2,2,1,2020-03-08,1,1,1,0.0831848606411,2.5049005307555
Ulster,2020-03-09T00:00:00.000,0,1,0,2,2,1,2020-03-09,0,0,0.5,0.0869945142705263,0
Ulster,2020-03-10T00:00:00.000,0,1,2,4,4,1,2020-03-10,0,2,0,0.0909222386313923,0
Ulster,2020-03-11T00:00:00.000,1,2,1,5,5,2,2020-03-11,1,1,1,0.0949599145641802,2.08066271781106
Ulster,2020-03-12T00:00:00.000,3,5,6,11,11,5,2020-03-12,3,6,0.5,0.0990975539478168,5.88270007030214
Ulster,2020-03-13T00:00:00.000,0,5,3,14,14,5,2020-03-13,0,3,0,0.103323288247943,0
Ulster,2020-03-14T00:00:00.000,0,5,30,44,44,5,2020-03-14,0,30,0,0.107623389318051,0
Ulster,2020-03-15T00:00:00.000,2,7,16,60,60,7,2020-03-15,2,16,0.125,0.111982324515291,3.37328613792491
Ulster,2020-03-16T00:00:00.000,1,8,12,72,72,8,2020-03-16,1,12,0.0833333333333333,0.116382847128285,1.62469171832751
Ulster,2020-03-17T00:00:00.000,1,9,15,87,87,9,2020-03-17,1,15,0.0666666666666667,0.120806121918274,1.56620577375592
Ulster,2020-03-18T00:00:00.000,1,10,41,128,128,10,2020-03-18,1,41,0.024390243902439,0.125231884323228,1.51124187323842
Ulster,2020-03-19T00:00:00.000,2,12,62,190,190,12,2020-03-19,2,62,0.032258064516129,0.129638630625539,2.91968201640467
Ulster,2020-03-20T00:00:00.000,6,18,70,260,260,18,2020-03-20,6,70,0.0857142857142857,0.134003835225287,8.47094313133735
Ulster,2020-03-21T00:00:00.000,8,26,145,405,405,26,2020-03-21,8,145,0.0551724137931034,0.138304190151678,10.9352520186897
Ulster,2020-03-22T00:00:00.000,9,35,54,459,459,35,2020-03-22,9,54,0.166666666666667,0.142515861156773,11.9309768700644
Ulster,2020-03-23T00:00:00.000,12,47,117,576,576,47,2020-03-23,12,117,0.102564102564103,0.146614754207191,15.4564109379793
Ulster,2020-03-24T00:00:00.000,18,65,81,657,657,65,2020-03-24,18,81,0.222222222222222,0.150576785955116,22.5707293238944
Ulster,2020-03-25T00:00:00.000,13,78,71,728,728,78,2020-03-25,13,71,0.183098591549296,0.154378151833022,16.0336422879619
Ulster,2020-03-26T00:00:00.000,21,99,83,811,811,99,2020-03-26,21,83,0.253012048192771,0.157995585766653,25.521075503375
Ulster,2020-03-27T00:00:00.000,29,128,124,935,935,128,2020-03-27,29,124,0.233870967741935,0.161406606105029,34.7767174890582
Ulster,2020-03-28T00:00:00.000,18,146,82,1017,1017,146,2020-03-28,18,82,0.219512195121951,0.164589743179366,21.3748418289182
Ulster,2020-03-29T00:00:00.000,44,190,194,1211,1211,190,2020-03-29,44,194,0.22680412371134,0.167524744863002,52.2196195855199
Ulster,2020-03-30T00:00:00.000,21,211,123,1334,1334,211,2020-03-30,21,123,0.170731707317073,0.170192757556764,25.0296777401128
Ulster,2020-03-31T00:00:00.000,10,221,51,1385,1385,221,2020-03-31,10,51,0.196078431372549,0.172576481097185,11.9586757401598
Ulster,2020-04-01T00:00:00.000,19,240,118,1503,1503,240,2020-04-01,19,118,0.161016949152542,0.17466029712621,22.7686923497893
Ulster,2020-04-02T00:00:00.000,23,263,125,1628,1628,263,2020-04-02,23,125,0.184,0.176430371416777,27.2373778013085
Ulster,2020-04-03T00:00:00.000,27,290,141,1769,1769,290,2020-04-03,27,141,0.191489361702128,0.17787473147956,31.6403414029609
Ulster,2020-04-04T00:00:00.000,42,332,188,1957,1957,332,2020-04-04,42,188,0.223404255319149,0.17898332145076,49.1476243508143
Ulster,2020-04-05T00:00:00.000,40,372,182,2139,2139,372,2020-04-05,40,182,0.21978021978022,0.179748036763687,46.7108585622581
Ulster,2020-04-06T00:00:00.000,26,398,117,2256,2256,398,2020-04-06,26,117,0.222222222222222,0.180162741429628,30.5191699764504
Ulster,2020-04-07T00:00:00.000,24,422,108,2364,2364,422,2020-04-07,24,108,0.222222222222222,0.180223270894893,28.3856328987884
Ulster,2020-04-08T00:00:00.000,38,460,227,2591,2591,460,2020-04-08,38,227,0.167400881057269,0.17992742341561,45.2858211014368
Ulster,2020-04-09T00:00:00.000,70,530,436,3027,3027,530,2020-04-09,70,436,0.160550458715596,0.179274942710192,84.0628318399393
Ulster,2020-04-10T00:00:00.000,59,589,358,3385,3385,589,2020-04-10,59,358,0.164804469273743,0.178267494329079,71.3955398976693
Ulster,2020-04-11T00:00:00.000,23,612,239,3624,3624,612,2020-04-11,23,239,0.096234309623431,0.176908637753055,28.065345091271
Ulster,2020-04-12T00:00:00.000,18,630,242,3866,3866,630,2020-04-12,18,242,0.0743801652892562,0.175203795702491,22.2413676913672
Ulster,2020-04-13T00:00:00.000,60,690,424,4290,4290,690,2020-04-13,60,424,0.141509433962264,0.173160221554883,75.0329272077202
Ulster,2020-04-14T00:00:00.000,43,733,259,4549,4549,733,2020-04-14,43,259,0.166023166023166,0.170786965133085,54.3835414104898
Ulster,2020-04-15T00:00:00.000,28,761,189,4738,4738,761,2020-04-15,28,189,0.148148148148148,0.168094836486359,35.7501952535385
Ulster,2020-04-16T00:00:00.000,27,788,142,4880,4880,788,2020-04-16,27,142,0.190140845070423,0.165096366653058,34.7092983940911
Ulster,2020-04-17T00:00:00.000,32,820,239,5119,5119,820,2020-04-17,32,239,0.133891213389121,0.161805763809899,41.3790138303322
Ulster,2020-04-18T00:00:00.000,34,854,170,5289,5289,854,2020-04-18,34,170,0.2,0.158238862699502,44.1751255806949
Ulster,2020-04-19T00:00:00.000,23,877,167,5456,5456,877,2020-04-19,23,167,0.137724550898204,0.154413064819132,29.994276393808
Ulster,2020-04-20T00:00:00.000,16,893,85,5541,5541,893,2020-04-20,16,85,0.188235294117647,0.15034726658346,20.924096669238
Ulster,2020-04-21T00:00:00.000,20,913,110,5651,5651,913,2020-04-21,20,110,0.181818181818182,0.146061772563443,26.2046514400604
Ulster,2020-04-22T00:00:00.000,29,942,152,5803,5803,942,2020-04-22,29,152,0.190789473684211,0.141578190986221,38.0341289796725
Ulster,2020-04-23T00:00:00.000,34,976,208,6011,6011,976,2020-04-23,34,208,0.163461538461538,0.136919308971372,44.5949066691496
Ulster,2020-04-24T00:00:00.000,190,1166,928,6939,6939,1166,2020-04-24,190,928,0.204741379310345,0.132108945486317,248.995363751004
Ulster,2020-04-25T00:00:00.000,24,1190,207,7146,7146,1190,2020-04-25,24,207,0.115942028985507,0.127171780733696,31.3961266806188
Ulster,2020-04-26T00:00:00.000,29,1219,198,7344,7344,1219,2020-04-26,29,198,0.146464646464646,0.122133161611434,37.8260194696883
Ulster,2020-04-27T00:00:00.000,11,1230,94,7438,7438,1230,2020-04-27,11,94,0.117021276595745,0.117018883991106,14.2902512259757
Ulster,2020-04-28T00:00:00.000,22,1252,335,7773,7773,1252,2020-04-28,22,335,0.0656716417910448,0.111854953784336,28.4371835439471
Ulster,2020-04-29T00:00:00.000,27,1279,309,8082,8082,1279,2020-04-29,27,309,0.087378640776699,0.106667330055485,34.8107069341594
Ulster,2020-04-30T00:00:00.000,19,1298,336,8418,8418,1298,2020-04-30,19,336,0.056547619047619,0.10148165470906,24.5402480194744
Ulster,2020-05-01T00:00:00.000,29,1327,362,8780,8780,1327,2020-05-01,29,362,0.0801104972375691,0.096322974447327,37.510263315292
Ulster,2020-05-02T00:00:00.000,14,1341,256,9036,9036,1341,2020-05-02,14,256,0.0546875,0.0912154616725832,18.1087365828054
Ulster,2020-05-03T00:00:00.000,13,1354,198,9234,9234,1354,2020-05-03,13,198,0.0656565656565657,0.0861821417104418,16.7807984197757
Ulster,2020-05-04T00:00:00.000,3,1357,104,9338,9338,1357,2020-05-04,3,104,0.0288461538461538,0.0812446340890268,3.85749752882078
Ulster,2020-05-05T00:00:00.000,26,1383,272,9610,9610,1383,2020-05-05,26,272,0.0955882352941176,0.0764229155739381,33.2533018749238
Ulster,2020-05-06T00:00:00.000,33,1416,298,9908,9908,1416,2020-05-06,33,298,0.110738255033557,0.0717351122040908,41.9703602662741
Ulster,2020-05-07T00:00:00.000,13,1429,276,10184,10184,1429,2020-05-07,13,276,0.0471014492753623,0.067197326714373,16.4905603468197
Ulster,2020-05-08T00:00:00.000,11,1440,195,10379,10379,1440,2020-05-08,11,195,0.0564102564102564,0.0628235065024105,13.9574830023725
Ulster,2020-05-09T00:00:00.000,10,1450,210,10589,10589,1450,2020-05-09,10,210,0.0476190476190476,0.0586253557734975,12.6877824501563
Ulster,2020-05-10T00:00:00.000,4,1454,135,10724,10724,1454,2020-05-10,4,135,0.0296296296296296,0.0546122937745444,5.07298725977594
Ulster,2020-05-11T00:00:00.000,11,1465,96,10820,10820,1465,2020-05-11,11,96,0.114583333333333,0.0507914592154534,13.9392551687244
Ulster,2020-05-12T00:00:00.000,16,1481,314,11134,11134,1481,2020-05-12,16,314,0.0509554140127389,0.0471677591914789,20.3018386613954
Ulster,2020-05-13T00:00:00.000,14,1495,536,11670,11670,1495,2020-05-13,14,536,0.0261194029850746,0.0437439592756416,17.8432805840159
Ulster,2020-05-14T00:00:00.000,16,1511,431,12101,12101,1511,2020-05-14,16,431,0.037122969837587,0.0405208100419942,20.5300376680345
Ulster,2020-05-15T00:00:00.000,26,1537,398,12499,12499,1537,2020-05-15,26,398,0.0653266331658292,0.0374972041825613,33.5584247252632
Ulster,2020-05-16T00:00:00.000,15,1552,345,12844,12844,1552,2020-05-16,15,345,0.0434782608695652,0.0346703576408515,19.4405102235867
Ulster,2020-05-17T00:00:00.000,5,1557,227,13071,13071,1557,2020-05-17,5,227,0.0220264317180617,0.0320360078170942,6.48223092637767
Ulster,2020-05-18T00:00:00.000,8,1565,177,13248,13248,1565,2020-05-18,8,177,0.0451977401129944,0.02958862189596,10.3650606364488
Ulster,2020-05-19T00:00:00.000,6,1571,284,13532,13532,1571,2020-05-19,6,284,0.0211267605633803,0.0273216086668101,7.76256870201401
Ulster,2020-05-20T00:00:00.000,13,1584,799,14331,14331,1584,2020-05-20,13,799,0.016270337922403,0.0252275277983186,16.8013073885017
Ulster,2020-05-21T00:00:00.000,11,1595,552,14883,14883,1595,2020-05-21,11,552,0.0199275362318841,0.0232982913236295,14.2218403275046
Ulster,2020-05-22T00:00:00.000,11,1606,418,15301,15301,1606,2020-05-22,11,418,0.0263157894736842,0.0215253530201092,14.2138150078868
Ulster,2020-05-23T00:00:00.000,11,1617,470,15771,15771,1617,2020-05-23,11,470,0.0234042553191489,0.0198998823587164,14.19144865313
Ulster,2020-05-24T00:00:00.000,15,1632,590,16361,16361,1632,2020-05-24,15,590,0.0254237288135593,0.0184129206886709,19.3021584821261
Ulster,2020-05-25T00:00:00.000,6,1638,162,16523,16523,1638,2020-05-25,6,162,0.037037037037037,0.0170555182623237,7.69178002032128
Ulster,2020-05-26T00:00:00.000,7,1645,355,16878,16878,1645,2020-05-26,7,355,0.0197183098591549,0.0158188515510008,8.93476724254451
Ulster,2020-05-27T00:00:00.000,13,1658,556,17434,17434,1658,2020-05-27,13,556,0.0233812949640288,0.014694321029973,16.5336193958064
Ulster,2020-05-28T00:00:00.000,5,1663,683,18117,18117,1663,2020-05-28,5,683,0.00732064421669107,0.0136736302032174,6.3318029089767
Ulster,2020-05-29T00:00:00.000,15,1678,746,18863,18863,1678,2020-05-29,15,746,0.0201072386058981,0.0127488470935167,18.9013040116829
Ulster,2020-05-30T00:00:00.000,7,1685,529,19392,19392,1685,2020-05-30,7,529,0.0132325141776938,0.0119124497451023,8.82575883055028
Ulster,2020-05-31T00:00:00.000,6,1691,538,19930,19930,1691,2020-05-31,6,538,0.0111524163568773,0.0111573574861406,7.6039319623077
Ulster,2020-06-01T00:00:00.000,5,1696,327,20257,20257,1696,2020-06-01,5,327,0.0152905198776758,0.010476949792391,6.37312664700616
Ulster,2020-06-02T00:00:00.000,5,1701,504,20761,20761,1701,2020-06-02,5,504,0.00992063492063492,0.0098650745997617,6.40544915541735
Ulster,2020-06-03T00:00:00.000,3,1704,617,21378,21378,1704,2020-06-03,3,617,0.00486223662884927,0.00931604785036751,3.85983914552816
Ulster,2020-06-04T00:00:00.000,7,1711,1121,22499,22499,1711,2020-06-04,7,1121,0.00624442462087422,0.00882464594211455,9.00508359636336
Ulster,2020-06-05T00:00:00.000,3,1714,776,23275,23275,1714,2020-06-05,3,776,0.0038659793814433,0.00838609260225236,3.85524422259553
Ulster,2020-06-06T00:00:00.000,4,1718,600,23875,23875,1718,2020-06-06,4,600,0.00666666666666667,0.00799604153437949,5.1322488290012
Ulster,2020-06-07T00:00:00.000,3,1721,644,24519,24519,1721,2020-06-07,3,644,0.0046583850931677,0.00765055600795808,3.8411877680394
Ulster,2020-06-08T00:00:00.000,3,1724,403,24922,24922,1724,2020-06-08,3,403,0.00744416873449132,0.00734608637861814,3.83129676184641
Ulster,2020-06-09T00:00:00.000,2,1726,402,25324,25324,1726,2020-06-09,2,402,0.00497512437810945,0.00707944635320094,2.54637784241261
Ulster,2020-06-10T00:00:00.000,3,1729,609,25933,25933,1729,2020-06-10,3,609,0.00492610837438424,0.00684778865029783,3.80605007731852
Ulster,2020-06-11T00:00:00.000,5,1734,731,26664,26664,1734,2020-06-11,5,731,0.00683994528043776,0.00664858055822281,6.31799119137277
Ulster,2020-06-12T00:00:00.000,5,1739,666,27330,27330,1739,2020-06-12,5,666,0.00750750750750751,0.00647957975944076,6.28973784018903
Ulster,2020-06-13T00:00:00.000,2,1741,506,27836,27836,1741,2020-06-13,2,506,0.00395256916996047,0.00633881067402141,2.50348685221957
Ulster,2020-06-14T00:00:00.000,0,1741,502,28338,28338,1741,2020-06-14,0,502,0,0.00622454147463933,0
Ulster,2020-06-15T00:00:00.000,1,1742,546,28884,28884,1742,2020-06-15,1,546,0.00183150183150183,0.00613526184125085,1.23771812281172
Ulster,2020-06-16T00:00:00.000,2,1744,578,29462,29462,1744,2020-06-16,2,578,0.00346020761245675,0.00606966145402905,2.45984106889206
Ulster,2020-06-17T00:00:00.000,2,1746,740,30202,30202,1746,2020-06-17,2,740,0.0027027027027027,0.00602660916740439,2.44324103766991
Ulster,2020-06-18T00:00:00.000,3,1749,820,31022,31022,1749,2020-06-18,3,820,0.00365853658536585,0.00600513276524951,3.63852278745767
Ulster,2020-06-19T00:00:00.000,1,1750,560,31582,31582,1750,2020-06-19,1,560,0.00178571428571429,0.00600439916670672,1.20361304548047
Ulster,2020-06-20T00:00:00.000,4,1754,706,32288,32288,1754,2020-06-20,4,706,0.0056657223796034,0.00602369493324813,4.77591382427517
Ulster,2020-06-21T00:00:00.000,2,1756,583,32871,32871,1756,2020-06-21,2,583,0.00343053173241852,0.00606240692015141,2.3716865540408
Ulster,2020-06-22T00:00:00.000,1,1757,312,33183,33183,1757,2020-06-22,1,312,0.00320512820512821,0.0061200029195412,1.1870952450962
Ulster,2020-06-23T00:00:00.000,3,1760,262,33445,33445,1760,2020-06-23,3,262,0.0114503816793893,0.00619601215767284,3.56502940854763
Ulster,2020-06-24T00:00:00.000,5,1765,762,34207,34207,1765,2020-06-24,5,762,0.00656167979002625,0.00629000553634165,5.947881847908
Ulster,2020-06-25T00:00:00.000,3,1768,715,34922,34922,1768,2020-06-25,3,715,0.0041958041958042,0.00640157554761235,3.5687655127742
Ulster,2020-06-26T00:00:00.000,5,1773,902,35824,35824,1773,2020-06-26,5,902,0.00554323725055432,0.00653031584200225,5.93737039786741
Ulster,2020-06-27T00:00:00.000,5,1778,541,36365,36365,1778,2020-06-27,5,541,0.00924214417744917,0.00667580049303441,5.92522291708852
Ulster,2020-06-28T00:00:00.000,0,1778,359,36724,36724,1778,2020-06-28,0,359,0,0.00683756307423525,0
Ulster,2020-06-29T00:00:00.000,3,1781,367,37091,37091,1781,2020-06-29,3,367,0.00817438692098093,0.00701507574684591,3.54063439438073
Ulster,2020-06-30T00:00:00.000,1,1782,617,37708,37708,1782,2020-06-30,1,617,0.00162074554294976,0.00720772864514439,1.18537573704338
Ulster,2020-07-01T00:00:00.000,8,1790,581,38289,38289,1790,2020-07-01,8,581,0.0137693631669535,0.00741480993765024,9.53531241770037
Ulster,2020-07-02T00:00:00.000,25,1815,768,39057,39057,1815,2020-07-02,25,768,0.0325520833333333,0.00763548703213877,29.9313378080159
Ulster,2020-07-03T00:00:00.000,10,1825,564,39621,39621,1825,2020-07-03,10,564,0.0177304964539007,0.00786878947471105,11.9771624183414
Ulster,2020-07-04T00:00:00.000,9,1834,698,40319,40319,1834,2020-07-04,9,698,0.0128939828080229,0.00811359416149673,10.7822121847313
Ulster,2020-07-05T00:00:00.000,6,1840,507,40826,40826,1840,2020-07-05,6,507,0.0118343195266272,0.00836861352932766,7.18775314964612
Ulster,2020-07-06T00:00:00.000,3,1843,472,41298,41298,1843,2020-07-06,3,472,0.00635593220338983,0.00863238741148988,3.59316575674806
Ulster,2020-07-07T00:00:00.000,2,1845,371,41669,41669,1845,2020-07-07,2,371,0.00539083557951483,0.00890327923015236,2.39864433781859
Ulster,2020-07-08T00:00:00.000,6,1851,690,42359,42359,1851,2020-07-08,6,690,0.00869565217391304,0.00917947714287087,7.20396104314533
Ulster,2020-07-09T00:00:00.000,2,1853,659,43018,43018,1853,2020-07-09,2,659,0.00303490136570561,0.00945900066297309,2.40345490465172
Ulster,2020-07-10T00:00:00.000,2,1855,636,43654,43654,1855,2020-07-10,2,636,0.00314465408805031,0.00973971313194712,2.40503473933261
Ulster,2020-07-11T00:00:00.000,4,1859,430,44084,44084,1859,2020-07-11,4,430,0.00930232558139535,0.0100193402379531,4.81210094937907
Ulster,2020-07-12T00:00:00.000,3,1862,447,44531,44531,1862,2020-07-12,3,447,0.00671140939597315,0.0102954945538651,3.60974514732339
Ulster,2020-07-13T00:00:00.000,10,1872,525,45056,45056,1872,2020-07-13,10,525,0.019047619047619,0.0105657058199895,12.0318618441668
Ulster,2020-07-14T00:00:00.000,16,1888,823,45879,45879,1888,2020-07-14,16,823,0.0194410692588092,0.0108274564325237,19.2454412366057
Ulster,2020-07-15T00:00:00.000,6,1894,658,46537,46537,1894,2020-07-15,6,658,0.00911854103343465,0.0110782213344903,7.21328109894377
Ulster,2020-07-16T00:00:00.000,4,1898,734,47271,47271,1898,2020-07-16,4,734,0.00544959128065395,0.0113155112570403,4.80961003348622
Ulster,2020-07-17T00:00:00.000,2,1900,817,48088,48088,1900,2020-07-17,2,817,0.00244798041615667,0.0115369180433594,2.41263055125016
Ulster,2020-07-18T00:00:00.000,1,1901,345,48433,48433,1901,2020-07-18,1,345,0.00289855072463768,0.011740160620518,1.20949275586516
Ulster,2020-07-19T00:00:00.000,0,1901,444,48877,48877,1901,2020-07-19,0,444,0,0.0119231300804942,0
Ulster,2020-07-20T00:00:00.000,5,1906,626,49503,49503,1906,2020-07-20,5,626,0.00798722044728434,0.0120839323001735,6.06366516513571
Ulster,2020-07-21T00:00:00.000,3,1909,540,50043,50043,1909,2020-07-21,3,540,0.00555555555555556,0.0122209265771183,3.62564461144448
Ulster,2020-07-22T00:00:00.000,2,1911,586,50629,50629,1911,2020-07-22,2,586,0.00341296928327645,0.0123327588827722,2.40491590866458
Ulster,2020-07-23T00:00:00.000,1,1912,598,51227,51227,1912,2020-07-23,1,598,0.00167224080267559,0.0124183885330631,1.19472934647823
Ulster,2020-07-24T00:00:00.000,4,1916,579,51806,51806,1916,2020-07-24,4,579,0.00690846286701209,0.0124771073363584,4.74276808097568
Ulster,2020-07-25T00:00:00.000,9,1925,540,52346,52346,1925,2020-07-25,9,540,0.0166666666666667,0.0125085505863917,10.6197007494262
Ulster,2020-07-26T00:00:00.000,1,1926,423,52769,52769,1926,2020-07-26,1,423,0.00236406619385343,0.0125126996043013,1.18164350000502
Ulster,2020-07-27T00:00:00.000,16,1942,796,53565,53565,1942,2020-07-27,16,796,0.0201005025125628,0.0124898758795218,18.913895184678
Ulster,2020-07-28T00:00:00.000,31,1973,644,54209,54209,1973,2020-07-28,31,644,0.0481366459627329,0.0124407271939185,36.6137079029265
Ulster,2020-07-29T00:00:00.000,37,2010,967,55176,55176,2010,2020-07-29,37,967,0.0382626680455016,0.0123662064184773,43.7558028137177
Ulster,2020-07-30T00:00:00.000,11,2021,851,56027,56027,2021,2020-07-30,11,851,0.0129259694477086,0.0122675439307911,13.0523983132214
Ulster,2020-07-31T00:00:00.000,5,2026,642,56669,56669,2026,2020-07-31,5,642,0.00778816199376947,0.0121462148030796,5.95060719009529
Ulster,2020-08-01T00:00:00.000,2,2028,394,57063,57063,2028,2020-08-01,2,394,0.0050761421319797,0.0120039020458256,2.38635451437568
Ulster,2020-08-02T00:00:00.000,3,2031,440,57503,57503,2031,2020-08-02,3,440,0.00681818181818182,0.0118424572593454,3.58533803207521
Ulster,2020-08-03T00:00:00.000,8,2039,526,58029,58029,2039,2020-08-03,8,526,0.0152091254752852,0.0116638600457457,9.55948564391374
Ulster,2020-08-04T00:00:00.000,0,2039,407,58436,58436,2039,2020-08-04,0,407,0,0.0114701774725457,0
Ulster,2020-08-05T00:00:00.000,6,2045,663,59099,59099,2045,2020-08-05,6,663,0.00904977375565611,0.0112635247658757,7.15775735166768
Ulster,2020-08-06T00:00:00.000,4,2049,637,59736,59736,2049,2020-08-06,4,637,0.00627943485086342,0.0110460282568142,4.76407161162139
Ulster,2020-08-07T00:00:00.000,8,2057,577,60313,60313,2057,2020-08-07,8,577,0.0138648180242634,0.0108197914212009,9.50109241402013
Ulster,2020-08-08T00:00:00.000,5,2062,669,60982,60982,2062,2020-08-08,5,669,0.00747384155455904,0.0105868646544883,5.93027677950061
Ulster,2020-08-09T00:00:00.000,10,2072,480,61462,61462,2072,2020-08-09,10,480,0.0208333333333333,0.0103492192205057,11.8477002189072
Ulster,2020-08-10T00:00:00.000,4,2076,479,61941,61941,2076,2020-08-10,4,479,0.00835073068893528,0.010108725616979,4.73044371678741
Ulster,2020-08-11T00:00:00.000,1,2077,409,62350,62350,2077,2020-08-11,1,409,0.00244498777506112,0.00986713642055551,1.17962820296944
Ulster,2020-08-12T00:00:00.000,4,2081,654,63004,63004,2081,2020-08-12,4,654,0.00611620795107034,0.00962607351589074,4.70352642232197
Ulster,2020-08-13T00:00:00.000,5,2086,595,63599,63599,2086,2020-08-13,5,595,0.00840336134453781,0.00938701948170903,5.85719369827178
Ulster,2020-08-14T00:00:00.000,3,2089,981,64580,64580,2089,2020-08-14,3,981,0.00305810397553517,0.00915131280375308,3.49902022010072
Ulster,2020-08-15T00:00:00.000,6,2095,715,65295,65295,2095,2020-08-15,6,715,0.00839160839160839,0.00892014651032569,6.98424520127701
Ulster,2020-08-16T00:00:00.000,3,2098,345,65640,65640,2098,2020-08-16,3,345,0.00869565217391304,0.00869456977912249,3.48338471304246
Ulster,2020-08-17T00:00:00.000,2,2100,489,66129,66129,2100,2020-08-17,2,489,0.00408997955010225,0.0084754920421906,2.32256835492108
Ulster,2020-08-18T00:00:00.000,6,2106,729,66858,66858,2106,2020-08-18,6,729,0.00823045267489712,0.00826368911496564,6.96643092036188
Ulster,2020-08-19T00:00:00.000,7,2113,663,67521,67521,2113,2020-08-19,7,663,0.0105580693815988,0.00805981089209817,8.12289433691884
Ulster,2020-08-20T00:00:00.000,2,2115,741,68262,68262,2115,2020-08-20,2,741,0.00269905533063428,0.00786439018307586,2.31856979568184
Ulster,2020-08-21T00:00:00.000,11,2126,563,68825,68825,2126,2020-08-21,11,563,0.019538188277087,0.0076778523003047,12.7343134689889
Ulster,2020-08-22T00:00:00.000,1,2127,593,69418,69418,2127,2020-08-22,1,593,0.00168634064080944,0.007500525058086,1.1555353380789
Ulster,2020-08-23T00:00:00.000,7,2134,482,69900,69900,2134,2020-08-23,7,482,0.0145228215767635,0.00733264888979941,8.0691686477431
Ulster,2020-08-24T00:00:00.000,3,2137,530,70430,70430,2137,2020-08-24,3,530,0.00566037735849057,0.00717438683941984,3.44300665995654
Ulster,2020-08-25T00:00:00.000,4,2141,581,71011,71011,2141,2020-08-25,4,581,0.00688468158347676,0.00702583423111241,4.56832050028804
Ulster,2020-08-26T00:00:00.000,11,2152,937,71948,71948,2152,2020-08-26,11,937,0.0117395944503735,0.00688702786472515,12.5191948934071
Ulster,2020-08-27T00:00:00.000,3,2155,692,72640,72640,2155,2020-08-27,3,692,0.00433526011560694,0.00675795462515321,3.40447270760934
Ulster,2020-08-28T00:00:00.000,7,2162,899,73539,73539,2162,2020-08-28,7,899,0.00778642936596218,0.00663855942874805,7.91972150857768
Ulster,2020-08-29T00:00:00.000,6,2168,973,74512,74512,2168,2020-08-29,6,973,0.00616649537512847,0.006528752460358,6.77617982416495
Ulster,2020-08-30T00:00:00.000,7,2175,608,75120,75120,2175,2020-08-30,7,608,0.0115131578947368,0.00642841567974917,7.88810179934715
Ulster,2020-08-31T00:00:00.000,1,2176,619,75739,75739,2176,2020-08-31,1,619,0.00161550888529887,0.00633740859687607,1.12582919023436
Ulster,2020-09-01T00:00:00.000,2,2178,865,76604,76604,2178,2020-09-01,2,865,0.0023121387283237,0.00625557333161133,2.2546922690264
Ulster,2020-09-02T00:00:00.000,12,2190,1057,77661,77661,2190,2020-09-02,12,1057,0.011352885525071,0.00618273898595006,13.6074199759705
Ulster,2020-09-03T00:00:00.000,6,2196,679,78340,78340,2196,2020-09-03,6,679,0.00883652430044183,0.00611872536562888,6.84475029325882
Ulster,2020-09-04T00:00:00.000,3,2199,722,79062,79062,2199,2020-09-04,3,722,0.00415512465373961,0.00606334609430268,3.4347725437523
Ulster,2020-09-05T00:00:00.000,2,2201,762,79824,79824,2201,2020-09-05,2,762,0.0026246719160105,0.00601641116716239,2.29518266298945
Ulster,2020-09-06T00:00:00.000,2,2203,534,80358,80358,2203,2020-09-06,2,534,0.00374531835205993,0.00597772899285216,2.29983714456251
Ulster,2020-09-07T00:00:00.000,0,2203,292,80650,80650,2203,2020-09-07,0,292,0,0.00594710797301067,0
Ulster,2020-09-08T00:00:00.000,0,2203,469,81119,81119,2203,2020-09-08,0,469,0,0.00592435766824588,0
Ulster,2020-09-09T00:00:00.000,1,2204,529,81648,81648,2204,2020-09-09,1,529,0.00189035916824197,0.00590928959797375,1.15556621400789
Ulster,2020-09-10T00:00:00.000,5,2209,811,82459,82459,2209,2020-09-10,5,811,0.0061652281134402,0.00590171771986853,5.78487284354645
Ulster,2020-09-11T00:00:00.000,6,2215,677,83136,83136,2215,2020-09-11,6,677,0.00886262924667651,0.00590145863255876,6.97825594132237
Ulster,2020-09-12T00:00:00.000,3,2218,730,83866,83866,2218,2020-09-12,3,730,0.00410958904109589,0.00590833154313908,3.50891274030717
Ulster,2020-09-13T00:00:00.000,1,2219,487,84353,84353,2219,2020-09-13,1,487,0.00205338809034908,0.0059221580389415,1.17614882916162
Ulster,2020-09-14T00:00:00.000,6,2225,453,84806,84806,2225,2020-09-14,6,453,0.0132450331125828,0.00594276170111068,7.09488899315939
Ulster,2020-09-15T00:00:00.000,4,2229,481,85287,85287,2229,2020-09-15,4,481,0.00831600831600832,0.00596996759569481,4.75413443420308
Ulster,2020-09-16T00:00:00.000,2,2231,661,85948,85948,2231,2020-09-16,2,661,0.00302571860816944,0.00600360167645582,2.38839302987139
Ulster,2020-09-17T00:00:00.000,4,2235,597,86545,86545,2235,2020-09-17,4,597,0.0067001675041876,0.00604349013223171,4.79742248669329
Ulster,2020-09-18T00:00:00.000,4,2239,729,87274,87274,2239,2020-09-18,4,729,0.00548696844993141,0.00608945871052515,4.8155659523143
Ulster,2020-09-19T00:00:00.000,3,2242,677,87951,87951,2242,2020-09-19,3,677,0.00443131462333826,0.00614133204806475,3.62304436700043
Ulster,2020-09-20T00:00:00.000,0,2242,445,88396,88396,2242,2020-09-20,0,445,0,0.00619893303811182,0
Ulster,2020-09-21T00:00:00.000,2,2244,500,88896,88896,2244,2020-09-21,2,500,0.004,0.00626208226364096,2.42330870509521
Ulster,2020-09-22T00:00:00.000,0,2244,426,89322,89322,2244,2020-09-22,0,426,0,0.00633059752456626,0
Ulster,2020-09-23T00:00:00.000,10,2254,708,90030,90030,2254,2020-09-23,10,708,0.0141242937853107,0.00640429348645305,12.1067801786672
Ulster,2020-09-24T00:00:00.000,1,2255,632,90662,90662,2255,2020-09-24,1,632,0.00158227848101266,0.0064829814771483,1.21473769012756
Ulster,2020-09-25T00:00:00.000,1,2256,810,91472,91472,2256,2020-09-25,1,810,0.00123456790123457,0.006566469456567,1.21626747763877
Ulster,2020-09-26T00:00:00.000,4,2260,631,92103,92103,2260,2020-09-26,4,631,0.0063391442155309,0.00665456218357341,4.86583832272597
Ulster,2020-09-27T00:00:00.000,4,2264,406,92509,92509,2264,2020-09-27,4,406,0.00985221674876847,0.00674706160219558,4.86168271344864
Ulster,2020-09-28T00:00:00.000,8,2272,837,93346,93346,2272,2020-09-28,8,837,0.00955794504181601,0.00684376746744494,9.69891845590539
Ulster,2020-09-29T00:00:00.000,8,2280,516,93862,93862,2280,2020-09-29,8,516,0.0155038759689922,0.00694447822883163,9.66248262334991
Ulster,2020-09-30T00:00:00.000,2,2282,839,94701,94701,2282,2020-09-30,2,839,0.00238379022646007,0.00704899218698698,2.40386978927043
Ulster,2020-10-01T00:00:00.000,11,2293,867,95568,95568,2293,2020-10-01,11,867,0.0126874279123414,0.00715710893605165,13.1425507390228
Ulster,2020-10-02T00:00:00.000,10,2303,720,96288,96288,2303,2020-10-02,10,720,0.0138888888888889,0.00726863110137782,11.8947155158671
Ulster,2020-10-03T00:00:00.000,12,2315,975,97263,97263,2315,2020-10-03,12,975,0.0123076923076923,0.00738336637882118,14.3226760447843
Ulster,2020-10-04T00:00:00.000,9,2324,512,97775,97775,2324,2020-10-04,9,512,0.017578125,0.00750112987863666,10.8167580005552
Ulster,2020-10-05T00:00:00.000,5,2329,508,98283,98283,2329,2020-10-05,5,508,0.00984251968503937,0.00762174677371504,6.05574707600716
Ulster,2020-10-06T00:00:00.000,6,2335,840,99123,99123,2335,2020-10-06,6,840,0.00714285714285714,0.00774505524879347,7.32318776490439
Ulster,2020-10-07T00:00:00.000,8,2343,1182,100305,100305,2343,2020-10-07,8,1182,0.00676818950930626,0.00787090974453758,9.83981647119944
Ulster,2020-10-08T00:00:00.000,6,2349,1100,101405,101405,2349,2020-10-08,6,1100,0.00545454545454545,0.00799918448813299,7.43676070368651
Ulster,2020-10-09T00:00:00.000,6,2355,919,102324,102324,2355,2020-10-09,6,919,0.00652883569096844,0.00812977730042595,7.49375057201011
Ulster,2020-10-10T00:00:00.000,3,2358,1077,103401,103401,2358,2020-10-10,3,1077,0.00278551532033426,0.00826261366894117,3.77536456373357
Ulster,2020-10-11T00:00:00.000,8,2366,985,104386,104386,2366,2020-10-11,8,985,0.00812182741116751,0.00839765107637025,10.143498192039
Warren,2020-03-01T00:00:00.000,0,0,0,0,0,0,2020-03-01,0,0,0,1.99388964375572e-05,0
Warren,2020-03-02T00:00:00.000,0,0,0,0,0,0,2020-03-02,0,0,0,2.91138016474559e-05,0
Warren,2020-03-03T00:00:00.000,0,0,0,0,0,0,2020-03-03,0,0,0,4.25029908607149e-05,0
Warren,2020-03-04T00:00:00.000,0,0,0,0,0,0,2020-03-04,0,0,0,6.2021041987335e-05,0
Warren,2020-03-05T00:00:00.000,0,0,0,0,0,0,2020-03-05,0,0,0,9.04236474598236e-05,0
Warren,2020-03-06T00:00:00.000,0,0,0,0,0,0,2020-03-06,0,0,0,0.000131652069399877,0
Warren,2020-03-07T00:00:00.000,0,0,1,1,1,0,2020-03-07,0,1,0,0.000191300797403842,0
Warren,2020-03-08T00:00:00.000,0,0,0,1,1,0,2020-03-08,0,0,0,0.000277241128621492,0
Warren,2020-03-09T00:00:00.000,0,0,0,1,1,0,2020-03-09,0,0,0,0.000400435241742475,0
Warren,2020-03-10T00:00:00.000,0,0,2,3,3,0,2020-03-10,0,2,0,0.000575972675444906,0
Warren,2020-03-11T00:00:00.000,0,0,1,4,4,0,2020-03-11,0,1,0,0.00082435090972248,0
Warren,2020-03-12T00:00:00.000,0,0,0,4,4,0,2020-03-12,0,0,0,0.00117300023627654,0
Warren,2020-03-13T00:00:00.000,0,0,2,6,6,0,2020-03-13,0,2,0,0.00165801625046807,0
Warren,2020-03-14T00:00:00.000,0,0,13,19,19,0,2020-03-14,0,13,0,0.00232600765746271,0
Warren,2020-03-15T00:00:00.000,0,0,12,31,31,0,2020-03-15,0,12,0,0.00323589130595961,0
Warren,2020-03-16T00:00:00.000,0,0,14,45,45,0,2020-03-16,0,14,0,0.00446037331967388,0
Warren,2020-03-17T00:00:00.000,1,1,16,61,61,1,2020-03-17,1,16,0.0625,0.00608675456261504,1.16165858234981
Warren,2020-03-18T00:00:00.000,0,1,8,69,69,1,2020-03-18,0,8,0,0.00821660932811625,0
Warren,2020-03-19T00:00:00.000,0,1,17,86,86,1,2020-03-19,0,17,0,0.0109638372145361,0
Warren,2020-03-20T00:00:00.000,0,1,31,117,117,1,2020-03-20,0,31,0,0.014450616998076,0
Warren,2020-03-21T00:00:00.000,0,1,28,145,145,1,2020-03-21,0,28,0,0.018800936418266,0
Warren,2020-03-22T00:00:00.000,1,2,81,226,226,2,2020-03-22,1,81,0.0123456790123457,0.0241316595345121,1.10995633213038
Warren,2020-03-23T00:00:00.000,0,2,8,234,234,2,2020-03-23,0,8,0,0.0305415198915793,0
Warren,2020-03-24T00:00:00.000,0,2,52,286,286,2,2020-03-24,0,52,0,0.0380989418237234,0
Warren,2020-03-25T00:00:00.000,0,2,16,302,302,2,2020-03-25,0,16,0,0.046830088123484,0
Warren,2020-03-26T00:00:00.000,6,8,54,356,356,8,2020-03-26,6,54,0.111111111111111,0.056708864521561,6.58160065982458
Warren,2020-03-27T00:00:00.000,5,13,59,415,415,13,2020-03-27,5,59,0.0847457627118644,0.0676506356895977,5.49661921072985
Warren,2020-03-28T00:00:00.000,5,18,38,453,453,18,2020-03-28,5,38,0.131578947368421,0.079511039271224,5.52081094224382
Warren,2020-03-29T00:00:00.000,0,18,3,456,456,18,2020-03-29,0,3,0,0.0920905506450989,0
Warren,2020-03-30T00:00:00.000,0,18,6,462,462,18,2020-03-30,0,6,0,0.105144504407716,0
Warren,2020-03-31T00:00:00.000,0,18,7,469,469,18,2020-03-31,0,7,0,0.118397357018447,0
Warren,2020-04-01T00:00:00.000,0,18,9,478,478,18,2020-04-01,0,9,0,0.131559318810192,0
Warren,2020-04-02T00:00:00.000,1,19,11,489,489,19,2020-04-02,1,11,0.0909090909090909,0.14434324632868,1.16069942907206
Warren,2020-04-03T00:00:00.000,1,20,7,496,496,20,2020-04-03,1,7,0.142857142857143,0.156479884886274,1.15694262722889
Warren,2020-04-04T00:00:00.000,5,25,13,509,509,25,2020-04-04,5,13,0.384615384615385,0.167730076347887,5.81303693328997
Warren,2020-04-05T00:00:00.000,1,26,12,521,521,26,2020-04-05,1,12,0.0833333333333333,0.177893218888572,1.16656080963915
Warren,2020-04-06T00:00:00.000,5,31,15,536,536,31,2020-04-06,5,15,0.333333333333333,0.186811905984744,5.89038025079267
Warren,2020-04-07T00:00:00.000,2,33,14,550,550,33,2020-04-07,2,14,0.142857142857143,0.194373158184818,2.38341615230442
Warren,2020-04-08T00:00:00.000,7,40,31,581,581,40,2020-04-08,7,31,0.225806451612903,0.20050694386441,8.43295719013256
Warren,2020-04-09T00:00:00.000,3,43,21,602,602,43,2020-04-09,3,21,0.142857142857143,0.205182777349077,3.65165182419938
Warren,2020-04-10T00:00:00.000,1,44,17,619,619,44,2020-04-10,1,17,0.0588235294117647,0.208405134273302,1.22914380284759
Warren,2020-04-11T00:00:00.000,2,46,20,639,639,46,2020-04-11,2,20,0.1,0.210208295048503,2.48291943231637
Warren,2020-04-12T00:00:00.000,2,48,18,657,657,48,2020-04-12,2,18,0.111111111111111,0.210651069943597,2.51721897180779
Warren,2020-04-13T00:00:00.000,29,77,67,724,724,77,2020-04-13,29,67,0.432835820895522,0.209811709869595,36.9689227883561
Warren,2020-04-14T00:00:00.000,0,77,7,731,731,77,2020-04-14,0,7,0,0.207783184697584,0
Warren,2020-04-15T00:00:00.000,4,81,35,766,766,81,2020-04-15,4,35,0.114285714285714,0.204668922140818,5.20870943240809
Warren,2020-04-16T00:00:00.000,10,91,41,807,807,91,2020-04-16,10,41,0.24390243902439,0.200579042364334,13.1080133389064
Warren,2020-04-17T00:00:00.000,3,94,38,845,845,94,2020-04-17,3,38,0.0789473684210526,0.195627090079853,3.9536198923673
Warren,2020-04-18T00:00:00.000,2,96,27,872,872,96,2020-04-18,2,27,0.0740740740740741,0.189927249104028,2.64640485077775
Warren,2020-04-19T00:00:00.000,5,101,20,892,892,101,2020-04-19,5,20,0.25,0.183592017240396,6.63433706426622
Warren,2020-04-20T00:00:00.000,1,102,13,905,905,102,2020-04-20,1,13,0.0769230769230769,0.176730316599868,1.32907132165657
Warren,2020-04-21T00:00:00.000,6,108,33,938,938,108,2020-04-21,6,33,0.181818181818182,0.169446012569754,7.97901204556318
Warren,2020-04-22T00:00:00.000,11,119,40,978,978,119,2020-04-22,11,40,0.275,0.161836811939402,14.6209724154203
Warren,2020-04-23T00:00:00.000,3,122,38,1016,1016,122,2020-04-23,3,38,0.0789473684210526,0.153993506716749,3.98135925910229
Warren,2020-04-24T00:00:00.000,10,132,94,1110,1110,132,2020-04-24,10,94,0.106382978723404,0.145999525358734,13.2366955963933
Warren,2020-04-25T00:00:00.000,3,135,61,1171,1171,135,2020-04-25,3,61,0.0491803278688525,0.137930748422412,3.95651776228804
Warren,2020-04-26T00:00:00.000,12,147,60,1231,1231,147,2020-04-26,12,60,0.2,0.129855541877114,15.7484051401311
Warren,2020-04-27T00:00:00.000,3,150,25,1256,1256,150,2020-04-27,3,25,0.12,0.121834959387189,3.91309174656369
Warren,2020-04-28T00:00:00.000,2,152,12,1268,1268,152,2020-04-28,2,12,0.166666666666667,0.113923065174482,2.58993902624744
Warren,2020-04-29T00:00:00.000,24,176,105,1373,1373,176,2020-04-29,24,105,0.228571428571429,0.106167331842708,30.9283156030851
Warren,2020-04-30T00:00:00.000,6,182,94,1467,1467,182,2020-04-30,6,94,0.0638297872340425,0.0986090725794414,7.72733126502131
Warren,2020-05-01T00:00:00.000,3,185,66,1533,1533,185,2020-05-01,3,66,0.0454545454545455,0.0912838740554532,3.85957769106968
Warren,2020-05-02T00:00:00.000,3,188,43,1576,1576,188,2020-05-02,3,43,0.0697674418604651,0.0842220045691406,3.84961308384445
Warren,2020-05-03T00:00:00.000,4,192,53,1629,1629,192,2020-05-03,4,53,0.0754716981132075,0.0774487808193898,5.10844815063422
Warren,2020-05-04T00:00:00.000,0,192,34,1663,1663,192,2020-05-04,0,34,0,0.0709848854787649,0
Warren,2020-05-05T00:00:00.000,1,193,22,1685,1685,193,2020-05-05,1,22,0.0454545454545455,0.0648466358142458,1.2581366442779
Warren,2020-05-06T00:00:00.000,0,193,44,1729,1729,193,2020-05-06,0,44,0,0.0590462103644256,0
Warren,2020-05-07T00:00:00.000,6,199,72,1801,1801,199,2020-05-07,6,72,0.0833333333333333,0.053591845735101,7.44077176014779
Warren,2020-05-08T00:00:00.000,3,202,97,1898,1898,202,2020-05-08,3,97,0.0309278350515464,0.0484880185861074,3.70925681807324
Warren,2020-05-09T00:00:00.000,5,207,149,2047,2047,207,2020-05-09,5,149,0.0335570469798658,0.0437356287869181,6.16070929331033
Warren,2020-05-10T00:00:00.000,10,217,90,2137,2137,217,2020-05-10,10,90,0.111111111111111,0.0393321986117778,12.2729668421192
Warren,2020-05-11T00:00:00.000,4,221,40,2177,2177,221,2020-05-11,4,40,0.1,0.0352721000140997,4.88732181755475
Warren,2020-05-12T00:00:00.000,2,223,127,2304,2304,223,2020-05-12,2,127,0.015748031496063,0.0315468179142774,2.43767844188479
Warren,2020-05-13T00:00:00.000,4,227,192,2496,2496,227,2020-05-13,4,192,0.0208333333333333,0.0281452526138163,4.87815242851796
Warren,2020-05-14T00:00:00.000,1,228,137,2633,2633,228,2020-05-14,1,137,0.0072992700729927,0.0250540594993809,1.22289666925073
Warren,2020-05-15T00:00:00.000,0,228,116,2749,2749,228,2020-05-15,0,116,0,0.0222580196835683,0
Warren,2020-05-16T00:00:00.000,4,232,205,2954,2954,232,2020-05-16,4,205,0.0195121951219512,0.0197404316161565,4.90022727716257
Warren,2020-05-17T00:00:00.000,2,234,130,3084,3084,234,2020-05-17,2,130,0.0153846153846154,0.0174835112913231,2.44052643733277
Warren,2020-05-18T00:00:00.000,1,235,52,3136,3136,235,2020-05-18,1,52,0.0192307692307692,0.0154687876306568,1.21426929714279
Warren,2020-05-19T00:00:00.000,0,235,102,3238,3238,235,2020-05-19,0,102,0,0.0136774798899895,0
Warren,2020-05-20T00:00:00.000,6,241,213,3451,3451,241,2020-05-20,6,213,0.028169014084507,0.0120908453614262,7.20458837403709
Warren,2020-05-21T00:00:00.000,5,246,234,3685,3685,246,2020-05-21,5,234,0.0213675213675214,0.0106904879197888,5.97999007424688
Warren,2020-05-22T00:00:00.000,3,249,114,3799,3799,249,2020-05-22,3,114,0.0263157894736842,0.00945862077120779,3.57048309727018
Warren,2020-05-23T00:00:00.000,1,250,159,3958,3958,250,2020-05-23,1,159,0.00628930817610063,0.00837827975555656,1.18321721547812
Warren,2020-05-24T00:00:00.000,1,251,65,4023,4023,251,2020-05-24,1,65,0.0153846153846154,0.00743348643096653,1.17522657950012
Warren,2020-05-25T00:00:00.000,0,251,56,4079,4079,251,2020-05-25,0,56,0,0.00660936269829062,0
Warren,2020-05-26T00:00:00.000,1,252,111,4190,4190,252,2020-05-26,1,111,0.00900900900900901,0.00589220074460231,1.1563663936024
Warren,2020-05-27T00:00:00.000,1,253,116,4306,4306,253,2020-05-27,1,116,0.00862068965517241,0.00526949353249215,1.14785364812233
Warren,2020-05-28T00:00:00.000,1,254,205,4511,4511,254,2020-05-28,1,205,0.0048780487804878,0.00472993192751481,1.1388184373579
Warren,2020-05-29T00:00:00.000,1,255,235,4746,4746,255,2020-05-29,1,235,0.00425531914893617,0.00426337489677838,1.12935055470631
Warren,2020-05-30T00:00:00.000,0,255,255,5001,5001,255,2020-05-30,0,255,0,0.00386079911355207,0
Warren,2020-05-31T00:00:00.000,0,255,112,5113,5113,255,2020-05-31,0,112,0,0.00351423387240737,0
Warren,2020-06-01T00:00:00.000,0,255,139,5252,5252,255,2020-06-01,0,139,0,0.00321668656368715,0
Warren,2020-06-02T00:00:00.000,1,256,156,5408,5408,256,2020-06-02,1,156,0.00641025641025641,0.00296206317491929,1.13587091247968
Warren,2020-06-03T00:00:00.000,0,256,344,5752,5752,256,2020-06-03,0,344,0,0.00274508746098543,0
Warren,2020-06-04T00:00:00.000,0,256,235,5987,5987,256,2020-06-04,0,235,0,0.00256122161804392,0
Warren,2020-06-05T00:00:00.000,1,257,137,6124,6124,257,2020-06-05,1,137,0.0072992700729927,0.00240659055235499,1.13426595170013
Warren,2020-06-06T00:00:00.000,0,257,256,6380,6380,257,2020-06-06,0,256,0,0.00227791117882124,0
Warren,2020-06-07T00:00:00.000,0,257,204,6584,6584,257,2020-06-07,0,204,0,0.00217242762714653,0
Warren,2020-06-08T00:00:00.000,0,257,12,6596,6596,257,2020-06-08,0,12,0,0.00208785277576901,0
Warren,2020-06-09T00:00:00.000,0,257,189,6785,6785,257,2020-06-09,0,189,0,0.00202231616713202,0
Warren,2020-06-10T00:00:00.000,0,257,234,7019,7019,257,2020-06-10,0,234,0,0.00197431806940061,0
Warren,2020-06-11T00:00:00.000,0,257,344,7363,7363,257,2020-06-11,0,344,0,0.00194268922484119,0
Warren,2020-06-12T00:00:00.000,0,257,135,7498,7498,257,2020-06-12,0,135,0,0.00192655564788143,0
Warren,2020-06-13T00:00:00.000,0,257,86,7584,7584,257,2020-06-13,0,86,0,0.001925307691893,0
Warren,2020-06-14T00:00:00.000,0,257,195,7779,7779,257,2020-06-14,0,195,0,0.00193857248096822,0
Warren,2020-06-15T00:00:00.000,0,257,62,7841,7841,257,2020-06-15,0,62,0,0.00196618869205439,0
Warren,2020-06-16T00:00:00.000,0,257,177,8018,8018,257,2020-06-16,0,177,0,0.0020081825688751,0
Warren,2020-06-17T00:00:00.000,1,258,225,8243,8243,258,2020-06-17,1,225,0.00444444444444444,0.00206474395162269,1.09752806935358
Warren,2020-06-18T00:00:00.000,3,261,193,8436,8436,261,2020-06-18,3,193,0.0155440414507772,0.00213620102083225,3.2812328411193
Warren,2020-06-19T00:00:00.000,0,261,175,8611,8611,261,2020-06-19,0,175,0,0.00222299239206244,0
Warren,2020-06-20T00:00:00.000,0,261,155,8766,8766,261,2020-06-20,0,155,0,0.00232563517823833,0
Warren,2020-06-21T00:00:00.000,1,262,141,8907,8907,262,2020-06-21,1,141,0.00709219858156028,0.00244468768457253,1.08289195147248
Warren,2020-06-22T00:00:00.000,0,262,62,8969,8969,262,2020-06-22,0,62,0,0.00258070554794277,0
Warren,2020-06-23T00:00:00.000,0,262,177,9146,9146,262,2020-06-23,0,177,0,0.00273419041350703,0
Warren,2020-06-24T00:00:00.000,1,263,138,9284,9284,263,2020-06-24,1,138,0.0072463768115942,0.00290553069020674,1.10115834013105
Warren,2020-06-25T00:00:00.000,0,263,101,9385,9385,263,2020-06-25,0,101,0,0.00309493457222496,0
Warren,2020-06-26T00:00:00.000,0,263,210,9595,9595,263,2020-06-26,0,210,0,0.00330235636647057,0
Warren,2020-06-27T00:00:00.000,0,263,153,9748,9748,263,2020-06-27,0,153,0,0.00352741821729999,0
Warren,2020-06-28T00:00:00.000,0,263,144,9892,9892,263,2020-06-28,0,144,0,0.00376933052096948,0
Warren,2020-06-29T00:00:00.000,0,263,51,9943,9943,263,2020-06-29,0,51,0,0.00402681558696562,0
Warren,2020-06-30T00:00:00.000,0,263,137,10080,10080,263,2020-06-30,0,137,0,0.00429804029811753,0
Warren,2020-07-01T00:00:00.000,1,264,174,10254,10254,264,2020-07-01,1,174,0.00574712643678161,0.00458056447168231,1.13586531399483
Warren,2020-07-02T00:00:00.000,2,266,117,10371,10371,266,2020-07-02,2,117,0.0170940170940171,0.0048713121297729,2.28927010437278
Warren,2020-07-03T00:00:00.000,2,268,134,10505,10505,268,2020-07-03,2,134,0.0149253731343284,0.00516657274847636,2.29674826438561
Warren,2020-07-04T00:00:00.000,1,269,131,10636,10636,269,2020-07-04,1,131,0.00763358778625954,0.00546203860260702,1.15154128565325
Warren,2020-07-05T00:00:00.000,3,272,164,10800,10800,272,2020-07-05,3,164,0.0182926829268293,0.00575288246694545,3.46167552012851
Warren,2020-07-06T00:00:00.000,1,273,62,10862,10862,273,2020-07-06,1,62,0.0161290322580645,0.00603387719314804,1.15558674541251
Warren,2020-07-07T00:00:00.000,0,273,193,11055,11055,273,2020-07-07,0,193,0,0.00629955521532377,0
Warren,2020-07-08T00:00:00.000,0,273,133,11188,11188,273,2020-07-08,0,133,0,0.00654440215108802,0
Warren,2020-07-09T00:00:00.000,1,274,247,11435,11435,274,2020-07-09,1,247,0.00404858299595142,0.00676307478591189,1.16207959571756
Warren,2020-07-10T00:00:00.000,0,274,157,11592,11592,274,2020-07-10,0,157,0,0.00695063035970066,0
Warren,2020-07-11T00:00:00.000,3,277,264,11856,11856,277,2020-07-11,3,264,0.0113636363636364,0.00710275171403214,3.48702245271084
Warren,2020-07-12T00:00:00.000,3,280,219,12075,12075,280,2020-07-12,3,219,0.0136986301369863,0.00721595192091854,3.48370348514278
Warren,2020-07-13T00:00:00.000,0,280,77,12152,12152,280,2020-07-13,0,77,0,0.00728774274810175,0
Warren,2020-07-14T00:00:00.000,4,284,194,12346,12346,284,2020-07-14,4,194,0.0206185567010309,0.0073167537436005,4.62644155910218
Warren,2020-07-15T00:00:00.000,1,285,85,12431,12431,285,2020-07-15,1,85,0.0117647058823529,0.00730279263031448,1.15314388286137
Warren,2020-07-16T00:00:00.000,1,286,220,12651,12651,286,2020-07-16,1,220,0.00454545454545455,0.00724684264864926,1.14999867144797
Warren,2020-07-17T00:00:00.000,0,286,302,12953,12953,286,2020-07-17,0,302,0,0.00715099788495856,0
Warren,2020-07-18T00:00:00.000,1,287,192,13145,13145,287,2020-07-18,1,192,0.00520833333333333,0.00701834282111871,1.14883941057823
Warren,2020-07-19T00:00:00.000,0,287,135,13280,13280,287,2020-07-19,0,135,0,0.00685278672752588,0
Warren,2020-07-20T00:00:00.000,1,288,199,13479,13479,288,2020-07-20,1,199,0.0050251256281407,0.00665886662230383,1.14257419290928
Warren,2020-07-21T00:00:00.000,0,288,265,13744,13744,288,2020-07-21,0,265,0,0.00644153406111183,0
Warren,2020-07-22T00:00:00.000,2,290,215,13959,13959,290,2020-07-22,2,215,0.00930232558139535,0.00620594095508327,2.24530133770017
Warren,2020-07-23T00:00:00.000,2,292,234,14193,14193,292,2020-07-23,2,234,0.00854700854700855,0.00595723811194614,2.22022760836062
Warren,2020-07-24T00:00:00.000,1,293,340,14533,14533,293,2020-07-24,1,340,0.00294117647058824,0.00570039758575061,1.09635454335778
Warren,2020-07-25T00:00:00.000,1,294,375,14908,14908,294,2020-07-25,1,375,0.00266666666666667,0.00544006663999049,1.08569913702872
Warren,2020-07-26T00:00:00.000,0,294,268,15176,15176,294,2020-07-26,0,268,0,0.00518045762651921,0
Warren,2020-07-27T00:00:00.000,4,298,141,15317,15317,298,2020-07-27,4,141,0.0283687943262411,0.00492527476591321,4.30832265605804
Warren,2020-07-28T00:00:00.000,0,298,166,15483,15483,298,2020-07-28,0,166,0,0.00467767599589182,0
Warren,2020-07-29T00:00:00.000,0,298,129,15612,15612,298,2020-07-29,0,129,0,0.00444026592554726,0
Warren,2020-07-30T00:00:00.000,2,300,228,15840,15840,300,2020-07-30,2,228,0.0087719298245614,0.00421511456563749,2.1327149096816
Warren,2020-07-31T00:00:00.000,0,300,238,16078,16078,300,2020-07-31,0,238,0,0.00400379587041221,0
Warren,2020-08-01T00:00:00.000,0,300,159,16237,16237,300,2020-08-01,0,159,0,0.00380744011449006,0
Warren,2020-08-02T00:00:00.000,0,300,151,16388,16388,300,2020-08-02,0,151,0,0.00362679459338218,0
Warren,2020-08-03T00:00:00.000,2,302,353,16741,16741,302,2020-08-03,2,353,0.0056657223796034,0.00346228791387624,2.11654068941514
Warren,2020-08-04T00:00:00.000,2,304,201,16942,16942,304,2020-08-04,2,201,0.00995024875621891,0.00331409407898739,2.10944536691802
Warren,2020-08-05T00:00:00.000,0,304,108,17050,17050,304,2020-08-05,0,108,0,0.00318219354526981,0
Warren,2020-08-06T00:00:00.000,3,307,270,17320,17320,307,2020-08-06,3,270,0.0111111111111111,0.00306642934372651,3.14327389430214
Warren,2020-08-07T00:00:00.000,1,308,150,17470,17470,308,2020-08-07,1,150,0.00666666666666667,0.00296655714766091,1.04348674889587
Warren,2020-08-08T00:00:00.000,0,308,211,17681,17681,308,2020-08-08,0,211,0,0.00288228881196475,0
Warren,2020-08-09T00:00:00.000,4,312,206,17887,17887,312,2020-08-09,4,206,0.0194174757281553,0.0028133293895731,4.16030669538494
Warren,2020-08-10T00:00:00.000,0,312,148,18035,18035,312,2020-08-10,0,148,0,0.00275940796042387,0
Warren,2020-08-11T00:00:00.000,0,312,155,18190,18190,312,2020-08-11,0,155,0,0.00272030280590717,0
Warren,2020-08-12T00:00:00.000,0,312,322,18512,18512,312,2020-08-12,0,322,0,0.00269586154887586,0
Warren,2020-08-13T00:00:00.000,0,312,301,18813,18813,312,2020-08-13,0,301,0,0.00268601688021466,0
Warren,2020-08-14T00:00:00.000,0,312,283,19096,19096,312,2020-08-14,0,283,0,0.00269079842944319,0
Warren,2020-08-15T00:00:00.000,0,312,223,19319,19319,312,2020-08-15,0,223,0,0.00271034122727904,0
Warren,2020-08-16T00:00:00.000,0,312,188,19507,19507,312,2020-08-16,0,188,0,0.00274489106724414,0
Warren,2020-08-17T00:00:00.000,1,313,209,19716,19716,313,2020-08-17,1,209,0.00478468899521531,0.00279480691474104,1.03933893699355
Warren,2020-08-18T00:00:00.000,0,313,135,19851,19851,313,2020-08-18,0,135,0,0.00286056034333153,0
Warren,2020-08-19T00:00:00.000,0,313,174,20025,20025,313,2020-08-19,0,174,0,0.00294273180897698,0
Warren,2020-08-20T00:00:00.000,1,314,202,20227,20227,314,2020-08-20,1,202,0.00495049504950495,0.00304200341152568,1.0542403702446
Warren,2020-08-21T00:00:00.000,1,315,260,20487,20487,315,2020-08-21,1,260,0.00384615384615385,0.00315914764666311,1.05929242869839
Warren,2020-08-22T00:00:00.000,0,315,192,20679,20679,315,2020-08-22,0,192,0,0.00329501153196977,0
Warren,2020-08-23T00:00:00.000,0,315,147,20826,20826,315,2020-08-23,0,147,0,0.00345049541063047,0
Warren,2020-08-24T00:00:00.000,1,316,163,20989,20989,316,2020-08-24,1,163,0.00613496932515337,0.00362652570862122,1.07198128933274
Warren,2020-08-25T00:00:00.000,0,316,95,21084,21084,316,2020-08-25,0,95,0,0.00382402096599559,0
Warren,2020-08-26T00:00:00.000,2,318,172,21256,21256,318,2020-08-26,2,172,0.0116279069767442,0.00404385059559098,2.15819179475963
Warren,2020-08-27T00:00:00.000,2,320,180,21436,21436,320,2020-08-27,2,180,0.0111111111111111,0.00428678606311644,2.16865392085322
Warren,2020-08-28T00:00:00.000,1,321,353,21789,21789,321,2020-08-28,1,353,0.0028328611898017,0.00455344454407455,1.08952823799146
Warren,2020-08-29T00:00:00.000,0,321,155,21944,21944,321,2020-08-29,0,155,0,0.00484422560524393,0
Warren,2020-08-30T00:00:00.000,0,321,144,22088,22088,321,2020-08-30,0,144,0,0.00515924207668719,0
Warren,2020-08-31T00:00:00.000,1,322,158,22246,22246,322,2020-08-31,1,158,0.00632911392405063,0.00549824701029021,1.10995087671026
Warren,2020-09-01T00:00:00.000,0,322,281,22527,22527,322,2020-09-01,0,281,0,0.00586055942460613,0
Warren,2020-09-02T00:00:00.000,1,323,164,22691,22691,323,2020-09-02,1,164,0.00609756097560976,0.00624499235943336,1.13508828853715
Warren,2020-09-03T00:00:00.000,1,324,190,22881,22881,324,2020-09-03,1,190,0.00526315789473684,0.00664978752901965,1.15032627430187
Warren,2020-09-04T00:00:00.000,1,325,134,23015,23015,325,2020-09-04,1,134,0.00746268656716418,0.0070725614780628,1.16268793320907
Warren,2020-09-05T00:00:00.000,1,326,199,23214,23214,326,2020-09-05,1,199,0.0050251256281407,0.00751026850403965,1.17332697314318
Warren,2020-09-06T00:00:00.000,0,326,115,23329,23329,326,2020-09-06,0,115,0,0.00795918561196718,0
Warren,2020-09-07T00:00:00.000,5,331,203,23532,23532,331,2020-09-07,5,203,0.0246305418719212,0.00841492432449094,5.96361715194898
Warren,2020-09-08T00:00:00.000,0,331,203,23735,23735,331,2020-09-08,0,203,0,0.00887247322696703,0
Warren,2020-09-09T00:00:00.000,1,332,131,23866,23866,332,2020-09-09,1,131,0.00763358778625954,0.00932627367219555,1.20951740916537
Warren,2020-09-10T00:00:00.000,9,341,274,24140,24140,341,2020-09-10,9,274,0.0328467153284672,0.00977032915570419,10.9511417012074
Warren,2020-09-11T00:00:00.000,7,348,244,24384,24384,348,2020-09-11,7,244,0.0286885245901639,0.0101983466082496,8.59905494075071
Warren,2020-09-12T00:00:00.000,0,348,230,24614,24614,348,2020-09-12,0,230,0,0.0106039054143265,0
Warren,2020-09-13T00:00:00.000,0,348,188,24802,24802,348,2020-09-13,0,188,0,0.0109806475695457,0
Warren,2020-09-14T00:00:00.000,0,348,105,24907,24907,348,2020-09-14,0,105,0,0.0113224802813566,0
Warren,2020-09-15T00:00:00.000,3,351,174,25081,25081,351,2020-09-15,3,174,0.0172413793103448,0.0116237807304832,3.81127481587067
Warren,2020-09-16T00:00:00.000,1,352,177,25258,25258,352,2020-09-16,1,177,0.00564971751412429,0.0118795918480474,1.27854130888684
Warren,2020-09-17T00:00:00.000,2,354,230,25488,25488,354,2020-09-17,2,230,0.00869565217391304,0.0120857979571574,2.57084990637385
Warren,2020-09-18T00:00:00.000,2,356,221,25709,25709,356,2020-09-18,2,221,0.00904977375565611,0.0122392700251356,2.58187386942478
Warren,2020-09-19T00:00:00.000,4,360,314,26023,26023,360,2020-09-19,4,314,0.0127388535031847,0.0123379720246883,5.17977039551693
Warren,2020-09-20T00:00:00.000,3,363,196,26219,26219,363,2020-09-20,3,196,0.0153061224489796,0.0123810223591924,3.89115451292495
Warren,2020-09-21T00:00:00.000,0,363,547,26766,26766,363,2020-09-21,0,547,0,0.0123687072547137,0
Warren,2020-09-22T00:00:00.000,3,366,258,27024,27024,366,2020-09-22,3,258,0.0116279069767442,0.0123024461742647,3.88512040793884
Warren,2020-09-23T00:00:00.000,3,369,278,27302,27302,369,2020-09-23,3,278,0.0107913669064748,0.0121847123883169,3.87332837533677
Warren,2020-09-24T00:00:00.000,2,371,322,27624,27624,371,2020-09-24,2,322,0.0062111801242236,0.0120189145567992,2.58417278884779
Warren,2020-09-25T00:00:00.000,6,377,284,27908,27908,377,2020-09-25,6,284,0.0211267605633803,0.0118092473190183,7.73872427642922
Warren,2020-09-26T00:00:00.000,4,381,453,28361,28361,381,2020-09-26,4,453,0.00883002207505519,0.0115605202969504,5.14213487596204
Warren,2020-09-27T00:00:00.000,2,383,206,28567,28567,383,2020-09-27,2,206,0.00970873786407767,0.0112779755198879,2.55898808499065
Warren,2020-09-28T00:00:00.000,3,386,232,28799,28799,386,2020-09-28,3,232,0.0129310344827586,0.010967103093545,3.81271412909175
Warren,2020-09-29T00:00:00.000,5,391,283,29082,29082,391,2020-09-29,5,283,0.0176678445229682,0.0106334640567152,6.30191089044492
Warren,2020-09-30T00:00:00.000,0,391,344,29426,29426,391,2020-09-30,0,344,0,0.0102825279391326,0
Warren,2020-10-01T00:00:00.000,4,395,278,29704,29704,395,2020-10-01,4,278,0.0143884892086331,0.00991953074579972,4.93767292493661
Warren,2020-10-02T00:00:00.000,12,407,519,30223,30223,407,2020-10-02,12,519,0.023121387283237,0.00954935713594706,14.6685591470827
Warren,2020-10-03T00:00:00.000,6,413,269,30492,30492,413,2020-10-03,6,269,0.0223048327137546,0.00917644862406057,7.31873791237287
Warren,2020-10-04T00:00:00.000,3,416,182,30674,30674,416,2020-10-04,3,182,0.0164835164835165,0.00880473786110264,3.66382594141845
Warren,2020-10-05T00:00:00.000,3,419,296,30970,30970,419,2020-10-05,3,296,0.0101351351351351,0.00843760756739853,3.67058646820165
Warren,2020-10-06T00:00:00.000,6,425,411,31381,31381,425,2020-10-06,6,411,0.0145985401459854,0.00807787155481622,7.35406411402196
Warren,2020-10-07T00:00:00.000,2,427,356,31737,31737,427,2020-10-07,2,356,0.00561797752808989,0.0077277745206841,2.45544357007079
Warren,2020-10-08T00:00:00.000,2,429,463,32200,32200,429,2020-10-08,2,463,0.00431965442764579,0.00738900690889787,2.45932875923503
Warren,2020-10-09T00:00:00.000,0,429,361,32561,32561,429,2020-10-09,0,361,0,0.00706273107739474,0
Warren,2020-10-10T00:00:00.000,0,429,542,33103,33103,429,2020-10-10,0,542,0,0.00674961523285906,0
Warren,2020-10-11T00:00:00.000,1,430,234,33337,33337,430,2020-10-11,1,234,0.00427350427350427,0.00644987203202251,1.23491508681966
Washington,2020-03-01T00:00:00.000,0,0,0,0,0,0,2020-03-01,0,0,0,0.00588254398305528,0
Washington,2020-03-02T00:00:00.000,0,0,0,0,0,0,2020-03-02,0,0,0,0.00636149757557673,0
Washington,2020-03-03T00:00:00.000,0,0,0,0,0,0,2020-03-03,0,0,0,0.00687945739791819,0
Washington,2020-03-04T00:00:00.000,0,0,0,0,0,0,2020-03-04,0,0,0,0.00744006097408574,0
Washington,2020-03-05T00:00:00.000,0,0,0,0,0,0,2020-03-05,0,0,0,0.00804755341921079,0
Washington,2020-03-06T00:00:00.000,0,0,0,0,0,0,2020-03-06,0,0,0,0.00870687520868852,0
Washington,2020-03-07T00:00:00.000,0,0,0,0,0,0,2020-03-07,0,0,0,0.00942375666746238,0
Washington,2020-03-08T00:00:00.000,0,0,2,2,2,0,2020-03-08,0,2,0,0.0102048193535266,0
Washington,2020-03-09T00:00:00.000,0,0,0,2,2,0,2020-03-09,0,0,0,0.0110576844372202,0
Washington,2020-03-10T00:00:00.000,0,0,1,3,3,0,2020-03-10,0,1,0,0.011991087971717,0
Washington,2020-03-11T00:00:00.000,0,0,4,7,7,0,2020-03-11,0,4,0,0.0130150025625255,0
Washington,2020-03-12T00:00:00.000,0,0,0,7,7,0,2020-03-12,0,0,0,0.0141407643301175,0
Washington,2020-03-13T00:00:00.000,0,0,1,8,8,0,2020-03-13,0,1,0,0.015381203166889,0
Washington,2020-03-14T00:00:00.000,0,0,1,9,9,0,2020-03-14,0,1,0,0.0167507730641509,0
Washington,2020-03-15T00:00:00.000,0,0,5,14,14,0,2020-03-15,0,5,0,0.0182656776770432,0
Washington,2020-03-16T00:00:00.000,0,0,4,18,18,0,2020-03-16,0,4,0,0.0199439842547605,0
Washington,2020-03-17T00:00:00.000,1,1,9,27,27,1,2020-03-17,1,9,0.111111111111111,0.0218057165673687,1.31976608148105
Washington,2020-03-18T00:00:00.000,0,1,5,32,32,1,2020-03-18,0,5,0,0.0238729144995326,0
Washington,2020-03-19T00:00:00.000,0,1,8,40,40,1,2020-03-19,0,8,0,0.0261696446134285,0
Washington,2020-03-20T00:00:00.000,0,1,10,50,50,1,2020-03-20,0,10,0,0.028721942319054,0
Washington,2020-03-21T00:00:00.000,0,1,18,68,68,1,2020-03-21,0,18,0,0.0315576625639766,0
Washington,2020-03-22T00:00:00.000,2,3,52,120,120,3,2020-03-22,2,52,0.0384615384615385,0.0347062125167964,2.30206664337114
Washington,2020-03-23T00:00:00.000,0,3,7,127,127,3,2020-03-23,0,7,0,0.0381981370981939,0
Washington,2020-03-24T00:00:00.000,1,4,25,152,152,4,2020-03-24,1,25,0.04,0.0420645271062096,1.10379617884021
Washington,2020-03-25T00:00:00.000,0,4,18,170,170,4,2020-03-25,0,18,0,0.0463362209658139,0
Washington,2020-03-26T00:00:00.000,2,6,19,189,189,6,2020-03-26,2,19,0.105263157894737,0.0510427757988571,2.17089394026623
Washington,2020-03-27T00:00:00.000,0,6,40,229,229,6,2020-03-27,0,40,0,0.0562111925686606,0
Washington,2020-03-28T00:00:00.000,1,7,20,249,249,7,2020-03-28,1,20,0.05,0.0618643943469228,1.07679791109155
Washington,2020-03-29T00:00:00.000,0,7,10,259,259,7,2020-03-29,0,10,0,0.068019476716945,0
Washington,2020-03-30T00:00:00.000,3,10,7,266,266,10,2020-03-30,3,7,0.428571428571429,0.0746857746680123,3.29296336826199
Washington,2020-03-31T00:00:00.000,0,10,5,271,271,10,2020-03-31,0,5,0,0.0818628197592551,0
Washington,2020-04-01T00:00:00.000,2,12,9,280,280,12,2020-04-01,2,9,0.222222222222222,0.0895382922787589,2.24179525143214
Washington,2020-04-02T00:00:00.000,3,15,13,293,293,15,2020-04-02,3,13,0.230769230769231,0.0976861017869266,3.34876488178889
Washington,2020-04-03T00:00:00.000,1,16,9,302,302,16,2020-04-03,1,9,0.111111111111111,0.106264751,1.11302493504802
Washington,2020-04-04T00:00:00.000,2,18,15,317,317,18,2020-04-04,2,15,0.133333333333333,0.115216147305033,2.23951158818903
Washington,2020-04-05T00:00:00.000,1,19,2,319,319,19,2020-04-05,1,2,0.5,0.124465018802877,1.1256313337104
Washington,2020-04-06T00:00:00.000,0,19,13,332,332,19,2020-04-06,0,13,0,0.133919065018848,0
Washington,2020-04-07T00:00:00.000,1,20,27,359,359,20,2020-04-07,1,27,0.037037037037037,0.143469926600304,1.1560652341831
Washington,2020-04-08T00:00:00.000,5,25,24,383,383,25,2020-04-08,5,24,0.208333333333333,0.152994997274314,5.86282108712013
Washington,2020-04-09T00:00:00.000,1,26,14,397,397,26,2020-04-09,1,14,0.0714285714285714,0.16236003232298,1.18905496238329
Washington,2020-04-10T00:00:00.000,5,31,16,413,413,31,2020-04-10,5,16,0.3125,0.171422440420662,6.02682562484637
Washington,2020-04-11T00:00:00.000,3,34,18,431,431,34,2020-04-11,3,18,0.166666666666667,0.180035089873026,3.66711574273327
Washington,2020-04-12T00:00:00.000,3,37,15,446,446,37,2020-04-12,3,15,0.2,0.188050424509694,3.73321773415611
Washington,2020-04-13T00:00:00.000,3,40,36,482,482,40,2020-04-13,3,36,0.0833333333333333,0.195324673394898,3.79710661440454
Washington,2020-04-14T00:00:00.000,2,42,8,490,490,42,2020-04-14,2,8,0.25,0.20172195230036,2.57192837164303
Washington,2020-04-15T00:00:00.000,4,46,24,514,514,46,2020-04-15,4,24,0.166666666666667,0.207118088940037,5.21490911277822
Washington,2020-04-16T00:00:00.000,2,48,19,533,533,48,2020-04-16,2,19,0.105263157894737,0.21140405036142,2.63541883435578
Washington,2020-04-17T00:00:00.000,4,52,25,558,558,52,2020-04-17,4,25,0.16,0.214488899932695,5.32024010290031
Washington,2020-04-18T00:00:00.000,11,63,35,593,593,63,2020-04-18,11,35,0.314285714285714,0.216302253873924,14.7457324635934
Washington,2020-04-19T00:00:00.000,2,65,9,602,602,65,2020-04-19,2,9,0.222222222222222,0.216796236183708,2.69821975895726
Washington,2020-04-20T00:00:00.000,3,68,12,614,614,68,2020-04-20,3,12,0.25,0.215946942325892,4.0679269185423
Washington,2020-04-21T00:00:00.000,5,73,17,631,631,73,2020-04-21,5,17,0.294117647058824,0.213755416205711,6.80544380333294
Washington,2020-04-22T00:00:00.000,7,80,36,667,667,80,2020-04-22,7,36,0.194444444444444,0.210248125315123,9.5509614985653
Washington,2020-04-23T00:00:00.000,3,83,26,693,693,83,2020-04-23,3,26,0.115384615384615,0.205476892027358,4.09786291531128
Washington,2020-04-24T00:00:00.000,30,113,134,827,827,113,2020-04-24,30,134,0.223880597014925,0.199518213384076,40.9698096872316
Washington,2020-04-25T00:00:00.000,14,127,51,878,878,127,2020-04-25,14,51,0.274509803921569,0.192471886507491,19.0893227930718
Washington,2020-04-26T00:00:00.000,3,130,37,915,915,130,2020-04-26,3,37,0.0810810810810811,0.184458860388649,4.07774900792891
Washington,2020-04-27T00:00:00.000,1,131,13,928,928,131,2020-04-27,1,13,0.0769230769230769,0.175618262966361,1.35294004435854
Washington,2020-04-28T00:00:00.000,3,134,19,947,947,134,2020-04-28,3,19,0.157894736842105,0.16610360667131,4.03420105826746
Washington,2020-04-29T00:00:00.000,14,148,58,1005,1005,148,2020-04-29,14,58,0.241379310344828,0.156078251872556,18.7502995925805
Washington,2020-04-30T00:00:00.000,22,170,88,1093,1093,170,2020-04-30,22,88,0.25,0.145710296078128,29.4617335597442
Washington,2020-05-01T00:00:00.000,14,184,63,1156,1156,184,2020-05-01,14,63,0.222222222222222,0.135167142668254,18.7324367734331
Washington,2020-05-02T00:00:00.000,2,186,63,1219,1219,186,2020-05-02,2,63,0.0317460317460317,0.124610069605415,2.66893857758747
Washington,2020-05-03T00:00:00.000,2,188,31,1250,1250,188,2020-05-03,2,31,0.0645161290322581,0.114189150862496,2.65533927955732
Washington,2020-05-04T00:00:00.000,0,188,22,1272,1272,188,2020-05-04,0,22,0,0.104038871605102,0
Washington,2020-05-05T00:00:00.000,1,189,25,1297,1297,189,2020-05-05,1,25,0.04,0.0942747212395107,1.30610650485968
Washington,2020-05-06T00:00:00.000,1,190,20,1317,1317,190,2020-05-06,1,20,0.05,0.0849909542452513,1.2935786812724
Washington,2020-05-07T00:00:00.000,11,201,106,1423,1423,201,2020-05-07,11,106,0.10377358490566,0.0762595925928148,14.1311984200654
Washington,2020-05-08T00:00:00.000,3,204,86,1509,1509,204,2020-05-08,3,86,0.0348837209302326,0.0681306246446796,3.83758225225002
Washington,2020-05-09T00:00:00.000,2,206,60,1569,1569,206,2020-05-09,2,60,0.0333333333333333,0.0606332520475184,2.54611641126156
Washington,2020-05-10T00:00:00.000,4,210,39,1608,1608,210,2020-05-10,4,39,0.102564102564103,0.0537779618438565,5.06518326970392
Washington,2020-05-11T00:00:00.000,0,210,24,1632,1632,210,2020-05-11,0,24,0,0.0475591624684752,0
Washington,2020-05-12T00:00:00.000,4,214,66,1698,1698,214,2020-05-12,4,66,0.0606060606060606,0.0419581188505966,5.01640344248152
Washington,2020-05-13T00:00:00.000,1,215,77,1775,1775,215,2020-05-13,1,77,0.012987012987013,0.0369459472352453,1.25317447597746
Washington,2020-05-14T00:00:00.000,2,217,65,1840,1840,217,2020-05-14,2,65,0.0307692307692308,0.0324864750716319,2.51016463393711
Washington,2020-05-15T00:00:00.000,1,218,75,1915,1915,218,2020-05-15,1,75,0.0133333333333333,0.0285388252280254,1.25594880994621
Washington,2020-05-16T00:00:00.000,1,219,70,1985,1985,219,2020-05-16,1,70,0.0142857142857143,0.0250596380282914,1.25463687319705
Washington,2020-05-17T00:00:00.000,0,219,47,2032,2032,219,2020-05-17,0,47,0,0.0220048927724508,0
Washington,2020-05-18T00:00:00.000,1,220,41,2073,2073,220,2020-05-18,1,41,0.024390243902439,0.0193313288312779,1.24163960542862
Washington,2020-05-19T00:00:00.000,1,221,66,2139,2139,221,2020-05-19,1,66,0.0151515151515152,0.0169974938684518,1.23379233878338
Washington,2020-05-20T00:00:00.000,1,222,87,2226,2226,222,2020-05-20,1,87,0.0114942528735632,0.0149644637846601,1.22664352822469
Washington,2020-05-21T00:00:00.000,2,224,100,2326,2326,224,2020-05-21,2,100,0.02,0.0131962872393423,2.44290105891911
Washington,2020-05-22T00:00:00.000,1,225,70,2396,2396,225,2020-05-22,1,70,0.0142857142857143,0.0116602091722221,1.21532821204158
Washington,2020-05-23T00:00:00.000,1,226,213,2609,2609,226,2020-05-23,1,213,0.00469483568075117,0.0103267247238635,1.20821786818799
Washington,2020-05-24T00:00:00.000,2,228,51,2660,2660,228,2020-05-24,2,51,0.0392156862745098,0.00916950918080748,2.40030789966882
Washington,2020-05-25T00:00:00.000,0,228,106,2766,2766,228,2020-05-25,0,106,0,0.00816526249313516,0
Washington,2020-05-26T00:00:00.000,0,228,107,2873,2873,228,2020-05-26,0,107,0,0.00729349957622358,0
Washington,2020-05-27T00:00:00.000,3,231,293,3166,3166,231,2020-05-27,3,293,0.0102389078498294,0.0065363106857611,3.51855346574753
Washington,2020-05-28T00:00:00.000,1,232,340,3506,3506,232,2020-05-28,1,340,0.00294117647058824,0.00587811003211043,1.1638386397922
Washington,2020-05-29T00:00:00.000,3,235,240,3746,3746,235,2020-05-29,3,240,0.0125,0.00530538564078073,3.46295116905261
Washington,2020-05-30T00:00:00.000,0,235,222,3968,3968,235,2020-05-30,0,222,0,0.00480645929179721,0
Washington,2020-05-31T00:00:00.000,0,235,99,4067,4067,235,2020-05-31,0,99,0,0.0043712621132461,0
Washington,2020-06-01T00:00:00.000,2,237,81,4148,4148,237,2020-06-01,2,81,0.0246913580246914,0.00399112894865471,2.31472088356345
Washington,2020-06-02T00:00:00.000,1,238,270,4418,4418,238,2020-06-02,1,270,0.0037037037037037,0.00365861283096986,1.16011539987041
Washington,2020-06-03T00:00:00.000,0,238,354,4772,4772,238,2020-06-03,0,354,0,0.00336731964747289,0
Washington,2020-06-04T00:00:00.000,2,240,158,4930,4930,240,2020-06-04,2,158,0.0126582278481013,0.00311176225018266,2.31819847762565
Washington,2020-06-05T00:00:00.000,0,240,254,5184,5184,240,2020-06-05,0,254,0,0.00288723275214651,0
Washington,2020-06-06T00:00:00.000,0,240,243,5427,5427,240,2020-06-06,0,243,0,0.00268969146748609,0
Washington,2020-06-07T00:00:00.000,0,240,211,5638,5638,240,2020-06-07,0,211,0,0.00251567083421458,0
Washington,2020-06-08T00:00:00.000,0,240,32,5670,5670,240,2020-06-08,0,32,0,0.00236219265156845,0
Washington,2020-06-09T00:00:00.000,0,240,260,5930,5930,240,2020-06-09,0,260,0,0.00222669702868001,0
Washington,2020-06-10T00:00:00.000,1,241,230,6160,6160,241,2020-06-10,1,230,0.00434782608695652,0.00210698155021479,1.12762392524903
Washington,2020-06-11T00:00:00.000,1,242,368,6528,6528,242,2020-06-11,1,368,0.00271739130434783,0.0020011492962926,1.1206347029992
Washington,2020-06-12T00:00:00.000,0,242,238,6766,6766,242,2020-06-12,0,238,0,0.00190756449465334,0
Washington,2020-06-13T00:00:00.000,1,243,99,6865,6865,243,2020-06-13,1,99,0.0101010101010101,0.00182481472320542,1.1051886567517
Washington,2020-06-14T00:00:00.000,0,243,185,7050,7050,243,2020-06-14,0,185,0,0.00175167871476636,0
Washington,2020-06-15T00:00:00.000,0,243,67,7117,7117,243,2020-06-15,0,67,0,0.00168709893966465,0
Washington,2020-06-16T00:00:00.000,0,243,164,7281,7281,243,2020-06-16,0,164,0,0.00163015825409784,0
Washington,2020-06-17T00:00:00.000,0,243,171,7452,7452,243,2020-06-17,0,171,0,0.0015800600022948,0
Washington,2020-06-18T00:00:00.000,0,243,148,7600,7600,243,2020-06-18,0,148,0,0.00153611104878908,0
Washington,2020-06-19T00:00:00.000,1,244,206,7806,7806,244,2020-06-19,1,206,0.00485436893203883,0.00149770729409004,1.04756896855579
Washington,2020-06-20T00:00:00.000,0,244,121,7927,7927,244,2020-06-20,0,121,0,0.00146432129380355,0
Washington,2020-06-21T00:00:00.000,0,244,118,8045,8045,244,2020-06-21,0,118,0,0.00143549165870772,0
Washington,2020-06-22T00:00:00.000,0,244,35,8080,8080,244,2020-06-22,0,35,0,0.00141081396258883,0
Washington,2020-06-23T00:00:00.000,0,244,239,8319,8319,244,2020-06-23,0,239,0,0.00138993292676924,0
Washington,2020-06-24T00:00:00.000,1,245,185,8504,8504,245,2020-06-24,1,185,0.00540540540540541,0.00137253568625325,1.02159695611378
Washington,2020-06-25T00:00:00.000,0,245,109,8613,8613,245,2020-06-25,0,109,0,0.00135834597291858,0
Washington,2020-06-26T00:00:00.000,0,245,213,8826,8826,245,2020-06-26,0,213,0,0.00134711907740183,0
Washington,2020-06-27T00:00:00.000,1,246,193,9019,9019,246,2020-06-27,1,193,0.00518134715025907,0.00133863747338047,1.00913821432005
Washington,2020-06-28T00:00:00.000,0,246,157,9176,9176,246,2020-06-28,0,157,0,0.00133270700695064,0
Washington,2020-06-29T00:00:00.000,0,246,50,9226,9226,246,2020-06-29,0,50,0,0.00132915356992893,0
Washington,2020-06-30T00:00:00.000,0,246,172,9398,9398,246,2020-06-30,0,172,0,0.00132782018966248,0
Washington,2020-07-01T00:00:00.000,0,246,156,9554,9554,246,2020-07-01,0,156,0,0.0013285644797762,0
Washington,2020-07-02T00:00:00.000,0,246,86,9640,9640,246,2020-07-02,0,86,0,0.00133125640638173,0
Washington,2020-07-03T00:00:00.000,0,246,192,9832,9832,246,2020-07-03,0,192,0,0.00133577633288561,0
Washington,2020-07-04T00:00:00.000,0,246,79,9911,9911,246,2020-07-04,0,79,0,0.00134201331400522,0
Washington,2020-07-05T00:00:00.000,1,247,206,10117,10117,247,2020-07-05,1,206,0.00485436893203883,0.00134986361579869,0.998172363147799
Washington,2020-07-06T00:00:00.000,0,247,55,10172,10172,247,2020-07-06,0,55,0,0.00135922944385353,0
Washington,2020-07-07T00:00:00.000,0,247,196,10368,10368,247,2020-07-07,0,196,0,0.00137001786613713,0
Washington,2020-07-08T00:00:00.000,1,248,160,10528,10528,248,2020-07-08,1,160,0.00625,0.00138213992050846,0.993558657194454
Washington,2020-07-09T00:00:00.000,1,249,242,10770,10770,249,2020-07-09,1,242,0.00413223140495868,0.00139550989965258,0.99241826556487
Washington,2020-07-10T00:00:00.000,0,249,176,10946,10946,249,2020-07-10,0,176,0,0.00141004480807908,0
Washington,2020-07-11T00:00:00.000,0,249,153,11099,11099,249,2020-07-11,0,153,0,0.00142566398703737,0
Washington,2020-07-12T00:00:00.000,0,249,148,11247,11247,249,2020-07-12,0,148,0,0.00144228890367736,0
Washington,2020-07-13T00:00:00.000,1,250,111,11358,11358,250,2020-07-13,1,111,0.00900900900900901,0.00145984310047696,0.987128300729893
Washington,2020-07-14T00:00:00.000,0,250,178,11536,11536,250,2020-07-14,0,178,0,0.00147825230018993,0
Washington,2020-07-15T00:00:00.000,0,250,95,11631,11631,250,2020-07-15,0,95,0,0.00149744465998715,0
Washington,2020-07-16T00:00:00.000,0,250,196,11827,11827,250,2020-07-16,0,196,0,0.00151735116661835,0
Washington,2020-07-17T00:00:00.000,0,250,247,12074,12074,250,2020-07-17,0,247,0,0.00153790616201149,0
Washington,2020-07-18T00:00:00.000,0,250,135,12209,12209,250,2020-07-18,0,135,0,0.0015590479861693,0
Washington,2020-07-19T00:00:00.000,0,250,115,12324,12324,250,2020-07-19,0,115,0,0.00158071972150433,0
Washington,2020-07-20T00:00:00.000,0,250,140,12464,12464,250,2020-07-20,0,140,0,0.00160287002014228,0
Washington,2020-07-21T00:00:00.000,1,251,329,12793,12793,251,2020-07-21,1,329,0.00303951367781155,0.00162545399322309,0.987759082933257
Washington,2020-07-22T00:00:00.000,1,252,250,13043,13043,252,2020-07-22,1,250,0.004,0.00164843413934498,0.98326603039848
Washington,2020-07-23T00:00:00.000,0,252,219,13262,13262,252,2020-07-23,0,219,0,0.00167178128764807,0
Washington,2020-07-24T00:00:00.000,0,252,275,13537,13537,252,2020-07-24,0,275,0,0.00169547553037742,0
Washington,2020-07-25T00:00:00.000,1,253,300,13837,13837,253,2020-07-25,1,300,0.00333333333333333,0.00171950711963801,0.967585760623593
Washington,2020-07-26T00:00:00.000,1,254,271,14108,14108,254,2020-07-26,1,271,0.003690036900369,0.00174387730384401,0.970293140276796
Washington,2020-07-27T00:00:00.000,0,254,96,14204,14204,254,2020-07-27,0,96,0,0.00176859908097537,0
Washington,2020-07-28T00:00:00.000,0,254,142,14346,14346,254,2020-07-28,0,142,0,0.00179369784807553,0
Washington,2020-07-29T00:00:00.000,0,254,144,14490,14490,254,2020-07-29,0,144,0,0.00181921192936257,0
Washington,2020-07-30T00:00:00.000,0,254,249,14739,14739,254,2020-07-30,0,249,0,0.00184519296891472,0
Washington,2020-07-31T00:00:00.000,1,255,261,15000,15000,255,2020-07-31,1,261,0.00383141762452107,0.0018717061774772,0.987122270131376
Washington,2020-08-01T00:00:00.000,0,255,96,15096,15096,255,2020-08-01,0,96,0,0.00189883042692739,0
Washington,2020-08-02T00:00:00.000,0,255,106,15202,15202,255,2020-08-02,0,106,0,0.00192665818948744,0
Washington,2020-08-03T00:00:00.000,0,255,211,15413,15413,255,2020-08-03,0,211,0,0.00195529532202899,0
Washington,2020-08-04T00:00:00.000,0,255,90,15503,15503,255,2020-08-04,0,90,0,0.00198486069849145,0
Washington,2020-08-05T00:00:00.000,1,256,74,15577,15577,256,2020-08-05,1,74,0.0135135135135135,0.00201548569525749,1.0043758496508
Washington,2020-08-06T00:00:00.000,0,256,260,15837,15837,256,2020-08-06,0,260,0,0.00204731353513809,0
Washington,2020-08-07T00:00:00.000,1,257,84,15921,15921,257,2020-08-07,1,84,0.0119047619047619,0.00208049849562959,1.00711347571382
Washington,2020-08-08T00:00:00.000,2,259,105,16026,16026,259,2020-08-08,2,105,0.019047619047619,0.00211520498584083,2.01926568362514
Washington,2020-08-09T00:00:00.000,1,260,122,16148,16148,260,2020-08-09,1,122,0.00819672131147541,0.0021516064942734,1.01255723870085
Washington,2020-08-10T00:00:00.000,0,260,145,16293,16293,260,2020-08-10,0,145,0,0.00218988440666874,0
Washington,2020-08-11T00:00:00.000,0,260,200,16493,16493,260,2020-08-11,0,200,0,0.00223022668913362,0
Washington,2020-08-12T00:00:00.000,0,260,239,16732,16732,260,2020-08-12,0,239,0,0.00227282642741733,0
Washington,2020-08-13T00:00:00.000,0,260,224,16956,16956,260,2020-08-13,0,224,0,0.00231788020853297,0
Washington,2020-08-14T00:00:00.000,1,261,242,17198,17198,261,2020-08-14,1,242,0.00413223140495868,0.00236558632617336,1.01875730894119
Washington,2020-08-15T00:00:00.000,0,261,202,17400,17400,261,2020-08-15,0,202,0,0.00241614278698382,0
Washington,2020-08-16T00:00:00.000,0,261,144,17544,17544,261,2020-08-16,0,144,0,0.00246974509128222,0
Washington,2020-08-17T00:00:00.000,1,262,180,17724,17724,262,2020-08-17,1,180,0.00555555555555556,0.00252658375907315,1.02890525841479
Washington,2020-08-18T00:00:00.000,0,262,140,17864,17864,262,2020-08-18,0,140,0,0.00258684157142507,0
Washington,2020-08-19T00:00:00.000,2,264,183,18047,18047,264,2020-08-19,2,183,0.0109289617486339,0.00265069049829553,2.07656809221767
Washington,2020-08-20T00:00:00.000,0,264,260,18307,18307,264,2020-08-20,0,260,0,0.00271828828728154,0
Washington,2020-08-21T00:00:00.000,2,266,275,18582,18582,266,2020-08-21,2,275,0.00727272727272727,0.00278977469429443,2.0924051704363
Washington,2020-08-22T00:00:00.000,0,266,235,18817,18817,266,2020-08-22,0,235,0,0.0028652673469435,0
Washington,2020-08-23T00:00:00.000,0,266,168,18985,18985,266,2020-08-23,0,168,0,0.00294485724458541,0
Washington,2020-08-24T00:00:00.000,0,266,194,19179,19179,266,2020-08-24,0,194,0,0.0030286039166994,0
Washington,2020-08-25T00:00:00.000,0,266,119,19298,19298,266,2020-08-25,0,119,0,0.00311653028230603,0
Washington,2020-08-26T00:00:00.000,0,266,164,19462,19462,266,2020-08-26,0,164,0,0.00320861727865586,0
Washington,2020-08-27T00:00:00.000,1,267,137,19599,19599,267,2020-08-27,1,137,0.0072992700729927,0.00330479835605037,1.05648070971806
Washington,2020-08-28T00:00:00.000,0,267,257,19856,19856,267,2020-08-28,0,257,0,0.00340495396735282,0
Washington,2020-08-29T00:00:00.000,0,267,204,20060,20060,267,2020-08-29,0,204,0,0.00350890621366785,0
Washington,2020-08-30T00:00:00.000,0,267,122,20182,20182,267,2020-08-30,0,122,0,0.00361641384111098,0
Washington,2020-08-31T00:00:00.000,1,268,111,20293,20293,268,2020-08-31,1,111,0.00900900900900901,0.00372716781445199,1.06762621373899
Washington,2020-09-01T00:00:00.000,0,268,408,20701,20701,268,2020-09-01,0,408,0,0.0038407877202231,0
Washington,2020-09-02T00:00:00.000,0,268,176,20877,20877,268,2020-09-02,0,176,0,0.00395681927108942,0
Washington,2020-09-03T00:00:00.000,1,269,189,21066,21066,269,2020-09-03,1,189,0.00529100529100529,0.0040747331924441,1.09534310883184
Washington,2020-09-04T00:00:00.000,0,269,138,21204,21204,269,2020-09-04,0,138,0,0.00419392576774602,0
Washington,2020-09-05T00:00:00.000,1,270,173,21377,21377,270,2020-09-05,1,173,0.00578034682080925,0.00431372129903999,1.11004022423169
Washington,2020-09-06T00:00:00.000,0,270,117,21494,21494,270,2020-09-06,0,117,0,0.0044333767006084,0
Washington,2020-09-07T00:00:00.000,1,271,105,21599,21599,271,2020-09-07,1,105,0.00952380952380952,0.00455208838618688,1.12164596392881
Washington,2020-09-08T00:00:00.000,1,272,321,21920,21920,272,2020-09-08,1,321,0.00311526479750779,0.00466900153315806,1.12676605708931
Washington,2020-09-09T00:00:00.000,0,272,92,22012,22012,272,2020-09-09,0,92,0,0.00478322171301436,0
Washington,2020-09-10T00:00:00.000,3,275,246,22258,22258,275,2020-09-10,3,246,0.0121951219512195,0.0048938287683502,3.40652908453969
Washington,2020-09-11T00:00:00.000,8,283,230,22488,22488,283,2020-09-11,8,230,0.0347826086956522,0.00499989269903554,9.15136257447859
Washington,2020-09-12T00:00:00.000,1,284,149,22637,22637,284,2020-09-12,1,149,0.00671140939597315,0.00510049119950751,1.15256659468276
Washington,2020-09-13T00:00:00.000,0,284,184,22821,22821,284,2020-09-13,0,184,0,0.00519472837401546,0
Washington,2020-09-14T00:00:00.000,0,284,117,22938,22938,284,2020-09-14,0,117,0,0.00528175405490967,0
Washington,2020-09-15T00:00:00.000,2,286,249,23187,23187,286,2020-09-15,2,249,0.00803212851405622,0.00536078307001546,2.35161969369708
Washington,2020-09-16T00:00:00.000,1,287,191,23378,23378,287,2020-09-16,1,191,0.00523560209424084,0.00543111375554889,1.18228860091322
Washington,2020-09-17T00:00:00.000,0,287,210,23588,23588,287,2020-09-17,0,210,0,0.00549214499763091,0
Washington,2020-09-18T00:00:00.000,0,287,185,23773,23773,287,2020-09-18,0,185,0,0.00554339111161301,0
Washington,2020-09-19T00:00:00.000,0,287,214,23987,23987,287,2020-09-19,0,214,0,0.00558449393453654,0
Washington,2020-09-20T00:00:00.000,0,287,110,24097,24097,287,2020-09-20,0,110,0,0.00561523161074025,0
Washington,2020-09-21T00:00:00.000,1,288,356,24453,24453,288,2020-09-21,1,356,0.00280898876404494,0.00563552368630611,1.19894786268778
Washington,2020-09-22T00:00:00.000,1,289,193,24646,24646,289,2020-09-22,1,193,0.00518134715025907,0.00564543228892189,1.19799167815962
Washington,2020-09-23T00:00:00.000,5,294,295,24941,24941,294,2020-09-23,5,295,0.0169491525423729,0.00564515934257158,5.97749414368361
Washington,2020-09-24T00:00:00.000,0,294,215,25156,25156,294,2020-09-24,0,215,0,0.00563503994167586,0
Washington,2020-09-25T00:00:00.000,2,296,311,25467,25467,296,2020-09-25,2,311,0.00643086816720257,0.00561553217422985,2.39477650626739
Washington,2020-09-26T00:00:00.000,0,296,274,25741,25741,296,2020-09-26,0,274,0,0.00558720382697873,0
Washington,2020-09-27T00:00:00.000,3,299,165,25906,25906,299,2020-09-27,3,165,0.0181818181818182,0.00555071651975483,3.57578429709096
Washington,2020-09-28T00:00:00.000,2,301,313,26219,26219,301,2020-09-28,2,313,0.00638977635782748,0.00550680789384555,2.37259595038154
Washington,2020-09-29T00:00:00.000,1,302,243,26462,26462,302,2020-09-29,1,243,0.00411522633744856,0.00545627251740763,1.17902871446138
Washington,2020-09-30T00:00:00.000,0,302,335,26797,26797,302,2020-09-30,0,335,0,0.00539994217033493,0
Washington,2020-10-01T00:00:00.000,3,305,248,27045,27045,305,2020-10-01,3,248,0.0120967741935484,0.00533866613348746,3.48078938107162
Washington,2020-10-02T00:00:00.000,2,307,345,27390,27390,307,2020-10-02,2,345,0.00579710144927536,0.00527329203909859,2.30381167469527
Washington,2020-10-03T00:00:00.000,0,307,387,27777,27777,307,2020-10-03,0,387,0,0.00520464774759799,0
Washington,2020-10-04T00:00:00.000,0,307,128,27905,27905,307,2020-10-04,0,128,0,0.00513352460890465,0
Washington,2020-10-05T00:00:00.000,3,310,324,28229,28229,310,2020-10-05,3,324,0.00925925925925926,0.00506066235257092,3.48766098571307
Washington,2020-10-06T00:00:00.000,1,311,226,28455,28455,311,2020-10-06,1,226,0.00442477876106195,0.00498673573900623,1.16796035797893
Washington,2020-10-07T00:00:00.000,3,314,271,28726,28726,314,2020-10-07,3,271,0.011070110701107,0.00491234300040203,3.52001602831994
Washington,2020-10-08T00:00:00.000,3,317,423,29149,29149,317,2020-10-08,3,423,0.00709219858156028,0.00483799601123016,3.53602877761556
Washington,2020-10-09T00:00:00.000,0,317,256,29405,29405,317,2020-10-09,0,256,0,0.0047641120587084,0
Washington,2020-10-10T00:00:00.000,0,317,294,29699,29699,317,2020-10-10,0,294,0,0.00469100703648195,0
Washington,2020-10-11T00:00:00.000,1,318,168,29867,29867,318,2020-10-11,1,168,0.00595238095238095,0.00461888986230177,1.19436136712104
Wayne,2020-03-01T00:00:00.000,0,0,0,0,0,0,2020-03-01,0,0,0,0.00413109409838678,0
Wayne,2020-03-02T00:00:00.000,0,0,0,0,0,0,2020-03-02,0,0,0,0.00485135203959168,0
Wayne,2020-03-03T00:00:00.000,0,0,0,0,0,0,2020-03-03,0,0,0,0.00569570196758247,0
Wayne,2020-03-04T00:00:00.000,0,0,0,0,0,0,2020-03-04,0,0,0,0.00668365923787313,0
Wayne,2020-03-05T00:00:00.000,0,0,0,0,0,0,2020-03-05,0,0,0,0.00783645490630403,0
Wayne,2020-03-06T00:00:00.000,0,0,0,0,0,0,2020-03-06,0,0,0,0.0091766659177539,0
Wayne,2020-03-07T00:00:00.000,0,0,0,0,0,0,2020-03-07,0,0,0,0.0107276287452402,0
Wayne,2020-03-08T00:00:00.000,0,0,0,0,0,0,2020-03-08,0,0,0,0.0125126013837145,0
Wayne,2020-03-09T00:00:00.000,0,0,0,0,0,0,2020-03-09,0,0,0,0.0145536517774577,0
Wayne,2020-03-10T00:00:00.000,0,0,0,0,0,0,2020-03-10,0,0,0,0.0168702726892617,0
Wayne,2020-03-11T00:00:00.000,0,0,0,0,0,0,2020-03-11,0,0,0,0.0194777540075822,0
Wayne,2020-03-12T00:00:00.000,0,0,0,0,0,0,2020-03-12,0,0,0,0.0223853820754135,0
Wayne,2020-03-13T00:00:00.000,0,0,2,2,2,0,2020-03-13,0,2,0,0.0255945781534504,0
Wayne,2020-03-14T00:00:00.000,0,0,1,3,3,0,2020-03-14,0,1,0,0.0290971285999014,0
Wayne,2020-03-15T00:00:00.000,0,0,3,6,6,0,2020-03-15,0,3,0,0.0328736899203522,0
Wayne,2020-03-16T00:00:00.000,0,0,3,9,9,0,2020-03-16,0,3,0,0.0368927641978626,0
Wayne,2020-03-17T00:00:00.000,0,0,10,19,19,0,2020-03-17,0,10,0,0.0411103275311903,0
Wayne,2020-03-18T00:00:00.000,1,1,15,34,34,1,2020-03-18,1,15,0.0666666666666667,0.0454702526354038,1.36563683889446
Wayne,2020-03-19T00:00:00.000,0,1,21,55,55,1,2020-03-19,0,21,0,0.0499055984394925,0
Wayne,2020-03-20T00:00:00.000,2,3,13,68,68,3,2020-03-20,2,13,0.153846153846154,0.0543407521187993,2.57995037911946
Wayne,2020-03-21T00:00:00.000,0,3,9,77,77,3,2020-03-21,0,9,0,0.0586943149642515,0
Wayne,2020-03-22T00:00:00.000,3,6,14,91,91,6,2020-03-22,3,14,0.214285714285714,0.0628825377816142,3.66455660909523
Wayne,2020-03-23T00:00:00.000,0,6,17,108,108,6,2020-03-23,0,17,0,0.0668230479684964,0
Wayne,2020-03-24T00:00:00.000,1,7,15,123,123,7,2020-03-24,1,15,0.0666666666666667,0.0704385788259034,1.16219323649822
Wayne,2020-03-25T00:00:00.000,1,8,37,160,160,8,2020-03-25,1,37,0.027027027027027,0.0736604155437363,1.14539074770844
Wayne,2020-03-26T00:00:00.000,3,11,27,187,187,11,2020-03-26,3,27,0.111111111111111,0.0764313087714245,3.39049857865389
Wayne,2020-03-27T00:00:00.000,1,12,32,219,219,12,2020-03-27,1,32,0.03125,0.078707667717625,1.11609243183465
Wayne,2020-03-28T00:00:00.000,0,12,13,232,232,12,2020-03-28,0,13,0,0.0804609195655274,0
Wayne,2020-03-29T00:00:00.000,3,15,24,256,256,15,2020-03-29,3,24,0.125,0.0816779996319723,3.31363672393709
Wayne,2020-03-30T00:00:00.000,4,19,28,284,284,19,2020-03-30,4,28,0.142857142857143,0.0823610080614988,4.43377869805146
Wayne,2020-03-31T00:00:00.000,5,24,33,317,317,24,2020-03-31,5,33,0.151515151515152,0.0825261274764985,5.55410492816021
Wayne,2020-04-01T00:00:00.000,3,27,28,345,345,27,2020-04-01,3,28,0.107142857142857,0.082201938620039,3.33406858354528
Wayne,2020-04-02T00:00:00.000,3,30,28,373,373,30,2020-04-02,3,28,0.107142857142857,0.0814272966900491,3.2883526071156
Wayne,2020-04-03T00:00:00.000,0,30,35,408,408,30,2020-04-03,0,35,0,0.0802489406879385,0
Wayne,2020-04-04T00:00:00.000,2,32,24,432,432,32,2020-04-04,2,24,0.0833333333333333,0.0787190036044034,2.15580729881455
Wayne,2020-04-05T00:00:00.000,2,34,15,447,447,34,2020-04-05,2,15,0.133333333333333,0.076892575270413,2.14540791867419
Wayne,2020-04-06T00:00:00.000,1,35,31,478,478,35,2020-04-06,1,31,0.032258064516129,0.0748254450717233,1.07507262346899
Wayne,2020-04-07T00:00:00.000,4,39,46,524,524,39,2020-04-07,4,46,0.0869565217391304,0.0725721215146246,4.31959695812026
Wayne,2020-04-08T00:00:00.000,0,39,34,558,558,39,2020-04-08,0,34,0,0.0701841929721861,0
Wayne,2020-04-09T00:00:00.000,2,41,34,592,592,41,2020-04-09,2,34,0.0588235294117647,0.0677090617151557,2.17895716139884
Wayne,2020-04-10T00:00:00.000,1,42,17,609,609,42,2020-04-10,1,17,0.0588235294117647,0.0651890540805444,1.09428216847523
Wayne,2020-04-11T00:00:00.000,0,42,7,616,616,42,2020-04-11,0,7,0,0.062660885400707,0
Wayne,2020-04-12T00:00:00.000,0,42,8,624,624,42,2020-04-12,0,8,0,0.0601554401640974,0
Wayne,2020-04-13T00:00:00.000,6,48,39,663,663,48,2020-04-13,6,39,0.153846153846154,0.057697816412974,6.72237931316524
Wayne,2020-04-14T00:00:00.000,0,48,20,683,683,48,2020-04-14,0,20,0,0.0553075781038518,0
Wayne,2020-04-15T00:00:00.000,1,49,12,695,695,49,2020-04-15,1,12,0.0833333333333333,0.0529991593432148,1.13760593079706
Wayne,2020-04-16T00:00:00.000,0,49,7,702,702,49,2020-04-16,0,7,0,0.0507823686836624,0
Wayne,2020-04-17T00:00:00.000,0,49,7,709,709,49,2020-04-17,0,7,0,0.0486629487696296,0
Wayne,2020-04-18T00:00:00.000,1,50,6,715,715,50,2020-04-18,1,6,0.166666666666667,0.0466431551693326,1.14986366967348
Wayne,2020-04-19T00:00:00.000,0,50,2,717,717,50,2020-04-19,0,2,0,0.0447223271234928,0
Wayne,2020-04-20T00:00:00.000,1,51,8,725,725,51,2020-04-20,1,8,0.125,0.0428974313576161,1.15361344844484
Wayne,2020-04-21T00:00:00.000,1,52,16,741,741,52,2020-04-21,1,16,0.0625,0.0411635673997846,1.15437266821062
Wayne,2020-04-22T00:00:00.000,1,53,13,754,754,53,2020-04-22,1,13,0.0769230769230769,0.0395144287699045,1.15438695903186
Wayne,2020-04-23T00:00:00.000,0,53,12,766,766,53,2020-04-23,0,12,0,0.0379427188038763,0
Wayne,2020-04-24T00:00:00.000,12,65,257,1023,1023,65,2020-04-24,12,257,0.0466926070038911,0.0364405227845347,13.8256049431587
Wayne,2020-04-25T00:00:00.000,0,65,36,1059,1059,65,2020-04-25,0,36,0,0.0349996396604738,0
Wayne,2020-04-26T00:00:00.000,4,69,28,1087,1087,69,2020-04-26,4,28,0.142857142857143,0.0336118770881583,4.58583634416016
Wayne,2020-04-27T00:00:00.000,1,70,53,1140,1140,70,2020-04-27,1,53,0.0188679245283019,0.0322693131442595,1.14209059625722
Wayne,2020-04-28T00:00:00.000,0,70,45,1185,1185,70,2020-04-28,0,45,0,0.0309645270164171,0
Wayne,2020-04-29T00:00:00.000,1,71,54,1239,1239,71,2020-04-29,1,54,0.0185185185185185,0.029690799613416,1.13450947101663
Wayne,2020-04-30T00:00:00.000,0,71,56,1295,1295,71,2020-04-30,0,56,0,0.0284422835586403,0
Wayne,2020-05-01T00:00:00.000,2,73,43,1338,1338,73,2020-05-01,2,43,0.0465116279069767,0.0272141406963171,2.27975714054855
Wayne,2020-05-02T00:00:00.000,2,75,86,1424,1424,75,2020-05-02,2,86,0.0232558139534884,0.0260026442880237,2.28183909550694
Wayne,2020-05-03T00:00:00.000,1,76,88,1512,1512,76,2020-05-03,1,88,0.0113636363636364,0.024805242650889,1.139677273075
Wayne,2020-05-04T00:00:00.000,2,78,66,1578,1578,78,2020-05-04,2,66,0.0303030303030303,0.0236205812360004,2.2728144757208
Wayne,2020-05-05T00:00:00.000,0,78,93,1671,1671,78,2020-05-05,0,93,0,0.0224484811076499,0
Wayne,2020-05-06T00:00:00.000,0,78,93,1764,1764,78,2020-05-06,0,93,0,0.0212898733954383,0
Wayne,2020-05-07T00:00:00.000,1,79,95,1859,1859,79,2020-05-07,1,95,0.0105263157894737,0.020146691459568,1.12454602502741
Wayne,2020-05-08T00:00:00.000,0,79,63,1922,1922,79,2020-05-08,0,63,0,0.0190217249756396,0
Wayne,2020-05-09T00:00:00.000,1,80,101,2023,2023,80,2020-05-09,1,101,0.0099009900990099,0.0179184426535223,1.12695662358907
Wayne,2020-05-10T00:00:00.000,1,81,72,2095,2095,81,2020-05-10,1,72,0.0138888888888889,0.0168407925411035,1.12748556690704
Wayne,2020-05-11T00:00:00.000,2,83,64,2159,2159,83,2020-05-11,2,64,0.03125,0.0157929905309873,2.25498806305753
Wayne,2020-05-12T00:00:00.000,1,84,168,2327,2327,84,2020-05-12,1,168,0.00595238095238095,0.0147793085522924,1.12983825828016
Wayne,2020-05-13T00:00:00.000,5,89,120,2447,2447,89,2020-05-13,5,120,0.0416666666666667,0.0138038738574268,5.67838667362952
Wayne,2020-05-14T00:00:00.000,2,91,110,2557,2557,91,2020-05-14,2,110,0.0181818181818182,0.0128704897824614,2.2881866884628
Wayne,2020-05-15T00:00:00.000,1,92,86,2643,2643,92,2020-05-15,1,86,0.0116279069767442,0.0119824864737137,1.15155059566743
Wayne,2020-05-16T00:00:00.000,4,96,118,2761,2761,96,2020-05-16,4,118,0.0338983050847458,0.0111426075576644,4.6278496655324
Wayne,2020-05-17T00:00:00.000,1,97,114,2875,2875,97,2020-05-17,1,114,0.0087719298245614,0.0103529358568328,1.15796919825714
Wayne,2020-05-18T00:00:00.000,1,98,128,3003,3003,98,2020-05-18,1,128,0.0078125,0.00961485835624142,1.15788032768596
Wayne,2020-05-19T00:00:00.000,5,103,187,3190,3190,103,2020-05-19,5,187,0.0267379679144385,0.00892906797643529,5.78434512124845
Wayne,2020-05-20T00:00:00.000,0,103,155,3345,3345,103,2020-05-20,0,155,0,0.0082955975724171,0
Wayne,2020-05-21T00:00:00.000,1,104,104,3449,3449,104,2020-05-21,1,104,0.00961538461538462,0.00771388007924864,1.15759860403299
Wayne,2020-05-22T00:00:00.000,3,107,163,3612,3612,107,2020-05-22,3,163,0.0184049079754601,0.00718282793711036,3.47355153341687
Wayne,2020-05-23T00:00:00.000,1,108,107,3719,3719,108,2020-05-23,1,107,0.00934579439252336,0.00670092481014251,1.15707755340038
Wayne,2020-05-24T00:00:00.000,1,109,106,3825,3825,109,2020-05-24,1,106,0.00943396226415094,0.00626632305808622,1.15532355495772
Wayne,2020-05-25T00:00:00.000,1,110,170,3995,3995,110,2020-05-25,1,170,0.00588235294117647,0.00587694128934464,1.15240264915801
Wayne,2020-05-26T00:00:00.000,0,110,339,4334,4334,110,2020-05-26,0,339,0,0.00553055744153945,0
Wayne,2020-05-27T00:00:00.000,2,112,303,4637,4637,112,2020-05-27,2,303,0.0066006600660066,0.00522489405864351,2.29375683554615
Wayne,2020-05-28T00:00:00.000,1,113,290,4927,4927,113,2020-05-28,1,290,0.00344827586206897,0.00495769361788952,1.14418689457545
Wayne,2020-05-29T00:00:00.000,0,113,299,5226,5226,113,2020-05-29,0,299,0,0.0047267828151534,0
Wayne,2020-05-30T00:00:00.000,2,115,284,5510,5510,115,2020-05-30,2,284,0.00704225352112676,0.00453012557871103,2.28925898560802
Wayne,2020-05-31T00:00:00.000,1,116,228,5738,5738,116,2020-05-31,1,228,0.0043859649122807,0.00436586522117245,1.15381948692657
Wayne,2020-06-01T00:00:00.000,0,116,216,5954,5954,116,2020-06-01,0,216,0,0.00423235655388379,0
Wayne,2020-06-02T00:00:00.000,4,120,396,6350,6350,120,2020-06-02,4,396,0.0101010101010101,0.00412818899754027,4.6968370698614
Wayne,2020-06-03T00:00:00.000,1,121,468,6818,6818,121,2020-06-03,1,468,0.00213675213675214,0.00405220175076396,1.18384238937179
Wayne,2020-06-04T00:00:00.000,1,122,323,7141,7141,122,2020-06-04,1,323,0.00309597523219814,0.00400349195872889,1.18867704480235
Wayne,2020-06-05T00:00:00.000,1,123,409,7550,7550,123,2020-06-05,1,409,0.00244498777506112,0.00398141659093673,1.19282968111474
Wayne,2020-06-06T00:00:00.000,1,124,362,7912,7912,124,2020-06-06,1,362,0.00276243093922652,0.00398558841745286,1.19676658202406
Wayne,2020-06-07T00:00:00.000,1,125,322,8234,8234,125,2020-06-07,1,322,0.0031055900621118,0.00401586609612874,1.20047440482538
Wayne,2020-06-08T00:00:00.000,1,126,362,8596,8596,126,2020-06-08,1,362,0.00276243093922652,0.00407233797531395,1.2039357652079
Wayne,2020-06-09T00:00:00.000,0,126,388,8984,8984,126,2020-06-09,0,388,0,0.00415529880381077,0
Wayne,2020-06-10T00:00:00.000,1,127,509,9493,9493,127,2020-06-10,1,509,0.00196463654223969,0.00426521815164576,1.21001940048493
Wayne,2020-06-11T00:00:00.000,2,129,460,9953,9953,129,2020-06-11,2,460,0.00434782608695652,0.00440269902184978,2.42514669364862
Wayne,2020-06-12T00:00:00.000,2,131,348,10301,10301,131,2020-06-12,2,348,0.00574712643678161,0.00456842492163969,2.42948655904327
Wayne,2020-06-13T00:00:00.000,2,133,363,10664,10664,133,2020-06-13,2,363,0.00550964187327824,0.00476309362091382,2.432951483939
Wayne,2020-06-14T00:00:00.000,0,133,160,10824,10824,133,2020-06-14,0,160,0,0.00498733602918409,0
Wayne,2020-06-15T00:00:00.000,1,134,456,11280,11280,134,2020-06-15,1,456,0.00219298245614035,0.00524161914567727,1.21838624100138
Wayne,2020-06-16T00:00:00.000,3,137,298,11578,11578,137,2020-06-16,3,298,0.0100671140939597,0.00552613295831189,3.65530813791359
Wayne,2020-06-17T00:00:00.000,2,139,184,11762,11762,139,2020-06-17,2,184,0.0108695652173913,0.00584066254309177,2.43559583680748
Wayne,2020-06-18T00:00:00.000,2,141,224,11986,11986,141,2020-06-18,2,224,0.00892857142857143,0.0061844484673382,2.43282951649451
Wayne,2020-06-19T00:00:00.000,2,143,280,12266,12266,143,2020-06-19,2,280,0.00714285714285714,0.00655604088836452,2.42847754243174
Wayne,2020-06-20T00:00:00.000,0,143,249,12515,12515,143,2020-06-20,0,249,0,0.00695315533321628,0
Wayne,2020-06-21T00:00:00.000,0,143,239,12754,12754,143,2020-06-21,0,239,0,0.00737254081268311,0
Wayne,2020-06-22T00:00:00.000,2,145,297,13051,13051,145,2020-06-22,2,297,0.00673400673400673,0.00780987331512728,2.43279098089426
Wayne,2020-06-23T00:00:00.000,5,150,305,13356,13356,150,2020-06-23,5,305,0.0163934426229508,0.00825968939986201,6.11500775148937
Wayne,2020-06-24T00:00:00.000,4,154,227,13583,13583,154,2020-06-24,4,227,0.0176211453744493,0.00871537506801385,4.91604472416622
Wayne,2020-06-25T00:00:00.000,5,159,171,13754,13754,159,2020-06-25,5,171,0.0292397660818713,0.00916922386646334,6.16554303030896
Wayne,2020-06-26T00:00:00.000,2,161,280,14034,14034,161,2020-06-26,2,280,0.00714285714285714,0.00961257491886128,2.46856569427014
Wayne,2020-06-27T00:00:00.000,1,162,246,14280,14280,162,2020-06-27,1,246,0.0040650406504065,0.0100360361827084,1.23435640943247
Wayne,2020-06-28T00:00:00.000,3,165,276,14556,14556,165,2020-06-28,3,276,0.0108695652173913,0.0104297909078178,3.70003230955006
Wayne,2020-06-29T00:00:00.000,5,170,334,14890,14890,170,2020-06-29,5,334,0.0149700598802395,0.0107839766293419,6.16033728358513
Wayne,2020-06-30T00:00:00.000,4,174,230,15120,15120,174,2020-06-30,4,230,0.0173913043478261,0.0110891170302279,4.95023571065375
Wayne,2020-07-01T00:00:00.000,2,176,298,15418,15418,176,2020-07-01,2,298,0.00671140939597315,0.0113365788710206,2.48721389173043
Wayne,2020-07-02T00:00:00.000,5,181,234,15652,15652,181,2020-07-02,5,234,0.0213675213675214,0.0115190202128578,6.23754948049604
Wayne,2020-07-03T00:00:00.000,2,183,269,15921,15921,183,2020-07-03,2,269,0.00743494423791822,0.0116307934950788,2.4908872890807
Wayne,2020-07-04T00:00:00.000,2,185,357,16278,16278,185,2020-07-04,2,357,0.00560224089635854,0.0116682684165236,2.48470408151144
Wayne,2020-07-05T00:00:00.000,1,186,259,16537,16537,186,2020-07-05,1,259,0.00386100386100386,0.0116300451966403,1.23804004473768
Wayne,2020-07-06T00:00:00.000,5,191,466,17003,17003,191,2020-07-06,5,466,0.0107296137339056,0.0115170381581871,6.16377802374177
Wayne,2020-07-07T00:00:00.000,2,193,270,17273,17273,193,2020-07-07,2,270,0.00740740740740741,0.0113324215786869,2.45721484255984
Wayne,2020-07-08T00:00:00.000,2,195,352,17625,17625,195,2020-07-08,2,352,0.00568181818181818,0.0110814428410982,2.44696601416264
Wayne,2020-07-09T00:00:00.000,6,201,354,17979,17979,201,2020-07-09,6,354,0.0169491525423729,0.0107711203243652,7.30463962538836
Wayne,2020-07-10T00:00:00.000,2,203,233,18212,18212,203,2020-07-10,2,233,0.00858369098712446,0.010409853589225,2.42109148035312
Wayne,2020-07-11T00:00:00.000,2,205,325,18537,18537,205,2020-07-11,2,325,0.00615384615384615,0.0100069799902875,2.40575349004372
Wayne,2020-07-12T00:00:00.000,4,209,290,18827,18827,209,2020-07-12,4,290,0.0137931034482759,0.00957231424221274,4.77806717540409
Wayne,2020-07-13T00:00:00.000,5,214,285,19112,19112,214,2020-07-13,5,285,0.0175438596491228,0.00911570570856065,5.92777920620806
Wayne,2020-07-14T00:00:00.000,7,221,268,19380,19380,221,2020-07-14,7,268,0.0261194029850746,0.00864664288373731,8.23261939100037
Wayne,2020-07-15T00:00:00.000,2,223,370,19750,19750,223,2020-07-15,2,370,0.00540540540540541,0.00817392678697242,2.33242491904349
Wayne,2020-07-16T00:00:00.000,0,223,334,20084,20084,223,2020-07-16,0,334,0,0.00770542604960582,0
Wayne,2020-07-17T00:00:00.000,2,225,430,20514,20514,225,2020-07-17,2,430,0.00465116279069767,0.00724791762754975,2.30304894159007
Wayne,2020-07-18T00:00:00.000,2,227,234,20748,20748,227,2020-07-18,2,234,0.00854700854700855,0.00680700933871844,2.29066456679992
Wayne,2020-07-19T00:00:00.000,1,228,274,21022,21022,228,2020-07-19,1,274,0.00364963503649635,0.00638713451012447,1.13856007176497
Wayne,2020-07-20T00:00:00.000,4,232,385,21407,21407,232,2020-07-20,4,385,0.0103896103896104,0.00599160522834801,4.52229292113038
Wayne,2020-07-21T00:00:00.000,4,236,343,21750,21750,236,2020-07-21,4,343,0.0116618075801749,0.00562270898638979,4.47309493674797
Wayne,2020-07-22T00:00:00.000,2,238,284,22034,22034,238,2020-07-22,2,284,0.00704225352112676,0.00528183360309865,2.20938978988015
Wayne,2020-07-23T00:00:00.000,1,239,414,22448,22448,239,2020-07-23,1,414,0.00241545893719807,0.00496960671886706,1.09017246662949
Wayne,2020-07-24T00:00:00.000,1,240,373,22821,22821,240,2020-07-24,1,373,0.00268096514745308,0.00468603843191123,1.07508076221425
Wayne,2020-07-25T00:00:00.000,1,241,363,23184,23184,241,2020-07-25,1,363,0.00275482093663912,0.00443065828238605,1.06364302443296
Wayne,2020-07-26T00:00:00.000,2,243,272,23456,23456,243,2020-07-26,2,272,0.00735294117647059,0.00420264043638447,2.11901283681844
Wayne,2020-07-27T00:00:00.000,0,243,356,23812,23812,243,2020-07-27,0,356,0,0.00400091330891701,0
Wayne,2020-07-28T00:00:00.000,0,243,417,24229,24229,243,2020-07-28,0,417,0,0.00382425184312154,0
Wayne,2020-07-29T00:00:00.000,0,243,355,24584,24584,243,2020-07-29,0,355,0,0.0036713521736544,0
Wayne,2020-07-30T00:00:00.000,2,245,308,24892,24892,245,2020-07-30,2,308,0.00649350649350649,0.00354088945472532,2.09586402718768
Wayne,2020-07-31T00:00:00.000,0,245,458,25350,25350,245,2020-07-31,0,458,0,0.00343156028840585,0
Wayne,2020-08-01T00:00:00.000,1,246,294,25644,25644,246,2020-08-01,1,294,0.00340136054421769,0.00334211151774517,1.04996498521715
Wayne,2020-08-02T00:00:00.000,1,247,224,25868,25868,247,2020-08-02,1,224,0.00446428571428571,0.00327135724332204,1.05084211050349
Wayne,2020-08-03T00:00:00.000,1,248,236,26104,26104,248,2020-08-03,1,236,0.00423728813559322,0.00321818585669524,1.05056135338938
Wayne,2020-08-04T00:00:00.000,0,248,304,26408,26408,248,2020-08-04,0,304,0,0.00318155873012395,0
Wayne,2020-08-05T00:00:00.000,1,249,315,26723,26723,249,2020-08-05,1,315,0.00317460317460317,0.00316050201584334,1.05059153364629
Wayne,2020-08-06T00:00:00.000,0,249,346,27069,27069,249,2020-08-06,0,346,0,0.00315409283293574,0
Wayne,2020-08-07T00:00:00.000,0,249,276,27345,27345,249,2020-08-07,0,276,0,0.00316144098364573,0
Wayne,2020-08-08T00:00:00.000,1,250,417,27762,27762,250,2020-08-08,1,417,0.00239808153477218,0.00318166726696109,1.05170441946
Wayne,2020-08-09T00:00:00.000,2,252,255,28017,28017,252,2020-08-09,2,255,0.00784313725490196,0.00321387945236421,2.10802740272948
Wayne,2020-08-10T00:00:00.000,0,252,257,28274,28274,252,2020-08-10,0,257,0,0.00325714703971504,0
Wayne,2020-08-11T00:00:00.000,6,258,354,28628,28628,258,2020-08-11,6,354,0.0169491525423729,0.00331047605565515,6.3455070285223
Wayne,2020-08-12T00:00:00.000,5,263,535,29163,29163,263,2020-08-12,5,535,0.00934579439252336,0.00337278529875654,5.29404408236031
Wayne,2020-08-13T00:00:00.000,2,265,423,29586,29586,265,2020-08-13,2,423,0.00472813238770686,0.00344288561712985,2.11928354109114
Wayne,2020-08-14T00:00:00.000,4,269,369,29955,29955,269,2020-08-14,4,369,0.010840108401084,0.00351946394454024,4.24018202655988
Wayne,2020-08-15T00:00:00.000,0,269,325,30280,30280,269,2020-08-15,0,325,0,0.0036010738884279,0
Wayne,2020-08-16T00:00:00.000,0,269,273,30553,30553,269,2020-08-16,0,273,0,0.00368613460668204,0
Wayne,2020-08-17T00:00:00.000,1,270,246,30799,30799,270,2020-08-17,1,246,0.0040650406504065,0.00377293949105264,1.07100130688227
Wayne,2020-08-18T00:00:00.000,0,270,364,31163,31163,270,2020-08-18,0,364,0,0.00385967575708439,0
Wayne,2020-08-19T00:00:00.000,0,270,322,31485,31485,270,2020-08-19,0,322,0,0.0039444554186389,0
Wayne,2020-08-20T00:00:00.000,2,272,475,31960,31960,272,2020-08-20,2,475,0.00421052631578947,0.00402535731824663,2.16837360676194
Wayne,2020-08-21T00:00:00.000,3,275,396,32356,32356,275,2020-08-21,3,396,0.00757575757575758,0.00410047894290566,3.26184702203442
Wayne,2020-08-22T00:00:00.000,0,275,393,32749,32749,275,2020-08-22,0,393,0,0.00416799576689018,0
Wayne,2020-08-23T00:00:00.000,0,275,273,33022,33022,275,2020-08-23,0,273,0,0.00422622494180414,0
Wayne,2020-08-24T00:00:00.000,0,275,200,33222,33222,275,2020-08-24,0,200,0,0.00427368941701831,0
Wayne,2020-08-25T00:00:00.000,2,277,236,33458,33458,277,2020-08-25,2,236,0.00847457627118644,0.00430917814826237,2.17518512422903
Wayne,2020-08-26T00:00:00.000,2,279,438,33896,33896,279,2020-08-26,2,438,0.0045662100456621,0.00433179801980591,2.17308816580488
Wayne,2020-08-27T00:00:00.000,0,279,402,34298,34298,279,2020-08-27,0,402,0,0.00434101351789188,0
Wayne,2020-08-28T00:00:00.000,1,280,335,34633,34633,280,2020-08-28,1,335,0.00298507462686567,0.00433667103052188,1.08422678833033
Wayne,2020-08-29T00:00:00.000,0,280,371,35004,35004,280,2020-08-29,0,371,0,0.00431900584037273,0
Wayne,2020-08-30T00:00:00.000,0,280,215,35219,35219,280,2020-08-30,0,215,0,0.00428863128814947,0
Wayne,2020-08-31T00:00:00.000,0,280,208,35427,35427,280,2020-08-31,0,208,0,0.00424651105680003,0
Wayne,2020-09-01T00:00:00.000,1,281,271,35698,35698,281,2020-09-01,1,271,0.003690036900369,0.00419391688332567,1.08315984145834
Wayne,2020-09-02T00:00:00.000,2,283,465,36163,36163,283,2020-09-02,2,465,0.0043010752688172,0.00413237509533542,2.17834378464413
Wayne,2020-09-03T00:00:00.000,5,288,417,36580,36580,288,2020-09-03,5,417,0.0119904076738609,0.00406360607824187,5.4752181441614
Wayne,2020-09-04T00:00:00.000,0,288,359,36939,36939,288,2020-09-04,0,359,0,0.00398946105451842,0
Wayne,2020-09-05T00:00:00.000,3,291,340,37279,37279,291,2020-09-05,3,340,0.00882352941176471,0.00391186040123974,3.29771483334237
Wayne,2020-09-06T00:00:00.000,5,296,214,37493,37493,296,2020-09-06,5,214,0.0233644859813084,0.00383273721108092,5.49964142776216
Wayne,2020-09-07T00:00:00.000,0,296,166,37659,37659,296,2020-09-07,0,166,0,0.00375398901284184,0
Wayne,2020-09-08T00:00:00.000,1,297,237,37896,37896,297,2020-09-08,1,237,0.00421940928270042,0.003677439633528,1.10018548099827
Wayne,2020-09-09T00:00:00.000,1,298,272,38168,38168,298,2020-09-09,1,272,0.00367647058823529,0.00360481222172933,1.0998401581338
Wayne,2020-09-10T00:00:00.000,3,301,383,38551,38551,301,2020-09-10,3,383,0.00783289817232376,0.00353771356889025,3.29776337954884
Wayne,2020-09-11T00:00:00.000,0,301,426,38977,38977,301,2020-09-11,0,426,0,0.00347762913012038,0
Wayne,2020-09-12T00:00:00.000,2,303,427,39404,39404,303,2020-09-12,2,427,0.00468384074941452,0.00342592760576507,2.21519846425119
Wayne,2020-09-13T00:00:00.000,0,303,243,39647,39647,303,2020-09-13,0,243,0,0.00338387360553851,0
Wayne,2020-09-14T00:00:00.000,1,304,271,39918,39918,304,2020-09-14,1,271,0.003690036900369,0.00335264676596956,1.11669430877348
Wayne,2020-09-15T00:00:00.000,0,304,297,40215,40215,304,2020-09-15,0,297,0,0.00333336569267804,0
Wayne,2020-09-16T00:00:00.000,1,305,475,40690,40690,305,2020-09-16,1,475,0.00210526315789474,0.00332711521206396,1.12574855040921
Wayne,2020-09-17T00:00:00.000,1,306,352,41042,41042,306,2020-09-17,1,352,0.00284090909090909,0.0033349755950623,1.1301301449651
Wayne,2020-09-18T00:00:00.000,3,309,411,41453,41453,309,2020-09-18,3,411,0.0072992700729927,0.00335805261863617,3.40298064720134
Wayne,2020-09-19T00:00:00.000,1,310,446,41899,41899,310,2020-09-19,1,446,0.00224215246636771,0.00339750752560215,1.13826185563816
Wayne,2020-09-20T00:00:00.000,1,311,170,42069,42069,311,2020-09-20,1,170,0.00588235294117647,0.00345458610178835,1.14161896040216
Wayne,2020-09-21T00:00:00.000,0,311,418,42487,42487,311,2020-09-21,0,418,0,0.00353064620153804,0
Wayne,2020-09-22T00:00:00.000,1,312,357,42844,42844,312,2020-09-22,1,357,0.00280112044817927,0.00362718310339551,1.14614886567364
Wayne,2020-09-23T00:00:00.000,2,314,448,43292,43292,314,2020-09-23,2,448,0.00446428571428571,0.00374585207704998,2.2949149357854
Wayne,2020-09-24T00:00:00.000,1,315,535,43827,43827,315,2020-09-24,1,535,0.00186915887850467,0.00388848749345132,1.15420539320992
Wayne,2020-09-25T00:00:00.000,1,316,586,44413,44413,316,2020-09-25,1,586,0.00170648464163823,0.00405711773180129,1.15909134325429
Wayne,2020-09-26T00:00:00.000,2,318,325,44738,44738,318,2020-09-26,2,325,0.00615384615384615,0.00425397505646967,2.32645803997322
Wayne,2020-09-27T00:00:00.000,2,320,262,45000,45000,320,2020-09-27,2,262,0.00763358778625954,0.00448149958435473,2.33339082058393
Wayne,2020-09-28T00:00:00.000,1,321,313,45313,45313,321,2020-09-28,1,313,0.00319488817891374,0.00474233648370861,1.16869997038791
Wayne,2020-09-29T00:00:00.000,2,323,402,45715,45715,323,2020-09-29,2,402,0.00497512437810945,0.00503932569089591,2.33938669336141
Wayne,2020-09-30T00:00:00.000,3,326,565,46280,46280,326,2020-09-30,3,565,0.00530973451327434,0.00537548375669372,3.50938690330409
Wayne,2020-10-01T00:00:00.000,5,331,452,46732,46732,331,2020-10-01,5,452,0.0110619469026549,0.00575397800458037,5.84493974649966
Wayne,2020-10-02T00:00:00.000,1,332,644,47376,47376,332,2020-10-02,1,644,0.0015527950310559,0.0061780940547913,1.17029203249155
Wayne,2020-10-03T00:00:00.000,0,332,343,47719,47719,332,2020-10-03,0,343,0,0.00665119898687388,0
Wayne,2020-10-04T00:00:00.000,3,335,145,47864,47864,335,2020-10-04,3,145,0.0206896551724138,0.00717670400717171,3.58967965595738
Wayne,2020-10-05T00:00:00.000,2,337,411,48275,48275,337,2020-10-05,2,411,0.0048661800486618,0.00775803244574929,2.42659571898449
Wayne,2020-10-06T00:00:00.000,2,339,349,48624,48624,339,2020-10-06,2,349,0.00573065902578797,0.00839860118418614,2.46091808945108
Wayne,2020-10-07T00:00:00.000,8,347,470,49094,49094,347,2020-10-07,8,470,0.0170212765957447,0.00910182612649785,9.98383416114288
Wayne,2020-10-08T00:00:00.000,10,357,407,49501,49501,357,2020-10-08,10,407,0.0245700245700246,0.00987116495673739,12.6579922794256
Wayne,2020-10-09T00:00:00.000,4,361,507,50008,50008,361,2020-10-09,4,507,0.00788954635108481,0.0107102130688772,5.13546673835715
Wayne,2020-10-10T00:00:00.000,1,362,337,50345,50345,362,2020-10-10,1,337,0.0029673590504451,0.0116228711509719,1.30213867470637
Wayne,2020-10-11T00:00:00.000,3,365,331,50676,50676,365,2020-10-11,3,331,0.00906344410876133,0.0126136055187233,3.96175090453384
Westchester,2020-03-01T00:00:00.000,0,0,0,0,0,0,2020-03-01,0,0,1,0.0140850065342137,0
Westchester,2020-03-02T00:00:00.000,1,1,1,1,1,1,2020-03-02,1,1,1,0.0167576855330768,3.211221804348
Westchester,2020-03-03T00:00:00.000,0,1,1,2,2,1,2020-03-03,0,1,0,0.0199253848220684,0
Westchester,2020-03-04T00:00:00.000,0,1,0,2,2,1,2020-03-04,0,0,0.226190476190476,0.0236715956173834,0
Westchester,2020-03-05T00:00:00.000,19,20,42,44,44,20,2020-03-05,19,42,0.452380952380952,0.0280889206965362,52.4005379041871
Westchester,2020-03-06T00:00:00.000,0,20,9,53,53,20,2020-03-06,0,9,0,0.0332780414585102,0
Westchester,2020-03-07T00:00:00.000,22,42,110,163,163,42,2020-03-07,22,110,0.2,0.0393457723361809,54.7325798260608
Westchester,2020-03-08T00:00:00.000,18,60,207,370,370,60,2020-03-08,18,207,0.0869565217391304,0.0464020013287866,42.531650040963
Westchester,2020-03-09T00:00:00.000,42,102,222,592,592,102,2020-03-09,42,222,0.189189189189189,0.0545553612944401,94.2921154147285
Westchester,2020-03-10T00:00:00.000,9,111,177,769,769,111,2020-03-10,9,177,0.0508474576271186,0.0639075707188977,19.209630495137
Westchester,2020-03-11T00:00:00.000,21,132,183,952,952,132,2020-03-11,21,183,0.114754098360656,0.0745465318455585,42.6490825196089
Westchester,2020-03-12T00:00:00.000,19,151,108,1060,1060,151,2020-03-12,19,108,0.175925925925926,0.0865384750030538,36.7556140802731
Westchester,2020-03-13T00:00:00.000,20,171,209,1269,1269,171,2020-03-13,20,209,0.0956937799043062,0.0999196718692527,36.901878359031
Westchester,2020-03-14T00:00:00.000,11,182,220,1489,1489,182,2020-03-14,11,220,0.05,0.114688469886223,19.3948553556893
Westchester,2020-03-15T00:00:00.000,41,223,372,1861,1861,223,2020-03-15,41,372,0.110215053763441,0.130798571498302,70.2348072606384
Westchester,2020-03-16T00:00:00.000,157,380,1219,3080,3080,380,2020-03-16,157,1219,0.128794093519278,0.148154535599061,261.308307212808
Westchester,2020-03-17T00:00:00.000,158,538,1026,4106,4106,538,2020-03-17,158,1026,0.153996101364522,0.166610365999422,255.544898314152
Westchester,2020-03-18T00:00:00.000,261,799,1588,5694,5694,799,2020-03-18,261,1588,0.164357682619647,0.185971756116349,410.343627588108
Westchester,2020-03-19T00:00:00.000,292,1091,1483,7177,7177,1091,2020-03-19,292,1483,0.19689817936615,0.206002110601905,446.480128136649
Westchester,2020-03-20T00:00:00.000,296,1387,1459,8636,8636,1387,2020-03-20,296,1459,0.202878684030158,0.226431941979708,440.407060797166
Westchester,2020-03-21T00:00:00.000,486,1873,2011,10647,10647,1873,2020-03-21,486,2011,0.241670810542019,0.246970753387747,703.973153861828
Westchester,2020-03-22T00:00:00.000,1021,2894,4037,14684,14684,2894,2020-03-22,1021,4037,0.252910577161258,0.267320176699006,1441.37202985353
Westchester,2020-03-23T00:00:00.000,997,3891,3282,17966,17966,3891,2020-03-23,997,3282,0.303778184034126,0.287187012821828,1373.47664832836
Westchester,2020-03-24T00:00:00.000,800,4691,2371,20337,20337,4691,2020-03-24,800,2371,0.337410375369043,0.306294934082127,1076.96416694611
Westchester,2020-03-25T00:00:00.000,1253,5944,5951,26288,26288,5944,2020-03-25,1253,5951,0.210552848260797,0.32439391351375,1664.5183791509
Westchester,2020-03-26T00:00:00.000,1243,7187,3227,29515,29515,7187,2020-03-26,1243,3227,0.385187480632166,0.341266857838056,1631.53247369963
Westchester,2020-03-27T00:00:00.000,688,7875,1588,31103,31103,7875,2020-03-27,688,1588,0.433249370277078,0.356733343755365,893.143552727837
Westchester,2020-03-28T00:00:00.000,644,8519,1410,32513,32513,8519,2020-03-28,644,1410,0.456737588652482,0.37065071133572,829.416133754881
Westchester,2020-03-29T00:00:00.000,807,9326,1595,34108,34108,9326,2020-03-29,807,1595,0.505956112852665,0.382913007304063,1040.29539816956
Westchester,2020-03-30T00:00:00.000,641,9967,1515,35623,35623,9967,2020-03-30,641,1515,0.423102310231023,0.393448384138444,830.785029242264
Westchester,2020-03-31T00:00:00.000,716,10683,1567,37190,37190,10683,2020-03-31,716,1567,0.456924058710913,0.402215564854717,931.845342312237
Westchester,2020-04-01T00:00:00.000,884,11567,1891,39081,39081,11567,2020-04-01,884,1891,0.467477525118985,0.40919990982515,1153.48217186795
Westchester,2020-04-02T00:00:00.000,784,12351,1632,40713,40713,12351,2020-04-02,784,1632,0.480392156862745,0.414409505538246,1011.20488159971
Westchester,2020-04-03T00:00:00.000,730,13081,1621,42334,42334,13081,2020-04-03,730,1621,0.450339296730413,0.417871565378599,931.736509025758
Westchester,2020-04-04T00:00:00.000,642,13723,1621,43955,43955,13723,2020-04-04,642,1621,0.396051819864281,0.419629310052592,818.075889114885
Westchester,2020-04-05T00:00:00.000,571,14294,1398,45353,45353,14294,2020-04-05,571,1398,0.408440629470672,0.419739392137749,725.814306189398
Westchester,2020-04-06T00:00:00.000,510,14804,1348,46701,46701,14804,2020-04-06,510,1348,0.378338278931751,0.41826985014927,651.25145121457
Westchester,2020-04-07T00:00:00.000,1083,15887,2647,49348,49348,15887,2020-04-07,1083,2647,0.409142425387231,0.415298522549957,1392.42159035059
Westchester,2020-04-08T00:00:00.000,1117,17004,2889,52237,52237,17004,2020-04-08,1117,2889,0.386638975424022,0.410911818841839,1445.76248132202
Westchester,2020-04-09T00:00:00.000,1073,18077,2911,55148,55148,18077,2020-04-09,1073,2911,0.368601855032635,0.405203729810943,1398.04477979432
Westchester,2020-04-10T00:00:00.000,652,18729,1679,56827,56827,18729,2020-04-10,652,1679,0.388326384752829,0.398274958665939,855.0229073718
Westchester,2020-04-11T00:00:00.000,584,19313,1472,58299,58299,19313,2020-04-11,584,1472,0.396739130434783,0.390232066118506,771.281277635071
Westchester,2020-04-12T00:00:00.000,473,19786,1163,59462,59462,19786,2020-04-12,473,1163,0.4067067927773,0.381186542457901,631.698041466838
Westchester,2020-04-13T00:00:00.000,405,20191,1145,60607,60607,20191,2020-04-13,405,1145,0.353711790393013,0.371253745848399,546.610454263232
Westchester,2020-04-14T00:00:00.000,756,20947,2019,62626,62626,20947,2020-04-14,756,2019,0.37444279346211,0.360551675635386,1030.31993949521
Westchester,2020-04-15T00:00:00.000,881,21828,2642,65268,65268,21828,2020-04-15,881,2642,0.333459500378501,0.349199579766165,1210.17514527322
Westchester,2020-04-16T00:00:00.000,648,22476,2042,67310,67310,22476,2020-04-16,648,2042,0.317335945151812,0.337316423649878,894.719852687325
Westchester,2020-04-17T00:00:00.000,703,23179,2298,69608,69608,23179,2020-04-17,703,2298,0.3059181897302,0.325019271404478,974.713531542704
Westchester,2020-04-18T00:00:00.000,624,23803,2133,71741,71741,23803,2020-04-18,624,2133,0.292545710267229,0.312421647278195,867.813220363415
Westchester,2020-04-19T00:00:00.000,503,24306,1599,73340,73340,24306,2020-04-19,503,1599,0.314571607254534,0.29963195371994,700.920797578723
Westchester,2020-04-20T00:00:00.000,350,24656,1208,74548,74548,24656,2020-04-20,350,1208,0.289735099337748,0.28675202270092,488.242830637059
Westchester,2020-04-21T00:00:00.000,620,25276,2016,76564,76564,25276,2020-04-21,620,2016,0.307539682539683,0.273875868984752,865.051176928216
Westchester,2020-04-22T00:00:00.000,683,25959,2317,78881,78881,25959,2020-04-22,683,2317,0.294777729823047,0.261088699666537,952.30343827382
Westchester,2020-04-23T00:00:00.000,674,26633,2672,81553,81553,26633,2020-04-23,674,2672,0.252245508982036,0.248466215571883,938.310342823328
Westchester,2020-04-24T00:00:00.000,598,27231,2468,84021,84021,27231,2020-04-24,598,2468,0.242301458670989,0.236074219478643,830.520730674288
Westchester,2020-04-25T00:00:00.000,433,27664,1951,85972,85972,27664,2020-04-25,433,1951,0.221937467965146,0.223968526026699,599.421548579229
Westchester,2020-04-26T00:00:00.000,343,28007,1764,87736,87736,28007,2020-04-26,343,1764,0.194444444444444,0.21219515054894,472.799435538891
Westchester,2020-04-27T00:00:00.000,238,28245,1408,89144,89144,28245,2020-04-27,238,1408,0.169034090909091,0.20079074034752,326.341953312461
Westchester,2020-04-28T00:00:00.000,381,28626,1843,90987,90987,28626,2020-04-28,381,1843,0.206728160607705,0.189783202795891,519.217271750655
Westchester,2020-04-29T00:00:00.000,344,28970,1842,92829,92829,28970,2020-04-29,344,1842,0.186753528773073,0.179192480187196,467.128491561787
Westchester,2020-04-30T00:00:00.000,262,29232,1613,94442,94442,29232,2020-04-30,262,1613,0.162430254184749,0.169031420977512,356.110376302604
Westchester,2020-05-01T00:00:00.000,394,29626,2359,96801,96801,29626,2020-05-01,394,2359,0.167019923696482,0.159306700196561,535.918503970552
Westchester,2020-05-02T00:00:00.000,258,29884,1809,98610,98610,29884,2020-05-02,258,1809,0.142620232172471,0.150019747376209,350.742035917115
Westchester,2020-05-03T00:00:00.000,213,30097,1662,100272,100272,30097,2020-05-03,213,1662,0.128158844765343,0.141167647375371,288.855513179091
Westchester,2020-05-04T00:00:00.000,143,30240,1225,101497,101497,30240,2020-05-04,143,1225,0.116734693877551,0.132743987122082,193.126760788122
Westchester,2020-05-05T00:00:00.000,186,30426,1434,102931,102931,30426,2020-05-05,186,1434,0.129707112970711,0.124739628854634,249.834525976866
Westchester,2020-05-06T00:00:00.000,282,30708,2311,105242,105242,30708,2020-05-06,282,2311,0.12202509736045,0.117143397407492,376.68338885052
Westchester,2020-05-07T00:00:00.000,197,30905,2224,107466,107466,30905,2020-05-07,197,2224,0.0885791366906475,0.109942675187181,262.506291991953
Westchester,2020-05-08T00:00:00.000,182,31087,1936,109402,109402,31087,2020-05-08,182,1936,0.0940082644628099,0.103123903532246,242.666333067325
Westchester,2020-05-09T00:00:00.000,207,31294,1940,111342,111342,31294,2020-05-09,207,1940,0.106701030927835,0.096672993148107,276.10739358372
Westchester,2020-05-10T00:00:00.000,90,31384,1321,112663,112663,31384,2020-05-10,90,1321,0.0681302043906132,0.0905756493040728,120.065544177372
Westchester,2020-05-11T00:00:00.000,88,31472,984,113647,113647,31472,2020-05-11,88,984,0.0894308943089431,0.0848176195790317,117.381348431574
Westchester,2020-05-12T00:00:00.000,139,31611,1925,115572,115572,31611,2020-05-12,139,1925,0.0722077922077922,0.0793848732724332,185.797318090131
Westchester,2020-05-13T00:00:00.000,181,31792,2450,118022,118022,31792,2020-05-13,181,2450,0.0738775510204082,0.0742637222934051,243.226620998067
Westchester,2020-05-14T00:00:00.000,151,31943,2024,120046,120046,31943,2020-05-14,151,2024,0.074604743083004,0.0694408935196258,204.475099887355
Westchester,2020-05-15T00:00:00.000,154,32097,2059,122105,122105,32097,2020-05-15,154,2059,0.0747935891209325,0.0649035623844377,209.979019709842
Westchester,2020-05-16T00:00:00.000,127,32224,1940,124045,124045,32224,2020-05-16,127,1940,0.0654639175257732,0.0606393569076359,174.060307886294
Westchester,2020-05-17T00:00:00.000,99,32323,1326,125371,125371,32323,2020-05-17,99,1326,0.0746606334841629,0.0566363405944128,135.873689437965
Westchester,2020-05-18T00:00:00.000,79,32402,1125,126496,126496,32402,2020-05-18,79,1125,0.0702222222222222,0.052882981674492,108.4746033998
Westchester,2020-05-19T00:00:00.000,115,32517,1867,128363,128363,32517,2020-05-19,115,1867,0.0615961435457954,0.0493681150756829,157.850541034384
Westchester,2020-05-20T00:00:00.000,156,32673,2671,131034,131034,32673,2020-05-20,156,2671,0.0584050917259453,0.0460809024013324,214.135638015419
Westchester,2020-05-21T00:00:00.000,94,32767,2350,133384,133384,32767,2020-05-21,94,2350,0.04,0.0430107940336059,129.216003804312
Westchester,2020-05-22T00:00:00.000,114,32881,3234,136618,136618,32881,2020-05-22,114,3234,0.0352504638218924,0.0401474963753219,156.781077000065
Westchester,2020-05-23T00:00:00.000,87,32968,2542,139160,139160,32968,2020-05-23,87,2542,0.0342250196695515,0.0374809462045207,119.577453731176
Westchester,2020-05-24T00:00:00.000,81,33049,2323,141483,141483,33049,2020-05-24,81,2323,0.0348687042617305,0.0350012931782579,111.146496517538
Westchester,2020-05-25T00:00:00.000,58,33107,1695,143178,143178,33107,2020-05-25,58,1695,0.0342182890855457,0.0326988907206901,79.3542896413507
Westchester,2020-05-26T00:00:00.000,79,33186,2207,145385,145385,33186,2020-05-26,79,2207,0.0357951971001359,0.0305642948689861,107.700132501283
Westchester,2020-05-27T00:00:00.000,107,33293,3266,148651,148651,33293,2020-05-27,107,3266,0.0327617881200245,0.0285882701519794,145.449487956984
Westchester,2020-05-28T00:00:00.000,56,33349,3203,151854,151854,33349,2020-05-28,56,3203,0.0174836091164533,0.0267618012271999,75.8417877602066
Westchester,2020-05-29T00:00:00.000,80,33429,3388,155242,155242,33429,2020-05-29,80,3388,0.0236127508854782,0.0250761088017118,107.862235913033
Westchester,2020-05-30T00:00:00.000,52,33481,3290,158532,158532,33481,2020-05-30,52,3290,0.0158054711246201,0.0235226682912105,70.1787954663145
Westchester,2020-05-31T00:00:00.000,71,33552,3376,161908,161908,33552,2020-05-31,71,3376,0.0210308056872038,0.0220932297111401,96.3418777325375
Westchester,2020-06-01T00:00:00.000,81,33633,3183,165091,165091,33633,2020-06-01,81,3183,0.0254476908576814,0.0207798374173678,110.562612379157
Westchester,2020-06-02T00:00:00.000,58,33691,3253,168344,168344,33691,2020-06-02,58,3253,0.0178296956655395,0.0195748485013107,79.573302180163
Westchester,2020-06-03T00:00:00.000,76,33767,3524,171868,171868,33767,2020-06-03,76,3524,0.021566401816118,0.0184709488676843,104.709791164649
Westchester,2020-06-04T00:00:00.000,87,33854,4216,176084,176084,33854,2020-06-04,87,4216,0.0206356736242884,0.0174611662624555,119.824757078354
Westchester,2020-06-05T00:00:00.000,70,33924,3979,180063,180063,33924,2020-06-05,70,3979,0.0175923598894195,0.0165388797579352,96.2771717516941
Westchester,2020-06-06T00:00:00.000,30,33954,3162,183225,183225,33954,2020-06-06,30,3162,0.0094876660341556,0.0156978254237323,41.178015528696
Westchester,2020-06-07T00:00:00.000,46,34000,3336,186561,186561,34000,2020-06-07,46,3336,0.01378896882494,0.0149320981089659,62.9716245984365
Westchester,2020-06-08T00:00:00.000,35,34035,2577,189138,189138,34035,2020-06-08,35,2577,0.013581684128832,0.0142361494263995,47.7558118964936
Westchester,2020-06-09T00:00:00.000,41,34076,3304,192442,192442,34076,2020-06-09,41,3304,0.012409200968523,0.0136047821602344,55.7244688166454
Westchester,2020-06-10T00:00:00.000,30,34106,3494,195936,195936,34106,2020-06-10,30,3494,0.00858614768174013,0.0130331414156286,40.590497480844
Westchester,2020-06-11T00:00:00.000,69,34175,4954,200890,200890,34175,2020-06-11,69,4954,0.0139281388776746,0.0125167028937443,92.8825656714089
Westchester,2020-06-12T00:00:00.000,78,34253,5099,205989,205989,34253,2020-06-12,78,5099,0.0152971170817807,0.0120512587140485,104.401250239352
Westchester,2020-06-13T00:00:00.000,37,34290,3399,209388,209388,34290,2020-06-13,37,3399,0.010885554574875,0.0116329012203942,49.2135925481123
Westchester,2020-06-14T00:00:00.000,37,34327,3594,212982,212982,34327,2020-06-14,37,3594,0.0102949360044519,0.0112580052048527,48.8770870732551
Westchester,2020-06-15T00:00:00.000,31,34358,3204,216186,216186,34358,2020-06-15,31,3204,0.00967540574282147,0.0109232089675428,40.6476233625984
Westchester,2020-06-16T00:00:00.000,27,34385,3189,219375,219375,34385,2020-06-16,27,3189,0.00846660395108184,0.0106253946069625,35.1203533358514
Westchester,2020-06-17T00:00:00.000,24,34409,3998,223373,223373,34409,2020-06-17,24,3998,0.00600300150075038,0.0103616679068802,30.9516085757417
Westchester,2020-06-18T00:00:00.000,46,34455,4521,227894,227894,34455,2020-06-18,46,4521,0.0101747401017474,0.0101293381559376,58.785135254163
Westchester,2020-06-19T00:00:00.000,31,34486,3624,231518,231518,34486,2020-06-19,31,3624,0.00855408388520971,0.00992589820747481,39.2354471259088
Westchester,2020-06-20T00:00:00.000,35,34521,3879,235397,235397,34521,2020-06-20,35,3879,0.00902294405774684,0.00974900506025106,43.8504715094382
Westchester,2020-06-21T00:00:00.000,36,34557,3794,239191,239191,34557,2020-06-21,36,3794,0.00948866631523458,0.00959646121731759,44.696796687964
Westchester,2020-06-22T00:00:00.000,24,34581,2844,242035,242035,34581,2020-06-22,24,2844,0.00843881856540084,0.00946619705967085,29.7604297525586
Westchester,2020-06-23T00:00:00.000,16,34597,2320,244355,244355,34597,2020-06-23,16,2320,0.00689655172413793,0.00935625445318445,19.8134827451639
Westchester,2020-06-24T00:00:00.000,45,34642,4611,248966,248966,34642,2020-06-24,45,4611,0.00975927130774236,0.00926477179002624,55.6446239998499
Westchester,2020-06-25T00:00:00.000,58,34700,4127,253093,253093,34700,2020-06-25,58,4127,0.0140537921007996,0.00918997064940718,71.5364652687208
Westchester,2020-06-26T00:00:00.000,48,34748,4520,257613,257613,34748,2020-06-26,48,4520,0.0106194690265487,0.00913014424251786,58.9413014617689
Westchester,2020-06-27T00:00:00.000,32,34780,3087,260700,260700,34780,2020-06-27,32,3087,0.0103660511823777,0.00908364778495357,39.107527699261
Westchester,2020-06-28T00:00:00.000,18,34798,2560,263260,263260,34798,2020-06-28,18,2560,0.00703125,0.00904889091181101,21.8871261926812
Westchester,2020-06-29T00:00:00.000,40,34838,3702,266962,266962,34838,2020-06-29,40,3702,0.0108049702863317,0.00902433221677722,48.4125648196144
Westchester,2020-06-30T00:00:00.000,28,34866,3730,270692,270692,34866,2020-06-30,28,3730,0.00750670241286863,0.00900847595572503,33.939024434064
Westchester,2020-07-01T00:00:00.000,46,34912,4469,275161,275161,34912,2020-07-01,46,4469,0.0102931304542403,0.00899987090676784,55.900590730029
Westchester,2020-07-02T00:00:00.000,68,34980,4827,279988,279988,34980,2020-07-02,68,4827,0.0140874249015952,0.00899711132385391,82.7602259158537
Westchester,2020-07-03T00:00:00.000,40,35020,3437,283425,283425,35020,2020-07-03,40,3437,0.0116380564445738,0.00899883986111657,48.5558755869539
Westchester,2020-07-04T00:00:00.000,23,35043,4519,287944,287944,35043,2020-07-04,23,4519,0.00508962159769861,0.00900375228150781,27.8428845379999
Westchester,2020-07-05T00:00:00.000,41,35084,3639,291583,291583,35084,2020-07-05,41,3639,0.0112668315471283,0.0090106037006094,49.4806957549426
Westchester,2020-07-06T00:00:00.000,22,35106,3586,295169,295169,35106,2020-07-06,22,3586,0.00613496932515337,0.00901821605641854,26.4653504708735
Westchester,2020-07-07T00:00:00.000,48,35154,3387,298556,298556,35154,2020-07-07,48,3387,0.0141718334809566,0.0090254864435263,57.6459978576514
Westchester,2020-07-08T00:00:00.000,29,35183,4843,303399,303399,35183,2020-07-08,29,4843,0.00598802395209581,0.00903139590896284,34.7625636243676
Westchester,2020-07-09T00:00:00.000,43,35226,5182,308581,308581,35226,2020-07-09,43,5182,0.00829795445773832,0.00903501827994581,51.437850974764
Westchester,2020-07-10T00:00:00.000,34,35260,4293,312874,312874,35260,2020-07-10,34,4293,0.00791986955508968,0.00903552858493418,40.5799039847354
Westchester,2020-07-11T00:00:00.000,37,35297,3958,316832,316832,35297,2020-07-11,37,3958,0.00934815563415867,0.00903221063936786,44.0526415644997
Westchester,2020-07-12T00:00:00.000,30,35327,3238,320070,320070,35327,2020-07-12,30,3238,0.00926497838171711,0.00902446339749333,35.6249249988117
Westchester,2020-07-13T00:00:00.000,39,35366,3851,323921,323921,35366,2020-07-13,39,3851,0.0101272396780057,0.00901180572158219,46.1837053927086
Westchester,2020-07-14T00:00:00.000,28,35394,3598,327519,327519,35394,2020-07-14,28,3598,0.00778210116731518,0.00899387928572291,33.0603907378588
Westchester,2020-07-15T00:00:00.000,28,35422,4364,331883,331883,35422,2020-07-15,28,4364,0.00641613198900092,0.00897044941248297,32.959002104044
Westchester,2020-07-16T00:00:00.000,41,35463,4989,336872,336872,35463,2020-07-16,41,4989,0.00821807977550611,0.00894140372977304,48.1511742582905
Westchester,2020-07-17T00:00:00.000,40,35503,4669,341541,341541,35503,2020-07-17,40,4669,0.00856714499892911,0.00890674862960399,47.0201226350911
Westchester,2020-07-18T00:00:00.000,12,35515,3004,344545,344545,35515,2020-07-18,12,3004,0.00399467376830892,0.00886660360295307,14.1121389205766
Westchester,2020-07-19T00:00:00.000,36,35551,3104,347649,347649,35551,2020-07-19,36,3104,0.0115979381443299,0.00882119361140887,42.3331494128995
Westchester,2020-07-20T00:00:00.000,36,35587,3044,350693,350693,35587,2020-07-20,36,3044,0.011826544021025,0.00877083973130549,42.2815594893714
Westchester,2020-07-21T00:00:00.000,49,35636,4198,354891,354891,35636,2020-07-21,49,4198,0.0116722248689852,0.00871594836690317,57.2507405400552
Westchester,2020-07-22T00:00:00.000,31,35667,4000,358891,358891,35667,2020-07-22,31,4000,0.00775,0.0086569993713035,35.9800951857987
Westchester,2020-07-23T00:00:00.000,33,35700,4805,363696,363696,35700,2020-07-23,33,4805,0.0068678459937565,0.0085945334388663,38.0013633346666
Westchester,2020-07-24T00:00:00.000,38,35738,4045,367741,367741,35738,2020-07-24,38,4045,0.00939431396786156,0.00852913913750898,43.3745140802433
Westchester,2020-07-25T00:00:00.000,39,35777,3149,370890,370890,35777,2020-07-25,39,3149,0.0123848840901874,0.00846143993765323,44.2545679620407
Westchester,2020-07-26T00:00:00.000,22,35799,3937,374827,374827,35799,2020-07-26,22,3937,0.00558801117602235,0.008392081567134,24.9781931142815
Westchester,2020-07-27T00:00:00.000,39,35838,3847,378674,378674,35838,2020-07-27,39,3847,0.0101377696906681,0.00832171998166519,44.2681221771639
Westchester,2020-07-28T00:00:00.000,36,35874,3393,382067,382067,35874,2020-07-28,36,3393,0.0106100795755968,0.00825101019211392,40.8085022015183
Westchester,2020-07-29T00:00:00.000,39,35913,4552,386619,386619,35913,2020-07-29,39,4552,0.0085676625659051,0.00818059613637766,44.2540870287621
Westchester,2020-07-30T00:00:00.000,20,35933,3133,389752,389752,35933,2020-07-30,20,3133,0.00638365783593999,0.00811110172769909,22.7698333252326
Westchester,2020-07-31T00:00:00.000,41,35974,4465,394217,394217,35974,2020-07-31,41,4465,0.00918253079507279,0.00804312315797909,46.8245390958588
Westchester,2020-08-01T00:00:00.000,24,35998,3363,397580,397580,35998,2020-08-01,24,3363,0.00713648528099911,0.00797722248380109,27.4896452073838
Westchester,2020-08-02T00:00:00.000,16,36014,2919,400499,400499,36014,2020-08-02,16,2919,0.00548132922233642,0.00791392247915739,18.3663912870667
Westchester,2020-08-03T00:00:00.000,35,36049,4310,404809,404809,36049,2020-08-03,35,4310,0.00812064965197216,0.00785370270195808,40.2009020764879
Westchester,2020-08-04T00:00:00.000,26,36075,4340,409149,409149,36075,2020-08-04,26,4340,0.00599078341013825,0.00779699669227078,29.8722466132171
Westchester,2020-08-05T00:00:00.000,32,36107,4246,413395,413395,36107,2020-08-05,32,4246,0.00753650494583137,0.00774419019950356,36.7710362440606
Westchester,2020-08-06T00:00:00.000,29,36136,3794,417189,417189,36136,2020-08-06,29,3794,0.00764364786505008,0.00769562032301583,33.3134825657128
Westchester,2020-08-07T00:00:00.000,44,36180,4021,421210,421210,36180,2020-08-07,44,4021,0.0109425516040786,0.00765157544415248,50.4765227568782
Westchester,2020-08-08T00:00:00.000,25,36205,4018,425228,425228,36205,2020-08-08,25,4018,0.00622200099552016,0.00761229582817725,28.6892897908591
Westchester,2020-08-09T00:00:00.000,28,36233,3572,428800,428800,36233,2020-08-09,28,3572,0.00783874580067189,0.00757797477981598,32.1556020280929
Westchester,2020-08-10T00:00:00.000,39,36272,4879,433679,433679,36272,2020-08-10,39,4879,0.0079934412789506,0.00754876024459564,44.7944715632746
Westchester,2020-08-11T00:00:00.000,52,36324,4970,438649,438649,36324,2020-08-11,52,4970,0.0104627766599598,0.00752475676029738,59.700590149373
Westchester,2020-08-12T00:00:00.000,33,36357,4767,443416,443416,36357,2020-08-12,33,4767,0.00692259282567653,0.00750602767577372,37.8506755696041
Westchester,2020-08-13T00:00:00.000,45,36402,4340,447756,447756,36402,2020-08-13,45,4340,0.01036866359447,0.00749259756811775,51.5397805052338
Westchester,2020-08-14T00:00:00.000,33,36435,5397,453153,453153,36435,2020-08-14,33,5397,0.00611450806003335,0.00748445480290275,37.7230513093966
Westchester,2020-08-15T00:00:00.000,18,36453,5180,458333,458333,36453,2020-08-15,18,5180,0.00347490347490347,0.00748155419502826,20.5874575485965
Westchester,2020-08-16T00:00:00.000,33,36486,3985,462318,462318,36486,2020-08-16,33,3985,0.0082810539523212,0.00748381973847964,37.7469311378108
Westchester,2020-08-17T00:00:00.000,54,36540,4984,467302,467302,36540,2020-08-17,54,4984,0.0108346709470305,0.00749114738353552,61.9399158131476
Westchester,2020-08-18T00:00:00.000,23,36563,4578,471880,471880,36563,2020-08-18,23,4578,0.00502402795980778,0.00750340784689499,26.4481548448062
Westchester,2020-08-19T00:00:00.000,23,36586,5147,477027,477027,36586,2020-08-19,23,5147,0.00446862249854284,0.00752044944563902,26.5052859757902
Westchester,2020-08-20T00:00:00.000,35,36621,5357,482384,482384,36621,2020-08-20,35,5357,0.00653350756020161,0.00754210094954072,40.4055433710995
Westchester,2020-08-21T00:00:00.000,30,36651,6410,488794,488794,36651,2020-08-21,30,6410,0.0046801872074883,0.00756817444713957,34.68001238713
Westchester,2020-08-22T00:00:00.000,38,36689,4646,493440,493440,36689,2020-08-22,38,4646,0.00817907877744296,0.00759846822036428,43.9673475641399
Westchester,2020-08-23T00:00:00.000,21,36710,3977,497417,497417,36710,2020-08-23,21,3977,0.00528036208197134,0.00763276962107689,24.304806820867
Westchester,2020-08-24T00:00:00.000,32,36742,3725,501142,501142,36742,2020-08-24,32,3725,0.00859060402684564,0.00767085793869118,36.9719622877262
Westchester,2020-08-25T00:00:00.000,38,36780,4334,505476,505476,36780,2020-08-25,38,4334,0.00876788186432857,0.00771250724479872,43.8056308537599
Westchester,2020-08-26T00:00:00.000,45,36825,5279,510755,510755,36825,2020-08-26,45,5279,0.00852434173138852,0.00775748919560913,51.8280850692088
Westchester,2020-08-27T00:00:00.000,38,36863,4891,515646,515646,36863,2020-08-27,38,4891,0.00776937231649969,0.0078055757688519,43.7493057912214
Westchester,2020-08-28T00:00:00.000,32,36895,5080,520726,520726,36895,2020-08-28,32,5080,0.0062992125984252,0.00785654190720807,36.8194762876733
Westchester,2020-08-29T00:00:00.000,54,36949,5745,526471,526471,36949,2020-08-29,54,5745,0.00939947780678851,0.0079101680374162,62.1674398428805
Westchester,2020-08-30T00:00:00.000,35,36984,4143,530614,530614,36984,2020-08-30,35,4143,0.00844798455225682,0.00796624243107468,40.2955852464498
Westchester,2020-08-31T00:00:00.000,37,37021,4338,534952,534952,37021,2020-08-31,37,4338,0.00852927616413094,0.00802456337262474,42.6506052993321
Westchester,2020-09-01T00:00:00.000,36,37057,4422,539374,539374,37057,2020-09-01,36,4422,0.00814111261872456,0.00808494109987246,41.6390444800726
Westchester,2020-09-02T00:00:00.000,49,37106,5469,544843,544843,37106,2020-09-02,49,5469,0.00895959041872372,0.00814719948449996,57.1180492654057
Westchester,2020-09-03T00:00:00.000,46,37152,5292,550135,550135,37152,2020-09-03,46,5292,0.00869236583522298,0.00821117742310557,54.0428990319526
Westchester,2020-09-04T00:00:00.000,53,37205,5401,555536,555536,37205,2020-09-04,53,5401,0.00981299759303833,0.00827672991447862,62.5989775886343
Westchester,2020-09-05T00:00:00.000,41,37246,5013,560549,560549,37246,2020-09-05,41,5013,0.00817873528825055,0.00834372880458781,48.6153462122307
Westchester,2020-09-06T00:00:00.000,31,37277,3619,564168,564168,37277,2020-09-06,31,3619,0.00856590218292346,0.0084120631881733,36.8863270494718
Westchester,2020-09-07T00:00:00.000,37,37314,3039,567207,567207,37314,2020-09-07,37,3039,0.0121750575847318,0.00848163946353994,44.1656304434695
Westchester,2020-09-08T00:00:00.000,41,37355,3322,570529,570529,37355,2020-09-08,41,3322,0.0123419626730885,0.00855238104585451,49.0799277847531
Westchester,2020-09-09T00:00:00.000,50,37405,4394,574923,574923,37405,2020-09-09,50,4394,0.0113791533909877,0.00862422775225364,60.0044327146535
Westchester,2020-09-10T00:00:00.000,49,37454,4849,579772,579772,37454,2020-09-10,49,4849,0.0101051763250155,0.00869713488097002,58.9331520642512
Westchester,2020-09-11T00:00:00.000,32,37486,4795,584567,584567,37486,2020-09-11,32,4795,0.00667361835245047,0.0087710720139291,38.721747879378
Westchester,2020-09-12T00:00:00.000,45,37531,3976,588543,588543,37531,2020-09-12,45,3976,0.011317907444668,0.00884602157963367,54.8014615278591
Westchester,2020-09-13T00:00:00.000,40,37571,3371,591914,591914,37571,2020-09-13,40,3371,0.0118659151587066,0.00892197721882502,49.0140267680423
Westchester,2020-09-14T00:00:00.000,30,37601,4081,595995,595995,37601,2020-09-14,30,4081,0.00735113942661112,0.00899894200054473,36.9773618246447
Westchester,2020-09-15T00:00:00.000,33,37634,4896,600891,600891,37634,2020-09-15,33,4896,0.00674019607843137,0.00907692653931767,40.899885433227
Westchester,2020-09-16T00:00:00.000,38,37672,4826,605717,605717,37672,2020-09-16,38,4826,0.0078740157480315,0.0091559470665522,47.3356708444772
Westchester,2020-09-17T00:00:00.000,46,37718,4825,610542,610542,37718,2020-09-17,46,4825,0.00953367875647668,0.0092360235098557,57.5606285955133
Westchester,2020-09-18T00:00:00.000,37,37755,5740,616282,616282,37755,2020-09-18,37,5740,0.00644599303135888,0.00931717763310227,46.4793061756054
Westchester,2020-09-19T00:00:00.000,46,37801,5776,622058,622058,37801,2020-09-19,46,5776,0.00796398891966759,0.00939943128848068,57.9687758257336
Westchester,2020-09-20T00:00:00.000,36,37837,3507,625565,625565,37837,2020-09-20,36,3507,0.0102651839178785,0.0094828048276009,45.4650583618795
Westchester,2020-09-21T00:00:00.000,29,37866,4373,629938,629938,37866,2020-09-21,29,4373,0.00663160301852275,0.00956731571524731,36.6592755528816
Westchester,2020-09-22T00:00:00.000,37,37903,3880,633818,633818,37903,2020-09-22,37,3880,0.0095360824742268,0.00965297738251809,46.768337694521
Westchester,2020-09-23T00:00:00.000,45,37948,4839,638657,638657,37948,2020-09-23,45,4839,0.00929944203347799,0.00973979835015887,56.8131729479325
Westchester,2020-09-24T00:00:00.000,53,38001,5209,643866,643866,38001,2020-09-24,53,5209,0.0101746976387022,0.00982778164485428,67.1160591480503
Westchester,2020-09-25T00:00:00.000,50,38051,5411,649277,649277,38051,2020-09-25,50,5411,0.00924043614858621,0.009916924522331,63.3729036591429
Westchester,2020-09-26T00:00:00.000,47,38098,5203,654480,654480,38098,2020-09-26,47,5203,0.0090332500480492,0.0100072185021841,59.5545476951182
Westchester,2020-09-27T00:00:00.000,35,38133,2944,657424,657424,38133,2020-09-27,35,2944,0.0118885869565217,0.0100986497088422,44.2903924481617
Westchester,2020-09-28T00:00:00.000,49,38182,4215,661639,661639,38182,2020-09-28,49,4215,0.0116251482799526,0.0101911995022673,61.8190613997785
Westchester,2020-09-29T00:00:00.000,57,38239,3993,665632,665632,38239,2020-09-29,57,3993,0.01427498121713,0.0102848453712962,71.6027016740516
Westchester,2020-09-30T00:00:00.000,61,38300,5027,670659,670659,38300,2020-09-30,61,5027,0.0121344738412572,0.0103795620504157,76.2107049473722
Westchester,2020-10-01T00:00:00.000,46,38346,6018,676677,676677,38346,2020-10-01,46,6018,0.00764373546028581,0.0104753228098117,57.0936472766783
Westchester,2020-10-02T00:00:00.000,85,38431,6800,683477,683477,38431,2020-10-02,85,6800,0.0125,0.0105721008570322,104.964840992524
Westchester,2020-10-03T00:00:00.000,44,38475,5443,688920,688920,38475,2020-10-03,44,5443,0.00808377732867904,0.0106698707774861,54.4861439519482
Westchester,2020-10-04T00:00:00.000,40,38515,4438,693358,693358,38515,2020-10-04,40,4438,0.00901306894997747,0.0107686099311321,49.8445743262999
Westchester,2020-10-05T00:00:00.000,52,38567,4267,697625,697625,38567,2020-10-05,52,4267,0.0121865479259433,0.0108682997133926,65.2546968643152
Westchester,2020-10-06T00:00:00.000,61,38628,5097,702722,702722,38628,2020-10-06,61,5097,0.0119678242103198,0.0109689265803737,77.0890537900534
Westchester,2020-10-07T00:00:00.000,66,38694,7634,710356,710356,38694,2020-10-07,66,7634,0.00864553314121038,0.0110704827322201,83.9953239482991
Westchester,2020-10-08T00:00:00.000,77,38771,7257,717613,717613,38771,2020-10-08,77,7257,0.0106104450875017,0.0111729663439746,98.6814585100818
Westchester,2020-10-09T00:00:00.000,76,38847,7337,724950,724950,38847,2020-10-09,76,7337,0.0103584571350688,0.0112763812307725,98.0777932328442
Westchester,2020-10-10T00:00:00.000,47,38894,5815,730765,730765,38894,2020-10-10,47,5815,0.00808254514187446,0.0113807358342016,61.0718094992053
Westchester,2020-10-11T00:00:00.000,107,39001,5332,736097,736097,39001,2020-10-11,107,5332,0.0200675168792198,0.0114860414186186,139.985419162965
Wyoming,2020-03-01T00:00:00.000,0,0,0,0,0,0,2020-03-01,0,0,0.333333333333333,0.0796591621938191,0
Wyoming,2020-03-02T00:00:00.000,0,0,0,0,0,0,2020-03-02,0,0,0.333333333333333,0.080323145562398,0
Wyoming,2020-03-03T00:00:00.000,0,0,0,0,0,0,2020-03-03,0,0,0.333333333333333,0.0809948584370838,0
Wyoming,2020-03-04T00:00:00.000,0,0,0,0,0,0,2020-03-04,0,0,0.333333333333333,0.0816786922910065,0
Wyoming,2020-03-05T00:00:00.000,0,0,0,0,0,0,2020-03-05,0,0,0.333333333333333,0.0823808069339911,0
Wyoming,2020-03-06T00:00:00.000,0,0,0,0,0,0,2020-03-06,0,0,0.333333333333333,0.0831088353312063,0
Wyoming,2020-03-07T00:00:00.000,0,0,0,0,0,0,2020-03-07,0,0,0.333333333333333,0.0838715912358312,0
Wyoming,2020-03-08T00:00:00.000,0,0,0,0,0,0,2020-03-08,0,0,0.333333333333333,0.0846787831373187,0
Wyoming,2020-03-09T00:00:00.000,0,0,0,0,0,0,2020-03-09,0,0,0.333333333333333,0.0855407372036844,0
Wyoming,2020-03-10T00:00:00.000,0,0,0,0,0,0,2020-03-10,0,0,0.333333333333333,0.0864681307458793,0
Wyoming,2020-03-11T00:00:00.000,0,0,0,0,0,0,2020-03-11,0,0,0.333333333333333,0.0874717363961753,0
Wyoming,2020-03-12T00:00:00.000,0,0,0,0,0,0,2020-03-12,0,0,0.333333333333333,0.0885621758525426,0
Wyoming,2020-03-13T00:00:00.000,0,0,0,0,0,0,2020-03-13,0,0,0.333333333333333,0.0897496808140817,0
Wyoming,2020-03-14T00:00:00.000,0,0,0,0,0,0,2020-03-14,0,0,0.333333333333333,0.0910438577310896,0
Wyoming,2020-03-15T00:00:00.000,1,1,3,3,3,1,2020-03-15,1,3,0.333333333333333,0.0924534523210842,1.65462869398372
Wyoming,2020-03-16T00:00:00.000,0,1,0,3,3,1,2020-03-16,0,0,0.166666666666667,0.0939861095027419,0
Wyoming,2020-03-17T00:00:00.000,0,1,2,5,5,1,2020-03-17,0,2,0,0.0956481245661085,0
Wyoming,2020-03-18T00:00:00.000,1,2,6,11,11,2,2020-03-18,1,6,0.166666666666667,0.0974441820239543,1.47379839199112
Wyoming,2020-03-19T00:00:00.000,0,2,3,14,14,2,2020-03-19,0,3,0,0.0993770797482605,0
Wyoming,2020-03-20T00:00:00.000,0,2,0,14,14,2,2020-03-20,0,0,0,0.101447437648913,0
Wyoming,2020-03-21T00:00:00.000,0,2,4,18,18,2,2020-03-21,0,4,0,0.103653392326193,0
Wyoming,2020-03-22T00:00:00.000,2,4,11,29,29,4,2020-03-22,2,11,0.181818181818182,0.105990281747646,2.57397174057017
Wyoming,2020-03-23T00:00:00.000,0,4,8,37,37,4,2020-03-23,0,8,0,0.108450327008728,0
Wyoming,2020-03-24T00:00:00.000,0,4,7,44,44,4,2020-03-24,0,7,0,0.111022321487772,0
Wyoming,2020-03-25T00:00:00.000,3,7,9,53,53,7,2020-03-25,3,9,0.333333333333333,0.113691341035739,3.5885933483882
Wyoming,2020-03-26T00:00:00.000,0,7,14,67,67,7,2020-03-26,0,14,0,0.116438492009116,0
Wyoming,2020-03-27T00:00:00.000,0,7,15,82,82,7,2020-03-27,0,15,0,0.119240716681291,0
Wyoming,2020-03-28T00:00:00.000,1,8,13,95,95,8,2020-03-28,1,13,0.0769230769230769,0.122070677540431,1.15252741142541
Wyoming,2020-03-29T00:00:00.000,0,8,7,102,102,8,2020-03-29,0,7,0,0.124896742894681,0
Wyoming,2020-03-30T00:00:00.000,1,9,13,115,115,9,2020-03-30,1,13,0.0769230769230769,0.127683095744447,1.15812435876736
Wyoming,2020-03-31T00:00:00.000,1,10,10,125,125,10,2020-03-31,1,10,0.1,0.130389985855367,1.16281159321448
Wyoming,2020-04-01T00:00:00.000,4,14,12,137,137,14,2020-04-01,4,12,0.333333333333333,0.132974141236825,4.66446436221399
Wyoming,2020-04-02T00:00:00.000,1,15,11,148,148,15,2020-04-02,1,11,0.0909090909090909,0.13538934983595,1.15329012718332
Wyoming,2020-04-03T00:00:00.000,3,18,11,159,159,18,2020-04-03,3,11,0.272727272727273,0.137587215360737,3.42645501024497
Wyoming,2020-04-04T00:00:00.000,4,22,16,175,175,22,2020-04-04,4,16,0.25,0.139518083078472,4.56557019992224
Wyoming,2020-04-05T00:00:00.000,1,23,6,181,181,23,2020-04-05,1,6,0.166666666666667,0.141132122611834,1.13986660524714
Wyoming,2020-04-06T00:00:00.000,0,23,7,188,188,23,2020-04-06,0,7,0,0.142380545678963,0
Wyoming,2020-04-07T00:00:00.000,4,27,18,206,206,27,2020-04-07,4,18,0.222222222222222,0.143216927898995,4.62344483438422
Wyoming,2020-04-08T00:00:00.000,2,29,12,218,218,29,2020-04-08,2,12,0.166666666666667,0.143598595645781,2.33031123385797
Wyoming,2020-04-09T00:00:00.000,1,30,13,231,231,30,2020-04-09,1,13,0.0769230769230769,0.143488031859595,1.17445284611597
Wyoming,2020-04-10T00:00:00.000,1,31,12,243,243,31,2020-04-10,1,12,0.0833333333333333,0.142854249001689,1.18358968243893
Wyoming,2020-04-11T00:00:00.000,0,31,2,245,245,31,2020-04-11,0,2,0,0.141674073147719,0
Wyoming,2020-04-12T00:00:00.000,0,31,2,247,247,31,2020-04-12,0,2,0,0.139933280832422,0
Wyoming,2020-04-13T00:00:00.000,1,32,21,268,268,32,2020-04-13,1,21,0.0476190476190476,0.13762752989283,1.22215519308657
Wyoming,2020-04-14T00:00:00.000,2,34,9,277,277,34,2020-04-14,2,9,0.222222222222222,0.134763027672842,2.47024841314046
Wyoming,2020-04-15T00:00:00.000,0,34,8,285,285,34,2020-04-15,0,8,0,0.131356885006635,0
Wyoming,2020-04-16T00:00:00.000,1,35,11,296,296,35,2020-04-16,1,11,0.0909090909090909,0.127437113031679,1.25267356234322
Wyoming,2020-04-17T00:00:00.000,1,36,6,302,302,36,2020-04-17,1,6,0.166666666666667,0.123042232562627,1.25816088493146
Wyoming,2020-04-18T00:00:00.000,0,36,6,308,308,36,2020-04-18,0,6,0,0.118220482758021,0
Wyoming,2020-04-19T00:00:00.000,0,36,4,312,312,36,2020-04-19,0,4,0,0.113028636864065,0
Wyoming,2020-04-20T00:00:00.000,0,36,6,318,318,36,2020-04-20,0,6,0,0.107530456946837,0
Wyoming,2020-04-21T00:00:00.000,4,40,14,332,332,40,2020-04-21,4,14,0.285714285714286,0.101794844994948,5.05507152477863
Wyoming,2020-04-22T00:00:00.000,1,41,15,347,347,41,2020-04-22,1,15,0.0666666666666667,0.0958937720696946,1.26140596788693
Wyoming,2020-04-23T00:00:00.000,2,43,18,365,365,43,2020-04-23,2,18,0.111111111111111,0.089900087379042,2.51516151679423
Wyoming,2020-04-24T00:00:00.000,14,57,117,482,482,57,2020-04-24,14,117,0.11965811965812,0.083885322323973,17.5323878928701
Wyoming,2020-04-25T00:00:00.000,2,59,19,501,501,59,2020-04-25,2,19,0.105263157894737,0.0779176083279657,2.49126147889084
Wyoming,2020-04-26T00:00:00.000,4,63,15,516,516,63,2020-04-26,4,15,0.266666666666667,0.07205982038237,4.94924089450937
Wyoming,2020-04-27T00:00:00.000,0,63,9,525,525,63,2020-04-27,0,9,0,0.0663680409073631,0
Wyoming,2020-04-28T00:00:00.000,2,65,26,551,551,65,2020-04-28,2,26,0.0769230769230769,0.0608904125367852,2.43267036919351
Wyoming,2020-04-29T00:00:00.000,2,67,17,568,568,67,2020-04-29,2,17,0.117647058823529,0.0556664168331703,2.41621323445085
Wyoming,2020-04-30T00:00:00.000,1,68,16,584,584,68,2020-04-30,1,16,0.0625,0.0507265825906842,1.20506411287987
Wyoming,2020-05-01T00:00:00.000,1,69,32,616,616,69,2020-05-01,1,32,0.03125,0.0460925962180598,1.20155109488114
Wyoming,2020-05-02T00:00:00.000,0,69,15,631,631,69,2020-05-02,0,15,0,0.0417777610530406,0
Wyoming,2020-05-03T00:00:00.000,0,69,16,647,647,69,2020-05-03,0,16,0,0.0377877346157338,0
Wyoming,2020-05-04T00:00:00.000,1,70,24,671,671,70,2020-05-04,1,24,0.0416666666666667,0.0341214636801924,1.17898342182226
Wyoming,2020-05-05T00:00:00.000,0,70,42,713,713,70,2020-05-05,0,42,0,0.0307722362782475,0
Wyoming,2020-05-06T00:00:00.000,1,71,22,735,735,71,2020-05-06,1,22,0.0454545454545455,0.0277287759839818,1.15650802046923
Wyoming,2020-05-07T00:00:00.000,2,73,130,865,865,73,2020-05-07,2,130,0.0153846153846154,0.0249763150674763,2.29794533572043
Wyoming,2020-05-08T00:00:00.000,2,75,187,1052,1052,75,2020-05-08,2,187,0.0106951871657754,0.0224975971898993,2.29005448134757
Wyoming,2020-05-09T00:00:00.000,2,77,26,1078,1078,77,2020-05-09,2,26,0.0769230769230769,0.0202737752179519,2.28192114501022
Wyoming,2020-05-10T00:00:00.000,0,77,39,1117,1117,77,2020-05-10,0,39,0,0.0182851838509887,0
Wyoming,2020-05-11T00:00:00.000,0,77,24,1141,1141,77,2020-05-11,0,24,0,0.0165119789722381,0
Wyoming,2020-05-12T00:00:00.000,0,77,63,1204,1204,77,2020-05-12,0,63,0,0.0149346453567507,0
Wyoming,2020-05-13T00:00:00.000,0,77,41,1245,1245,77,2020-05-13,0,41,0,0.0135343814265913,0
Wyoming,2020-05-14T00:00:00.000,0,77,106,1351,1351,77,2020-05-14,0,106,0,0.0122933742946071,0
Wyoming,2020-05-15T00:00:00.000,1,78,28,1379,1379,78,2020-05-15,1,28,0.0357142857142857,0.0111949807383012,1.14374883480971
Wyoming,2020-05-16T00:00:00.000,0,78,43,1422,1422,78,2020-05-16,0,43,0,0.0102238304440648,0
Wyoming,2020-05-17T00:00:00.000,1,79,56,1478,1478,79,2020-05-17,1,56,0.0178571428571429,0.00936586732699197,1.14642449079365
Wyoming,2020-05-18T00:00:00.000,0,79,27,1505,1505,79,2020-05-18,0,27,0,0.00860834338333314,0
Wyoming,2020-05-19T00:00:00.000,0,79,60,1565,1565,79,2020-05-19,0,60,0,0.00793977772944689,0
Wyoming,2020-05-20T00:00:00.000,0,79,64,1629,1629,79,2020-05-20,0,64,0,0.00734989149190201,0
Wyoming,2020-05-21T00:00:00.000,0,79,46,1675,1675,79,2020-05-21,0,46,0,0.0068295272376552,0
Wyoming,2020-05-22T00:00:00.000,1,80,150,1825,1825,80,2020-05-22,1,150,0.00666666666666667,0.00637055979517068,1.14403867160885
Wyoming,2020-05-23T00:00:00.000,1,81,113,1938,1938,81,2020-05-23,1,113,0.00884955752212389,0.00596580369054916,1.14370992524762
Wyoming,2020-05-24T00:00:00.000,1,82,42,1980,1980,82,2020-05-24,1,42,0.0238095238095238,0.0056089210390095,1.14258964127477
Wyoming,2020-05-25T00:00:00.000,0,82,29,2009,2009,82,2020-05-25,0,29,0,0.0052943325927415,0
Wyoming,2020-05-26T00:00:00.000,0,82,42,2051,2051,82,2020-05-26,0,42,0,0.00501713373814017,0
Wyoming,2020-05-27T00:00:00.000,0,82,77,2128,2128,82,2020-05-27,0,77,0,0.00477301653085884,0
Wyoming,2020-05-28T00:00:00.000,0,82,66,2194,2194,82,2020-05-28,0,66,0,0.00455819832814002,0
Wyoming,2020-05-29T00:00:00.000,2,84,90,2284,2284,84,2020-05-29,2,90,0.0222222222222222,0.00436935719258639,2.26425412575407
Wyoming,2020-05-30T00:00:00.000,2,86,45,2329,2329,86,2020-05-30,2,45,0.0444444444444444,0.00420357397193721,2.272195905095
Wyoming,2020-05-31T00:00:00.000,0,86,85,2414,2414,86,2020-05-31,0,85,0,0.00405828077968596,0
Wyoming,2020-06-01T00:00:00.000,0,86,229,2643,2643,86,2020-06-01,0,229,0,0.00393121549008105,0
Wyoming,2020-06-02T00:00:00.000,1,87,91,2734,2734,87,2020-06-02,1,91,0.010989010989011,0.00382038179943786,1.16514566386855
Wyoming,2020-06-03T00:00:00.000,0,87,122,2856,2856,87,2020-06-03,0,122,0,0.00372401437990187,0
Wyoming,2020-06-04T00:00:00.000,1,88,67,2923,2923,88,2020-06-04,1,67,0.0149253731343284,0.00364054865015537,1.17743424737448
Wyoming,2020-06-05T00:00:00.000,1,89,129,3052,3052,89,2020-06-05,1,129,0.00775193798449612,0.00356859470096983,1.17984348175516
Wyoming,2020-06-06T00:00:00.000,0,89,124,3176,3176,89,2020-06-06,0,124,0,0.0035069149361641,0
Wyoming,2020-06-07T00:00:00.000,1,90,127,3303,3303,90,2020-06-07,1,127,0.0078740157480315,0.00345440501639355,1.18253038355822
Wyoming,2020-06-08T00:00:00.000,1,91,102,3405,3405,91,2020-06-08,1,102,0.00980392156862745,0.00341007772119246,1.18275655189955
Wyoming,2020-06-09T00:00:00.000,0,91,188,3593,3593,91,2020-06-09,0,188,0,0.00337304937191599,0
Wyoming,2020-06-10T00:00:00.000,0,91,97,3690,3690,91,2020-06-10,0,97,0,0.00334252848388649,0
Wyoming,2020-06-11T00:00:00.000,0,91,97,3787,3787,91,2020-06-11,0,97,0,0.00331780633941523,0
Wyoming,2020-06-12T00:00:00.000,0,91,113,3900,3900,91,2020-06-12,0,113,0,0.00329824919485814,0
Wyoming,2020-06-13T00:00:00.000,1,92,65,3965,3965,92,2020-06-13,1,65,0.0153846153846154,0.00328329185495546,1.17204824829755
Wyoming,2020-06-14T00:00:00.000,0,92,49,4014,4014,92,2020-06-14,0,49,0,0.00327243236686847,0
Wyoming,2020-06-15T00:00:00.000,1,93,201,4215,4215,93,2020-06-15,1,201,0.00497512437810945,0.00326522760539815,1.16206330020914
Wyoming,2020-06-16T00:00:00.000,0,93,85,4300,4300,93,2020-06-16,0,85,0,0.00326128954025239,0
Wyoming,2020-06-17T00:00:00.000,0,93,68,4368,4368,93,2020-06-17,0,68,0,0.00326028199649303,0
Wyoming,2020-06-18T00:00:00.000,0,93,126,4494,4494,93,2020-06-18,0,126,0,0.00326191774059471,0
Wyoming,2020-06-19T00:00:00.000,0,93,33,4527,4527,93,2020-06-19,0,33,0,0.00326595574670774,0
Wyoming,2020-06-20T00:00:00.000,0,93,33,4560,4560,93,2020-06-20,0,33,0,0.00327219852073744,0
Wyoming,2020-06-21T00:00:00.000,0,93,151,4711,4711,93,2020-06-21,0,151,0,0.00328048938297311,0
Wyoming,2020-06-22T00:00:00.000,0,93,147,4858,4858,93,2020-06-22,0,147,0,0.00329070963278775,0
Wyoming,2020-06-23T00:00:00.000,0,93,83,4941,4941,93,2020-06-23,0,83,0,0.00330277554058607,0
Wyoming,2020-06-24T00:00:00.000,0,93,95,5036,5036,93,2020-06-24,0,95,0,0.00331663513219922,0
Wyoming,2020-06-25T00:00:00.000,1,94,167,5203,5203,94,2020-06-25,1,167,0.00598802395209581,0.00333226474816672,1.11440235461584
Wyoming,2020-06-26T00:00:00.000,1,95,113,5316,5316,95,2020-06-26,1,113,0.00884955752212389,0.00334966537533609,1.11078718899887
Wyoming,2020-06-27T00:00:00.000,0,95,65,5381,5381,95,2020-06-27,0,65,0,0.0033688587593789,0
Wyoming,2020-06-28T00:00:00.000,0,95,149,5530,5530,95,2020-06-28,0,149,0,0.00338988331530271,0
Wyoming,2020-06-29T00:00:00.000,0,95,99,5629,5629,95,2020-06-29,0,99,0,0.00341278985829942,0
Wyoming,2020-06-30T00:00:00.000,0,95,94,5723,5723,95,2020-06-30,0,94,0,0.00343763717984153,0
Wyoming,2020-07-01T00:00:00.000,0,95,167,5890,5890,95,2020-07-01,0,167,0,0.00346448749466859,0
Wyoming,2020-07-02T00:00:00.000,0,95,112,6002,6002,95,2020-07-02,0,112,0,0.00349340178360437,0
Wyoming,2020-07-03T00:00:00.000,1,96,224,6226,6226,96,2020-07-03,1,224,0.00446428571428571,0.00352443505587695,1.10527945533022
Wyoming,2020-07-04T00:00:00.000,1,97,64,6290,6290,97,2020-07-04,1,64,0.015625,0.00355763155403036,1.10321493726862
Wyoming,2020-07-05T00:00:00.000,0,97,42,6332,6332,97,2020-07-05,0,42,0,0.00359301992472811,0
Wyoming,2020-07-06T00:00:00.000,0,97,89,6421,6421,97,2020-07-06,0,89,0,0.0036306083812888,0
Wyoming,2020-07-07T00:00:00.000,1,98,67,6488,6488,98,2020-07-07,1,67,0.0149253731343284,0.00367037988877384,1.09761987844329
Wyoming,2020-07-08T00:00:00.000,1,99,222,6710,6710,99,2020-07-08,1,222,0.0045045045045045,0.00371228741047725,1.09673693622688
Wyoming,2020-07-09T00:00:00.000,2,101,70,6780,6780,101,2020-07-09,2,70,0.0285714285714286,0.00375624926622745,2.19142641810739
Wyoming,2020-07-10T00:00:00.000,0,101,211,6991,6991,101,2020-07-10,0,211,0,0.00380214466751348,0
Wyoming,2020-07-11T00:00:00.000,0,101,86,7077,7077,101,2020-07-11,0,86,0,0.00384980951229315,0
Wyoming,2020-07-12T00:00:00.000,1,102,65,7142,7142,102,2020-07-12,1,65,0.0153846153846154,0.00389903254254213,1.09190851108116
Wyoming,2020-07-13T00:00:00.000,1,103,215,7357,7357,103,2020-07-13,1,215,0.00465116279069767,0.00394955198895445,1.09042994274637
Wyoming,2020-07-14T00:00:00.000,0,103,97,7454,7454,103,2020-07-14,0,97,0,0.0040010528490762,0
Wyoming,2020-07-15T00:00:00.000,0,103,92,7546,7546,103,2020-07-15,0,92,0,0.00405316496472344,0
Wyoming,2020-07-16T00:00:00.000,0,103,75,7621,7621,103,2020-07-16,0,75,0,0.00410546208096334,0
Wyoming,2020-07-17T00:00:00.000,1,104,83,7704,7704,104,2020-07-17,1,83,0.0120481927710843,0.00415746207884278,1.08926782678755
Wyoming,2020-07-18T00:00:00.000,0,104,161,7865,7865,104,2020-07-18,0,161,0,0.00420862857572755,0
Wyoming,2020-07-19T00:00:00.000,0,104,113,7978,7978,104,2020-07-19,0,113,0,0.00425837407769238,0
Wyoming,2020-07-20T00:00:00.000,3,107,114,8092,8092,107,2020-07-20,3,114,0.0263157894736842,0.00430606484594859,3.28150968374137
Wyoming,2020-07-21T00:00:00.000,1,108,102,8194,8194,108,2020-07-21,1,102,0.00980392156862745,0.00435102760163974,1.08996548965398
Wyoming,2020-07-22T00:00:00.000,0,108,122,8316,8316,108,2020-07-22,0,122,0,0.00439255814040116,0
Wyoming,2020-07-23T00:00:00.000,2,110,101,8417,8417,110,2020-07-23,2,101,0.0198019801980198,0.00442993185855108,2.15542396599401
Wyoming,2020-07-24T00:00:00.000,0,110,151,8568,8568,110,2020-07-24,0,151,0,0.00446241610967498,0
Wyoming,2020-07-25T00:00:00.000,0,110,209,8777,8777,110,2020-07-25,0,209,0,0.00448928421509508,0
Wyoming,2020-07-26T00:00:00.000,0,110,175,8952,8952,110,2020-07-26,0,175,0,0.00450983084957546,0
Wyoming,2020-07-27T00:00:00.000,1,111,106,9058,9058,111,2020-07-27,1,106,0.00943396226415094,0.00452338842022946,1.06795160128033
Wyoming,2020-07-28T00:00:00.000,0,111,83,9141,9141,111,2020-07-28,0,83,0,0.00452934395892401,0
Wyoming,2020-07-29T00:00:00.000,0,111,129,9270,9270,111,2020-07-29,0,129,0,0.00452715596442468,0
Wyoming,2020-07-30T00:00:00.000,1,112,114,9384,9384,112,2020-07-30,1,114,0.0087719298245614,0.00451637056856337,1.07374419266921
Wyoming,2020-07-31T00:00:00.000,0,112,74,9458,9458,112,2020-07-31,0,74,0,0.00449663636712353,0
Wyoming,2020-08-01T00:00:00.000,0,112,309,9767,9767,112,2020-08-01,0,309,0,0.00446771725848773,0
Wyoming,2020-08-02T00:00:00.000,1,113,64,9831,9831,113,2020-08-02,1,64,0.015625,0.00442950267369523,1.08317884012779
Wyoming,2020-08-03T00:00:00.000,0,113,85,9916,9916,113,2020-08-03,0,85,0,0.00438201466233841,0
Wyoming,2020-08-04T00:00:00.000,1,114,116,10032,10032,114,2020-08-04,1,116,0.00862068965517241,0.00432541141722934,1.08318975876731
Wyoming,2020-08-05T00:00:00.000,1,115,104,10136,10136,115,2020-08-05,1,104,0.00961538461538462,0.004259986971163,1.08242824576182
Wyoming,2020-08-06T00:00:00.000,1,116,114,10250,10250,116,2020-08-06,1,114,0.0087719298245614,0.00418616697267927,1.08088460036271
Wyoming,2020-08-07T00:00:00.000,0,116,139,10389,10389,116,2020-08-07,0,139,0,0.00410450063393245,0
Wyoming,2020-08-08T00:00:00.000,2,118,153,10542,10542,118,2020-08-08,2,153,0.0130718954248366,0.0040156491289616,2.15294925918708
Wyoming,2020-08-09T00:00:00.000,0,118,96,10638,10638,118,2020-08-09,0,96,0,0.00392037089239071,0
Wyoming,2020-08-10T00:00:00.000,0,118,88,10726,10726,118,2020-08-10,0,88,0,0.00381950441483725,0
Wyoming,2020-08-11T00:00:00.000,0,118,56,10782,10782,118,2020-08-11,0,56,0,0.00371394924109914,0
Wyoming,2020-08-12T00:00:00.000,0,118,167,10949,10949,118,2020-08-12,0,167,0,0.00360464594434434,0
Wyoming,2020-08-13T00:00:00.000,0,118,117,11066,11066,118,2020-08-13,0,117,0,0.00349255587003541,0
Wyoming,2020-08-14T00:00:00.000,0,118,151,11217,11217,118,2020-08-14,0,151,0,0.00337864141756944,0
Wyoming,2020-08-15T00:00:00.000,0,118,284,11501,11501,118,2020-08-15,0,284,0,0.00326384755985785,0
Wyoming,2020-08-16T00:00:00.000,0,118,26,11527,11527,118,2020-08-16,0,26,0,0.00314908519872091,0
Wyoming,2020-08-17T00:00:00.000,2,120,110,11637,11637,120,2020-08-17,2,110,0.0181818181818182,0.00303521682566098,2.0959020600451
Wyoming,2020-08-18T00:00:00.000,0,120,94,11731,11731,120,2020-08-18,0,94,0,0.00292304481512973,0
Wyoming,2020-08-19T00:00:00.000,0,120,132,11863,11863,120,2020-08-19,0,132,0,0.002813302530712,0
Wyoming,2020-08-20T00:00:00.000,1,121,138,12001,12001,121,2020-08-20,1,138,0.0072463768115942,0.00270664828394012,1.04199792840211
Wyoming,2020-08-21T00:00:00.000,0,121,159,12160,12160,121,2020-08-21,0,159,0,0.00260366205944878,0
Wyoming,2020-08-22T00:00:00.000,2,123,80,12240,12240,123,2020-08-22,2,80,0.025,0.00250484481468017,2.0710097473225
Wyoming,2020-08-23T00:00:00.000,1,124,166,12406,12406,124,2020-08-23,1,166,0.00602409638554217,0.00241062008110069,1.03137723301607
Wyoming,2020-08-24T00:00:00.000,1,125,156,12562,12562,125,2020-08-24,1,156,0.00641025641025641,0.00232133753917999,1.02520793407833
Wyoming,2020-08-25T00:00:00.000,0,125,128,12690,12690,125,2020-08-25,0,128,0,0.0022372782094025,0
Wyoming,2020-08-26T00:00:00.000,0,125,99,12789,12789,125,2020-08-26,0,99,0,0.0021586608951639,0
Wyoming,2020-08-27T00:00:00.000,0,125,120,12909,12909,125,2020-08-27,0,120,0,0.00208564952619585,0
Wyoming,2020-08-28T00:00:00.000,0,125,237,13146,13146,125,2020-08-28,0,237,0,0.00201836107951561,0
Wyoming,2020-08-29T00:00:00.000,1,126,197,13343,13343,126,2020-08-29,1,197,0.0050761421319797,0.00195687379387004,1.00116793958799
Wyoming,2020-08-30T00:00:00.000,0,126,61,13404,13404,126,2020-08-30,0,61,0,0.0019012354395477,0
Wyoming,2020-08-31T00:00:00.000,0,126,98,13502,13502,126,2020-08-31,0,98,0,0.00185147145374775,0
Wyoming,2020-09-01T00:00:00.000,0,126,153,13655,13655,126,2020-09-01,0,153,0,0.00180759279986227,0
Wyoming,2020-09-02T00:00:00.000,0,126,102,13757,13757,126,2020-09-02,0,102,0,0.00176960345409999,0
Wyoming,2020-09-03T00:00:00.000,0,126,86,13843,13843,126,2020-09-03,0,86,0,0.00173750746343262,0
Wyoming,2020-09-04T00:00:00.000,0,126,115,13958,13958,126,2020-09-04,0,115,0,0.00171131555348799,0
Wyoming,2020-09-05T00:00:00.000,0,126,196,14154,14154,126,2020-09-05,0,196,0,0.00169105129355536,0
Wyoming,2020-09-06T00:00:00.000,1,127,161,14315,14315,127,2020-09-06,1,161,0.0062111801242236,0.00167675684792432,1.01265258338572
Wyoming,2020-09-07T00:00:00.000,0,127,40,14355,14355,127,2020-09-07,0,40,0,0.00166849835884537,0
Wyoming,2020-09-08T00:00:00.000,0,127,92,14447,14447,127,2020-09-08,0,92,0,0.00166637101671991,0
Wyoming,2020-09-09T00:00:00.000,0,127,103,14550,14550,127,2020-09-09,0,103,0,0.00167050387855554,0
Wyoming,2020-09-10T00:00:00.000,0,127,51,14601,14601,127,2020-09-10,0,51,0,0.00168106449645667,0
Wyoming,2020-09-11T00:00:00.000,1,128,128,14729,14729,128,2020-09-11,1,128,0.0078125,0.00169826341499914,1.02683393361563
Wyoming,2020-09-12T00:00:00.000,0,128,76,14805,14805,128,2020-09-12,0,76,0,0.00172235858985625,0
Wyoming,2020-09-13T00:00:00.000,2,130,222,15027,15027,130,2020-09-13,2,222,0.00900900900900901,0.00175365977075276,2.08275799806086
Wyoming,2020-09-14T00:00:00.000,0,130,411,15438,15438,130,2020-09-14,0,411,0,0.00179253287981361,0
Wyoming,2020-09-15T00:00:00.000,0,130,430,15868,15868,130,2020-09-15,0,430,0,0.00183940440222739,0
Wyoming,2020-09-16T00:00:00.000,0,130,459,16327,16327,130,2020-09-16,0,459,0,0.00189476578985283,0
Wyoming,2020-09-17T00:00:00.000,1,131,342,16669,16669,131,2020-09-17,1,342,0.00292397660818713,0.00195917786047866,1.0715848867084
Wyoming,2020-09-18T00:00:00.000,1,132,416,17085,17085,132,2020-09-18,1,416,0.00240384615384615,0.00203327515620747,1.07882025119995
Wyoming,2020-09-19T00:00:00.000,0,132,579,17664,17664,132,2020-09-19,0,579,0,0.00211777020427775,0
Wyoming,2020-09-20T00:00:00.000,0,132,126,17790,17790,132,2020-09-20,0,126,0,0.0022134576037025,0
Wyoming,2020-09-21T00:00:00.000,0,132,722,18512,18512,132,2020-09-21,0,722,0,0.00232121784177239,0
Wyoming,2020-09-22T00:00:00.000,0,132,417,18929,18929,132,2020-09-22,0,417,0,0.00244202072810833,0
Wyoming,2020-09-23T00:00:00.000,2,134,374,19303,19303,134,2020-09-23,2,374,0.0053475935828877,0.00257692832151699,2.21065903723057
Wyoming,2020-09-24T00:00:00.000,1,135,251,19554,19554,135,2020-09-24,1,251,0.00398406374501992,0.00272709721957454,1.11397409264094
Wyoming,2020-09-25T00:00:00.000,1,136,165,19719,19719,136,2020-09-25,1,165,0.00606060606060606,0.00289378008540091,1.12057893342758
Wyoming,2020-09-26T00:00:00.000,1,137,291,20010,20010,137,2020-09-26,1,291,0.00343642611683849,0.00307832630390508,1.12620434813046
Wyoming,2020-09-27T00:00:00.000,0,137,62,20072,20072,137,2020-09-27,0,62,0,0.0032821816954263,0
Wyoming,2020-09-28T00:00:00.000,0,137,78,20150,20150,137,2020-09-28,0,78,0,0.00350688727248242,0
Wyoming,2020-09-29T00:00:00.000,0,137,98,20248,20248,137,2020-09-29,0,98,0,0.00375407710997887,0
Wyoming,2020-09-30T00:00:00.000,0,137,157,20405,20405,137,2020-09-30,0,157,0,0.00402547551605505,0
Wyoming,2020-10-01T00:00:00.000,0,137,190,20595,20595,137,2020-10-01,0,190,0,0.00432289384364279,0
Wyoming,2020-10-02T00:00:00.000,3,140,177,20772,20772,140,2020-10-02,3,177,0.0169491525423729,0.00464822747614668,3.41239100747756
Wyoming,2020-10-03T00:00:00.000,1,141,348,21120,21120,141,2020-10-03,1,348,0.0028735632183908,0.00500345375730324,1.14800682513009
Wyoming,2020-10-04T00:00:00.000,1,142,54,21174,21174,142,2020-10-04,1,54,0.0185185185185185,0.00539063191661875,1.16280235691173
Wyoming,2020-10-05T00:00:00.000,2,144,126,21300,21300,144,2020-10-05,2,126,0.0158730158730159,0.00581190636866199,2.35751317690327
Wyoming,2020-10-06T00:00:00.000,3,147,129,21429,21429,147,2020-10-06,3,129,0.0232558139534884,0.00626951513624751,3.58501615738972
Wyoming,2020-10-07T00:00:00.000,0,147,153,21582,21582,147,2020-10-07,0,153,0,0.00676580556327925,0
Wyoming,2020-10-08T00:00:00.000,3,150,267,21849,21849,150,2020-10-08,3,267,0.0112359550561798,0.00730325994318871,3.68468966383545
Wyoming,2020-10-09T00:00:00.000,0,150,218,22067,22067,150,2020-10-09,0,218,0,0.00788453419712117,0
Wyoming,2020-10-10T00:00:00.000,2,152,80,22147,22147,152,2020-10-10,2,80,0.025,0.00851251330199772,2.52442034563257
Wyoming,2020-10-11T00:00:00.000,0,152,166,22313,22313,152,2020-10-11,0,166,0,0.00919038781338337,0
Yates,2020-03-01T00:00:00.000,0,0,0,0,0,0,2020-03-01,0,0,0,2.22044604925031e-16,0
Yates,2020-03-02T00:00:00.000,0,0,0,0,0,0,2020-03-02,0,0,0,2.22044604925031e-16,0
Yates,2020-03-03T00:00:00.000,0,0,0,0,0,0,2020-03-03,0,0,0,2.22044604925031e-16,0
Yates,2020-03-04T00:00:00.000,0,0,0,0,0,0,2020-03-04,0,0,0,2.51790017335495e-13,0
Yates,2020-03-05T00:00:00.000,0,0,0,0,0,0,2020-03-05,0,0,0,8.83543682916758e-13,0
Yates,2020-03-06T00:00:00.000,0,0,0,0,0,0,2020-03-06,0,0,0,3.08492774323821e-12,0
Yates,2020-03-07T00:00:00.000,0,0,0,0,0,0,2020-03-07,0,0,0,1.06941782109369e-11,0
Yates,2020-03-08T00:00:00.000,0,0,0,0,0,0,2020-03-08,0,0,0,3.67180357156431e-11,0
Yates,2020-03-09T00:00:00.000,0,0,0,0,0,0,2020-03-09,0,0,0,1.24536071916373e-10,0
Yates,2020-03-10T00:00:00.000,0,0,0,0,0,0,2020-03-10,0,0,0,4.16084637838427e-10,0
Yates,2020-03-11T00:00:00.000,0,0,0,0,0,0,2020-03-11,0,0,0,1.36546727075482e-09,0
Yates,2020-03-12T00:00:00.000,0,0,0,0,0,0,2020-03-12,0,0,0,4.38846637493105e-09,0
Yates,2020-03-13T00:00:00.000,0,0,1,1,1,0,2020-03-13,0,1,0,1.37718280595492e-08,0
Yates,2020-03-14T00:00:00.000,0,0,2,3,3,0,2020-03-14,0,2,0,4.2077409647799e-08,0
Yates,2020-03-15T00:00:00.000,0,0,1,4,4,0,2020-03-15,0,1,0,1.24810137610871e-07,0
Yates,2020-03-16T00:00:00.000,0,0,0,4,4,0,2020-03-16,0,0,0,3.58433996094421e-07,0
Yates,2020-03-17T00:00:00.000,0,0,0,4,4,0,2020-03-17,0,0,0,9.9404764261561e-07,0
Yates,2020-03-18T00:00:00.000,0,0,3,7,7,0,2020-03-18,0,3,0,2.65584561154562e-06,0
Yates,2020-03-19T00:00:00.000,0,0,1,8,8,0,2020-03-19,0,1,0,6.82096204304483e-06,0
Yates,2020-03-20T00:00:00.000,0,0,2,10,10,0,2020-03-20,0,2,0,1.68068320503206e-05,0
Yates,2020-03-21T00:00:00.000,0,0,3,13,13,0,2020-03-21,0,3,0,3.96627162278353e-05,0
Yates,2020-03-22T00:00:00.000,0,0,3,16,16,0,2020-03-22,0,3,0,8.9517676891021e-05,0
Yates,2020-03-23T00:00:00.000,0,0,3,19,19,0,2020-03-23,0,3,0,0.000192999383311725,0
Yates,2020-03-24T00:00:00.000,0,0,3,22,22,0,2020-03-24,0,3,0,0.000397130148971393,0
Yates,2020-03-25T00:00:00.000,0,0,1,23,23,0,2020-03-25,0,1,0,0.000779407394565451,0
Yates,2020-03-26T00:00:00.000,0,0,2,25,25,0,2020-03-26,0,2,0,0.00145843672183389,0
Yates,2020-03-27T00:00:00.000,0,0,10,35,35,0,2020-03-27,0,10,0,0.00260163309373711,0
Yates,2020-03-28T00:00:00.000,0,0,7,42,42,0,2020-03-28,0,7,0,0.00442474829742489,0
Yates,2020-03-29T00:00:00.000,0,0,2,44,44,0,2020-03-29,0,2,0,0.00717745178657487,0
Yates,2020-03-30T00:00:00.000,0,0,3,47,47,0,2020-03-30,0,3,0,0.0111111914231888,0
Yates,2020-03-31T00:00:00.000,0,0,7,54,54,0,2020-03-31,0,7,0,0.0164307394602374,0
Yates,2020-04-01T00:00:00.000,1,1,8,62,62,1,2020-04-01,1,8,0.125,0.0232381642423028,0.979456719942294
Yates,2020-04-02T00:00:00.000,0,1,7,69,69,1,2020-04-02,0,7,0,0.0314843749051502,0
Yates,2020-04-03T00:00:00.000,0,1,3,72,72,1,2020-04-03,0,3,0,0.0409448717321618,0
Yates,2020-04-04T00:00:00.000,0,1,6,78,78,1,2020-04-04,0,6,0,0.0512306142881815,0
Yates,2020-04-05T00:00:00.000,0,1,2,80,80,1,2020-04-05,0,2,0,0.0618336912384061,0
Yates,2020-04-06T00:00:00.000,0,1,3,83,83,1,2020-04-06,0,3,0,0.072196008630755,0
Yates,2020-04-07T00:00:00.000,0,1,5,88,88,1,2020-04-07,0,5,0,0.081783000960512,0
Yates,2020-04-08T00:00:00.000,0,1,7,95,95,1,2020-04-08,0,7,0,0.0901455524524775,0
Yates,2020-04-09T00:00:00.000,1,2,3,98,98,2,2020-04-09,1,3,0.333333333333333,0.0969598708248518,1.12931011915625
Yates,2020-04-10T00:00:00.000,0,2,5,103,103,2,2020-04-10,0,5,0,0.102042947243972,0
Yates,2020-04-11T00:00:00.000,1,3,6,109,109,3,2020-04-11,1,6,0.166666666666667,0.105347201609908,1.15859045748614
Yates,2020-04-12T00:00:00.000,1,4,4,113,113,4,2020-04-12,1,4,0.25,0.106940767887839,1.17611276465327
Yates,2020-04-13T00:00:00.000,2,6,5,118,118,6,2020-04-13,2,5,0.4,0.106980131992922,2.38350536905015
Yates,2020-04-14T00:00:00.000,0,6,5,123,123,6,2020-04-14,0,5,0,0.105680647409869,0
Yates,2020-04-15T00:00:00.000,1,7,2,125,125,7,2020-04-15,1,2,0.5,0.103288817197236,1.21610277605195
Yates,2020-04-16T00:00:00.000,1,8,10,135,135,8,2020-04-16,1,10,0.1,0.100058705198502,1.22273912009388
Yates,2020-04-17T00:00:00.000,1,9,28,163,163,9,2020-04-17,1,28,0.0357142857142857,0.0962336221531208,1.22761854997859
Yates,2020-04-18T00:00:00.000,0,9,2,165,165,9,2020-04-18,0,2,0,0.0920333329149834,0
Yates,2020-04-19T00:00:00.000,1,10,13,178,178,10,2020-04-19,1,13,0.0769230769230769,0.0876464029951239,1.23229747483417
Yates,2020-04-20T00:00:00.000,0,10,1,179,179,10,2020-04-20,0,1,0,0.0832269032443937,0
Yates,2020-04-21T00:00:00.000,1,11,1,180,180,11,2020-04-21,1,1,1,0.078894488110144,1.23196792609717
Yates,2020-04-22T00:00:00.000,0,11,8,188,188,11,2020-04-22,0,8,0,0.0747368236971464,0
Yates,2020-04-23T00:00:00.000,0,11,5,193,193,11,2020-04-23,0,5,0,0.0708134271159423,0
Yates,2020-04-24T00:00:00.000,5,16,41,234,234,16,2020-04-24,5,41,0.121951219512195,0.067160142604304,6.12386491936663
Yates,2020-04-25T00:00:00.000,1,17,4,238,238,17,2020-04-25,1,4,0.25,0.0637936780537778,1.22096585835571
Yates,2020-04-26T00:00:00.000,0,17,3,241,241,17,2020-04-26,0,3,0,0.0607158211333825,0
Yates,2020-04-27T00:00:00.000,0,17,3,244,244,17,2020-04-27,0,3,0,0.0579171233652883,0
Yates,2020-04-28T00:00:00.000,0,17,8,252,252,17,2020-04-28,0,8,0,0.0553799715029493,0
Yates,2020-04-29T00:00:00.000,1,18,10,262,262,18,2020-04-29,1,10,0.1,0.0530810569974108,1.2023748750784
Yates,2020-04-30T00:00:00.000,0,18,12,274,274,18,2020-04-30,0,12,0,0.0509933106380592,0
Yates,2020-05-01T00:00:00.000,0,18,13,287,287,18,2020-05-01,0,13,0,0.0490873979866969,0
Yates,2020-05-02T00:00:00.000,1,19,23,310,310,19,2020-05-02,1,23,0.0434782608695652,0.0473328796918545,1.21134977325005
Yates,2020-05-03T00:00:00.000,0,19,9,319,319,19,2020-05-03,0,9,0,0.0456991355983879,0
Yates,2020-05-04T00:00:00.000,0,19,7,326,326,19,2020-05-04,0,7,0,0.0441561378297808,0
Yates,2020-05-05T00:00:00.000,0,19,13,339,339,19,2020-05-05,0,13,0,0.0426751391976344,0
Yates,2020-05-06T00:00:00.000,0,19,13,352,352,19,2020-05-06,0,13,0,0.0412293216888711,0
Yates,2020-05-07T00:00:00.000,1,20,12,364,364,20,2020-05-07,1,12,0.0833333333333333,0.0397944273135312,1.20375772492675
Yates,2020-05-08T00:00:00.000,0,20,24,388,388,20,2020-05-08,0,24,0,0.0383493716561267,0
Yates,2020-05-09T00:00:00.000,1,21,27,415,415,21,2020-05-09,1,27,0.037037037037037,0.0368768207514455,1.21130224337578
Yates,2020-05-10T00:00:00.000,0,21,15,430,430,21,2020-05-10,0,15,0,0.0353636961180917,0
Yates,2020-05-11T00:00:00.000,0,21,15,445,445,21,2020-05-11,0,15,0,0.0338015626865571,0
Yates,2020-05-12T00:00:00.000,1,22,23,468,468,22,2020-05-12,1,23,0.0434782608695652,0.0321868514854873,1.22128975683183
Yates,2020-05-13T00:00:00.000,0,22,51,519,519,22,2020-05-13,0,51,0,0.0305208742482655,0
Yates,2020-05-14T00:00:00.000,0,22,16,535,535,22,2020-05-14,0,16,0,0.0288096005065526,0
Yates,2020-05-15T00:00:00.000,0,22,15,550,550,22,2020-05-15,0,15,0,0.0270631879656043,0
Yates,2020-05-16T00:00:00.000,1,23,14,564,564,23,2020-05-16,1,14,0.0714285714285714,0.0252952815293154,1.25581168425342
Yates,2020-05-17T00:00:00.000,2,25,22,586,586,25,2020-05-17,2,22,0.0909090909090909,0.0235221216558197,2.51401751994658
Yates,2020-05-18T00:00:00.000,1,26,25,611,611,26,2020-05-18,1,25,0.04,0.0217615248804054,1.25643006110834
Yates,2020-05-19T00:00:00.000,8,34,67,678,678,34,2020-05-19,8,67,0.119402985074627,0.0200318145244763,10.0338035980804
Yates,2020-05-20T00:00:00.000,0,34,62,740,740,34,2020-05-20,0,62,0,0.0183507852757094,0
Yates,2020-05-21T00:00:00.000,0,34,107,847,847,34,2020-05-21,0,107,0,0.0167347803406234,0
Yates,2020-05-22T00:00:00.000,3,37,22,869,869,37,2020-05-22,3,22,0.136363636363636,0.0151979451910065,3.74388661512078
Yates,2020-05-23T00:00:00.000,0,37,58,927,927,37,2020-05-23,0,58,0,0.0137517000934797,0
Yates,2020-05-24T00:00:00.000,0,37,28,955,955,37,2020-05-24,0,28,0,0.0124044483170566,0
Yates,2020-05-25T00:00:00.000,0,37,67,1022,1022,37,2020-05-25,0,67,0,0.0111615122066002,0
Yates,2020-05-26T00:00:00.000,2,39,28,1050,1050,39,2020-05-26,2,28,0.0714285714285714,0.0100252686208384,2.43897475833878
Yates,2020-05-27T00:00:00.000,0,39,50,1100,1100,39,2020-05-27,0,50,0,0.00899544097272123,0
Yates,2020-05-28T00:00:00.000,0,39,130,1230,1230,39,2020-05-28,0,130,0,0.00806949814749859,0
Yates,2020-05-29T00:00:00.000,0,39,31,1261,1261,39,2020-05-29,0,31,0,0.00724311052044808,0
Yates,2020-05-30T00:00:00.000,0,39,87,1348,1348,39,2020-05-30,0,87,0,0.00651061870796451,0
Yates,2020-05-31T00:00:00.000,0,39,77,1425,1425,39,2020-05-31,0,77,0,0.00586547962255355,0
Yates,2020-06-01T00:00:00.000,0,39,48,1473,1473,39,2020-06-01,0,48,0,0.00530066486104514,0
Yates,2020-06-02T00:00:00.000,0,39,108,1581,1581,39,2020-06-02,0,108,0,0.00480899675717913,0
Yates,2020-06-03T00:00:00.000,0,39,78,1659,1659,39,2020-06-03,0,78,0,0.00438341637062462,0
Yates,2020-06-04T00:00:00.000,0,39,113,1772,1772,39,2020-06-04,0,113,0,0.00401718462162987,0
Yates,2020-06-05T00:00:00.000,0,39,109,1881,1881,39,2020-06-05,0,109,0,0.00370402253979612,0
Yates,2020-06-06T00:00:00.000,0,39,73,1954,1954,39,2020-06-06,0,73,0,0.00343819933039593,0
Yates,2020-06-07T00:00:00.000,0,39,110,2064,2064,39,2020-06-07,0,110,0,0.00321457804116145,0
Yates,2020-06-08T00:00:00.000,0,39,30,2094,2094,39,2020-06-08,0,30,0,0.00302862847289939,0
Yates,2020-06-09T00:00:00.000,0,39,64,2158,2158,39,2020-06-09,0,64,0,0.00287641604228048,0
Yates,2020-06-10T00:00:00.000,0,39,99,2257,2257,39,2020-06-10,0,99,0,0.00275457393189495,0
Yates,2020-06-11T00:00:00.000,0,39,103,2360,2360,39,2020-06-11,0,103,0,0.00266026432769548,0
Yates,2020-06-12T00:00:00.000,0,39,52,2412,2412,39,2020-06-12,0,52,0,0.0025911330307614,0
Yates,2020-06-13T00:00:00.000,1,40,64,2476,2476,40,2020-06-13,1,64,0.015625,0.00254526035226519,1.14258301146316
Yates,2020-06-14T00:00:00.000,0,40,89,2565,2565,40,2020-06-14,0,89,0,0.0025211100181482,0
Yates,2020-06-15T00:00:00.000,0,40,98,2663,2663,40,2020-06-15,0,98,0,0.00251747684491179,0
Yates,2020-06-16T00:00:00.000,0,40,58,2721,2721,40,2020-06-16,0,58,0,0.00253343320614235,0
Yates,2020-06-17T00:00:00.000,0,40,53,2774,2774,40,2020-06-17,0,53,0,0.00256827378775959,0
Yates,2020-06-18T00:00:00.000,0,40,74,2848,2848,40,2020-06-18,0,74,0,0.00262145782935976,0
Yates,2020-06-19T00:00:00.000,1,41,49,2897,2897,41,2020-06-19,1,49,0.0204081632653061,0.00269254797756477,1.11085219034815
Yates,2020-06-20T00:00:00.000,0,41,70,2967,2967,41,2020-06-20,0,70,0,0.00278114504600193,0
Yates,2020-06-21T00:00:00.000,1,42,72,3039,3039,42,2020-06-21,1,72,0.0138888888888889,0.00288681840308487,1.10104415029352
Yates,2020-06-22T00:00:00.000,1,43,43,3082,3082,43,2020-06-22,1,43,0.0232558139534884,0.0030090324003492,1.10574017435718
Yates,2020-06-23T00:00:00.000,1,44,44,3126,3126,44,2020-06-23,1,44,0.0227272727272727,0.00314707020179372,1.11050694521824
Yates,2020-06-24T00:00:00.000,0,44,41,3167,3167,44,2020-06-24,0,41,0,0.00329995753419043,0
Yates,2020-06-25T00:00:00.000,1,45,61,3228,3228,45,2020-06-25,1,61,0.0163934426229508,0.00346639016677137,1.11880865033646
Yates,2020-06-26T00:00:00.000,0,45,56,3284,3284,45,2020-06-26,0,56,0,0.0036446701926868,0
Yates,2020-06-27T00:00:00.000,0,45,63,3347,3347,45,2020-06-27,0,63,0,0.00383265724001836,0
Yates,2020-06-28T00:00:00.000,1,46,133,3480,3480,46,2020-06-28,1,133,0.0075187969924812,0.00402774133719268,1.12140595694382
Yates,2020-06-29T00:00:00.000,0,46,55,3535,3535,46,2020-06-29,0,55,0,0.00422684405724248,0
Yates,2020-06-30T00:00:00.000,0,46,53,3588,3588,46,2020-06-30,0,53,0,0.00442645355853576,0
Yates,2020-07-01T00:00:00.000,0,46,28,3616,3616,46,2020-07-01,0,28,0,0.00462269710999861,0
Yates,2020-07-02T00:00:00.000,0,46,67,3683,3683,46,2020-07-02,0,67,0,0.00481145167753654,0
Yates,2020-07-03T00:00:00.000,2,48,84,3767,3767,48,2020-07-03,2,84,0.0238095238095238,0.00498848938017111,2.28870620562889
Yates,2020-07-04T00:00:00.000,0,48,45,3812,3812,48,2020-07-04,0,45,0,0.00514965050922876,0
Yates,2020-07-05T00:00:00.000,0,48,33,3845,3845,48,2020-07-05,0,33,0,0.00529103291886369,0
Yates,2020-07-06T00:00:00.000,0,48,59,3904,3904,48,2020-07-06,0,59,0,0.00540918356109097,0
Yates,2020-07-07T00:00:00.000,0,48,73,3977,3977,48,2020-07-07,0,73,0,0.00550127633855497,0
Yates,2020-07-08T00:00:00.000,0,48,87,4064,4064,48,2020-07-08,0,87,0,0.00556526068101356,0
Yates,2020-07-09T00:00:00.000,0,48,65,4129,4129,48,2020-07-09,0,65,0,0.00559996743219233,0
Yates,2020-07-10T00:00:00.000,0,48,59,4188,4188,48,2020-07-10,0,59,0,0.00560516256195508,0
Yates,2020-07-11T00:00:00.000,0,48,44,4232,4232,48,2020-07-11,0,44,0,0.00558154437184893,0
Yates,2020-07-12T00:00:00.000,0,48,46,4278,4278,48,2020-07-12,0,46,0,0.00553068551338077,0
Yates,2020-07-13T00:00:00.000,1,49,54,4332,4332,49,2020-07-13,1,54,0.0185185185185185,0.00545492648373679,1.12621647254605
Yates,2020-07-14T00:00:00.000,1,50,55,4387,4387,50,2020-07-14,1,55,0.0181818181818182,0.00535723155917424,1.12111273858316
Yates,2020-07-15T00:00:00.000,0,50,84,4471,4471,50,2020-07-15,0,84,0,0.00524102086619252,0
Yates,2020-07-16T00:00:00.000,1,51,89,4560,4560,51,2020-07-16,1,89,0.0112359550561798,0.00510999321974506,1.11051515039693
Yates,2020-07-17T00:00:00.000,0,51,104,4664,4664,51,2020-07-17,0,104,0,0.00496795356066795,0
Yates,2020-07-18T00:00:00.000,0,51,33,4697,4697,51,2020-07-18,0,33,0,0.00481865661205632,0
Yates,2020-07-19T00:00:00.000,0,51,46,4743,4743,51,2020-07-19,0,46,0,0.00466567523996201,0
Yates,2020-07-20T00:00:00.000,0,51,109,4852,4852,51,2020-07-20,0,109,0,0.00451229848535338,0
Yates,2020-07-21T00:00:00.000,0,51,53,4905,4905,51,2020-07-21,0,53,0,0.00436146083515718,0
Yates,2020-07-22T00:00:00.000,0,51,115,5020,5020,51,2020-07-22,0,115,0,0.00421570139031885,0
Yates,2020-07-23T00:00:00.000,0,51,41,5061,5061,51,2020-07-23,0,41,0,0.00407714941546373,0
Yates,2020-07-24T00:00:00.000,0,51,79,5140,5140,51,2020-07-24,0,79,0,0.00394753137655801,0
Yates,2020-07-25T00:00:00.000,0,51,120,5260,5260,51,2020-07-25,0,120,0,0.00382819396125236,0
Yates,2020-07-26T00:00:00.000,1,52,67,5327,5327,52,2020-07-26,1,67,0.0149253731343284,0.00372013759025623,1.04666395635903
Yates,2020-07-27T00:00:00.000,0,52,55,5382,5382,52,2020-07-27,0,55,0,0.00362405539906905,0
Yates,2020-07-28T00:00:00.000,0,52,47,5429,5429,52,2020-07-28,0,47,0,0.00354037342320218,0
Yates,2020-07-29T00:00:00.000,0,52,39,5468,5468,52,2020-07-29,0,39,0,0.00346928860279293,0
Yates,2020-07-30T00:00:00.000,1,53,90,5558,5558,53,2020-07-30,1,90,0.0111111111111111,0.00341080211400176,1.04401688702353
Yates,2020-07-31T00:00:00.000,2,55,58,5616,5616,55,2020-07-31,2,58,0.0344827586206897,0.00336474636974622,2.0934973312851
Yates,2020-08-01T00:00:00.000,0,55,86,5702,5702,55,2020-08-01,0,86,0,0.00333080476072925,0
Yates,2020-08-02T00:00:00.000,0,55,51,5753,5753,55,2020-08-02,0,51,0,0.00330852383657748,0
Yates,2020-08-03T00:00:00.000,1,56,65,5818,5818,56,2020-08-03,1,65,0.0153846153846154,0.00329731816347294,1.05311644322124
Yates,2020-08-04T00:00:00.000,0,56,49,5867,5867,56,2020-08-04,0,49,0,0.00329646856743951,0
Yates,2020-08-05T00:00:00.000,0,56,75,5942,5942,56,2020-08-05,0,75,0,0.00330511491244917,0
Yates,2020-08-06T00:00:00.000,0,56,50,5992,5992,56,2020-08-06,0,50,0,0.00332224499279983,0
Yates,2020-08-07T00:00:00.000,0,56,122,6114,6114,56,2020-08-07,0,122,0,0.0033466815446438,0
Yates,2020-08-08T00:00:00.000,1,57,64,6178,6178,57,2020-08-08,1,64,0.015625,0.00337706980086735,1.05799161713376
Yates,2020-08-09T00:00:00.000,0,57,37,6215,6215,57,2020-08-09,0,37,0,0.00341186838951114,0
Yates,2020-08-10T00:00:00.000,0,57,49,6264,6264,57,2020-08-10,0,49,0,0.00344934665044043,0
Yates,2020-08-11T00:00:00.000,0,57,133,6397,6397,57,2020-08-11,0,133,0,0.00348759154808326,0
Yates,2020-08-12T00:00:00.000,1,58,94,6491,6491,58,2020-08-12,1,94,0.0106382978723404,0.00352452719081461,1.06347862611551
Yates,2020-08-13T00:00:00.000,0,58,58,6549,6549,58,2020-08-13,0,58,0,0.00355794944630933,0
Yates,2020-08-14T00:00:00.000,1,59,55,6604,6604,59,2020-08-14,1,55,0.0181818181818182,0.00358557720148167,1.06202017053565
Yates,2020-08-15T00:00:00.000,0,59,82,6686,6686,59,2020-08-15,0,82,0,0.00360512043590137,0
Yates,2020-08-16T00:00:00.000,0,59,59,6745,6745,59,2020-08-16,0,59,0,0.00361436350795741,0
Yates,2020-08-17T00:00:00.000,0,59,70,6815,6815,59,2020-08-17,0,70,0,0.00361126004283621,0
Yates,2020-08-18T00:00:00.000,0,59,51,6866,6866,59,2020-08-18,0,51,0,0.00359403377576221,0
Yates,2020-08-19T00:00:00.000,0,59,64,6930,6930,59,2020-08-19,0,64,0,0.00356127795143943,0
Yates,2020-08-20T00:00:00.000,0,59,96,7026,7026,59,2020-08-20,0,96,0,0.00351204473632404,0
Yates,2020-08-21T00:00:00.000,0,59,61,7087,7087,59,2020-08-21,0,61,0,0.0034459158540713,0
Yates,2020-08-22T00:00:00.000,1,60,90,7177,7177,60,2020-08-22,1,90,0.0111111111111111,0.00336304650583632,1.06646682957768
Yates,2020-08-23T00:00:00.000,0,60,27,7204,7204,60,2020-08-23,0,27,0,0.00326417662108297,0
Yates,2020-08-24T00:00:00.000,0,60,35,7239,7239,60,2020-08-24,0,35,0,0.00315060642577314,0
Yates,2020-08-25T00:00:00.000,0,60,78,7317,7317,60,2020-08-25,0,78,0,0.00302413687664867,0
Yates,2020-08-26T00:00:00.000,0,60,47,7364,7364,60,2020-08-26,0,47,0,0.00288697918168015,0
Yates,2020-08-27T00:00:00.000,0,60,94,7458,7458,60,2020-08-27,0,94,0,0.00274164087399762,0
Yates,2020-08-28T00:00:00.000,1,61,65,7523,7523,61,2020-08-28,1,65,0.0153846153846154,0.00259079823062077,1.02978804240005
Yates,2020-08-29T00:00:00.000,0,61,100,7623,7623,61,2020-08-29,0,100,0,0.00243716589949462,0
Yates,2020-08-30T00:00:00.000,1,62,80,7703,7703,62,2020-08-30,1,80,0.0125,0.00228337429429315,1.01606567999474
Yates,2020-08-31T00:00:00.000,0,62,32,7735,7735,62,2020-08-31,0,32,0,0.00213186376768425,0
Yates,2020-09-01T00:00:00.000,0,62,47,7782,7782,62,2020-09-01,0,47,0,0.00198480209212809,0
Yates,2020-09-02T00:00:00.000,0,62,69,7851,7851,62,2020-09-02,0,69,0,0.00184402881332352,0
Yates,2020-09-03T00:00:00.000,0,62,86,7937,7937,62,2020-09-03,0,86,0,0.00171102706106984,0
Yates,2020-09-04T00:00:00.000,0,62,56,7993,7993,62,2020-09-04,0,56,0,0.00158692081612577,0
Yates,2020-09-05T00:00:00.000,0,62,87,8080,8080,62,2020-09-05,0,87,0,0.00147249371564397,0
Yates,2020-09-06T00:00:00.000,0,62,60,8140,8140,62,2020-09-06,0,60,0,0.00136822436389592,0
Yates,2020-09-07T00:00:00.000,0,62,37,8177,8177,62,2020-09-07,0,37,0,0.00127433277794036,0
Yates,2020-09-08T00:00:00.000,0,62,34,8211,8211,62,2020-09-08,0,34,0,0.00119083291416059,0
Yates,2020-09-09T00:00:00.000,0,62,35,8246,8246,62,2020-09-09,0,35,0,0.00111758699899675,0
Yates,2020-09-10T00:00:00.000,0,62,85,8331,8331,62,2020-09-10,0,85,0,0.00105435842521035,0
Yates,2020-09-11T00:00:00.000,0,62,97,8428,8428,62,2020-09-11,0,97,0,0.00100086108760311,0
Yates,2020-09-12T00:00:00.000,0,62,74,8502,8502,62,2020-09-12,0,74,0,0.000956804085031806,0
Yates,2020-09-13T00:00:00.000,0,62,113,8615,8615,62,2020-09-13,0,113,0,0.000921931620270636,0
Yates,2020-09-14T00:00:00.000,0,62,40,8655,8655,62,2020-09-14,0,40,0,0.000896058650122162,0
Yates,2020-09-15T00:00:00.000,0,62,50,8705,8705,62,2020-09-15,0,50,0,0.000879103373615842,0
Yates,2020-09-16T00:00:00.000,0,62,94,8799,8799,62,2020-09-16,0,94,0,0.000871118023611652,0
Yates,2020-09-17T00:00:00.000,0,62,91,8890,8890,62,2020-09-17,0,91,0,0.000872319683637267,0
Yates,2020-09-18T00:00:00.000,0,62,71,8961,8961,62,2020-09-18,0,71,0,0.000883123029311749,0
Yates,2020-09-19T00:00:00.000,0,62,179,9140,9140,62,2020-09-19,0,179,0,0.000904177030034731,0
Yates,2020-09-20T00:00:00.000,0,62,71,9211,9211,62,2020-09-20,0,71,0,0.000936407768449789,0
Yates,2020-09-21T00:00:00.000,0,62,43,9254,9254,62,2020-09-21,0,43,0,0.000981069663144153,0
Yates,2020-09-22T00:00:00.000,0,62,72,9326,9326,62,2020-09-22,0,72,0,0.00103980751447096,0
Yates,2020-09-23T00:00:00.000,0,62,63,9389,9389,62,2020-09-23,0,63,0,0.00111473193009041,0
Yates,2020-09-24T00:00:00.000,0,62,92,9481,9481,62,2020-09-24,0,92,0,0.00120851080006896,0
Yates,2020-09-25T00:00:00.000,0,62,77,9558,9558,62,2020-09-25,0,77,0,0.00132447954646297,0
Yates,2020-09-26T00:00:00.000,2,64,124,9682,9682,64,2020-09-26,2,124,0.0161290322580645,0.00146677282269551,2.0914718111742
Yates,2020-09-27T00:00:00.000,0,64,103,9785,9785,64,2020-09-27,0,103,0,0.00164048012727558,0
Yates,2020-09-28T00:00:00.000,0,64,45,9830,9830,64,2020-09-28,0,45,0,0.0018518273736367,0
Yates,2020-09-29T00:00:00.000,0,64,63,9893,9893,64,2020-09-29,0,63,0,0.00210838579110095,0
Yates,2020-09-30T00:00:00.000,0,64,87,9980,9980,64,2020-09-30,0,87,0,0.00241930863154877,0
Yates,2020-10-01T00:00:00.000,1,65,86,10066,10066,65,2020-10-01,1,86,0.0116279069767442,0.00279559512265127,1.08757857085189
Yates,2020-10-02T00:00:00.000,0,65,101,10167,10167,65,2020-10-02,0,101,0,0.00325038016837003,0
Yates,2020-10-03T00:00:00.000,1,66,132,10299,10299,66,2020-10-03,1,132,0.00757575757575758,0.00379924786952861,1.11683044365977
Yates,2020-10-04T00:00:00.000,0,66,66,10365,10365,66,2020-10-04,0,66,0,0.00446056768717422,0
Yates,2020-10-05T00:00:00.000,1,67,78,10443,10443,67,2020-10-05,1,78,0.0128205128205128,0.00525585494678207,1.16696171807775
Yates,2020-10-06T00:00:00.000,0,67,66,10509,10509,67,2020-10-06,0,66,0,0.00621016363193559,0
Yates,2020-10-07T00:00:00.000,0,67,101,10610,10610,67,2020-10-07,0,101,0,0.0073525305614815,0
Yates,2020-10-08T00:00:00.000,3,70,112,10722,10722,70,2020-10-08,3,112,0.0267857142857143,0.00871650779919756,3.75045097230267
Yates,2020-10-09T00:00:00.000,1,71,111,10833,10833,71,2020-10-09,1,111,0.00900900900900901,0.0103408463325923,1.27936871570669
Yates,2020-10-10T00:00:00.000,0,71,117,10950,10950,71,2020-10-10,0,117,0,0.0122704305665652,0
Yates,2020-10-11T00:00:00.000,1,72,93,11043,11043,72,2020-10-11,1,93,0.010752688172043,0.0145576120586001,1.33964892756052
