name,test_date,new_positives,cumulative_number_of_positives,total_number_of_tests,cumulative_number_of_tests,tests,positive,date,pos_new,test_new,pos_rate,pos_rate_gam,case
Albany,2020-04-01T00:00:00.000,13,253,106,3810,3810,253,2020-04-01,253,3810,0.0664041994750656,0.0772880972391317,269.225783519654
Albany,2020-04-02T00:00:00.000,14,267,105,3915,3915,267,2020-04-02,14,105,0.133333333333333,0.0812800794533644,14.9619799641458
Albany,2020-04-03T00:00:00.000,26,293,123,4038,4038,293,2020-04-03,26,123,0.211382113821138,0.0854489638474978,28.1272587357521
Albany,2020-04-04T00:00:00.000,12,305,117,4155,4155,305,2020-04-04,12,117,0.102564102564103,0.0897830835362,13.1763674056175
Albany,2020-04-05T00:00:00.000,14,319,89,4244,4244,319,2020-04-05,14,89,0.157303370786517,0.0942607973334617,15.6007152136912
Albany,2020-04-06T00:00:00.000,14,333,86,4330,4330,333,2020-04-06,14,86,0.162790697674419,0.0988502337624823,15.8225104207844
Albany,2020-04-07T00:00:00.000,9,342,74,4404,4404,342,2020-04-07,9,74,0.121621621621622,0.103509350448845,10.2760487166111
Albany,2020-04-08T00:00:00.000,37,379,229,4633,4633,379,2020-04-08,37,229,0.161572052401747,0.108186385913736,42.6398026259253
Albany,2020-04-09T00:00:00.000,47,426,332,4965,4965,426,2020-04-09,47,332,0.141566265060241,0.112820764044419,54.6313503147412
Albany,2020-04-10T00:00:00.000,20,446,159,5124,5124,446,2020-04-10,20,159,0.125786163522013,0.117344483157111,23.4336484567972
Albany,2020-04-11T00:00:00.000,32,478,223,5347,5347,478,2020-04-11,32,223,0.143497757847534,0.121683983844481,37.7706482542621
Albany,2020-04-12T00:00:00.000,21,499,193,5540,5540,499,2020-04-12,21,193,0.10880829015544,0.12576244733944,24.9542262283821
Albany,2020-04-13T00:00:00.000,36,535,216,5756,5756,535,2020-04-13,36,216,0.166666666666667,0.129502433974754,43.1174772707262
Albany,2020-04-14T00:00:00.000,13,548,106,5862,5862,548,2020-04-14,13,106,0.122641509433962,0.132828734917755,15.7312854261505
Albany,2020-04-15T00:00:00.000,33,581,301,6163,6163,581,2020-04-15,33,301,0.109634551495017,0.135671284570461,40.3273584457301
Albany,2020-04-16T00:00:00.000,38,619,273,6436,6436,619,2020-04-16,38,273,0.139194139194139,0.137967968454182,46.8695508453337
Albany,2020-04-17T00:00:00.000,29,648,291,6727,6727,648,2020-04-17,29,291,0.0996563573883162,0.139667163657816,36.0776888725716
Albany,2020-04-18T00:00:00.000,34,682,305,7032,7032,682,2020-04-18,34,305,0.111475409836066,0.1407298643324,42.6301773935549
Albany,2020-04-19T00:00:00.000,5,687,103,7135,7135,687,2020-04-19,5,103,0.0485436893203883,0.141131271587954,6.31221435599039
Albany,2020-04-20T00:00:00.000,17,704,164,7299,7299,704,2020-04-20,17,164,0.103658536585366,0.140861761467845,21.5771648112634
Albany,2020-04-21T00:00:00.000,33,737,236,7535,7535,737,2020-04-21,33,236,0.139830508474576,0.139927183791386,42.0633117218184
Albany,2020-04-22T00:00:00.000,21,758,178,7713,7713,758,2020-04-22,21,178,0.117977528089888,0.138348485014302,26.9050266086993
Albany,2020-04-23T00:00:00.000,47,805,319,8032,8032,805,2020-04-23,47,319,0.147335423197492,0.136160687831997,60.6789490929905
Albany,2020-04-24T00:00:00.000,94,899,626,8658,8658,899,2020-04-24,94,626,0.150159744408946,0.133411296700409,122.220452640005
Albany,2020-04-25T00:00:00.000,49,948,402,9060,9060,948,2020-04-25,49,402,0.121890547263682,0.130158230177771,64.1246751472094
Albany,2020-04-26T00:00:00.000,31,979,263,9323,9323,979,2020-04-26,31,263,0.11787072243346,0.126467406065215,40.8067027207988
Albany,2020-04-27T00:00:00.000,30,1009,197,9520,9520,1009,2020-04-27,30,197,0.152284263959391,0.122410122008996,39.6530784104668
Albany,2020-04-28T00:00:00.000,58,1067,351,9871,9871,1067,2020-04-28,58,351,0.165242165242165,0.118060380928533,76.8514472742642
Albany,2020-04-29T00:00:00.000,98,1165,439,10310,10310,1165,2020-04-29,98,439,0.223234624145786,0.113492306609354,130.096973165109
Albany,2020-04-30T00:00:00.000,39,1204,378,10688,10688,1204,2020-04-30,39,378,0.103174603174603,0.108777779803203,51.8416204001008
Albany,2020-05-01T00:00:00.000,34,1238,434,11122,11122,1238,2020-05-01,34,434,0.0783410138248848,0.103984400919714,45.2303476958848
Albany,2020-05-02T00:00:00.000,20,1258,441,11563,11563,1258,2020-05-02,20,441,0.0453514739229025,0.0991738541170328,26.6128894148204
Albany,2020-05-03T00:00:00.000,29,1287,391,11954,11954,1287,2020-05-03,29,391,0.0741687979539642,0.0944007129215774,38.5794689641545
Albany,2020-05-04T00:00:00.000,7,1294,130,12084,12084,1294,2020-05-04,7,130,0.0538461538461538,0.0897116930944587,9.30717477061991
Albany,2020-05-05T00:00:00.000,27,1321,367,12451,12451,1321,2020-05-05,27,367,0.0735694822888283,0.0851453279483226,35.9229776226867
Albany,2020-05-06T00:00:00.000,27,1348,407,12858,12858,1348,2020-05-06,27,407,0.0663390663390663,0.0807320172192486,35.9115374849412
Albany,2020-05-07T00:00:00.000,36,1384,385,13243,13243,1384,2020-05-07,36,385,0.0935064935064935,0.0764943845272512,47.87025244566
Albany,2020-05-08T00:00:00.000,32,1416,488,13731,13731,1416,2020-05-08,32,488,0.0655737704918033,0.0724478707044359,42.6160095566167
Albany,2020-05-09T00:00:00.000,16,1432,455,14186,14186,1432,2020-05-09,16,455,0.0351648351648352,0.0686014899254427,21.3292693298903
Albany,2020-05-10T00:00:00.000,24,1456,384,14570,14570,1456,2020-05-10,24,384,0.0625,0.0649586812009299,31.972040809594
Albany,2020-05-11T00:00:00.000,23,1479,341,14911,14911,1479,2020-05-11,23,341,0.0674486803519062,0.0615181975014274,30.497002800773
Albany,2020-05-12T00:00:00.000,15,1494,335,15246,15246,1494,2020-05-12,15,335,0.0447761194029851,0.0582749864459263,19.8802865811981
Albany,2020-05-13T00:00:00.000,15,1509,546,15792,15792,1509,2020-05-13,15,546,0.0274725274725275,0.0552210287849479,19.975344898926
Albany,2020-05-14T00:00:00.000,29,1538,541,16333,16333,1538,2020-05-14,29,541,0.0536044362292052,0.0523461121355608,38.598631698355
Albany,2020-05-15T00:00:00.000,34,1572,482,16815,16815,1572,2020-05-15,34,482,0.0705394190871369,0.0496385271526218,45.2906521535934
Albany,2020-05-16T00:00:00.000,7,1579,411,17226,17226,1579,2020-05-16,7,411,0.0170316301703163,0.0470856807722254,9.32541719648602
Albany,2020-05-17T00:00:00.000,31,1610,342,17568,17568,1610,2020-05-17,31,342,0.0906432748538012,0.0446746265603124,41.3505308173972
Albany,2020-05-18T00:00:00.000,45,1655,398,17966,17966,1655,2020-05-18,45,398,0.113065326633166,0.042392515469362,60.2873877390976
Albany,2020-05-19T00:00:00.000,27,1682,697,18663,18663,1682,2020-05-19,27,697,0.0387374461979914,0.0402269719383631,36.2778273341802
Albany,2020-05-20T00:00:00.000,18,1700,650,19313,19313,1700,2020-05-20,18,650,0.0276923076923077,0.0381664006304137,24.2480970234776
Albany,2020-05-21T00:00:00.000,56,1756,920,20233,20233,1756,2020-05-21,56,920,0.0608695652173913,0.0362002285728203,75.7148046089742
Albany,2020-05-22T00:00:00.000,14,1770,655,20888,20888,1770,2020-05-22,14,655,0.0213740458015267,0.0343190866004836,18.9807481913384
Albany,2020-05-23T00:00:00.000,12,1782,438,21326,21326,1782,2020-05-23,12,438,0.0273972602739726,0.0325149330461844,16.2988114259274
Albany,2020-05-24T00:00:00.000,9,1791,378,21704,21704,1791,2020-05-24,9,378,0.0238095238095238,0.0307811219542268,12.2348539540368
Albany,2020-05-25T00:00:00.000,2,1793,328,22032,22032,1793,2020-05-25,2,328,0.00609756097560976,0.0291124179370788,2.7186787265938
Albany,2020-05-26T00:00:00.000,3,1796,369,22401,22401,1796,2020-05-26,3,369,0.00813008130081301,0.0275049601715971,4.08107056813681
Albany,2020-05-27T00:00:00.000,18,1814,666,23067,23067,1814,2020-05-27,18,666,0.027027027027027,0.0259561790605931,24.4994285131363
Albany,2020-05-28T00:00:00.000,20,1834,416,23483,23483,1834,2020-05-28,20,416,0.0480769230769231,0.0244646705292933,27.213240635257
Albany,2020-05-29T00:00:00.000,9,1843,521,24004,24004,1843,2020-05-29,9,521,0.017274472168906,0.0230300347048689,12.3226850304434
Albany,2020-05-30T00:00:00.000,17,1860,760,24764,24764,1860,2020-05-30,17,760,0.0223684210526316,0.0216526874726363,23.3780046923917
Albany,2020-05-31T00:00:00.000,22,1882,537,25301,25301,1882,2020-05-31,22,537,0.0409683426443203,0.0203336548976101,30.323961600862
Albany,2020-06-01T00:00:00.000,18,1900,618,25919,25919,1900,2020-06-01,18,618,0.029126213592233,0.019074361463664,24.8081682114538
Albany,2020-06-02T00:00:00.000,20,1920,1170,27089,27089,1920,2020-06-02,20,1170,0.0170940170940171,0.0178764232830346,27.4823818780643
Albany,2020-06-03T00:00:00.000,10,1930,817,27906,27906,1930,2020-06-03,10,817,0.0122399020807834,0.0167414568233949,13.6702308733363
Albany,2020-06-04T00:00:00.000,11,1941,1179,29085,29085,1941,2020-06-04,11,1179,0.00932994062765055,0.015670912262555,14.9286135961527
Albany,2020-06-05T00:00:00.000,12,1953,1164,30249,30249,1953,2020-06-05,12,1164,0.0103092783505155,0.0146659384522871,16.1800265134935
Albany,2020-06-06T00:00:00.000,8,1961,751,31000,31000,1961,2020-06-06,8,751,0.0106524633821571,0.013727283913813,10.8195336186773
Albany,2020-06-07T00:00:00.000,17,1978,1194,32194,32194,1978,2020-06-07,17,1194,0.0142378559463987,0.0128552355150843,22.9671181578803
Albany,2020-06-08T00:00:00.000,5,1983,616,32810,32810,1983,2020-06-08,5,616,0.00811688311688312,0.0120495938443492,6.74117445564367
Albany,2020-06-09T00:00:00.000,3,1986,569,33379,33379,1986,2020-06-09,3,569,0.00527240773286467,0.0113096820109026,4.03236323685724
Albany,2020-06-10T00:00:00.000,10,1996,774,34153,34153,1996,2020-06-10,10,774,0.0129198966408269,0.0106343828671421,13.3871975143669
Albany,2020-06-11T00:00:00.000,11,2007,1103,35256,35256,2007,2020-06-11,11,1103,0.0099728014505893,0.0100221985564896,14.6531586870747
Albany,2020-06-12T00:00:00.000,9,2016,739,35995,35995,2016,2020-06-12,9,739,0.0121786197564276,0.00947132585584783,11.9133222096198
Albany,2020-06-13T00:00:00.000,4,2020,874,36869,36869,2020,2020-06-13,4,874,0.0045766590389016,0.00897974092288141,5.25820341395113
Albany,2020-06-14T00:00:00.000,2,2022,496,37365,37365,2022,2020-06-14,2,496,0.00403225806451613,0.00854528765953368,2.61257377544912
Albany,2020-06-15T00:00:00.000,4,2026,577,37942,37942,2026,2020-06-15,4,577,0.00693240901213172,0.00816576481406786,5.23483007005628
Albany,2020-06-16T00:00:00.000,3,2029,592,38534,38534,2029,2020-06-16,3,592,0.00506756756756757,0.00783900799259082,3.9284348555983
Albany,2020-06-17T00:00:00.000,5,2034,843,39377,39377,2034,2020-06-17,5,843,0.00593119810201661,0.00756296382076771,6.54278113587455
Albany,2020-06-18T00:00:00.000,15,2049,1070,40447,40447,2049,2020-06-18,15,1070,0.014018691588785,0.00733575444555445,19.5326799850756
Albany,2020-06-19T00:00:00.000,4,2053,610,41057,41057,2053,2020-06-19,4,610,0.00655737704918033,0.00715573135222788,5.17212881458059
Albany,2020-06-20T00:00:00.000,1,2054,784,41841,41841,2054,2020-06-20,1,784,0.00127551020408163,0.00702151800976616,1.28051456549992
Albany,2020-06-21T00:00:00.000,6,2060,931,42772,42772,2060,2020-06-21,6,931,0.00644468313641246,0.00693204116993183,7.6061285410792
Albany,2020-06-22T00:00:00.000,2,2062,427,43199,43199,2062,2020-06-22,2,427,0.00468384074941452,0.00688655071314094,2.50949671587316
Albany,2020-06-23T00:00:00.000,3,2065,586,43785,43785,2065,2020-06-23,3,586,0.00511945392491468,0.00688462779259765,3.72564070020842
Albany,2020-06-24T00:00:00.000,11,2076,1325,45110,45110,2076,2020-06-24,11,1325,0.00830188679245283,0.00692618072080786,13.5217882879587
Albany,2020-06-25T00:00:00.000,8,2084,630,45740,45740,2084,2020-06-25,8,630,0.0126984126984127,0.00701142759873958,9.73615682350452
Albany,2020-06-26T00:00:00.000,7,2091,799,46539,46539,2091,2020-06-26,7,799,0.00876095118898623,0.00714086419297134,8.43716911095622
Albany,2020-06-27T00:00:00.000,6,2097,762,47301,47301,2097,2020-06-27,6,762,0.0078740157480315,0.00731521506134496,7.19409729812477
Albany,2020-06-28T00:00:00.000,2,2099,514,47815,47815,2099,2020-06-28,2,514,0.00389105058365759,0.00753536552661595,2.39244455971309
Albany,2020-06-29T00:00:00.000,3,2102,543,48358,48358,2102,2020-06-29,3,543,0.00552486187845304,0.00780227188743325,3.57754517485532
Albany,2020-06-30T00:00:00.000,10,2112,731,49089,49089,2112,2020-06-30,10,731,0.0136798905608755,0.00811684736985296,11.8946013189132
Albany,2020-07-01T00:00:00.000,13,2125,928,50017,50017,2125,2020-07-01,13,928,0.0140086206896552,0.00847982189409987,15.3768370302887
Albany,2020-07-02T00:00:00.000,5,2130,805,50822,50822,2130,2020-07-02,5,805,0.0062111801242236,0.0088915749096172,5.95578989474707
Albany,2020-07-03T00:00:00.000,15,2145,970,51792,51792,2145,2020-07-03,15,970,0.0154639175257732,0.00935194244607932,18.0324858706093
Albany,2020-07-04T00:00:00.000,7,2152,1098,52890,52890,2152,2020-07-04,7,1098,0.0063752276867031,0.00986000222532918,8.48795569937969
Albany,2020-07-05T00:00:00.000,8,2160,626,53516,53516,2160,2020-07-05,8,626,0.012779552715655,0.010413844159106,9.73823383207281
Albany,2020-07-06T00:00:00.000,4,2164,421,53937,53937,2164,2020-07-06,4,421,0.00950118764845606,0.0110103376569079,4.88800551936753
Albany,2020-07-07T00:00:00.000,11,2175,1020,54957,54957,2175,2020-07-07,11,1020,0.0107843137254902,0.0116449115761955,13.4929304141951
Albany,2020-07-08T00:00:00.000,8,2183,1260,56217,56217,2183,2020-07-08,8,1260,0.00634920634920635,0.0123113668309095,9.84851454420461
Albany,2020-07-09T00:00:00.000,7,2190,625,56842,56842,2190,2020-07-09,7,625,0.0112,0.0130017449279304,8.64644129329663
Albany,2020-07-10T00:00:00.000,18,2208,1252,58094,58094,2208,2020-07-10,18,1252,0.0143769968051118,0.0137062771974685,22.3012963690609
Albany,2020-07-11T00:00:00.000,11,2219,815,58909,58909,2219,2020-07-11,11,815,0.0134969325153374,0.0144134384018476,13.6646590789903
Albany,2020-07-12T00:00:00.000,6,2225,594,59503,59503,2225,2020-07-12,6,594,0.0101010101010101,0.0151101240679962,7.46981220913846
Albany,2020-07-13T00:00:00.000,22,2247,1139,60642,60642,2247,2020-07-13,22,1139,0.019315188762072,0.0157819629904475,27.4355753242772
Albany,2020-07-14T00:00:00.000,33,2280,860,61502,61502,2280,2020-07-14,33,860,0.0383720930232558,0.0164137651186421,41.2002042979478
Albany,2020-07-15T00:00:00.000,10,2290,1065,62567,62567,2290,2020-07-15,10,1065,0.00938967136150235,0.0169900913278664,12.4917949251914
Albany,2020-07-16T00:00:00.000,20,2310,1098,63665,63665,2310,2020-07-16,20,1098,0.0182149362477231,0.0174959168801403,24.982043881676
Albany,2020-07-17T00:00:00.000,5,2315,816,64481,64481,2315,2020-07-17,5,816,0.00612745098039216,0.0179173466704193,6.24238616840831
Albany,2020-07-18T00:00:00.000,3,2318,335,64816,64816,2318,2020-07-18,3,335,0.00895522388059702,0.0182423297879062,3.7565005257898
Albany,2020-07-19T00:00:00.000,4,2322,877,65693,65693,2322,2020-07-19,4,877,0.00456100342075257,0.0184613154557189,5.03377393116371
Albany,2020-07-20T00:00:00.000,29,2351,1354,67047,67047,2351,2020-07-20,29,1354,0.0214180206794682,0.0185677933906528,36.6371053830155
Albany,2020-07-21T00:00:00.000,18,2369,981,68028,68028,2369,2020-07-21,18,981,0.018348623853211,0.0185586694996314,22.802179241964
Albany,2020-07-22T00:00:00.000,32,2401,975,69003,69003,2401,2020-07-22,32,975,0.0328205128205128,0.0184344419376619,40.5965190067832
Albany,2020-07-23T00:00:00.000,25,2426,896,69899,69899,2426,2020-07-23,25,896,0.0279017857142857,0.0181991612285112,31.714786240217
Albany,2020-07-24T00:00:00.000,12,2438,632,70531,70531,2438,2020-07-24,12,632,0.0189873417721519,0.017860178938139,15.1702944168821
Albany,2020-07-25T00:00:00.000,13,2451,817,71348,71348,2451,2020-07-25,13,817,0.0159118727050184,0.0174277095005379,16.2512207176029
Albany,2020-07-26T00:00:00.000,2,2453,820,72168,72168,2453,2020-07-26,2,820,0.0024390243902439,0.0169142465211434,2.46779695538879
Albany,2020-07-27T00:00:00.000,15,2468,929,73097,73097,2468,2020-07-27,15,929,0.0161463939720129,0.0163338862094695,18.4792179093317
Albany,2020-07-28T00:00:00.000,12,2480,843,73940,73940,2480,2020-07-28,12,843,0.0142348754448399,0.0157016152829873,14.8252840732455
Albany,2020-07-29T00:00:00.000,13,2493,763,74703,74703,2493,2020-07-29,13,763,0.0170380078636959,0.0150326187217797,16.0773136640014
Albany,2020-07-30T00:00:00.000,10,2503,745,75448,75448,2503,2020-07-30,10,745,0.0134228187919463,0.0143416549955491,12.3714040354232
Albany,2020-07-31T00:00:00.000,12,2515,1055,76503,76503,2515,2020-07-31,12,1055,0.0113744075829384,0.0136425344924883,14.7914548240793
Albany,2020-08-01T00:00:00.000,6,2521,463,76966,76966,2521,2020-08-01,6,463,0.0129589632829374,0.01294772290225,7.35855106621077
Albany,2020-08-02T00:00:00.000,10,2531,529,77495,77495,2531,2020-08-02,10,529,0.0189035916824197,0.0122680772599937,12.2385278780244
Albany,2020-08-03T00:00:00.000,12,2543,770,78265,78265,2543,2020-08-03,12,770,0.0155844155844156,0.0116127099547862,14.6853579229066
Albany,2020-08-04T00:00:00.000,13,2556,1218,79483,79483,2556,2020-08-04,13,1218,0.0106732348111658,0.0109889664208411,16.0452751093062
Albany,2020-08-05T00:00:00.000,9,2565,800,80283,80283,2565,2020-08-05,9,800,0.01125,0.0104024959749722,11.198040670754
Albany,2020-08-06T00:00:00.000,8,2573,757,81040,81040,2573,2020-08-06,8,757,0.0105680317040951,0.00985739234518465,10.0279074872153
Albany,2020-08-07T00:00:00.000,8,2581,946,81986,81986,2581,2020-08-07,8,946,0.00845665961945032,0.00935638037208844,10.0757431111877
Albany,2020-08-08T00:00:00.000,14,2595,903,82889,82889,2595,2020-08-08,14,903,0.0155038759689922,0.00890102745176673,17.6921050588822
Albany,2020-08-09T00:00:00.000,5,2600,739,83628,83628,2600,2020-08-09,5,739,0.006765899864682,0.0084919617380213,6.32643721500166
Albany,2020-08-10T00:00:00.000,14,2614,1127,84755,84755,2614,2020-08-10,14,1127,0.0124223602484472,0.0081290831780235,17.6446725920317
Albany,2020-08-11T00:00:00.000,10,2624,1451,86206,86206,2624,2020-08-11,10,1451,0.00689179875947622,0.0078117575362007,12.5322486256851
Albany,2020-08-12T00:00:00.000,12,2636,1052,87258,87258,2636,2020-08-12,12,1052,0.0114068441064639,0.00753898723868593,14.9409269119016
Albany,2020-08-13T00:00:00.000,3,2639,1173,88431,88431,2639,2020-08-13,3,1173,0.00255754475703325,0.00730955589833965,3.70821107335662
Albany,2020-08-14T00:00:00.000,4,2643,1109,89540,89540,2643,2020-08-14,4,1109,0.0036068530207394,0.00712214568351321,4.91180864061863
Albany,2020-08-15T00:00:00.000,11,2654,1142,90682,90682,2654,2020-08-15,11,1142,0.00963222416812609,0.0069754282634933,13.4706729037067
Albany,2020-08-16T00:00:00.000,3,2657,700,91382,91382,2657,2020-08-16,3,700,0.00428571428571429,0.00686813101782222,3.66107580735397
Albany,2020-08-17T00:00:00.000,4,2661,991,92373,92373,2661,2020-08-17,4,991,0.00403632694248234,0.00679908063563537,4.86108398963713
Albany,2020-08-18T00:00:00.000,14,2675,1197,93570,93570,2675,2020-08-18,14,1197,0.0116959064327485,0.00676722630862517,16.9318549862631
Albany,2020-08-19T00:00:00.000,9,2684,1750,95320,95320,2684,2020-08-19,9,1750,0.00514285714285714,0.00677164455867624,10.8259517772705
Albany,2020-08-20T00:00:00.000,7,2691,1443,96763,96763,2691,2020-08-20,7,1443,0.00485100485100485,0.00681152746268964,8.3702939910822
Albany,2020-08-21T00:00:00.000,2,2693,1336,98099,98099,2693,2020-08-21,2,1336,0.00149700598802395,0.00688615573433517,2.37625799824042
Albany,2020-08-22T00:00:00.000,6,2699,1263,99362,99362,2699,2020-08-22,6,1263,0.00475059382422803,0.00699485789688326,7.0805679800834
Albany,2020-08-23T00:00:00.000,2,2701,490,99852,99852,2701,2020-08-23,2,490,0.00408163265306122,0.00713695667441501,2.34348858562801
Albany,2020-08-24T00:00:00.000,10,2711,972,100824,100824,2711,2020-08-24,10,972,0.0102880658436214,0.00731170382397269,11.6422726724727
Albany,2020-08-25T00:00:00.000,7,2718,1042,101866,101866,2718,2020-08-25,7,1042,0.00671785028790787,0.00751820493737709,8.14521669720871
Albany,2020-08-26T00:00:00.000,18,2736,1266,103132,103132,2736,2020-08-26,18,1266,0.014218009478673,0.00775533629055214,20.9280769714379
Albany,2020-08-27T00:00:00.000,10,2746,1264,104396,104396,2746,2020-08-27,10,1264,0.00791139240506329,0.00802165659551616,11.6136673836897
Albany,2020-08-28T00:00:00.000,8,2754,1183,105579,105579,2754,2020-08-28,8,1183,0.00676246830092984,0.00831531747131878,9.24734181367534
Albany,2020-08-29T00:00:00.000,10,2764,1519,107098,107098,2764,2020-08-29,10,1519,0.00658327847267939,0.00863397751503592,11.6317538407279
Albany,2020-08-30T00:00:00.000,6,2770,594,107692,107692,2770,2020-08-30,6,594,0.0101010101010101,0.00897472591101068,7.03679594123812
Albany,2020-08-31T00:00:00.000,16,2786,841,108533,108533,2786,2020-08-31,16,841,0.0190249702734839,0.00933402238211275,18.8824241078709
Albany,2020-09-01T00:00:00.000,5,2791,1116,109649,109649,2791,2020-09-01,5,1116,0.00448028673835125,0.00970766080520926,5.93729579767746
Albany,2020-09-02T00:00:00.000,11,2802,1655,111304,111304,2802,2020-09-02,11,1655,0.00664652567975831,0.0100907637564097,13.1411587286916
Albany,2020-09-03T00:00:00.000,17,2819,899,112203,112203,2819,2020-09-03,17,899,0.0189098998887653,0.0104778144647065,20.4281708268745
Albany,2020-09-04T00:00:00.000,4,2823,996,113199,113199,2823,2020-09-04,4,996,0.00401606425702811,0.0108627310143911,4.83364810880904
Albany,2020-09-05T00:00:00.000,8,2831,824,114023,114023,2831,2020-09-05,8,824,0.00970873786407767,0.0112389851201111,9.71882936865927
Albany,2020-09-06T00:00:00.000,2,2833,727,114750,114750,2833,2020-09-06,2,727,0.00275103163686382,0.0115997645028619,2.44185043863104
Albany,2020-09-07T00:00:00.000,7,2840,665,115415,115415,2840,2020-09-07,7,665,0.0105263157894737,0.0119381740794125,8.5860296922599
Albany,2020-09-08T00:00:00.000,6,2846,499,115914,115914,2846,2020-09-08,6,499,0.0120240480961924,0.012247467187273,7.3905628347729
Albany,2020-09-09T00:00:00.000,13,2859,724,116638,116638,2859,2020-09-09,13,724,0.0179558011049724,0.0125212943830627,16.0737463233077
Albany,2020-09-10T00:00:00.000,23,2882,1326,117964,117964,2882,2020-09-10,23,1326,0.0173453996983409,0.0127539544806288,28.5681348209847
Albany,2020-09-11T00:00:00.000,14,2896,1386,119350,119350,2896,2020-09-11,14,1386,0.0101010101010101,0.0129406308614351,17.4677750896394
Albany,2020-09-12T00:00:00.000,19,2915,844,120194,120194,2915,2020-09-12,19,844,0.0225118483412322,0.0130775960525359,23.7949231254087
Albany,2020-09-13T00:00:00.000,6,2921,555,120749,120749,2921,2020-09-13,6,555,0.0108108108108108,0.0131623692438121,7.5578053302409
Albany,2020-09-14T00:00:00.000,15,2936,797,121546,121546,2936,2020-09-14,15,797,0.0188205771643664,0.0131938147077844,19.0098195817063
Albany,2020-09-15T00:00:00.000,12,2948,997,122543,122543,2948,2020-09-15,12,997,0.0120361083249749,0.0131721736681631,15.2855367680117
Albany,2020-09-16T00:00:00.000,21,2969,1084,123627,123627,2969,2020-09-16,21,1084,0.0193726937269373,0.0130990275325773,26.8620331127974
Albany,2020-09-17T00:00:00.000,10,2979,1229,124856,124856,2979,2020-09-17,10,1229,0.0081366965012205,0.0129771958972794,12.8333021049886
Albany,2020-09-18T00:00:00.000,27,3006,1322,126178,126178,3006,2020-09-18,27,1322,0.0204236006051437,0.0128105777557105,34.7311636672844
Albany,2020-09-19T00:00:00.000,10,3016,1147,127325,127325,3016,2020-09-19,10,1147,0.00871839581517001,0.0126039483041796,12.8818646722283
Albany,2020-09-20T00:00:00.000,8,3024,669,127994,127994,3024,2020-09-20,8,669,0.0119581464872945,0.0123627262526155,10.3112922875145
Albany,2020-09-21T00:00:00.000,13,3037,776,128770,128770,3037,2020-09-21,13,776,0.0167525773195876,0.0120927274562332,16.7515112716181
Albany,2020-09-22T00:00:00.000,6,3043,869,129639,129639,3043,2020-09-22,6,869,0.00690448791714614,0.011799920009883,7.72360831464199
Albany,2020-09-23T00:00:00.000,10,3053,1519,131158,131158,3053,2020-09-23,10,1519,0.00658327847267939,0.0114901939221783,12.877251927378
Albany,2020-09-24T00:00:00.000,10,3063,1348,132506,132506,3063,2020-09-24,10,1348,0.00741839762611276,0.0111691555328913,12.8863781494793
Albany,2020-09-25T00:00:00.000,19,3082,1202,133708,133708,3082,2020-09-25,19,1202,0.0158069883527454,0.0108419533367069,24.4964513071422
Albany,2020-09-26T00:00:00.000,13,3095,1091,134799,134799,3095,2020-09-26,13,1091,0.0119156736938588,0.0105131383374736,16.7664471069454
Albany,2020-09-27T00:00:00.000,9,3104,789,135588,135588,3104,2020-09-27,9,789,0.0114068441064639,0.01018655881995,11.7238133866617
Albany,2020-09-28T00:00:00.000,12,3116,939,136527,136527,3116,2020-09-28,12,939,0.012779552715655,0.00986528681643266,15.9452213966612
Albany,2020-09-29T00:00:00.000,4,3120,925,137452,137452,3120,2020-09-29,4,925,0.00432432432432432,0.00955157172001194,5.41484650380273
Albany,2020-09-30T00:00:00.000,13,3133,1496,138948,138948,3133,2020-09-30,13,1496,0.00868983957219251,0.00924681557600608,17.9031276553937
Allegany,2020-04-01T00:00:00.000,3,12,14,149,149,12,2020-04-01,12,149,0.0805369127516778,0.10110891937114,13.1173183799503
Allegany,2020-04-02T00:00:00.000,2,14,18,167,167,14,2020-04-02,2,18,0.111111111111111,0.0966281184603838,2.17471810047926
Allegany,2020-04-03T00:00:00.000,2,16,13,180,180,16,2020-04-03,2,13,0.153846153846154,0.092324002962994,2.18044350381082
Allegany,2020-04-04T00:00:00.000,0,16,8,188,188,16,2020-04-04,0,8,0,0.0881891495032338,0
Allegany,2020-04-05T00:00:00.000,1,17,8,196,196,17,2020-04-05,1,8,0.125,0.0842156237261214,1.10185038914207
Allegany,2020-04-06T00:00:00.000,0,17,3,199,199,17,2020-04-06,0,3,0,0.0803953113136026,0
Allegany,2020-04-07T00:00:00.000,4,21,16,215,215,21,2020-04-07,4,16,0.25,0.0767201931715947,4.43237653266308
Allegany,2020-04-08T00:00:00.000,1,22,12,227,227,22,2020-04-08,1,12,0.0833333333333333,0.0731825679813933,1.10824802202438
Allegany,2020-04-09T00:00:00.000,4,26,21,248,248,26,2020-04-09,4,21,0.19047619047619,0.0697752253511542,4.43134220875249
Allegany,2020-04-10T00:00:00.000,0,26,16,264,264,26,2020-04-10,0,16,0,0.066491572984961,0
Allegany,2020-04-11T00:00:00.000,0,26,11,275,275,26,2020-04-11,0,11,0,0.0633257213229754,0
Allegany,2020-04-12T00:00:00.000,0,26,5,280,280,26,2020-04-12,0,5,0,0.0602725293174971,0
Allegany,2020-04-13T00:00:00.000,2,28,14,294,294,28,2020-04-13,2,14,0.142857142857143,0.0573276152207193,2.20795100717945
Allegany,2020-04-14T00:00:00.000,0,28,10,304,304,28,2020-04-14,0,10,0,0.0544873364957932,0
Allegany,2020-04-15T00:00:00.000,0,28,8,312,312,28,2020-04-15,0,8,0,0.0517487433001909,0
Allegany,2020-04-16T00:00:00.000,1,29,21,333,333,29,2020-04-16,1,21,0.0476190476190476,0.0491095101839568,1.11236144694696
Allegany,2020-04-17T00:00:00.000,1,30,15,348,348,30,2020-04-17,1,15,0.0666666666666667,0.0465678509431554,1.1146535392145
Allegany,2020-04-18T00:00:00.000,0,30,7,355,355,30,2020-04-18,0,7,0,0.0441224215990499,0
Allegany,2020-04-19T00:00:00.000,0,30,5,360,360,30,2020-04-19,0,5,0,0.0417722165403865,0
Allegany,2020-04-20T00:00:00.000,0,30,9,369,369,30,2020-04-20,0,9,0,0.0395164626251532,0
Allegany,2020-04-21T00:00:00.000,0,30,10,379,379,30,2020-04-21,0,10,0,0.0373545157536253,0
Allegany,2020-04-22T00:00:00.000,0,30,14,393,393,30,2020-04-22,0,14,0,0.0352857638881171,0
Allegany,2020-04-23T00:00:00.000,1,31,10,403,403,31,2020-04-23,1,10,0.1,0.0333095398789925,1.12148090218489
Allegany,2020-04-24T00:00:00.000,4,35,61,464,464,35,2020-04-24,4,61,0.0655737704918033,0.0314250466898445,4.50074448650356
Allegany,2020-04-25T00:00:00.000,0,35,12,476,476,35,2020-04-25,0,12,0,0.0296312968134078,0
Allegany,2020-04-26T00:00:00.000,0,35,9,485,485,35,2020-04-26,0,9,0,0.0279270668418884,0
Allegany,2020-04-27T00:00:00.000,0,35,14,499,499,35,2020-04-27,0,14,0,0.0263108673635209,0
Allegany,2020-04-28T00:00:00.000,0,35,26,525,525,35,2020-04-28,0,26,0,0.0247809276327923,0
Allegany,2020-04-29T00:00:00.000,0,35,18,543,543,35,2020-04-29,0,18,0,0.0233351938809378,0
Allegany,2020-04-30T00:00:00.000,0,35,20,563,563,35,2020-04-30,0,20,0,0.021971339641693,0
Allegany,2020-05-01T00:00:00.000,0,35,11,574,574,35,2020-05-01,0,11,0,0.0206867861664492,0
Allegany,2020-05-02T00:00:00.000,0,35,18,592,592,35,2020-05-02,0,18,0,0.0194787308197169,0
Allegany,2020-05-03T00:00:00.000,0,35,14,606,606,35,2020-05-03,0,14,0,0.0183441813111239,0
Allegany,2020-05-04T00:00:00.000,0,35,31,637,637,35,2020-05-04,0,31,0,0.0172799936891046,0
Allegany,2020-05-05T00:00:00.000,0,35,22,659,659,35,2020-05-05,0,22,0,0.0162829121980581,0
Allegany,2020-05-06T00:00:00.000,0,35,40,699,699,35,2020-05-06,0,40,0,0.0153496093263703,0
Allegany,2020-05-07T00:00:00.000,0,35,33,732,732,35,2020-05-07,0,33,0,0.0144767246432119,0
Allegany,2020-05-08T00:00:00.000,0,35,18,750,750,35,2020-05-08,0,18,0,0.0136609013160689,0
Allegany,2020-05-09T00:00:00.000,1,36,20,770,770,36,2020-05-09,1,20,0.05,0.0128988194770112,1.12791828510315
Allegany,2020-05-10T00:00:00.000,2,38,35,805,805,38,2020-05-10,2,35,0.0571428571428571,0.0121872258695866,2.25380261619833
Allegany,2020-05-11T00:00:00.000,4,42,41,846,846,42,2020-05-11,4,41,0.0975609756097561,0.0115229594525941,4.48585630869098
Allegany,2020-05-12T00:00:00.000,2,44,39,885,885,44,2020-05-12,2,39,0.0512820512820513,0.0109029728182915,2.24164921053912
Allegany,2020-05-13T00:00:00.000,0,44,53,938,938,44,2020-05-13,0,53,0,0.0103243494652423,0
Allegany,2020-05-14T00:00:00.000,0,44,44,982,982,44,2020-05-14,0,44,0,0.00978431707110905,0
Allegany,2020-05-15T00:00:00.000,0,44,27,1009,1009,44,2020-05-15,0,27,0,0.0092802570184721,0
Allegany,2020-05-16T00:00:00.000,0,44,36,1045,1045,44,2020-05-16,0,36,0,0.00880971047433318,0
Allegany,2020-05-17T00:00:00.000,0,44,89,1134,1134,44,2020-05-17,0,89,0,0.00837038137340779,0
Allegany,2020-05-18T00:00:00.000,0,44,28,1162,1162,44,2020-05-18,0,28,0,0.00796013666600427,0
Allegany,2020-05-19T00:00:00.000,0,44,49,1211,1211,44,2020-05-19,0,49,0,0.00757700419804607,0
Allegany,2020-05-20T00:00:00.000,0,44,68,1279,1279,44,2020-05-20,0,68,0,0.00721916858813171,0
Allegany,2020-05-21T00:00:00.000,0,44,47,1326,1326,44,2020-05-21,0,47,0,0.00688496544683996,0
Allegany,2020-05-22T00:00:00.000,0,44,26,1352,1352,44,2020-05-22,0,26,0,0.0065728742734305,0
Allegany,2020-05-23T00:00:00.000,0,44,33,1385,1385,44,2020-05-23,0,33,0,0.00628151034082271,0
Allegany,2020-05-24T00:00:00.000,0,44,53,1438,1438,44,2020-05-24,0,53,0,0.00600961585708529,0
Allegany,2020-05-25T00:00:00.000,0,44,28,1466,1466,44,2020-05-25,0,28,0,0.00575605067265256,0
Allegany,2020-05-26T00:00:00.000,1,45,96,1562,1562,45,2020-05-26,1,96,0.0104166666666667,0.00551978277116784,1.15852109579083
Allegany,2020-05-27T00:00:00.000,0,45,98,1660,1660,45,2020-05-27,0,98,0,0.00529987876128365,0
Allegany,2020-05-28T00:00:00.000,0,45,60,1720,1720,45,2020-05-28,0,60,0,0.00509549455240543,0
Allegany,2020-05-29T00:00:00.000,0,45,64,1784,1784,45,2020-05-29,0,64,0,0.00490586637260191,0
Allegany,2020-05-30T00:00:00.000,0,45,51,1835,1835,45,2020-05-30,0,51,0,0.00473030225169682,0
Allegany,2020-05-31T00:00:00.000,3,48,100,1935,1935,48,2020-05-31,3,100,0.03,0.00456817406063697,3.56153512143125
Allegany,2020-06-01T00:00:00.000,0,48,160,2095,2095,48,2020-06-01,0,160,0,0.00441891016748899,0
Allegany,2020-06-02T00:00:00.000,1,49,181,2276,2276,49,2020-06-02,1,181,0.00552486187845304,0.00428198873447582,1.19113466376228
Allegany,2020-06-03T00:00:00.000,0,49,131,2407,2407,49,2020-06-03,0,131,0,0.00415693165211575,0
Allegany,2020-06-04T00:00:00.000,2,51,154,2561,2561,51,2020-06-04,2,154,0.012987012987013,0.00404329907760324,2.37039622272686
Allegany,2020-06-05T00:00:00.000,0,51,309,2870,2870,51,2020-06-05,0,309,0,0.0039406845167888,0
Allegany,2020-06-06T00:00:00.000,0,51,98,2968,2968,51,2020-06-06,0,98,0,0.00384871037198049,0
Allegany,2020-06-07T00:00:00.000,0,51,149,3117,3117,51,2020-06-07,0,149,0,0.0037670238569178,0
Allegany,2020-06-08T00:00:00.000,0,51,220,3337,3337,51,2020-06-08,0,220,0,0.0036952931707509,0
Allegany,2020-06-09T00:00:00.000,1,52,128,3465,3465,52,2020-06-09,1,128,0.0078125,0.00363320381613742,1.19983721623004
Allegany,2020-06-10T00:00:00.000,1,53,137,3602,3602,53,2020-06-10,1,137,0.0072992700729927,0.00358045494493241,1.20063849353504
Allegany,2020-06-11T00:00:00.000,0,53,163,3765,3765,53,2020-06-11,0,163,0,0.00353675561951904,0
Allegany,2020-06-12T00:00:00.000,1,54,144,3909,3909,54,2020-06-12,1,144,0.00694444444444444,0.00350182088870613,1.19833624035577
Allegany,2020-06-13T00:00:00.000,0,54,103,4012,4012,54,2020-06-13,0,103,0,0.00347536759226911,0
Allegany,2020-06-14T00:00:00.000,1,55,65,4077,4077,55,2020-06-14,1,65,0.0153846153846154,0.00345710982949756,1.19326586303738
Allegany,2020-06-15T00:00:00.000,0,55,120,4197,4197,55,2020-06-15,0,120,0,0.00344675405623879,0
Allegany,2020-06-16T00:00:00.000,0,55,134,4331,4331,55,2020-06-16,0,134,0,0.00344399380625638,0
Allegany,2020-06-17T00:00:00.000,2,57,77,4408,4408,57,2020-06-17,2,77,0.025974025974026,0.00344850407505986,2.41944779822312
Allegany,2020-06-18T00:00:00.000,1,58,220,4628,4628,58,2020-06-18,1,220,0.00454545454545455,0.00345993544595117,1.20790532774444
Allegany,2020-06-19T00:00:00.000,0,58,166,4794,4794,58,2020-06-19,0,166,0,0.00347790809204324,0
Allegany,2020-06-20T00:00:00.000,0,58,66,4860,4860,58,2020-06-20,0,66,0,0.00350200583663626,0
Allegany,2020-06-21T00:00:00.000,0,58,114,4974,4974,58,2020-06-21,0,114,0,0.00353177051100466,0
Allegany,2020-06-22T00:00:00.000,0,58,142,5116,5116,58,2020-06-22,0,142,0,0.0035666968988172,0
Allegany,2020-06-23T00:00:00.000,0,58,104,5220,5220,58,2020-06-23,0,104,0,0.00360622859993842,0
Allegany,2020-06-24T00:00:00.000,0,58,131,5351,5351,58,2020-06-24,0,131,0,0.00364975518147456,0
Allegany,2020-06-25T00:00:00.000,0,58,109,5460,5460,58,2020-06-25,0,109,0,0.00369661099565712,0
Allegany,2020-06-26T00:00:00.000,0,58,55,5515,5515,58,2020-06-26,0,55,0,0.00374607604006095,0
Allegany,2020-06-27T00:00:00.000,1,59,74,5589,5589,59,2020-06-27,1,74,0.0135135135135135,0.00379737919547656,1.12292498164411
Allegany,2020-06-28T00:00:00.000,0,59,157,5746,5746,59,2020-06-28,0,157,0,0.00384970411009992,0
Allegany,2020-06-29T00:00:00.000,0,59,194,5940,5940,59,2020-06-29,0,194,0,0.00390219789466835,0
Allegany,2020-06-30T00:00:00.000,2,61,78,6018,6018,61,2020-06-30,2,78,0.0256410256410256,0.00395398265773864,2.21383181161429
Allegany,2020-07-01T00:00:00.000,1,62,48,6066,6066,62,2020-07-01,1,48,0.0208333333333333,0.00400416974616179,1.09732742685263
Allegany,2020-07-02T00:00:00.000,1,63,105,6171,6171,63,2020-07-02,1,105,0.00952380952380952,0.00405187637585021,1.10112624408625
Allegany,2020-07-03T00:00:00.000,0,63,75,6246,6246,63,2020-07-03,0,75,0,0.00409624414842601,0
Allegany,2020-07-04T00:00:00.000,0,63,97,6343,6343,63,2020-07-04,0,97,0,0.00413645877264666,0
Allegany,2020-07-05T00:00:00.000,0,63,93,6436,6436,63,2020-07-05,0,93,0,0.00417177016111631,0
Allegany,2020-07-06T00:00:00.000,0,63,87,6523,6523,63,2020-07-06,0,87,0,0.00420151196522625,0
Allegany,2020-07-07T00:00:00.000,1,64,205,6728,6728,64,2020-07-07,1,205,0.0048780487804878,0.00422511956622758,1.10836773878129
Allegany,2020-07-08T00:00:00.000,0,64,91,6819,6819,64,2020-07-08,0,91,0,0.00424214556322578,0
Allegany,2020-07-09T00:00:00.000,0,64,78,6897,6897,64,2020-07-09,0,78,0,0.00425227189349226,0
Allegany,2020-07-10T00:00:00.000,2,66,106,7003,7003,66,2020-07-10,2,106,0.0188679245283019,0.00425531788311318,2.20439211827578
Allegany,2020-07-11T00:00:00.000,0,66,107,7110,7110,66,2020-07-11,0,107,0,0.00425124374828125,0
Allegany,2020-07-12T00:00:00.000,0,66,88,7198,7198,66,2020-07-12,0,88,0,0.00424014932679948,0
Allegany,2020-07-13T00:00:00.000,2,68,243,7441,7441,68,2020-07-13,2,243,0.00823045267489712,0.00422226809647918,2.18604886291778
Allegany,2020-07-14T00:00:00.000,1,69,97,7538,7538,69,2020-07-14,1,97,0.0103092783505155,0.0041979568083652,1.08935242578714
Allegany,2020-07-15T00:00:00.000,1,70,80,7618,7618,70,2020-07-15,1,80,0.0125,0.00416768130236184,1.0854122649851
Allegany,2020-07-16T00:00:00.000,1,71,72,7690,7690,71,2020-07-16,1,72,0.0138888888888889,0.00413199926435108,1.08123556899954
Allegany,2020-07-17T00:00:00.000,0,71,111,7801,7801,71,2020-07-17,0,111,0,0.00409154081102292,0
Allegany,2020-07-18T00:00:00.000,0,71,78,7879,7879,71,2020-07-18,0,78,0,0.00404698784706467,0
Allegany,2020-07-19T00:00:00.000,0,71,72,7951,7951,71,2020-07-19,0,72,0,0.00399905312935682,0
Allegany,2020-07-20T00:00:00.000,1,72,97,8048,8048,72,2020-07-20,1,97,0.0103092783505155,0.00394845989999878,1.08215606915369
Allegany,2020-07-21T00:00:00.000,0,72,171,8219,8219,72,2020-07-21,0,171,0,0.00389592283075045,0
Allegany,2020-07-22T00:00:00.000,0,72,130,8349,8349,72,2020-07-22,0,130,0,0.00384213086771585,0
Allegany,2020-07-23T00:00:00.000,2,74,112,8461,8461,74,2020-07-23,2,112,0.0178571428571429,0.00378773239621039,2.16862553493552
Allegany,2020-07-24T00:00:00.000,0,74,138,8599,8599,74,2020-07-24,0,138,0,0.00373332297617153,0
Allegany,2020-07-25T00:00:00.000,0,74,75,8674,8674,74,2020-07-25,0,75,0,0.00367943574425349,0
Allegany,2020-07-26T00:00:00.000,0,74,58,8732,8732,74,2020-07-26,0,58,0,0.00362653444286279,0
Allegany,2020-07-27T00:00:00.000,0,74,53,8785,8785,74,2020-07-27,0,53,0,0.00357500893801376,0
Allegany,2020-07-28T00:00:00.000,0,74,212,8997,8997,74,2020-07-28,0,212,0,0.00352517301276459,0
Allegany,2020-07-29T00:00:00.000,0,74,100,9097,9097,74,2020-07-29,0,100,0,0.00347726418552667,0
Allegany,2020-07-30T00:00:00.000,0,74,65,9162,9162,74,2020-07-30,0,65,0,0.00343144528985161,0
Allegany,2020-07-31T00:00:00.000,0,74,102,9264,9264,74,2020-07-31,0,102,0,0.00338780756112206,0
Allegany,2020-08-01T00:00:00.000,0,74,118,9382,9382,74,2020-08-01,0,118,0,0.00334637500246921,0
Allegany,2020-08-02T00:00:00.000,1,75,63,9445,9445,75,2020-08-02,1,63,0.0158730158730159,0.00330710983674106,1.07348602034172
Allegany,2020-08-03T00:00:00.000,0,75,153,9598,9598,75,2020-08-03,0,153,0,0.00326991888766675,0
Allegany,2020-08-04T00:00:00.000,1,76,178,9776,9776,76,2020-08-04,1,178,0.00561797752808989,0.00323466076990051,1.09217191623843
Allegany,2020-08-05T00:00:00.000,2,78,118,9894,9894,78,2020-08-05,2,118,0.0169491525423729,0.00320115379179704,2.21180290947356
Allegany,2020-08-06T00:00:00.000,1,79,128,10022,10022,79,2020-08-06,1,128,0.0078125,0.00316918449147017,1.11902265650432
Allegany,2020-08-07T00:00:00.000,0,79,110,10132,10132,79,2020-08-07,0,110,0,0.00313851672822063,0
Allegany,2020-08-08T00:00:00.000,0,79,65,10197,10197,79,2020-08-08,0,65,0,0.00310890123902456,0
Allegany,2020-08-09T00:00:00.000,1,80,71,10268,10268,80,2020-08-09,1,71,0.0140845070422535,0.00308008554703299,1.14325911610875
Allegany,2020-08-10T00:00:00.000,0,80,325,10593,10593,80,2020-08-10,0,325,0,0.00305182407401068,0
Allegany,2020-08-11T00:00:00.000,0,80,95,10688,10688,80,2020-08-11,0,95,0,0.00302388827059815,0
Allegany,2020-08-12T00:00:00.000,0,80,74,10762,10762,80,2020-08-12,0,74,0,0.0029960765401884,0
Allegany,2020-08-13T00:00:00.000,0,80,90,10852,10852,80,2020-08-13,0,90,0,0.00296822369826697,0
Allegany,2020-08-14T00:00:00.000,0,80,141,10993,10993,80,2020-08-14,0,141,0,0.00294020969208601,0
Allegany,2020-08-15T00:00:00.000,0,80,118,11111,11111,80,2020-08-15,0,118,0,0.0029119673010727,0
Allegany,2020-08-16T00:00:00.000,0,80,66,11177,11177,80,2020-08-16,0,66,0,0.002883488561335,0
Allegany,2020-08-17T00:00:00.000,0,80,169,11346,11346,80,2020-08-17,0,169,0,0.00285482970050994,0
Allegany,2020-08-18T00:00:00.000,0,80,242,11588,11588,80,2020-08-18,0,242,0,0.00282611443802462,0
Allegany,2020-08-19T00:00:00.000,1,81,94,11682,11682,81,2020-08-19,1,94,0.0106382978723404,0.00279753559337627,1.10111258276952
Allegany,2020-08-20T00:00:00.000,3,84,149,11831,11831,84,2020-08-20,3,149,0.0201342281879195,0.0027693550478666,3.27851624105367
Allegany,2020-08-21T00:00:00.000,0,84,145,11976,11976,84,2020-08-21,0,145,0,0.00274190221178909,0
Allegany,2020-08-22T00:00:00.000,1,85,93,12069,12069,85,2020-08-22,1,93,0.010752688172043,0.00271557125742307,1.07355692354357
Allegany,2020-08-23T00:00:00.000,0,85,47,12116,12116,85,2020-08-23,0,47,0,0.00269081746880961,0
Allegany,2020-08-24T00:00:00.000,1,86,199,12315,12315,86,2020-08-24,1,199,0.0050251256281407,0.00266815313674692,1.0525845297384
Allegany,2020-08-25T00:00:00.000,0,86,258,12573,12573,86,2020-08-25,0,258,0,0.00264814347539798,0
Allegany,2020-08-26T00:00:00.000,1,87,180,12753,12753,87,2020-08-26,1,180,0.00555555555555556,0.00263140305924181,1.04355535956419
Allegany,2020-08-27T00:00:00.000,0,87,236,12989,12989,87,2020-08-27,0,236,0,0.00261859327411593,0
Allegany,2020-08-28T00:00:00.000,1,88,180,13169,13169,88,2020-08-28,1,180,0.00555555555555556,0.00261042124623174,1.02946147770736
Allegany,2020-08-29T00:00:00.000,1,89,149,13318,13318,89,2020-08-29,1,149,0.00671140939597315,0.00260764066400237,1.03192678654435
Allegany,2020-08-30T00:00:00.000,0,89,94,13412,13412,89,2020-08-30,0,94,0,0.00261105484903032,0
Allegany,2020-08-31T00:00:00.000,0,89,355,13767,13767,89,2020-08-31,0,355,0,0.00262152236441792,0
Allegany,2020-09-01T00:00:00.000,0,89,122,13889,13889,89,2020-09-01,0,122,0,0.00263996538721897,0
Allegany,2020-09-02T00:00:00.000,1,90,253,14142,14142,90,2020-09-02,1,253,0.00395256916996047,0.00266738101243312,1.04582032427364
Allegany,2020-09-03T00:00:00.000,0,90,220,14362,14362,90,2020-09-03,0,220,0,0.00270485560735707,0
Allegany,2020-09-04T00:00:00.000,2,92,126,14488,14488,92,2020-09-04,2,126,0.0158730158730159,0.00275358229621027,2.10688551964009
Allegany,2020-09-05T00:00:00.000,0,92,51,14539,14539,92,2020-09-05,0,51,0,0.0028148816224097,0
Allegany,2020-09-06T00:00:00.000,0,92,102,14641,14641,92,2020-09-06,0,102,0,0.00289022540461519,0
Allegany,2020-09-07T00:00:00.000,0,92,194,14835,14835,92,2020-09-07,0,194,0,0.00298126377044304,0
Allegany,2020-09-08T00:00:00.000,0,92,156,14991,14991,92,2020-09-08,0,156,0,0.00308985530399448,0
Allegany,2020-09-09T00:00:00.000,1,93,86,15077,15077,93,2020-09-09,1,86,0.0116279069767442,0.00321810017497841,1.07936614235459
Allegany,2020-09-10T00:00:00.000,0,93,230,15307,15307,93,2020-09-10,0,230,0,0.00336837602085293,0
Allegany,2020-09-11T00:00:00.000,1,94,135,15442,15442,94,2020-09-11,1,135,0.00740740740740741,0.00354337621399478,1.09611403191367
Allegany,2020-09-12T00:00:00.000,0,94,51,15493,15493,94,2020-09-12,0,51,0,0.00374614996511296,0
Allegany,2020-09-13T00:00:00.000,0,94,106,15599,15599,94,2020-09-13,0,106,0,0.00398014348634388,0
Allegany,2020-09-14T00:00:00.000,0,94,121,15720,15720,94,2020-09-14,0,121,0,0.00424924116775033,0
Allegany,2020-09-15T00:00:00.000,0,94,232,15952,15952,94,2020-09-15,0,232,0,0.00455780542541498,0
Allegany,2020-09-16T00:00:00.000,0,94,86,16038,16038,94,2020-09-16,0,86,0,0.00491071359122972,0
Allegany,2020-09-17T00:00:00.000,1,95,169,16207,16207,95,2020-09-17,1,169,0.00591715976331361,0.00531338997016875,1.17370107157893
Allegany,2020-09-18T00:00:00.000,1,96,115,16322,16322,96,2020-09-18,1,115,0.00869565217391304,0.00577183107423333,1.1877637315886
Allegany,2020-09-19T00:00:00.000,2,98,165,16487,16487,98,2020-09-19,2,165,0.0121212121212121,0.00629262213675126,2.40348398226127
Allegany,2020-09-20T00:00:00.000,1,99,145,16632,16632,99,2020-09-20,1,145,0.00689655172413793,0.00688294343548531,1.2155955609479
Allegany,2020-09-21T00:00:00.000,0,99,230,16862,16862,99,2020-09-21,0,230,0,0.00755056585564884,0
Allegany,2020-09-22T00:00:00.000,0,99,135,16997,16997,99,2020-09-22,0,135,0,0.0083038366510599,0
Allegany,2020-09-23T00:00:00.000,2,101,161,17158,17158,101,2020-09-23,2,161,0.0124223602484472,0.00915165865583262,2.51750553081342
Allegany,2020-09-24T00:00:00.000,2,103,129,17287,17287,103,2020-09-24,2,129,0.0155038759689922,0.010103469414591,2.55156059458304
Allegany,2020-09-25T00:00:00.000,3,106,301,17588,17588,106,2020-09-25,3,301,0.00996677740863787,0.0111692308860165,3.87938070896438
Allegany,2020-09-26T00:00:00.000,0,106,137,17725,17725,106,2020-09-26,0,137,0,0.012359445594413,0
Allegany,2020-09-27T00:00:00.000,0,106,129,17854,17854,106,2020-09-27,0,129,0,0.0136852212888209,0
Allegany,2020-09-28T00:00:00.000,2,108,170,18024,18024,108,2020-09-28,2,170,0.0117647058823529,0.0151584132586733,2.77417405672999
Allegany,2020-09-29T00:00:00.000,6,114,139,18163,18163,114,2020-09-29,6,139,0.0431654676258993,0.016791881349818,8.59369350982754
Allegany,2020-09-30T00:00:00.000,5,119,140,18303,18303,119,2020-09-30,5,140,0.0357142857142857,0.018599907508875,7.38426747173684
Bronx,2020-04-01T00:00:00.000,1066,9927,1754,19911,19911,9927,2020-04-01,9927,19911,0.498568630405304,0.534160126453081,12816.517513297
Bronx,2020-04-02T00:00:00.000,1159,11086,1946,21857,21857,11086,2020-04-02,1159,1946,0.595580678314491,0.527595683390706,1493.40011535328
Bronx,2020-04-03T00:00:00.000,1229,12315,2108,23965,23965,12315,2020-04-03,1229,2108,0.583017077798861,0.520997016606545,1593.01104385942
Bronx,2020-04-04T00:00:00.000,1053,13368,1778,25743,25743,13368,2020-04-04,1053,1778,0.592238470191226,0.514326972731246,1376.72531924767
Bronx,2020-04-05T00:00:00.000,959,14327,1628,27371,27371,14327,2020-04-05,959,1628,0.589066339066339,0.507533419497032,1264.58618791654
Bronx,2020-04-06T00:00:00.000,1021,15348,1996,29367,29367,15348,2020-04-06,1021,1996,0.511523046092184,0.500552629508804,1357.12640806622
Bronx,2020-04-07T00:00:00.000,1278,16626,2562,31929,31929,16626,2020-04-07,1278,2562,0.498829039812646,0.49331267205101,1705.80258305777
Bronx,2020-04-08T00:00:00.000,1166,17792,2348,34277,34277,17792,2020-04-08,1166,2348,0.496592844974446,0.485736790054573,1561.4743358987
Bronx,2020-04-09T00:00:00.000,1368,19160,2637,36914,36914,19160,2020-04-09,1368,2637,0.51877133105802,0.47774674295345,1837.00798605736
Bronx,2020-04-10T00:00:00.000,1317,20477,2580,39494,39494,20477,2020-04-10,1317,2580,0.51046511627907,0.46926609854107,1772.5207999685
Bronx,2020-04-11T00:00:00.000,964,21441,2081,41575,41575,21441,2020-04-11,964,2081,0.463238827486785,0.460223454209563,1299.73563746424
Bronx,2020-04-12T00:00:00.000,764,22205,1623,43198,43198,22205,2020-04-12,764,1623,0.470733210104744,0.450555561269732,1031.4256067734
Bronx,2020-04-13T00:00:00.000,1061,23266,2294,45492,45492,23266,2020-04-13,1061,2294,0.462510897994769,0.440210313344857,1436.16538320461
Bronx,2020-04-14T00:00:00.000,1387,24653,2622,48114,48114,24653,2020-04-14,1387,2622,0.528985507246377,0.429149541268415,1887.24803256788
Bronx,2020-04-15T00:00:00.000,1279,25932,2939,51053,51053,25932,2020-04-15,1279,2939,0.435182034705682,0.417351534592812,1748.87104641604
Bronx,2020-04-16T00:00:00.000,1103,27035,2793,53846,53846,27035,2020-04-16,1103,2793,0.394915861081275,0.404813184168745,1515.06178997526
Bronx,2020-04-17T00:00:00.000,984,28019,2597,56443,56443,28019,2020-04-17,984,2597,0.378898729303042,0.391551618273139,1357.07946985876
Bronx,2020-04-18T00:00:00.000,804,28823,2162,58605,58605,28823,2020-04-18,804,2162,0.371877890841813,0.377605188647342,1112.65222306403
Bronx,2020-04-19T00:00:00.000,549,29372,1707,60312,60312,29372,2020-04-19,549,1707,0.321616871704745,0.363033662557353,761.756981117392
Bronx,2020-04-20T00:00:00.000,617,29989,2050,62362,62362,29989,2020-04-20,617,2050,0.300975609756098,0.347917495172236,857.233109570668
Bronx,2020-04-21T00:00:00.000,879,30868,2942,65304,65304,30868,2020-04-21,879,2942,0.298776342624065,0.332356100319515,1221.6549352625
Bronx,2020-04-22T00:00:00.000,791,31659,3084,68388,68388,31659,2020-04-22,791,3084,0.256485084306096,0.316465104822837,1100.84394198672
Bronx,2020-04-23T00:00:00.000,1042,32701,3691,72079,72079,32701,2020-04-23,1042,3691,0.282308317529125,0.3003726591066,1456.02481885781
Bronx,2020-04-24T00:00:00.000,1482,34183,4800,76879,76879,34183,2020-04-24,1482,4800,0.30875,0.284214972904352,2078.30686732239
Bronx,2020-04-25T00:00:00.000,787,34970,2967,79846,79846,34970,2020-04-25,787,2967,0.265251095382541,0.268131335992122,1107.1116583222
Bronx,2020-04-26T00:00:00.000,586,35556,2363,82209,82209,35556,2020-04-26,586,2363,0.247989843419382,0.252258953078996,826.521631216693
Bronx,2020-04-27T00:00:00.000,438,35994,2107,84316,84316,35994,2020-04-27,438,2107,0.207878500237304,0.236727955352635,618.40499127946
Bronx,2020-04-28T00:00:00.000,606,36600,2938,87254,87254,36600,2020-04-28,606,2938,0.206262763784888,0.221656940204468,855.173819019725
Bronx,2020-04-29T00:00:00.000,644,37244,2977,90231,90231,37244,2020-04-29,644,2977,0.216325159556601,0.207149336026395,907.943233442689
Bronx,2020-04-30T00:00:00.000,541,37785,2824,93055,93055,37785,2020-04-30,541,2824,0.19157223796034,0.193290798147632,761.690124119833
Bronx,2020-05-01T00:00:00.000,665,38450,3694,96749,96749,38450,2020-05-01,665,3694,0.180021656740661,0.180147731657608,934.627843471463
Bronx,2020-05-02T00:00:00.000,466,38916,2857,99606,99606,38916,2020-05-02,466,2857,0.16310815540777,0.167766924088719,653.550069906871
Bronx,2020-05-03T00:00:00.000,307,39223,1869,101475,101475,39223,2020-05-03,307,1869,0.164258962011771,0.156176173185809,429.497433758422
Bronx,2020-05-04T00:00:00.000,253,39476,2001,103476,103476,39476,2020-05-04,253,2001,0.126436781609195,0.145385723907148,353.026755543007
Bronx,2020-05-05T00:00:00.000,363,39839,2657,106133,106133,39839,2020-05-05,363,2657,0.136620248400452,0.135390290371929,505.892054359086
Bronx,2020-05-06T00:00:00.000,342,40181,2786,108919,108919,40181,2020-05-06,342,2786,0.12275664034458,0.12617143128203,475.650396902548
Bronx,2020-05-07T00:00:00.000,352,40533,3078,111997,111997,40533,2020-05-07,352,3078,0.114359974009097,0.117700066013978,488.675533363279
Bronx,2020-05-08T00:00:00.000,271,40804,2873,114870,114870,40804,2020-05-08,271,2873,0.0943264879916464,0.109938954775886,376.274416990538
Bronx,2020-05-09T00:00:00.000,255,41059,2935,117805,117805,41059,2020-05-09,255,2935,0.0868824531516184,0.102845010813242,353.981971724816
Bronx,2020-05-10T00:00:00.000,237,41296,2140,119945,119945,41296,2020-05-10,237,2140,0.110747663551402,0.0963713583933817,328.42676389472
Bronx,2020-05-11T00:00:00.000,145,41441,1510,121455,121455,41441,2020-05-11,145,1510,0.0960264900662252,0.0904690917605513,199.823696522932
Bronx,2020-05-12T00:00:00.000,236,41677,2678,124133,124133,41677,2020-05-12,236,2678,0.0881254667662435,0.0850887236180262,324.849623167255
Bronx,2020-05-13T00:00:00.000,303,41980,3338,127471,127471,41980,2020-05-13,303,3338,0.0907729179149191,0.0801813368188523,418.834584979009
Bronx,2020-05-14T00:00:00.000,539,42519,4408,131879,131879,42519,2020-05-14,539,4408,0.122277676950998,0.0756994687923921,744.360839115
Bronx,2020-05-15T00:00:00.000,293,42812,3632,135511,135511,42812,2020-05-15,293,3632,0.0806718061674009,0.0715977671870391,404.860434414736
Bronx,2020-05-16T00:00:00.000,210,43022,2861,138372,138372,43022,2020-05-16,210,2861,0.0734009087731562,0.0678334577376451,290.165005907286
Bronx,2020-05-17T00:00:00.000,136,43158,2126,140498,140498,43158,2020-05-17,136,2126,0.063969896519285,0.0643666639987521,188.156103405143
Bronx,2020-05-18T00:00:00.000,112,43270,2102,142600,142600,43270,2020-05-18,112,2102,0.0532825880114177,0.0611606140496327,155.650399643348
Bronx,2020-05-19T00:00:00.000,148,43418,2682,145282,145282,43418,2020-05-19,148,2682,0.0551826994780015,0.0581817632774007,206.331803521614
Bronx,2020-05-20T00:00:00.000,185,43603,3618,148900,148900,43603,2020-05-20,185,3618,0.0511332227750138,0.05539985568708,258.678079085614
Bronx,2020-05-21T00:00:00.000,163,43766,3421,152321,152321,43766,2020-05-21,163,3421,0.0476468868751827,0.0527879394225872,228.856221355098
Bronx,2020-05-22T00:00:00.000,155,43921,3518,155839,155839,43921,2020-05-22,155,3518,0.0440591245025583,0.0503223462379791,218.343117175635
Bronx,2020-05-23T00:00:00.000,216,44137,4575,160414,160414,44137,2020-05-23,216,4575,0.0472131147540984,0.0479826395077544,305.020175938245
Bronx,2020-05-24T00:00:00.000,110,44247,2445,162859,162859,44247,2020-05-24,110,2445,0.0449897750511247,0.0457515315118414,155.582621326959
Bronx,2020-05-25T00:00:00.000,117,44364,2233,165092,165092,44364,2020-05-25,117,2233,0.0523958799820869,0.0436147683556581,165.60341343687
Bronx,2020-05-26T00:00:00.000,139,44503,3064,168156,168156,44503,2020-05-26,139,3064,0.0453655352480418,0.0415609797716994,197.058478696825
Bronx,2020-05-27T00:00:00.000,250,44753,5657,173813,173813,44753,2020-05-27,250,5657,0.044193035177656,0.0395814915043842,354.934811838461
Bronx,2020-05-28T00:00:00.000,221,44974,5781,179594,179594,44974,2020-05-28,221,5781,0.038228680159142,0.0376700994205279,313.97009145111
Bronx,2020-05-29T00:00:00.000,142,45116,4817,184411,184411,45116,2020-05-29,142,4817,0.0294789287938551,0.0358228069973694,203.206541799912
Bronx,2020-05-30T00:00:00.000,137,45253,4338,188749,188749,45253,2020-05-30,137,4338,0.0315813739050254,0.034037530703783,197.116832187459
Bronx,2020-05-31T00:00:00.000,106,45359,3997,192746,192746,45359,2020-05-31,106,3997,0.0265198899174381,0.0323137807886598,153.033445042704
Bronx,2020-06-01T00:00:00.000,107,45466,4069,196815,196815,45466,2020-06-01,107,4069,0.0262963873187515,0.0306523276374535,154.634827999447
Bronx,2020-06-02T00:00:00.000,105,45571,3579,200394,200394,45571,2020-06-02,105,3579,0.0293378038558256,0.0290548656601477,151.463328904026
Bronx,2020-06-03T00:00:00.000,117,45688,4303,204697,204697,45688,2020-06-03,117,4303,0.027190332326284,0.0275236875435154,168.094323723745
Bronx,2020-06-04T00:00:00.000,90,45778,4606,209303,209303,45778,2020-06-04,90,4606,0.0195397307859314,0.0260613813637906,128.516715174335
Bronx,2020-06-05T00:00:00.000,104,45882,5144,214447,214447,45882,2020-06-05,104,5144,0.0202177293934681,0.0246705615640679,147.71283718425
Bronx,2020-06-06T00:00:00.000,98,45980,4164,218611,218611,45980,2020-06-06,98,4164,0.0235350624399616,0.023353642460889,139.772466969983
Bronx,2020-06-07T00:00:00.000,72,46052,3718,222329,222329,46052,2020-06-07,72,3718,0.0193652501344809,0.0221126598357572,102.694261115772
Bronx,2020-06-08T00:00:00.000,75,46127,3214,225543,225543,46127,2020-06-08,75,3214,0.0233354075917859,0.0209491428648462,106.867637959081
Bronx,2020-06-09T00:00:00.000,96,46223,4468,230011,230011,46223,2020-06-09,96,4468,0.0214861235452104,0.0198640353792162,136.512158449228
Bronx,2020-06-10T00:00:00.000,93,46316,3929,233940,233940,46316,2020-06-10,93,3929,0.0236701450750827,0.0188576625814863,131.840905277831
Bronx,2020-06-11T00:00:00.000,80,46396,4894,238834,238834,46396,2020-06-11,80,4894,0.0163465467919902,0.0179297371183051,112.950887223284
Bronx,2020-06-12T00:00:00.000,105,46501,5869,244703,244703,46501,2020-06-12,105,5869,0.017890611688533,0.0170793969441806,147.429995720851
Bronx,2020-06-13T00:00:00.000,66,46567,4578,249281,249281,46567,2020-06-13,66,4578,0.0144167758846658,0.0163052667054561,92.0932367248674
Bronx,2020-06-14T00:00:00.000,78,46645,4689,253970,253970,46645,2020-06-14,78,4689,0.0166346769033909,0.0156055343757817,108.215224801296
Bronx,2020-06-15T00:00:00.000,65,46710,4542,258512,258512,46710,2020-06-15,65,4542,0.0143108762659621,0.0149780354655398,90.3861217908896
Bronx,2020-06-16T00:00:00.000,68,46778,5106,263618,263618,46778,2020-06-16,68,5106,0.0133176654915785,0.0144203380811257,94.6408532808168
Bronx,2020-06-17T00:00:00.000,52,46830,5556,269174,269174,46830,2020-06-17,52,5556,0.00935925125989921,0.0139298233476473,72.3304372946759
Bronx,2020-06-18T00:00:00.000,85,46915,6272,275446,275446,46915,2020-06-18,85,6272,0.0135522959183673,0.0135037569631072,117.649607937846
Bronx,2020-06-19T00:00:00.000,64,46979,5007,280453,280453,46979,2020-06-19,64,5007,0.0127821050529259,0.0131393489405911,87.9389543372815
Bronx,2020-06-20T00:00:00.000,48,47027,4694,285147,285147,47027,2020-06-20,48,4694,0.0102258201959949,0.0128337996822718,65.2857179458129
Bronx,2020-06-21T00:00:00.000,65,47092,4917,290064,290064,47092,2020-06-21,65,4917,0.0132194427496441,0.0125843315203927,87.4626574170948
Bronx,2020-06-22T00:00:00.000,62,47154,3723,293787,293787,47154,2020-06-22,62,3723,0.0166532366371206,0.0123882056415241,82.4990582706163
Bronx,2020-06-23T00:00:00.000,76,47230,3549,297336,297336,47230,2020-06-23,76,3549,0.0214144829529445,0.0122427249384096,99.9753813826022
Bronx,2020-06-24T00:00:00.000,64,47294,4930,302266,302266,47294,2020-06-24,64,4930,0.0129817444219067,0.0121452238640021,83.2171026886294
Bronx,2020-06-25T00:00:00.000,89,47383,4377,306643,306643,47383,2020-06-25,89,4377,0.0203335618003199,0.012093046761961,114.382743262356
Bronx,2020-06-26T00:00:00.000,73,47456,5794,312437,312437,47456,2020-06-26,73,5794,0.0125992405937176,0.0120835165590653,92.7397307981559
Bronx,2020-06-27T00:00:00.000,58,47514,5208,317645,317645,47514,2020-06-27,58,5208,0.011136712749616,0.0121138960434626,73.140634709461
Bronx,2020-06-28T00:00:00.000,41,47555,3588,321233,321233,47555,2020-06-28,41,3588,0.0114269788182832,0.0121813443386363,51.4582287554392
Bronx,2020-06-29T00:00:00.000,43,47598,4056,325289,325289,47598,2020-06-29,43,4056,0.0106015779092702,0.0122828715468837,53.6587078542927
Bronx,2020-06-30T00:00:00.000,53,47651,4725,330014,330014,47651,2020-06-30,53,4725,0.0112169312169312,0.0124152948931848,65.7783121776872
Bronx,2020-07-01T00:00:00.000,107,47758,5267,335281,335281,47758,2020-07-01,107,5267,0.0203151699259541,0.0125751999938845,131.649815242483
Bronx,2020-07-02T00:00:00.000,80,47838,5521,340802,340802,47838,2020-07-02,80,5521,0.0144901285998913,0.0127589110748184,98.7967920239595
Bronx,2020-07-03T00:00:00.000,64,47902,4449,345251,345251,47902,2020-07-03,64,4449,0.0143852551135087,0.0129624739569379,79.4919082570004
Bronx,2020-07-04T00:00:00.000,36,47938,4275,349526,349526,47938,2020-07-04,36,4275,0.00842105263157895,0.0131816553895324,44.9383227484259
Bronx,2020-07-05T00:00:00.000,56,47994,4111,353637,353637,47994,2020-07-05,56,4111,0.0136219897835077,0.0134119617683719,69.9143560272593
Bronx,2020-07-06T00:00:00.000,44,48038,3695,357332,357332,48038,2020-07-06,44,3695,0.0119079837618403,0.0136486793605363,54.9355367458642
Bronx,2020-07-07T00:00:00.000,38,48076,3456,360788,360788,48076,2020-07-07,38,3456,0.0109953703703704,0.0138869369195258,47.4399495866299
Bronx,2020-07-08T00:00:00.000,50,48126,3993,364781,364781,48126,2020-07-08,50,3993,0.0125219133483596,0.014121790031149,62.4035211656269
Bronx,2020-07-09T00:00:00.000,82,48208,5706,370487,370487,48208,2020-07-09,82,5706,0.0143708377146863,0.0143483247855704,102.289996834578
Bronx,2020-07-10T00:00:00.000,59,48267,4932,375419,375419,48267,2020-07-10,59,4932,0.0119626926196269,0.0145617765746556,73.5426205406582
Bronx,2020-07-11T00:00:00.000,60,48327,4401,379820,379820,48327,2020-07-11,60,4401,0.0136332651670075,0.0147576581743947,74.7106218347462
Bronx,2020-07-12T00:00:00.000,50,48377,3980,383800,383800,48377,2020-07-12,50,3980,0.0125628140703518,0.0149318899534466,62.1746161572697
Bronx,2020-07-13T00:00:00.000,56,48433,4169,387969,387969,48433,2020-07-13,56,4169,0.013432477812425,0.0150809242569545,69.5194154609428
Bronx,2020-07-14T00:00:00.000,63,48496,4435,392404,392404,48496,2020-07-14,63,4435,0.0142051860202931,0.0152018558919807,78.0539379498799
Bronx,2020-07-15T00:00:00.000,79,48575,5635,398039,398039,48575,2020-07-15,79,5635,0.014019520851819,0.0152925112335772,97.6517985841391
Bronx,2020-07-16T00:00:00.000,68,48643,5250,403289,403289,48643,2020-07-16,68,5250,0.012952380952381,0.0153515097784923,83.8355702190478
Bronx,2020-07-17T00:00:00.000,72,48715,5748,409037,409037,48715,2020-07-17,72,5748,0.0125260960334029,0.0153782938624919,88.5271676578186
Bronx,2020-07-18T00:00:00.000,54,48769,4297,413334,413334,48769,2020-07-18,54,4297,0.0125669071445194,0.0153731245522094,66.4697650036812
Bronx,2020-07-19T00:00:00.000,68,48837,3543,416877,416877,48837,2020-07-19,68,3543,0.0191927744848998,0.0153370441753734,84.0021750311442
Bronx,2020-07-20T00:00:00.000,89,48926,4443,421320,421320,48926,2020-07-20,89,4443,0.0200315102408283,0.015271808287642,110.262079617538
Bronx,2020-07-21T00:00:00.000,91,49017,5492,426812,426812,49017,2020-07-21,91,5492,0.0165695557174071,0.0151797918817509,112.984050547294
Bronx,2020-07-22T00:00:00.000,69,49086,4802,431614,431614,49086,2020-07-22,69,4802,0.014369012911287,0.0150638761073401,85.7864275344517
Bronx,2020-07-23T00:00:00.000,114,49200,5276,436890,436890,49200,2020-07-23,114,5276,0.0216072782410917,0.0149273225992754,141.781538887741
Bronx,2020-07-24T00:00:00.000,80,49280,4754,441644,441644,49280,2020-07-24,80,4754,0.016827934371056,0.0147736426716523,99.2345555342844
Bronx,2020-07-25T00:00:00.000,56,49336,3711,445355,445355,49336,2020-07-25,56,3711,0.0150902721638372,0.0146064682018995,68.7798388599049
Bronx,2020-07-26T00:00:00.000,52,49388,3459,448814,448814,49388,2020-07-26,52,3459,0.0150332466030645,0.0144294300622214,63.1513187674125
Bronx,2020-07-27T00:00:00.000,34,49422,3654,452468,452468,49422,2020-07-27,34,3654,0.00930487137383689,0.0142460487253772,41.3172810846027
Bronx,2020-07-28T00:00:00.000,59,49481,3397,455865,455865,49481,2020-07-28,59,3397,0.0173682661171622,0.0140596402061629,72.0902907147241
Bronx,2020-07-29T00:00:00.000,46,49527,4741,460606,460606,49527,2020-07-29,46,4741,0.00970259438936933,0.013873239093861,56.4341888375371
Bronx,2020-07-30T00:00:00.000,46,49573,3994,464600,464600,49573,2020-07-30,46,3994,0.0115172759138708,0.0136895391369733,56.6442431083035
Bronx,2020-07-31T00:00:00.000,53,49626,5253,469853,469853,49626,2020-07-31,53,5253,0.0100894726822768,0.0135108507723787,65.2655915456551
Bronx,2020-08-01T00:00:00.000,50,49676,3384,473237,473237,49676,2020-08-01,50,3384,0.0147754137115839,0.0133390742252568,61.5041316601348
Bronx,2020-08-02T00:00:00.000,38,49714,3630,476867,476867,49714,2020-08-02,38,3630,0.0104683195592286,0.0131756863238871,46.8395217967421
Bronx,2020-08-03T00:00:00.000,109,49823,7059,483926,483926,49823,2020-08-03,109,7059,0.0154412806346508,0.0130217389616174,134.928386945999
Bronx,2020-08-04T00:00:00.000,83,49906,5301,489227,489227,49906,2020-08-04,83,5301,0.0156574231277118,0.0128778671911563,104.080798983602
Bronx,2020-08-05T00:00:00.000,74,49980,5205,494432,494432,49980,2020-08-05,74,5205,0.0142170989433237,0.0127443051284899,93.9613204284156
Bronx,2020-08-06T00:00:00.000,77,50057,5151,499583,499583,50057,2020-08-06,77,5151,0.0149485536788973,0.0126209081862653,98.9336229761039
Bronx,2020-08-07T00:00:00.000,63,50120,4634,504217,504217,50120,2020-08-07,63,4634,0.013595166163142,0.0125071805375757,81.6832113784481
Bronx,2020-08-08T00:00:00.000,68,50188,5261,509478,509478,50188,2020-08-08,68,5261,0.0129252993727428,0.0124023070884253,88.8314233038126
Bronx,2020-08-09T00:00:00.000,38,50226,4747,514225,514225,50226,2020-08-09,38,4747,0.00800505582473141,0.0123051895826655,49.897733905574
Bronx,2020-08-10T00:00:00.000,52,50278,5083,519308,519308,50278,2020-08-10,52,5083,0.010230179028133,0.0122144866960938,68.2609420356621
Bronx,2020-08-11T00:00:00.000,91,50369,7934,527242,527242,50369,2020-08-11,91,7934,0.0114696244013108,0.0121286581124936,119.172704259393
Bronx,2020-08-12T00:00:00.000,116,50485,7110,534352,534352,50485,2020-08-12,116,7110,0.0163150492264416,0.0120460125764026,151.358674168485
Bronx,2020-08-13T00:00:00.000,94,50579,6420,540772,540772,50579,2020-08-13,94,6420,0.0146417445482866,0.0119647597655982,122.059713003183
Bronx,2020-08-14T00:00:00.000,72,50651,6849,547621,547621,50651,2020-08-14,72,6849,0.0105124835742444,0.011883065590467,93.0562844422667
Bronx,2020-08-15T00:00:00.000,73,50724,6399,554020,554020,50724,2020-08-15,73,6399,0.0114080325050789,0.0117991101446517,94.2209119729407
Bronx,2020-08-16T00:00:00.000,62,50786,4742,558762,558762,50786,2020-08-16,62,4742,0.0130746520455504,0.0117111471360999,79.8096200012276
Bronx,2020-08-17T00:00:00.000,54,50840,4675,563437,563437,50840,2020-08-17,54,4675,0.0115508021390374,0.0116175631854209,69.236224663919
Bronx,2020-08-18T00:00:00.000,67,50907,5591,569028,569028,50907,2020-08-18,67,5591,0.0119835449830084,0.0115169350048407,85.4562692279976
Bronx,2020-08-19T00:00:00.000,47,50954,5402,574430,574430,50954,2020-08-19,47,5402,0.00870048130322103,0.0114080821898515,59.5625504020461
Bronx,2020-08-20T00:00:00.000,56,51010,6412,580842,580842,51010,2020-08-20,56,6412,0.00873362445414847,0.0112901132416653,70.4329822682475
Bronx,2020-08-21T00:00:00.000,57,51067,6574,587416,587416,51067,2020-08-21,57,6574,0.00867052023121387,0.0111624624979096,71.0749837267811
Bronx,2020-08-22T00:00:00.000,70,51137,4937,592353,592353,51137,2020-08-22,70,4937,0.0141786510026332,0.0110249159636299,86.4518966435312
Bronx,2020-08-23T00:00:00.000,57,51194,5141,597494,597494,51194,2020-08-23,57,5141,0.0110873370939506,0.0108776245027995,69.6642238407879
Bronx,2020-08-24T00:00:00.000,45,51239,4296,601790,601790,51239,2020-08-24,45,4296,0.0104748603351955,0.0107211035499391,54.4342658957432
Bronx,2020-08-25T00:00:00.000,53,51292,5358,607148,607148,51292,2020-08-25,53,5358,0.00989175065322882,0.0105562192779164,63.7998851265747
Bronx,2020-08-26T00:00:00.000,65,51357,5535,612683,612683,51357,2020-08-26,65,5535,0.011743450767841,0.0103841619960543,77.8121217200756
Bronx,2020-08-27T00:00:00.000,49,51406,6190,618873,618873,51406,2020-08-27,49,6190,0.00791599353796446,0.0102064083505162,58.2943348242416
Bronx,2020-08-28T00:00:00.000,62,51468,6305,625178,625178,51468,2020-08-28,62,6305,0.0098334655035686,0.0100246745693214,73.0193156376095
Bronx,2020-08-29T00:00:00.000,65,51533,6778,631956,631956,51533,2020-08-29,65,6778,0.00958984951313072,0.00984086347360313,76.6021199377176
Bronx,2020-08-30T00:00:00.000,77,51610,4854,636810,636810,51610,2020-08-30,77,4854,0.0158632056036259,0.00965700824602936,90.9696602633482
Bronx,2020-08-31T00:00:00.000,53,51663,4880,641690,641690,51663,2020-08-31,53,4880,0.0108606557377049,0.00947521592787743,62.6420068359982
Bronx,2020-09-01T00:00:00.000,48,51711,7314,649004,649004,51711,2020-09-01,48,7314,0.00656275635767022,0.00929761340776526,56.7525798341023
Bronx,2020-09-02T00:00:00.000,57,51768,5696,654700,654700,51768,2020-09-02,57,5696,0.0100070224719101,0.00912629822167469,67.4144341114988
Bronx,2020-09-03T00:00:00.000,52,51820,6594,661294,661294,51820,2020-09-03,52,6594,0.00788595693054292,0.00896329591518782,61.5181980932402
Bronx,2020-09-04T00:00:00.000,40,51860,6365,667659,667659,51860,2020-09-04,40,6365,0.00628436763550668,0.00881052507680277,47.3348828974502
Bronx,2020-09-05T00:00:00.000,52,51912,5858,673517,673517,51912,2020-09-05,52,5858,0.00887674974393991,0.00866977049262117,61.5538702139068
Bronx,2020-09-06T00:00:00.000,32,51944,4414,677931,677931,51944,2020-09-06,32,4414,0.00724966017217943,0.00854266425392813,37.8925174651044
Bronx,2020-09-07T00:00:00.000,40,51984,5366,683297,683297,51984,2020-09-07,40,5366,0.00745434215430488,0.00843067414531961,47.3856428696234
Bronx,2020-09-08T00:00:00.000,34,52018,5571,688868,688868,52018,2020-09-08,34,5571,0.00610303356668462,0.00833509823390583,40.2987545402967
Bronx,2020-09-09T00:00:00.000,58,52076,5655,694523,694523,52076,2020-09-09,58,5655,0.0102564102564103,0.00825706431393561,68.7890632446104
Bronx,2020-09-10T00:00:00.000,49,52125,5615,700138,700138,52125,2020-09-10,49,5615,0.00872662511130899,0.00819753274351641,58.2309614105143
Bronx,2020-09-11T00:00:00.000,61,52186,7455,707593,707593,52186,2020-09-11,61,7455,0.00818242790073776,0.00815730118813683,72.6772516351085
Bronx,2020-09-12T00:00:00.000,49,52235,4625,712218,712218,52235,2020-09-12,49,4625,0.0105945945945946,0.00813700989219429,58.5221775865625
Bronx,2020-09-13T00:00:00.000,46,52281,4288,716506,716506,52281,2020-09-13,46,4288,0.0107276119402985,0.00813714628871474,55.2225030803378
Bronx,2020-09-14T00:00:00.000,54,52335,4856,721362,721362,52335,2020-09-14,54,4856,0.0111202635914333,0.00815804801280638,65.2231971479542
Bronx,2020-09-15T00:00:00.000,36,52371,4810,726172,726172,52371,2020-09-15,36,4810,0.00748440748440748,0.0081999036970937,43.7337863668664
Bronx,2020-09-16T00:00:00.000,51,52422,5950,732122,732122,52422,2020-09-16,51,5950,0.00857142857142857,0.00826275130083967,62.2986053054061
Bronx,2020-09-17T00:00:00.000,46,52468,5601,737723,737723,52468,2020-09-17,46,5601,0.00821281913943939,0.00834647410123334,56.4843933351634
Bronx,2020-09-18T00:00:00.000,58,52526,6097,743820,743820,52526,2020-09-18,58,6097,0.00951287518451698,0.00845079491287768,71.5675991791043
Bronx,2020-09-19T00:00:00.000,52,52578,7106,750926,750926,52578,2020-09-19,52,7106,0.00731775963974106,0.0085752695392884,64.4549376665688
Bronx,2020-09-20T00:00:00.000,41,52619,3854,754780,754780,52619,2020-09-20,41,3854,0.0106382978723404,0.00871928089343154,51.0321198416546
Bronx,2020-09-21T00:00:00.000,47,52666,5869,760649,760649,52666,2020-09-21,47,5869,0.00800817856534333,0.00888203565821873,58.722876936118
Bronx,2020-09-22T00:00:00.000,44,52710,5074,765723,765723,52710,2020-09-22,44,5074,0.0086716594402838,0.00906256574016292,55.1643973670067
Bronx,2020-09-23T00:00:00.000,46,52756,5812,771535,771535,52756,2020-09-23,46,5812,0.00791465932553338,0.00925973705118048,57.9706477989928
Bronx,2020-09-24T00:00:00.000,59,52815,7131,778666,778666,52815,2020-09-24,59,7131,0.00827373439910251,0.00947226836528773,74.7870234838377
Bronx,2020-09-25T00:00:00.000,57,52872,6388,785054,785054,52872,2020-09-25,57,6388,0.00892298058860363,0.00969876300294329,72.6750452168043
Bronx,2020-09-26T00:00:00.000,48,52920,4941,789995,789995,52920,2020-09-26,48,4941,0.00971463266545234,0.00993775596659504,61.5594205398254
Bronx,2020-09-27T00:00:00.000,36,52956,3456,793451,793451,52956,2020-09-27,36,3456,0.0104166666666667,0.0101877788040884,46.8958151532049
Bronx,2020-09-28T00:00:00.000,69,53025,6624,800075,800075,53025,2020-09-28,69,6624,0.0104166666666667,0.0104474439889095,92.2122102760592
Bronx,2020-09-29T00:00:00.000,66,53091,6152,806227,806227,53091,2020-09-29,66,6152,0.0107282184655397,0.0107155499843612,90.3782768496772
Bronx,2020-09-30T00:00:00.000,78,53169,6093,812320,812320,53169,2020-09-30,78,6093,0.0128015755785327,0.0109912075793045,109.291271888918
Broome,2020-04-01T00:00:00.000,4,46,43,411,411,46,2020-04-01,46,411,0.111922141119221,0.132791730985777,51.6725390000527
Broome,2020-04-02T00:00:00.000,10,56,72,483,483,56,2020-04-02,10,72,0.138888888888889,0.135028155199173,11.2435913993914
Broome,2020-04-03T00:00:00.000,9,65,55,538,538,65,2020-04-03,9,55,0.163636363636364,0.137273411802397,10.2090312296915
Broome,2020-04-04T00:00:00.000,6,71,36,574,574,71,2020-04-04,6,36,0.166666666666667,0.139489866081785,6.88494562100723
Broome,2020-04-05T00:00:00.000,5,76,33,607,607,76,2020-04-05,5,33,0.151515151515152,0.141623762238895,5.80319253381208
Broome,2020-04-06T00:00:00.000,10,86,47,654,654,86,2020-04-06,10,47,0.212765957446809,0.143607703349781,11.7318731432732
Broome,2020-04-07T00:00:00.000,2,88,24,678,678,88,2020-04-07,2,24,0.0833333333333333,0.145363595812154,2.3624425066241
Broome,2020-04-08T00:00:00.000,17,105,82,760,760,105,2020-04-08,17,82,0.207317073170732,0.146806108209384,20.198519332176
Broome,2020-04-09T00:00:00.000,7,112,58,818,818,112,2020-04-09,7,58,0.120689655172414,0.147846636215821,8.3595780749834
Broome,2020-04-10T00:00:00.000,5,117,31,849,849,117,2020-04-10,5,31,0.161290322580645,0.1483976951947,5.99758438476309
Broome,2020-04-11T00:00:00.000,9,126,60,909,909,126,2020-04-11,9,60,0.15,0.148377587236583,10.8357869697251
Broome,2020-04-12T00:00:00.000,7,133,39,948,948,133,2020-04-12,7,39,0.179487179487179,0.14771512204233,8.45298797172484
Broome,2020-04-13T00:00:00.000,13,146,90,1038,1038,146,2020-04-13,13,90,0.144444444444444,0.146354118228752,15.7618393344892
Broome,2020-04-14T00:00:00.000,7,153,73,1111,1111,153,2020-04-14,7,73,0.0958904109589041,0.144257380383603,8.54089728807068
Broome,2020-04-15T00:00:00.000,14,167,74,1185,1185,167,2020-04-15,14,74,0.189189189189189,0.141409843740772,17.179599763747
Broome,2020-04-16T00:00:00.000,11,178,82,1267,1267,178,2020-04-16,11,82,0.134146341463415,0.13782060319818,13.5660517022265
Broome,2020-04-17T00:00:00.000,8,186,64,1331,1331,186,2020-04-17,8,64,0.125,0.133523601633004,9.90779633277345
Broome,2020-04-18T00:00:00.000,6,192,52,1383,1383,192,2020-04-18,6,52,0.115384615384615,0.1285768392058,7.45533427711494
Broome,2020-04-19T00:00:00.000,7,199,43,1426,1426,199,2020-04-19,7,43,0.162790697674419,0.123060081298806,8.71684188974704
Broome,2020-04-20T00:00:00.000,6,205,47,1473,1473,205,2020-04-20,6,47,0.127659574468085,0.117071175175486,7.4758812478571
Broome,2020-04-21T00:00:00.000,14,219,54,1527,1527,219,2020-04-21,14,54,0.259259259259259,0.110721224206538,17.4321292312857
Broome,2020-04-22T00:00:00.000,5,224,102,1629,1629,224,2020-04-22,5,102,0.0490196078431373,0.1041289916051,6.22649811542752
Broome,2020-04-23T00:00:00.000,8,232,85,1714,1714,232,2020-04-23,8,85,0.0941176470588235,0.0974149941729163,9.98820820910429
Broome,2020-04-24T00:00:00.000,19,251,212,1926,1926,251,2020-04-24,19,212,0.089622641509434,0.0906957807704686,23.7688999722265
Broome,2020-04-25T00:00:00.000,6,257,105,2031,2031,257,2020-04-25,6,105,0.0571428571428571,0.084078861194801,7.51626125151115
Broome,2020-04-26T00:00:00.000,4,261,69,2100,2100,261,2020-04-26,4,69,0.0579710144927536,0.0776586605727457,5.01476897256227
Broome,2020-04-27T00:00:00.000,5,266,60,2160,2160,266,2020-04-27,5,60,0.0833333333333333,0.0715137376530997,6.26300665286368
Broome,2020-04-28T00:00:00.000,7,273,87,2247,2247,273,2020-04-28,7,87,0.0804597701149425,0.0657053470162824,8.74725425666564
Broome,2020-04-29T00:00:00.000,11,284,114,2361,2361,284,2020-04-29,11,114,0.0964912280701754,0.0602772736534122,13.7073189930417
Broome,2020-04-30T00:00:00.000,15,299,110,2471,2471,299,2020-04-30,15,110,0.136363636363636,0.0552567464214331,18.6332980862472
Broome,2020-05-01T00:00:00.000,6,305,114,2585,2585,305,2020-05-01,6,114,0.0526315789473684,0.0506561607066165,7.42794479392051
Broome,2020-05-02T00:00:00.000,22,327,415,3000,3000,327,2020-05-02,22,415,0.0530120481927711,0.0464753128307321,27.137336978674
Broome,2020-05-03T00:00:00.000,7,334,353,3353,3353,334,2020-05-03,7,353,0.0198300283286119,0.0427038637755077,8.60211961418597
Broome,2020-05-04T00:00:00.000,4,338,180,3533,3533,338,2020-05-04,4,180,0.0222222222222222,0.0393237949328272,4.8973422701888
Broome,2020-05-05T00:00:00.000,7,345,273,3806,3806,345,2020-05-05,7,273,0.0256410256410256,0.0363116797736132,8.55254081313442
Broome,2020-05-06T00:00:00.000,15,360,333,4139,4139,360,2020-05-06,15,333,0.045045045045045,0.0336406592028732,18.2786182740572
Broome,2020-05-07T00:00:00.000,4,364,214,4353,4353,364,2020-05-07,4,214,0.0186915887850467,0.0312820658254221,4.8639577674424
Broome,2020-05-08T00:00:00.000,8,372,252,4605,4605,372,2020-05-08,8,252,0.0317460317460317,0.0292066881089764,9.72878170014421
Broome,2020-05-09T00:00:00.000,1,373,317,4922,4922,373,2020-05-09,1,317,0.00315457413249211,0.0273856975682235,1.21611605364819
Broome,2020-05-10T00:00:00.000,5,378,319,5241,5241,378,2020-05-10,5,319,0.0156739811912226,0.0257912817601647,6.07313162648324
Broome,2020-05-11T00:00:00.000,1,379,271,5512,5512,379,2020-05-11,1,271,0.003690036900369,0.0243970354207613,1.20882287324025
Broome,2020-05-12T00:00:00.000,3,382,291,5803,5803,382,2020-05-12,3,291,0.0103092783505155,0.0231781638482005,3.62587076759804
Broome,2020-05-13T00:00:00.000,1,383,343,6146,6146,383,2020-05-13,1,343,0.00291545189504373,0.0221115500498389,1.21521884887226
Broome,2020-05-14T00:00:00.000,7,390,343,6489,6489,390,2020-05-14,7,343,0.0204081632653061,0.0211757314061031,8.5107405333776
Broome,2020-05-15T00:00:00.000,23,413,458,6947,6947,413,2020-05-15,23,458,0.0502183406113537,0.0203508250514142,28.0242376128279
Broome,2020-05-16T00:00:00.000,1,414,486,7433,7433,414,2020-05-16,1,486,0.00205761316872428,0.019618433945616,1.22052808846662
Broome,2020-05-17T00:00:00.000,9,423,379,7812,7812,423,2020-05-17,9,379,0.0237467018469657,0.0189615588008884,11.0190261876019
Broome,2020-05-18T00:00:00.000,6,429,295,8107,8107,429,2020-05-18,6,295,0.0203389830508475,0.018364534209143,7.39323100019586
Broome,2020-05-19T00:00:00.000,7,436,639,8746,8746,436,2020-05-19,7,639,0.0109546165884194,0.0178130007730466,8.66956924475758
Broome,2020-05-20T00:00:00.000,15,451,419,9165,9165,451,2020-05-20,15,419,0.035799522673031,0.0172939185884533,18.6688529804678
Broome,2020-05-21T00:00:00.000,17,468,820,9985,9985,468,2020-05-21,17,820,0.0207317073170732,0.0167956209196307,21.2858097143647
Broome,2020-05-22T00:00:00.000,17,485,645,10630,10630,485,2020-05-22,17,645,0.0263565891472868,0.0163079008291012,21.3954018305226
Broome,2020-05-23T00:00:00.000,16,501,629,11259,11259,501,2020-05-23,16,629,0.0254372019077901,0.0158221179207763,20.2214757518511
Broome,2020-05-24T00:00:00.000,18,519,669,11928,11928,519,2020-05-24,18,669,0.0269058295964126,0.0153313079460408,22.8222396470231
Broome,2020-05-25T00:00:00.000,3,522,536,12464,12464,522,2020-05-25,3,536,0.00559701492537313,0.0148302754503592,3.81202940461193
Broome,2020-05-26T00:00:00.000,6,528,369,12833,12833,528,2020-05-26,6,369,0.016260162601626,0.0143156492318577,7.64617269972849
Broome,2020-05-27T00:00:00.000,17,545,523,13356,13356,545,2020-05-27,17,523,0.0325047801147228,0.0137858827900427,21.7195964695112
Broome,2020-05-28T00:00:00.000,12,557,614,13970,13970,557,2020-05-28,12,614,0.0195439739413681,0.0132411867951761,15.3557228975164
Broome,2020-05-29T00:00:00.000,4,561,531,14501,14501,561,2020-05-29,4,531,0.00753295668549906,0.012683387763918,5.15961025963482
Broome,2020-05-30T00:00:00.000,5,566,1002,15503,15503,566,2020-05-30,5,1002,0.00499001996007984,0.0121157154087298,6.48802104662937
Broome,2020-05-31T00:00:00.000,8,574,777,16280,16280,574,2020-05-31,8,777,0.0102960102960103,0.0115425295372414,10.419857958988
Broome,2020-06-01T00:00:00.000,4,578,629,16909,16909,578,2020-06-01,4,629,0.00635930047694754,0.0109690046008293,5.21619604149792
Broome,2020-06-02T00:00:00.000,11,589,826,17735,17735,589,2020-06-02,11,826,0.013317191283293,0.0104007948212431,14.3184382022921
Broome,2020-06-03T00:00:00.000,4,593,631,18366,18366,593,2020-06-03,4,631,0.0063391442155309,0.00984370471931279,5.18528192088594
Broome,2020-06-04T00:00:00.000,12,605,1417,19783,19783,605,2020-06-04,12,1417,0.00846859562455893,0.00930338852790066,15.4583353998158
Broome,2020-06-05T00:00:00.000,8,613,1311,21094,21094,613,2020-06-05,8,1311,0.0061022120518688,0.00878509779385245,10.2478236706383
Broome,2020-06-06T00:00:00.000,7,620,950,22044,22044,620,2020-06-06,7,950,0.00736842105263158,0.00829349040720745,9.00185196644887
Broome,2020-06-07T00:00:00.000,4,624,745,22789,22789,624,2020-06-07,4,745,0.00536912751677852,0.00783250722333739,5.14280019028396
Broome,2020-06-08T00:00:00.000,3,627,797,23586,23586,627,2020-06-08,3,797,0.00376411543287327,0.00740531565452196,3.85251140879974
Broome,2020-06-09T00:00:00.000,3,630,755,24341,24341,630,2020-06-09,3,755,0.00397350993377483,0.0070143138833246,3.84426331102436
Broome,2020-06-10T00:00:00.000,11,641,875,25216,25216,641,2020-06-10,11,875,0.0125714285714286,0.0066611852946187,14.0529104378694
Broome,2020-06-11T00:00:00.000,3,644,1085,26301,26301,644,2020-06-11,3,1085,0.00276497695852535,0.00634699054880799,3.81786271143367
Broome,2020-06-12T00:00:00.000,3,647,779,27080,27080,647,2020-06-12,3,779,0.00385109114249037,0.00607228429415538,3.79844432326877
Broome,2020-06-13T00:00:00.000,4,651,795,27875,27875,651,2020-06-13,4,795,0.0050314465408805,0.0058372444569692,5.03653423406949
Broome,2020-06-14T00:00:00.000,4,655,382,28257,28257,655,2020-06-14,4,382,0.0104712041884817,0.00564180389750883,5.01265354351566
Broome,2020-06-15T00:00:00.000,1,656,606,28863,28863,656,2020-06-15,1,606,0.00165016501650165,0.00548577650241769,1.25767005737849
Broome,2020-06-16T00:00:00.000,1,657,546,29409,29409,657,2020-06-16,1,546,0.00183150183150183,0.00536897203039648,1.26084385001268
Broome,2020-06-17T00:00:00.000,0,657,442,29851,29851,657,2020-06-17,0,442,0,0.00529129601332422,0
Broome,2020-06-18T00:00:00.000,6,663,952,30803,30803,663,2020-06-18,6,952,0.00630252100840336,0.00525283244930023,7.5564306764613
Broome,2020-06-19T00:00:00.000,2,665,586,31389,31389,665,2020-06-19,2,586,0.00341296928327645,0.0052539079547405,2.50739167884127
Broome,2020-06-20T00:00:00.000,3,668,430,31819,31819,668,2020-06-20,3,430,0.00697674418604651,0.00529513633450545,3.73465415741471
Broome,2020-06-21T00:00:00.000,2,670,552,32371,32371,670,2020-06-21,2,552,0.0036231884057971,0.00537744238949036,2.47180308053135
Broome,2020-06-22T00:00:00.000,1,671,588,32959,32959,671,2020-06-22,1,588,0.00170068027210884,0.00550206322744628,1.22689958251826
Broome,2020-06-23T00:00:00.000,0,671,179,33138,33138,671,2020-06-23,0,179,0,0.00567052456147491,0
Broome,2020-06-24T00:00:00.000,9,680,935,34073,34073,680,2020-06-24,9,935,0.00962566844919786,0.00588458868384835,10.8844424003576
Broome,2020-06-25T00:00:00.000,17,697,509,34582,34582,697,2020-06-25,17,509,0.0333988212180747,0.00614617013452357,20.4186162677869
Broome,2020-06-26T00:00:00.000,4,701,922,35504,35504,701,2020-06-26,4,922,0.00433839479392625,0.00645721492040747,4.77296392743249
Broome,2020-06-27T00:00:00.000,2,703,486,35990,35990,703,2020-06-27,2,486,0.00411522633744856,0.00681953965195747,2.38126565700332
Broome,2020-06-28T00:00:00.000,7,710,377,36367,36367,710,2020-06-28,7,377,0.0185676392572944,0.00723462857471768,8.33952122831263
Broome,2020-06-29T00:00:00.000,6,716,772,37139,37139,716,2020-06-29,6,772,0.0077720207253886,0.00770338938289788,7.14597017330377
Broome,2020-06-30T00:00:00.000,6,722,448,37587,37587,722,2020-06-30,6,448,0.0133928571428571,0.00822587312189529,7.14628945682648
Broome,2020-07-01T00:00:00.000,7,729,846,38433,38433,729,2020-07-01,7,846,0.008274231678487,0.00880096936206378,8.31067075453629
Broome,2020-07-02T00:00:00.000,7,736,476,38909,38909,736,2020-07-02,7,476,0.0147058823529412,0.00942609485882548,8.38692415569229
Broome,2020-07-03T00:00:00.000,16,752,979,39888,39888,752,2020-07-03,16,979,0.0163432073544433,0.0100969012973918,19.3826410339278
Broome,2020-07-04T00:00:00.000,1,753,898,40786,40786,753,2020-07-04,1,898,0.00111358574610245,0.0108070343634121,1.22373678840357
Broome,2020-07-05T00:00:00.000,4,757,554,41340,41340,757,2020-07-05,4,554,0.0072202166064982,0.0115479807702703,4.91971223462019
Broome,2020-07-06T00:00:00.000,5,762,588,41928,41928,762,2020-07-06,5,588,0.00850340136054422,0.0123090403103379,6.17851430101926
Broome,2020-07-07T00:00:00.000,4,766,234,42162,42162,766,2020-07-07,4,234,0.0170940170940171,0.013077455150173,4.96377732941399
Broome,2020-07-08T00:00:00.000,4,770,731,42893,42893,770,2020-07-08,4,731,0.00547195622435021,0.0138387176267655,4.98218319539941
Broome,2020-07-09T00:00:00.000,14,784,662,43555,43555,784,2020-07-09,14,662,0.0211480362537764,0.0145770609873328,17.4917888298321
Broome,2020-07-10T00:00:00.000,23,807,747,44302,44302,807,2020-07-10,23,747,0.0307898259705489,0.0152761164044522,28.8067845814744
Broome,2020-07-11T00:00:00.000,13,820,1236,45538,45538,820,2020-07-11,13,1236,0.0105177993527508,0.0159196970579339,16.3104592041215
Broome,2020-07-12T00:00:00.000,7,827,595,46133,46133,827,2020-07-12,7,595,0.0117647058823529,0.0164926496889933,8.79141363111853
Broome,2020-07-13T00:00:00.000,14,841,852,46985,46985,841,2020-07-13,14,852,0.0164319248826291,0.0169816996711319,17.5873918632576
Broome,2020-07-14T00:00:00.000,11,852,592,47577,47577,852,2020-07-14,11,592,0.0185810810810811,0.017376210436877,13.8118801172264
Broome,2020-07-15T00:00:00.000,9,861,914,48491,48491,861,2020-07-15,9,914,0.00984682713347921,0.0176687836200386,11.2867381399321
Broome,2020-07-16T00:00:00.000,9,870,595,49086,49086,870,2020-07-16,9,595,0.0151260504201681,0.0178556422313778,11.2648226191258
Broome,2020-07-17T00:00:00.000,7,877,522,49608,49608,877,2020-07-17,7,522,0.0134099616858238,0.0179367631929569,8.74028723191524
Broome,2020-07-18T00:00:00.000,6,883,347,49955,49955,883,2020-07-18,6,347,0.0172910662824208,0.0179157538098221,7.49944160748545
Broome,2020-07-19T00:00:00.000,19,902,914,50869,50869,902,2020-07-19,19,914,0.0207877461706783,0.0177994947044787,23.8232945279029
Broome,2020-07-20T00:00:00.000,15,917,687,51556,51556,917,2020-07-20,15,687,0.0218340611353712,0.0175975950565395,18.8488004806633
Broome,2020-07-21T00:00:00.000,13,930,915,52471,52471,930,2020-07-21,13,915,0.014207650273224,0.0173217216000827,16.3550405063949
Broome,2020-07-22T00:00:00.000,4,934,538,53009,53009,934,2020-07-22,4,538,0.00743494423791822,0.0169848691079304,5.03317499189643
Broome,2020-07-23T00:00:00.000,20,954,756,53765,53765,954,2020-07-23,20,756,0.0264550264550265,0.0166006373100187,25.1396434815617
Broome,2020-07-24T00:00:00.000,12,966,762,54527,54527,966,2020-07-24,12,762,0.015748031496063,0.0161825690029463,15.0213918595505
Broome,2020-07-25T00:00:00.000,12,978,549,55076,55076,978,2020-07-25,12,549,0.0218579234972678,0.0157435891877974,14.8494451375918
Broome,2020-07-26T00:00:00.000,8,986,1287,56363,56363,986,2020-07-26,8,1287,0.00621600621600622,0.0152955681603191,9.77238821232647
Broome,2020-07-27T00:00:00.000,6,992,522,56885,56885,992,2020-07-27,6,522,0.0114942528735632,0.014849015502798,7.32157291048447
Broome,2020-07-28T00:00:00.000,23,1015,779,57664,57664,1015,2020-07-28,23,779,0.0295250320924262,0.0144128984308951,28.1728195240878
Broome,2020-07-29T00:00:00.000,14,1029,698,58362,58362,1029,2020-07-29,14,698,0.0200573065902579,0.0139945683842913,17.1905849491774
Broome,2020-07-30T00:00:00.000,8,1037,777,59139,59139,1037,2020-07-30,8,777,0.0102960102960103,0.013599774164606,9.84469396868
Broome,2020-07-31T00:00:00.000,11,1048,781,59920,59920,1048,2020-07-31,11,781,0.0140845070422535,0.0132327380070734,13.5175441250369
Broome,2020-08-01T00:00:00.000,6,1054,825,60745,60745,1054,2020-08-01,6,825,0.00727272727272727,0.012896272032014,7.35562172812984
Broome,2020-08-02T00:00:00.000,10,1064,743,61488,61488,1064,2020-08-02,10,743,0.0134589502018843,0.0125919155621576,12.270456255318
Broome,2020-08-03T00:00:00.000,14,1078,1025,62513,62513,1078,2020-08-03,14,1025,0.0136585365853659,0.0123200779531614,17.2345247983164
Broome,2020-08-04T00:00:00.000,4,1082,379,62892,62892,1082,2020-08-04,4,379,0.0105540897097625,0.0120801762238098,4.98397034063955
Broome,2020-08-05T00:00:00.000,12,1094,711,63603,63603,1094,2020-08-05,12,711,0.0168776371308017,0.0118707611868506,15.1291621751506
Broome,2020-08-06T00:00:00.000,21,1115,517,64120,64120,1115,2020-08-06,21,517,0.0406189555125725,0.011689629800952,26.7758642748811
Broome,2020-08-07T00:00:00.000,5,1120,412,64532,64532,1120,2020-08-07,5,412,0.0121359223300971,0.0115339247684706,6.43048942186424
Broome,2020-08-08T00:00:00.000,6,1126,583,65115,65115,1126,2020-08-08,6,583,0.0102915951972556,0.0114002249288243,7.77230889239582
Broome,2020-08-09T00:00:00.000,5,1131,747,65862,65862,1131,2020-08-09,5,747,0.00669344042838019,0.011284631741582,6.50889309562395
Broome,2020-08-10T00:00:00.000,12,1143,1408,67270,67270,1143,2020-08-10,12,1408,0.00852272727272727,0.0111828579900654,15.6141353173338
Broome,2020-08-11T00:00:00.000,7,1150,559,67829,67829,1150,2020-08-11,7,559,0.0125223613595707,0.01109032484064,9.08545315364884
Broome,2020-08-12T00:00:00.000,3,1153,641,68470,68470,1153,2020-08-12,3,641,0.0046801872074883,0.0110022724999633,3.8791313811733
Broome,2020-08-13T00:00:00.000,12,1165,947,69417,69417,1165,2020-08-13,12,947,0.0126715945089757,0.0109138879036062,15.4395019790208
Broome,2020-08-14T00:00:00.000,0,1165,708,70125,70125,1165,2020-08-14,0,708,0,0.0108204503666588,0
Broome,2020-08-15T00:00:00.000,1,1166,417,70542,70542,1166,2020-08-15,1,417,0.00239808153477218,0.0107174929195819,1.27834724075658
Broome,2020-08-16T00:00:00.000,6,1172,607,71149,71149,1172,2020-08-16,6,607,0.00988467874794069,0.0106009736727473,7.64697086878034
Broome,2020-08-17T00:00:00.000,5,1177,1523,72672,72672,1177,2020-08-17,5,1523,0.00328299409061064,0.0104674482401049,6.3442779388018
Broome,2020-08-18T00:00:00.000,12,1189,679,73351,73351,1189,2020-08-18,12,679,0.0176730486008837,0.0103142316491125,15.1377165431292
Broome,2020-08-19T00:00:00.000,7,1196,627,73978,73978,1196,2020-08-19,7,627,0.0111642743221691,0.0101395367043403,8.76706072269474
Broome,2020-08-20T00:00:00.000,15,1211,1124,75102,75102,1211,2020-08-20,15,1124,0.0133451957295374,0.00994257592112074,18.6277058550263
Broome,2020-08-21T00:00:00.000,16,1227,1203,76305,76305,1227,2020-08-21,16,1203,0.0133000831255195,0.00972361604211872,19.6774435316194
Broome,2020-08-22T00:00:00.000,12,1239,725,77030,77030,1239,2020-08-22,12,725,0.016551724137931,0.00948397786345196,14.5988704946085
Broome,2020-08-23T00:00:00.000,11,1250,848,77878,77878,1250,2020-08-23,11,848,0.0129716981132075,0.00922597903190978,13.2243846353847
Broome,2020-08-24T00:00:00.000,6,1256,508,78386,78386,1256,2020-08-24,6,508,0.0118110236220472,0.00895282321814957,7.12825387460103
Broome,2020-08-25T00:00:00.000,12,1268,844,79230,79230,1268,2020-08-25,12,844,0.014218009478673,0.00866844458413939,14.1634335922633
Broome,2020-08-26T00:00:00.000,6,1274,1434,80664,80664,1274,2020-08-26,6,1434,0.00418410041841004,0.00837732104549745,7.03005174519043
Broome,2020-08-27T00:00:00.000,9,1283,902,81566,81566,1283,2020-08-27,9,902,0.00997782705099778,0.00808427276341702,10.4604310774317
Broome,2020-08-28T00:00:00.000,3,1286,851,82417,82417,1286,2020-08-28,3,851,0.00352526439482961,0.00779426319110488,3.44538534301984
Broome,2020-08-29T00:00:00.000,9,1295,4937,87354,87354,1295,2020-08-29,9,4937,0.00182296941462427,0.00751221883407828,10.3238917925564
Broome,2020-08-30T00:00:00.000,12,1307,1000,88354,88354,1307,2020-08-30,12,1000,0.012,0.00724288103788503,13.7750748907327
Broome,2020-08-31T00:00:00.000,4,1311,482,88836,88836,1311,2020-08-31,4,482,0.00829875518672199,0.00699069905293927,4.58609380209503
Broome,2020-09-01T00:00:00.000,4,1315,477,89313,89313,1315,2020-09-01,4,477,0.00838574423480084,0.00675976922077708,4.58100114928275
Broome,2020-09-02T00:00:00.000,18,1333,809,90122,90122,1333,2020-09-02,18,809,0.0222496909765142,0.0065538208947929,20.5954143617175
Broome,2020-09-03T00:00:00.000,9,1342,850,90972,90972,1342,2020-09-03,9,850,0.0105882352941176,0.00637624629122084,10.2908798332604
Broome,2020-09-04T00:00:00.000,8,1350,2400,93372,93372,1350,2020-09-04,8,2400,0.00333333333333333,0.00623016915379043,9.14452406960537
Broome,2020-09-05T00:00:00.000,7,1357,873,94245,94245,1357,2020-09-05,7,873,0.00801832760595647,0.00611854598360863,8.00228700784164
Broome,2020-09-06T00:00:00.000,8,1365,546,94791,94791,1365,2020-09-06,8,546,0.0146520146520147,0.00604429352828237,9.15100281632616
Broome,2020-09-07T00:00:00.000,9,1374,644,95435,95435,1374,2020-09-07,9,644,0.0139751552795031,0.00601043705491227,10.3070330834564
Broome,2020-09-08T00:00:00.000,4,1378,199,95634,95634,1378,2020-09-08,4,199,0.0201005025125628,0.00602027526132426,4.58926632093118
Broome,2020-09-09T00:00:00.000,5,1383,572,96206,96206,1383,2020-09-09,5,572,0.00874125874125874,0.00607755924930473,5.75111112857202
Broome,2020-09-10T00:00:00.000,12,1395,1248,97454,97454,1395,2020-09-10,12,1248,0.00961538461538462,0.00618668452202582,13.8648957212536
Broome,2020-09-11T00:00:00.000,15,1410,1875,99329,99329,1410,2020-09-11,15,1875,0.008,0.00635289616292977,17.4302030191773
Broome,2020-09-12T00:00:00.000,8,1418,571,99900,99900,1418,2020-09-12,8,571,0.0140105078809107,0.00658250810209957,9.35420838406971
Broome,2020-09-13T00:00:00.000,2,1420,720,100620,100620,1420,2020-09-13,2,720,0.00277777777777778,0.00688313747990051,2.36112883007578
Broome,2020-09-14T00:00:00.000,3,1423,593,101213,101213,1423,2020-09-14,3,593,0.00505902192242833,0.00726395445499328,3.58169222309214
Broome,2020-09-15T00:00:00.000,5,1428,514,101727,101727,1428,2020-09-15,5,514,0.00972762645914397,0.0077359462866043,6.03886126116579
Broome,2020-09-16T00:00:00.000,9,1437,730,102457,102457,1437,2020-09-16,9,730,0.0123287671232877,0.00831219212825932,11.0004321487754
Broome,2020-09-17T00:00:00.000,13,1450,1394,103851,103851,1450,2020-09-17,13,1394,0.00932568149210904,0.0090081416174988,16.0852273911072
Broome,2020-09-18T00:00:00.000,9,1459,1102,104953,104953,1459,2020-09-18,9,1102,0.00816696914700544,0.00984188633410324,11.2758435808219
Broome,2020-09-19T00:00:00.000,6,1465,2159,107112,107112,1465,2020-09-19,6,2159,0.00277906438165818,0.0108344088233167,7.61307035765665
Broome,2020-09-20T00:00:00.000,7,1472,502,107614,107614,1472,2020-09-20,7,502,0.0139442231075697,0.0120097898911595,8.99628626520361
Broome,2020-09-21T00:00:00.000,4,1476,738,108352,108352,1476,2020-09-21,4,738,0.00542005420054201,0.0133953525546603,5.20731226054447
Broome,2020-09-22T00:00:00.000,4,1480,850,109202,109202,1480,2020-09-22,4,850,0.00470588235294118,0.0150217220647077,5.27488563659137
Broome,2020-09-23T00:00:00.000,16,1496,1356,110558,110558,1496,2020-09-23,16,1356,0.0117994100294985,0.016922788002842,21.4169503767144
Broome,2020-09-24T00:00:00.000,17,1513,1327,111885,111885,1513,2020-09-24,17,1327,0.012810851544838,0.0191355694449152,23.1186195505276
Broome,2020-09-25T00:00:00.000,37,1550,1510,113395,113395,1550,2020-09-25,37,1510,0.0245033112582781,0.0217000098057508,51.1312649919133
Broome,2020-09-26T00:00:00.000,22,1572,606,114001,114001,1572,2020-09-26,22,606,0.0363036303630363,0.0246587665199322,30.8989889225694
Broome,2020-09-27T00:00:00.000,34,1606,690,114691,114691,1606,2020-09-27,34,690,0.0492753623188406,0.0280571124922683,49.0124996463631
Broome,2020-09-28T00:00:00.000,36,1642,1175,115866,115866,1642,2020-09-28,36,1175,0.0306382978723404,0.0319431302057684,53.7995426822793
Broome,2020-09-29T00:00:00.000,31,1673,928,116794,116794,1673,2020-09-29,31,928,0.0334051724137931,0.0363684519297078,47.9681368279246
Broome,2020-09-30T00:00:00.000,56,1729,1188,117982,117982,1729,2020-09-30,56,1188,0.0471380471380471,0.0413898766193155,89.5908746769737
Cattaraugus,2020-04-01T00:00:00.000,1,8,28,191,191,8,2020-04-01,8,191,0.0418848167539267,0.0647721552984416,8.36399353899593
Cattaraugus,2020-04-02T00:00:00.000,1,9,24,215,215,9,2020-04-02,1,24,0.0416666666666667,0.0656876661271492,1.04619105962801
Cattaraugus,2020-04-03T00:00:00.000,0,9,8,223,223,9,2020-04-03,0,8,0,0.0666053274763439,0
Cattaraugus,2020-04-04T00:00:00.000,1,10,12,235,235,10,2020-04-04,1,12,0.0833333333333333,0.0675089440169337,1.067163910531
Cattaraugus,2020-04-05T00:00:00.000,2,12,16,251,251,12,2020-04-05,2,16,0.125,0.0683753770252126,2.15825786142813
Cattaraugus,2020-04-06T00:00:00.000,1,13,14,265,265,13,2020-04-06,1,14,0.0714285714285714,0.0691755918061758,1.09054821931008
Cattaraugus,2020-04-07T00:00:00.000,2,15,19,284,284,15,2020-04-07,2,19,0.105263157894737,0.069875892847325,2.19557571984107
Cattaraugus,2020-04-08T00:00:00.000,2,17,15,299,299,17,2020-04-08,2,15,0.133333333333333,0.0704393753741942,2.20804411317885
Cattaraugus,2020-04-09T00:00:00.000,1,18,26,325,325,18,2020-04-09,1,26,0.0384615384615385,0.0708275983564312,1.10949519322426
Cattaraugus,2020-04-10T00:00:00.000,1,19,7,332,332,19,2020-04-10,1,7,0.142857142857143,0.0710024533055178,1.11427139758291
Cattaraugus,2020-04-11T00:00:00.000,9,28,32,364,364,28,2020-04-11,9,32,0.28125,0.0709281681655169,10.0648081764643
Cattaraugus,2020-04-12T00:00:00.000,0,28,6,370,370,28,2020-04-12,0,6,0,0.0705733518559186,0
Cattaraugus,2020-04-13T00:00:00.000,4,32,13,383,383,32,2020-04-13,4,13,0.307692307692308,0.0699129569879776,4.50441926948252
Cattaraugus,2020-04-14T00:00:00.000,0,32,11,394,394,32,2020-04-14,0,11,0,0.0689300208178033,0
Cattaraugus,2020-04-15T00:00:00.000,0,32,14,408,408,32,2020-04-15,0,14,0,0.0676170419944627,0
Cattaraugus,2020-04-16T00:00:00.000,2,34,31,439,439,34,2020-04-16,2,31,0.0645161290322581,0.0659768644813355,2.29138745448475
Cattaraugus,2020-04-17T00:00:00.000,0,34,15,454,454,34,2020-04-17,0,15,0,0.0640229716505408,0
Cattaraugus,2020-04-18T00:00:00.000,0,34,17,471,471,34,2020-04-18,0,17,0,0.0617791391757331,0
Cattaraugus,2020-04-19T00:00:00.000,0,34,1,472,472,34,2020-04-19,0,1,0,0.0592784519084756,0
Cattaraugus,2020-04-20T00:00:00.000,1,35,8,480,480,35,2020-04-20,1,8,0.125,0.0565617491972819,1.15855973053703
Cattaraugus,2020-04-21T00:00:00.000,2,37,34,514,514,37,2020-04-21,2,34,0.0588235294117647,0.053675618645106,2.31636511001709
Cattaraugus,2020-04-22T00:00:00.000,0,37,40,554,554,37,2020-04-22,0,40,0,0.0506701012505644,0
Cattaraugus,2020-04-23T00:00:00.000,2,39,32,586,586,39,2020-04-23,2,32,0.0625,0.0475962956750889,2.32446135359115
Cattaraugus,2020-04-24T00:00:00.000,6,45,102,688,688,45,2020-04-24,6,102,0.0588235294117647,0.0445040518317894,6.99017388623966
Cattaraugus,2020-04-25T00:00:00.000,0,45,24,712,712,45,2020-04-25,0,24,0,0.0414399243936198,0
Cattaraugus,2020-04-26T00:00:00.000,0,45,21,733,733,45,2020-04-26,0,21,0,0.0384455185184201,0
Cattaraugus,2020-04-27T00:00:00.000,0,45,15,748,748,45,2020-04-27,0,15,0,0.0355563096820978,0
Cattaraugus,2020-04-28T00:00:00.000,2,47,76,824,824,47,2020-04-28,2,76,0.0263157894736842,0.0328009650267541,2.33148323429936
Cattaraugus,2020-04-29T00:00:00.000,0,47,85,909,909,47,2020-04-29,0,85,0,0.0302011432615563,0
Cattaraugus,2020-04-30T00:00:00.000,2,49,78,987,987,49,2020-04-30,2,78,0.0256410256410256,0.0277717098318777,2.31926406590479
Cattaraugus,2020-05-01T00:00:00.000,1,50,80,1067,1067,50,2020-05-01,1,80,0.0125,0.0255212779852646,1.15596432605121
Cattaraugus,2020-05-02T00:00:00.000,3,53,54,1121,1121,53,2020-05-02,3,54,0.0555555555555556,0.0234529749645781,3.45591747497436
Cattaraugus,2020-05-03T00:00:00.000,0,53,7,1128,1128,53,2020-05-03,0,7,0,0.0215653344254954,0
Cattaraugus,2020-05-04T00:00:00.000,0,53,14,1142,1142,53,2020-05-04,0,14,0,0.0198532279064498,0
Cattaraugus,2020-05-05T00:00:00.000,1,54,47,1189,1189,54,2020-05-05,1,47,0.0212765957446809,0.0183087659799946,1.14092839468731
Cattaraugus,2020-05-06T00:00:00.000,5,59,65,1254,1254,59,2020-05-06,5,65,0.0769230769230769,0.0169221196970103,5.68828221463682
Cattaraugus,2020-05-07T00:00:00.000,0,59,36,1290,1290,59,2020-05-07,0,36,0,0.015682232225862,0
Cattaraugus,2020-05-08T00:00:00.000,1,60,54,1344,1344,60,2020-05-08,1,54,0.0185185185185185,0.014577407214335,1.13445759986423
Cattaraugus,2020-05-09T00:00:00.000,0,60,21,1365,1365,60,2020-05-09,0,21,0,0.01359577328059,0
Cattaraugus,2020-05-10T00:00:00.000,1,61,103,1468,1468,61,2020-05-10,1,103,0.00970873786407767,0.0127256330741547,1.13178344400812
Cattaraugus,2020-05-11T00:00:00.000,0,61,29,1497,1497,61,2020-05-11,0,29,0,0.011955710901765,0
Cattaraugus,2020-05-12T00:00:00.000,0,61,77,1574,1574,61,2020-05-12,0,77,0,0.011275315486364,0
Cattaraugus,2020-05-13T00:00:00.000,3,64,134,1708,1708,64,2020-05-13,3,134,0.0223880597014925,0.0106744350342228,3.38959899980277
Cattaraugus,2020-05-14T00:00:00.000,0,64,173,1881,1881,64,2020-05-14,0,173,0,0.0101437808045076,0
Cattaraugus,2020-05-15T00:00:00.000,1,65,186,2067,2067,65,2020-05-15,1,186,0.00537634408602151,0.00967479370122979,1.13112848648798
Cattaraugus,2020-05-16T00:00:00.000,0,65,142,2209,2209,65,2020-05-16,0,142,0,0.00925962620820357,0
Cattaraugus,2020-05-17T00:00:00.000,2,67,207,2416,2416,67,2020-05-17,2,207,0.00966183574879227,0.00889110978728189,2.27006814794568
Cattaraugus,2020-05-18T00:00:00.000,2,69,24,2440,2440,69,2020-05-18,2,24,0.0833333333333333,0.00856271565651846,2.2833694261707
Cattaraugus,2020-05-19T00:00:00.000,1,70,152,2592,2592,70,2020-05-19,1,152,0.00657894736842105,0.00826851486795198,1.14701348081711
Cattaraugus,2020-05-20T00:00:00.000,1,71,186,2778,2778,71,2020-05-20,1,186,0.00537634408602151,0.00800314181155725,1.15229343285642
Cattaraugus,2020-05-21T00:00:00.000,3,74,125,2903,2903,74,2020-05-21,3,125,0.024,0.00776176364032625,3.47727424376545
Cattaraugus,2020-05-22T00:00:00.000,4,78,176,3079,3079,78,2020-05-22,4,176,0.0227272727272727,0.00754005673454764,4.66046416097337
Cattaraugus,2020-05-23T00:00:00.000,0,78,172,3251,3251,78,2020-05-23,0,172,0,0.00733419009545237,0
Cattaraugus,2020-05-24T00:00:00.000,3,81,311,3562,3562,81,2020-05-24,3,311,0.00964630225080386,0.00714081454977698,3.52390235392073
Cattaraugus,2020-05-25T00:00:00.000,0,81,136,3698,3698,81,2020-05-25,0,136,0,0.00695705589023741,0
Cattaraugus,2020-05-26T00:00:00.000,1,82,162,3860,3860,82,2020-05-26,1,162,0.00617283950617284,0.00678050953198683,1.18260028900466
Cattaraugus,2020-05-27T00:00:00.000,3,85,286,4146,4146,85,2020-05-27,3,286,0.0104895104895105,0.00660923406278415,3.56119488243717
Cattaraugus,2020-05-28T00:00:00.000,1,86,147,4293,4293,86,2020-05-28,1,147,0.00680272108843537,0.00644174111127634,1.19068437856523
Cattaraugus,2020-05-29T00:00:00.000,1,87,189,4482,4482,87,2020-05-29,1,189,0.00529100529100529,0.00627697935129037,1.2022878252171
Cattaraugus,2020-05-30T00:00:00.000,1,88,183,4665,4665,88,2020-05-30,1,183,0.00546448087431694,0.00611431106879141,1.21183109567743
Cattaraugus,2020-05-31T00:00:00.000,1,89,215,4880,4880,89,2020-05-31,1,215,0.00465116279069767,0.00595348053287574,1.21904238566311
Cattaraugus,2020-06-01T00:00:00.000,0,89,333,5213,5213,89,2020-06-01,0,333,0,0.00579457432542718,0
Cattaraugus,2020-06-02T00:00:00.000,1,90,375,5588,5588,90,2020-06-02,1,375,0.00266666666666667,0.00563797465003781,1.22435856384376
Cattaraugus,2020-06-03T00:00:00.000,1,91,290,5878,5878,91,2020-06-03,1,290,0.00344827586206897,0.00548430740989303,1.22266844410664
Cattaraugus,2020-06-04T00:00:00.000,1,92,304,6182,6182,92,2020-06-04,1,304,0.00328947368421053,0.00533438738320518,1.21850080146271
Cattaraugus,2020-06-05T00:00:00.000,0,92,416,6598,6598,92,2020-06-05,0,416,0,0.00518916307975744,0
Cattaraugus,2020-06-06T00:00:00.000,2,94,193,6791,6791,94,2020-06-06,2,193,0.0103626943005181,0.00504966386036206,2.44746412553342
Cattaraugus,2020-06-07T00:00:00.000,1,95,245,7036,7036,95,2020-06-07,1,245,0.00408163265306122,0.00491695158974232,1.22721081187567
Cattaraugus,2020-06-08T00:00:00.000,0,95,183,7219,7219,95,2020-06-08,0,183,0,0.00479207860228188,0
Cattaraugus,2020-06-09T00:00:00.000,1,96,205,7424,7424,96,2020-06-09,1,205,0.0048780487804878,0.00467605312185062,1.23049908784265
Cattaraugus,2020-06-10T00:00:00.000,2,98,258,7682,7682,98,2020-06-10,2,258,0.00775193798449612,0.00456981258658575,2.46058445746303
Cattaraugus,2020-06-11T00:00:00.000,3,101,282,7964,7964,101,2020-06-11,3,282,0.0106382978723404,0.00447420467040315,3.6866771468788
Cattaraugus,2020-06-12T00:00:00.000,0,101,341,8305,8305,101,2020-06-12,0,341,0,0.00438997522701413,0
Cattaraugus,2020-06-13T00:00:00.000,3,104,272,8577,8577,104,2020-06-13,3,272,0.0110294117647059,0.0043177619391412,3.66520385672754
Cattaraugus,2020-06-14T00:00:00.000,2,106,155,8732,8732,106,2020-06-14,2,155,0.0129032258064516,0.00425809216238783,2.43678605230425
Cattaraugus,2020-06-15T00:00:00.000,1,107,393,9125,9125,107,2020-06-15,1,393,0.00254452926208651,0.00421138331601676,1.22485699740871
Cattaraugus,2020-06-16T00:00:00.000,2,109,202,9327,9327,109,2020-06-16,2,202,0.0099009900990099,0.00417794415028665,2.45922604095216
Cattaraugus,2020-06-17T00:00:00.000,0,109,219,9546,9546,109,2020-06-17,0,219,0,0.00415797533334319,0
Cattaraugus,2020-06-18T00:00:00.000,0,109,335,9881,9881,109,2020-06-18,0,335,0,0.0041515679746553,0
Cattaraugus,2020-06-19T00:00:00.000,4,113,325,10206,10206,113,2020-06-19,4,325,0.0123076923076923,0.00415869898497558,4.89891245511807
Cattaraugus,2020-06-20T00:00:00.000,2,115,377,10583,10583,115,2020-06-20,2,377,0.00530503978779841,0.00417922247788167,2.43153746854507
Cattaraugus,2020-06-21T00:00:00.000,0,115,252,10835,10835,115,2020-06-21,0,252,0,0.00421285681438901,0
Cattaraugus,2020-06-22T00:00:00.000,3,118,220,11055,11055,118,2020-06-22,3,220,0.0136363636363636,0.00425916732836644,3.58765097430002
Cattaraugus,2020-06-23T00:00:00.000,2,120,210,11265,11265,120,2020-06-23,2,210,0.00952380952380952,0.00431754526763945,2.37052944223534
Cattaraugus,2020-06-24T00:00:00.000,1,121,316,11581,11581,121,2020-06-24,1,316,0.00316455696202532,0.00438718405620469,1.17438541845671
Cattaraugus,2020-06-25T00:00:00.000,2,123,149,11730,11730,123,2020-06-25,2,149,0.0134228187919463,0.00446705457137304,2.32674639498863
Cattaraugus,2020-06-26T00:00:00.000,0,123,389,12119,12119,123,2020-06-26,0,389,0,0.00455588176685022,0
Cattaraugus,2020-06-27T00:00:00.000,0,123,107,12226,12226,123,2020-06-27,0,107,0,0.00465212553830632,0
Cattaraugus,2020-06-28T00:00:00.000,0,123,191,12417,12417,123,2020-06-28,0,191,0,0.0047539692081097,0
Cattaraugus,2020-06-29T00:00:00.000,0,123,120,12537,12537,123,2020-06-29,0,120,0,0.00485931926212503,0
Cattaraugus,2020-06-30T00:00:00.000,0,123,163,12700,12700,123,2020-06-30,0,163,0,0.00496581991732601,0
Cattaraugus,2020-07-01T00:00:00.000,1,124,173,12873,12873,124,2020-07-01,1,173,0.00578034682080925,0.00507088562114487,1.12355249288754
Cattaraugus,2020-07-02T00:00:00.000,0,124,313,13186,13186,124,2020-07-02,0,313,0,0.00517175362672912,0
Cattaraugus,2020-07-03T00:00:00.000,3,127,460,13646,13646,127,2020-07-03,3,460,0.00652173913043478,0.00526555730291008,3.40517822869963
Cattaraugus,2020-07-04T00:00:00.000,0,127,202,13848,13848,127,2020-07-04,0,202,0,0.00534941891577736,0
Cattaraugus,2020-07-05T00:00:00.000,1,128,249,14097,14097,128,2020-07-05,1,249,0.00401606425702811,0.00542055840759798,1.14033776413657
Cattaraugus,2020-07-06T00:00:00.000,0,128,129,14226,14226,128,2020-07-06,0,129,0,0.0054764124245087,0
Cattaraugus,2020-07-07T00:00:00.000,2,130,119,14345,14345,130,2020-07-07,2,119,0.0168067226890756,0.00551475585979974,2.27657834608679
Cattaraugus,2020-07-08T00:00:00.000,1,131,210,14555,14555,131,2020-07-08,1,210,0.00476190476190476,0.00553381680406641,1.13645591717266
Cattaraugus,2020-07-09T00:00:00.000,3,134,421,14976,14976,134,2020-07-09,3,421,0.00712589073634204,0.00553237532954876,3.40213553576599
Cattaraugus,2020-07-10T00:00:00.000,4,138,345,15321,15321,138,2020-07-10,4,345,0.0115942028985507,0.00550983717900181,4.52417630553593
Cattaraugus,2020-07-11T00:00:00.000,0,138,122,15443,15443,138,2020-07-11,0,122,0,0.00546627522674215,0
Cattaraugus,2020-07-12T00:00:00.000,0,138,105,15548,15548,138,2020-07-12,0,105,0,0.00540243434922448,0
Cattaraugus,2020-07-13T00:00:00.000,1,139,288,15836,15836,139,2020-07-13,1,288,0.00347222222222222,0.00531969876540951,1.11857212633717
Cattaraugus,2020-07-14T00:00:00.000,2,141,178,16014,16014,141,2020-07-14,2,178,0.0112359550561798,0.0052200245244674,2.22670076458987
Cattaraugus,2020-07-15T00:00:00.000,1,142,294,16308,16308,142,2020-07-15,1,294,0.00340136054421769,0.00510584311311606,1.10767415144673
Cattaraugus,2020-07-16T00:00:00.000,3,145,381,16689,16689,145,2020-07-16,3,381,0.0078740157480315,0.00497994468861797,3.30482149864552
Cattaraugus,2020-07-17T00:00:00.000,0,145,207,16896,16896,145,2020-07-17,0,207,0,0.0048453508852674,0
Cattaraugus,2020-07-18T00:00:00.000,0,145,103,16999,16999,145,2020-07-18,0,103,0,0.00470518737300663,0
Cattaraugus,2020-07-19T00:00:00.000,0,145,56,17055,17055,145,2020-07-19,0,56,0,0.00456256543318897,0
Cattaraugus,2020-07-20T00:00:00.000,2,147,359,17414,17414,147,2020-07-20,2,359,0.00557103064066852,0.00442047998881944,2.18889064353975
Cattaraugus,2020-07-21T00:00:00.000,0,147,253,17667,17667,147,2020-07-21,0,253,0,0.00428172914867481,0
Cattaraugus,2020-07-22T00:00:00.000,1,148,146,17813,17813,148,2020-07-22,1,146,0.00684931506849315,0.00414885775822452,1.09287042377921
Cattaraugus,2020-07-23T00:00:00.000,2,150,180,17993,17993,150,2020-07-23,2,180,0.0111111111111111,0.0040241250499395,2.18179421107842
Cattaraugus,2020-07-24T00:00:00.000,0,150,340,18333,18333,150,2020-07-24,0,340,0,0.00390949450032922,0
Cattaraugus,2020-07-25T00:00:00.000,1,151,104,18437,18437,151,2020-07-25,1,104,0.00961538461538462,0.00380664258548571,1.07367493703131
Cattaraugus,2020-07-26T00:00:00.000,2,153,229,18666,18666,153,2020-07-26,2,229,0.00873362445414847,0.00371698228614004,2.12081705702231
Cattaraugus,2020-07-27T00:00:00.000,0,153,182,18848,18848,153,2020-07-27,0,182,0,0.0036416969241169,0
Cattaraugus,2020-07-28T00:00:00.000,4,157,176,19024,19024,157,2020-07-28,4,176,0.0227272727272727,0.0035817800327658,4.26282227990095
Cattaraugus,2020-07-29T00:00:00.000,0,157,239,19263,19263,157,2020-07-29,0,239,0,0.0035380773962231,0
Cattaraugus,2020-07-30T00:00:00.000,1,158,254,19517,19517,158,2020-07-30,1,254,0.00393700787401575,0.00351132796021531,1.07474690482778
Cattaraugus,2020-07-31T00:00:00.000,0,158,217,19734,19734,158,2020-07-31,0,217,0,0.00350220091284775,0
Cattaraugus,2020-08-01T00:00:00.000,1,159,229,19963,19963,159,2020-08-01,1,229,0.00436681222707424,0.00351132678449417,1.0763879890456
Cattaraugus,2020-08-02T00:00:00.000,3,162,146,20109,20109,162,2020-08-02,3,146,0.0205479452054795,0.00353932085844381,3.24238647754233
Cattaraugus,2020-08-03T00:00:00.000,2,164,190,20299,20299,164,2020-08-03,2,190,0.0105263157894737,0.0035867975059692,2.17625916739543
Cattaraugus,2020-08-04T00:00:00.000,0,164,379,20678,20678,164,2020-08-04,0,379,0,0.00365437429207586,0
Cattaraugus,2020-08-05T00:00:00.000,0,164,325,21003,21003,164,2020-08-05,0,325,0,0.00374266484795385,0
Cattaraugus,2020-08-06T00:00:00.000,0,164,277,21280,21280,164,2020-08-06,0,277,0,0.00385225966219178,0
Cattaraugus,2020-08-07T00:00:00.000,1,165,217,21497,21497,165,2020-08-07,1,217,0.00460829493087558,0.003983694150477,1.15639155438775
Cattaraugus,2020-08-08T00:00:00.000,0,165,165,21662,21662,165,2020-08-08,0,165,0,0.00413740370204112,0
Cattaraugus,2020-08-09T00:00:00.000,1,166,174,21836,21836,166,2020-08-09,1,174,0.00574712643678161,0.00431366595275602,1.18242348290139
Cattaraugus,2020-08-10T00:00:00.000,2,168,282,22118,22118,168,2020-08-10,2,282,0.00709219858156028,0.00451253133485759,2.37658543103693
Cattaraugus,2020-08-11T00:00:00.000,0,168,192,22310,22310,168,2020-08-11,0,192,0,0.00473374405357518,0
Cattaraugus,2020-08-12T00:00:00.000,1,169,238,22548,22548,169,2020-08-12,1,238,0.00420168067226891,0.00497665701634736,1.19442467174523
Cattaraugus,2020-08-13T00:00:00.000,0,169,281,22829,22829,169,2020-08-13,0,281,0,0.00524014580098326,0
Cattaraugus,2020-08-14T00:00:00.000,1,170,283,23112,23112,170,2020-08-14,1,283,0.00353356890459364,0.00552252838291097,1.19711027323978
Cattaraugus,2020-08-15T00:00:00.000,1,171,397,23509,23509,171,2020-08-15,1,397,0.00251889168765743,0.0058214987625002,1.20266036568048
Cattaraugus,2020-08-16T00:00:00.000,0,171,113,23622,23622,171,2020-08-16,0,113,0,0.0061340836149369,0
Cattaraugus,2020-08-17T00:00:00.000,1,172,276,23898,23898,172,2020-08-17,1,276,0.0036231884057971,0.00645663124876126,1.20900671421272
Cattaraugus,2020-08-18T00:00:00.000,1,173,356,24254,24254,173,2020-08-18,1,356,0.00280898876404494,0.00678484125308143,1.20973265412119
Cattaraugus,2020-08-19T00:00:00.000,1,174,354,24608,24608,174,2020-08-19,1,354,0.00282485875706215,0.00711384101706273,1.20882818911835
Cattaraugus,2020-08-20T00:00:00.000,0,174,375,24983,24983,174,2020-08-20,0,375,0,0.00743831181491255,0
Cattaraugus,2020-08-21T00:00:00.000,4,178,145,25128,25128,178,2020-08-21,4,145,0.0275862068965517,0.00775266253899744,4.80917954588571
Cattaraugus,2020-08-22T00:00:00.000,2,180,299,25427,25427,180,2020-08-22,2,299,0.00668896321070234,0.00805124395511479,2.39362025403398
Cattaraugus,2020-08-23T00:00:00.000,2,182,150,25577,25577,182,2020-08-23,2,150,0.0133333333333333,0.00832859111576601,2.37995469928256
Cattaraugus,2020-08-24T00:00:00.000,2,184,264,25841,25841,184,2020-08-24,2,264,0.00757575757575758,0.00857967720860472,2.36599050854232
Cattaraugus,2020-08-25T00:00:00.000,1,185,176,26017,26017,185,2020-08-25,1,176,0.00568181818181818,0.00880015929979621,1.18206740017784
Cattaraugus,2020-08-26T00:00:00.000,3,188,314,26331,26331,188,2020-08-26,3,314,0.00955414012738853,0.0089865958068951,3.53979026844304
Cattaraugus,2020-08-27T00:00:00.000,9,197,291,26622,26622,197,2020-08-27,9,291,0.0309278350515464,0.00913661735199242,10.5892214367048
Cattaraugus,2020-08-28T00:00:00.000,0,197,231,26853,26853,197,2020-08-28,0,231,0,0.00924903675897929,0
Cattaraugus,2020-08-29T00:00:00.000,4,201,334,27187,27187,201,2020-08-29,4,334,0.0119760479041916,0.00932388984100298,4.68860683305792
Cattaraugus,2020-08-30T00:00:00.000,4,205,283,27470,27470,205,2020-08-30,4,283,0.0141342756183746,0.00936240548340698,4.71107830992177
Cattaraugus,2020-08-31T00:00:00.000,1,206,320,27790,27790,206,2020-08-31,1,320,0.003125,0.00936691028688144,1.18056666867611
Cattaraugus,2020-09-01T00:00:00.000,10,216,242,28032,28032,216,2020-09-01,10,242,0.0413223140495868,0.00934067889425622,11.8289192398732
Cattaraugus,2020-09-02T00:00:00.000,6,222,276,28308,28308,222,2020-09-02,6,276,0.0217391304347826,0.00928774522701062,7.10871088810644
Cattaraugus,2020-09-03T00:00:00.000,1,223,320,28628,28628,223,2020-09-03,1,320,0.003125,0.00921269188890048,1.18629348091571
Cattaraugus,2020-09-04T00:00:00.000,4,227,459,29087,29087,227,2020-09-04,4,459,0.00871459694989107,0.0091204349009257,4.74988049029641
Cattaraugus,2020-09-05T00:00:00.000,2,229,214,29301,29301,229,2020-09-05,2,214,0.00934579439252336,0.00901601898828843,2.37674581678374
Cattaraugus,2020-09-06T00:00:00.000,1,230,133,29434,29434,230,2020-09-06,1,133,0.0075187969924812,0.00890443535969196,1.18906278231024
Cattaraugus,2020-09-07T00:00:00.000,3,233,372,29806,29806,233,2020-09-07,3,372,0.00806451612903226,0.00879046997813121,3.56880665010342
Cattaraugus,2020-09-08T00:00:00.000,1,234,162,29968,29968,234,2020-09-08,1,162,0.00617283950617284,0.00867858624097943,1.19005362955571
Cattaraugus,2020-09-09T00:00:00.000,2,236,200,30168,30168,236,2020-09-09,2,200,0.01,0.00857284231510783,2.38095569603672
Cattaraugus,2020-09-10T00:00:00.000,3,239,248,30416,30416,239,2020-09-10,3,248,0.0120967741935484,0.00847684045860906,3.57712585342419
Cattaraugus,2020-09-11T00:00:00.000,0,239,486,30902,30902,239,2020-09-11,0,486,0,0.00839370358963195,0
Cattaraugus,2020-09-12T00:00:00.000,2,241,258,31160,31160,241,2020-09-12,2,258,0.00775193798449612,0.00832607323429984,2.3941531693581
Cattaraugus,2020-09-13T00:00:00.000,1,242,230,31390,31390,242,2020-09-13,1,230,0.00434782608695652,0.00827612265212737,1.2025239531308
Cattaraugus,2020-09-14T00:00:00.000,0,242,244,31634,31634,242,2020-09-14,0,244,0,0.00824557924170132,0
Cattaraugus,2020-09-15T00:00:00.000,3,245,137,31771,31771,245,2020-09-15,3,137,0.0218978102189781,0.00823575110287672,3.64607232479868
Cattaraugus,2020-09-16T00:00:00.000,3,248,255,32026,32026,248,2020-09-16,3,255,0.0117647058823529,0.0082475537329265,3.66394925360386
Cattaraugus,2020-09-17T00:00:00.000,1,249,247,32273,32273,249,2020-09-17,1,247,0.00404858299595142,0.00828153404164237,1.22696284354484
Cattaraugus,2020-09-18T00:00:00.000,4,253,290,32563,32563,253,2020-09-18,4,290,0.0137931034482759,0.00833789019836228,4.92906229838126
Cattaraugus,2020-09-19T00:00:00.000,1,254,335,32898,32898,254,2020-09-19,1,335,0.00298507462686567,0.00841648711423734,1.23720354979809
Cattaraugus,2020-09-20T00:00:00.000,1,255,160,33058,33058,255,2020-09-20,1,160,0.00625,0.00851686858588192,1.24176575842224
Cattaraugus,2020-09-21T00:00:00.000,0,255,226,33284,33284,255,2020-09-21,0,226,0,0.00863826828735238,0
Cattaraugus,2020-09-22T00:00:00.000,3,258,196,33480,33480,258,2020-09-22,3,196,0.0153061224489796,0.00877962281336644,3.74929769827994
Cattaraugus,2020-09-23T00:00:00.000,0,258,298,33778,33778,258,2020-09-23,0,298,0,0.00893959077370283,0
Cattaraugus,2020-09-24T00:00:00.000,0,258,404,34182,34182,258,2020-09-24,0,404,0,0.00911658256848678,0
Cattaraugus,2020-09-25T00:00:00.000,1,259,392,34574,34574,259,2020-09-25,1,392,0.00255102040816327,0.00930880569991066,1.26977922371096
Cattaraugus,2020-09-26T00:00:00.000,1,260,300,34874,34874,260,2020-09-26,1,300,0.00333333333333333,0.0095143303983443,1.27691584439396
Cattaraugus,2020-09-27T00:00:00.000,0,260,120,34994,34994,260,2020-09-27,0,120,0,0.0097311797995618,0
Cattaraugus,2020-09-28T00:00:00.000,11,271,295,35289,35289,271,2020-09-28,11,295,0.0372881355932203,0.00995744801611361,14.630050526165
Cattaraugus,2020-09-29T00:00:00.000,5,276,141,35430,35430,276,2020-09-29,5,141,0.0354609929078014,0.0101914482103479,6.81259025795232
Cattaraugus,2020-09-30T00:00:00.000,3,279,298,35728,35728,279,2020-09-30,3,298,0.0100671140939597,0.0104318915180842,4.18161357902523
Cayuga,2020-04-01T00:00:00.000,1,4,25,271,271,4,2020-04-01,4,271,0.014760147601476,0.0539743297662134,4.10642205662473
Cayuga,2020-04-02T00:00:00.000,2,6,36,307,307,6,2020-04-02,2,36,0.0555555555555556,0.0541129891397105,2.05221458278015
Cayuga,2020-04-03T00:00:00.000,1,7,15,322,322,7,2020-04-03,1,15,0.0666666666666667,0.054249338334808,1.03376738134673
Cayuga,2020-04-04T00:00:00.000,1,8,32,354,354,8,2020-04-04,1,32,0.03125,0.0543790757070923,1.04433102561456
Cayuga,2020-04-05T00:00:00.000,3,11,31,385,385,11,2020-04-05,3,31,0.0967741935483871,0.0544961353521094,3.16476296454882
Cayuga,2020-04-06T00:00:00.000,3,14,33,418,418,14,2020-04-06,3,33,0.0909090909090909,0.0545929671009176,3.19510039720091
Cayuga,2020-04-07T00:00:00.000,0,14,11,429,429,14,2020-04-07,0,11,0,0.0546608255884554,0
Cayuga,2020-04-08T00:00:00.000,2,16,37,466,466,16,2020-04-08,2,37,0.0540540540540541,0.0546900711875274,2.15286622732662
Cayuga,2020-04-09T00:00:00.000,11,27,31,497,497,27,2020-04-09,11,31,0.354838709677419,0.0546704841086703,11.8924997391811
Cayuga,2020-04-10T00:00:00.000,1,28,5,502,502,28,2020-04-10,1,5,0.2,0.0545915909902486,1.08536602377303
Cayuga,2020-04-11T00:00:00.000,1,29,8,510,510,29,2020-04-11,1,8,0.125,0.0544430009563589,1.08911897353397
Cayuga,2020-04-12T00:00:00.000,1,30,5,515,515,30,2020-04-12,1,5,0.2,0.0542147457117355,1.09239941205855
Cayuga,2020-04-13T00:00:00.000,3,33,52,567,567,33,2020-04-13,3,52,0.0576923076923077,0.0538976159495547,3.29155608534437
Cayuga,2020-04-14T00:00:00.000,3,36,10,577,577,36,2020-04-14,3,10,0.3,0.0534834844028505,3.3146286435875
Cayuga,2020-04-15T00:00:00.000,0,36,10,587,587,36,2020-04-15,0,10,0,0.0529656045226793,0
Cayuga,2020-04-16T00:00:00.000,0,36,1,588,588,36,2020-04-16,0,1,0,0.0523388731097141,0
Cayuga,2020-04-17T00:00:00.000,0,36,9,597,597,36,2020-04-17,0,9,0,0.0516000454925698,0
Cayuga,2020-04-18T00:00:00.000,0,36,9,606,606,36,2020-04-18,0,9,0,0.0507478929554923,0
Cayuga,2020-04-19T00:00:00.000,0,36,12,618,618,36,2020-04-19,0,12,0,0.0497832941808113,0
Cayuga,2020-04-20T00:00:00.000,0,36,1,619,619,36,2020-04-20,0,1,0,0.0487092552420907,0
Cayuga,2020-04-21T00:00:00.000,0,36,3,622,622,36,2020-04-21,0,3,0,0.0475308560943382,0
Cayuga,2020-04-22T00:00:00.000,1,37,12,634,634,37,2020-04-22,1,12,0.0833333333333333,0.0462551252124798,1.14824001224847
Cayuga,2020-04-23T00:00:00.000,2,39,14,648,648,39,2020-04-23,2,14,0.142857142857143,0.0448908478079198,2.31089809939818
Cayuga,2020-04-24T00:00:00.000,8,47,191,839,839,47,2020-04-24,8,191,0.0418848167539267,0.0434483165510948,9.29788255260235
Cayuga,2020-04-25T00:00:00.000,0,47,19,858,858,47,2020-04-25,0,19,0,0.0419390366954195,0
Cayuga,2020-04-26T00:00:00.000,1,48,20,878,878,48,2020-04-26,1,20,0.05,0.040375399675832,1.17431236184351
Cayuga,2020-04-27T00:00:00.000,0,48,20,898,898,48,2020-04-27,0,20,0,0.0387703404840913,0
Cayuga,2020-04-28T00:00:00.000,0,48,34,932,932,48,2020-04-28,0,34,0,0.0371369943187212,0
Cayuga,2020-04-29T00:00:00.000,0,48,25,957,957,48,2020-04-29,0,25,0,0.0354883672143998,0
Cayuga,2020-04-30T00:00:00.000,3,51,28,985,985,51,2020-04-30,3,28,0.107142857142857,0.0338370336377594,3.54830076332026
Cayuga,2020-05-01T00:00:00.000,0,51,17,1002,1002,51,2020-05-01,0,17,0,0.0321948716342195,0
Cayuga,2020-05-02T00:00:00.000,0,51,14,1016,1016,51,2020-05-02,0,14,0,0.0305728432187655,0
Cayuga,2020-05-03T00:00:00.000,0,51,10,1026,1026,51,2020-05-03,0,10,0,0.0289808246091341,0
Cayuga,2020-05-04T00:00:00.000,0,51,22,1048,1048,51,2020-05-04,0,22,0,0.0274274878418201,0
Cayuga,2020-05-05T00:00:00.000,0,51,19,1067,1067,51,2020-05-05,0,19,0,0.0259202325309576,0
Cayuga,2020-05-06T00:00:00.000,1,52,25,1092,1092,52,2020-05-06,1,25,0.04,0.0244651641785806,1.18037626439825
Cayuga,2020-05-07T00:00:00.000,0,52,20,1112,1112,52,2020-05-07,0,20,0,0.0230671136460212,0
Cayuga,2020-05-08T00:00:00.000,1,53,61,1173,1173,53,2020-05-08,1,61,0.0163934426229508,0.0217296911981686,1.18066202766664
Cayuga,2020-05-09T00:00:00.000,5,58,23,1196,1196,58,2020-05-09,5,23,0.217391304347826,0.0204553679085869,5.90572709978368
Cayuga,2020-05-10T00:00:00.000,2,60,48,1244,1244,60,2020-05-10,2,48,0.0416666666666667,0.0192455771193041,2.35916592374621
Cayuga,2020-05-11T00:00:00.000,0,60,23,1267,1267,60,2020-05-11,0,23,0,0.0181008289956186,0
Cayuga,2020-05-12T00:00:00.000,0,60,45,1312,1312,60,2020-05-12,0,45,0,0.0170208318708898,0
Cayuga,2020-05-13T00:00:00.000,0,60,104,1416,1416,60,2020-05-13,0,104,0,0.0160046149714986,0
Cayuga,2020-05-14T00:00:00.000,1,61,261,1677,1677,61,2020-05-14,1,261,0.00383141762452107,0.0150506480919789,1.17500844655991
Cayuga,2020-05-15T00:00:00.000,2,63,111,1788,1788,63,2020-05-15,2,111,0.018018018018018,0.0141569548168361,2.35003726379506
Cayuga,2020-05-16T00:00:00.000,0,63,79,1867,1867,63,2020-05-16,0,79,0,0.0133212168457559,0
Cayuga,2020-05-17T00:00:00.000,2,65,189,2056,2056,65,2020-05-17,2,189,0.0105820105820106,0.0125408678609662,2.34950328673155
Cayuga,2020-05-18T00:00:00.000,3,68,68,2124,2124,68,2020-05-18,3,68,0.0441176470588235,0.0118131761203412,3.53706431170818
Cayuga,2020-05-19T00:00:00.000,0,68,106,2230,2230,68,2020-05-19,0,106,0,0.0111353155737298,0
Cayuga,2020-05-20T00:00:00.000,4,72,105,2335,2335,72,2020-05-20,4,105,0.0380952380952381,0.0105044257764872,4.73624607656133
Cayuga,2020-05-21T00:00:00.000,1,73,245,2580,2580,73,2020-05-21,1,245,0.00408163265306122,0.00991766121591347,1.18785265997402
Cayuga,2020-05-22T00:00:00.000,3,76,356,2936,2936,76,2020-05-22,3,356,0.00842696629213483,0.00937223090335555,3.57221239105927
Cayuga,2020-05-23T00:00:00.000,1,77,143,3079,3079,77,2020-05-23,1,143,0.00699300699300699,0.00886542921947168,1.19271417110176
Cayuga,2020-05-24T00:00:00.000,0,77,176,3255,3255,77,2020-05-24,0,176,0,0.00839465906084786,0
Cayuga,2020-05-25T00:00:00.000,1,78,76,3331,3331,78,2020-05-25,1,76,0.0131578947368421,0.00795744834160048,1.19398108918747
Cayuga,2020-05-26T00:00:00.000,2,80,117,3448,3448,80,2020-05-26,2,117,0.0170940170940171,0.00755146086058895,2.39080877388069
Cayuga,2020-05-27T00:00:00.000,4,84,101,3549,3549,84,2020-05-27,4,101,0.0396039603960396,0.007174502480905,4.78738707534111
Cayuga,2020-05-28T00:00:00.000,5,89,383,3932,3932,89,2020-05-28,5,383,0.0130548302872063,0.00682452348023826,5.98788659654999
Cayuga,2020-05-29T00:00:00.000,1,90,374,4306,4306,90,2020-05-29,1,374,0.00267379679144385,0.00649961784085148,1.2064856521361
Cayuga,2020-05-30T00:00:00.000,1,91,249,4555,4555,91,2020-05-30,1,249,0.00401606425702811,0.00619802015090265,1.21348004145727
Cayuga,2020-05-31T00:00:00.000,1,92,289,4844,4844,92,2020-05-31,1,289,0.00346020761245675,0.00591810069693031,1.21831599891762
Cayuga,2020-06-01T00:00:00.000,1,93,250,5094,5094,93,2020-06-01,1,250,0.004,0.00565835924161115,1.22052377527662
Cayuga,2020-06-02T00:00:00.000,3,96,288,5382,5382,96,2020-06-02,3,288,0.0104166666666667,0.00541741789918415,3.65844727096497
Cayuga,2020-06-03T00:00:00.000,0,96,375,5757,5757,96,2020-06-03,0,375,0,0.00519401345051099,0
Cayuga,2020-06-04T00:00:00.000,2,98,375,6132,6132,98,2020-06-04,2,375,0.00533333333333333,0.00498698937567885,2.42064556542112
Cayuga,2020-06-05T00:00:00.000,2,100,299,6431,6431,100,2020-06-05,2,299,0.00668896321070234,0.00479528782469265,2.41145110608558
Cayuga,2020-06-06T00:00:00.000,1,101,233,6664,6664,101,2020-06-06,1,233,0.00429184549356223,0.00461794170019081,1.21284397936847
Cayuga,2020-06-07T00:00:00.000,0,101,465,7129,7129,101,2020-06-07,0,465,0,0.00445406698180095,0
Cayuga,2020-06-08T00:00:00.000,1,102,231,7360,7360,102,2020-06-08,1,231,0.00432900432900433,0.00430285538682319,1.21630921286664
Cayuga,2020-06-09T00:00:00.000,0,102,231,7591,7591,102,2020-06-09,0,231,0,0.00416356743112158,0
Cayuga,2020-06-10T00:00:00.000,0,102,152,7743,7743,102,2020-06-10,0,152,0,0.00403552592806212,0
Cayuga,2020-06-11T00:00:00.000,1,103,337,8080,8080,103,2020-06-11,1,337,0.0029673590504451,0.0039181099420885,1.21269037111788
Cayuga,2020-06-12T00:00:00.000,0,103,170,8250,8250,103,2020-06-12,0,170,0,0.00381074919661893,0
Cayuga,2020-06-13T00:00:00.000,3,106,432,8682,8682,106,2020-06-13,3,432,0.00694444444444444,0.00371291892200137,3.61030432879839
Cayuga,2020-06-14T00:00:00.000,0,106,106,8788,8788,106,2020-06-14,0,106,0,0.00362413511882695,0
Cayuga,2020-06-15T00:00:00.000,0,106,169,8957,8957,106,2020-06-15,0,169,0,0.00354395020531753,0
Cayuga,2020-06-16T00:00:00.000,0,106,142,9099,9099,106,2020-06-16,0,142,0,0.00347194901191972,0
Cayuga,2020-06-17T00:00:00.000,0,106,98,9197,9197,106,2020-06-17,0,98,0,0.00340774508535856,0
Cayuga,2020-06-18T00:00:00.000,1,107,476,9673,9673,107,2020-06-18,1,476,0.00210084033613445,0.00335097726293223,1.20404646045595
Cayuga,2020-06-19T00:00:00.000,1,108,225,9898,9898,108,2020-06-19,1,225,0.00444444444444444,0.00330130648157236,1.1967750402976
Cayuga,2020-06-20T00:00:00.000,0,108,420,10318,10318,108,2020-06-20,0,420,0,0.00325841278791885,0
Cayuga,2020-06-21T00:00:00.000,0,108,101,10419,10419,108,2020-06-21,0,101,0,0.00322199252178523,0
Cayuga,2020-06-22T00:00:00.000,0,108,193,10612,10612,108,2020-06-22,0,193,0,0.00319175565086708,0
Cayuga,2020-06-23T00:00:00.000,1,109,144,10756,10756,109,2020-06-23,1,144,0.00694444444444444,0.00316742324092125,1.14911178304319
Cayuga,2020-06-24T00:00:00.000,0,109,116,10872,10872,109,2020-06-24,0,116,0,0.00314872505382058,0
Cayuga,2020-06-25T00:00:00.000,0,109,200,11072,11072,109,2020-06-25,0,200,0,0.00313539727206582,0
Cayuga,2020-06-26T00:00:00.000,2,111,285,11357,11357,111,2020-06-26,2,285,0.00701754385964912,0.00312718035725005,2.21957040396561
Cayuga,2020-06-27T00:00:00.000,2,113,338,11695,11695,113,2020-06-27,2,338,0.00591715976331361,0.00312381705570163,2.20242385232567
Cayuga,2020-06-28T00:00:00.000,1,114,277,11972,11972,114,2020-06-28,1,277,0.0036101083032491,0.00312505057176652,1.0954363789229
Cayuga,2020-06-29T00:00:00.000,1,115,184,12156,12156,115,2020-06-29,1,184,0.00543478260869565,0.00313062293418104,1.08844086790319
Cayuga,2020-06-30T00:00:00.000,4,119,121,12277,12277,119,2020-06-30,4,121,0.0330578512396694,0.00314027358508471,4.32681066981304
Cayuga,2020-07-01T00:00:00.000,0,119,126,12403,12403,119,2020-07-01,0,126,0,0.00315373822325248,0
Cayuga,2020-07-02T00:00:00.000,1,120,194,12597,12597,120,2020-07-02,1,194,0.00515463917525773,0.0031707479340742,1.07445360373597
Cayuga,2020-07-03T00:00:00.000,0,120,308,12905,12905,120,2020-07-03,0,308,0,0.00319102863623507,0
Cayuga,2020-07-04T00:00:00.000,0,120,97,13002,13002,120,2020-07-04,0,97,0,0.00321430087102565,0
Cayuga,2020-07-05T00:00:00.000,2,122,75,13077,13077,122,2020-07-05,2,75,0.0266666666666667,0.00324027995402759,2.16629378206918
Cayuga,2020-07-06T00:00:00.000,0,122,188,13265,13265,122,2020-07-06,0,188,0,0.00326867649925098,0
Cayuga,2020-07-07T00:00:00.000,0,122,262,13527,13527,122,2020-07-07,0,262,0,0.00329919731524654,0
Cayuga,2020-07-08T00:00:00.000,2,124,240,13767,13767,124,2020-07-08,2,240,0.00833333333333333,0.00333154666023947,2.16045239964064
Cayuga,2020-07-09T00:00:00.000,0,124,291,14058,14058,124,2020-07-09,0,291,0,0.00336542782961563,0
Cayuga,2020-07-10T00:00:00.000,2,126,236,14294,14294,126,2020-07-10,2,236,0.00847457627118644,0.00340054503489832,2.15551228195154
Cayuga,2020-07-11T00:00:00.000,0,126,308,14602,14602,126,2020-07-11,0,308,0,0.00343660552046022,0
Cayuga,2020-07-12T00:00:00.000,0,126,154,14756,14756,126,2020-07-12,0,154,0,0.00347332185187339,0
Cayuga,2020-07-13T00:00:00.000,1,127,362,15118,15118,127,2020-07-13,1,362,0.00276243093922652,0.00351041429986087,1.07302817702248
Cayuga,2020-07-14T00:00:00.000,1,128,190,15308,15308,128,2020-07-14,1,190,0.00526315789473684,0.00354761323719956,1.07116959037447
Cayuga,2020-07-15T00:00:00.000,0,128,221,15529,15529,128,2020-07-15,0,221,0,0.00358466146238257,0
Cayuga,2020-07-16T00:00:00.000,1,129,574,16103,16103,129,2020-07-16,1,574,0.00174216027874564,0.00362131636477502,1.06706517710857
Cayuga,2020-07-17T00:00:00.000,0,129,253,16356,16356,129,2020-07-17,0,253,0,0.0036573518506358,0
Cayuga,2020-07-18T00:00:00.000,0,129,92,16448,16448,129,2020-07-18,0,92,0,0.00369255995835424,0
Cayuga,2020-07-19T00:00:00.000,2,131,172,16620,16620,131,2020-07-19,2,172,0.0116279069767442,0.00372675210400863,2.14471948712651
Cayuga,2020-07-20T00:00:00.000,0,131,325,16945,16945,131,2020-07-20,0,325,0,0.00375975991352806,0
Cayuga,2020-07-21T00:00:00.000,3,134,346,17291,17291,134,2020-07-21,3,346,0.00867052023121387,0.00379143561591041,3.24228203251587
Cayuga,2020-07-22T00:00:00.000,1,135,376,17667,17667,135,2020-07-22,1,376,0.00265957446808511,0.00382165199071278,1.08392924006407
Cayuga,2020-07-23T00:00:00.000,2,137,423,18090,18090,137,2020-07-23,2,423,0.00472813238770686,0.00385030188232353,2.17218152947945
Cayuga,2020-07-24T00:00:00.000,2,139,260,18350,18350,139,2020-07-24,2,260,0.00769230769230769,0.00387729731176861,2.17023662747392
Cayuga,2020-07-25T00:00:00.000,0,139,438,18788,18788,139,2020-07-25,0,438,0,0.00390256823417634,0
Cayuga,2020-07-26T00:00:00.000,1,140,238,19026,19026,140,2020-07-26,1,238,0.00420168067226891,0.00392606100273093,1.06622746944477
Cayuga,2020-07-27T00:00:00.000,0,140,168,19194,19194,140,2020-07-27,0,168,0,0.00394773661291321,0
Cayuga,2020-07-28T00:00:00.000,1,141,236,19430,19430,141,2020-07-28,1,236,0.00423728813559322,0.00396756880655541,1.07666300661425
Cayuga,2020-07-29T00:00:00.000,0,141,205,19635,19635,141,2020-07-29,0,205,0,0.00398554212007939,0
Cayuga,2020-07-30T00:00:00.000,2,143,152,19787,19787,143,2020-07-30,2,152,0.0131578947368421,0.00400164996128502,2.17777480418124
Cayuga,2020-07-31T00:00:00.000,1,144,236,20023,20023,144,2020-07-31,1,236,0.00423728813559322,0.00401589279517536,1.0907327427097
Cayuga,2020-08-01T00:00:00.000,4,148,115,20138,20138,148,2020-08-01,4,115,0.0347826086956522,0.00402827651329026,4.36509436569931
Cayuga,2020-08-02T00:00:00.000,0,148,85,20223,20223,148,2020-08-02,0,85,0,0.00403881105155653,0
Cayuga,2020-08-03T00:00:00.000,2,150,541,20764,20764,150,2020-08-03,2,541,0.00369685767097967,0.00404750930946432,2.20271704927883
Cayuga,2020-08-04T00:00:00.000,0,150,257,21021,21021,150,2020-08-04,0,257,0,0.00405438641109679,0
Cayuga,2020-08-05T00:00:00.000,1,151,262,21283,21283,151,2020-08-05,1,262,0.00381679389312977,0.00405945933277488,1.13248535599537
Cayuga,2020-08-06T00:00:00.000,0,151,233,21516,21516,151,2020-08-06,0,233,0,0.00406274690752583,0
Cayuga,2020-08-07T00:00:00.000,0,151,155,21671,21671,151,2020-08-07,0,155,0,0.00406427020091977,0
Cayuga,2020-08-08T00:00:00.000,1,152,109,21780,21780,152,2020-08-08,1,109,0.00917431192660551,0.00406405323730577,1.16843188214339
Cayuga,2020-08-09T00:00:00.000,0,152,60,21840,21840,152,2020-08-09,0,60,0,0.00406212404188741,0
Cayuga,2020-08-10T00:00:00.000,5,157,628,22468,22468,157,2020-08-10,5,628,0.00796178343949045,0.00405851595031806,5.87879264018717
Cayuga,2020-08-11T00:00:00.000,4,161,304,22772,22772,161,2020-08-11,4,304,0.0131578947368421,0.00405326912666083,4.69455749285634
Cayuga,2020-08-12T00:00:00.000,1,162,193,22965,22965,162,2020-08-12,1,193,0.00518134715025907,0.00404643222179024,1.16996325324518
Cayuga,2020-08-13T00:00:00.000,1,163,175,23140,23140,163,2020-08-13,1,175,0.00571428571428571,0.00403806409688361,1.16485378019627
Cayuga,2020-08-14T00:00:00.000,0,163,224,23364,23364,163,2020-08-14,0,224,0,0.00402823553459335,0
Cayuga,2020-08-15T00:00:00.000,1,164,131,23495,23495,164,2020-08-15,1,131,0.00763358778625954,0.00401703085848455,1.15885749687158
Cayuga,2020-08-16T00:00:00.000,0,164,374,23869,23869,164,2020-08-16,0,374,0,0.00400454938554913,0
Cayuga,2020-08-17T00:00:00.000,0,164,221,24090,24090,164,2020-08-17,0,221,0,0.00399090664171954,0
Cayuga,2020-08-18T00:00:00.000,0,164,224,24314,24314,164,2020-08-18,0,224,0,0.00397623527983791,0
Cayuga,2020-08-19T00:00:00.000,0,164,291,24605,24605,164,2020-08-19,0,291,0,0.00396068565094645,0
Cayuga,2020-08-20T00:00:00.000,0,164,427,25032,25032,164,2020-08-20,0,427,0,0.00394442599394626,0
Cayuga,2020-08-21T00:00:00.000,2,166,280,25312,25312,166,2020-08-21,2,280,0.00714285714285714,0.00392764222279653,2.24651384606385
Cayuga,2020-08-22T00:00:00.000,1,167,168,25480,25480,167,2020-08-22,1,168,0.00595238095238095,0.00391053730782915,1.11342918339424
Cayuga,2020-08-23T00:00:00.000,0,167,67,25547,25547,167,2020-08-23,0,67,0,0.00389333026131953,0
Cayuga,2020-08-24T00:00:00.000,7,174,532,26079,26079,174,2020-08-24,7,532,0.0131578947368421,0.00387625475359574,7.6484807632248
Cayuga,2020-08-25T00:00:00.000,1,175,212,26291,26291,175,2020-08-25,1,212,0.00471698113207547,0.00385955739752689,1.08854637844708
Cayuga,2020-08-26T00:00:00.000,1,176,229,26520,26520,176,2020-08-26,1,229,0.00436681222707424,0.00384349574945373,1.08385053392166
Cayuga,2020-08-27T00:00:00.000,1,177,233,26753,26753,177,2020-08-27,1,233,0.00429184549356223,0.00382833608184535,1.07855918768223
Cayuga,2020-08-28T00:00:00.000,0,177,675,27428,27428,177,2020-08-28,0,675,0,0.00381435098645151,0
Cayuga,2020-08-29T00:00:00.000,0,177,374,27802,27802,177,2020-08-29,0,374,0,0.00380181686658685,0
Cayuga,2020-08-30T00:00:00.000,1,178,74,27876,27876,178,2020-08-30,1,74,0.0135135135135135,0.00379101137543642,1.0759624029168
Cayuga,2020-08-31T00:00:00.000,2,180,245,28121,28121,180,2020-08-31,2,245,0.00816326530612245,0.0037822108498177,2.15643042519949
Cayuga,2020-09-01T00:00:00.000,0,180,204,28325,28325,180,2020-09-01,0,204,0,0.00377568778243845,0
Cayuga,2020-09-02T00:00:00.000,1,181,351,28676,28676,181,2020-09-02,1,351,0.00284900284900285,0.00377170836506731,1.08268565471125
Cayuga,2020-09-03T00:00:00.000,0,181,253,28929,28929,181,2020-09-03,0,253,0,0.00377053012475563,0
Cayuga,2020-09-04T00:00:00.000,1,182,539,29468,29468,182,2020-09-04,1,539,0.00185528756957328,0.00377239966523873,1.08713356907277
Cayuga,2020-09-05T00:00:00.000,1,183,179,29647,29647,183,2020-09-05,1,179,0.00558659217877095,0.0037775505160355,1.089362168176
Cayuga,2020-09-06T00:00:00.000,0,183,89,29736,29736,183,2020-09-06,0,89,0,0.00378620108308982,0
Cayuga,2020-09-07T00:00:00.000,1,184,155,29891,29891,184,2020-09-07,1,155,0.00645161290322581,0.00379855269019691,1.09386158506574
Cayuga,2020-09-08T00:00:00.000,1,185,114,30005,30005,185,2020-09-08,1,114,0.0087719298245614,0.00381478769673209,1.09614667850584
Cayuga,2020-09-09T00:00:00.000,0,185,178,30183,30183,185,2020-09-09,0,178,0,0.003835067677161,0
Cayuga,2020-09-10T00:00:00.000,0,185,511,30694,30694,185,2020-09-10,0,511,0,0.00385953165253358,0
Cayuga,2020-09-11T00:00:00.000,2,187,637,31331,31331,187,2020-09-11,2,637,0.00313971742543171,0.00388829437013056,2.21268667334032
Cayuga,2020-09-12T00:00:00.000,3,190,263,31594,31594,190,2020-09-12,3,263,0.0114068441064639,0.0039214446387021,3.33076334639699
Cayuga,2020-09-13T00:00:00.000,0,190,86,31680,31680,190,2020-09-13,0,86,0,0.00395904374080348,0
Cayuga,2020-09-14T00:00:00.000,1,191,286,31966,31966,191,2020-09-14,1,286,0.0034965034965035,0.00400112396022161,1.12478081112271
Cayuga,2020-09-15T00:00:00.000,2,193,172,32138,32138,193,2020-09-15,2,172,0.0116279069767442,0.00404768728129116,2.26404155653316
Cayuga,2020-09-16T00:00:00.000,1,194,391,32529,32529,194,2020-09-16,1,391,0.00255754475703325,0.00409870433866098,1.1388337757057
Cayuga,2020-09-17T00:00:00.000,1,195,356,32885,32885,195,2020-09-17,1,356,0.00280898876404494,0.00415411371535342,1.14516527402066
Cayuga,2020-09-18T00:00:00.000,1,196,806,33691,33691,196,2020-09-18,1,806,0.00124069478908189,0.00421382170864973,1.15097612321374
Cayuga,2020-09-19T00:00:00.000,3,199,344,34035,34035,199,2020-09-19,3,344,0.00872093023255814,0.00427770270151038,3.46872911528726
Cayuga,2020-09-20T00:00:00.000,0,199,119,34154,34154,199,2020-09-20,0,119,0,0.00434560029128554,0
Cayuga,2020-09-21T00:00:00.000,3,202,304,34458,34458,202,2020-09-21,3,304,0.00986842105263158,0.00441732933837279,3.49538845766318
Cayuga,2020-09-22T00:00:00.000,2,204,257,34715,34715,204,2020-09-22,2,257,0.00778210116731518,0.00449267910158085,2.33755382755571
Cayuga,2020-09-23T00:00:00.000,1,205,355,35070,35070,205,2020-09-23,1,355,0.0028169014084507,0.00457141762177971,1.17434457584674
Cayuga,2020-09-24T00:00:00.000,3,208,600,35670,35670,208,2020-09-24,3,600,0.005,0.0046532975067504,3.54181745861285
Cayuga,2020-09-25T00:00:00.000,3,211,676,36346,36346,211,2020-09-25,3,676,0.00443786982248521,0.0047380632486593,3.56057518186806
Cayuga,2020-09-26T00:00:00.000,4,215,378,36724,36724,215,2020-09-26,4,378,0.0105820105820106,0.0048254601812799,4.77241627351262
Cayuga,2020-09-27T00:00:00.000,3,218,376,37100,37100,218,2020-09-27,3,376,0.00797872340425532,0.00491524515183603,3.63328453978259
Cayuga,2020-09-28T00:00:00.000,1,219,207,37307,37307,219,2020-09-28,1,207,0.00483091787439614,0.00500719895029642,1.24164607729055
Cayuga,2020-09-29T00:00:00.000,1,220,422,37729,37729,220,2020-09-29,1,422,0.0023696682464455,0.00510114050625136,1.27140935674244
Cayuga,2020-09-30T00:00:00.000,1,221,418,38147,38147,221,2020-09-30,1,418,0.00239234449760766,0.00519694284177671,1.30005321756611
Chautauqua,2020-04-01T00:00:00.000,2,8,8,124,124,8,2020-04-01,8,124,0.0645161290322581,0.063398452994704,8.34608339431245
Chautauqua,2020-04-02T00:00:00.000,1,9,15,139,139,9,2020-04-02,1,15,0.0666666666666667,0.0589474498589661,1.03492558465473
Chautauqua,2020-04-03T00:00:00.000,1,10,20,159,159,10,2020-04-03,1,20,0.05,0.0547914739288056,1.03479585030364
Chautauqua,2020-04-04T00:00:00.000,1,11,28,187,187,11,2020-04-04,1,28,0.0357142857142857,0.0509148033161178,1.03747921646203
Chautauqua,2020-04-05T00:00:00.000,4,15,50,237,237,15,2020-04-05,4,50,0.08,0.0473027651836661,4.16037048474441
Chautauqua,2020-04-06T00:00:00.000,1,16,37,274,274,16,2020-04-06,1,37,0.027027027027027,0.0439416514759709,1.04216677188534
Chautauqua,2020-04-07T00:00:00.000,1,17,6,280,280,17,2020-04-07,1,6,0.166666666666667,0.0408186337376884,1.04033098387052
Chautauqua,2020-04-08T00:00:00.000,1,18,32,312,312,18,2020-04-08,1,32,0.03125,0.0379216765516275,1.03773138896727
Chautauqua,2020-04-09T00:00:00.000,2,20,54,366,366,20,2020-04-09,2,54,0.037037037037037,0.0352394503814952,2.06936968065451
Chautauqua,2020-04-10T00:00:00.000,1,21,67,433,433,21,2020-04-10,1,67,0.0149253731343284,0.032761246203554,1.03133483868287
Chautauqua,2020-04-11T00:00:00.000,1,22,39,472,472,22,2020-04-11,1,39,0.0256410256410256,0.0304768947781843,1.02772800251959
Chautauqua,2020-04-12T00:00:00.000,1,23,25,497,497,23,2020-04-12,1,25,0.04,0.0283766938961206,1.02391969043468
Chautauqua,2020-04-13T00:00:00.000,0,23,8,505,505,23,2020-04-13,0,8,0,0.026451346694437,0
Chautauqua,2020-04-14T00:00:00.000,1,24,19,524,524,24,2020-04-14,1,19,0.0526315789473684,0.0246919134136213,1.0226973473772
Chautauqua,2020-04-15T00:00:00.000,0,24,29,553,553,24,2020-04-15,0,29,0,0.023089778219835,0
Chautauqua,2020-04-16T00:00:00.000,1,25,32,585,585,25,2020-04-16,1,32,0.03125,0.0216366313410494,1.02482174688369
Chautauqua,2020-04-17T00:00:00.000,0,25,22,607,607,25,2020-04-17,0,22,0,0.0203244659113484,0
Chautauqua,2020-04-18T00:00:00.000,0,25,20,627,627,25,2020-04-18,0,20,0,0.0191455875675663,0
Chautauqua,2020-04-19T00:00:00.000,0,25,9,636,636,25,2020-04-19,0,9,0,0.0180926342443572,0
Chautauqua,2020-04-20T00:00:00.000,0,25,3,639,639,25,2020-04-20,0,3,0,0.0171586027500657,0
Chautauqua,2020-04-21T00:00:00.000,1,26,26,665,665,26,2020-04-21,1,26,0.0384615384615385,0.0163368785007071,1.02829144153043
Chautauqua,2020-04-22T00:00:00.000,0,26,38,703,703,26,2020-04-22,0,38,0,0.0156212645163514,0
Chautauqua,2020-04-23T00:00:00.000,1,27,74,777,777,27,2020-04-23,1,74,0.0135135135135135,0.0150060058830597,1.03552724602174
Chautauqua,2020-04-24T00:00:00.000,0,27,97,874,874,27,2020-04-24,0,97,0,0.0144858059427835,0
Chautauqua,2020-04-25T00:00:00.000,2,29,56,930,930,29,2020-04-25,2,56,0.0357142857142857,0.0140558306529177,2.09506538669869
Chautauqua,2020-04-26T00:00:00.000,1,30,101,1031,1031,30,2020-04-26,1,101,0.0099009900990099,0.0137116976666254,1.05409820093192
Chautauqua,2020-04-27T00:00:00.000,0,30,26,1057,1057,30,2020-04-27,0,26,0,0.0134494467339691,0
Chautauqua,2020-04-28T00:00:00.000,1,31,64,1121,1121,31,2020-04-28,1,64,0.015625,0.0132654879663826,1.06484393590981
Chautauqua,2020-04-29T00:00:00.000,2,33,39,1160,1160,33,2020-04-29,2,39,0.0512820512820513,0.0131565245390814,2.14036868385061
Chautauqua,2020-04-30T00:00:00.000,2,35,47,1207,1207,35,2020-04-30,2,47,0.0425531914893617,0.0131194463444976,2.15169885157871
Chautauqua,2020-05-01T00:00:00.000,0,35,53,1260,1260,35,2020-05-01,0,53,0,0.0131511914355176,0
Chautauqua,2020-05-02T00:00:00.000,1,36,18,1278,1278,36,2020-05-02,1,18,0.0555555555555556,0.0132485727624925,1.08802587593359
Chautauqua,2020-05-03T00:00:00.000,1,37,9,1287,1287,37,2020-05-03,1,9,0.111111111111111,0.0134080691313931,1.09445357483748
Chautauqua,2020-05-04T00:00:00.000,0,37,54,1341,1341,37,2020-05-04,0,54,0,0.0136255816742409,0
Chautauqua,2020-05-05T00:00:00.000,1,38,88,1429,1429,38,2020-05-05,1,88,0.0113636363636364,0.0138961608321365,1.10989517788019
Chautauqua,2020-05-06T00:00:00.000,2,40,80,1509,1509,40,2020-05-06,2,80,0.025,0.0142137139441089,2.23597223895828
Chautauqua,2020-05-07T00:00:00.000,0,40,51,1560,1560,40,2020-05-07,0,51,0,0.0145707101025882,0
Chautauqua,2020-05-08T00:00:00.000,0,40,97,1657,1657,40,2020-05-08,0,97,0,0.0149579067068016,0
Chautauqua,2020-05-09T00:00:00.000,1,41,58,1715,1715,41,2020-05-09,1,58,0.0172413793103448,0.015364130237456,1.14781907753844
Chautauqua,2020-05-10T00:00:00.000,0,41,27,1742,1742,41,2020-05-10,0,27,0,0.015776151028553,0
Chautauqua,2020-05-11T00:00:00.000,1,42,49,1791,1791,42,2020-05-11,1,49,0.0204081632653061,0.0161786964962649,1.16017450142092
Chautauqua,2020-05-12T00:00:00.000,1,43,125,1916,1916,43,2020-05-12,1,125,0.008,0.0165546468985564,1.1686249538287
Chautauqua,2020-05-13T00:00:00.000,1,44,125,2041,2041,44,2020-05-13,1,125,0.008,0.0168854506121933,1.18288859302318
Chautauqua,2020-05-14T00:00:00.000,1,45,139,2180,2180,45,2020-05-14,1,139,0.00719424460431655,0.0171517797617203,1.19046433118227
Chautauqua,2020-05-15T00:00:00.000,3,48,60,2240,2240,48,2020-05-15,3,60,0.05,0.0173344220790305,3.5971616938033
Chautauqua,2020-05-16T00:00:00.000,0,48,91,2331,2331,48,2020-05-16,0,91,0,0.0174153718878156,0
Chautauqua,2020-05-17T00:00:00.000,1,49,63,2394,2394,49,2020-05-17,1,63,0.0158730158730159,0.0173790464410805,1.21371270029274
Chautauqua,2020-05-18T00:00:00.000,0,49,98,2492,2492,49,2020-05-18,0,98,0,0.0172135189278572,0
Chautauqua,2020-05-19T00:00:00.000,1,50,90,2582,2582,50,2020-05-19,1,90,0.0111111111111111,0.0169116340319336,1.23209537747626
Chautauqua,2020-05-20T00:00:00.000,8,58,273,2855,2855,58,2020-05-20,8,273,0.0293040293040293,0.0164718632426008,9.90834900095822
Chautauqua,2020-05-21T00:00:00.000,5,63,190,3045,3045,63,2020-05-21,5,190,0.0263157894736842,0.0158987704105581,6.22627080284432
Chautauqua,2020-05-22T00:00:00.000,9,72,217,3262,3262,72,2020-05-22,9,217,0.0414746543778802,0.0152029952682072,11.2477886025015
Chautauqua,2020-05-23T00:00:00.000,3,75,134,3396,3396,75,2020-05-23,3,134,0.0223880597014925,0.0144007198924967,3.75600427284622
Chautauqua,2020-05-24T00:00:00.000,0,75,38,3434,3434,75,2020-05-24,0,38,0,0.0135126519387668,0
Chautauqua,2020-05-25T00:00:00.000,2,77,94,3528,3528,77,2020-05-25,2,94,0.0212765957446809,0.0125626265639821,2.49952857581403
Chautauqua,2020-05-26T00:00:00.000,1,78,145,3673,3673,78,2020-05-26,1,145,0.00689655172413793,0.0115759826448634,1.24757750211885
Chautauqua,2020-05-27T00:00:00.000,3,81,129,3802,3802,81,2020-05-27,3,129,0.0232558139534884,0.0105778975915006,3.73267831034445
Chautauqua,2020-05-28T00:00:00.000,1,82,637,4439,4439,82,2020-05-28,1,637,0.00156985871271586,0.00959186277795004,1.23904370293981
Chautauqua,2020-05-29T00:00:00.000,1,83,272,4711,4711,83,2020-05-29,1,272,0.00367647058823529,0.00863845010941869,1.24130059124774
Chautauqua,2020-05-30T00:00:00.000,1,84,637,5348,5348,84,2020-05-30,1,637,0.00156985871271586,0.00773446708575551,1.24065313959069
Chautauqua,2020-05-31T00:00:00.000,1,85,253,5601,5601,85,2020-05-31,1,253,0.00395256916996047,0.00689253517912686,1.23702823226817
Chautauqua,2020-06-01T00:00:00.000,1,86,184,5785,5785,86,2020-06-01,1,184,0.00543478260869565,0.00612106718200022,1.23015519964909
Chautauqua,2020-06-02T00:00:00.000,3,89,277,6062,6062,89,2020-06-02,3,277,0.0108303249097473,0.00542457361711795,3.65893021818712
Chautauqua,2020-06-03T00:00:00.000,6,95,604,6666,6666,95,2020-06-03,6,604,0.00993377483443709,0.00480420212641438,7.23952216490267
Chautauqua,2020-06-04T00:00:00.000,2,97,522,7188,7188,97,2020-06-04,2,522,0.00383141762452107,0.00425840736277458,2.38271489734865
Chautauqua,2020-06-05T00:00:00.000,2,99,364,7552,7552,99,2020-06-05,2,364,0.00549450549450549,0.00378365872289543,2.35498523431064
Chautauqua,2020-06-06T00:00:00.000,2,101,1131,8683,8683,101,2020-06-06,2,1131,0.0017683465959328,0.00337511347881402,2.35081755771359
Chautauqua,2020-06-07T00:00:00.000,0,101,343,9026,9026,101,2020-06-07,0,343,0,0.00302720715973889,0
Chautauqua,2020-06-08T00:00:00.000,2,103,250,9276,9276,103,2020-06-08,2,250,0.008,0.002734136448226,2.32477183466394
Chautauqua,2020-06-09T00:00:00.000,2,105,308,9584,9584,105,2020-06-09,2,308,0.00649350649350649,0.00249022903733542,2.31071975585252
Chautauqua,2020-06-10T00:00:00.000,1,106,778,10362,10362,106,2020-06-10,1,778,0.0012853470437018,0.00229020846190211,1.14816933402489
Chautauqua,2020-06-11T00:00:00.000,0,106,487,10849,10849,106,2020-06-11,0,487,0,0.00212936991598405,0
Chautauqua,2020-06-12T00:00:00.000,0,106,370,11219,11219,106,2020-06-12,0,370,0,0.00200368642874427,0
Chautauqua,2020-06-13T00:00:00.000,1,107,723,11942,11942,107,2020-06-13,1,723,0.00138312586445367,0.00190986477248314,1.12603340004486
Chautauqua,2020-06-14T00:00:00.000,0,107,261,12203,12203,107,2020-06-14,0,261,0,0.00184536839062742,0
Chautauqua,2020-06-15T00:00:00.000,1,108,607,12810,12810,108,2020-06-15,1,607,0.00164744645799012,0.00180842147854948,1.12557095051523
Chautauqua,2020-06-16T00:00:00.000,0,108,439,13249,13249,108,2020-06-16,0,439,0,0.0017980047909566,0
Chautauqua,2020-06-17T00:00:00.000,2,110,511,13760,13760,110,2020-06-17,2,511,0.00391389432485323,0.00181385019477303,2.26888938615476
Chautauqua,2020-06-18T00:00:00.000,2,112,407,14167,14167,112,2020-06-18,2,407,0.00491400491400491,0.00185643750703233,2.26999095294591
Chautauqua,2020-06-19T00:00:00.000,3,115,281,14448,14448,115,2020-06-19,3,281,0.0106761565836299,0.00192699374470993,3.40214816820399
Chautauqua,2020-06-20T00:00:00.000,1,116,511,14959,14959,116,2020-06-20,1,511,0.00195694716242661,0.00202749134205487,1.13093416012897
Chautauqua,2020-06-21T00:00:00.000,0,116,318,15277,15277,116,2020-06-21,0,318,0,0.00216063803946715,0
Chautauqua,2020-06-22T00:00:00.000,0,116,393,15670,15670,116,2020-06-22,0,393,0,0.00232984686538832,0
Chautauqua,2020-06-23T00:00:00.000,2,118,316,15986,15986,118,2020-06-23,2,316,0.00632911392405063,0.00253917000694573,2.24797171093955
Chautauqua,2020-06-24T00:00:00.000,3,121,332,16318,16318,121,2020-06-24,3,332,0.00903614457831325,0.00279317579875756,3.36762051535619
Chautauqua,2020-06-25T00:00:00.000,1,122,586,16904,16904,122,2020-06-25,1,586,0.00170648464163823,0.0030967443489468,1.12152113850514
Chautauqua,2020-06-26T00:00:00.000,1,123,207,17111,17111,123,2020-06-26,1,207,0.00483091787439614,0.00345475592881135,1.12089614028586
Chautauqua,2020-06-27T00:00:00.000,0,123,284,17395,17395,123,2020-06-27,0,284,0,0.00387164907059838,0
Chautauqua,2020-06-28T00:00:00.000,0,123,372,17767,17767,123,2020-06-28,0,372,0,0.00435083473527681,0
Chautauqua,2020-06-29T00:00:00.000,4,127,568,18335,18335,127,2020-06-29,4,568,0.00704225352112676,0.00489397103277503,4.55268806042447
Chautauqua,2020-06-30T00:00:00.000,0,127,492,18827,18827,127,2020-06-30,0,492,0,0.00550013088719116,0
Chautauqua,2020-07-01T00:00:00.000,0,127,292,19119,19119,127,2020-07-01,0,292,0,0.00616493149076096,0
Chautauqua,2020-07-02T00:00:00.000,2,129,227,19346,19346,129,2020-07-02,2,227,0.00881057268722467,0.00687973471542779,2.32198099021815
Chautauqua,2020-07-03T00:00:00.000,2,131,107,19453,19453,131,2020-07-03,2,107,0.0186915887850467,0.00763106305503586,2.35593149945718
Chautauqua,2020-07-04T00:00:00.000,1,132,287,19740,19740,132,2020-07-04,1,287,0.00348432055749129,0.00840039420587837,1.19329365000761
Chautauqua,2020-07-05T00:00:00.000,2,134,582,20322,20322,134,2020-07-05,2,582,0.00343642611683849,0.00916448639837779,2.40364271289059
Chautauqua,2020-07-06T00:00:00.000,1,135,428,20750,20750,135,2020-07-06,1,428,0.00233644859813084,0.0098963369892843,1.20903557558461
Chautauqua,2020-07-07T00:00:00.000,14,149,318,21068,21068,149,2020-07-07,14,318,0.0440251572327044,0.0105667882028357,17.0067885441173
Chautauqua,2020-07-08T00:00:00.000,3,152,193,21261,21261,152,2020-07-08,3,193,0.0155440414507772,0.0111466776821344,3.65667123545849
Chautauqua,2020-07-09T00:00:00.000,3,155,606,21867,21867,155,2020-07-09,3,606,0.00495049504950495,0.0116093109411944,3.66387874153639
Chautauqua,2020-07-10T00:00:00.000,15,170,352,22219,22219,170,2020-07-10,15,352,0.0426136363636364,0.0119329381297608,18.3286994992849
Chautauqua,2020-07-11T00:00:00.000,0,170,267,22486,22486,170,2020-07-11,0,267,0,0.0121028773019163,0
Chautauqua,2020-07-12T00:00:00.000,1,171,192,22678,22678,171,2020-07-12,1,192,0.00520833333333333,0.0121129575717612,1.21774582698024
Chautauqua,2020-07-13T00:00:00.000,9,180,573,23251,23251,180,2020-07-13,9,573,0.0157068062827225,0.0119660568626439,10.9172411768009
Chautauqua,2020-07-14T00:00:00.000,6,186,479,23730,23730,186,2020-07-14,6,479,0.0125260960334029,0.0116736596183464,7.23996657573294
Chautauqua,2020-07-15T00:00:00.000,5,191,575,24305,24305,191,2020-07-15,5,575,0.00869565217391304,0.0112545250545397,5.99387934031279
Chautauqua,2020-07-16T00:00:00.000,1,192,670,24975,24975,192,2020-07-16,1,670,0.00149253731343284,0.0107326979944217,1.1895294302693
Chautauqua,2020-07-17T00:00:00.000,2,194,275,25250,25250,194,2020-07-17,2,275,0.00727272727272727,0.0101351813878504,2.35866577774511
Chautauqua,2020-07-18T00:00:00.000,0,194,295,25545,25545,194,2020-07-18,0,295,0,0.00948960778973278,0
Chautauqua,2020-07-19T00:00:00.000,0,194,199,25744,25744,194,2020-07-19,0,199,0,0.00882220058959872,0
Chautauqua,2020-07-20T00:00:00.000,12,206,769,26513,26513,206,2020-07-20,12,769,0.0156046814044213,0.00815622412882821,13.9629533644255
Chautauqua,2020-07-21T00:00:00.000,4,210,692,27205,27205,210,2020-07-21,4,692,0.00578034682080925,0.00751101221304134,4.62891285245671
Chautauqua,2020-07-22T00:00:00.000,2,212,385,27590,27590,212,2020-07-22,2,385,0.00519480519480519,0.00690156289403766,2.29985554684479
Chautauqua,2020-07-23T00:00:00.000,0,212,629,28219,28219,212,2020-07-23,0,629,0,0.00633861211920757,0
Chautauqua,2020-07-24T00:00:00.000,4,216,408,28627,28627,216,2020-07-24,4,408,0.00980392156862745,0.00582905764043635,4.52109891763656
Chautauqua,2020-07-25T00:00:00.000,2,218,118,28745,28745,218,2020-07-25,2,118,0.0169491525423729,0.00537659556510753,2.2227946245738
Chautauqua,2020-07-26T00:00:00.000,0,218,57,28802,28802,218,2020-07-26,0,57,0,0.00498244684186764,0
Chautauqua,2020-07-27T00:00:00.000,1,219,339,29141,29141,219,2020-07-27,1,339,0.00294985250737463,0.00464607947983248,1.08640570770252
Chautauqua,2020-07-28T00:00:00.000,4,223,386,29527,29527,223,2020-07-28,4,386,0.0103626943005181,0.0043658646599522,4.34804832964374
Chautauqua,2020-07-29T00:00:00.000,1,224,471,29998,29998,224,2020-07-29,1,471,0.00212314225053079,0.00413963447498035,1.08708340939193
Chautauqua,2020-07-30T00:00:00.000,4,228,422,30420,30420,228,2020-07-30,4,422,0.00947867298578199,0.00396513203430267,4.35155843927103
Chautauqua,2020-07-31T00:00:00.000,3,231,729,31149,31149,231,2020-07-31,3,729,0.00411522633744856,0.00384036005745327,3.25760624188212
Chautauqua,2020-08-01T00:00:00.000,1,232,262,31411,31411,232,2020-08-01,1,262,0.00381679389312977,0.00376384252129647,1.08388913402067
Chautauqua,2020-08-02T00:00:00.000,2,234,230,31641,31641,234,2020-08-02,2,230,0.00869565217391304,0.0037348168436358,2.17324384231857
Chautauqua,2020-08-03T00:00:00.000,7,241,295,31936,31936,241,2020-08-03,7,295,0.023728813559322,0.00375337309572838,7.65156277563431
Chautauqua,2020-08-04T00:00:00.000,0,241,298,32234,32234,241,2020-08-04,0,298,0,0.00382055323951611,0
Chautauqua,2020-08-05T00:00:00.000,3,244,232,32466,32466,244,2020-08-05,3,232,0.0129310344827586,0.00393841830312458,3.38718731497656
Chautauqua,2020-08-06T00:00:00.000,5,249,330,32796,32796,249,2020-08-06,5,330,0.0151515151515152,0.00411008542645165,5.74247636823032
Chautauqua,2020-08-07T00:00:00.000,4,253,530,33326,33326,253,2020-08-07,4,530,0.00754716981132075,0.00433973014850358,4.66533222839558
Chautauqua,2020-08-08T00:00:00.000,0,253,350,33676,33676,253,2020-08-08,0,350,0,0.00463254246595454,0
Chautauqua,2020-08-09T00:00:00.000,4,257,418,34094,34094,257,2020-08-09,4,418,0.00956937799043062,0.00499461848319892,4.79952898167684
Chautauqua,2020-08-10T00:00:00.000,1,258,706,34800,34800,258,2020-08-10,1,706,0.00141643059490085,0.00543276354594784,1.21055211852645
Chautauqua,2020-08-11T00:00:00.000,0,258,949,35749,35749,258,2020-08-11,0,949,0,0.00595417880089885,0
Chautauqua,2020-08-12T00:00:00.000,2,260,530,36279,36279,260,2020-08-12,2,530,0.00377358490566038,0.00656600282872893,2.45598153119593
Chautauqua,2020-08-13T00:00:00.000,0,260,376,36655,36655,260,2020-08-13,0,376,0,0.00727468547480952,0
Chautauqua,2020-08-14T00:00:00.000,3,263,396,37051,37051,263,2020-08-14,3,396,0.00757575757575758,0.00808518461151246,3.73087424697114
Chautauqua,2020-08-15T00:00:00.000,0,263,194,37245,37245,263,2020-08-15,0,194,0,0.00899999989272358,0
Chautauqua,2020-08-16T00:00:00.000,2,265,167,37412,37412,265,2020-08-16,2,167,0.0119760479041916,0.0100180909508218,2.53461559368266
Chautauqua,2020-08-17T00:00:00.000,6,271,1028,38440,38440,271,2020-08-17,6,1028,0.00583657587548638,0.0111337683348594,7.66026127592848
Chautauqua,2020-08-18T00:00:00.000,1,272,259,38699,38699,272,2020-08-18,1,259,0.00386100386100386,0.0123356879095036,1.28425649823232
Chautauqua,2020-08-19T00:00:00.000,3,275,238,38937,38937,275,2020-08-19,3,238,0.0126050420168067,0.0136061137755608,3.8694463359418
Chautauqua,2020-08-20T00:00:00.000,3,278,497,39434,39434,278,2020-08-20,3,497,0.00603621730382294,0.0149206291969828,3.87987906837046
Chautauqua,2020-08-21T00:00:00.000,9,287,393,39827,39827,287,2020-08-21,9,393,0.0229007633587786,0.0162484580700397,11.6517091925002
Chautauqua,2020-08-22T00:00:00.000,2,289,308,40135,40135,289,2020-08-22,2,308,0.00649350649350649,0.0175535045886377,2.587648819871
Chautauqua,2020-08-23T00:00:00.000,0,289,587,40722,40722,289,2020-08-23,0,587,0,0.0187961272594012,0
Chautauqua,2020-08-24T00:00:00.000,16,305,415,41137,41137,305,2020-08-24,16,415,0.0385542168674699,0.0199355480033066,20.592956780571
Chautauqua,2020-08-25T00:00:00.000,5,310,204,41341,41341,310,2020-08-25,5,204,0.0245098039215686,0.0209326791012404,6.44533763861466
Chautauqua,2020-08-26T00:00:00.000,30,340,683,42024,42024,340,2020-08-26,30,683,0.0439238653001464,0.0217530568817967,38.6696320459568
Chautauqua,2020-08-27T00:00:00.000,15,355,665,42689,42689,355,2020-08-27,15,665,0.0225563909774436,0.0223695251867609,19.3018933959562
Chautauqua,2020-08-28T00:00:00.000,18,373,492,43181,43181,373,2020-08-28,18,492,0.0365853658536585,0.0227643278627865,23.0110814030273
Chautauqua,2020-08-29T00:00:00.000,9,382,361,43542,43542,382,2020-08-29,9,361,0.0249307479224377,0.0229303474908667,11.5427073408307
Chautauqua,2020-08-30T00:00:00.000,12,394,676,44218,44218,394,2020-08-30,12,676,0.0177514792899408,0.0228713523666704,15.4536836609079
Chautauqua,2020-08-31T00:00:00.000,11,405,747,44965,44965,405,2020-08-31,11,747,0.0147255689424364,0.0226012591458875,14.1819787421489
Chautauqua,2020-09-01T00:00:00.000,23,428,653,45618,45618,428,2020-09-01,23,653,0.0352220520673813,0.0221425557135017,29.6590907662973
Chautauqua,2020-09-02T00:00:00.000,24,452,543,46161,46161,452,2020-09-02,24,543,0.0441988950276243,0.0215241315039186,30.9280385084073
Chautauqua,2020-09-03T00:00:00.000,12,464,557,46718,46718,464,2020-09-03,12,557,0.0215439856373429,0.0207788151445139,15.441760529104
Chautauqua,2020-09-04T00:00:00.000,7,471,459,47177,47177,471,2020-09-04,7,459,0.0152505446623094,0.0199409182687402,8.98863389175718
Chautauqua,2020-09-05T00:00:00.000,4,475,522,47699,47699,475,2020-09-05,4,522,0.00766283524904215,0.0190440375585385,5.12256119221316
Chautauqua,2020-09-06T00:00:00.000,1,476,430,48129,48129,476,2020-09-06,1,430,0.00232558139534884,0.0181192904588014,1.27661007052817
Chautauqua,2020-09-07T00:00:00.000,1,477,207,48336,48336,477,2020-09-07,1,207,0.00483091787439614,0.0171940726845533,1.27215031881613
Chautauqua,2020-09-08T00:00:00.000,1,478,261,48597,48597,478,2020-09-08,1,261,0.00383141762452107,0.0162913443553397,1.26741057728609
Chautauqua,2020-09-09T00:00:00.000,14,492,530,49127,49127,492,2020-09-09,14,530,0.0264150943396226,0.0154293885419579,17.6755014018065
Chautauqua,2020-09-10T00:00:00.000,4,496,399,49526,49526,496,2020-09-10,4,399,0.0100250626566416,0.0146219467472397,5.03674629427799
Chautauqua,2020-09-11T00:00:00.000,11,507,514,50040,50040,507,2020-09-11,11,514,0.0214007782101167,0.0138786197400668,13.8210590882834
Chautauqua,2020-09-12T00:00:00.000,8,515,376,50416,50416,515,2020-09-12,8,376,0.0212765957446809,0.0132054251260181,10.0286653390204
Chautauqua,2020-09-13T00:00:00.000,1,516,140,50556,50556,516,2020-09-13,1,140,0.00714285714285714,0.012605418548646,1.25419992678328
Chautauqua,2020-09-14T00:00:00.000,7,523,420,50976,50976,523,2020-09-14,7,420,0.0166666666666667,0.0120793071571775,8.7933010179999
Chautauqua,2020-09-15T00:00:00.000,4,527,630,51606,51606,527,2020-09-15,4,630,0.00634920634920635,0.0116260068613596,5.0319550392968
Chautauqua,2020-09-16T00:00:00.000,6,533,536,52142,52142,533,2020-09-16,6,536,0.0111940298507463,0.0112431155856514,7.55849965906599
Chautauqua,2020-09-17T00:00:00.000,2,535,463,52605,52605,535,2020-09-17,2,463,0.00431965442764579,0.0109272912832431,2.52290896261522
Chautauqua,2020-09-18T00:00:00.000,1,536,387,52992,52992,536,2020-09-18,1,387,0.00258397932816537,0.0106745358068785,1.2630879693159
Chautauqua,2020-09-19T00:00:00.000,1,537,388,53380,53380,537,2020-09-19,1,388,0.00257731958762887,0.0104803940413453,1.26463684942578
Chautauqua,2020-09-20T00:00:00.000,4,541,451,53831,53831,541,2020-09-20,4,451,0.00886917960088692,0.0103400828922008,5.06435427274887
Chautauqua,2020-09-21T00:00:00.000,6,547,607,54438,54438,547,2020-09-21,6,607,0.00988467874794069,0.0102485678043356,7.6045896364942
Chautauqua,2020-09-22T00:00:00.000,4,551,530,54968,54968,551,2020-09-22,4,530,0.00754716981132075,0.0102006060894748,5.07462171709012
Chautauqua,2020-09-23T00:00:00.000,3,554,276,55244,55244,554,2020-09-23,3,276,0.0108695652173913,0.010190776913324,3.81709035683696
Chautauqua,2020-09-24T00:00:00.000,7,561,762,56006,56006,561,2020-09-24,7,762,0.00918635170603675,0.0102135177713734,8.94014191017611
Chautauqua,2020-09-25T00:00:00.000,7,568,502,56508,56508,568,2020-09-25,7,502,0.0139442231075697,0.010263186215032,8.97563288689367
Chautauqua,2020-09-26T00:00:00.000,5,573,608,57116,57116,573,2020-09-26,5,608,0.00822368421052632,0.0103341636147951,6.43757038827294
Chautauqua,2020-09-27T00:00:00.000,5,578,343,57459,57459,578,2020-09-27,5,343,0.0145772594752187,0.0104210143374157,6.52806757677549
Chautauqua,2020-09-28T00:00:00.000,7,585,774,58233,58233,585,2020-09-28,7,774,0.00904392764857881,0.0105187089929154,9.36122362752742
Chautauqua,2020-09-29T00:00:00.000,5,590,486,58719,58719,590,2020-09-29,5,486,0.0102880658436214,0.0106229144679145,6.8408969358156
Chautauqua,2020-09-30T00:00:00.000,12,602,600,59319,59319,602,2020-09-30,12,600,0.02,0.0107303473443986,16.7737034454199
Chemung,2020-04-01T00:00:00.000,0,22,14,349,349,22,2020-04-01,22,349,0.0630372492836676,0.0785539948180128,23.4490026231505
Chemung,2020-04-02T00:00:00.000,13,35,84,433,433,35,2020-04-02,13,84,0.154761904761905,0.0804431742916887,13.8788951062944
Chemung,2020-04-03T00:00:00.000,1,36,28,461,461,36,2020-04-03,1,28,0.0357142857142857,0.0823640336843483,1.07784705855317
Chemung,2020-04-04T00:00:00.000,2,38,35,496,496,38,2020-04-04,2,35,0.0571428571428571,0.0843004937431504,2.18226760527812
Chemung,2020-04-05T00:00:00.000,9,47,50,546,546,47,2020-04-05,9,50,0.18,0.0862281586412869,9.9401006760597
Chemung,2020-04-06T00:00:00.000,2,49,22,568,568,49,2020-04-06,2,22,0.0909090909090909,0.0881145340364552,2.23452045810245
Chemung,2020-04-07T00:00:00.000,6,55,56,624,624,55,2020-04-07,6,56,0.107142857142857,0.0899194290089059,6.75495237087674
Chemung,2020-04-08T00:00:00.000,4,59,38,662,662,59,2020-04-08,4,38,0.105263157894737,0.0915956076921478,4.53360476954787
Chemung,2020-04-09T00:00:00.000,0,59,39,701,701,59,2020-04-09,0,39,0,0.0930897544523053,0
Chemung,2020-04-10T00:00:00.000,1,60,26,727,727,60,2020-04-10,1,26,0.0384615384615385,0.0943438057786115,1.14639685601602
Chemung,2020-04-11T00:00:00.000,0,60,6,733,733,60,2020-04-11,0,6,0,0.0952966834415548,0
Chemung,2020-04-12T00:00:00.000,0,60,9,742,742,60,2020-04-12,0,9,0,0.0958864364907266,0
Chemung,2020-04-13T00:00:00.000,4,64,40,782,782,64,2020-04-13,4,40,0.1,0.0960527658075662,4.6497973756279
Chemung,2020-04-14T00:00:00.000,5,69,43,825,825,69,2020-04-14,5,43,0.116279069767442,0.0957398657793927,5.85559377911536
Chemung,2020-04-15T00:00:00.000,1,70,18,843,843,70,2020-04-15,1,18,0.0555555555555556,0.0948994750510944,1.17913470743627
Chemung,2020-04-16T00:00:00.000,1,71,9,852,852,71,2020-04-16,1,9,0.111111111111111,0.093493985955085,1.18633607144906
Chemung,2020-04-17T00:00:00.000,1,72,32,884,884,72,2020-04-17,1,32,0.03125,0.0914994225079159,1.19254043938533
Chemung,2020-04-18T00:00:00.000,1,73,15,899,899,73,2020-04-18,1,15,0.0666666666666667,0.0889080655722468,1.19755015697749
Chemung,2020-04-19T00:00:00.000,0,73,17,916,916,73,2020-04-19,0,17,0,0.0857304847780236,0
Chemung,2020-04-20T00:00:00.000,2,75,32,948,948,75,2020-04-20,2,32,0.0625,0.0819967376828648,2.40478247887837
Chemung,2020-04-21T00:00:00.000,0,75,38,986,986,75,2020-04-21,0,38,0,0.0777565225595873,0
Chemung,2020-04-22T00:00:00.000,1,76,29,1015,1015,76,2020-04-22,1,29,0.0344827586206897,0.0730781284113959,1.20197499219042
Chemung,2020-04-23T00:00:00.000,3,79,39,1054,1054,79,2020-04-23,3,39,0.0769230769230769,0.0680461156506289,3.61357112786039
Chemung,2020-04-24T00:00:00.000,24,103,228,1282,1282,103,2020-04-24,24,228,0.105263157894737,0.0627577802262546,28.9384171508541
Chemung,2020-04-25T00:00:00.000,3,106,17,1299,1299,106,2020-04-25,3,17,0.176470588235294,0.0573185912315202,3.61686867317043
Chemung,2020-04-26T00:00:00.000,2,108,20,1319,1319,108,2020-04-26,2,20,0.1,0.0518369282297439,2.40805205411481
Chemung,2020-04-27T00:00:00.000,5,113,64,1383,1383,113,2020-04-27,5,64,0.078125,0.0464185550093425,5.9980915062655
Chemung,2020-04-28T00:00:00.000,6,119,96,1479,1479,119,2020-04-28,6,96,0.0625,0.0411613264206047,7.15506898841462
Chemung,2020-04-29T00:00:00.000,3,122,84,1563,1563,122,2020-04-29,3,84,0.0357142857142857,0.0361506160945188,3.5520355153484
Chemung,2020-04-30T00:00:00.000,1,123,54,1617,1617,123,2020-04-30,1,54,0.0185185185185185,0.0314558707299787,1.17416765540986
Chemung,2020-05-01T00:00:00.000,1,124,36,1653,1653,124,2020-05-01,1,36,0.0277777777777778,0.0271285524416228,1.16304589266005
Chemung,2020-05-02T00:00:00.000,1,125,26,1679,1679,125,2020-05-02,1,26,0.0384615384615385,0.023201550976531,1.15073153900087
Chemung,2020-05-03T00:00:00.000,1,126,244,1923,1923,126,2020-05-03,1,244,0.00409836065573771,0.0196899664730854,1.13732665534464
Chemung,2020-05-04T00:00:00.000,0,126,154,2077,2077,126,2020-05-04,0,154,0,0.0165930139288271,0
Chemung,2020-05-05T00:00:00.000,2,128,143,2220,2220,128,2020-05-05,2,143,0.013986013986014,0.0138967058155662,2.21979906124117
Chemung,2020-05-06T00:00:00.000,1,129,89,2309,2309,129,2020-05-06,1,89,0.0112359550561798,0.0115769381516829,1.09527966788927
Chemung,2020-05-07T00:00:00.000,1,130,46,2355,2355,130,2020-05-07,1,46,0.0217391304347826,0.00960263195533136,1.08053612226054
Chemung,2020-05-08T00:00:00.000,1,131,108,2463,2463,131,2020-05-08,1,108,0.00925925925925926,0.00793865019704013,1.06756642526859
Chemung,2020-05-09T00:00:00.000,0,131,125,2588,2588,131,2020-05-09,0,125,0,0.00654829963241772,0
Chemung,2020-05-10T00:00:00.000,0,131,174,2762,2762,131,2020-05-10,0,174,0,0.00539531789065725,0
Chemung,2020-05-11T00:00:00.000,0,131,68,2830,2830,131,2020-05-11,0,68,0,0.0044453247007816,0
Chemung,2020-05-12T00:00:00.000,1,132,282,3112,3112,132,2020-05-12,1,282,0.00354609929078014,0.00366677441235662,1.00510534531923
Chemung,2020-05-13T00:00:00.000,0,132,312,3424,3424,132,2020-05-13,0,312,0,0.00303148302998478,0
Chemung,2020-05-14T00:00:00.000,1,133,234,3658,3658,133,2020-05-14,1,234,0.00427350427350427,0.00251481928018489,0.982508115978034
Chemung,2020-05-15T00:00:00.000,1,134,240,3898,3898,134,2020-05-15,1,240,0.00416666666666667,0.00209565029483819,0.970687975560027
Chemung,2020-05-16T00:00:00.000,0,134,106,4004,4004,134,2020-05-16,0,106,0,0.00175612363561925,0
Chemung,2020-05-17T00:00:00.000,0,134,68,4072,4072,134,2020-05-17,0,68,0,0.00148135326334511,0
Chemung,2020-05-18T00:00:00.000,0,134,118,4190,4190,134,2020-05-18,0,118,0,0.00125906134940478,0
Chemung,2020-05-19T00:00:00.000,0,134,113,4303,4303,134,2020-05-19,0,113,0,0.00107921292702645,0
Chemung,2020-05-20T00:00:00.000,0,134,91,4394,4394,134,2020-05-20,0,91,0,0.000933667636504364,0
Chemung,2020-05-21T00:00:00.000,1,135,141,4535,4535,135,2020-05-21,1,141,0.00709219858156028,0.000815862751026429,0.925301696024644
Chemung,2020-05-22T00:00:00.000,1,136,233,4768,4768,136,2020-05-22,1,233,0.00429184549356223,0.000720534243916277,0.92129175068791
Chemung,2020-05-23T00:00:00.000,0,136,215,4983,4983,136,2020-05-23,0,215,0,0.00064347755720382,0
Chemung,2020-05-24T00:00:00.000,0,136,196,5179,5179,136,2020-05-24,0,196,0,0.000581346493891708,0
Chemung,2020-05-25T00:00:00.000,0,136,96,5275,5275,136,2020-05-25,0,96,0,0.000531486816281088,0
Chemung,2020-05-26T00:00:00.000,0,136,295,5570,5570,136,2020-05-26,0,295,0,0.000491800278974265,0
Chemung,2020-05-27T00:00:00.000,0,136,63,5633,5633,136,2020-05-27,0,63,0,0.000460634613863503,0
Chemung,2020-05-28T00:00:00.000,1,137,99,5732,5732,137,2020-05-28,1,99,0.0101010101010101,0.000436695167017188,0.909733458650508
Chemung,2020-05-29T00:00:00.000,0,137,451,6183,6183,137,2020-05-29,0,451,0,0.000418974276292124,0
Chemung,2020-05-30T00:00:00.000,0,137,337,6520,6520,137,2020-05-30,0,337,0,0.000406694957351568,0
Chemung,2020-05-31T00:00:00.000,0,137,73,6593,6593,137,2020-05-31,0,73,0,0.000399265955659341,0
Chemung,2020-06-01T00:00:00.000,0,137,145,6738,6738,137,2020-06-01,0,145,0,0.000396245681224563,0
Chemung,2020-06-02T00:00:00.000,0,137,247,6985,6985,137,2020-06-02,0,247,0,0.000397312953276062,0
Chemung,2020-06-03T00:00:00.000,0,137,219,7204,7204,137,2020-06-03,0,219,0,0.000402242836499339,0
Chemung,2020-06-04T00:00:00.000,0,137,114,7318,7318,137,2020-06-04,0,114,0,0.000410886155965772,0
Chemung,2020-06-05T00:00:00.000,0,137,853,8171,8171,137,2020-06-05,0,853,0,0.000423151544942986,0
Chemung,2020-06-06T00:00:00.000,0,137,263,8434,8434,137,2020-06-06,0,263,0,0.000438989119428231,0
Chemung,2020-06-07T00:00:00.000,0,137,217,8651,8651,137,2020-06-07,0,217,0,0.000458375102718665,0
Chemung,2020-06-08T00:00:00.000,1,138,544,9195,9195,138,2020-06-08,1,544,0.00183823529411765,0.000481296950713111,0.977033899221504
Chemung,2020-06-09T00:00:00.000,0,138,296,9491,9491,138,2020-06-09,0,296,0,0.000507738763697246,0
Chemung,2020-06-10T00:00:00.000,0,138,437,9928,9928,138,2020-06-10,0,437,0,0.000537667014297279,0
Chemung,2020-06-11T00:00:00.000,0,138,169,10097,10097,138,2020-06-11,0,169,0,0.000571016867606889,0
Chemung,2020-06-12T00:00:00.000,0,138,380,10477,10477,138,2020-06-12,0,380,0,0.000607679603139402,0
Chemung,2020-06-13T00:00:00.000,0,138,157,10634,10634,138,2020-06-13,0,157,0,0.000647491846936988,0
Chemung,2020-06-14T00:00:00.000,0,138,106,10740,10740,138,2020-06-14,0,106,0,0.000690227456546248,0
Chemung,2020-06-15T00:00:00.000,0,138,219,10959,10959,138,2020-06-15,0,219,0,0.000735592940637322,0
Chemung,2020-06-16T00:00:00.000,0,138,325,11284,11284,138,2020-06-16,0,325,0,0.000783227216539363,0
Chemung,2020-06-17T00:00:00.000,0,138,317,11601,11601,138,2020-06-17,0,317,0,0.00083270629596153,0
Chemung,2020-06-18T00:00:00.000,1,139,372,11973,11973,139,2020-06-18,1,372,0.00268817204301075,0.000883553153277888,1.0537785772269
Chemung,2020-06-19T00:00:00.000,0,139,267,12240,12240,139,2020-06-19,0,267,0,0.000935252592470313,0
Chemung,2020-06-20T00:00:00.000,0,139,108,12348,12348,139,2020-06-20,0,108,0,0.000987270446859022,0
Chemung,2020-06-21T00:00:00.000,0,139,198,12546,12546,139,2020-06-21,0,198,0,0.0010390759761193,0
Chemung,2020-06-22T00:00:00.000,0,139,237,12783,12783,139,2020-06-22,0,237,0,0.00109016594454685,0
Chemung,2020-06-23T00:00:00.000,0,139,275,13058,13058,139,2020-06-23,0,275,0,0.00114008863339164,0
Chemung,2020-06-24T00:00:00.000,0,139,306,13364,13364,139,2020-06-24,0,306,0,0.00118846599708822,0
Chemung,2020-06-25T00:00:00.000,0,139,148,13512,13512,139,2020-06-25,0,148,0,0.00123501233744534,0
Chemung,2020-06-26T00:00:00.000,0,139,340,13852,13852,139,2020-06-26,0,340,0,0.00127954820983333,0
Chemung,2020-06-27T00:00:00.000,1,140,276,14128,14128,140,2020-06-27,1,276,0.0036231884057971,0.00132200875292409,1.01047548134433
Chemung,2020-06-28T00:00:00.000,0,140,231,14359,14359,140,2020-06-28,0,231,0,0.00136244616835988,0
Chemung,2020-06-29T00:00:00.000,1,141,167,14526,14526,141,2020-06-29,1,167,0.00598802395209581,0.00140102660117816,1.0043530478552
Chemung,2020-06-30T00:00:00.000,3,144,278,14804,14804,144,2020-06-30,3,278,0.0107913669064748,0.00143802211479381,3.00129692502665
Chemung,2020-07-01T00:00:00.000,0,144,194,14998,14998,144,2020-07-01,0,194,0,0.00147379876920834,0
Chemung,2020-07-02T00:00:00.000,1,145,205,15203,15203,145,2020-07-02,1,205,0.0048780487804878,0.00150880197014099,0.997550106394646
Chemung,2020-07-03T00:00:00.000,1,146,419,15622,15622,146,2020-07-03,1,419,0.00238663484486874,0.0015435402669542,1.00398206645677
Chemung,2020-07-04T00:00:00.000,0,146,257,15879,15879,146,2020-07-04,0,257,0,0.00157856865419052,0
Chemung,2020-07-05T00:00:00.000,0,146,250,16129,16129,146,2020-07-05,0,250,0,0.00161447221222233,0
Chemung,2020-07-06T00:00:00.000,1,147,244,16373,16373,147,2020-07-06,1,244,0.00409836065573771,0.00165185065262912,1.01085464354645
Chemung,2020-07-07T00:00:00.000,0,147,276,16649,16649,147,2020-07-07,0,276,0,0.00169130404647456,0
Chemung,2020-07-08T00:00:00.000,1,148,179,16828,16828,148,2020-07-08,1,179,0.00558659217877095,0.00173341974673588,1.01190674415056
Chemung,2020-07-09T00:00:00.000,0,148,308,17136,17136,148,2020-07-09,0,308,0,0.00177876029472075,0
Chemung,2020-07-10T00:00:00.000,0,148,268,17404,17404,148,2020-07-10,0,268,0,0.00182785194066686,0
Chemung,2020-07-11T00:00:00.000,0,148,378,17782,17782,148,2020-07-11,0,378,0,0.00188117331639964,0
Chemung,2020-07-12T00:00:00.000,0,148,190,17972,17972,148,2020-07-12,0,190,0,0.00193914378130313,0
Chemung,2020-07-13T00:00:00.000,1,149,332,18304,18304,149,2020-07-13,1,332,0.00301204819277108,0.00200211101856551,1.01443471893617
Chemung,2020-07-14T00:00:00.000,2,151,464,18768,18768,151,2020-07-14,2,464,0.00431034482758621,0.00207033758371455,2.03001253921148
Chemung,2020-07-15T00:00:00.000,0,151,422,19190,19190,151,2020-07-15,0,422,0,0.00214398630088696,0
Chemung,2020-07-16T00:00:00.000,0,151,473,19663,19663,151,2020-07-16,0,473,0,0.00222310465447979,0
Chemung,2020-07-17T00:00:00.000,2,153,284,19947,19947,153,2020-07-17,2,284,0.00704225352112676,0.00230760862788789,2.03422725456334
Chemung,2020-07-18T00:00:00.000,1,154,213,20160,20160,154,2020-07-18,1,213,0.00469483568075117,0.0023972667781066,1.02217629623208
Chemung,2020-07-19T00:00:00.000,1,155,139,20299,20299,155,2020-07-19,1,139,0.00719424460431655,0.00249168568090942,1.03004637318053
Chemung,2020-07-20T00:00:00.000,0,155,188,20487,20487,155,2020-07-20,0,188,0,0.00259029820456707,0
Chemung,2020-07-21T00:00:00.000,1,156,273,20760,20760,156,2020-07-21,1,273,0.00366300366300366,0.0026923563210228,1.04438931501028
Chemung,2020-07-22T00:00:00.000,1,157,506,21266,21266,157,2020-07-22,1,506,0.00197628458498024,0.00279693029639175,1.05061593269884
Chemung,2020-07-23T00:00:00.000,1,158,640,21906,21906,158,2020-07-23,1,640,0.0015625,0.00290291606128277,1.05584481239031
Chemung,2020-07-24T00:00:00.000,2,160,336,22242,22242,160,2020-07-24,2,336,0.00595238095238095,0.00300905230273751,2.11590981019664
Chemung,2020-07-25T00:00:00.000,0,160,146,22388,22388,160,2020-07-25,0,146,0,0.00311394831133322,0
Chemung,2020-07-26T00:00:00.000,0,160,109,22497,22497,160,2020-07-26,0,109,0,0.00321612287577748,0
Chemung,2020-07-27T00:00:00.000,0,160,142,22639,22639,160,2020-07-27,0,142,0,0.00331405355812304,0
Chemung,2020-07-28T00:00:00.000,1,161,413,23052,23052,161,2020-07-28,1,413,0.00242130750605327,0.00340623462234941,1.06036357440628
Chemung,2020-07-29T00:00:00.000,1,162,387,23439,23439,162,2020-07-29,1,387,0.00258397932816537,0.00349124081778471,1.06872175227548
Chemung,2020-07-30T00:00:00.000,1,163,409,23848,23848,163,2020-07-30,1,409,0.00244498777506112,0.00356779330092902,1.0764628146933
Chemung,2020-07-31T00:00:00.000,0,163,232,24080,24080,163,2020-07-31,0,232,0,0.00363482336001676,0
Chemung,2020-08-01T00:00:00.000,0,163,196,24276,24276,163,2020-08-01,0,196,0,0.0036915294021302,0
Chemung,2020-08-02T00:00:00.000,0,163,90,24366,24366,163,2020-08-02,0,90,0,0.0037374229552014,0
Chemung,2020-08-03T00:00:00.000,0,163,101,24467,24467,163,2020-08-03,0,101,0,0.00377236022911743,0
Chemung,2020-08-04T00:00:00.000,2,165,570,25037,25037,165,2020-08-04,2,570,0.00350877192982456,0.0037965569846877,2.21961227977531
Chemung,2020-08-05T00:00:00.000,0,165,417,25454,25454,165,2020-08-05,0,417,0,0.00381058595548577,0
Chemung,2020-08-06T00:00:00.000,3,168,376,25830,25830,168,2020-08-06,3,376,0.00797872340425532,0.00381535764228652,3.41994331338155
Chemung,2020-08-07T00:00:00.000,3,171,387,26217,26217,171,2020-08-07,3,387,0.00775193798449612,0.00381208676615051,3.45393249107177
Chemung,2020-08-08T00:00:00.000,0,171,264,26481,26481,171,2020-08-08,0,264,0,0.00380224783889385,0
Chemung,2020-08-09T00:00:00.000,1,172,181,26662,26662,172,2020-08-09,1,181,0.00552486187845304,0.0037875240524391,1.1671426383388
Chemung,2020-08-10T00:00:00.000,4,176,273,26935,26935,176,2020-08-10,4,273,0.0146520146520147,0.00376975395808563,4.66844991268004
Chemung,2020-08-11T00:00:00.000,1,177,443,27378,27378,177,2020-08-11,1,443,0.00225733634311512,0.00375088020360385,1.16457495504153
Chemung,2020-08-12T00:00:00.000,7,184,472,27850,27850,184,2020-08-12,7,472,0.0148305084745763,0.00373290400705488,8.12395888181102
Chemung,2020-08-13T00:00:00.000,3,187,396,28246,28246,187,2020-08-13,3,396,0.00757575757575758,0.00371784819905508,3.46580810196033
Chemung,2020-08-14T00:00:00.000,1,188,476,28722,28722,188,2020-08-14,1,476,0.00210084033613445,0.00370773067612117,1.15035313438702
Chemung,2020-08-15T00:00:00.000,1,189,253,28975,28975,189,2020-08-15,1,253,0.00395256916996047,0.00370454913829238,1.14951079437701
Chemung,2020-08-16T00:00:00.000,1,190,149,29124,29124,190,2020-08-16,1,149,0.00671140939597315,0.00371027710222303,1.147477673931
Chemung,2020-08-17T00:00:00.000,0,190,155,29279,29279,190,2020-08-17,0,155,0,0.00372687048272051,0
Chemung,2020-08-18T00:00:00.000,1,191,320,29599,29599,191,2020-08-18,1,320,0.003125,0.00375628352646655,1.14027938055059
Chemung,2020-08-19T00:00:00.000,2,193,247,29846,29846,193,2020-08-19,2,247,0.00809716599190283,0.00380049256642316,2.27074385616034
Chemung,2020-08-20T00:00:00.000,0,193,573,30419,30419,193,2020-08-20,0,573,0,0.00386152590282191,0
Chemung,2020-08-21T00:00:00.000,1,194,407,30826,30826,194,2020-08-21,1,407,0.00245700245700246,0.00394149807144863,1.12365255544356
Chemung,2020-08-22T00:00:00.000,0,194,264,31090,31090,194,2020-08-22,0,264,0,0.00404264675467153,0
Chemung,2020-08-23T00:00:00.000,0,194,164,31254,31254,194,2020-08-23,0,164,0,0.0041673706126827,0
Chemung,2020-08-24T00:00:00.000,0,194,103,31357,31357,194,2020-08-24,0,103,0,0.00431826627728094,0
Chemung,2020-08-25T00:00:00.000,0,194,430,31787,31787,194,2020-08-25,0,430,0,0.00449816266859913,0
Chemung,2020-08-26T00:00:00.000,0,194,371,32158,32158,194,2020-08-26,0,371,0,0.00471015063102926,0
Chemung,2020-08-27T00:00:00.000,2,196,525,32683,32683,196,2020-08-27,2,525,0.00380952380952381,0.0049576056502441,2.21360522130956
Chemung,2020-08-28T00:00:00.000,0,196,302,32985,32985,196,2020-08-28,0,302,0,0.00524420113696892,0
Chemung,2020-08-29T00:00:00.000,4,200,218,33203,33203,200,2020-08-29,4,218,0.018348623853211,0.00557390949064073,4.45348602663471
Chemung,2020-08-30T00:00:00.000,3,203,146,33349,33349,203,2020-08-30,3,146,0.0205479452054795,0.00595098793861462,3.37677208631979
Chemung,2020-08-31T00:00:00.000,2,205,95,33444,33444,205,2020-08-31,2,95,0.0210526315789474,0.00637994610794365,2.27217919054056
Chemung,2020-09-01T00:00:00.000,0,205,338,33782,33782,205,2020-09-01,0,338,0,0.0068654924790814,0
Chemung,2020-09-02T00:00:00.000,0,205,554,34336,34336,205,2020-09-02,0,554,0,0.0074124574530276,0
Chemung,2020-09-03T00:00:00.000,1,206,243,34579,34579,206,2020-09-03,1,243,0.00411522633744856,0.00802569180723251,1.17004276905999
Chemung,2020-09-04T00:00:00.000,0,206,239,34818,34818,206,2020-09-04,0,239,0,0.00870994089762367,0
Chemung,2020-09-05T00:00:00.000,2,208,176,34994,34994,208,2020-09-05,2,176,0.0113636363636364,0.00946969710847748,2.38844291148774
Chemung,2020-09-06T00:00:00.000,2,210,105,35099,35099,210,2020-09-06,2,105,0.019047619047619,0.0103090356998036,2.41321461788749
Chemung,2020-09-07T00:00:00.000,1,211,141,35240,35240,211,2020-09-07,1,141,0.00709219858156028,0.0112314421455678,1.21911340793379
Chemung,2020-09-08T00:00:00.000,3,214,159,35399,35399,214,2020-09-08,3,159,0.0188679245283019,0.0122396420556709,3.69504525116471
Chemung,2020-09-09T00:00:00.000,4,218,677,36076,36076,218,2020-09-09,4,677,0.00590841949778434,0.0133354474091396,4.9770222867876
Chemung,2020-09-10T00:00:00.000,21,239,427,36503,36503,239,2020-09-10,21,427,0.0491803278688525,0.014519634606758,26.4243569860862
Chemung,2020-09-11T00:00:00.000,8,247,379,36882,36882,247,2020-09-11,8,379,0.0211081794195251,0.0157918703776113,10.1823343818169
Chemung,2020-09-12T00:00:00.000,4,251,134,37016,37016,251,2020-09-12,4,134,0.0298507462686567,0.0171507003895198,5.14714129850696
Chemung,2020-09-13T00:00:00.000,0,251,325,37341,37341,251,2020-09-13,0,325,0,0.0185936123457968,0
Chemung,2020-09-14T00:00:00.000,18,269,444,37785,37785,269,2020-09-14,18,444,0.0405405405405405,0.0201171804556426,23.7946277103846
Chemung,2020-09-15T00:00:00.000,6,275,365,38150,38150,275,2020-09-15,6,365,0.0164383561643836,0.0217172917811536,8.03462330653393
Chemung,2020-09-16T00:00:00.000,19,294,728,38878,38878,294,2020-09-16,19,728,0.0260989010989011,0.0233894476644364,25.7543905639781
Chemung,2020-09-17T00:00:00.000,11,305,653,39531,39531,305,2020-09-17,11,653,0.0168453292496172,0.0251291261786529,15.081021385251
Chemung,2020-09-18T00:00:00.000,17,322,621,40152,40152,322,2020-09-18,17,621,0.0273752012882448,0.0269321850328903,23.5545482342289
Chemung,2020-09-19T00:00:00.000,8,330,273,40425,40425,330,2020-09-19,8,273,0.0293040293040293,0.0287952794969538,11.1930949524738
Chemung,2020-09-20T00:00:00.000,8,338,179,40604,40604,338,2020-09-20,8,179,0.0446927374301676,0.0307162672136778,11.2937590032946
Chemung,2020-09-21T00:00:00.000,11,349,243,40847,40847,349,2020-09-21,11,243,0.0452674897119342,0.0326945712880834,15.6566363657483
Chemung,2020-09-22T00:00:00.000,12,361,825,41672,41672,361,2020-09-22,12,825,0.0145454545454545,0.0347314745992976,17.2081686206791
Chemung,2020-09-23T00:00:00.000,26,387,750,42422,42422,387,2020-09-23,26,750,0.0346666666666667,0.0368303213213111,37.617017151635
Chemung,2020-09-24T00:00:00.000,28,415,706,43128,43128,415,2020-09-24,28,706,0.0396600566572238,0.03899660498177,40.8874050812428
Chemung,2020-09-25T00:00:00.000,25,440,599,43727,43727,440,2020-09-25,25,599,0.0417362270450751,0.0412379254301507,36.8390574380892
Chemung,2020-09-26T00:00:00.000,21,461,413,44140,44140,461,2020-09-26,21,413,0.0508474576271186,0.0435637984700905,31.2216838494556
Chemung,2020-09-27T00:00:00.000,9,470,152,44292,44292,470,2020-09-27,9,152,0.0592105263157895,0.0459853011945492,13.6310104507675
Chemung,2020-09-28T00:00:00.000,22,492,384,44676,44676,492,2020-09-28,22,384,0.0572916666666667,0.0485145325818871,34.2805832208924
Chemung,2020-09-29T00:00:00.000,18,510,582,45258,45258,510,2020-09-29,18,582,0.0309278350515464,0.0511638629360483,28.8195710451672
Chemung,2020-09-30T00:00:00.000,50,560,742,46000,46000,560,2020-09-30,50,742,0.0673854447439353,0.0539449374906345,82.1393780692707
Chenango,2020-04-01T00:00:00.000,2,28,16,111,111,28,2020-04-01,28,111,0.252252252252252,0.220380766890366,33.0872190896001
Chenango,2020-04-02T00:00:00.000,4,32,17,128,128,32,2020-04-02,4,17,0.235294117647059,0.210199406042538,4.70095139631325
Chenango,2020-04-03T00:00:00.000,7,39,40,168,168,39,2020-04-03,7,40,0.175,0.20035945899087,8.2463621814937
Chenango,2020-04-04T00:00:00.000,4,43,17,185,185,43,2020-04-04,4,17,0.235294117647059,0.19084879308384,4.73613345477598
Chenango,2020-04-05T00:00:00.000,3,46,27,212,212,46,2020-04-05,3,27,0.111111111111111,0.181651654965286,3.56967397535639
Chenango,2020-04-06T00:00:00.000,5,51,42,254,254,51,2020-04-06,5,42,0.119047619047619,0.172750604974732,5.97532520597442
Chenango,2020-04-07T00:00:00.000,2,53,11,265,265,53,2020-04-07,2,11,0.181818181818182,0.164128121738461,2.39129955123879
Chenango,2020-04-08T00:00:00.000,2,55,21,286,286,55,2020-04-08,2,21,0.0952380952380952,0.155767885054232,2.39041875929199
Chenango,2020-04-09T00:00:00.000,5,60,29,315,315,60,2020-04-09,5,29,0.172413793103448,0.147655748922731,5.97035580579711
Chenango,2020-04-10T00:00:00.000,1,61,17,332,332,61,2020-04-10,1,17,0.0588235294117647,0.139780419857934,1.1923624239943
Chenango,2020-04-11T00:00:00.000,2,63,12,344,344,63,2020-04-11,2,12,0.166666666666667,0.132133858188925,2.38019492921669
Chenango,2020-04-12T00:00:00.000,2,65,17,361,361,65,2020-04-12,2,17,0.117647058823529,0.124711423580018,2.37459929512711
Chenango,2020-04-13T00:00:00.000,3,68,36,397,397,68,2020-04-13,3,36,0.0833333333333333,0.117511790064244,3.55838101225992
Chenango,2020-04-14T00:00:00.000,3,71,17,414,414,71,2020-04-14,3,17,0.176470588235294,0.110536660522598,3.56421212807745
Chenango,2020-04-15T00:00:00.000,2,73,21,435,435,73,2020-04-15,2,21,0.0952380952380952,0.103790315687234,2.37948362704391
Chenango,2020-04-16T00:00:00.000,3,76,16,451,451,76,2020-04-16,3,16,0.1875,0.0972790370386994,3.57316070348726
Chenango,2020-04-17T00:00:00.000,1,77,11,462,462,77,2020-04-17,1,11,0.0909090909090909,0.0910104466678955,1.19190160417149
Chenango,2020-04-18T00:00:00.000,1,78,13,475,475,78,2020-04-18,1,13,0.0769230769230769,0.08499280845051,1.19216897045731
Chenango,2020-04-19T00:00:00.000,0,78,11,486,486,78,2020-04-19,0,11,0,0.0792343343710888,0
Chenango,2020-04-20T00:00:00.000,1,79,7,493,493,79,2020-04-20,1,7,0.142857142857143,0.0737425362047687,1.18970134606537
Chenango,2020-04-21T00:00:00.000,0,79,17,510,510,79,2020-04-21,0,17,0,0.0685236570397036,0
Chenango,2020-04-22T00:00:00.000,3,82,20,530,530,82,2020-04-22,3,20,0.15,0.0635822090193332,3.55607986696263
Chenango,2020-04-23T00:00:00.000,2,84,20,550,550,84,2020-04-23,2,20,0.1,0.0589206344163634,2.3746070676367
Chenango,2020-04-24T00:00:00.000,7,91,144,694,694,91,2020-04-24,7,144,0.0486111111111111,0.0545390972527024,8.32272621285856
Chenango,2020-04-25T00:00:00.000,2,93,19,713,713,93,2020-04-25,2,19,0.105263157894737,0.0504354033011596,2.38059479645349
Chenango,2020-04-26T00:00:00.000,2,95,23,736,736,95,2020-04-26,2,23,0.0869565217391304,0.0466050381259991,2.3825676001935
Chenango,2020-04-27T00:00:00.000,0,95,10,746,746,95,2020-04-27,0,10,0,0.0430413064931566,0
Chenango,2020-04-28T00:00:00.000,1,96,18,764,764,96,2020-04-28,1,18,0.0555555555555556,0.0397355523079529,1.18831495945297
Chenango,2020-04-29T00:00:00.000,2,98,25,789,789,98,2020-04-29,2,25,0.08,0.0366774363930532,2.37145215686687
Chenango,2020-04-30T00:00:00.000,1,99,21,810,810,99,2020-04-30,1,21,0.0476190476190476,0.0338552494792688,1.18283057880624
Chenango,2020-05-01T00:00:00.000,0,99,35,845,845,99,2020-05-01,0,35,0,0.0312562396356245,0
Chenango,2020-05-02T00:00:00.000,0,99,36,881,881,99,2020-05-02,0,36,0,0.0288669363201969,0
Chenango,2020-05-03T00:00:00.000,1,100,50,931,931,100,2020-05-03,1,50,0.02,0.0266734569094175,1.17238067343635
Chenango,2020-05-04T00:00:00.000,0,100,42,973,973,100,2020-05-04,0,42,0,0.0246617854256679,0
Chenango,2020-05-05T00:00:00.000,2,102,51,1024,1024,102,2020-05-05,2,51,0.0392156862745098,0.0228180169300431,2.33265368665572
Chenango,2020-05-06T00:00:00.000,3,105,50,1074,1074,105,2020-05-06,3,50,0.06,0.0211285643209628,3.48958601673348
Chenango,2020-05-07T00:00:00.000,0,105,26,1100,1100,105,2020-05-07,0,26,0,0.0195803269779533,0
Chenango,2020-05-08T00:00:00.000,4,109,181,1281,1281,109,2020-05-08,4,181,0.0220994475138122,0.0181608227500952,4.63867326977831
Chenango,2020-05-09T00:00:00.000,0,109,45,1326,1326,109,2020-05-09,0,45,0,0.0168582861680351,0
Chenango,2020-05-10T00:00:00.000,2,111,107,1433,1433,111,2020-05-10,2,107,0.0186915887850467,0.0156617365765435,2.31105022642638
Chenango,2020-05-11T00:00:00.000,1,112,197,1630,1630,112,2020-05-11,1,197,0.0050761421319797,0.0145610202436618,1.14801653682118
Chenango,2020-05-12T00:00:00.000,0,112,83,1713,1713,112,2020-05-12,0,83,0,0.0135468304282113,0
Chenango,2020-05-13T00:00:00.000,0,112,41,1754,1754,112,2020-05-13,0,41,0,0.012610709149049,0
Chenango,2020-05-14T00:00:00.000,1,113,45,1799,1799,113,2020-05-14,1,45,0.0222222222222222,0.0117450339157074,1.14622769056477
Chenango,2020-05-15T00:00:00.000,2,115,54,1853,1853,115,2020-05-15,2,54,0.037037037037037,0.010942992219392,2.2902947272114
Chenango,2020-05-16T00:00:00.000,2,117,50,1903,1903,117,2020-05-16,2,50,0.04,0.0101985460648018,2.28646820532086
Chenango,2020-05-17T00:00:00.000,1,118,62,1965,1965,118,2020-05-17,1,62,0.0161290322580645,0.00950638842786211,1.14265429815099
Chenango,2020-05-18T00:00:00.000,0,118,67,2032,2032,118,2020-05-18,0,67,0,0.00886189318472263,0
Chenango,2020-05-19T00:00:00.000,0,118,54,2086,2086,118,2020-05-19,0,54,0,0.00826105985459609,0
Chenango,2020-05-20T00:00:00.000,0,118,150,2236,2236,118,2020-05-20,0,150,0,0.00770045440831165,0
Chenango,2020-05-21T00:00:00.000,0,118,219,2455,2455,118,2020-05-21,0,219,0,0.00717714737736599,0
Chenango,2020-05-22T00:00:00.000,0,118,143,2598,2598,118,2020-05-22,0,143,0,0.00668865057360714,0
Chenango,2020-05-23T00:00:00.000,0,118,226,2824,2824,118,2020-05-23,0,226,0,0.00623285380899265,0
Chenango,2020-05-24T00:00:00.000,1,119,217,3041,3041,119,2020-05-24,1,217,0.00460829493087558,0.00580796307930895,1.15061550043251
Chenango,2020-05-25T00:00:00.000,4,123,221,3262,3262,123,2020-05-25,4,221,0.0180995475113122,0.00541244171034767,4.59535831139763
Chenango,2020-05-26T00:00:00.000,2,125,122,3384,3384,125,2020-05-26,2,122,0.0163934426229508,0.00504495590339264,2.29629394599637
Chenango,2020-05-27T00:00:00.000,1,126,139,3523,3523,126,2020-05-27,1,139,0.00719424460431655,0.00470432598580056,1.14738485609124
Chenango,2020-05-28T00:00:00.000,4,130,168,3691,3691,130,2020-05-28,4,168,0.0238095238095238,0.00438948442806843,4.58350460223551
Chenango,2020-05-29T00:00:00.000,2,132,199,3890,3890,132,2020-05-29,2,199,0.0100502512562814,0.00409944138608831,2.30428314482492
Chenango,2020-05-30T00:00:00.000,1,133,404,4294,4294,133,2020-05-30,1,404,0.00247524752475248,0.00383325815794964,1.15654928965687
Chenango,2020-05-31T00:00:00.000,0,133,173,4467,4467,133,2020-05-31,0,173,0,0.00359002856579915,0
Chenango,2020-06-01T00:00:00.000,0,133,190,4657,4657,133,2020-06-01,0,190,0,0.00336886791544858,0
Chenango,2020-06-02T00:00:00.000,0,133,245,4902,4902,133,2020-06-02,0,245,0,0.00316890887269776,0
Chenango,2020-06-03T00:00:00.000,0,133,193,5095,5095,133,2020-06-03,0,193,0,0.00298930336861874,0
Chenango,2020-06-04T00:00:00.000,0,133,329,5424,5424,133,2020-06-04,0,329,0,0.00282922950691365,0
Chenango,2020-06-05T00:00:00.000,0,133,252,5676,5676,133,2020-06-05,0,252,0,0.00268790239990156,0
Chenango,2020-06-06T00:00:00.000,1,134,233,5909,5909,134,2020-06-06,1,233,0.00429184549356223,0.00256458790864892,1.14356762336768
Chenango,2020-06-07T00:00:00.000,1,135,313,6222,6222,135,2020-06-07,1,313,0.00319488817891374,0.00245861837107701,1.145034815324
Chenango,2020-06-08T00:00:00.000,0,135,177,6399,6399,135,2020-06-08,0,177,0,0.00236940956683978,0
Chenango,2020-06-09T00:00:00.000,2,137,234,6633,6633,137,2020-06-09,2,234,0.00854700854700855,0.00229647835340514,2.2920790083015
Chenango,2020-06-10T00:00:00.000,0,137,264,6897,6897,137,2020-06-10,0,264,0,0.00223946059347677,0
Chenango,2020-06-11T00:00:00.000,1,138,273,7170,7170,138,2020-06-11,1,273,0.00366300366300366,0.00219812915940919,1.14458378259792
Chenango,2020-06-12T00:00:00.000,0,138,188,7358,7358,138,2020-06-12,0,188,0,0.00217241192726528,0
Chenango,2020-06-13T00:00:00.000,0,138,219,7577,7577,138,2020-06-13,0,219,0,0.00216240974413313,0
Chenango,2020-06-14T00:00:00.000,0,138,79,7656,7656,138,2020-06-14,0,79,0,0.00216841435645087,0
Chenango,2020-06-15T00:00:00.000,1,139,213,7869,7869,139,2020-06-15,1,213,0.00469483568075117,0.00219092621443898,1.14737579962853
Chenango,2020-06-16T00:00:00.000,0,139,175,8044,8044,139,2020-06-16,0,175,0,0.00223067190056935,0
Chenango,2020-06-17T00:00:00.000,0,139,281,8325,8325,139,2020-06-17,0,281,0,0.00228862066647858,0
Chenango,2020-06-18T00:00:00.000,0,139,359,8684,8684,139,2020-06-18,0,359,0,0.00236599917830749,0
Chenango,2020-06-19T00:00:00.000,0,139,169,8853,8853,139,2020-06-19,0,169,0,0.00246430307116681,0
Chenango,2020-06-20T00:00:00.000,0,139,348,9201,9201,139,2020-06-20,0,348,0,0.00258530327603743,0
Chenango,2020-06-21T00:00:00.000,1,140,134,9335,9335,140,2020-06-21,1,134,0.00746268656716418,0.00273104433185339,1.15493933238075
Chenango,2020-06-22T00:00:00.000,1,141,273,9608,9608,141,2020-06-22,1,273,0.00366300366300366,0.00290383104528419,1.15094241565939
Chenango,2020-06-23T00:00:00.000,1,142,83,9691,9691,142,2020-06-23,1,83,0.0120481927710843,0.00310619897192097,1.14687106333141
Chenango,2020-06-24T00:00:00.000,2,144,217,9908,9908,144,2020-06-24,2,217,0.00921658986175115,0.00334086336966157,2.28564054779533
Chenango,2020-06-25T00:00:00.000,1,145,300,10208,10208,145,2020-06-25,1,300,0.00333333333333333,0.00361064065843711,1.13887315233607
Chenango,2020-06-26T00:00:00.000,1,146,199,10407,10407,146,2020-06-26,1,199,0.0050251256281407,0.00391833624396012,1.13509917170059
Chenango,2020-06-27T00:00:00.000,0,146,234,10641,10641,146,2020-06-27,0,234,0,0.00426659307837612,0
Chenango,2020-06-28T00:00:00.000,0,146,162,10803,10803,146,2020-06-28,0,162,0,0.00465769687101346,0
Chenango,2020-06-29T00:00:00.000,0,146,104,10907,10907,146,2020-06-29,0,104,0,0.00509333672413704,0
Chenango,2020-06-30T00:00:00.000,0,146,119,11026,11026,146,2020-06-30,0,119,0,0.00557432439472728,0
Chenango,2020-07-01T00:00:00.000,2,148,231,11257,11257,148,2020-07-01,2,231,0.00865800865800866,0.00610028143209239,2.28902201187938
Chenango,2020-07-02T00:00:00.000,0,148,256,11513,11513,148,2020-07-02,0,256,0,0.00666931089625568,0
Chenango,2020-07-03T00:00:00.000,1,149,115,11628,11628,149,2020-07-03,1,115,0.00869565217391304,0.0072776785876148,1.17239361922256
Chenango,2020-07-04T00:00:00.000,1,150,89,11717,11717,150,2020-07-04,1,89,0.0112359550561798,0.00791953665130282,1.18628035974454
Chenango,2020-07-05T00:00:00.000,6,156,433,12150,12150,156,2020-07-05,6,433,0.0138568129330254,0.00858672855587013,7.1641245555235
Chenango,2020-07-06T00:00:00.000,1,157,225,12375,12375,157,2020-07-06,1,225,0.00444444444444444,0.00926871700431916,1.20113990263645
Chenango,2020-07-07T00:00:00.000,2,159,83,12458,12458,159,2020-07-07,2,83,0.0240963855421687,0.00995267361813097,2.41503788428994
Chenango,2020-07-08T00:00:00.000,4,163,87,12545,12545,163,2020-07-08,4,87,0.0459770114942529,0.010623759987511,4.85219150128433
Chenango,2020-07-09T00:00:00.000,3,166,208,12753,12753,166,2020-07-09,3,208,0.0144230769230769,0.0112656135993867,3.65288443456058
Chenango,2020-07-10T00:00:00.000,0,166,133,12886,12886,166,2020-07-10,0,133,0,0.0118610302435079,0
Chenango,2020-07-11T00:00:00.000,0,166,162,13048,13048,166,2020-07-11,0,162,0,0.0123928092167569,0
Chenango,2020-07-12T00:00:00.000,3,169,188,13236,13236,169,2020-07-12,3,188,0.0159574468085106,0.0128447026470168,3.67472877898228
Chenango,2020-07-13T00:00:00.000,2,171,282,13518,13518,171,2020-07-13,2,282,0.00709219858156028,0.0132023898654411,2.45002513527254
Chenango,2020-07-14T00:00:00.000,4,175,209,13727,13727,175,2020-07-14,4,209,0.0191387559808612,0.0134543860702981,4.89565706201092
Chenango,2020-07-15T00:00:00.000,3,178,129,13856,13856,178,2020-07-15,3,129,0.0232558139534884,0.013592794476262,3.66486012965234
Chenango,2020-07-16T00:00:00.000,3,181,197,14053,14053,181,2020-07-16,3,197,0.0152284263959391,0.0136138237673824,3.65446298737972
Chenango,2020-07-17T00:00:00.000,1,182,173,14226,14226,182,2020-07-17,1,173,0.00578034682080925,0.013518016682556,1.21379279558574
Chenango,2020-07-18T00:00:00.000,0,182,112,14338,14338,182,2020-07-18,0,112,0,0.013310167542586,0
Chenango,2020-07-19T00:00:00.000,2,184,134,14472,14472,184,2020-07-19,2,134,0.0149253731343284,0.0129989415322132,2.43012294683226
Chenango,2020-07-20T00:00:00.000,4,188,175,14647,14647,188,2020-07-20,4,175,0.0228571428571429,0.0125962410992687,4.86106260243055
Chenango,2020-07-21T00:00:00.000,3,191,306,14953,14953,191,2020-07-21,3,306,0.00980392156862745,0.0121163900514748,3.64173001538649
Chenango,2020-07-22T00:00:00.000,3,194,204,15157,15157,194,2020-07-22,3,204,0.0147058823529412,0.0115752204080641,3.63287119438084
Chenango,2020-07-23T00:00:00.000,2,196,212,15369,15369,196,2020-07-23,2,212,0.00943396226415094,0.0109891494995987,2.41236515351019
Chenango,2020-07-24T00:00:00.000,7,203,220,15589,15589,203,2020-07-24,7,220,0.0318181818181818,0.0103743260407006,8.3814317343118
Chenango,2020-07-25T00:00:00.000,0,203,102,15691,15691,203,2020-07-25,0,102,0,0.00974590656099471,0
Chenango,2020-07-26T00:00:00.000,0,203,249,15940,15940,203,2020-07-26,0,249,0,0.00911750131918855,0
Chenango,2020-07-27T00:00:00.000,0,203,92,16032,16032,203,2020-07-27,0,92,0,0.00850080562311107,0
Chenango,2020-07-28T00:00:00.000,2,205,147,16179,16179,205,2020-07-28,2,147,0.0136054421768707,0.00790541163367044,2.30701165754417
Chenango,2020-07-29T00:00:00.000,1,206,108,16287,16287,206,2020-07-29,1,108,0.00925925925925926,0.00733877966459178,1.15114240684212
Chenango,2020-07-30T00:00:00.000,1,207,189,16476,16476,207,2020-07-30,1,189,0.00529100529100529,0.00680633775775568,1.14828690785287
Chenango,2020-07-31T00:00:00.000,2,209,193,16669,16669,209,2020-07-31,2,193,0.0103626943005181,0.0063116738854787,2.28236232685604
Chenango,2020-08-01T00:00:00.000,2,211,289,16958,16958,211,2020-08-01,2,289,0.0069204152249135,0.00585678561944779,2.26577951754949
Chenango,2020-08-02T00:00:00.000,0,211,206,17164,17164,211,2020-08-02,0,206,0,0.00544235612455593,0
Chenango,2020-08-03T00:00:00.000,1,212,111,17275,17275,212,2020-08-03,1,111,0.00900900900900901,0.00506803140637523,1.12640316411936
Chenango,2020-08-04T00:00:00.000,0,212,179,17454,17454,212,2020-08-04,0,179,0,0.00473268055171371,0
Chenango,2020-08-05T00:00:00.000,0,212,95,17549,17549,212,2020-08-05,0,95,0,0.0044346272199166,0
Chenango,2020-08-06T00:00:00.000,3,215,213,17762,17762,215,2020-08-06,3,213,0.0140845070422535,0.00417184625210878,3.45062855273689
Chenango,2020-08-07T00:00:00.000,0,215,155,17917,17917,215,2020-08-07,0,155,0,0.00394212363923396,0
Chenango,2020-08-08T00:00:00.000,1,216,165,18082,18082,216,2020-08-08,1,165,0.00606060606060606,0.00374318118509036,1.15886152658752
Chenango,2020-08-09T00:00:00.000,0,216,122,18204,18204,216,2020-08-09,0,122,0,0.00357276914523132,0
Chenango,2020-08-10T00:00:00.000,2,218,520,18724,18724,218,2020-08-10,2,520,0.00384615384615385,0.00342873111872546,2.31219655785586
Chenango,2020-08-11T00:00:00.000,0,218,95,18819,18819,218,2020-08-11,0,95,0,0.00330904577104741,0
Chenango,2020-08-12T00:00:00.000,0,218,158,18977,18977,218,2020-08-12,0,158,0,0.0032118497948698,0
Chenango,2020-08-13T00:00:00.000,0,218,185,19162,19162,218,2020-08-13,0,185,0,0.00313544606111044,0
Chenango,2020-08-14T00:00:00.000,0,218,227,19389,19389,218,2020-08-14,0,227,0,0.00307830033771037,0
Chenango,2020-08-15T00:00:00.000,0,218,278,19667,19667,218,2020-08-15,0,278,0,0.00303902934533527,0
Chenango,2020-08-16T00:00:00.000,0,218,249,19916,19916,218,2020-08-16,0,249,0,0.00301638236938807,0
Chenango,2020-08-17T00:00:00.000,0,218,173,20089,20089,218,2020-08-17,0,173,0,0.00300921817957542,0
Chenango,2020-08-18T00:00:00.000,0,218,183,20272,20272,218,2020-08-18,0,183,0,0.00301647865505562,0
Chenango,2020-08-19T00:00:00.000,1,219,144,20416,20416,219,2020-08-19,1,144,0.00694444444444444,0.00303716027264247,1.11019926239803
Chenango,2020-08-20T00:00:00.000,3,222,419,20835,20835,222,2020-08-20,3,419,0.00715990453460621,0.00307028448670452,3.3125110629842
Chenango,2020-08-21T00:00:00.000,1,223,280,21115,21115,223,2020-08-21,1,280,0.00357142857142857,0.00311486799127876,1.09751351405742
Chenango,2020-08-22T00:00:00.000,0,223,131,21246,21246,223,2020-08-22,0,131,0,0.00316989390051008,0
Chenango,2020-08-23T00:00:00.000,0,223,119,21365,21365,223,2020-08-23,0,119,0,0.00323428496591256,0
Chenango,2020-08-24T00:00:00.000,0,223,144,21509,21509,223,2020-08-24,0,144,0,0.00330688006086863,0
Chenango,2020-08-25T00:00:00.000,0,223,144,21653,21653,223,2020-08-25,0,144,0,0.00338641524817483,0
Chenango,2020-08-26T00:00:00.000,1,224,173,21826,21826,224,2020-08-26,1,173,0.00578034682080925,0.00347151078163326,1.07287371955063
Chenango,2020-08-27T00:00:00.000,0,224,361,22187,22187,224,2020-08-27,0,361,0,0.0035606653391454,0
Chenango,2020-08-28T00:00:00.000,1,225,290,22477,22477,225,2020-08-28,1,290,0.00344827586206897,0.00365225861173733,1.06462140234012
Chenango,2020-08-29T00:00:00.000,2,227,210,22687,22687,227,2020-08-29,2,210,0.00952380952380952,0.00374456306250145,2.13990366226802
Chenango,2020-08-30T00:00:00.000,1,228,153,22840,22840,228,2020-08-30,1,153,0.0065359477124183,0.00383576522641752,1.07722590608131
Chenango,2020-08-31T00:00:00.000,1,229,349,23189,23189,229,2020-08-31,1,349,0.00286532951289398,0.0039239963445889,1.08219055895482
Chenango,2020-09-01T00:00:00.000,0,229,158,23347,23347,229,2020-09-01,0,158,0,0.00400737147627753,0
Chenango,2020-09-02T00:00:00.000,1,230,134,23481,23481,230,2020-09-02,1,134,0.00746268656716418,0.00408403554051486,1.09133359206045
Chenango,2020-09-03T00:00:00.000,1,231,164,23645,23645,231,2020-09-03,1,164,0.00609756097560976,0.00415221409041383,1.09542201022355
Chenango,2020-09-04T00:00:00.000,2,233,330,23975,23975,233,2020-09-04,2,330,0.00606060606060606,0.00421026608942934,2.19827533276531
Chenango,2020-09-05T00:00:00.000,2,235,176,24151,24151,235,2020-09-05,2,176,0.0113636363636364,0.00425673560684033,2.20490013500004
Chenango,2020-09-06T00:00:00.000,0,235,294,24445,24445,235,2020-09-06,0,294,0,0.00429039923305072,0
Chenango,2020-09-07T00:00:00.000,4,239,187,24632,24632,239,2020-09-07,4,187,0.0213903743315508,0.00431030617591211,4.43109803567698
Chenango,2020-09-08T00:00:00.000,1,240,80,24712,24712,240,2020-09-08,1,80,0.0125,0.00431580841841492,1.10975689157693
Chenango,2020-09-09T00:00:00.000,2,242,120,24832,24832,242,2020-09-09,2,120,0.0166666666666667,0.00430657897342396,2.22255272438719
Chenango,2020-09-10T00:00:00.000,2,244,232,25064,25064,244,2020-09-10,2,232,0.00862068965517241,0.0042826171045569,2.22736035246474
Chenango,2020-09-11T00:00:00.000,1,245,446,25510,25510,245,2020-09-11,1,446,0.00224215246636771,0.00424424029294231,1.11607661177907
Chenango,2020-09-12T00:00:00.000,0,245,314,25824,25824,245,2020-09-12,0,314,0,0.00419206364523754,0
Chenango,2020-09-13T00:00:00.000,0,245,255,26079,26079,245,2020-09-13,0,255,0,0.00412696825860022,0
Chenango,2020-09-14T00:00:00.000,0,245,93,26172,26172,245,2020-09-14,0,93,0,0.00405006070923222,0
Chenango,2020-09-15T00:00:00.000,0,245,92,26264,26264,245,2020-09-15,0,92,0,0.00396262626450281,0
Chenango,2020-09-16T00:00:00.000,0,245,218,26482,26482,245,2020-09-16,0,218,0,0.00386607861764097,0
Chenango,2020-09-17T00:00:00.000,3,248,223,26705,26705,248,2020-09-17,3,223,0.0134529147982063,0.00376190889441755,3.40159350819746
Chenango,2020-09-18T00:00:00.000,0,248,338,27043,27043,248,2020-09-18,0,338,0,0.00365163644002331,0
Chenango,2020-09-19T00:00:00.000,0,248,283,27326,27326,248,2020-09-19,0,283,0,0.00353676348785485,0
Chenango,2020-09-20T00:00:00.000,0,248,173,27499,27499,248,2020-09-20,0,173,0,0.00341873530220942,0
Chenango,2020-09-21T00:00:00.000,0,248,87,27586,27586,248,2020-09-21,0,87,0,0.00329890684145829,0
Chenango,2020-09-22T00:00:00.000,0,248,107,27693,27693,248,2020-09-22,0,107,0,0.00317851645015801,0
Chenango,2020-09-23T00:00:00.000,0,248,161,27854,27854,248,2020-09-23,0,161,0,0.00305866659748152,0
Chenango,2020-09-24T00:00:00.000,0,248,166,28020,28020,248,2020-09-24,0,166,0,0.00294031128589401,0
Chenango,2020-09-25T00:00:00.000,1,249,457,28477,28477,249,2020-09-25,1,457,0.00218818380743982,0.00282424944359819,1.12701351856066
Chenango,2020-09-26T00:00:00.000,0,249,186,28663,28663,249,2020-09-26,0,186,0,0.002711123421473,0
Chenango,2020-09-27T00:00:00.000,2,251,103,28766,28766,251,2020-09-27,2,103,0.0194174757281553,0.00260142161256502,2.27287058356879
Chenango,2020-09-28T00:00:00.000,0,251,111,28877,28877,251,2020-09-28,0,111,0,0.00249548420331894,0
Chenango,2020-09-29T00:00:00.000,2,253,174,29051,29051,253,2020-09-29,2,174,0.0114942528735632,0.00239351112196222,2.35750278950299
Chenango,2020-09-30T00:00:00.000,0,253,157,29208,29208,253,2020-09-30,0,157,0,0.00229557137012735,0
Clinton,2020-04-01T00:00:00.000,0,25,5,216,216,25,2020-04-01,25,216,0.115740740740741,0.125310305413569,27.9205233358162
Clinton,2020-04-02T00:00:00.000,5,30,16,232,232,30,2020-04-02,5,16,0.3125,0.117327497231582,5.54335390522862
Clinton,2020-04-03T00:00:00.000,1,31,11,243,243,31,2020-04-03,1,11,0.0909090909090909,0.10980643337196,1.10929270933153
Clinton,2020-04-04T00:00:00.000,2,33,23,266,266,33,2020-04-04,2,23,0.0869565217391304,0.102752811582256,2.22589341871793
Clinton,2020-04-05T00:00:00.000,3,36,14,280,280,36,2020-04-05,3,14,0.214285714285714,0.096175020851682,3.34973804681944
Clinton,2020-04-06T00:00:00.000,1,37,16,296,296,37,2020-04-06,1,16,0.0625,0.090080489573982,1.11972830957118
Clinton,2020-04-07T00:00:00.000,2,39,25,321,321,39,2020-04-07,2,25,0.08,0.0844732914557999,2.2376266409167
Clinton,2020-04-08T00:00:00.000,1,40,25,346,346,40,2020-04-08,1,25,0.04,0.0793528204894651,1.11725533503197
Clinton,2020-04-09T00:00:00.000,3,43,17,363,363,43,2020-04-09,3,17,0.176470588235294,0.0747133183930926,3.34631045862237
Clinton,2020-04-10T00:00:00.000,0,43,23,386,386,43,2020-04-10,0,23,0,0.0705440286119201,0
Clinton,2020-04-11T00:00:00.000,0,43,25,411,411,43,2020-04-11,0,25,0,0.0668297606915402,0
Clinton,2020-04-12T00:00:00.000,1,44,9,420,420,44,2020-04-12,1,9,0.111111111111111,0.0635516740046689,1.1098963283
Clinton,2020-04-13T00:00:00.000,1,45,23,443,443,45,2020-04-13,1,23,0.0434782608695652,0.060688124634817,1.11028231167684
Clinton,2020-04-14T00:00:00.000,0,45,8,451,451,45,2020-04-14,0,8,0,0.05821545770481,0
Clinton,2020-04-15T00:00:00.000,1,46,17,468,468,46,2020-04-15,1,17,0.0588235294117647,0.0561086646757001,1.11876799837968
Clinton,2020-04-16T00:00:00.000,1,47,21,489,489,47,2020-04-16,1,21,0.0476190476190476,0.0543418578638567,1.12368042755149
Clinton,2020-04-17T00:00:00.000,1,48,16,505,505,48,2020-04-17,1,16,0.0625,0.0528885412757929,1.12893110354565
Clinton,2020-04-18T00:00:00.000,1,49,12,517,517,49,2020-04-18,1,12,0.0833333333333333,0.0517216778219537,1.1344016678896
Clinton,2020-04-19T00:00:00.000,2,51,10,527,527,51,2020-04-19,2,10,0.2,0.0508135691984101,2.27969829609479
Clinton,2020-04-20T00:00:00.000,0,51,17,544,544,51,2020-04-20,0,17,0,0.0501355776999939,0
Clinton,2020-04-21T00:00:00.000,0,51,4,548,548,51,2020-04-21,0,4,0,0.0496577306138762,0
Clinton,2020-04-22T00:00:00.000,1,52,11,559,559,52,2020-04-22,1,11,0.0909090909090909,0.0493482588222145,1.15569670155573
Clinton,2020-04-23T00:00:00.000,1,53,14,573,573,53,2020-04-23,1,14,0.0714285714285714,0.0491731324388835,1.16602485096546
Clinton,2020-04-24T00:00:00.000,1,54,39,612,612,54,2020-04-24,1,39,0.0256410256410256,0.0490956673934502,1.17652481176919
Clinton,2020-04-25T00:00:00.000,3,57,28,640,640,57,2020-04-25,3,28,0.107142857142857,0.0490762865684416,3.5611507505584
Clinton,2020-04-26T00:00:00.000,2,59,30,670,670,59,2020-04-26,2,30,0.0666666666666667,0.0490725250763605,2.39489118494024
Clinton,2020-04-27T00:00:00.000,0,59,15,685,685,59,2020-04-27,0,15,0,0.0490393684181607,0
Clinton,2020-04-28T00:00:00.000,0,59,23,708,708,59,2020-04-28,0,23,0,0.0489300011148782,0
Clinton,2020-04-29T00:00:00.000,0,59,40,748,748,59,2020-04-29,0,40,0,0.048697018827537,0
Clinton,2020-04-30T00:00:00.000,2,61,48,796,796,61,2020-04-30,2,48,0.0416666666666667,0.0482941170717983,2.45120345645601
Clinton,2020-05-01T00:00:00.000,1,62,35,831,831,62,2020-05-01,1,35,0.0285714285714286,0.0476782148138946,1.23051294949756
Clinton,2020-05-02T00:00:00.000,4,66,33,864,864,66,2020-05-02,4,33,0.121212121212121,0.0468119049890252,4.93762311355365
Clinton,2020-05-03T00:00:00.000,2,68,21,885,885,68,2020-05-03,2,21,0.0952380952380952,0.0456660534415601,2.47428694571969
Clinton,2020-05-04T00:00:00.000,1,69,27,912,912,69,2020-05-04,1,27,0.037037037037037,0.0442223034667445,1.2387939050413
Clinton,2020-05-05T00:00:00.000,0,69,25,937,937,69,2020-05-05,0,25,0,0.0424751979651172,0
Clinton,2020-05-06T00:00:00.000,0,69,22,959,959,69,2020-05-06,0,22,0,0.0404336185302347,0
Clinton,2020-05-07T00:00:00.000,5,74,72,1031,1031,74,2020-05-07,5,72,0.0694444444444444,0.0381212715583168,6.20136085745874
Clinton,2020-05-08T00:00:00.000,2,76,27,1058,1058,76,2020-05-08,2,27,0.0740740740740741,0.0355760309962872,2.48065281210422
Clinton,2020-05-09T00:00:00.000,0,76,33,1091,1091,76,2020-05-09,0,33,0,0.0328480721112711,0
Clinton,2020-05-10T00:00:00.000,0,76,53,1144,1144,76,2020-05-10,0,53,0,0.0299968864329318,0
Clinton,2020-05-11T00:00:00.000,1,77,38,1182,1182,77,2020-05-11,1,38,0.0263157894736842,0.0270874302642114,1.2215345188741
Clinton,2020-05-12T00:00:00.000,1,78,53,1235,1235,78,2020-05-12,1,53,0.0188679245283019,0.0241857968161563,1.21377783763044
Clinton,2020-05-13T00:00:00.000,3,81,123,1358,1358,81,2020-05-13,3,123,0.024390243902439,0.021354884585915,3.63298459115057
Clinton,2020-05-14T00:00:00.000,4,85,126,1484,1484,85,2020-05-14,4,126,0.0317460317460317,0.0186505406039129,4.80191648153047
Clinton,2020-05-15T00:00:00.000,6,91,150,1634,1634,91,2020-05-15,6,150,0.04,0.0161185817968933,7.14219497220567
Clinton,2020-05-16T00:00:00.000,1,92,88,1722,1722,92,2020-05-16,1,88,0.0113636363636364,0.0137929555604026,1.17827612682692
Clinton,2020-05-17T00:00:00.000,2,94,155,1877,1877,94,2020-05-17,2,155,0.0129032258064516,0.0116951226380297,2.33315598968671
Clinton,2020-05-18T00:00:00.000,0,94,59,1936,1936,94,2020-05-18,0,59,0,0.00983456990193402,0
Clinton,2020-05-19T00:00:00.000,0,94,58,1994,1994,94,2020-05-19,0,58,0,0.00821022234699995,0
Clinton,2020-05-20T00:00:00.000,0,94,204,2198,2198,94,2020-05-20,0,204,0,0.00681244441410949,0
Clinton,2020-05-21T00:00:00.000,0,94,131,2329,2329,94,2020-05-21,0,131,0,0.00562530556614323,0
Clinton,2020-05-22T00:00:00.000,1,95,135,2464,2464,95,2020-05-22,1,135,0.00740740740740741,0.00462882356484596,1.10963151460305
Clinton,2020-05-23T00:00:00.000,0,95,131,2595,2595,95,2020-05-23,0,131,0,0.00380097151140889,0
Clinton,2020-05-24T00:00:00.000,0,95,70,2665,2665,95,2020-05-24,0,70,0,0.00311931964817728,0
Clinton,2020-05-25T00:00:00.000,0,95,108,2773,2773,95,2020-05-25,0,108,0,0.00256226204757567,0
Clinton,2020-05-26T00:00:00.000,0,95,51,2824,2824,95,2020-05-26,0,51,0,0.0021098402302766,0
Clinton,2020-05-27T00:00:00.000,0,95,201,3025,3025,95,2020-05-27,0,201,0,0.00174421609812326,0
Clinton,2020-05-28T00:00:00.000,0,95,226,3251,3251,95,2020-05-28,0,226,0,0.00144986647051668,0
Clinton,2020-05-29T00:00:00.000,0,95,441,3692,3692,95,2020-05-29,0,441,0,0.00121357533534531,0
Clinton,2020-05-30T00:00:00.000,0,95,329,4021,4021,95,2020-05-30,0,329,0,0.00102429312016488,0
Clinton,2020-05-31T00:00:00.000,1,96,146,4167,4167,96,2020-05-31,1,146,0.00684931506849315,0.000872919917661879,1.00609537522296
Clinton,2020-06-01T00:00:00.000,1,97,147,4314,4314,97,2020-06-01,1,147,0.00680272108843537,0.000752055550172145,0.99747537770206
Clinton,2020-06-02T00:00:00.000,0,97,309,4623,4623,97,2020-06-02,0,309,0,0.000655746153943305,0
Clinton,2020-06-03T00:00:00.000,0,97,632,5255,5255,97,2020-06-03,0,632,0,0.000579245925196484,0
Clinton,2020-06-04T00:00:00.000,0,97,319,5574,5574,97,2020-06-04,0,319,0,0.000518804230382746,0
Clinton,2020-06-05T00:00:00.000,0,97,421,5995,5995,97,2020-06-05,0,421,0,0.000471482323817209,0
Clinton,2020-06-06T00:00:00.000,0,97,305,6300,6300,97,2020-06-06,0,305,0,0.000435000038936282,0
Clinton,2020-06-07T00:00:00.000,0,97,220,6520,6520,97,2020-06-07,0,220,0,0.000407610535862094,0
Clinton,2020-06-08T00:00:00.000,0,97,105,6625,6625,97,2020-06-08,0,105,0,0.000388000032092961,0
Clinton,2020-06-09T00:00:00.000,0,97,306,6931,6931,97,2020-06-09,0,306,0,0.000375209023970807,0
Clinton,2020-06-10T00:00:00.000,1,98,268,7199,7199,98,2020-06-10,1,268,0.00373134328358209,0.000368571523983209,0.956468385347334
Clinton,2020-06-11T00:00:00.000,0,98,350,7549,7549,98,2020-06-11,0,350,0,0.0003676690770012,0
Clinton,2020-06-12T00:00:00.000,0,98,285,7834,7834,98,2020-06-12,0,285,0,0.000372296630214805,0
Clinton,2020-06-13T00:00:00.000,0,98,187,8021,8021,98,2020-06-13,0,187,0,0.000382437621789071,0
Clinton,2020-06-14T00:00:00.000,0,98,137,8158,8158,98,2020-06-14,0,137,0,0.000398245864771954,0
Clinton,2020-06-15T00:00:00.000,1,99,225,8383,8383,99,2020-06-15,1,225,0.00444444444444444,0.000420031905548116,0.972682580796312
Clinton,2020-06-16T00:00:00.000,0,99,242,8625,8625,99,2020-06-16,0,242,0,0.00044825152183027,0
Clinton,2020-06-17T00:00:00.000,0,99,252,8877,8877,99,2020-06-17,0,252,0,0.000483493906686515,0
Clinton,2020-06-18T00:00:00.000,0,99,251,9128,9128,99,2020-06-18,0,251,0,0.00052646689807031,0
Clinton,2020-06-19T00:00:00.000,1,100,325,9453,9453,100,2020-06-19,1,325,0.00307692307692308,0.0005779764219263,1.00539090182393
Clinton,2020-06-20T00:00:00.000,0,100,112,9565,9565,100,2020-06-20,0,112,0,0.000638897216265549,0
Clinton,2020-06-21T00:00:00.000,0,100,192,9757,9757,100,2020-06-21,0,192,0,0.000710132021364401,0
Clinton,2020-06-22T00:00:00.000,0,100,167,9924,9924,100,2020-06-22,0,167,0,0.000792556907462338,0
Clinton,2020-06-23T00:00:00.000,0,100,184,10108,10108,100,2020-06-23,0,184,0,0.000886951418059674,0
Clinton,2020-06-24T00:00:00.000,1,101,312,10420,10420,101,2020-06-24,1,312,0.00320512820512821,0.000993913850768056,1.01234126305912
Clinton,2020-06-25T00:00:00.000,0,101,153,10573,10573,101,2020-06-25,0,153,0,0.00111376430781544,0
Clinton,2020-06-26T00:00:00.000,0,101,264,10837,10837,101,2020-06-26,0,264,0,0.00124644101107965,0
Clinton,2020-06-27T00:00:00.000,0,101,226,11063,11063,101,2020-06-27,0,226,0,0.00139139848605751,0
Clinton,2020-06-28T00:00:00.000,0,101,160,11223,11223,101,2020-06-28,0,160,0,0.00154751906699483,0
Clinton,2020-06-29T00:00:00.000,0,101,133,11356,11356,101,2020-06-29,0,133,0,0.00171305109092107,0
Clinton,2020-06-30T00:00:00.000,0,101,287,11643,11643,101,2020-06-30,0,287,0,0.00188558741491728,0
Clinton,2020-07-01T00:00:00.000,0,101,254,11897,11897,101,2020-07-01,0,254,0,0.00206209592244047,0
Clinton,2020-07-02T00:00:00.000,0,101,156,12053,12053,101,2020-07-02,0,156,0,0.00223900923243147,0
Clinton,2020-07-03T00:00:00.000,0,101,114,12167,12167,101,2020-07-03,0,114,0,0.00241237414990378,0
Clinton,2020-07-04T00:00:00.000,2,103,183,12350,12350,103,2020-07-04,2,183,0.0109289617486339,0.00257805334014852,2.12068687457227
Clinton,2020-07-05T00:00:00.000,0,103,140,12490,12490,103,2020-07-05,0,140,0,0.00273196360225336,0
Clinton,2020-07-06T00:00:00.000,2,105,295,12785,12785,105,2020-07-06,2,295,0.00677966101694915,0.00287032852852245,2.13655850209319
Clinton,2020-07-07T00:00:00.000,1,106,186,12971,12971,106,2020-07-07,1,186,0.00537634408602151,0.00298991970039227,1.07069537926823
Clinton,2020-07-08T00:00:00.000,1,107,339,13310,13310,107,2020-07-08,1,339,0.00294985250737463,0.00308826080921675,1.0720659768974
Clinton,2020-07-09T00:00:00.000,0,107,278,13588,13588,107,2020-07-09,0,278,0,0.00316377333862006,0
Clinton,2020-07-10T00:00:00.000,1,108,211,13799,13799,108,2020-07-10,1,211,0.004739336492891,0.00321584998931045,1.07175429160434
Clinton,2020-07-11T00:00:00.000,1,109,190,13989,13989,109,2020-07-11,1,190,0.00526315789473684,0.00324485146662328,1.07016030608613
Clinton,2020-07-12T00:00:00.000,0,109,178,14167,14167,109,2020-07-12,0,178,0,0.00325203184414959,0
Clinton,2020-07-13T00:00:00.000,1,110,280,14447,14447,110,2020-07-13,1,280,0.00357142857142857,0.003239405804582,1.06444156423682
Clinton,2020-07-14T00:00:00.000,1,111,215,14662,14662,111,2020-07-14,1,215,0.00465116279069767,0.00320957643061742,1.06049684411487
Clinton,2020-07-15T00:00:00.000,0,111,261,14923,14923,111,2020-07-15,0,261,0,0.00316554432763071,0
Clinton,2020-07-16T00:00:00.000,0,111,236,15159,15159,111,2020-07-16,0,236,0,0.00311051784894555,0
Clinton,2020-07-17T00:00:00.000,0,111,357,15516,15516,111,2020-07-17,0,357,0,0.00304774075057784,0
Clinton,2020-07-18T00:00:00.000,2,113,145,15661,15661,113,2020-07-18,2,145,0.0137931034482759,0.00298034871325445,2.08934843802785
Clinton,2020-07-19T00:00:00.000,0,113,134,15795,15795,113,2020-07-19,0,134,0,0.00291126086198318,0
Clinton,2020-07-20T00:00:00.000,1,114,339,16134,16134,114,2020-07-20,1,339,0.00294985250737463,0.00284310754409324,1.04719233590576
Clinton,2020-07-21T00:00:00.000,0,114,264,16398,16398,114,2020-07-21,0,264,0,0.00277819176394064,0
Clinton,2020-07-22T00:00:00.000,0,114,317,16715,16715,114,2020-07-22,0,317,0,0.00271847906842309,0
Clinton,2020-07-23T00:00:00.000,3,117,285,17000,17000,117,2020-07-23,3,285,0.0105263157894737,0.00266560931630356,3.14063558478527
Clinton,2020-07-24T00:00:00.000,2,119,334,17334,17334,119,2020-07-24,2,334,0.00598802395209581,0.0026209234460619,2.08689025977012
Clinton,2020-07-25T00:00:00.000,1,120,368,17702,17702,120,2020-07-25,1,368,0.00271739130434783,0.00258549879191713,1.03293510902145
Clinton,2020-07-26T00:00:00.000,0,120,183,17885,17885,120,2020-07-26,0,183,0,0.00256018738304433,0
Clinton,2020-07-27T00:00:00.000,3,123,395,18280,18280,123,2020-07-27,3,395,0.00759493670886076,0.00254565273949778,3.06891278059361
Clinton,2020-07-28T00:00:00.000,0,123,129,18409,18409,123,2020-07-28,0,129,0,0.00254240175707883,0
Clinton,2020-07-29T00:00:00.000,2,125,307,18716,18716,125,2020-07-29,2,307,0.00651465798045603,0.00255080924025336,2.07140233790977
Clinton,2020-07-30T00:00:00.000,1,126,158,18874,18874,126,2020-07-30,1,158,0.00632911392405063,0.0025711334488329,1.04176922899536
Clinton,2020-07-31T00:00:00.000,1,127,297,19171,19171,127,2020-07-31,1,297,0.00336700336700337,0.00260352167714963,1.04447069446278
Clinton,2020-08-01T00:00:00.000,0,127,381,19552,19552,127,2020-08-01,0,381,0,0.00264800542745027,0
Clinton,2020-08-02T00:00:00.000,0,127,184,19736,19736,127,2020-08-02,0,184,0,0.00270448523576128,0
Clinton,2020-08-03T00:00:00.000,0,127,309,20045,20045,127,2020-08-03,0,309,0,0.00277270572984592,0
Clinton,2020-08-04T00:00:00.000,0,127,164,20209,20209,127,2020-08-04,0,164,0,0.00285222211113782,0
Clinton,2020-08-05T00:00:00.000,0,127,116,20325,20325,127,2020-08-05,0,116,0,0.00294236000065031,0
Clinton,2020-08-06T00:00:00.000,0,127,134,20459,20459,127,2020-08-06,0,134,0,0.00304217148855199,0
Clinton,2020-08-07T00:00:00.000,0,127,338,20797,20797,127,2020-08-07,0,338,0,0.00315039124591633,0
Clinton,2020-08-08T00:00:00.000,0,127,226,21023,21023,127,2020-08-08,0,226,0,0.0032653976071622,0
Clinton,2020-08-09T00:00:00.000,1,128,252,21275,21275,128,2020-08-09,1,252,0.00396825396825397,0.00338518446298798,1.15410847191523
Clinton,2020-08-10T00:00:00.000,1,129,374,21649,21649,129,2020-08-10,1,374,0.00267379679144385,0.00350735040774056,1.15872219930801
Clinton,2020-08-11T00:00:00.000,0,129,139,21788,21788,129,2020-08-11,0,139,0,0.00362911162001265,0
Clinton,2020-08-12T00:00:00.000,0,129,230,22018,22018,129,2020-08-12,0,230,0,0.00374734418100305,0
Clinton,2020-08-13T00:00:00.000,1,130,151,22169,22169,130,2020-08-13,1,151,0.00662251655629139,0.00385865977252507,1.15957205698557
Clinton,2020-08-14T00:00:00.000,1,131,257,22426,22426,131,2020-08-14,1,257,0.00389105058365759,0.00395951589555776,1.15793603986732
Clinton,2020-08-15T00:00:00.000,1,132,287,22713,22713,132,2020-08-15,1,287,0.00348432055749129,0.0040463580432501,1.15970077858098
Clinton,2020-08-16T00:00:00.000,1,133,109,22822,22822,133,2020-08-16,1,109,0.00917431192660551,0.00411578700895893,1.15944165460333
Clinton,2020-08-17T00:00:00.000,1,134,363,23185,23185,134,2020-08-17,1,363,0.00275482093663912,0.00416474027413614,1.15714266464821
Clinton,2020-08-18T00:00:00.000,0,134,213,23398,23398,134,2020-08-18,0,213,0,0.00419067291215049,0
Clinton,2020-08-19T00:00:00.000,1,135,170,23568,23568,135,2020-08-19,1,170,0.00588235294117647,0.00419172138456325,1.14655107070765
Clinton,2020-08-20T00:00:00.000,1,136,265,23833,23833,136,2020-08-20,1,265,0.00377358490566038,0.00416683357652406,1.13841035212827
Clinton,2020-08-21T00:00:00.000,5,141,335,24168,24168,141,2020-08-21,5,335,0.0149253731343284,0.00411585069652069,5.642633949759
Clinton,2020-08-22T00:00:00.000,0,141,254,24422,24422,141,2020-08-22,0,254,0,0.00403953112772475,0
Clinton,2020-08-23T00:00:00.000,1,142,82,24504,24504,142,2020-08-23,1,82,0.0121951219512195,0.00393951240446545,1.10414418122151
Clinton,2020-08-24T00:00:00.000,4,146,400,24904,24904,146,2020-08-24,4,400,0.01,0.00381821430184568,4.3639717331453
Clinton,2020-08-25T00:00:00.000,1,147,157,25061,25061,147,2020-08-25,1,157,0.00636942675159236,0.00367869249433455,1.08333440402921
Clinton,2020-08-26T00:00:00.000,1,148,267,25328,25328,148,2020-08-26,1,267,0.00374531835205993,0.00352445734388844,1.07449891489058
Clinton,2020-08-27T00:00:00.000,1,149,193,25521,25521,149,2020-08-27,1,193,0.00518134715025907,0.00335927536644011,1.06455361135451
Clinton,2020-08-28T00:00:00.000,1,150,369,25890,25890,150,2020-08-28,1,369,0.002710027100271,0.00318697145781614,1.05021171351306
Clinton,2020-08-29T00:00:00.000,0,150,197,26087,26087,150,2020-08-29,0,197,0,0.00301124815522391,0
Clinton,2020-08-30T00:00:00.000,0,150,255,26342,26342,150,2020-08-30,0,255,0,0.00283553458235745,0
Clinton,2020-08-31T00:00:00.000,1,151,203,26545,26545,151,2020-08-31,1,203,0.00492610837438424,0.00266287303501054,1.04103642983886
Clinton,2020-09-01T00:00:00.000,0,151,249,26794,26794,151,2020-09-01,0,249,0,0.00249584624216067,0
Clinton,2020-09-02T00:00:00.000,1,152,171,26965,26965,152,2020-09-02,1,171,0.00584795321637427,0.00233654391016735,1.03206242513597
Clinton,2020-09-03T00:00:00.000,0,152,191,27156,27156,152,2020-09-03,0,191,0,0.00218656373737641,0
Clinton,2020-09-04T00:00:00.000,0,152,385,27541,27541,152,2020-09-04,0,385,0,0.00204703991744171,0
Clinton,2020-09-05T00:00:00.000,0,152,157,27698,27698,152,2020-09-05,0,157,0,0.00191869122823774,0
Clinton,2020-09-06T00:00:00.000,0,152,308,28006,28006,152,2020-09-06,0,308,0,0.0018018809394955,0
Clinton,2020-09-07T00:00:00.000,0,152,225,28231,28231,152,2020-09-07,0,225,0,0.00169668167254618,0
Clinton,2020-09-08T00:00:00.000,0,152,51,28282,28282,152,2020-09-08,0,51,0,0.00160293968789988,0
Clinton,2020-09-09T00:00:00.000,0,152,267,28549,28549,152,2020-09-09,0,267,0,0.00152033457440483,0
Clinton,2020-09-10T00:00:00.000,0,152,173,28722,28722,152,2020-09-10,0,173,0,0.00144843174807221,0
Clinton,2020-09-11T00:00:00.000,0,152,441,29163,29163,152,2020-09-11,0,441,0,0.00138672639846943,0
Clinton,2020-09-12T00:00:00.000,1,153,229,29392,29392,153,2020-09-12,1,229,0.00436681222707424,0.0013346784803779,0.996817328475977
Clinton,2020-09-13T00:00:00.000,0,153,225,29617,29617,153,2020-09-13,0,225,0,0.00129173902874834,0
Clinton,2020-09-14T00:00:00.000,1,154,330,29947,29947,154,2020-09-14,1,330,0.00303030303030303,0.00125736850597306,1.00183443644016
Clinton,2020-09-15T00:00:00.000,0,154,108,30055,30055,154,2020-09-15,0,108,0,0.0012310481234567,0
Clinton,2020-09-16T00:00:00.000,0,154,241,30296,30296,154,2020-09-16,0,241,0,0.0012122851733045,0
Clinton,2020-09-17T00:00:00.000,0,154,150,30446,30446,154,2020-09-17,0,150,0,0.00120061341640288,0
Clinton,2020-09-18T00:00:00.000,0,154,328,30774,30774,154,2020-09-18,0,328,0,0.00119558955019685,0
Clinton,2020-09-19T00:00:00.000,0,154,287,31061,31061,154,2020-09-19,0,287,0,0.00119678676032866,0
Clinton,2020-09-20T00:00:00.000,0,154,94,31155,31155,154,2020-09-20,0,94,0,0.00120378637130196,0
Clinton,2020-09-21T00:00:00.000,1,155,381,31536,31536,155,2020-09-21,1,381,0.0026246719160105,0.00121616866616144,1.02413591402782
Clinton,2020-09-22T00:00:00.000,1,156,226,31762,31762,156,2020-09-22,1,226,0.00442477876106195,0.00123350404348912,1.02705840835984
Clinton,2020-09-23T00:00:00.000,1,157,298,32060,32060,157,2020-09-23,1,298,0.00335570469798658,0.00125534580815807,1.0319693388699
Clinton,2020-09-24T00:00:00.000,1,158,433,32493,32493,158,2020-09-24,1,433,0.0023094688221709,0.00128122602477077,1.03774682381589
Clinton,2020-09-25T00:00:00.000,1,159,417,32910,32910,159,2020-09-25,1,417,0.00239808153477218,0.00131065596098216,1.04372885692966
Clinton,2020-09-26T00:00:00.000,1,160,412,33322,33322,160,2020-09-26,1,412,0.00242718446601942,0.0013431326708065,1.04987197830489
Clinton,2020-09-27T00:00:00.000,1,161,259,33581,33581,161,2020-09-27,1,259,0.00386100386100386,0.00137815317533137,1.06648164868905
Clinton,2020-09-28T00:00:00.000,1,162,296,33877,33877,162,2020-09-28,1,296,0.00337837837837838,0.00141523746790181,1.09426187385387
Clinton,2020-09-29T00:00:00.000,0,162,361,34238,34238,162,2020-09-29,0,361,0,0.00145396121094518,0
Clinton,2020-09-30T00:00:00.000,0,162,1234,35472,35472,162,2020-09-30,0,1234,0,0.00149399855989385,0
Columbia,2020-04-01T00:00:00.000,5,36,21,396,396,36,2020-04-01,36,396,0.0909090909090909,0.111320301818814,39.732400557061
Columbia,2020-04-02T00:00:00.000,6,42,22,418,418,42,2020-04-02,6,22,0.272727272727273,0.113957644837552,6.63266737368166
Columbia,2020-04-03T00:00:00.000,7,49,20,438,438,49,2020-04-03,7,20,0.35,0.116651489153396,7.81214775753814
Columbia,2020-04-04T00:00:00.000,2,51,15,453,453,51,2020-04-04,2,15,0.133333333333333,0.119405924511835,2.25957926894216
Columbia,2020-04-05T00:00:00.000,8,59,23,476,476,59,2020-04-05,8,23,0.347826086956522,0.122225875645421,9.14933785899708
Columbia,2020-04-06T00:00:00.000,2,61,15,491,491,61,2020-04-06,2,15,0.133333333333333,0.12511642147518,2.31425393972063
Columbia,2020-04-07T00:00:00.000,2,63,8,499,499,63,2020-04-07,2,8,0.25,0.128082054510141,2.3327301949658
Columbia,2020-04-08T00:00:00.000,7,70,27,526,526,70,2020-04-08,7,27,0.259259259259259,0.131125889518531,8.22362096643582
Columbia,2020-04-09T00:00:00.000,4,74,55,581,581,74,2020-04-09,4,55,0.0727272727272727,0.134248833462117,4.73103560882687
Columbia,2020-04-10T00:00:00.000,3,77,30,611,611,77,2020-04-10,3,30,0.1,0.137448731269793,3.57107503354926
Columbia,2020-04-11T00:00:00.000,2,79,35,646,646,79,2020-04-11,2,35,0.0571428571428571,0.140719506341704,2.39522625948151
Columbia,2020-04-12T00:00:00.000,1,80,27,673,673,80,2020-04-12,1,27,0.037037037037037,0.144050319272788,1.20453975382006
Columbia,2020-04-13T00:00:00.000,4,84,30,703,703,84,2020-04-13,4,30,0.133333333333333,0.14742477409177,4.85333296903412
Columbia,2020-04-14T00:00:00.000,12,96,55,758,758,96,2020-04-14,12,55,0.218181818181818,0.150820207969037,14.7068226248581
Columbia,2020-04-15T00:00:00.000,3,99,28,786,786,99,2020-04-15,3,28,0.107142857142857,0.154207106455587,3.71337436864078
Columbia,2020-04-16T00:00:00.000,2,101,20,806,806,101,2020-04-16,2,20,0.1,0.157548692723342,2.49977456108183
Columbia,2020-04-17T00:00:00.000,4,105,32,838,838,105,2020-04-17,4,32,0.125,0.160800742614781,5.04684626977578
Columbia,2020-04-18T00:00:00.000,2,107,34,872,872,107,2020-04-18,2,34,0.0588235294117647,0.163911679280357,2.54618867143358
Columbia,2020-04-19T00:00:00.000,4,111,17,889,889,111,2020-04-19,4,17,0.235294117647059,0.166822997694863,5.13493549367455
Columbia,2020-04-20T00:00:00.000,2,113,24,913,913,113,2020-04-20,2,24,0.0833333333333333,0.169470062594964,2.58586257448127
Columbia,2020-04-21T00:00:00.000,4,117,34,947,947,117,2020-04-21,4,34,0.117647058823529,0.171783310212767,5.20424101783093
Columbia,2020-04-22T00:00:00.000,6,123,35,982,982,123,2020-04-22,6,35,0.171428571428571,0.173689866885681,7.86403411785324
Columbia,2020-04-23T00:00:00.000,6,129,35,1017,1017,129,2020-04-23,6,35,0.171428571428571,0.175115575121261,7.94362523588903
Columbia,2020-04-24T00:00:00.000,11,140,105,1122,1122,140,2020-04-24,11,105,0.104761904761905,0.175987392274388,14.7040717901981
Columbia,2020-04-25T00:00:00.000,3,143,27,1149,1149,143,2020-04-25,3,27,0.111111111111111,0.176236099079938,4.04680871282339
Columbia,2020-04-26T00:00:00.000,3,146,22,1171,1171,146,2020-04-26,3,22,0.136363636363636,0.175799226812476,4.08126598874845
Columbia,2020-04-27T00:00:00.000,8,154,33,1204,1204,154,2020-04-27,8,33,0.242424242424242,0.174624084057448,10.956562542019
Columbia,2020-04-28T00:00:00.000,11,165,37,1241,1241,165,2020-04-28,11,37,0.297297297297297,0.172670738621405,15.1400810064083
Columbia,2020-04-29T00:00:00.000,5,170,61,1302,1302,170,2020-04-29,5,61,0.0819672131147541,0.169914787744219,6.91094754287968
Columbia,2020-04-30T00:00:00.000,32,202,76,1378,1378,202,2020-04-30,32,76,0.421052631578947,0.166349734090058,44.3825377411184
Columbia,2020-05-01T00:00:00.000,3,205,37,1415,1415,205,2020-05-01,3,37,0.0810810810810811,0.161988777182327,4.1718043945366
Columbia,2020-05-02T00:00:00.000,4,209,57,1472,1472,209,2020-05-02,4,57,0.0701754385964912,0.156865835266897,5.57230837459303
Columbia,2020-05-03T00:00:00.000,4,213,38,1510,1510,213,2020-05-03,4,38,0.105263157894737,0.151035634676119,5.57735969500733
Columbia,2020-05-04T00:00:00.000,16,229,79,1589,1589,229,2020-05-04,16,79,0.20253164556962,0.144572747252803,22.3132869187904
Columbia,2020-05-05T00:00:00.000,62,291,188,1777,1777,291,2020-05-05,62,188,0.329787234042553,0.137569522684105,86.5438863710398
Columbia,2020-05-06T00:00:00.000,11,302,58,1835,1835,302,2020-05-06,11,58,0.189655172413793,0.130132950725944,15.3460662005551
Columbia,2020-05-07T00:00:00.000,2,304,70,1905,1905,304,2020-05-07,2,70,0.0285714285714286,0.122380590704434,2.78741422278513
Columbia,2020-05-08T00:00:00.000,0,304,42,1947,1947,304,2020-05-08,0,42,0,0.114435809597037,0
Columbia,2020-05-09T00:00:00.000,8,312,264,2211,2211,312,2020-05-09,8,264,0.0303030303030303,0.106422659222329,11.1433568501519
Columbia,2020-05-10T00:00:00.000,2,314,41,2252,2252,314,2020-05-10,2,41,0.0487804878048781,0.098460779488543,2.7774849836994
Columbia,2020-05-11T00:00:00.000,0,314,55,2307,2307,314,2020-05-11,0,55,0,0.0906607243791089,0
Columbia,2020-05-12T00:00:00.000,4,318,85,2392,2392,318,2020-05-12,4,85,0.0470588235294118,0.0831200656863863,5.49305240790076
Columbia,2020-05-13T00:00:00.000,9,327,100,2492,2492,327,2020-05-13,9,100,0.09,0.0759205394538789,12.3728861357589
Columbia,2020-05-14T00:00:00.000,6,333,95,2587,2587,333,2020-05-14,6,95,0.0631578947368421,0.0691263786053274,8.21109542614982
Columbia,2020-05-15T00:00:00.000,5,338,71,2658,2658,338,2020-05-15,5,71,0.0704225352112676,0.0627838415890535,6.81871535633297
Columbia,2020-05-16T00:00:00.000,2,340,68,2726,2726,340,2020-05-16,2,68,0.0294117647058824,0.0569218252400894,2.71543381683465
Columbia,2020-05-17T00:00:00.000,6,346,86,2812,2812,346,2020-05-17,6,86,0.0697674418604651,0.0515533571599621,8.11877017466612
Columbia,2020-05-18T00:00:00.000,4,350,39,2851,2851,350,2020-05-18,4,39,0.102564102564103,0.0466777100855615,5.41073145106525
Columbia,2020-05-19T00:00:00.000,0,350,107,2958,2958,350,2020-05-19,0,107,0,0.042282868396249,0
Columbia,2020-05-20T00:00:00.000,5,355,128,3086,3086,355,2020-05-20,5,128,0.0390625,0.0383480989842185,6.73878225881009
Columbia,2020-05-21T00:00:00.000,1,356,78,3164,3164,356,2020-05-21,1,78,0.0128205128205128,0.0348464244521812,1.3469065654943
Columbia,2020-05-22T00:00:00.000,3,359,96,3260,3260,359,2020-05-22,3,96,0.03125,0.0317468533640203,4.03573873527119
Columbia,2020-05-23T00:00:00.000,6,365,94,3354,3354,365,2020-05-23,6,94,0.0638297872340425,0.0290162799305813,8.05715699916857
Columbia,2020-05-24T00:00:00.000,7,372,134,3488,3488,372,2020-05-24,7,134,0.0522388059701493,0.0266210161234411,9.3788229711369
Columbia,2020-05-25T00:00:00.000,1,373,145,3633,3633,373,2020-05-25,1,145,0.00689655172413793,0.0245279586045151,1.33624534704448
Columbia,2020-05-26T00:00:00.000,7,380,62,3695,3695,380,2020-05-26,7,62,0.112903225806452,0.0227054201241646,9.34163172155757
Columbia,2020-05-27T00:00:00.000,0,380,145,3840,3840,380,2020-05-27,0,145,0,0.0211236707468341,0
Columbia,2020-05-28T00:00:00.000,2,382,159,3999,3999,382,2020-05-28,2,159,0.0125786163522013,0.0197552409681574,2.66375671770495
Columbia,2020-05-29T00:00:00.000,1,383,125,4124,4124,383,2020-05-29,1,125,0.008,0.0185750386900362,1.3400665046673
Columbia,2020-05-30T00:00:00.000,4,387,211,4335,4335,387,2020-05-30,4,211,0.018957345971564,0.0175603278736926,5.38667275664794
Columbia,2020-05-31T00:00:00.000,2,389,94,4429,4429,389,2020-05-31,2,94,0.0212765957446809,0.0166906103067137,2.70283123866573
Columbia,2020-06-01T00:00:00.000,2,391,167,4596,4596,391,2020-06-01,2,167,0.0119760479041916,0.0159474448368556,2.70754883488534
Columbia,2020-06-02T00:00:00.000,8,399,393,4989,4989,399,2020-06-02,8,393,0.0203562340966921,0.0153142317066523,10.8242002888555
Columbia,2020-06-03T00:00:00.000,1,400,276,5265,5265,400,2020-06-03,1,276,0.0036231884057971,0.0147759836502666,1.3500571859467
Columbia,2020-06-04T00:00:00.000,11,411,269,5534,5534,411,2020-06-04,11,269,0.0408921933085502,0.0143191005185253,14.794545335859
Columbia,2020-06-05T00:00:00.000,1,412,225,5759,5759,412,2020-06-05,1,225,0.00444444444444444,0.0139311603385445,1.34142293106127
Columbia,2020-06-06T00:00:00.000,2,414,211,5970,5970,414,2020-06-06,2,211,0.00947867298578199,0.0136007366054303,2.70237945674337
Columbia,2020-06-07T00:00:00.000,0,414,144,6114,6114,414,2020-06-07,0,144,0,0.0133172491767577,0
Columbia,2020-06-08T00:00:00.000,0,414,145,6259,6259,414,2020-06-08,0,145,0,0.0130708539249837,0
Columbia,2020-06-09T00:00:00.000,6,420,310,6569,6569,420,2020-06-09,6,310,0.0193548387096774,0.0128523741467343,8.1685117640547
Columbia,2020-06-10T00:00:00.000,4,424,233,6802,6802,424,2020-06-10,4,233,0.0171673819742489,0.0126532744023301,5.44877313197816
Columbia,2020-06-11T00:00:00.000,4,428,412,7214,7214,428,2020-06-11,4,412,0.00970873786407767,0.0124656748494502,5.44595236403031
Columbia,2020-06-12T00:00:00.000,3,431,176,7390,7390,431,2020-06-12,3,176,0.0170454545454545,0.0122824012658438,4.07566878802684
Columbia,2020-06-13T00:00:00.000,5,436,198,7588,7588,436,2020-06-13,5,198,0.0252525252525253,0.0120970630178997,6.77156434252029
Columbia,2020-06-14T00:00:00.000,3,439,95,7683,7683,439,2020-06-14,3,95,0.0315789473684211,0.0119041484926332,4.05095097265469
Columbia,2020-06-15T00:00:00.000,3,442,198,7881,7881,442,2020-06-15,3,198,0.0151515151515152,0.0116991253290103,4.06986032175613
Columbia,2020-06-16T00:00:00.000,0,442,134,8015,8015,442,2020-06-16,0,134,0,0.0114785316314762,0
Columbia,2020-06-17T00:00:00.000,1,443,189,8204,8204,443,2020-06-17,1,189,0.00529100529100529,0.0112400444510426,1.3614446483171
Columbia,2020-06-18T00:00:00.000,3,446,454,8658,8658,446,2020-06-18,3,454,0.0066079295154185,0.0109825135047413,4.06740601504372
Columbia,2020-06-19T00:00:00.000,5,451,335,8993,8993,451,2020-06-19,5,335,0.0149253731343284,0.0107059511718823,6.7309516164743
Columbia,2020-06-20T00:00:00.000,0,451,182,9175,9175,451,2020-06-20,0,182,0,0.0104114741733717,0
Columbia,2020-06-21T00:00:00.000,1,452,146,9321,9321,452,2020-06-21,1,146,0.00684931506849315,0.0101011973162688,1.31632637213404
Columbia,2020-06-22T00:00:00.000,2,454,106,9427,9427,454,2020-06-22,2,106,0.0188679245283019,0.00977808475183153,2.59903325493362
Columbia,2020-06-23T00:00:00.000,0,454,174,9601,9601,454,2020-06-23,0,174,0,0.00944576861014027,0
Columbia,2020-06-24T00:00:00.000,1,455,300,9901,9901,455,2020-06-24,1,300,0.00333333333333333,0.00910834801158513,1.26338590208082
Columbia,2020-06-25T00:00:00.000,5,460,447,10348,10348,460,2020-06-25,5,447,0.0111856823266219,0.00877018301699695,6.22282801469461
Columbia,2020-06-26T00:00:00.000,1,461,179,10527,10527,461,2020-06-26,1,179,0.00558659217877095,0.00843569781053973,1.22556327360924
Columbia,2020-06-27T00:00:00.000,2,463,165,10692,10692,463,2020-06-27,2,165,0.0121212121212121,0.00810920561902911,2.42287034249548
Columbia,2020-06-28T00:00:00.000,0,463,96,10788,10788,463,2020-06-28,0,96,0,0.00779476481794452,0
Columbia,2020-06-29T00:00:00.000,1,464,221,11009,11009,464,2020-06-29,1,221,0.00452488687782805,0.0074960719745684,1.18775027185225
Columbia,2020-06-30T00:00:00.000,2,466,136,11145,11145,466,2020-06-30,2,136,0.0147058823529412,0.00721639374654244,2.35111119746693
Columbia,2020-07-01T00:00:00.000,6,472,289,11434,11434,472,2020-07-01,6,289,0.0207612456747405,0.00695853609697517,6.95805768704674
Columbia,2020-07-02T00:00:00.000,2,474,234,11668,11668,474,2020-07-02,2,234,0.00854700854700855,0.00672484652564367,2.31669962532112
Columbia,2020-07-03T00:00:00.000,0,474,150,11818,11818,474,2020-07-03,0,150,0,0.00651724317099124,0
Columbia,2020-07-04T00:00:00.000,1,475,220,12038,12038,475,2020-07-04,1,220,0.00454545454545455,0.00633726367424473,1.16013235926333
Columbia,2020-07-05T00:00:00.000,2,477,247,12285,12285,477,2020-07-05,2,247,0.00809716599190283,0.00618612651576813,2.31100550245984
Columbia,2020-07-06T00:00:00.000,2,479,312,12597,12597,479,2020-07-06,2,312,0.00641025641025641,0.00606479796180622,2.30251920857266
Columbia,2020-07-07T00:00:00.000,3,482,291,12888,12888,482,2020-07-07,3,291,0.0103092783505155,0.00597405852877466,3.44229572881188
Columbia,2020-07-08T00:00:00.000,0,482,191,13079,13079,482,2020-07-08,0,191,0,0.00591456379809134,0
Columbia,2020-07-09T00:00:00.000,0,482,212,13291,13291,482,2020-07-09,0,212,0,0.00588689532252596,0
Columbia,2020-07-10T00:00:00.000,3,485,172,13463,13463,485,2020-07-10,3,172,0.0174418604651163,0.00589159814004641,3.41593988647201
Columbia,2020-07-11T00:00:00.000,1,486,189,13652,13652,486,2020-07-11,1,189,0.00529100529100529,0.0059292019865696,1.13665582173215
Columbia,2020-07-12T00:00:00.000,1,487,197,13849,13849,487,2020-07-12,1,197,0.0050761421319797,0.00600022370583452,1.13513724783113
Columbia,2020-07-13T00:00:00.000,2,489,289,14138,14138,489,2020-07-13,2,289,0.0069204152249135,0.00610514863487856,2.26816637964264
Columbia,2020-07-14T00:00:00.000,0,489,226,14364,14364,489,2020-07-14,0,226,0,0.00624438899814294,0
Columbia,2020-07-15T00:00:00.000,0,489,200,14564,14564,489,2020-07-15,0,200,0,0.00641821772286153,0
Columbia,2020-07-16T00:00:00.000,1,490,201,14765,14765,490,2020-07-16,1,201,0.00497512437810945,0.00662667674080076,1.1335322457877
Columbia,2020-07-17T00:00:00.000,1,491,307,15072,15072,491,2020-07-17,1,307,0.00325732899022801,0.00686945995153525,1.13434593017429
Columbia,2020-07-18T00:00:00.000,1,492,99,15171,15171,492,2020-07-18,1,99,0.0101010101010101,0.00714577273556922,1.14014237974952
Columbia,2020-07-19T00:00:00.000,0,492,99,15270,15270,492,2020-07-19,0,99,0,0.00745417233107805,0
Columbia,2020-07-20T00:00:00.000,3,495,222,15492,15492,495,2020-07-20,3,222,0.0135135135135135,0.0077923965514505,3.47484538796499
Columbia,2020-07-21T00:00:00.000,2,497,197,15689,15689,497,2020-07-21,2,197,0.0101522842639594,0.00815719206848236,2.33363661794544
Columbia,2020-07-22T00:00:00.000,0,497,309,15998,15998,497,2020-07-22,0,309,0,0.00854415751666329,0
Columbia,2020-07-23T00:00:00.000,1,498,324,16322,16322,498,2020-07-23,1,324,0.00308641975308642,0.00894762042619137,1.18164602368174
Columbia,2020-07-24T00:00:00.000,2,500,284,16606,16606,500,2020-07-24,2,284,0.00704225352112676,0.00936056971854447,2.37019679590824
Columbia,2020-07-25T00:00:00.000,0,500,116,16722,16722,500,2020-07-25,0,116,0,0.00977466627913347,0
Columbia,2020-07-26T00:00:00.000,3,503,139,16861,16861,503,2020-07-26,3,139,0.0215827338129496,0.0101803521214171,3.51845254213304
Columbia,2020-07-27T00:00:00.000,1,504,232,17093,17093,504,2020-07-27,1,232,0.00431034482758621,0.0105670730804588,1.17944813017295
Columbia,2020-07-28T00:00:00.000,6,510,119,17212,17212,510,2020-07-28,6,119,0.0504201680672269,0.010923620732847,7.14850550950013
Columbia,2020-07-29T00:00:00.000,3,513,221,17433,17433,513,2020-07-29,3,221,0.0135746606334842,0.011238586643984,3.6037868214714
Columbia,2020-07-30T00:00:00.000,3,516,253,17686,17686,516,2020-07-30,3,253,0.0118577075098814,0.0115009074073758,3.6303920625841
Columbia,2020-07-31T00:00:00.000,3,519,258,17944,17944,519,2020-07-31,3,258,0.0116279069767442,0.0117004642336047,3.64151164753263
Columbia,2020-08-01T00:00:00.000,3,522,73,18017,18017,522,2020-08-01,3,73,0.0410958904109589,0.011828688504961,3.64616763979736
Columbia,2020-08-02T00:00:00.000,1,523,73,18090,18090,523,2020-08-02,1,73,0.0136986301369863,0.0118791172885133,1.21991605859545
Columbia,2020-08-03T00:00:00.000,6,529,268,18358,18358,529,2020-08-03,6,268,0.0223880597014925,0.0118478422917185,7.35741255091537
Columbia,2020-08-04T00:00:00.000,2,531,264,18622,18622,531,2020-08-04,2,264,0.00757575757575758,0.0117338030511105,2.4847460335224
Columbia,2020-08-05T00:00:00.000,3,534,235,18857,18857,534,2020-08-05,3,235,0.0127659574468085,0.0115388899264186,3.77158094744896
Columbia,2020-08-06T00:00:00.000,1,535,194,19051,19051,535,2020-08-06,1,194,0.00515463917525773,0.0112678427420983,1.27036407922635
Columbia,2020-08-07T00:00:00.000,4,539,158,19209,19209,539,2020-08-07,4,158,0.0253164556962025,0.0109279537149746,5.11670275734222
Columbia,2020-08-08T00:00:00.000,1,540,166,19375,19375,540,2020-08-08,1,166,0.00602409638554217,0.0105286050174258,1.28512254713093
Columbia,2020-08-09T00:00:00.000,1,541,120,19495,19495,541,2020-08-09,1,120,0.00833333333333333,0.0100806885086352,1.28717446219911
Columbia,2020-08-10T00:00:00.000,5,546,415,19910,19910,546,2020-08-10,5,415,0.0120481927710843,0.00959596535782729,6.40708201414706
Columbia,2020-08-11T00:00:00.000,2,548,247,20157,20157,548,2020-08-11,2,247,0.00809716599190283,0.00908642526771412,2.54462288261525
Columbia,2020-08-12T00:00:00.000,2,550,222,20379,20379,550,2020-08-12,2,222,0.00900900900900901,0.00856369919052764,2.52209319561464
Columbia,2020-08-13T00:00:00.000,1,551,304,20683,20683,551,2020-08-13,1,304,0.00328947368421053,0.00803856752571834,1.24787751381372
Columbia,2020-08-14T00:00:00.000,0,551,214,20897,20897,551,2020-08-14,0,214,0,0.0075205902612938,0
Columbia,2020-08-15T00:00:00.000,1,552,221,21118,21118,552,2020-08-15,1,221,0.00452488687782805,0.00701786925259926,1.22534968967132
Columbia,2020-08-16T00:00:00.000,0,552,103,21221,21221,552,2020-08-16,0,103,0,0.00653693814954016,0
Columbia,2020-08-17T00:00:00.000,6,558,505,21726,21726,558,2020-08-17,6,505,0.0118811881188119,0.00608276420151053,7.21089983426327
Columbia,2020-08-18T00:00:00.000,1,559,398,22124,22124,559,2020-08-18,1,398,0.00251256281407035,0.0056588390411788,1.18797737249759
Columbia,2020-08-19T00:00:00.000,1,560,228,22352,22352,560,2020-08-19,1,228,0.0043859649122807,0.00526733259400389,1.17304112368623
Columbia,2020-08-20T00:00:00.000,1,561,296,22648,22648,561,2020-08-20,1,296,0.00337837837837838,0.00490928481037266,1.15723095901888
Columbia,2020-08-21T00:00:00.000,0,561,315,22963,22963,561,2020-08-21,0,315,0,0.00458481300162103,0
Columbia,2020-08-22T00:00:00.000,1,562,203,23166,23166,562,2020-08-22,1,203,0.00492610837438424,0.00429331705133174,1.12387562687303
Columbia,2020-08-23T00:00:00.000,0,562,141,23307,23307,562,2020-08-23,0,141,0,0.00403366978208358,0
Columbia,2020-08-24T00:00:00.000,2,564,317,23624,23624,564,2020-08-24,2,317,0.00630914826498423,0.00380438447624789,2.18119424566607
Columbia,2020-08-25T00:00:00.000,0,564,109,23733,23733,564,2020-08-25,0,109,0,0.0036037555928719,0
Columbia,2020-08-26T00:00:00.000,4,568,279,24012,24012,568,2020-08-26,4,279,0.014336917562724,0.00342997183567189,4.28633195648203
Columbia,2020-08-27T00:00:00.000,0,568,295,24307,24307,568,2020-08-27,0,295,0,0.00328120290264588,0
Columbia,2020-08-28T00:00:00.000,1,569,304,24611,24611,569,2020-08-28,1,304,0.00328947368421053,0.00315566258970743,1.04917539386891
Columbia,2020-08-29T00:00:00.000,0,569,280,24891,24891,569,2020-08-29,0,280,0,0.00305165159069914,0
Columbia,2020-08-30T00:00:00.000,0,569,261,25152,25152,569,2020-08-30,0,261,0,0.00296758350348791,0
Columbia,2020-08-31T00:00:00.000,0,569,233,25385,25385,569,2020-08-31,0,233,0,0.00290199741793089,0
Columbia,2020-09-01T00:00:00.000,1,570,347,25732,25732,570,2020-09-01,1,347,0.00288184438040346,0.00285356012146651,1.05062063197872
Columbia,2020-09-02T00:00:00.000,0,570,245,25977,25977,570,2020-09-02,0,245,0,0.00282106056149356,0
Columbia,2020-09-03T00:00:00.000,4,574,206,26183,26183,574,2020-09-03,4,206,0.0194174757281553,0.00280339879581647,4.2129079364489
Columbia,2020-09-04T00:00:00.000,1,575,198,26381,26381,575,2020-09-04,1,198,0.00505050505050505,0.00279957129477517,1.05518908396091
Columbia,2020-09-05T00:00:00.000,0,575,190,26571,26571,575,2020-09-05,0,190,0,0.0028086541565973,0
Columbia,2020-09-06T00:00:00.000,1,576,116,26687,26687,576,2020-09-06,1,116,0.00862068965517241,0.00282978556597798,1.06027738926212
Columbia,2020-09-07T00:00:00.000,0,576,237,26924,26924,576,2020-09-07,0,237,0,0.00286214864075324,0
Columbia,2020-09-08T00:00:00.000,0,576,223,27147,27147,576,2020-09-08,0,223,0,0.00290495567985119,0
Columbia,2020-09-09T00:00:00.000,0,576,213,27360,27360,576,2020-09-09,0,213,0,0.00295743471099748,0
Columbia,2020-09-10T00:00:00.000,1,577,222,27582,27582,577,2020-09-10,1,222,0.0045045045045045,0.00301881911107591,1.07540802636682
Columbia,2020-09-11T00:00:00.000,0,577,182,27764,27764,577,2020-09-11,0,182,0,0.00308834093883502,0
Columbia,2020-09-12T00:00:00.000,0,577,263,28027,28027,577,2020-09-12,0,263,0,0.003165228436906,0
Columbia,2020-09-13T00:00:00.000,0,577,133,28160,28160,577,2020-09-13,0,133,0,0.00324870793492764,0
Columbia,2020-09-14T00:00:00.000,0,577,285,28445,28445,577,2020-09-14,0,285,0,0.00333801012008577,0
Columbia,2020-09-15T00:00:00.000,0,577,162,28607,28607,577,2020-09-15,0,162,0,0.00343238034474617,0
Columbia,2020-09-16T00:00:00.000,2,579,196,28803,28803,579,2020-09-16,2,196,0.0102040816326531,0.00353109232382061,2.24396760440981
Columbia,2020-09-17T00:00:00.000,1,580,153,28956,28956,580,2020-09-17,1,153,0.0065359477124183,0.00363346429676396,1.12993229523037
Columbia,2020-09-18T00:00:00.000,0,580,195,29151,29151,580,2020-09-18,0,195,0,0.00373887647769418,0
Columbia,2020-09-19T00:00:00.000,1,581,318,29469,29469,581,2020-09-19,1,318,0.00314465408805031,0.00384678845151125,1.14403128639664
Columbia,2020-09-20T00:00:00.000,1,582,230,29699,29699,582,2020-09-20,1,230,0.00434782608695652,0.00395675510877372,1.15012648009273
Columbia,2020-09-21T00:00:00.000,0,582,233,29932,29932,582,2020-09-21,0,233,0,0.00406843973637272,0
Columbia,2020-09-22T00:00:00.000,3,585,130,30062,30062,585,2020-09-22,3,130,0.0230769230769231,0.00418162300539702,3.48126294189056
Columbia,2020-09-23T00:00:00.000,1,586,227,30289,30289,586,2020-09-23,1,227,0.00440528634361234,0.00429620681426753,1.16707555955248
Columbia,2020-09-24T00:00:00.000,2,588,272,30561,30561,588,2020-09-24,2,272,0.00735294117647059,0.00441221217278505,2.34868336690118
Columbia,2020-09-25T00:00:00.000,3,591,220,30781,30781,591,2020-09-25,3,220,0.0136363636363636,0.00452977058817073,3.54460377560134
Columbia,2020-09-26T00:00:00.000,0,591,342,31123,31123,591,2020-09-26,0,342,0,0.00464910862816908,0
Columbia,2020-09-27T00:00:00.000,0,591,180,31303,31303,591,2020-09-27,0,180,0,0.00477052551236407,0
Columbia,2020-09-28T00:00:00.000,1,592,268,31571,31571,592,2020-09-28,1,268,0.00373134328358209,0.00489436365752889,1.23881929082951
Columbia,2020-09-29T00:00:00.000,3,595,236,31807,31807,595,2020-09-29,3,236,0.0127118644067797,0.00502097210836159,3.80819089409944
Columbia,2020-09-30T00:00:00.000,0,595,283,32090,32090,595,2020-09-30,0,283,0,0.00515066267510918,0
Cortland,2020-04-01T00:00:00.000,0,8,42,392,392,8,2020-04-01,8,392,0.0204081632653061,0.0274678698832281,7.67639567293309
Cortland,2020-04-02T00:00:00.000,2,10,54,446,446,10,2020-04-02,2,54,0.037037037037037,0.0274375519646236,1.91746370850956
Cortland,2020-04-03T00:00:00.000,0,10,32,478,478,10,2020-04-03,0,32,0,0.0274054673609063,0
Cortland,2020-04-04T00:00:00.000,0,10,38,516,516,10,2020-04-04,0,38,0,0.0273687643807279,0
Cortland,2020-04-05T00:00:00.000,3,13,42,558,558,13,2020-04-05,3,42,0.0714285714285714,0.0273235267002479,2.95364497606531
Cortland,2020-04-06T00:00:00.000,3,16,25,583,583,16,2020-04-06,3,25,0.12,0.0272650154777484,2.98079023080888
Cortland,2020-04-07T00:00:00.000,0,16,18,601,601,16,2020-04-07,0,18,0,0.0271879051368592,0
Cortland,2020-04-08T00:00:00.000,0,16,41,642,642,16,2020-04-08,0,41,0,0.0270865152180433,0
Cortland,2020-04-09T00:00:00.000,1,17,25,667,667,17,2020-04-09,1,25,0.04,0.0269550392270462,1.00732397427591
Cortland,2020-04-10T00:00:00.000,0,17,20,687,687,17,2020-04-10,0,20,0,0.0267877696315058,0
Cortland,2020-04-11T00:00:00.000,1,18,18,705,705,18,2020-04-11,1,18,0.0555555555555556,0.0265793163627912,1.01376081175876
Cortland,2020-04-12T00:00:00.000,2,20,18,723,723,20,2020-04-12,2,18,0.111111111111111,0.0263248145255966,2.03252662290693
Cortland,2020-04-13T00:00:00.000,2,22,38,761,761,22,2020-04-13,2,38,0.0526315789473684,0.0260201157200532,2.04025272822736
Cortland,2020-04-14T00:00:00.000,1,23,6,767,767,23,2020-04-14,1,6,0.166666666666667,0.0256619565863797,1.02664579233274
Cortland,2020-04-15T00:00:00.000,1,24,17,784,784,24,2020-04-15,1,17,0.0588235294117647,0.025248097974831,1.03290387935731
Cortland,2020-04-16T00:00:00.000,1,25,13,797,797,25,2020-04-16,1,13,0.0769230769230769,0.024777428622274,1.03880729662512
Cortland,2020-04-17T00:00:00.000,0,25,19,816,816,25,2020-04-17,0,19,0,0.02425002830556,0
Cortland,2020-04-18T00:00:00.000,0,25,11,827,827,25,2020-04-18,0,11,0,0.0236671871412894,0
Cortland,2020-04-19T00:00:00.000,0,25,12,839,839,25,2020-04-19,0,12,0,0.0230313797949128,0
Cortland,2020-04-20T00:00:00.000,0,25,2,841,841,25,2020-04-20,0,2,0,0.0223461957435876,0
Cortland,2020-04-21T00:00:00.000,0,25,5,846,846,25,2020-04-21,0,5,0,0.0216162291244774,0
Cortland,2020-04-22T00:00:00.000,0,25,30,876,876,25,2020-04-22,0,30,0,0.0208469339291233,0
Cortland,2020-04-23T00:00:00.000,0,25,30,906,906,25,2020-04-23,0,30,0,0.0200444521346406,0
Cortland,2020-04-24T00:00:00.000,3,28,109,1015,1015,28,2020-04-24,3,109,0.0275229357798165,0.0192154236625737,3.21353492921347
Cortland,2020-04-25T00:00:00.000,0,28,26,1041,1041,28,2020-04-25,0,26,0,0.0183667877051209,0
Cortland,2020-04-26T00:00:00.000,0,28,16,1057,1057,28,2020-04-26,0,16,0,0.0175055849331266,0
Cortland,2020-04-27T00:00:00.000,0,28,7,1064,1064,28,2020-04-27,0,7,0,0.0166387694314962,0
Cortland,2020-04-28T00:00:00.000,0,28,22,1086,1086,28,2020-04-28,0,22,0,0.0157730379941024,0
Cortland,2020-04-29T00:00:00.000,0,28,26,1112,1112,28,2020-04-29,0,26,0,0.0149146827792104,0
Cortland,2020-04-30T00:00:00.000,0,28,31,1143,1143,28,2020-04-30,0,31,0,0.0140694714689662,0
Cortland,2020-05-01T00:00:00.000,0,28,30,1173,1173,28,2020-05-01,0,30,0,0.0132425571365165,0
Cortland,2020-05-02T00:00:00.000,0,28,16,1189,1189,28,2020-05-02,0,16,0,0.0124384181828485,0
Cortland,2020-05-03T00:00:00.000,0,28,42,1231,1231,28,2020-05-03,0,42,0,0.0116608270793127,0
Cortland,2020-05-04T00:00:00.000,0,28,12,1243,1243,28,2020-05-04,0,12,0,0.0109128453405363,0
Cortland,2020-05-05T00:00:00.000,0,28,33,1276,1276,28,2020-05-05,0,33,0,0.0101968411971777,0
Cortland,2020-05-06T00:00:00.000,1,29,27,1303,1303,29,2020-05-06,1,27,0.037037037037037,0.00951452585887577,1.07400021803241
Cortland,2020-05-07T00:00:00.000,0,29,38,1341,1341,29,2020-05-07,0,38,0,0.00886700402450384,0
Cortland,2020-05-08T00:00:00.000,0,29,96,1437,1437,29,2020-05-08,0,96,0,0.00825483436040782,0
Cortland,2020-05-09T00:00:00.000,0,29,29,1466,1466,29,2020-05-09,0,29,0,0.00767809597128975,0
Cortland,2020-05-10T00:00:00.000,0,29,27,1493,1493,29,2020-05-10,0,27,0,0.00713645735704112,0
Cortland,2020-05-11T00:00:00.000,1,30,33,1526,1526,30,2020-05-11,1,33,0.0303030303030303,0.00662924491439288,1.06114655831332
Cortland,2020-05-12T00:00:00.000,1,31,40,1566,1566,31,2020-05-12,1,40,0.025,0.00615550865643581,1.05854556780655
Cortland,2020-05-13T00:00:00.000,2,33,50,1616,1616,33,2020-05-13,2,50,0.04,0.0057140834178584,2.12283984973678
Cortland,2020-05-14T00:00:00.000,0,33,95,1711,1711,33,2020-05-14,0,95,0,0.00530364437677735,0
Cortland,2020-05-15T00:00:00.000,1,34,221,1932,1932,34,2020-05-15,1,221,0.00452488687782805,0.00492275620943499,1.05722786557466
Cortland,2020-05-16T00:00:00.000,0,34,140,2072,2072,34,2020-05-16,0,140,0,0.00456991560836858,0
Cortland,2020-05-17T00:00:00.000,1,35,99,2171,2171,35,2020-05-17,1,99,0.0101010101010101,0.00424358721833843,1.05411165521287
Cortland,2020-05-18T00:00:00.000,1,36,62,2233,2233,36,2020-05-18,1,62,0.0161290322580645,0.0039422332928985,1.05647510051041
Cortland,2020-05-19T00:00:00.000,0,36,77,2310,2310,36,2020-05-19,0,77,0,0.00366433754723421,0
Cortland,2020-05-20T00:00:00.000,0,36,144,2454,2454,36,2020-05-20,0,144,0,0.00340842379253236,0
Cortland,2020-05-21T00:00:00.000,1,37,86,2540,2540,37,2020-05-21,1,86,0.0116279069767442,0.00317306999732786,1.05991152114918
Cortland,2020-05-22T00:00:00.000,1,38,223,2763,2763,38,2020-05-22,1,223,0.00448430493273543,0.00295691843692008,1.06100066087784
Cortland,2020-05-23T00:00:00.000,1,39,147,2910,2910,39,2020-05-23,1,147,0.00680272108843537,0.00275868257957562,1.06129611847599
Cortland,2020-05-24T00:00:00.000,0,39,221,3131,3131,39,2020-05-24,0,221,0,0.00257715132287945,0
Cortland,2020-05-25T00:00:00.000,0,39,64,3195,3195,39,2020-05-25,0,64,0,0.00241119114264889,0
Cortland,2020-05-26T00:00:00.000,0,39,82,3277,3277,39,2020-05-26,0,82,0,0.00225974665981688,0
Cortland,2020-05-27T00:00:00.000,0,39,34,3311,3311,39,2020-05-27,0,34,0,0.00212184006731768,0
Cortland,2020-05-28T00:00:00.000,0,39,207,3518,3518,39,2020-05-28,0,207,0,0.00199656979822296,0
Cortland,2020-05-29T00:00:00.000,2,41,188,3706,3706,41,2020-05-29,2,188,0.0106382978723404,0.00188310875597277,2.13182187982529
Cortland,2020-05-30T00:00:00.000,0,41,261,3967,3967,41,2020-05-30,0,261,0,0.0017807023737147,0
Cortland,2020-05-31T00:00:00.000,0,41,84,4051,4051,41,2020-05-31,0,84,0,0.00168866672111722,0
Cortland,2020-06-01T00:00:00.000,0,41,128,4179,4179,41,2020-06-01,0,128,0,0.00160638683507753,0
Cortland,2020-06-02T00:00:00.000,0,41,92,4271,4271,41,2020-06-02,0,92,0,0.0015333154173188,0
Cortland,2020-06-03T00:00:00.000,0,41,130,4401,4401,41,2020-06-03,0,130,0,0.0014689720148334,0
Cortland,2020-06-04T00:00:00.000,0,41,343,4744,4744,41,2020-06-04,0,343,0,0.00141294278006445,0
Cortland,2020-06-05T00:00:00.000,0,41,294,5038,5038,41,2020-06-05,0,294,0,0.00136488089594088,0
Cortland,2020-06-06T00:00:00.000,0,41,201,5239,5239,41,2020-06-06,0,201,0,0.00132450774415772,0
Cortland,2020-06-07T00:00:00.000,1,42,179,5418,5418,42,2020-06-07,1,179,0.00558659217877095,0.00129161489505271,1.07365038466585
Cortland,2020-06-08T00:00:00.000,0,42,162,5580,5580,42,2020-06-08,0,162,0,0.00126606700019958,0
Cortland,2020-06-09T00:00:00.000,0,42,153,5733,5733,42,2020-06-09,0,153,0,0.00124780567432743,0
Cortland,2020-06-10T00:00:00.000,0,42,110,5843,5843,42,2020-06-10,0,110,0,0.00123685445891551,0
Cortland,2020-06-11T00:00:00.000,0,42,258,6101,6101,42,2020-06-11,0,258,0,0.00123332496298184,0
Cortland,2020-06-12T00:00:00.000,0,42,216,6317,6317,42,2020-06-12,0,216,0,0.00123742427375979,0
Cortland,2020-06-13T00:00:00.000,0,42,174,6491,6491,42,2020-06-13,0,174,0,0.00124946371706801,0
Cortland,2020-06-14T00:00:00.000,0,42,87,6578,6578,42,2020-06-14,0,87,0,0.00126986901818968,0
Cortland,2020-06-15T00:00:00.000,0,42,155,6733,6733,42,2020-06-15,0,155,0,0.00129919186128308,0
Cortland,2020-06-16T00:00:00.000,0,42,124,6857,6857,42,2020-06-16,0,124,0,0.00133812276032813,0
Cortland,2020-06-17T00:00:00.000,2,44,107,6964,6964,44,2020-06-17,2,107,0.0186915887850467,0.00138750502408848,2.20890296593548
Cortland,2020-06-18T00:00:00.000,0,44,216,7180,7180,44,2020-06-18,0,216,0,0.00144834940954067,0
Cortland,2020-06-19T00:00:00.000,0,44,251,7431,7431,44,2020-06-19,0,251,0,0.00152184879403914,0
Cortland,2020-06-20T00:00:00.000,0,44,130,7561,7561,44,2020-06-20,0,130,0,0.00160939184214694,0
Cortland,2020-06-21T00:00:00.000,0,44,84,7645,7645,44,2020-06-21,0,84,0,0.00171257417958693,0
Cortland,2020-06-22T00:00:00.000,0,44,181,7826,7826,44,2020-06-22,0,181,0,0.00183320500494299,0
Cortland,2020-06-23T00:00:00.000,0,44,90,7916,7916,44,2020-06-23,0,90,0,0.00197330636778434,0
Cortland,2020-06-24T00:00:00.000,0,44,153,8069,8069,44,2020-06-24,0,153,0,0.00213510153612288,0
Cortland,2020-06-25T00:00:00.000,0,44,106,8175,8175,44,2020-06-25,0,106,0,0.00232098801489332,0
Cortland,2020-06-26T00:00:00.000,0,44,234,8409,8409,44,2020-06-26,0,234,0,0.00253348994486103,0
Cortland,2020-06-27T00:00:00.000,2,46,234,8643,8643,46,2020-06-27,2,234,0.00854700854700855,0.00277518395434409,2.17651427675425
Cortland,2020-06-28T00:00:00.000,1,47,95,8738,8738,47,2020-06-28,1,95,0.0105263157894737,0.00304859225881462,1.09272628216203
Cortland,2020-06-29T00:00:00.000,0,47,144,8882,8882,47,2020-06-29,0,144,0,0.00335603718450428,0
Cortland,2020-06-30T00:00:00.000,0,47,111,8993,8993,47,2020-06-30,0,111,0,0.00369945266288432,0
Cortland,2020-07-01T00:00:00.000,0,47,138,9131,9131,47,2020-07-01,0,138,0,0.00408015095752288,0
Cortland,2020-07-02T00:00:00.000,1,48,41,9172,9172,48,2020-07-02,1,41,0.024390243902439,0.0044985472492526,1.11270162850724
Cortland,2020-07-03T00:00:00.000,2,50,135,9307,9307,50,2020-07-03,2,135,0.0148148148148148,0.0049538508828212,2.25630833436369
Cortland,2020-07-04T00:00:00.000,1,51,217,9524,9524,51,2020-07-04,1,217,0.00460829493087558,0.00544373994821555,1.14263388751778
Cortland,2020-07-05T00:00:00.000,1,52,55,9579,9579,52,2020-07-05,1,55,0.0181818181818182,0.00596404489810773,1.15128592305365
Cortland,2020-07-06T00:00:00.000,1,53,164,9743,9743,53,2020-07-06,1,164,0.00609756097560976,0.00650847603019747,1.15941673183096
Cortland,2020-07-07T00:00:00.000,1,54,137,9880,9880,54,2020-07-07,1,137,0.0072992700729927,0.00706843726917353,1.16689644502716
Cortland,2020-07-08T00:00:00.000,1,55,147,10027,10027,55,2020-07-08,1,147,0.00680272108843537,0.00763297271313365,1.17359834236506
Cortland,2020-07-09T00:00:00.000,1,56,92,10119,10119,56,2020-07-09,1,92,0.0108695652173913,0.00818889066712069,1.17940156625009
Cortland,2020-07-10T00:00:00.000,2,58,138,10257,10257,58,2020-07-10,2,138,0.0144927536231884,0.00872110052104793,2.36838759626474
Cortland,2020-07-11T00:00:00.000,0,58,278,10535,10535,58,2020-07-11,0,278,0,0.0092131799375945,0
Cortland,2020-07-12T00:00:00.000,1,59,103,10638,10638,59,2020-07-12,1,103,0.00970873786407767,0.00964816403715123,1.19035389746818
Cortland,2020-07-13T00:00:00.000,0,59,143,10781,10781,59,2020-07-13,0,143,0,0.0100095171412695,0
Cortland,2020-07-14T00:00:00.000,2,61,160,10941,10941,61,2020-07-14,2,160,0.0125,0.0102822155742858,2.38288604775755
Cortland,2020-07-15T00:00:00.000,2,63,85,11026,11026,63,2020-07-15,2,85,0.0235294117647059,0.0104538427480039,2.37992278301236
Cortland,2020-07-16T00:00:00.000,4,67,216,11242,11242,67,2020-07-16,4,216,0.0185185185185185,0.0105155812284931,4.74840354022338
Cortland,2020-07-17T00:00:00.000,1,68,285,11527,11527,68,2020-07-17,1,285,0.00350877192982456,0.010462985548372,1.18309282398096
Cortland,2020-07-18T00:00:00.000,1,69,133,11660,11660,69,2020-07-18,1,133,0.0075187969924812,0.0102964365470076,1.18255912534361
Cortland,2020-07-19T00:00:00.000,0,69,83,11743,11743,69,2020-07-19,0,83,0,0.0100212119644695,0
Cortland,2020-07-20T00:00:00.000,4,73,182,11925,11925,73,2020-07-20,4,182,0.021978021978022,0.00964715427124541,4.73311481892932
Cortland,2020-07-21T00:00:00.000,4,77,398,12323,12323,77,2020-07-21,4,398,0.0100502512562814,0.00918796778863694,4.72314310225328
Cortland,2020-07-22T00:00:00.000,3,80,259,12582,12582,80,2020-07-22,3,259,0.0115830115830116,0.00866022417906254,3.52898641450947
Cortland,2020-07-23T00:00:00.000,2,82,98,12680,12680,82,2020-07-23,2,98,0.0204081632653061,0.00808219005832486,2.33937338267871
Cortland,2020-07-24T00:00:00.000,2,84,362,13042,13042,84,2020-07-24,2,362,0.00552486187845304,0.00747260696880814,2.31740208050183
Cortland,2020-07-25T00:00:00.000,1,85,212,13254,13254,85,2020-07-25,1,212,0.00471698113207547,0.0068495501876305,1.13863573722091
Cortland,2020-07-26T00:00:00.000,2,87,470,13724,13724,87,2020-07-26,2,470,0.00425531914893617,0.00622947089259767,2.23320851228917
Cortland,2020-07-27T00:00:00.000,2,89,267,13991,13991,89,2020-07-27,2,267,0.00749063670411985,0.00562649153467788,2.2148133763443
Cortland,2020-07-28T00:00:00.000,1,90,148,14139,14139,90,2020-07-28,1,148,0.00675675675675676,0.00505198426289881,1.10299499925669
Cortland,2020-07-29T00:00:00.000,0,90,166,14305,14305,90,2020-07-29,0,166,0,0.00451442432776244,0
Cortland,2020-07-30T00:00:00.000,1,91,247,14552,14552,91,2020-07-30,1,247,0.00404858299595142,0.00401948040886265,1.08937161559629
Cortland,2020-07-31T00:00:00.000,0,91,168,14720,14720,91,2020-07-31,0,168,0,0.00357028504569867,0
Cortland,2020-08-01T00:00:00.000,1,92,233,14953,14953,92,2020-08-01,1,233,0.00429184549356223,0.00316782132053749,1.06536343207975
Cortland,2020-08-02T00:00:00.000,0,92,103,15056,15056,92,2020-08-02,0,103,0,0.00281136493468173,0
Cortland,2020-08-03T00:00:00.000,1,93,311,15367,15367,93,2020-08-03,1,311,0.00321543408360129,0.00249893078626527,1.04950703664832
Cortland,2020-08-04T00:00:00.000,1,94,88,15455,15455,94,2020-08-04,1,88,0.0113636363636364,0.00222768669097849,1.05218847841559
Cortland,2020-08-05T00:00:00.000,0,94,192,15647,15647,94,2020-08-05,0,192,0,0.00199431099460609,0
Cortland,2020-08-06T00:00:00.000,1,95,148,15795,15795,95,2020-08-06,1,148,0.00675675675675676,0.00179528335716803,1.05720066569897
Cortland,2020-08-07T00:00:00.000,0,95,255,16050,16050,95,2020-08-07,0,255,0,0.00162710776161704,0
Cortland,2020-08-08T00:00:00.000,0,95,149,16199,16199,95,2020-08-08,0,149,0,0.00148647346871236,0
Cortland,2020-08-09T00:00:00.000,0,95,247,16446,16446,95,2020-08-09,0,247,0,0.00137036345024676,0
Cortland,2020-08-10T00:00:00.000,0,95,327,16773,16773,95,2020-08-10,0,327,0,0.00127612135959855,0
Cortland,2020-08-11T00:00:00.000,1,96,109,16882,16882,96,2020-08-11,1,109,0.00917431192660551,0.00120148801733397,1.0392644485878
Cortland,2020-08-12T00:00:00.000,1,97,187,17069,17069,97,2020-08-12,1,187,0.0053475935828877,0.00114461733196584,1.03117179656937
Cortland,2020-08-13T00:00:00.000,0,97,113,17182,17182,97,2020-08-13,0,113,0,0.0011040800469518,0
Cortland,2020-08-14T00:00:00.000,0,97,211,17393,17393,97,2020-08-14,0,211,0,0.00107886205690436,0
Cortland,2020-08-15T00:00:00.000,0,97,150,17543,17543,97,2020-08-15,0,150,0,0.0010683624825731,0
Cortland,2020-08-16T00:00:00.000,0,97,112,17655,17655,97,2020-08-16,0,112,0,0.00107239532904662,0
Cortland,2020-08-17T00:00:00.000,0,97,372,18027,18027,97,2020-08-17,0,372,0,0.00109119738571705,0
Cortland,2020-08-18T00:00:00.000,0,97,143,18170,18170,97,2020-08-18,0,143,0,0.00112544400681115,0
Cortland,2020-08-19T00:00:00.000,1,98,176,18346,18346,98,2020-08-19,1,176,0.00568181818181818,0.00117627344543435,1.00972937912824
Cortland,2020-08-20T00:00:00.000,0,98,168,18514,18514,98,2020-08-20,0,168,0,0.001245319381279,0
Cortland,2020-08-21T00:00:00.000,0,98,223,18737,18737,98,2020-08-21,0,223,0,0.001334750046448,0
Cortland,2020-08-22T00:00:00.000,0,98,106,18843,18843,98,2020-08-22,0,106,0,0.00144731077292978,0
Cortland,2020-08-23T00:00:00.000,0,98,239,19082,19082,98,2020-08-23,0,239,0,0.00158636473458754,0
Cortland,2020-08-24T00:00:00.000,0,98,103,19185,19185,98,2020-08-24,0,103,0,0.00175592405101644,0
Cortland,2020-08-25T00:00:00.000,0,98,173,19358,19358,98,2020-08-25,0,173,0,0.00196066027048272,0
Cortland,2020-08-26T00:00:00.000,0,98,82,19440,19440,98,2020-08-26,0,82,0,0.00220587971554852,0
Cortland,2020-08-27T00:00:00.000,0,98,200,19640,19640,98,2020-08-27,0,200,0,0.00249744565287402,0
Cortland,2020-08-28T00:00:00.000,0,98,196,19836,19836,98,2020-08-28,0,196,0,0.00284162644099494,0
Cortland,2020-08-29T00:00:00.000,1,99,156,19992,19992,99,2020-08-29,1,156,0.00641025641025641,0.00324484777202391,1.05473545273916
Cortland,2020-08-30T00:00:00.000,1,100,93,20085,20085,100,2020-08-30,1,93,0.010752688172043,0.00371332922939441,1.07373703522612
Cortland,2020-08-31T00:00:00.000,1,101,145,20230,20230,101,2020-08-31,1,145,0.00689655172413793,0.00425259216997813,1.09092841782425
Cortland,2020-09-01T00:00:00.000,1,102,92,20322,20322,102,2020-09-01,1,92,0.0108695652173913,0.00486683874603403,1.1082351437735
Cortland,2020-09-02T00:00:00.000,0,102,112,20434,20434,102,2020-09-02,0,112,0,0.0055582213422803,0
Cortland,2020-09-03T00:00:00.000,0,102,231,20665,20665,102,2020-09-03,0,231,0,0.00632604706776801,0
Cortland,2020-09-04T00:00:00.000,0,102,171,20836,20836,102,2020-09-04,0,171,0,0.00716599049288336,0
Cortland,2020-09-05T00:00:00.000,1,103,223,21059,21059,103,2020-09-05,1,223,0.00448430493273543,0.00806941459920363,1.17526408235756
Cortland,2020-09-06T00:00:00.000,0,103,77,21136,21136,103,2020-09-06,0,77,0,0.00902291808836962,0
Cortland,2020-09-07T00:00:00.000,0,103,224,21360,21360,103,2020-09-07,0,224,0,0.0100082293085017,0
Cortland,2020-09-08T00:00:00.000,0,103,101,21461,21461,103,2020-09-08,0,101,0,0.0110025470449686,0
Cortland,2020-09-09T00:00:00.000,1,104,98,21559,21559,104,2020-09-09,1,98,0.0102040816326531,0.0119793839902041,1.23098364725303
Cortland,2020-09-10T00:00:00.000,5,109,187,21746,21746,109,2020-09-10,5,187,0.0267379679144385,0.0129099032495917,6.21801646295433
Cortland,2020-09-11T00:00:00.000,10,119,378,22124,22124,119,2020-09-11,10,378,0.0264550264550265,0.0137646614196317,12.5542439705199
Cortland,2020-09-12T00:00:00.000,9,128,221,22345,22345,128,2020-09-12,9,221,0.0407239819004525,0.014515598085401,11.3894805206844
Cortland,2020-09-13T00:00:00.000,4,132,193,22538,22538,132,2020-09-13,4,193,0.0207253886010363,0.0151380571258369,5.10949583345267
Cortland,2020-09-14T00:00:00.000,5,137,241,22779,22779,137,2020-09-14,5,241,0.020746887966805,0.0156126033924302,6.44417365428053
Cortland,2020-09-15T00:00:00.000,0,137,279,23058,23058,137,2020-09-15,0,279,0,0.0159264159520408,0
Cortland,2020-09-16T00:00:00.000,4,141,287,23345,23345,141,2020-09-16,4,287,0.0139372822299652,0.0160740941988479,5.22237822741788
Cortland,2020-09-17T00:00:00.000,9,150,279,23624,23624,150,2020-09-17,9,279,0.032258064516129,0.0160577953572413,11.798625957607
Cortland,2020-09-18T00:00:00.000,5,155,356,23980,23980,155,2020-09-18,5,356,0.0140449438202247,0.0158867150011197,6.57161501973717
Cortland,2020-09-19T00:00:00.000,4,159,305,24285,24285,159,2020-09-19,4,305,0.0131147540983607,0.0155760083956968,5.26300375312179
Cortland,2020-09-20T00:00:00.000,2,161,193,24478,24478,161,2020-09-20,2,193,0.0103626943005181,0.0151453145531583,2.63068901221342
Cortland,2020-09-21T00:00:00.000,1,162,167,24645,24645,162,2020-09-21,1,167,0.00598802395209581,0.0146170776152986,1.31324050788717
Cortland,2020-09-22T00:00:00.000,2,164,255,24900,24900,164,2020-09-22,2,255,0.00784313725490196,0.0140148596312663,2.61920780114275
Cortland,2020-09-23T00:00:00.000,3,167,172,25072,25072,167,2020-09-23,3,172,0.0174418604651163,0.0133618098716141,3.92191556830223
Cortland,2020-09-24T00:00:00.000,2,169,328,25400,25400,169,2020-09-24,2,328,0.00609756097560976,0.0126794080606416,2.61016962390934
Cortland,2020-09-25T00:00:00.000,2,171,376,25776,25776,171,2020-09-25,2,376,0.00531914893617021,0.0119865437578212,2.60458307097484
Cortland,2020-09-26T00:00:00.000,0,171,253,26029,26029,171,2020-09-26,0,253,0,0.0112989420153316,0
Cortland,2020-09-27T00:00:00.000,0,171,176,26205,26205,171,2020-09-27,0,176,0,0.0106289040011457,0
Cortland,2020-09-28T00:00:00.000,10,181,215,26420,26420,181,2020-09-28,10,215,0.0465116279069767,0.009985304367862,13.303761997212
Cortland,2020-09-29T00:00:00.000,3,184,858,27278,27278,184,2020-09-29,3,858,0.0034965034965035,0.00937377518546125,4.05351125017948
Cortland,2020-09-30T00:00:00.000,11,195,759,28037,28037,195,2020-09-30,11,759,0.0144927536231884,0.00879700710984452,15.0734448359915
Delaware,2020-04-01T00:00:00.000,2,22,7,134,134,22,2020-04-01,22,134,0.164179104477612,0.1554226769231,25.1049283439288
Delaware,2020-04-02T00:00:00.000,2,24,9,143,143,24,2020-04-02,2,9,0.222222222222222,0.146264886767913,2.26676566030014
Delaware,2020-04-03T00:00:00.000,2,26,18,161,161,26,2020-04-03,2,18,0.111111111111111,0.137558988832435,2.26914512933567
Delaware,2020-04-04T00:00:00.000,1,27,12,173,173,27,2020-04-04,1,12,0.0833333333333333,0.129293297396238,1.138813480731
Delaware,2020-04-05T00:00:00.000,2,29,28,201,201,29,2020-04-05,2,28,0.0714285714285714,0.121455290659901,2.28588828469811
Delaware,2020-04-06T00:00:00.000,7,36,30,231,231,36,2020-04-06,7,30,0.233333333333333,0.114031772782357,8.02509555481418
Delaware,2020-04-07T00:00:00.000,1,37,16,247,247,37,2020-04-07,1,16,0.0625,0.107009019983197,1.14558607343755
Delaware,2020-04-08T00:00:00.000,0,37,22,269,269,37,2020-04-08,0,22,0,0.100372911520117,0
Delaware,2020-04-09T00:00:00.000,2,39,20,289,289,39,2020-04-09,2,20,0.1,0.0941090465061797,2.28296002210202
Delaware,2020-04-10T00:00:00.000,0,39,17,306,306,39,2020-04-10,0,17,0,0.0882028476447356,0
Delaware,2020-04-11T00:00:00.000,0,39,10,316,316,39,2020-04-11,0,10,0,0.0826396530082883,0
Delaware,2020-04-12T00:00:00.000,3,42,14,330,330,42,2020-04-12,3,14,0.214285714285714,0.0774047970007118,3.39600059400724
Delaware,2020-04-13T00:00:00.000,3,45,48,378,378,45,2020-04-13,3,48,0.0625,0.0724836816117586,3.39053575309112
Delaware,2020-04-14T00:00:00.000,1,46,7,385,385,46,2020-04-14,1,7,0.142857142857143,0.0678618390094232,1.13149911189427
Delaware,2020-04-15T00:00:00.000,1,47,9,394,394,47,2020-04-15,1,9,0.111111111111111,0.0635249864351801,1.13274329448159
Delaware,2020-04-16T00:00:00.000,1,48,10,404,404,48,2020-04-16,1,10,0.1,0.0594590742615457,1.13383845523052
Delaware,2020-04-17T00:00:00.000,1,49,8,412,412,49,2020-04-17,1,8,0.125,0.0556503279700027,1.13469215567817
Delaware,2020-04-18T00:00:00.000,0,49,10,422,422,49,2020-04-18,0,10,0,0.0520852846923266,0
Delaware,2020-04-19T00:00:00.000,0,49,5,427,427,49,2020-04-19,0,5,0,0.0487508248603314,0
Delaware,2020-04-20T00:00:00.000,0,49,3,430,430,49,2020-04-20,0,3,0,0.0456341994092444,0
Delaware,2020-04-21T00:00:00.000,1,50,18,448,448,50,2020-04-21,1,18,0.0555555555555556,0.0427230529012921,1.13204982304913
Delaware,2020-04-22T00:00:00.000,0,50,21,469,469,50,2020-04-22,0,21,0,0.0400054428652935,0
Delaware,2020-04-23T00:00:00.000,1,51,15,484,484,51,2020-04-23,1,15,0.0666666666666667,0.0374698555965143,1.13475791567935
Delaware,2020-04-24T00:00:00.000,7,58,135,619,619,58,2020-04-24,7,135,0.0518518518518519,0.0351052186210998,7.96401339590892
Delaware,2020-04-25T00:00:00.000,0,58,35,654,654,58,2020-04-25,0,35,0,0.0329009100048867,0
Delaware,2020-04-26T00:00:00.000,0,58,21,675,675,58,2020-04-26,0,21,0,0.030846764672719,0
Delaware,2020-04-27T00:00:00.000,1,59,16,691,691,59,2020-04-27,1,16,0.0625,0.028933077900383,1.1442301435942
Delaware,2020-04-28T00:00:00.000,1,60,14,705,705,60,2020-04-28,1,14,0.0714285714285714,0.0271506061437031,1.14390930305251
Delaware,2020-04-29T00:00:00.000,1,61,24,729,729,61,2020-04-29,1,24,0.0416666666666667,0.0254905653785949,1.14335849074962
Delaware,2020-04-30T00:00:00.000,0,61,24,753,753,61,2020-04-30,0,24,0,0.0239446271345187,0
Delaware,2020-05-01T00:00:00.000,0,61,29,782,782,61,2020-05-01,0,29,0,0.0225049124158426,0
Delaware,2020-05-02T00:00:00.000,0,61,28,810,810,61,2020-05-02,0,28,0,0.0211639837146611,0
Delaware,2020-05-03T00:00:00.000,1,62,54,864,864,62,2020-05-03,1,54,0.0185185185185185,0.0199148353261364,1.13861890954176
Delaware,2020-05-04T00:00:00.000,0,62,31,895,895,62,2020-05-04,0,31,0,0.0187508821808488,0
Delaware,2020-05-05T00:00:00.000,0,62,30,925,925,62,2020-05-05,0,30,0,0.0176659474093052,0
Delaware,2020-05-06T00:00:00.000,1,63,30,955,955,63,2020-05-06,1,30,0.0333333333333333,0.0166542488493629,1.13584261689876
Delaware,2020-05-07T00:00:00.000,0,63,24,979,979,63,2020-05-07,0,24,0,0.0157103846994641,0
Delaware,2020-05-08T00:00:00.000,0,63,30,1009,1009,63,2020-05-08,0,30,0,0.0148293185097312,0
Delaware,2020-05-09T00:00:00.000,1,64,33,1042,1042,64,2020-05-09,1,33,0.0303030303030303,0.0140063636882985,1.13724799715974
Delaware,2020-05-10T00:00:00.000,1,65,19,1061,1061,65,2020-05-10,1,19,0.0526315789473684,0.0132371676837987,1.13625263675585
Delaware,2020-05-11T00:00:00.000,0,65,50,1111,1111,65,2020-05-11,0,50,0,0.0125176959876402,0
Delaware,2020-05-12T00:00:00.000,1,66,53,1164,1164,66,2020-05-12,1,53,0.0188679245283019,0.0118442160799414,1.13014403107787
Delaware,2020-05-13T00:00:00.000,1,67,136,1300,1300,67,2020-05-13,1,136,0.00735294117647059,0.0112132814258262,1.13544434188178
Delaware,2020-05-14T00:00:00.000,0,67,120,1420,1420,67,2020-05-14,0,120,0,0.0106217156097292,0
Delaware,2020-05-15T00:00:00.000,1,68,70,1490,1490,68,2020-05-15,1,70,0.0142857142857143,0.0100665966800632,1.13562785222899
Delaware,2020-05-16T00:00:00.000,1,69,51,1541,1541,69,2020-05-16,1,51,0.0196078431372549,0.00954524176115435,1.13569061796153
Delaware,2020-05-17T00:00:00.000,0,69,56,1597,1597,69,2020-05-17,0,56,0,0.00905519197785189,0
Delaware,2020-05-18T00:00:00.000,0,69,65,1662,1662,69,2020-05-18,0,65,0,0.00859419772789489,0
Delaware,2020-05-19T00:00:00.000,0,69,45,1707,1707,69,2020-05-19,0,45,0,0.00816020433000494,0
Delaware,2020-05-20T00:00:00.000,2,71,65,1772,1772,71,2020-05-20,2,65,0.0307692307692308,0.00775133807106951,2.29723116308203
Delaware,2020-05-21T00:00:00.000,1,72,124,1896,1896,72,2020-05-21,1,124,0.00806451612903226,0.00736589267277458,1.15303950269041
Delaware,2020-05-22T00:00:00.000,2,74,51,1947,1947,74,2020-05-22,2,51,0.0392156862745098,0.0070023161978732,2.31305461532547
Delaware,2020-05-23T00:00:00.000,3,77,80,2027,2027,77,2020-05-23,3,80,0.0375,0.0066591984168564,3.4772014565623
Delaware,2020-05-24T00:00:00.000,0,77,44,2071,2071,77,2020-05-24,0,44,0,0.00633525865759628,0
Delaware,2020-05-25T00:00:00.000,0,77,22,2093,2093,77,2020-05-25,0,22,0,0.0060293341631089,0
Delaware,2020-05-26T00:00:00.000,1,78,205,2298,2298,78,2020-05-26,1,205,0.0048780487804878,0.00574036898437515,1.16306966490328
Delaware,2020-05-27T00:00:00.000,0,78,213,2511,2511,78,2020-05-27,0,213,0,0.00546740343713587,0
Delaware,2020-05-28T00:00:00.000,1,79,156,2667,2667,79,2020-05-28,1,156,0.00641025641025641,0.00520956415174274,1.16567227797469
Delaware,2020-05-29T00:00:00.000,0,79,123,2790,2790,79,2020-05-29,0,123,0,0.00496605474464821,0
Delaware,2020-05-30T00:00:00.000,0,79,209,2999,2999,79,2020-05-30,0,209,0,0.00473614713745191,0
Delaware,2020-05-31T00:00:00.000,2,81,96,3095,3095,81,2020-05-31,2,96,0.0208333333333333,0.00451917354535523,2.37179751641172
Delaware,2020-06-01T00:00:00.000,1,82,138,3233,3233,82,2020-06-01,1,138,0.0072463768115942,0.00431451915127283,1.1878741517177
Delaware,2020-06-02T00:00:00.000,0,82,195,3428,3428,82,2020-06-02,0,195,0,0.00412161547447458,0
Delaware,2020-06-03T00:00:00.000,0,82,171,3599,3599,82,2020-06-03,0,171,0,0.00393993443449548,0
Delaware,2020-06-04T00:00:00.000,2,84,129,3728,3728,84,2020-06-04,2,129,0.0155038759689922,0.00376898310198824,2.35380119378335
Delaware,2020-06-05T00:00:00.000,1,85,217,3945,3945,85,2020-06-05,1,217,0.00460829493087558,0.00360829911870726,1.17191806875074
Delaware,2020-06-06T00:00:00.000,0,85,124,4069,4069,85,2020-06-06,0,124,0,0.00345744675985512,0
Delaware,2020-06-07T00:00:00.000,0,85,164,4233,4233,85,2020-06-07,0,164,0,0.00331601360317831,0
Delaware,2020-06-08T00:00:00.000,1,86,194,4427,4427,86,2020-06-08,1,194,0.00515463917525773,0.00318360776169896,1.18021268119322
Delaware,2020-06-09T00:00:00.000,1,87,198,4625,4625,87,2020-06-09,1,198,0.00505050505050505,0.00305985563062311,1.17940630756397
Delaware,2020-06-10T00:00:00.000,1,88,173,4798,4798,88,2020-06-10,1,173,0.00578034682080925,0.00294440009413144,1.17738398481842
Delaware,2020-06-11T00:00:00.000,0,88,92,4890,4890,88,2020-06-11,0,92,0,0.00283689913461744,0
Delaware,2020-06-12T00:00:00.000,0,88,110,5000,5000,88,2020-06-12,0,110,0,0.00273702478551491,0
Delaware,2020-06-13T00:00:00.000,0,88,181,5181,5181,88,2020-06-13,0,181,0,0.00264446236898056,0
Delaware,2020-06-14T00:00:00.000,0,88,111,5292,5292,88,2020-06-14,0,111,0,0.00255890996132523,0
Delaware,2020-06-15T00:00:00.000,0,88,206,5498,5498,88,2020-06-15,0,206,0,0.00248007803208002,0
Delaware,2020-06-16T00:00:00.000,1,89,202,5700,5700,89,2020-06-16,1,202,0.00495049504950495,0.00240768920644113,1.16367641658526
Delaware,2020-06-17T00:00:00.000,0,89,116,5816,5816,89,2020-06-17,0,116,0,0.00234147810570861,0
Delaware,2020-06-18T00:00:00.000,0,89,143,5959,5959,89,2020-06-18,0,143,0,0.00228119122545033,0
Delaware,2020-06-19T00:00:00.000,1,90,144,6103,6103,90,2020-06-19,1,144,0.00694444444444444,0.0022265868168555,1.15055637191452
Delaware,2020-06-20T00:00:00.000,0,90,167,6270,6270,90,2020-06-20,0,167,0,0.00217743474218189,0
Delaware,2020-06-21T00:00:00.000,0,90,134,6404,6404,90,2020-06-21,0,134,0,0.00213351628084138,0
Delaware,2020-06-22T00:00:00.000,1,91,167,6571,6571,91,2020-06-22,1,167,0.00598802395209581,0.00209462386789967,1.11395350878895
Delaware,2020-06-23T00:00:00.000,0,91,91,6662,6662,91,2020-06-23,0,91,0,0.00206056075168423,0
Delaware,2020-06-24T00:00:00.000,0,91,215,6877,6877,91,2020-06-24,0,215,0,0.00203114056185954,0
Delaware,2020-06-25T00:00:00.000,0,91,69,6946,6946,91,2020-06-25,0,69,0,0.00200618678339312,0
Delaware,2020-06-26T00:00:00.000,0,91,131,7077,7077,91,2020-06-26,0,131,0,0.00198553213579258,0
Delaware,2020-06-27T00:00:00.000,0,91,220,7297,7297,91,2020-06-27,0,220,0,0.0019690178603476,0
Delaware,2020-06-28T00:00:00.000,0,91,154,7451,7451,91,2020-06-28,0,154,0,0.00195649292138013,0
Delaware,2020-06-29T00:00:00.000,0,91,147,7598,7598,91,2020-06-29,0,147,0,0.0019478131304179,0
Delaware,2020-06-30T00:00:00.000,0,91,157,7755,7755,91,2020-06-30,0,157,0,0.00194284020496173,0
Delaware,2020-07-01T00:00:00.000,0,91,106,7861,7861,91,2020-07-01,0,106,0,0.00194144077606566,0
Delaware,2020-07-02T00:00:00.000,0,91,62,7923,7923,91,2020-07-02,0,62,0,0.00194348536141359,0
Delaware,2020-07-03T00:00:00.000,0,91,73,7996,7996,91,2020-07-03,0,73,0,0.00194884732274454,0
Delaware,2020-07-04T00:00:00.000,0,91,265,8261,8261,91,2020-07-04,0,265,0,0.00195740182850722,0
Delaware,2020-07-05T00:00:00.000,0,91,85,8346,8346,91,2020-07-05,0,85,0,0.00196902484438327,0
Delaware,2020-07-06T00:00:00.000,0,91,147,8493,8493,91,2020-07-06,0,147,0,0.0019835921755888,0
Delaware,2020-07-07T00:00:00.000,0,91,50,8543,8543,91,2020-07-07,0,50,0,0.00200097858574001,0
Delaware,2020-07-08T00:00:00.000,0,91,83,8626,8626,91,2020-07-08,0,83,0,0.00202105701729733,0
Delaware,2020-07-09T00:00:00.000,0,91,78,8704,8704,91,2020-07-09,0,78,0,0.00204369793806623,0
Delaware,2020-07-10T00:00:00.000,0,91,147,8851,8851,91,2020-07-10,0,147,0,0.0020687688368211,0
Delaware,2020-07-11T00:00:00.000,1,92,247,9098,9098,92,2020-07-11,1,247,0.00404858299595142,0.00209613388881994,1.02440398219587
Delaware,2020-07-12T00:00:00.000,0,92,80,9178,9178,92,2020-07-12,0,80,0,0.00212565380859535,0
Delaware,2020-07-13T00:00:00.000,0,92,111,9289,9289,92,2020-07-13,0,111,0,0.00215718590302105,0
Delaware,2020-07-14T00:00:00.000,0,92,100,9389,9389,92,2020-07-14,0,100,0,0.00219058433232576,0
Delaware,2020-07-15T00:00:00.000,0,92,117,9506,9506,92,2020-07-15,0,117,0,0.00222570058049964,0
Delaware,2020-07-16T00:00:00.000,0,92,161,9667,9667,92,2020-07-16,0,161,0,0.00226238412968195,0
Delaware,2020-07-17T00:00:00.000,1,93,193,9860,9860,93,2020-07-17,1,193,0.00518134715025907,0.00230048332580045,1.01679913151192
Delaware,2020-07-18T00:00:00.000,0,93,64,9924,9924,93,2020-07-18,0,64,0,0.00233984641532287,0
Delaware,2020-07-19T00:00:00.000,0,93,105,10029,10029,93,2020-07-19,0,105,0,0.00238032272580592,0
Delaware,2020-07-20T00:00:00.000,0,93,119,10148,10148,93,2020-07-20,0,119,0,0.00242176395628624,0
Delaware,2020-07-21T00:00:00.000,0,93,187,10335,10335,93,2020-07-21,0,187,0,0.0024640255379345,0
Delaware,2020-07-22T00:00:00.000,2,95,114,10449,10449,95,2020-07-22,2,114,0.0175438596491228,0.00250696802098951,2.07835960751138
Delaware,2020-07-23T00:00:00.000,2,97,120,10569,10569,97,2020-07-23,2,120,0.0166666666666667,0.00255045844116375,2.08453150560694
Delaware,2020-07-24T00:00:00.000,1,98,133,10702,10702,98,2020-07-24,1,133,0.0075187969924812,0.0025943716176115,1.04238319515441
Delaware,2020-07-25T00:00:00.000,0,98,77,10779,10779,98,2020-07-25,0,77,0,0.00263859133538534,0
Delaware,2020-07-26T00:00:00.000,0,98,65,10844,10844,98,2020-07-26,0,65,0,0.00268301136779009,0
Delaware,2020-07-27T00:00:00.000,1,99,110,10954,10954,99,2020-07-27,1,110,0.00909090909090909,0.00272753629860007,1.03005503427664
Delaware,2020-07-28T00:00:00.000,2,101,98,11052,11052,101,2020-07-28,2,98,0.0204081632653061,0.00277208210985668,2.0774852509805
Delaware,2020-07-29T00:00:00.000,0,101,186,11238,11238,101,2020-07-29,0,186,0,0.00281657650824904,0
Delaware,2020-07-30T00:00:00.000,1,102,126,11364,11364,102,2020-07-30,1,126,0.00793650793650794,0.00286095897118114,1.05295600704798
Delaware,2020-07-31T00:00:00.000,1,103,156,11520,11520,103,2020-07-31,1,156,0.00641025641025641,0.00290518050223207,1.05598427596146
Delaware,2020-08-01T00:00:00.000,0,103,148,11668,11668,103,2020-08-01,0,148,0,0.00294920309458006,0
Delaware,2020-08-02T00:00:00.000,1,104,134,11802,11802,104,2020-08-02,1,134,0.00746268656716418,0.00299299890954656,1.0628260416952
Delaware,2020-08-03T00:00:00.000,0,104,153,11955,11955,104,2020-08-03,0,153,0,0.0030365491854145,0
Delaware,2020-08-04T00:00:00.000,0,104,130,12085,12085,104,2020-08-04,0,130,0,0.00307984289904965,0
Delaware,2020-08-05T00:00:00.000,0,104,35,12120,12120,104,2020-08-05,0,35,0,0.00312287520900375,0
Delaware,2020-08-06T00:00:00.000,0,104,163,12283,12283,104,2020-08-06,0,163,0,0.00316564571403074,0
Delaware,2020-08-07T00:00:00.000,1,105,184,12467,12467,105,2020-08-07,1,184,0.00543478260869565,0.00320815656497298,1.13162326585165
Delaware,2020-08-08T00:00:00.000,0,105,150,12617,12617,105,2020-08-08,0,150,0,0.00325041047088504,0
Delaware,2020-08-09T00:00:00.000,0,105,135,12752,12752,105,2020-08-09,0,135,0,0.00329240864229472,0
Delaware,2020-08-10T00:00:00.000,1,106,273,13025,13025,106,2020-08-10,1,273,0.00366300366300366,0.00333414871549775,1.15286885944937
Delaware,2020-08-11T00:00:00.000,0,106,154,13179,13179,106,2020-08-11,0,154,0,0.00337562270218585,0
Delaware,2020-08-12T00:00:00.000,1,107,139,13318,13318,107,2020-08-12,1,139,0.00719424460431655,0.00341681500852634,1.15034243561019
Delaware,2020-08-13T00:00:00.000,0,107,102,13420,13420,107,2020-08-13,0,102,0,0.00345770056703636,0
Delaware,2020-08-14T00:00:00.000,0,107,169,13589,13589,107,2020-08-14,0,169,0,0.00349824312376609,0
Delaware,2020-08-15T00:00:00.000,0,107,117,13706,13706,107,2020-08-15,0,117,0,0.00353839372181348,0
Delaware,2020-08-16T00:00:00.000,0,107,80,13786,13786,107,2020-08-16,0,80,0,0.00357808942076733,0
Delaware,2020-08-17T00:00:00.000,0,107,165,13951,13951,107,2020-08-17,0,165,0,0.00361725228962495,0
Delaware,2020-08-18T00:00:00.000,1,108,173,14124,14124,108,2020-08-18,1,173,0.00578034682080925,0.00365578870840783,1.13719133871885
Delaware,2020-08-19T00:00:00.000,1,109,119,14243,14243,109,2020-08-19,1,119,0.00840336134453781,0.00369358901069702,1.13213709463585
Delaware,2020-08-20T00:00:00.000,0,109,146,14389,14389,109,2020-08-20,0,146,0,0.0037305274956419,0
Delaware,2020-08-21T00:00:00.000,0,109,143,14532,14532,109,2020-08-21,0,143,0,0.00376646283320213,0
Delaware,2020-08-22T00:00:00.000,0,109,177,14709,14709,109,2020-08-22,0,177,0,0.00380123888084025,0
Delaware,2020-08-23T00:00:00.000,0,109,143,14852,14852,109,2020-08-23,0,143,0,0.00383468592262373,0
Delaware,2020-08-24T00:00:00.000,0,109,112,14964,14964,109,2020-08-24,0,112,0,0.003866622333612,0
Delaware,2020-08-25T00:00:00.000,0,109,173,15137,15137,109,2020-08-25,0,173,0,0.00389685666263823,0
Delaware,2020-08-26T00:00:00.000,1,110,131,15268,15268,110,2020-08-26,1,131,0.00763358778625954,0.00392519011576783,1.08613253971813
Delaware,2020-08-27T00:00:00.000,2,112,175,15443,15443,112,2020-08-27,2,175,0.0114285714285714,0.00395141941088009,2.16395530065259
Delaware,2020-08-28T00:00:00.000,0,112,120,15563,15563,112,2020-08-28,0,120,0,0.0039753399612277,0
Delaware,2020-08-29T00:00:00.000,3,115,183,15746,15746,115,2020-08-29,3,183,0.0163934426229508,0.00399674933294367,3.23084450946747
Delaware,2020-08-30T00:00:00.000,0,115,90,15836,15836,115,2020-08-30,0,90,0,0.00401545090909709,0
Delaware,2020-08-31T00:00:00.000,0,115,289,16125,16125,115,2020-08-31,0,289,0,0.00403125768100878,0
Delaware,2020-09-01T00:00:00.000,5,120,159,16284,16284,120,2020-09-01,5,159,0.0314465408805031,0.00404399607770843,5.43949146158059
Delaware,2020-09-02T00:00:00.000,1,121,160,16444,16444,121,2020-09-02,1,160,0.00625,0.00405350973643718,1.09051512661995
Delaware,2020-09-03T00:00:00.000,0,121,382,16826,16826,121,2020-09-03,0,382,0,0.00405966311215785,0
Delaware,2020-09-04T00:00:00.000,2,123,213,17039,17039,123,2020-09-04,2,213,0.00938967136150235,0.00406234482254762,2.19042713413132
Delaware,2020-09-05T00:00:00.000,0,123,134,17173,17173,123,2020-09-05,0,134,0,0.00406147062719784,0
Delaware,2020-09-06T00:00:00.000,1,124,229,17402,17402,124,2020-09-06,1,229,0.00436681222707424,0.00405698594590809,1.09916906640624
Delaware,2020-09-07T00:00:00.000,1,125,165,17567,17567,125,2020-09-07,1,165,0.00606060606060606,0.00404886783140808,1.10086462218784
Delaware,2020-09-08T00:00:00.000,0,125,32,17599,17599,125,2020-09-08,0,32,0,0.00403712632574307,0
Delaware,2020-09-09T00:00:00.000,0,125,69,17668,17668,125,2020-09-09,0,69,0,0.00402180514679513,0
Delaware,2020-09-10T00:00:00.000,3,128,140,17808,17808,128,2020-09-10,3,140,0.0214285714285714,0.00400298167140029,3.31855621904981
Delaware,2020-09-11T00:00:00.000,0,128,213,18021,18021,128,2020-09-11,0,213,0,0.00398076620280769,0
Delaware,2020-09-12T00:00:00.000,0,128,217,18238,18238,128,2020-09-12,0,217,0,0.00395530053242022,0
Delaware,2020-09-13T00:00:00.000,0,128,169,18407,18407,128,2020-09-13,0,169,0,0.00392675582742339,0
Delaware,2020-09-14T00:00:00.000,0,128,82,18489,18489,128,2020-09-14,0,82,0,0.00389532989597297,0
Delaware,2020-09-15T00:00:00.000,1,129,86,18575,18575,129,2020-09-15,1,86,0.0116279069767442,0.00386124389917265,1.12669515483058
Delaware,2020-09-16T00:00:00.000,0,129,127,18702,18702,129,2020-09-16,0,127,0,0.00382473859347208,0
Delaware,2020-09-17T00:00:00.000,0,129,132,18834,18834,129,2020-09-17,0,132,0,0.00378607019710163,0
Delaware,2020-09-18T00:00:00.000,1,130,139,18973,18973,130,2020-09-18,1,139,0.00719424460431655,0.00374550598020615,1.13749565974274
Delaware,2020-09-19T00:00:00.000,0,130,217,19190,19190,130,2020-09-19,0,217,0,0.00370331967965796,0
Delaware,2020-09-20T00:00:00.000,0,130,220,19410,19410,130,2020-09-20,0,220,0,0.00365978683641478,0
Delaware,2020-09-21T00:00:00.000,1,131,205,19615,19615,131,2020-09-21,1,205,0.0048780487804878,0.00361518014643146,1.14201342531022
Delaware,2020-09-22T00:00:00.000,1,132,139,19754,19754,132,2020-09-22,1,139,0.00719424460431655,0.00356976490582026,1.14220760189377
Delaware,2020-09-23T00:00:00.000,1,133,122,19876,19876,133,2020-09-23,1,122,0.00819672131147541,0.00352379461780505,1.14417252581037
Delaware,2020-09-24T00:00:00.000,0,133,107,19983,19983,133,2020-09-24,0,107,0,0.00347750681465964,0
Delaware,2020-09-25T00:00:00.000,0,133,232,20215,20215,133,2020-09-25,0,232,0,0.00343111913207253,0
Delaware,2020-09-26T00:00:00.000,1,134,167,20382,20382,134,2020-09-26,1,167,0.00598802395209581,0.00338482565825557,1.1515374947864
Delaware,2020-09-27T00:00:00.000,1,135,171,20553,20553,135,2020-09-27,1,171,0.00584795321637427,0.00333879356569702,1.1651520257522
Delaware,2020-09-28T00:00:00.000,1,136,237,20790,20790,136,2020-09-28,1,237,0.00421940928270042,0.0032931600211573,1.19069250392332
Delaware,2020-09-29T00:00:00.000,0,136,510,21300,21300,136,2020-09-29,0,510,0,0.00324802935952913,0
Delaware,2020-09-30T00:00:00.000,1,137,111,21411,21411,137,2020-09-30,1,111,0.00900900900900901,0.00320347050082272,1.23864943635511
Dutchess,2020-04-01T00:00:00.000,120,667,330,2892,2892,667,2020-04-01,667,2892,0.230636237897649,0.265575211077945,803.025717804544
Dutchess,2020-04-02T00:00:00.000,142,809,415,3307,3307,809,2020-04-02,142,415,0.342168674698795,0.258449443207684,170.368196362831
Dutchess,2020-04-03T00:00:00.000,129,938,447,3754,3754,938,2020-04-03,129,447,0.288590604026846,0.251454576770799,155.460136567589
Dutchess,2020-04-04T00:00:00.000,139,1077,352,4106,4106,1077,2020-04-04,139,352,0.394886363636364,0.244599598008908,168.715651175257
Dutchess,2020-04-05T00:00:00.000,112,1189,338,4444,4444,1189,2020-04-05,112,338,0.331360946745562,0.237895397414812,136.911519062773
Dutchess,2020-04-06T00:00:00.000,60,1249,335,4779,4779,1249,2020-04-06,60,335,0.17910447761194,0.231353721781844,73.8292546611752
Dutchess,2020-04-07T00:00:00.000,146,1395,462,5241,5241,1395,2020-04-07,146,462,0.316017316017316,0.224986251321063,180.158244145598
Dutchess,2020-04-08T00:00:00.000,98,1493,512,5753,5753,1493,2020-04-08,98,512,0.19140625,0.218803807793632,121.179111431665
Dutchess,2020-04-09T00:00:00.000,105,1598,509,6262,6262,1598,2020-04-09,105,509,0.206286836935167,0.212815696425295,130.045353094082
Dutchess,2020-04-10T00:00:00.000,146,1744,584,6846,6846,1744,2020-04-10,146,584,0.25,0.207029180639909,181.058809018739
Dutchess,2020-04-11T00:00:00.000,94,1838,431,7277,7277,1838,2020-04-11,94,431,0.218097447795824,0.201449085307013,116.687813456107
Dutchess,2020-04-12T00:00:00.000,43,1881,499,7776,7776,1881,2020-04-12,43,499,0.0861723446893788,0.196077521115841,53.4171793305635
Dutchess,2020-04-13T00:00:00.000,53,1934,566,8342,8342,1934,2020-04-13,53,566,0.0936395759717314,0.190913720408677,65.9906844624582
Dutchess,2020-04-14T00:00:00.000,114,2048,487,8829,8829,2048,2020-04-14,114,487,0.234086242299795,0.185953973426865,142.67144260106
Dutchess,2020-04-15T00:00:00.000,37,2085,314,9143,9143,2085,2020-04-15,37,314,0.117834394904459,0.18119165327823,46.542808353285
Dutchess,2020-04-16T00:00:00.000,57,2142,300,9443,9443,2142,2020-04-16,57,300,0.19,0.176617318342326,72.0622059347827
Dutchess,2020-04-17T00:00:00.000,59,2201,381,9824,9824,2201,2020-04-17,59,381,0.154855643044619,0.172218881593578,74.9534051629162
Dutchess,2020-04-18T00:00:00.000,39,2240,196,10020,10020,2240,2020-04-18,39,196,0.198979591836735,0.167981837864224,49.7726123720181
Dutchess,2020-04-19T00:00:00.000,44,2284,357,10377,10377,2284,2020-04-19,44,357,0.123249299719888,0.163889541489751,56.3841722764318
Dutchess,2020-04-20T00:00:00.000,47,2331,209,10586,10586,2331,2020-04-20,47,209,0.22488038277512,0.159923528475844,60.4164551701358
Dutchess,2020-04-21T00:00:00.000,60,2391,313,10899,10899,2391,2020-04-21,60,313,0.191693290734824,0.156063878514439,77.3180341317969
Dutchess,2020-04-22T00:00:00.000,69,2460,366,11265,11265,2460,2020-04-22,69,366,0.188524590163934,0.152289613114106,89.2550524341196
Dutchess,2020-04-23T00:00:00.000,57,2517,374,11639,11639,2517,2020-04-23,57,374,0.152406417112299,0.148579126332561,74.2344772582451
Dutchess,2020-04-24T00:00:00.000,143,2660,913,12552,12552,2660,2020-04-24,143,913,0.156626506024096,0.144910644258378,187.474774479712
Dutchess,2020-04-25T00:00:00.000,69,2729,485,13037,13037,2729,2020-04-25,69,485,0.142268041237113,0.141262708302728,91.0403205277372
Dutchess,2020-04-26T00:00:00.000,64,2793,389,13426,13426,2793,2020-04-26,64,389,0.16452442159383,0.137614675673077,84.960761888294
Dutchess,2020-04-27T00:00:00.000,24,2817,223,13649,13649,2817,2020-04-27,24,223,0.10762331838565,0.133947228195437,32.0094738685301
Dutchess,2020-04-28T00:00:00.000,64,2881,566,14215,14215,2881,2020-04-28,64,566,0.113074204946996,0.130242878152328,85.638492047234
Dutchess,2020-04-29T00:00:00.000,73,2954,427,14642,14642,2954,2020-04-29,73,427,0.17096018735363,0.126486457131479,97.9651792298899
Dutchess,2020-04-30T00:00:00.000,48,3002,443,15085,15085,3002,2020-04-30,48,443,0.108352144469526,0.122665571555127,64.5763431016791
Dutchess,2020-05-01T00:00:00.000,47,3049,473,15558,15558,3049,2020-05-01,47,473,0.0993657505285412,0.118771006642467,63.36115589908
Dutchess,2020-05-02T00:00:00.000,37,3086,434,15992,15992,3086,2020-05-02,37,434,0.0852534562211982,0.114797059587959,49.9593886195889
Dutchess,2020-05-03T00:00:00.000,45,3131,370,16362,16362,3131,2020-05-03,45,370,0.121621621621622,0.110741782896096,60.8281187324668
Dutchess,2020-05-04T00:00:00.000,20,3151,307,16669,16669,3151,2020-05-04,20,307,0.0651465798045603,0.106607120425534,27.0547509740435
Dutchess,2020-05-05T00:00:00.000,41,3192,370,17039,17039,3192,2020-05-05,41,370,0.110810810810811,0.102398921809419,55.5655831376259
Dutchess,2020-05-06T00:00:00.000,41,3233,438,17477,17477,3233,2020-05-06,41,438,0.0936073059360731,0.0981268256537019,55.6068489971975
Dutchess,2020-05-07T00:00:00.000,44,3277,482,17959,17959,3277,2020-05-07,44,482,0.0912863070539419,0.0938040080404933,59.7138506434382
Dutchess,2020-05-08T00:00:00.000,42,3319,534,18493,18493,3319,2020-05-08,42,534,0.0786516853932584,0.0894468000274445,57.1249734843443
Dutchess,2020-05-09T00:00:00.000,40,3359,471,18964,18964,3359,2020-05-09,40,471,0.0849256900212314,0.0850741856113352,54.4831755049683
Dutchess,2020-05-10T00:00:00.000,19,3378,348,19312,19312,3378,2020-05-10,19,348,0.0545977011494253,0.080707199289777,25.8666523175515
Dutchess,2020-05-11T00:00:00.000,21,3399,216,19528,19528,3399,2020-05-11,21,216,0.0972222222222222,0.0763682491683984,28.4537519756532
Dutchess,2020-05-12T00:00:00.000,30,3429,387,19915,19915,3429,2020-05-12,30,387,0.0775193798449612,0.0720803969617638,40.6149698455577
Dutchess,2020-05-13T00:00:00.000,45,3474,459,20374,20374,3474,2020-05-13,45,459,0.0980392156862745,0.0678666293457511,61.1745410841669
Dutchess,2020-05-14T00:00:00.000,24,3498,394,20768,20768,3498,2020-05-14,24,394,0.0609137055837563,0.0637491558503935,32.5794804267423
Dutchess,2020-05-15T00:00:00.000,29,3527,627,21395,21395,3527,2020-05-15,29,627,0.0462519936204147,0.0597487663793257,39.353073865316
Dutchess,2020-05-16T00:00:00.000,16,3543,491,21886,21886,3543,2020-05-16,16,491,0.0325865580448065,0.0558842769425032,21.6835452719209
Dutchess,2020-05-17T00:00:00.000,9,3552,337,22223,22223,3552,2020-05-17,9,337,0.0267062314540059,0.0521720855111522,12.1926927865477
Dutchess,2020-05-18T00:00:00.000,158,3710,972,23195,23195,3710,2020-05-18,158,972,0.162551440329218,0.0486258519195294,214.599567814984
Dutchess,2020-05-19T00:00:00.000,14,3724,536,23731,23731,3724,2020-05-19,14,536,0.0261194029850746,0.0452563071410415,19.0336341777389
Dutchess,2020-05-20T00:00:00.000,21,3745,573,24304,24304,3745,2020-05-20,21,573,0.0366492146596859,0.0420711889348516,28.5663536734913
Dutchess,2020-05-21T00:00:00.000,22,3767,556,24860,24860,3767,2020-05-21,22,556,0.039568345323741,0.0390752935789126,29.973299511175
Dutchess,2020-05-22T00:00:00.000,26,3793,549,25409,25409,3793,2020-05-22,26,549,0.0473588342440801,0.0362706276430936,35.4454565796701
Dutchess,2020-05-23T00:00:00.000,14,3807,874,26283,26283,3807,2020-05-23,14,874,0.0160183066361556,0.0336566399375209,19.0810168023697
Dutchess,2020-05-24T00:00:00.000,18,3825,650,26933,26933,3825,2020-05-24,18,650,0.0276923076923077,0.0312305119152064,24.5051999794965
Dutchess,2020-05-25T00:00:00.000,9,3834,301,27234,27234,3834,2020-05-25,9,301,0.0299003322259136,0.0289874847706347,12.2287939755709
Dutchess,2020-05-26T00:00:00.000,13,3847,423,27657,27657,3847,2020-05-26,13,423,0.0307328605200946,0.026921203005463,17.6467424094394
Dutchess,2020-05-27T00:00:00.000,20,3867,911,28568,28568,3867,2020-05-27,20,911,0.021953896816685,0.0250240568411318,27.122214110679
Dutchess,2020-05-28T00:00:00.000,20,3887,1257,29825,29825,3887,2020-05-28,20,1257,0.0159108989657916,0.0232875091938581,27.0793745184124
Dutchess,2020-05-29T00:00:00.000,12,3899,1265,31090,31090,3899,2020-05-29,12,1265,0.00948616600790514,0.0217023965006385,16.3329786637675
Dutchess,2020-05-30T00:00:00.000,10,3909,765,31855,31855,3909,2020-05-30,10,765,0.0130718954248366,0.0202591962188349,13.6605932561482
Dutchess,2020-05-31T00:00:00.000,15,3924,1034,32889,32889,3924,2020-05-31,15,1034,0.0145067698259188,0.018948257016266,20.5300448485696
Dutchess,2020-06-01T00:00:00.000,12,3936,936,33825,33825,3936,2020-06-01,12,936,0.0128205128205128,0.0177599903719883,16.4211175760495
Dutchess,2020-06-02T00:00:00.000,15,3951,1003,34828,34828,3951,2020-06-02,15,1003,0.0149551345962114,0.0166850244618916,20.470113713727
Dutchess,2020-06-03T00:00:00.000,11,3962,771,35599,35599,3962,2020-06-03,11,771,0.0142671854734112,0.0157143227657168,14.9423455911597
Dutchess,2020-06-04T00:00:00.000,22,3984,1166,36765,36765,3984,2020-06-04,22,1166,0.0188679245283019,0.014839270872082,29.6948613030416
Dutchess,2020-06-05T00:00:00.000,11,3995,1072,37837,37837,3995,2020-06-05,11,1072,0.0102611940298507,0.0140517355448022,14.7683738962424
Dutchess,2020-06-06T00:00:00.000,5,4000,793,38630,38630,4000,2020-06-06,5,793,0.00630517023959647,0.0133441003144762,6.74309108694662
Dutchess,2020-06-07T00:00:00.000,6,4006,906,39536,39536,4006,2020-06-07,6,906,0.00662251655629139,0.0127092818022968,8.09679103317478
Dutchess,2020-06-08T00:00:00.000,10,4016,717,40253,40253,4016,2020-06-08,10,717,0.0139470013947001,0.0121407307153959,13.4925117179248
Dutchess,2020-06-09T00:00:00.000,6,4022,944,41197,41197,4022,2020-06-09,6,944,0.00635593220338983,0.0116324210697778,8.08745010425322
Dutchess,2020-06-10T00:00:00.000,5,4027,1072,42269,42269,4027,2020-06-10,5,1072,0.00466417910447761,0.0111788307504035,6.72710310723996
Dutchess,2020-06-11T00:00:00.000,8,4035,1046,43315,43315,4035,2020-06-11,8,1046,0.00764818355640535,0.0107749160502722,10.7342979051407
Dutchess,2020-06-12T00:00:00.000,14,4049,1186,44501,44501,4049,2020-06-12,14,1186,0.0118043844856661,0.0104160823729459,18.7088794613636
Dutchess,2020-06-13T00:00:00.000,7,4056,766,45267,45267,4056,2020-06-13,7,766,0.00913838120104439,0.0100981528605403,9.31050515408393
Dutchess,2020-06-14T00:00:00.000,12,4068,1161,46428,46428,4068,2020-06-14,12,1161,0.0103359173126615,0.00981733632928671,15.8944868661341
Dutchess,2020-06-15T00:00:00.000,7,4075,817,47245,47245,4075,2020-06-15,7,817,0.00856793145654835,0.00957019555966432,9.30749971537672
Dutchess,2020-06-16T00:00:00.000,2,4077,841,48086,48086,4077,2020-06-16,2,841,0.00237812128418549,0.00935361670917679,2.66563169053981
Dutchess,2020-06-17T00:00:00.000,11,4088,1071,49157,49157,4088,2020-06-17,11,1071,0.0102707749766573,0.00916478037342559,14.6733094828379
Dutchess,2020-06-18T00:00:00.000,22,4110,1206,50363,50363,4110,2020-06-18,22,1206,0.0182421227197347,0.00900113463255023,29.2400764523911
Dutchess,2020-06-19T00:00:00.000,17,4127,978,51341,51341,4127,2020-06-19,17,978,0.0173824130879346,0.00886037025448559,22.4562920108936
Dutchess,2020-06-20T00:00:00.000,11,4138,1101,52442,52442,4138,2020-06-20,11,1101,0.00999091734786558,0.00874039810857464,14.3975046675279
Dutchess,2020-06-21T00:00:00.000,7,4145,781,53223,53223,4145,2020-06-21,7,781,0.0089628681177977,0.00863932873979172,9.07135863075293
Dutchess,2020-06-22T00:00:00.000,5,4150,494,53717,53717,4150,2020-06-22,5,494,0.0101214574898785,0.00855545398153532,6.41136897501804
Dutchess,2020-06-23T00:00:00.000,8,4158,595,54312,54312,4158,2020-06-23,8,595,0.0134453781512605,0.00848723043247943,10.1451449021353
Dutchess,2020-06-24T00:00:00.000,18,4176,1245,55557,55557,4176,2020-06-24,18,1245,0.0144578313253012,0.00843326458254748,22.5664966757123
Dutchess,2020-06-25T00:00:00.000,3,4179,958,56515,56515,4179,2020-06-25,3,958,0.00313152400835073,0.00839229935727644,3.7172885984657
Dutchess,2020-06-26T00:00:00.000,12,4191,1099,57614,57614,4191,2020-06-26,12,1099,0.010919017288444,0.00836320183537249,14.6940712202673
Dutchess,2020-06-27T00:00:00.000,7,4198,828,58442,58442,4198,2020-06-27,7,828,0.00845410628019324,0.0083449519031592,8.50438221929262
Dutchess,2020-06-28T00:00:00.000,3,4201,773,59215,59215,4201,2020-06-28,3,773,0.00388098318240621,0.00833663161901663,3.62511485059821
Dutchess,2020-06-29T00:00:00.000,6,4207,422,59637,59637,4207,2020-06-29,6,422,0.014218009478673,0.00833741508369805,7.20271376751656
Dutchess,2020-06-30T00:00:00.000,6,4213,1015,60652,60652,4213,2020-06-30,6,1015,0.00591133004926108,0.00834655863983691,7.15670551761473
Dutchess,2020-07-01T00:00:00.000,12,4225,973,61625,61625,4225,2020-07-01,12,973,0.0123329907502569,0.00836339125804798,14.1743931249893
Dutchess,2020-07-02T00:00:00.000,6,4231,967,62592,62592,4231,2020-07-02,6,967,0.0062047569803516,0.00838730500083055,7.10534204031813
Dutchess,2020-07-03T00:00:00.000,7,4238,828,63420,63420,4238,2020-07-03,7,828,0.00845410628019324,0.00841774549679979,8.32706161348551
Dutchess,2020-07-04T00:00:00.000,5,4243,1123,64543,64543,4243,2020-07-04,5,1123,0.00445235975066785,0.00845420239587254,5.97027906166837
Dutchess,2020-07-05T00:00:00.000,3,4246,1096,65639,65639,4246,2020-07-05,3,1096,0.00273722627737226,0.00849619981255936,3.57826771941795
Dutchess,2020-07-06T00:00:00.000,2,4248,772,66411,66411,4248,2020-07-06,2,772,0.00259067357512953,0.00854328680443514,2.38278099105888
Dutchess,2020-07-07T00:00:00.000,2,4250,699,67110,67110,4250,2020-07-07,2,699,0.00286123032904149,0.00859502796551175,2.37987803665893
Dutchess,2020-07-08T00:00:00.000,5,4255,1052,68162,68162,4255,2020-07-08,5,1052,0.00475285171102662,0.00865099424515816,5.94191894338548
Dutchess,2020-07-09T00:00:00.000,7,4262,1041,69203,69203,4262,2020-07-09,7,1041,0.00672430355427474,0.00871075413139423,8.30697318357795
Dutchess,2020-07-10T00:00:00.000,7,4269,1229,70432,70432,4269,2020-07-10,7,1229,0.00569568755085435,0.00877386536217906,8.29435825261366
Dutchess,2020-07-11T00:00:00.000,7,4276,1047,71479,71479,4276,2020-07-11,7,1047,0.00668576886341929,0.00883986734528349,8.28079380940649
Dutchess,2020-07-12T00:00:00.000,4,4280,839,72318,72318,4280,2020-07-12,4,839,0.00476758045292014,0.00890827448256453,4.72357679824908
Dutchess,2020-07-13T00:00:00.000,38,4318,1153,73471,73471,4318,2020-07-13,38,1153,0.0329575021682567,0.00897857060304459,44.7898497651032
Dutchess,2020-07-14T00:00:00.000,19,4337,907,74378,74378,4337,2020-07-14,19,907,0.0209481808158765,0.00905020470962997,22.3503356430508
Dutchess,2020-07-15T00:00:00.000,20,4357,1278,75656,75656,4357,2020-07-15,20,1278,0.0156494522691706,0.00912258823906404,23.4772420482291
Dutchess,2020-07-16T00:00:00.000,6,4363,1198,76854,76854,4363,2020-07-16,6,1198,0.00500834724540901,0.00919509401861038,7.02766689800802
Dutchess,2020-07-17T00:00:00.000,10,4373,1125,77979,77979,4373,2020-07-17,10,1125,0.00888888888888889,0.00926705707858768,11.688194808338
Dutchess,2020-07-18T00:00:00.000,3,4376,802,78781,78781,4376,2020-07-18,3,802,0.00374064837905237,0.00933777744327105,3.51317493483747
Dutchess,2020-07-19T00:00:00.000,0,4376,603,79384,79384,4376,2020-07-19,0,603,0,0.00940652497399896,0
Dutchess,2020-07-20T00:00:00.000,4,4380,852,80236,80236,4380,2020-07-20,4,852,0.00469483568075117,0.0094725462805435,4.72447756726183
Dutchess,2020-07-21T00:00:00.000,7,4387,986,81222,81222,4387,2020-07-21,7,986,0.00709939148073022,0.00953507364513373,8.29620760872566
Dutchess,2020-07-22T00:00:00.000,13,4400,1149,82371,82371,4400,2020-07-22,13,1149,0.0113141862489121,0.00959333582557747,15.4495607136956
Dutchess,2020-07-23T00:00:00.000,8,4408,1146,83517,83517,4408,2020-07-23,8,1146,0.00698080279232112,0.00964657051878164,9.52453811276537
Dutchess,2020-07-24T00:00:00.000,4,4412,1041,84558,84558,4412,2020-07-24,4,1041,0.00384245917387128,0.00969403817988617,4.75701637861542
Dutchess,2020-07-25T00:00:00.000,13,4425,921,85479,85479,4425,2020-07-25,13,921,0.0141150922909881,0.00973503680580214,15.3318907985443
Dutchess,2020-07-26T00:00:00.000,15,4440,739,86218,86218,4440,2020-07-26,15,739,0.020297699594046,0.00976891722272378,17.5198371431521
Dutchess,2020-07-27T00:00:00.000,7,4447,1020,87238,87238,4447,2020-07-27,7,1020,0.00686274509803922,0.00979509834921451,8.19374219287588
Dutchess,2020-07-28T00:00:00.000,6,4453,1250,88488,88488,4453,2020-07-28,6,1250,0.0048,0.00981308187358601,7.07227496116441
Dutchess,2020-07-29T00:00:00.000,15,4468,1715,90203,90203,4468,2020-07-29,15,1715,0.0087463556851312,0.0098224657655367,17.7778803806914
Dutchess,2020-07-30T00:00:00.000,22,4490,1610,91813,91813,4490,2020-07-30,22,1610,0.0136645962732919,0.00982295605665024,26.2063154583514
Dutchess,2020-07-31T00:00:00.000,14,4504,1376,93189,93189,4504,2020-07-31,14,1376,0.0101744186046512,0.00981437637091549,16.6976151025698
Dutchess,2020-08-01T00:00:00.000,16,4520,1429,94618,94618,4520,2020-08-01,16,1429,0.0111966410076977,0.00979667475878985,19.0831282816643
Dutchess,2020-08-02T00:00:00.000,23,4543,1047,95665,95665,4543,2020-08-02,23,1047,0.0219675262655205,0.00976992749035867,27.5149356401777
Dutchess,2020-08-03T00:00:00.000,14,4557,796,96461,96461,4557,2020-08-03,14,796,0.0175879396984925,0.00973433958862488,16.8332749435936
Dutchess,2020-08-04T00:00:00.000,11,4568,990,97451,97451,4568,2020-08-04,11,990,0.0111111111111111,0.0096902420175067,13.4070823959863
Dutchess,2020-08-05T00:00:00.000,14,4582,1232,98683,98683,4582,2020-08-05,14,1232,0.0113636363636364,0.00963808558728575,17.2867315966331
Dutchess,2020-08-06T00:00:00.000,7,4589,992,99675,99675,4589,2020-08-06,7,992,0.00705645161290323,0.00957843177772706,8.74926576018968
Dutchess,2020-08-07T00:00:00.000,11,4600,1191,100866,100866,4600,2020-08-07,11,1191,0.00923593618807725,0.00951194080783319,13.8770103257808
Dutchess,2020-08-08T00:00:00.000,7,4607,1244,102110,102110,4607,2020-08-08,7,1244,0.00562700964630225,0.00943935739012619,8.8981504159582
Dutchess,2020-08-09T00:00:00.000,6,4613,998,103108,103108,4613,2020-08-09,6,998,0.00601202404809619,0.00936149468549233,7.66609443898005
Dutchess,2020-08-10T00:00:00.000,6,4619,885,103993,103993,4619,2020-08-10,6,885,0.00677966101694915,0.0092792170274841,7.66273480133683
Dutchess,2020-08-11T00:00:00.000,12,4631,1114,105107,105107,4631,2020-08-11,12,1114,0.0107719928186715,0.00919342200119267,15.2856211787834
Dutchess,2020-08-12T00:00:00.000,9,4640,1362,106469,106469,4640,2020-08-12,9,1362,0.0066079295154185,0.00910502244733848,11.4191980677997
Dutchess,2020-08-13T00:00:00.000,15,4655,1549,108018,108018,4655,2020-08-13,15,1549,0.00968366688185926,0.00901492892426419,18.933965538299
Dutchess,2020-08-14T00:00:00.000,13,4668,1797,109815,109815,4668,2020-08-14,13,1797,0.00723427935447969,0.00892403309089976,16.3275052339709
Dutchess,2020-08-15T00:00:00.000,18,4686,1581,111396,111396,4686,2020-08-15,18,1581,0.0113851992409867,0.00883319239884309,22.5695963515473
Dutchess,2020-08-16T00:00:00.000,14,4700,1177,112573,112573,4700,2020-08-16,14,1177,0.0118946474086661,0.008743216386644,17.5024468756851
Dutchess,2020-08-17T00:00:00.000,4,4704,787,113360,113360,4704,2020-08-17,4,787,0.00508259212198221,0.00865485478007755,4.97982503513726
Dutchess,2020-08-18T00:00:00.000,6,4710,1253,114613,114613,4710,2020-08-18,6,1253,0.00478850758180367,0.00856878751156675,7.4298256441992
Dutchess,2020-08-19T00:00:00.000,11,4721,1406,116019,116019,4721,2020-08-19,11,1406,0.00782361308677098,0.00848561669287932,13.5336577526764
Dutchess,2020-08-20T00:00:00.000,13,4734,1832,117851,117851,4734,2020-08-20,13,1832,0.00709606986899563,0.00840586050657308,15.8752214083525
Dutchess,2020-08-21T00:00:00.000,19,4753,1522,119373,119373,4753,2020-08-21,19,1522,0.0124835742444152,0.00832994893312478,23.0082584338747
Dutchess,2020-08-22T00:00:00.000,14,4767,1475,120848,120848,4767,2020-08-22,14,1475,0.00949152542372881,0.00825822118908799,16.7979252195835
Dutchess,2020-08-23T00:00:00.000,10,4777,1245,122093,122093,4777,2020-08-23,10,1245,0.00803212851405622,0.00819092473788485,11.8799560617311
Dutchess,2020-08-24T00:00:00.000,13,4790,1523,123616,123616,4790,2020-08-24,13,1523,0.00853578463558766,0.00812821572274521,15.2960319459045
Dutchess,2020-08-25T00:00:00.000,8,4798,1335,124951,124951,4798,2020-08-25,8,1335,0.00599250936329588,0.00807016068011045,9.3750024961827
Dutchess,2020-08-26T00:00:00.000,17,4815,2006,126957,126957,4815,2020-08-26,17,2006,0.00847457627118644,0.00801673940523644,19.8310383048622
Dutchess,2020-08-27T00:00:00.000,12,4827,1803,128760,128760,4827,2020-08-27,12,1803,0.00665557404326123,0.0079678488605197,13.9270242514914
Dutchess,2020-08-28T00:00:00.000,19,4846,2102,130862,130862,4846,2020-08-28,19,2102,0.00903901046622265,0.00792330803931872,21.8566347865141
Dutchess,2020-08-29T00:00:00.000,6,4852,1867,132729,132729,4852,2020-08-29,6,1867,0.00321371183717193,0.00788286371994485,6.91582131258656
Dutchess,2020-08-30T00:00:00.000,13,4865,1455,134184,134184,4865,2020-08-30,13,1455,0.00893470790378007,0.00784619705715919,15.0428754886995
Dutchess,2020-08-31T00:00:00.000,3,4868,1515,135699,135699,4868,2020-08-31,3,1515,0.00198019801980198,0.00781293097429056,3.47803169097407
Dutchess,2020-09-01T00:00:00.000,10,4878,1329,137028,137028,4878,2020-09-01,10,1329,0.00752445447705041,0.00778263831585267,11.6150185371888
Dutchess,2020-09-02T00:00:00.000,14,4892,1400,138428,138428,4892,2020-09-02,14,1400,0.01,0.00775485071694025,16.2904826594117
Dutchess,2020-09-03T00:00:00.000,10,4902,1308,139736,139736,4902,2020-09-03,10,1308,0.00764525993883792,0.00772906812911638,11.6564472504238
Dutchess,2020-09-04T00:00:00.000,12,4914,1692,141428,141428,4914,2020-09-04,12,1692,0.00709219858156028,0.00770476891659734,14.0112971739759
Dutchess,2020-09-05T00:00:00.000,14,4928,1404,142832,142832,4928,2020-09-05,14,1404,0.00997150997150997,0.00768142040504537,16.3728185910993
Dutchess,2020-09-06T00:00:00.000,11,4939,992,143824,143824,4939,2020-09-06,11,992,0.0110887096774194,0.00765848973116943,12.8840127503445
Dutchess,2020-09-07T00:00:00.000,5,4944,609,144433,144433,4944,2020-09-07,5,609,0.00821018062397373,0.00763545479960841,5.86481139982561
Dutchess,2020-09-08T00:00:00.000,12,4956,867,145300,145300,4956,2020-09-08,12,867,0.013840830449827,0.00761181511979529,14.0945658849652
Dutchess,2020-09-09T00:00:00.000,6,4962,1341,146641,146641,4962,2020-09-09,6,1341,0.00447427293064877,0.00758710226551626,7.05614796517251
Dutchess,2020-09-10T00:00:00.000,13,4975,1436,148077,148077,4975,2020-09-10,13,1436,0.00905292479108635,0.0075608896747268,15.3246373828667
Dutchess,2020-09-11T00:00:00.000,9,4984,1632,149709,149709,4984,2020-09-11,9,1632,0.00551470588235294,0.0075328015015488,10.6378086145764
Dutchess,2020-09-12T00:00:00.000,2,4986,1298,151007,151007,4986,2020-09-12,2,1298,0.00154083204930663,0.00750252023535554,2.36934676528948
Dutchess,2020-09-13T00:00:00.000,8,4994,1157,152164,152164,4994,2020-09-13,8,1157,0.00691443388072602,0.0074697928221377,9.52208133309935
Dutchess,2020-09-14T00:00:00.000,12,5006,1047,153211,153211,5006,2020-09-14,12,1047,0.0114613180515759,0.00743443506069048,14.3600430289328
Dutchess,2020-09-15T00:00:00.000,8,5014,1186,154397,154397,5014,2020-09-15,8,1186,0.00674536256323777,0.00739633409759273,9.61889850440718
Dutchess,2020-09-16T00:00:00.000,28,5042,1294,155691,155691,5042,2020-09-16,28,1294,0.0216383307573416,0.00735544890371086,33.8076224355634
Dutchess,2020-09-17T00:00:00.000,8,5050,1205,156896,156896,5050,2020-09-17,8,1205,0.00663900414937759,0.00731180869049522,9.69421842742082
Dutchess,2020-09-18T00:00:00.000,3,5053,1444,158340,158340,5053,2020-09-18,3,1444,0.00207756232686981,0.00726550929396901,3.64625098735354
Dutchess,2020-09-19T00:00:00.000,6,5059,1591,159931,159931,5059,2020-09-19,6,1591,0.00377121307353866,0.00721670762706093,7.30993024305606
Dutchess,2020-09-20T00:00:00.000,17,5076,1090,161021,161021,5076,2020-09-20,17,1090,0.0155963302752294,0.00716561436912669,20.7484639240851
Dutchess,2020-09-21T00:00:00.000,8,5084,982,162003,162003,5084,2020-09-21,8,982,0.00814663951120163,0.00711248511421513,9.77575568412136
Dutchess,2020-09-22T00:00:00.000,5,5089,910,162913,162913,5089,2020-09-22,5,910,0.00549450549450549,0.00705761024040554,6.11387923574679
Dutchess,2020-09-23T00:00:00.000,16,5105,1303,164216,164216,5105,2020-09-23,16,1303,0.012279355333845,0.00700130379237528,19.6077757468098
Dutchess,2020-09-24T00:00:00.000,3,5108,1388,165604,165604,5108,2020-09-24,3,1388,0.00216138328530259,0.00694389167106435,3.6864673011616
Dutchess,2020-09-25T00:00:00.000,7,5115,1346,166950,166950,5115,2020-09-25,7,1346,0.00520059435364042,0.00688569942279836,8.62445511631171
Dutchess,2020-09-26T00:00:00.000,5,5120,1218,168168,168168,5120,2020-09-26,5,1218,0.00410509031198686,0.00682703989375294,6.17614809769755
Dutchess,2020-09-27T00:00:00.000,4,5124,886,169054,169054,5124,2020-09-27,4,886,0.00451467268623025,0.00676820098484968,5.00185334256355
Dutchess,2020-09-28T00:00:00.000,6,5130,896,169950,169950,5130,2020-09-28,6,896,0.00669642857142857,0.00670943369790824,7.67110934013482
Dutchess,2020-09-29T00:00:00.000,7,5137,837,170787,170787,5137,2020-09-29,7,837,0.00836320191158901,0.00665094062181419,9.13913350782096
Dutchess,2020-09-30T00:00:00.000,11,5148,1617,172404,172404,5148,2020-09-30,11,1617,0.00680272108843537,0.00659286495732068,14.6449009809596
Erie,2020-04-01T00:00:00.000,153,617,571,2778,2778,617,2020-04-01,617,2778,0.222102231821454,0.237723529667715,734.644527574844
Erie,2020-04-02T00:00:00.000,103,720,429,3207,3207,720,2020-04-02,103,429,0.24009324009324,0.238257573595057,122.575738188257
Erie,2020-04-03T00:00:00.000,88,808,317,3524,3524,808,2020-04-03,88,317,0.277602523659306,0.238776483318835,105.503096775348
Erie,2020-04-04T00:00:00.000,110,918,402,3926,3926,918,2020-04-04,110,402,0.27363184079602,0.239254657919733,133.221317291046
Erie,2020-04-05T00:00:00.000,105,1023,549,4475,4475,1023,2020-04-05,105,549,0.191256830601093,0.239656553930741,128.449255827711
Erie,2020-04-06T00:00:00.000,112,1135,396,4871,4871,1135,2020-04-06,112,396,0.282828282828283,0.239938714548119,138.317662218424
Erie,2020-04-07T00:00:00.000,70,1205,295,5166,5166,1205,2020-04-07,70,295,0.23728813559322,0.240051820455285,86.9389172517055
Erie,2020-04-08T00:00:00.000,157,1362,458,5624,5624,1362,2020-04-08,157,458,0.342794759825328,0.239942766363891,195.932562731684
Erie,2020-04-09T00:00:00.000,47,1409,309,5933,5933,1409,2020-04-09,47,309,0.15210355987055,0.239556756026917,58.9038760680698
Erie,2020-04-10T00:00:00.000,63,1472,297,6230,6230,1472,2020-04-10,63,297,0.212121212121212,0.238839396425033,79.2528325503117
Erie,2020-04-11T00:00:00.000,99,1571,317,6547,6547,1571,2020-04-11,99,317,0.312302839116719,0.237738759218889,124.947137816617
Erie,2020-04-12T00:00:00.000,53,1624,182,6729,6729,1624,2020-04-12,53,182,0.291208791208791,0.2362073669759,67.0772004768657
Erie,2020-04-13T00:00:00.000,44,1668,223,6952,6952,1668,2020-04-13,44,223,0.197309417040359,0.23420405325755,55.9158802872869
Erie,2020-04-14T00:00:00.000,83,1751,326,7278,7278,1751,2020-04-14,83,326,0.254601226993865,0.231695640088281,106.184599536533
Erie,2020-04-15T00:00:00.000,99,1850,394,7672,7672,1850,2020-04-15,99,394,0.251269035532995,0.228658374566981,127.464999220144
Erie,2020-04-16T00:00:00.000,79,1929,348,8020,8020,1929,2020-04-16,79,348,0.227011494252874,0.225079067433486,102.326935990433
Erie,2020-04-17T00:00:00.000,68,1997,262,8282,8282,1997,2020-04-17,68,262,0.259541984732824,0.220955882063769,88.566758326364
Erie,2020-04-18T00:00:00.000,73,2070,367,8649,8649,2070,2020-04-18,73,367,0.198910081743869,0.216298730806526,95.5493755515881
Erie,2020-04-19T00:00:00.000,39,2109,199,8848,8848,2109,2020-04-19,39,199,0.195979899497487,0.211129248929954,51.25884972154
Erie,2020-04-20T00:00:00.000,38,2147,258,9106,9106,2147,2020-04-20,38,258,0.147286821705426,0.205480332629742,50.0872016559997
Erie,2020-04-21T00:00:00.000,86,2233,347,9453,9453,2233,2020-04-21,86,347,0.247838616714697,0.199395247923947,113.571469432575
Erie,2020-04-22T00:00:00.000,217,2450,1307,10760,10760,2450,2020-04-22,217,1307,0.166029074215761,0.192926339504048,287.419067917263
Erie,2020-04-23T00:00:00.000,153,2603,982,11742,11742,2603,2020-04-23,153,982,0.155804480651731,0.186133392257363,203.80220526582
Erie,2020-04-24T00:00:00.000,170,2773,872,12614,12614,2773,2020-04-24,170,872,0.194954128440367,0.179081720398886,227.641176157463
Erie,2020-04-25T00:00:00.000,181,2954,795,13409,13409,2954,2020-04-25,181,795,0.227672955974843,0.171840078040424,243.541488184205
Erie,2020-04-26T00:00:00.000,67,3021,508,13917,13917,3021,2020-04-26,67,508,0.131889763779528,0.164478497838059,90.543580619102
Erie,2020-04-27T00:00:00.000,68,3089,586,14503,14503,3089,2020-04-27,68,586,0.116040955631399,0.157066169206335,92.1491002001446
Erie,2020-04-28T00:00:00.000,107,3196,716,15219,15219,3196,2020-04-28,107,716,0.149441340782123,0.149669463257213,145.181318693475
Erie,2020-04-29T00:00:00.000,123,3319,885,16104,16104,3319,2020-04-29,123,885,0.138983050847458,0.142350198582784,167.026504972204
Erie,2020-04-30T00:00:00.000,162,3481,905,17009,17009,3481,2020-04-30,162,905,0.179005524861878,0.13516422091258,220.070145569734
Erie,2020-05-01T00:00:00.000,117,3598,1058,18067,18067,3598,2020-05-01,117,1058,0.110586011342155,0.128160343773638,158.933489205596
Erie,2020-05-02T00:00:00.000,112,3710,799,18866,18866,3710,2020-05-02,112,799,0.14017521902378,0.121379668996818,152.073986963017
Erie,2020-05-03T00:00:00.000,92,3802,760,19626,19626,3802,2020-05-03,92,760,0.121052631578947,0.114855278817827,124.814098269959
Erie,2020-05-04T00:00:00.000,89,3891,779,20405,20405,3891,2020-05-04,89,779,0.114249037227214,0.108612267949974,120.618193224468
Erie,2020-05-05T00:00:00.000,117,4008,1498,21903,21903,4008,2020-05-05,117,1498,0.0781041388518024,0.102668066594956,158.606828641718
Erie,2020-05-06T00:00:00.000,128,4136,1164,23067,23067,4136,2020-05-06,128,1164,0.109965635738832,0.0970329945404323,173.40737639638
Erie,2020-05-07T00:00:00.000,119,4255,1008,24075,24075,4255,2020-05-07,119,1008,0.118055555555556,0.0917109824313381,161.134804869832
Erie,2020-05-08T00:00:00.000,82,4337,1049,25124,25124,4337,2020-05-08,82,1049,0.0781696854146807,0.0867003981662307,111.182440269873
Erie,2020-05-09T00:00:00.000,116,4453,1231,26355,26355,4453,2020-05-09,116,1231,0.0942323314378554,0.0819949225572644,157.419789012286
Erie,2020-05-10T00:00:00.000,30,4483,386,26741,26741,4483,2020-05-10,30,386,0.077720207253886,0.0775844275190491,40.6812330292726
Erie,2020-05-11T00:00:00.000,47,4530,696,27437,27437,4530,2020-05-11,47,696,0.0675287356321839,0.0734558206127643,63.4350728328215
Erie,2020-05-12T00:00:00.000,76,4606,1591,29028,29028,4606,2020-05-12,76,1591,0.0477686989314896,0.069593830071616,102.530678079062
Erie,2020-05-13T00:00:00.000,65,4671,1664,30692,30692,4671,2020-05-13,65,1664,0.0390625,0.0659817142027077,88.1146852733061
Erie,2020-05-14T00:00:00.000,111,4782,1690,32382,32382,4782,2020-05-14,111,1690,0.0656804733727811,0.0626018868624522,150.406702359141
Erie,2020-05-15T00:00:00.000,85,4867,1164,33546,33546,4867,2020-05-15,85,1164,0.0730240549828179,0.0594364570709855,115.284782786364
Erie,2020-05-16T00:00:00.000,87,4954,1827,35373,35373,4954,2020-05-16,87,1827,0.0476190476190476,0.0564676850425549,118.026790025693
Erie,2020-05-17T00:00:00.000,39,4993,628,36001,36001,4993,2020-05-17,39,628,0.0621019108280255,0.053678359738524,52.9855970901678
Erie,2020-05-18T00:00:00.000,44,5037,934,36935,36935,5037,2020-05-18,44,934,0.0471092077087794,0.0510521042973195,60.0536038803915
Erie,2020-05-19T00:00:00.000,94,5131,2198,39133,39133,5131,2020-05-19,94,2198,0.0427661510464058,0.0485736160199516,128.704481148895
Erie,2020-05-20T00:00:00.000,139,5270,2974,42107,42107,5270,2020-05-20,139,2974,0.046738399462004,0.0462288472372378,190.872403464872
Erie,2020-05-21T00:00:00.000,127,5397,2175,44282,44282,5397,2020-05-21,127,2175,0.0583908045977012,0.0440051325588453,175.095789166208
Erie,2020-05-22T00:00:00.000,155,5552,2767,47049,47049,5552,2020-05-22,155,2767,0.0560173473075533,0.0418912672428637,214.3758048482
Erie,2020-05-23T00:00:00.000,74,5626,1742,48791,48791,5626,2020-05-23,74,1742,0.0424799081515499,0.039877540667226,102.581952036564
Erie,2020-05-24T00:00:00.000,74,5700,1718,50509,50509,5700,2020-05-24,74,1718,0.0430733410942957,0.037955728438709,102.727634650736
Erie,2020-05-25T00:00:00.000,53,5753,1334,51843,51843,5753,2020-05-25,53,1334,0.0397301349325337,0.0361190466342788,73.6155503052326
Erie,2020-05-26T00:00:00.000,57,5810,1572,53415,53415,5810,2020-05-26,57,1572,0.0362595419847328,0.0343620718649096,79.2856402486887
Erie,2020-05-27T00:00:00.000,76,5886,2367,55782,55782,5886,2020-05-27,76,2367,0.0321081537811576,0.0326806314776698,105.852716764519
Erie,2020-05-28T00:00:00.000,49,5935,1944,57726,57726,5935,2020-05-28,49,1944,0.0252057613168724,0.0310716688958693,68.2855587228419
Erie,2020-05-29T00:00:00.000,79,6014,2434,60160,60160,6014,2020-05-29,79,2434,0.0324568611339359,0.029533089951204,110.889738524875
Erie,2020-05-30T00:00:00.000,56,6070,2402,62562,62562,6070,2020-05-30,56,2402,0.0233139050791007,0.028063596715369,79.0332241747442
Erie,2020-05-31T00:00:00.000,53,6123,1951,64513,64513,6123,2020-05-31,53,1951,0.0271655561250641,0.0266625157940453,75.0598504055609
Erie,2020-06-01T00:00:00.000,50,6173,2225,66738,66738,6173,2020-06-01,50,2225,0.0224719101123595,0.0253296281608208,70.894097434706
Erie,2020-06-02T00:00:00.000,61,6234,3364,70102,70102,6234,2020-06-02,61,3364,0.0181331747919144,0.0240650072468429,86.3504780207228
Erie,2020-06-03T00:00:00.000,74,6308,2639,72741,72741,6308,2020-06-03,74,2639,0.0280409245926487,0.0228688712796957,104.364480909346
Erie,2020-06-04T00:00:00.000,51,6359,2896,75637,75637,6359,2020-06-04,51,2896,0.0176104972375691,0.0217414547360628,71.5181711362176
Erie,2020-06-05T00:00:00.000,70,6429,4101,79738,79738,6429,2020-06-05,70,4101,0.0170690075591319,0.0206829023458917,97.6846186126534
Erie,2020-06-06T00:00:00.000,57,6486,2102,81840,81840,6486,2020-06-06,57,2102,0.0271170313986679,0.0196931875713522,79.9220379471646
Erie,2020-06-07T00:00:00.000,45,6531,1670,83510,83510,6531,2020-06-07,45,1670,0.0269461077844311,0.0187720558774339,63.141264807772
Erie,2020-06-08T00:00:00.000,64,6595,3600,87110,87110,6595,2020-06-08,64,3600,0.0177777777777778,0.0179189916860956,89.7800105392086
Erie,2020-06-09T00:00:00.000,21,6616,2358,89468,89468,6616,2020-06-09,21,2358,0.0089058524173028,0.0171332066837287,29.4236477435389
Erie,2020-06-10T00:00:00.000,43,6659,2427,91895,91895,6659,2020-06-10,43,2427,0.0177173465183354,0.0164136462269649,60.1183986912922
Erie,2020-06-11T00:00:00.000,58,6717,3047,94942,94942,6717,2020-06-11,58,3047,0.0190351165080407,0.0157590100057919,80.8394135233344
Erie,2020-06-12T00:00:00.000,36,6753,2819,97761,97761,6753,2020-06-12,36,2819,0.012770485987939,0.0151677828689405,49.9509798324251
Erie,2020-06-13T00:00:00.000,32,6785,2624,100385,100385,6785,2020-06-13,32,2624,0.0121951219512195,0.0146382717412622,44.1722955816549
Erie,2020-06-14T00:00:00.000,32,6817,1796,102181,102181,6817,2020-06-14,32,1796,0.0178173719376392,0.0141686448251567,43.9692146395412
Erie,2020-06-15T00:00:00.000,35,6852,2174,104355,104355,6852,2020-06-15,35,2174,0.016099356025759,0.0137569697215985,48.2573237137833
Erie,2020-06-16T00:00:00.000,30,6882,2419,106774,106774,6882,2020-06-16,30,2419,0.0124018189334436,0.0134012476226876,41.4484188699837
Erie,2020-06-17T00:00:00.000,38,6920,2888,109662,109662,6920,2020-06-17,38,2888,0.0131578947368421,0.0130994413251265,52.532982762103
Erie,2020-06-18T00:00:00.000,35,6955,3405,113067,113067,6955,2020-06-18,35,3405,0.0102790014684288,0.0128494953661614,48.2039634841851
Erie,2020-06-19T00:00:00.000,25,6980,3055,116122,116122,6980,2020-06-19,25,3055,0.00818330605564648,0.0126493471615165,34.2208473079931
Erie,2020-06-20T00:00:00.000,24,7004,2204,118326,118326,7004,2020-06-20,24,2204,0.0108892921960073,0.0124969285036413,32.5561463145819
Erie,2020-06-21T00:00:00.000,31,7035,2224,120550,120550,7035,2020-06-21,31,2224,0.0139388489208633,0.012390157268126,41.6481459391008
Erie,2020-06-22T00:00:00.000,38,7073,2083,122633,122633,7073,2020-06-22,38,2083,0.0182429188670187,0.012326919610934,50.538868452828
Erie,2020-06-23T00:00:00.000,35,7108,2861,125494,125494,7108,2020-06-23,35,2861,0.012233484795526,0.012305043366316,46.0646766782802
Erie,2020-06-24T00:00:00.000,30,7138,3065,128559,128559,7138,2020-06-24,30,3065,0.00978792822185971,0.0123222638123959,39.0645089736795
Erie,2020-06-25T00:00:00.000,43,7181,2620,131179,131179,7181,2020-06-25,43,2620,0.016412213740458,0.0123761834161801,55.3916188106135
Erie,2020-06-26T00:00:00.000,25,7206,2428,133607,133607,7206,2020-06-26,25,2428,0.0102965403624382,0.0124642276887257,31.8588564218402
Erie,2020-06-27T00:00:00.000,22,7228,2116,135723,135723,7228,2020-06-27,22,2116,0.0103969754253308,0.0125835997752663,27.848737881333
Erie,2020-06-28T00:00:00.000,21,7249,1787,137510,137510,7249,2020-06-28,21,1787,0.0117515388919978,0.0127312369301339,26.4732834303689
Erie,2020-06-29T00:00:00.000,43,7292,2534,140044,140044,7292,2020-06-29,43,2534,0.0169692186266772,0.0129037724827069,53.9239737973179
Erie,2020-06-30T00:00:00.000,45,7337,2670,142714,142714,7337,2020-06-30,45,2670,0.0168539325842697,0.0130975072535489,56.1490652404001
Erie,2020-07-01T00:00:00.000,33,7370,2959,145673,145673,7370,2020-07-01,33,2959,0.0111524163568773,0.0133083945387777,40.8330191906735
Erie,2020-07-02T00:00:00.000,57,7427,2920,148593,148593,7427,2020-07-02,57,2920,0.0195205479452055,0.0135320426851751,70.8080585105634
Erie,2020-07-03T00:00:00.000,35,7462,2542,151135,151135,7462,2020-07-03,35,2542,0.0137686860739575,0.0137637388138338,43.7336621464528
Erie,2020-07-04T00:00:00.000,13,7475,1775,152910,152910,7475,2020-07-04,13,1775,0.00732394366197183,0.0139984963979949,16.3255888252168
Erie,2020-07-05T00:00:00.000,25,7500,1603,154513,154513,7500,2020-07-05,25,1603,0.0155957579538366,0.0142311281313217,31.3973537133391
Erie,2020-07-06T00:00:00.000,44,7544,2750,157263,157263,7544,2020-07-06,44,2750,0.016,0.014456343842044,55.2522738844164
Erie,2020-07-07T00:00:00.000,52,7596,3240,160503,160503,7596,2020-07-07,52,3240,0.0160493827160494,0.0146688712514119,65.2744151456619
Erie,2020-07-08T00:00:00.000,28,7624,3212,163715,163715,7624,2020-07-08,28,3212,0.0087173100871731,0.0148635952716279,35.1253398510837
Erie,2020-07-09T00:00:00.000,36,7660,3299,167014,167014,7660,2020-07-09,36,3299,0.0109123976962716,0.0150357094984629,45.118441151953
Erie,2020-07-10T00:00:00.000,51,7711,2752,169766,169766,7711,2020-07-10,51,2752,0.018531976744186,0.0151808718167904,63.8359756584102
Erie,2020-07-11T00:00:00.000,31,7742,2421,172187,172187,7742,2020-07-11,31,2421,0.0128046261875258,0.015295354859876,38.7388751135209
Erie,2020-07-12T00:00:00.000,24,7766,1765,173952,173952,7766,2020-07-12,24,1765,0.0135977337110482,0.01537618161584,29.9314476414102
Erie,2020-07-13T00:00:00.000,67,7833,2651,176603,176603,7833,2020-07-13,67,2651,0.025273481705017,0.0154212369022258,83.360826616049
Erie,2020-07-14T00:00:00.000,58,7891,2975,179578,179578,7891,2020-07-14,58,2975,0.0194957983193277,0.015429346759224,71.9659985529499
Erie,2020-07-15T00:00:00.000,36,7927,3015,182593,182593,7927,2020-07-15,36,3015,0.0119402985074627,0.0154003199364235,44.5308258720388
Erie,2020-07-16T00:00:00.000,55,7982,3391,185984,185984,7982,2020-07-16,55,3391,0.0162194043055146,0.0153349483844513,67.800863012603
Erie,2020-07-17T00:00:00.000,34,8016,2039,188023,188023,8016,2020-07-17,34,2039,0.0166748406081412,0.0152349667088913,41.7653692726288
Erie,2020-07-18T00:00:00.000,19,8035,1699,189722,189722,8035,2020-07-18,19,1699,0.011183048852266,0.0151029735825939,23.3460825165194
Erie,2020-07-19T00:00:00.000,11,8046,1434,191156,191156,8046,2020-07-19,11,1434,0.00767085076708508,0.0149423208130712,13.5532029755119
Erie,2020-07-20T00:00:00.000,60,8106,3225,194381,194381,8106,2020-07-20,60,3225,0.0186046511627907,0.0147569778350346,74.0795130961478
Erie,2020-07-21T00:00:00.000,29,8135,2772,197153,197153,8135,2020-07-21,29,2772,0.0104617604617605,0.0145513806808027,35.8539975522645
Erie,2020-07-22T00:00:00.000,52,8187,3067,200220,200220,8187,2020-07-22,52,3067,0.0169546788392566,0.0143302748698457,64.3286761611653
Erie,2020-07-23T00:00:00.000,47,8234,3348,203568,203568,8234,2020-07-23,47,3348,0.0140382317801673,0.0140985612043835,58.1208530629895
Erie,2020-07-24T00:00:00.000,48,8282,4090,207658,207658,8282,2020-07-24,48,4090,0.0117359413202934,0.013861152282641,59.1623414578094
Erie,2020-07-25T00:00:00.000,19,8301,1879,209537,209537,8301,2020-07-25,19,1879,0.010111761575306,0.0136228458617804,23.1738926310982
Erie,2020-07-26T00:00:00.000,26,8327,1845,211382,211382,8327,2020-07-26,26,1845,0.0140921409214092,0.0133882192053453,31.3400577379164
Erie,2020-07-27T00:00:00.000,37,8364,2806,214188,214188,8364,2020-07-27,37,2806,0.0131860299358517,0.0131615465495931,44.608312201389
Erie,2020-07-28T00:00:00.000,46,8410,2416,216604,216604,8410,2020-07-28,46,2416,0.0190397350993377,0.0129467399092692,55.7443965646838
Erie,2020-07-29T00:00:00.000,24,8434,3886,220490,220490,8434,2020-07-29,24,3886,0.00617601646937725,0.0127473118627145,29.1957590681775
Erie,2020-07-30T00:00:00.000,58,8492,3108,223598,223598,8492,2020-07-30,58,3108,0.0186615186615187,0.0125663577358937,70.8121856105366
Erie,2020-07-31T00:00:00.000,56,8548,3740,227338,227338,8548,2020-07-31,56,3740,0.0149732620320856,0.0124065537896191,68.3743613175587
Erie,2020-08-01T00:00:00.000,24,8572,2624,229962,229962,8572,2020-08-01,24,2624,0.00914634146341463,0.0122701676062378,29.2764227216167
Erie,2020-08-02T00:00:00.000,54,8626,2148,232110,232110,8626,2020-08-02,54,2148,0.0251396648044693,0.0121590767969853,66.0290959667029
Erie,2020-08-03T00:00:00.000,41,8667,3906,236016,236016,8667,2020-08-03,41,3906,0.0104966717869944,0.0120747923444843,50.3711372012352
Erie,2020-08-04T00:00:00.000,35,8702,5925,241941,241941,8702,2020-08-04,35,5925,0.00590717299578059,0.0120184833087117,43.5874178343439
Erie,2020-08-05T00:00:00.000,35,8737,3420,245361,245361,8737,2020-08-05,35,3420,0.010233918128655,0.0119910001391681,44.1712165440877
Erie,2020-08-06T00:00:00.000,54,8791,3434,248795,248795,8791,2020-08-06,54,3434,0.0157251019219569,0.0119928944462719,69.0287943952503
Erie,2020-08-07T00:00:00.000,59,8850,4495,253290,253290,8850,2020-08-07,59,4495,0.0131256952169077,0.0120244337107428,76.1964586469919
Erie,2020-08-08T00:00:00.000,54,8904,2649,255939,255939,8904,2020-08-08,54,2649,0.0203850509626274,0.0120856100314838,70.3603639732955
Erie,2020-08-09T00:00:00.000,14,8918,1745,257684,257684,8918,2020-08-09,14,1745,0.00802292263610315,0.0121761426280451,18.364005048951
Erie,2020-08-10T00:00:00.000,69,8987,4022,261706,261706,8987,2020-08-10,69,4022,0.0171556439582297,0.0122954743819799,90.6368975421781
Erie,2020-08-11T00:00:00.000,26,9013,3239,264945,264945,9013,2020-08-11,26,3239,0.00802716887928373,0.0124427632490611,34.1365131587615
Erie,2020-08-12T00:00:00.000,20,9033,2742,267687,267687,9033,2020-08-12,20,2742,0.00729394602479942,0.0126168698795895,26.2174321345818
Erie,2020-08-13T00:00:00.000,31,9064,3467,271154,271154,9064,2020-08-13,31,3467,0.0089414479376983,0.0128163432223229,40.5314554656909
Erie,2020-08-14T00:00:00.000,50,9114,3109,274263,274263,9114,2020-08-14,50,3109,0.0160823415889353,0.0130394062898723,65.2253094535899
Erie,2020-08-15T00:00:00.000,33,9147,2644,276907,276907,9147,2020-08-15,33,2644,0.0124810892586989,0.013283944535197,43.1008825558285
Erie,2020-08-16T00:00:00.000,10,9157,1992,278899,278899,9157,2020-08-16,10,1992,0.00502008032128514,0.0135474994785899,13.0613938139484
Erie,2020-08-17T00:00:00.000,30,9187,2900,281799,281799,9187,2020-08-17,30,2900,0.0103448275862069,0.0138272702305675,39.1401976223455
Erie,2020-08-18T00:00:00.000,54,9241,3346,285145,285145,9241,2020-08-18,54,3346,0.0161386730424387,0.0141201253957663,70.2931571612414
Erie,2020-08-19T00:00:00.000,42,9283,3339,288484,288484,9283,2020-08-19,42,3339,0.0125786163522013,0.0144226274636944,54.4888814009133
Erie,2020-08-20T00:00:00.000,81,9364,4163,292647,292647,9364,2020-08-20,81,4163,0.0194571222675955,0.014731071204443,104.622880415071
Erie,2020-08-21T00:00:00.000,49,9413,3703,296350,296350,9413,2020-08-21,49,3703,0.0132325141776938,0.0150415367700817,62.9493446263025
Erie,2020-08-22T00:00:00.000,52,9465,2255,298605,298605,9465,2020-08-22,52,2255,0.023059866962306,0.0153499572530436,66.3824103248393
Erie,2020-08-23T00:00:00.000,26,9491,1452,300057,300057,9491,2020-08-23,26,1452,0.0179063360881543,0.0156521993380019,32.9543254088983
Erie,2020-08-24T00:00:00.000,55,9546,3320,303377,303377,9546,2020-08-24,55,3320,0.016566265060241,0.0159441545993053,69.2243277137772
Erie,2020-08-25T00:00:00.000,43,9589,2649,306026,306026,9589,2020-08-25,43,2649,0.0162325405813515,0.0162218379455712,54.0345635971199
Erie,2020-08-26T00:00:00.000,79,9668,3893,309919,309919,9668,2020-08-26,79,3893,0.0202928332905215,0.0164814888631429,99.0429325404541
Erie,2020-08-27T00:00:00.000,45,9713,4199,314118,314118,9713,2020-08-27,45,4199,0.0107168373422243,0.0167196705429292,56.2442671473826
Erie,2020-08-28T00:00:00.000,28,9741,3012,317130,317130,9741,2020-08-28,28,3012,0.00929614873837981,0.0169333617592722,34.7513267952468
Erie,2020-08-29T00:00:00.000,66,9807,3774,320904,320904,9807,2020-08-29,66,3774,0.0174880763116057,0.0171200365497325,82.2088391586312
Erie,2020-08-30T00:00:00.000,65,9872,2691,323595,323595,9872,2020-08-30,65,2691,0.0241545893719807,0.0172777273561929,81.3923533477544
Erie,2020-08-31T00:00:00.000,75,9947,3839,327434,327434,9947,2020-08-31,75,3839,0.0195363375879135,0.0174050682046503,94.2019120140984
Erie,2020-09-01T00:00:00.000,70,10017,4364,331798,331798,10017,2020-09-01,70,4364,0.0160403299725023,0.0175013157532347,88.1682726751237
Erie,2020-09-02T00:00:00.000,69,10086,3801,335599,335599,10086,2020-09-02,69,3801,0.0181531176006314,0.0175663474018363,87.1296179069845
Erie,2020-09-03T00:00:00.000,70,10156,3606,339205,339205,10156,2020-09-03,70,3606,0.0194120909595119,0.0176006370721941,88.5940117300025
Erie,2020-09-04T00:00:00.000,56,10212,4124,343329,343329,10212,2020-09-04,56,4124,0.0135790494665373,0.0176052105908336,71.0187928406982
Erie,2020-09-05T00:00:00.000,54,10266,2017,345346,345346,10266,2020-09-05,54,2017,0.0267724343083788,0.0175815837138708,68.6042182491409
Erie,2020-09-06T00:00:00.000,54,10320,2176,347522,347522,10320,2020-09-06,54,2176,0.0248161764705882,0.0175316866355277,68.7100519821223
Erie,2020-09-07T00:00:00.000,26,10346,2250,349772,349772,10346,2020-09-07,26,2250,0.0115555555555556,0.0174577793238168,33.1262902802255
Erie,2020-09-08T00:00:00.000,48,10394,2523,352295,352295,10394,2020-09-08,48,2523,0.0190249702734839,0.017362362147086,61.2242894189635
Erie,2020-09-09T00:00:00.000,50,10444,4218,356513,356513,10444,2020-09-09,50,4218,0.0118539592223803,0.0172480860686212,63.8341280504949
Erie,2020-09-10T00:00:00.000,59,10503,3118,359631,359631,10503,2020-09-10,59,3118,0.0189223861449647,0.017117666263711,75.4720300103492
Erie,2020-09-11T00:00:00.000,64,10567,3728,363359,363359,10567,2020-09-11,64,3728,0.0171673819742489,0.016973802357397,82.0487367579007
Erie,2020-09-12T00:00:00.000,70,10637,3130,366489,366489,10637,2020-09-12,70,3130,0.0223642172523962,0.0168191077503822,89.8992872556981
Erie,2020-09-13T00:00:00.000,31,10668,2288,368777,368777,10668,2020-09-13,31,2288,0.013548951048951,0.0166560497265204,39.9788169850592
Erie,2020-09-14T00:00:00.000,48,10716,2882,371659,371659,10716,2020-09-14,48,2882,0.0166551006245663,0.0164869012848607,62.2020702071411
Erie,2020-09-15T00:00:00.000,36,10752,2568,374227,374227,10752,2020-09-15,36,2568,0.014018691588785,0.0163137049717868,46.8480441537509
Erie,2020-09-16T00:00:00.000,81,10833,4437,378664,378664,10833,2020-09-16,81,4437,0.0182555780933063,0.0161382484598406,105.795291254387
Erie,2020-09-17T00:00:00.000,40,10873,2670,381334,381334,10873,2020-09-17,40,2670,0.0149812734082397,0.0159620511667223,52.4069871568799
Erie,2020-09-18T00:00:00.000,44,10917,4544,385878,385878,10917,2020-09-18,44,4544,0.0096830985915493,0.0157863609367272,57.7935774127039
Erie,2020-09-19T00:00:00.000,82,10999,4104,389982,389982,10999,2020-09-19,82,4104,0.0199805068226121,0.0156121596235918,107.916591982364
Erie,2020-09-20T00:00:00.000,43,11042,2187,392169,392169,11042,2020-09-20,43,2187,0.0196616369455876,0.0154401763168648,56.668976191584
Erie,2020-09-21T00:00:00.000,40,11082,2592,394761,394761,11082,2020-09-21,40,2592,0.0154320987654321,0.015270906958404,52.759988175308
Erie,2020-09-22T00:00:00.000,30,11112,3058,397819,397819,11112,2020-09-22,30,3058,0.00981033355134074,0.0151046391385001,39.583425502041
Erie,2020-09-23T00:00:00.000,89,11201,4107,401926,401926,11201,2020-09-23,89,4107,0.0216703189676163,0.0149414809047341,117.657557220862
Erie,2020-09-24T00:00:00.000,50,11251,3783,405709,405709,11251,2020-09-24,50,3783,0.0132170235263019,0.0147813925373895,66.2628905627259
Erie,2020-09-25T00:00:00.000,57,11308,3901,409610,409610,11308,2020-09-25,57,3901,0.0146116380415278,0.0146242202940296,75.7218032885718
Erie,2020-09-26T00:00:00.000,34,11342,3908,413518,413518,11342,2020-09-26,34,3908,0.00870010235414534,0.0144697312308317,45.2740573311691
Erie,2020-09-27T00:00:00.000,17,11359,1515,415033,415033,11359,2020-09-27,17,1515,0.0112211221122112,0.0143176482680259,22.911827351833
Erie,2020-09-28T00:00:00.000,86,11445,5162,420195,420195,11445,2020-09-28,86,5162,0.0166602092212321,0.0141676847568232,118.485901109681
Erie,2020-09-29T00:00:00.000,55,11500,5326,425521,425521,11500,2020-09-29,55,5326,0.0103266992114157,0.0140195778663542,77.3668398405414
Erie,2020-09-30T00:00:00.000,74,11574,3856,429377,429377,11574,2020-09-30,74,3856,0.0191908713692946,0.0138731202299008,106.12934189381
Essex,2020-04-01T00:00:00.000,0,6,2,89,89,6,2020-04-01,6,89,0.0674157303370786,0.0656763173614433,6.28169717754762
Essex,2020-04-02T00:00:00.000,0,6,2,91,91,6,2020-04-02,0,2,0,0.0698952866319829,0
Essex,2020-04-03T00:00:00.000,1,7,7,98,98,7,2020-04-03,1,7,0.142857142857143,0.0743418893116342,1.06685829804518
Essex,2020-04-04T00:00:00.000,0,7,4,102,102,7,2020-04-04,0,4,0,0.078987308385228,0
Essex,2020-04-05T00:00:00.000,0,7,4,106,106,7,2020-04-05,0,4,0,0.083779206028502,0
Essex,2020-04-06T00:00:00.000,0,7,5,111,111,7,2020-04-06,0,5,0,0.0886403585020113,0
Essex,2020-04-07T00:00:00.000,0,7,4,115,115,7,2020-04-07,0,4,0,0.0934685401430631,0
Essex,2020-04-08T00:00:00.000,1,8,6,121,121,8,2020-04-08,1,6,0.166666666666667,0.0981381044389211,1.14124783559142
Essex,2020-04-09T00:00:00.000,2,10,13,134,134,10,2020-04-09,2,13,0.153846153846154,0.102503615087548,2.30255009355092
Essex,2020-04-10T00:00:00.000,2,12,4,138,138,12,2020-04-10,2,4,0.5,0.106405695711476,2.32054572532512
Essex,2020-04-11T00:00:00.000,0,12,12,150,150,12,2020-04-11,0,12,0,0.109679009901436,0
Essex,2020-04-12T00:00:00.000,0,12,5,155,155,12,2020-04-12,0,5,0,0.11216199394147,0
Essex,2020-04-13T00:00:00.000,0,12,24,179,179,12,2020-04-13,0,24,0,0.113707687501714,0
Essex,2020-04-14T00:00:00.000,0,12,3,182,182,12,2020-04-14,0,3,0,0.114194786574295,0
Essex,2020-04-15T00:00:00.000,0,12,8,190,190,12,2020-04-15,0,8,0,0.113537910762895,0
Essex,2020-04-16T00:00:00.000,3,15,6,196,196,15,2020-04-16,3,6,0.5,0.111696045244422,3.62288378110435
Essex,2020-04-17T00:00:00.000,1,16,5,201,201,16,2020-04-17,1,5,0.2,0.108678194577908,1.21323665003296
Essex,2020-04-18T00:00:00.000,2,18,10,211,211,18,2020-04-18,2,10,0.2,0.104545465089874,2.43422159810795
Essex,2020-04-19T00:00:00.000,2,20,4,215,215,20,2020-04-19,2,4,0.5,0.0994090818537314,2.43793437379395
Essex,2020-04-20T00:00:00.000,1,21,5,220,220,21,2020-04-20,1,5,0.2,0.0934242365613635,1.21818178593741
Essex,2020-04-21T00:00:00.000,1,22,2,222,222,22,2020-04-21,1,2,0.5,0.0867801390587975,1.21518205475486
Essex,2020-04-22T00:00:00.000,0,22,1,223,223,22,2020-04-22,0,1,0,0.0796871510175809,0
Essex,2020-04-23T00:00:00.000,0,22,6,229,229,22,2020-04-23,0,6,0,0.0723623286934758,0
Essex,2020-04-24T00:00:00.000,2,24,35,264,264,24,2020-04-24,2,35,0.0571428571428571,0.0650149814077787,2.42007103394621
Essex,2020-04-25T00:00:00.000,0,24,15,279,279,24,2020-04-25,0,15,0,0.0578338722973897,0
Essex,2020-04-26T00:00:00.000,0,24,27,306,306,24,2020-04-26,0,27,0,0.0509774135048454,0
Essex,2020-04-27T00:00:00.000,2,26,16,322,322,26,2020-04-27,2,16,0.125,0.0445676890925126,2.38949391137733
Essex,2020-04-28T00:00:00.000,1,27,19,341,341,27,2020-04-28,1,19,0.0526315789473684,0.0386884983621587,1.18514592168879
Essex,2020-04-29T00:00:00.000,1,28,22,363,363,28,2020-04-29,1,22,0.0454545454545455,0.0333870052103066,1.17463306281156
Essex,2020-04-30T00:00:00.000,0,28,27,390,390,28,2020-04-30,0,27,0,0.0286781363605481,0
Essex,2020-05-01T00:00:00.000,0,28,31,421,421,28,2020-05-01,0,31,0,0.0245506631587118,0
Essex,2020-05-02T00:00:00.000,1,29,23,444,444,29,2020-05-02,1,23,0.0434782608695652,0.0209739218267738,1.13917456339358
Essex,2020-05-03T00:00:00.000,0,29,10,454,454,29,2020-05-03,0,10,0,0.017904315351284,0
Essex,2020-05-04T00:00:00.000,1,30,26,480,480,30,2020-05-04,1,26,0.0384615384615385,0.0152910117660765,1.11398295591477
Essex,2020-05-05T00:00:00.000,0,30,18,498,498,30,2020-05-05,0,18,0,0.013080531355886,0
Essex,2020-05-06T00:00:00.000,0,30,15,513,513,30,2020-05-06,0,15,0,0.011220146404057,0
Essex,2020-05-07T00:00:00.000,1,31,69,582,582,31,2020-05-07,1,69,0.0144927536231884,0.00966017820993849,1.08118192182074
Essex,2020-05-08T00:00:00.000,0,31,64,646,646,31,2020-05-08,0,64,0,0.00835536675062894,0
Essex,2020-05-09T00:00:00.000,1,32,111,757,757,32,2020-05-09,1,111,0.00900900900900901,0.00726552166030904,1.0649992966017
Essex,2020-05-10T00:00:00.000,0,32,31,788,788,32,2020-05-10,0,31,0,0.00635565748586877,0
Essex,2020-05-11T00:00:00.000,0,32,12,800,800,32,2020-05-11,0,12,0,0.00559578854647323,0
Essex,2020-05-12T00:00:00.000,0,32,77,877,877,32,2020-05-12,0,77,0,0.00496052218992734,0
Essex,2020-05-13T00:00:00.000,0,32,60,937,937,32,2020-05-13,0,60,0,0.0044285527939157,0
Essex,2020-05-14T00:00:00.000,0,32,34,971,971,32,2020-05-14,0,34,0,0.00398212678444408,0
Essex,2020-05-15T00:00:00.000,0,32,173,1144,1144,32,2020-05-15,0,173,0,0.00360652348508487,0
Essex,2020-05-16T00:00:00.000,1,33,146,1290,1290,33,2020-05-16,1,146,0.00684931506849315,0.00328957754349509,1.02092857044759
Essex,2020-05-17T00:00:00.000,0,33,161,1451,1451,33,2020-05-17,0,161,0,0.00302125544040962,0
Essex,2020-05-18T00:00:00.000,1,34,16,1467,1467,34,2020-05-18,1,16,0.0625,0.00279328981657857,1.02069651872885
Essex,2020-05-19T00:00:00.000,0,34,43,1510,1510,34,2020-05-19,0,43,0,0.00259887001132969,0
Essex,2020-05-20T00:00:00.000,2,36,162,1672,1672,36,2020-05-20,2,162,0.0123456790123457,0.00243238423740151,2.04583332773314
Essex,2020-05-21T00:00:00.000,0,36,115,1787,1787,36,2020-05-21,0,115,0,0.00228920739068094,0
Essex,2020-05-22T00:00:00.000,0,36,89,1876,1876,36,2020-05-22,0,89,0,0.00216552810268265,0
Essex,2020-05-23T00:00:00.000,0,36,182,2058,2058,36,2020-05-23,0,182,0,0.00205820879487335,0
Essex,2020-05-24T00:00:00.000,0,36,88,2146,2146,36,2020-05-24,0,88,0,0.00196467297045266,0
Essex,2020-05-25T00:00:00.000,0,36,68,2214,2214,36,2020-05-25,0,68,0,0.00188281461885587,0
Essex,2020-05-26T00:00:00.000,0,36,71,2285,2285,36,2020-05-26,0,71,0,0.00181092526772673,0
Essex,2020-05-27T00:00:00.000,0,36,85,2370,2370,36,2020-05-27,0,85,0,0.00174763491766981,0
Essex,2020-05-28T00:00:00.000,0,36,151,2521,2521,36,2020-05-28,0,151,0,0.00169186373603845,0
Essex,2020-05-29T00:00:00.000,0,36,95,2616,2616,36,2020-05-29,0,95,0,0.00164278202541257,0
Essex,2020-05-30T00:00:00.000,1,37,258,2874,2874,37,2020-05-30,1,258,0.00387596899224806,0.00159977654736601,1.05977402778665
Essex,2020-05-31T00:00:00.000,0,37,144,3018,3018,37,2020-05-31,0,144,0,0.00156242180191865,0
Essex,2020-06-01T00:00:00.000,1,38,64,3082,3082,38,2020-06-01,1,64,0.015625,0.00153045531686006,1.07092549437888
Essex,2020-06-02T00:00:00.000,0,38,109,3191,3191,38,2020-06-02,0,109,0,0.00150375635381983,0
Essex,2020-06-03T00:00:00.000,0,38,193,3384,3384,38,2020-06-03,0,193,0,0.00148232771742047,0
Essex,2020-06-04T00:00:00.000,0,38,106,3490,3490,38,2020-06-04,0,106,0,0.00146628052778962,0
Essex,2020-06-05T00:00:00.000,0,38,96,3586,3586,38,2020-06-05,0,96,0,0.00145582188920234,0
Essex,2020-06-06T00:00:00.000,0,38,178,3764,3764,38,2020-06-06,0,178,0,0.00145124539633271,0
Essex,2020-06-07T00:00:00.000,1,39,160,3924,3924,39,2020-06-07,1,160,0.00625,0.00145292432726229,1.08636028190704
Essex,2020-06-08T00:00:00.000,1,40,25,3949,3949,40,2020-06-08,1,25,0.04,0.00146130724100656,1.09179845372836
Essex,2020-06-09T00:00:00.000,0,40,147,4096,4096,40,2020-06-09,0,147,0,0.00147691550993351,0
Essex,2020-06-10T00:00:00.000,0,40,159,4255,4255,40,2020-06-10,0,159,0,0.001500342088718,0
Essex,2020-06-11T00:00:00.000,0,40,135,4390,4390,40,2020-06-11,0,135,0,0.00153225055857459,0
Essex,2020-06-12T00:00:00.000,0,40,75,4465,4465,40,2020-06-12,0,75,0,0.00157337318931614,0
Essex,2020-06-13T00:00:00.000,0,40,196,4661,4661,40,2020-06-13,0,196,0,0.00162450642401735,0
Essex,2020-06-14T00:00:00.000,0,40,74,4735,4735,40,2020-06-14,0,74,0,0.00168650182265243,0
Essex,2020-06-15T00:00:00.000,0,40,65,4800,4800,40,2020-06-15,0,65,0,0.00176025012705642,0
Essex,2020-06-16T00:00:00.000,0,40,47,4847,4847,40,2020-06-16,0,47,0,0.00184665574436689,0
Essex,2020-06-17T00:00:00.000,0,40,105,4952,4952,40,2020-06-17,0,105,0,0.00194659869852991,0
Essex,2020-06-18T00:00:00.000,0,40,172,5124,5124,40,2020-06-18,0,172,0,0.00206088102872083,0
Essex,2020-06-19T00:00:00.000,1,41,78,5202,5202,41,2020-06-19,1,78,0.0128205128205128,0.00219015494043153,1.14865980098222
Essex,2020-06-20T00:00:00.000,0,41,109,5311,5311,41,2020-06-20,0,109,0,0.00233483085512523,0
Essex,2020-06-21T00:00:00.000,0,41,79,5390,5390,41,2020-06-21,0,79,0,0.00249496514868376,0
Essex,2020-06-22T00:00:00.000,0,41,88,5478,5478,41,2020-06-22,0,88,0,0.00267012995065309,0
Essex,2020-06-23T00:00:00.000,0,41,108,5586,5586,41,2020-06-23,0,108,0,0.00285927100484239,0
Essex,2020-06-24T00:00:00.000,0,41,100,5686,5686,41,2020-06-24,0,100,0,0.00306056419228282,0
Essex,2020-06-25T00:00:00.000,0,41,65,5751,5751,41,2020-06-25,0,65,0,0.00327128642852107,0
Essex,2020-06-26T00:00:00.000,1,42,176,5927,5927,42,2020-06-26,1,176,0.00568181818181818,0.00348772157807338,1.12196114621095
Essex,2020-06-27T00:00:00.000,0,42,93,6020,6020,42,2020-06-27,0,93,0,0.00370512549584546,0
Essex,2020-06-28T00:00:00.000,0,42,109,6129,6129,42,2020-06-28,0,109,0,0.00391777494378119,0
Essex,2020-06-29T00:00:00.000,0,42,39,6168,6168,42,2020-06-29,0,39,0,0.0041191214107588,0
Essex,2020-06-30T00:00:00.000,0,42,120,6288,6288,42,2020-06-30,0,120,0,0.00430206179662192,0
Essex,2020-07-01T00:00:00.000,0,42,125,6413,6413,42,2020-07-01,0,125,0,0.00445932343232141,0
Essex,2020-07-02T00:00:00.000,4,46,116,6529,6529,46,2020-07-02,4,116,0.0344827586206897,0.00458394239232293,4.45918408614375
Essex,2020-07-03T00:00:00.000,1,47,58,6587,6587,47,2020-07-03,1,58,0.0172413793103448,0.00466979436486583,1.12151202536625
Essex,2020-07-04T00:00:00.000,1,48,166,6753,6753,48,2020-07-04,1,166,0.00602409638554217,0.00471212068464151,1.12626089031219
Essex,2020-07-05T00:00:00.000,1,49,169,6922,6922,49,2020-07-05,1,169,0.00591715976331361,0.00470798297442322,1.12437865501314
Essex,2020-07-06T00:00:00.000,0,49,135,7057,7057,49,2020-07-06,0,135,0,0.00465658170842155,0
Essex,2020-07-07T00:00:00.000,0,49,58,7115,7115,49,2020-07-07,0,58,0,0.00455938835419259,0
Essex,2020-07-08T00:00:00.000,2,51,135,7250,7250,51,2020-07-08,2,135,0.0148148148148148,0.0044200658947661,2.22240387939313
Essex,2020-07-09T00:00:00.000,0,51,85,7335,7335,51,2020-07-09,0,85,0,0.0042441838977506,0
Essex,2020-07-10T00:00:00.000,0,51,104,7439,7439,51,2020-07-10,0,104,0,0.0040387653874974,0
Essex,2020-07-11T00:00:00.000,0,51,104,7543,7543,51,2020-07-11,0,104,0,0.00381172695190692,0
Essex,2020-07-12T00:00:00.000,0,51,74,7617,7617,51,2020-07-12,0,74,0,0.00357128577815195,0
Essex,2020-07-13T00:00:00.000,0,51,126,7743,7743,51,2020-07-13,0,126,0,0.00332540581776233,0
Essex,2020-07-14T00:00:00.000,0,51,55,7798,7798,51,2020-07-14,0,55,0,0.00308134157535821,0
Essex,2020-07-15T00:00:00.000,0,51,80,7878,7878,51,2020-07-15,0,80,0,0.0028453163169785,0
Essex,2020-07-16T00:00:00.000,0,51,69,7947,7947,51,2020-07-16,0,69,0,0.00262234731210885,0
Essex,2020-07-17T00:00:00.000,0,51,88,8035,8035,51,2020-07-17,0,88,0,0.00241620914758903,0
Essex,2020-07-18T00:00:00.000,0,51,57,8092,8092,51,2020-07-18,0,57,0,0.00222951071524902,0
Essex,2020-07-19T00:00:00.000,0,51,60,8152,8152,51,2020-07-19,0,60,0,0.00206385357932991,0
Essex,2020-07-20T00:00:00.000,0,51,131,8283,8283,51,2020-07-20,0,131,0,0.00192003855338977,0
Essex,2020-07-21T00:00:00.000,3,54,152,8435,8435,54,2020-07-21,3,152,0.0197368421052632,0.00179829170169827,3.00923729137913
Essex,2020-07-22T00:00:00.000,0,54,134,8569,8569,54,2020-07-22,0,134,0,0.00169848834784129,0
Essex,2020-07-23T00:00:00.000,0,54,101,8670,8670,54,2020-07-23,0,101,0,0.0016203619598383,0
Essex,2020-07-24T00:00:00.000,0,54,146,8816,8816,54,2020-07-24,0,146,0,0.00156369246336558,0
Essex,2020-07-25T00:00:00.000,0,54,98,8914,8914,54,2020-07-25,0,98,0,0.0015284747794386,0
Essex,2020-07-26T00:00:00.000,1,55,59,8973,8973,55,2020-07-26,1,59,0.0169491525423729,0.0015150728961234,0.969387724119767
Essex,2020-07-27T00:00:00.000,0,55,90,9063,9063,55,2020-07-27,0,90,0,0.00152436773614221,0
Essex,2020-07-28T00:00:00.000,0,55,113,9176,9176,55,2020-07-28,0,113,0,0.00155790869995048,0
Essex,2020-07-29T00:00:00.000,0,55,106,9282,9282,55,2020-07-29,0,106,0,0.00161807939399296,0
Essex,2020-07-30T00:00:00.000,0,55,38,9320,9320,55,2020-07-30,0,38,0,0.00170828780314308,0
Essex,2020-07-31T00:00:00.000,0,55,127,9447,9447,55,2020-07-31,0,127,0,0.0018331899449684,0
Essex,2020-08-01T00:00:00.000,0,55,110,9557,9557,55,2020-08-01,0,110,0,0.00199895345075663,0
Essex,2020-08-02T00:00:00.000,0,55,152,9709,9709,55,2020-08-02,0,152,0,0.00221356275727389,0
Essex,2020-08-03T00:00:00.000,0,55,141,9850,9850,55,2020-08-03,0,141,0,0.00248715948890256,0
Essex,2020-08-04T00:00:00.000,0,55,255,10105,10105,55,2020-08-04,0,255,0,0.00283239867510328,0
Essex,2020-08-05T00:00:00.000,0,55,50,10155,10155,55,2020-08-05,0,50,0,0.00326478200894201,0
Essex,2020-08-06T00:00:00.000,0,55,53,10208,10208,55,2020-08-06,0,53,0,0.00380290220013448,0
Essex,2020-08-07T00:00:00.000,0,55,159,10367,10367,55,2020-08-07,0,159,0,0.00446849762671986,0
Essex,2020-08-08T00:00:00.000,0,55,110,10477,10477,55,2020-08-08,0,110,0,0.00528617670964865,0
Essex,2020-08-09T00:00:00.000,0,55,75,10552,10552,55,2020-08-09,0,75,0,0.00628263405305113,0
Essex,2020-08-10T00:00:00.000,1,56,125,10677,10677,56,2020-08-10,1,125,0.008,0.00748515888787482,1.24997553844031
Essex,2020-08-11T00:00:00.000,0,56,96,10773,10773,56,2020-08-11,0,96,0,0.00891925100914655,0
Essex,2020-08-12T00:00:00.000,0,56,121,10894,10894,56,2020-08-12,0,121,0,0.0106052346844327,0
Essex,2020-08-13T00:00:00.000,1,57,60,10954,10954,57,2020-08-13,1,60,0.0166666666666667,0.012553918439776,1.3047641723125
Essex,2020-08-14T00:00:00.000,2,59,131,11085,11085,59,2020-08-14,2,131,0.0152671755725191,0.0147615945495668,2.64157949683043
Essex,2020-08-15T00:00:00.000,0,59,168,11253,11253,59,2020-08-15,0,168,0,0.0172049816694415,0
Essex,2020-08-16T00:00:00.000,0,59,76,11329,11329,59,2020-08-16,0,76,0,0.0198370211529712,0
Essex,2020-08-17T00:00:00.000,4,63,139,11468,11468,63,2020-08-17,4,139,0.0287769784172662,0.0225846366897151,5.48112134046459
Essex,2020-08-18T00:00:00.000,0,63,60,11528,11528,63,2020-08-18,0,60,0,0.0253495405379658,0
Essex,2020-08-19T00:00:00.000,22,85,131,11659,11659,85,2020-08-19,22,131,0.16793893129771,0.028012835172914,30.5008927251342
Essex,2020-08-20T00:00:00.000,0,85,149,11808,11808,85,2020-08-20,0,149,0,0.0304435210538199,0
Essex,2020-08-21T00:00:00.000,13,98,182,11990,11990,98,2020-08-21,13,182,0.0714285714285714,0.0325101970596904,18.0389487405604
Essex,2020-08-22T00:00:00.000,2,100,121,12111,12111,100,2020-08-22,2,121,0.0165289256198347,0.0340944409993062,2.76526852155413
Essex,2020-08-23T00:00:00.000,0,100,124,12235,12235,100,2020-08-23,0,124,0,0.0351038173555896,0
Essex,2020-08-24T00:00:00.000,1,101,99,12334,12334,101,2020-08-24,1,99,0.0101010101010101,0.0354823527927062,1.36344350834265
Essex,2020-08-25T00:00:00.000,4,105,117,12451,12451,105,2020-08-25,4,117,0.0341880341880342,0.0352166960816349,5.43160324533169
Essex,2020-08-26T00:00:00.000,14,119,246,12697,12697,119,2020-08-26,14,246,0.0569105691056911,0.0343369524481876,18.8886520179922
Essex,2020-08-27T00:00:00.000,7,126,102,12799,12799,126,2020-08-27,7,102,0.0686274509803922,0.03291216428128,9.36217298375503
Essex,2020-08-28T00:00:00.000,0,126,191,12990,12990,126,2020-08-28,0,191,0,0.0310413685122712,0
Essex,2020-08-29T00:00:00.000,2,128,190,13180,13180,128,2020-08-29,2,190,0.0105263157894737,0.0288418811935381,2.62455975733437
Essex,2020-08-30T00:00:00.000,1,129,167,13347,13347,129,2020-08-30,1,167,0.00598802395209581,0.0264367953964952,1.30659944200149
Essex,2020-08-31T00:00:00.000,2,131,197,13544,13544,131,2020-08-31,2,197,0.0101522842639594,0.023943583167829,2.59346141721198
Essex,2020-09-01T00:00:00.000,4,135,207,13751,13751,135,2020-09-01,4,207,0.0193236714975845,0.0214652317132025,5.14210300322463
Essex,2020-09-02T00:00:00.000,6,141,117,13868,13868,141,2020-09-02,6,117,0.0512820512820513,0.0190846694449205,7.63955895346867
Essex,2020-09-03T00:00:00.000,4,145,106,13974,13974,145,2020-09-03,4,106,0.0377358490566038,0.0168625388662868,5.04087324249681
Essex,2020-09-04T00:00:00.000,2,147,179,14153,14153,147,2020-09-04,2,179,0.0111731843575419,0.0148378149988778,2.49337802406953
Essex,2020-09-05T00:00:00.000,1,148,208,14361,14361,148,2020-09-05,1,208,0.00480769230769231,0.0130304443457997,1.2329548784587
Essex,2020-09-06T00:00:00.000,1,149,106,14467,14467,149,2020-09-06,1,106,0.00943396226415094,0.0114451003668385,1.21928746184408
Essex,2020-09-07T00:00:00.000,0,149,62,14529,14529,149,2020-09-07,0,62,0,0.0100752619209604,0
Essex,2020-09-08T00:00:00.000,0,149,67,14596,14596,149,2020-09-08,0,67,0,0.0089070356069344,0
Essex,2020-09-09T00:00:00.000,1,150,85,14681,14681,150,2020-09-09,1,85,0.0117647058823529,0.0079223809073418,1.18112104294498
Essex,2020-09-10T00:00:00.000,0,150,133,14814,14814,150,2020-09-10,0,133,0,0.00710160254067439,0
Essex,2020-09-11T00:00:00.000,1,151,241,15055,15055,151,2020-09-11,1,241,0.004149377593361,0.0064251209757304,1.16332789440858
Essex,2020-09-12T00:00:00.000,0,151,115,15170,15170,151,2020-09-12,0,115,0,0.00587461739937103,0
Essex,2020-09-13T00:00:00.000,0,151,47,15217,15217,151,2020-09-13,0,47,0,0.0054336846835984,0
Essex,2020-09-14T00:00:00.000,2,153,110,15327,15327,153,2020-09-14,2,110,0.0181818181818182,0.00508811721096705,2.30428081693635
Essex,2020-09-15T00:00:00.000,1,154,80,15407,15407,154,2020-09-15,1,80,0.0125,0.0048259548639235,1.15210491339589
Essex,2020-09-16T00:00:00.000,0,154,87,15494,15494,154,2020-09-16,0,87,0,0.00463737142539528,0
Essex,2020-09-17T00:00:00.000,3,157,160,15654,15654,157,2020-09-17,3,160,0.01875,0.00451447214869546,3.46419463247837
Essex,2020-09-18T00:00:00.000,1,158,208,15862,15862,158,2020-09-18,1,208,0.00480769230769231,0.0044510433342525,1.15729714301414
Essex,2020-09-19T00:00:00.000,2,160,106,15968,15968,160,2020-09-19,2,106,0.0188679245283019,0.0044422797867778,2.321232580357
Essex,2020-09-20T00:00:00.000,0,160,60,16028,16028,160,2020-09-20,0,60,0,0.00448450430578994,0
Essex,2020-09-21T00:00:00.000,1,161,167,16195,16195,161,2020-09-21,1,167,0.00598802395209581,0.00457488660811065,1.16922003495532
Essex,2020-09-22T00:00:00.000,0,161,95,16290,16290,161,2020-09-22,0,95,0,0.00471116673430835,0
Essex,2020-09-23T00:00:00.000,3,164,219,16509,16509,164,2020-09-23,3,219,0.0136986301369863,0.00489138949471946,3.54694893256572
Essex,2020-09-24T00:00:00.000,0,164,180,16689,16689,164,2020-09-24,0,180,0,0.00511366140088468,0
Essex,2020-09-25T00:00:00.000,3,167,239,16928,16928,167,2020-09-25,3,239,0.0125523012552301,0.00537594873814627,3.60583281626785
Essex,2020-09-26T00:00:00.000,0,167,195,17123,17123,167,2020-09-26,0,195,0,0.00567594391095033,0
Essex,2020-09-27T00:00:00.000,1,168,80,17203,17203,168,2020-09-27,1,80,0.0125,0.00601103503360494,1.23571569772398
Essex,2020-09-28T00:00:00.000,0,168,170,17373,17373,168,2020-09-28,0,170,0,0.00637841906123252,0
Essex,2020-09-29T00:00:00.000,1,169,233,17606,17606,169,2020-09-29,1,233,0.00429184549356223,0.00677539971783601,1.30801332062905
Essex,2020-09-30T00:00:00.000,0,169,148,17754,17754,169,2020-09-30,0,148,0,0.00719990776849252,0
Franklin,2020-04-01T00:00:00.000,0,9,8,123,123,9,2020-04-01,9,123,0.0731707317073171,0.0671509906565832,9.44349204180994
Franklin,2020-04-02T00:00:00.000,1,10,19,142,142,10,2020-04-02,1,19,0.0526315789473684,0.0623154705779104,1.04069198331649
Franklin,2020-04-03T00:00:00.000,0,10,4,146,146,10,2020-04-03,0,4,0,0.0578067538496634,0
Franklin,2020-04-04T00:00:00.000,0,10,6,152,152,10,2020-04-04,0,6,0,0.053606046970598,0
Franklin,2020-04-05T00:00:00.000,0,10,5,157,157,10,2020-04-05,0,5,0,0.0496952785481498,0
Franklin,2020-04-06T00:00:00.000,0,10,5,162,162,10,2020-04-06,0,5,0,0.0460571029347348,0
Franklin,2020-04-07T00:00:00.000,0,10,7,169,169,10,2020-04-07,0,7,0,0.0426749003276798,0
Franklin,2020-04-08T00:00:00.000,1,11,5,174,174,11,2020-04-08,1,5,0.2,0.0395327742270866,1.04205809001708
Franklin,2020-04-09T00:00:00.000,0,11,6,180,180,11,2020-04-09,0,6,0,0.0366155468616429,0
Franklin,2020-04-10T00:00:00.000,0,11,5,185,185,11,2020-04-10,0,5,0,0.033908752918608,0
Franklin,2020-04-11T00:00:00.000,1,12,8,193,193,12,2020-04-11,1,8,0.125,0.0313986317496661,1.03079473275166
Franklin,2020-04-12T00:00:00.000,0,12,6,199,199,12,2020-04-12,0,6,0,0.0290721180806013,0
Franklin,2020-04-13T00:00:00.000,1,13,13,212,212,13,2020-04-13,1,13,0.0769230769230769,0.026916831177765,1.02358860452037
Franklin,2020-04-14T00:00:00.000,0,13,4,216,216,13,2020-04-14,0,4,0,0.0249210623975503,0
Franklin,2020-04-15T00:00:00.000,0,13,11,227,227,13,2020-04-15,0,11,0,0.0230737610330902,0
Franklin,2020-04-16T00:00:00.000,0,13,3,230,230,13,2020-04-16,0,3,0,0.0213645184173712,0
Franklin,2020-04-17T00:00:00.000,0,13,9,239,239,13,2020-04-17,0,9,0,0.0197835502648373,0
Franklin,2020-04-18T00:00:00.000,0,13,9,248,248,13,2020-04-18,0,9,0,0.018321677305482,0
Franklin,2020-04-19T00:00:00.000,0,13,5,253,253,13,2020-04-19,0,5,0,0.0169703043006042,0
Franklin,2020-04-20T00:00:00.000,0,13,3,256,256,13,2020-04-20,0,3,0,0.0157213975960227,0
Franklin,2020-04-21T00:00:00.000,0,13,2,258,258,13,2020-04-21,0,2,0,0.0145674614012432,0
Franklin,2020-04-22T00:00:00.000,0,13,8,266,266,13,2020-04-22,0,8,0,0.0135015130265868,0
Franklin,2020-04-23T00:00:00.000,0,13,9,275,275,13,2020-04-23,0,9,0,0.0125170573306876,0
Franklin,2020-04-24T00:00:00.000,1,14,35,310,310,14,2020-04-24,1,35,0.0285714285714286,0.0116080606498422,1.01852745581986
Franklin,2020-04-25T00:00:00.000,0,14,3,313,313,14,2020-04-25,0,3,0,0.0107689244839206,0
Franklin,2020-04-26T00:00:00.000,0,14,17,330,330,14,2020-04-26,0,17,0,0.0099944592100309,0
Franklin,2020-04-27T00:00:00.000,0,14,13,343,343,14,2020-04-27,0,13,0,0.00927985808303084,0
Franklin,2020-04-28T00:00:00.000,1,15,17,360,360,15,2020-04-28,1,17,0.0588235294117647,0.0086206717647707,1.0199238558053
Franklin,2020-04-29T00:00:00.000,0,15,14,374,374,15,2020-04-29,0,14,0,0.00801278359554511,0
Franklin,2020-04-30T00:00:00.000,0,15,16,390,390,15,2020-04-30,0,16,0,0.00745238579703818,0
Franklin,2020-05-01T00:00:00.000,0,15,9,399,399,15,2020-05-01,0,9,0,0.00693595676097764,0
Franklin,2020-05-02T00:00:00.000,0,15,9,408,408,15,2020-05-02,0,9,0,0.00646023954610522,0
Franklin,2020-05-03T00:00:00.000,1,16,15,423,423,16,2020-05-03,1,15,0.0666666666666667,0.00602222167152209,1.01026752730597
Franklin,2020-05-04T00:00:00.000,0,16,11,434,434,16,2020-05-04,0,11,0,0.00561911626258453,0
Franklin,2020-05-05T00:00:00.000,0,16,15,449,449,16,2020-05-05,0,15,0,0.00524834457252154,0
Franklin,2020-05-06T00:00:00.000,0,16,18,467,467,16,2020-05-06,0,18,0,0.00490751987515289,0
Franklin,2020-05-07T00:00:00.000,1,17,82,549,549,17,2020-05-07,1,82,0.0121951219512195,0.00459443269849719,1.00374512946926
Franklin,2020-05-08T00:00:00.000,0,17,24,573,573,17,2020-05-08,0,24,0,0.00430703734598465,0
Franklin,2020-05-09T00:00:00.000,0,17,50,623,623,17,2020-05-09,0,50,0,0.00404343963531432,0
Franklin,2020-05-10T00:00:00.000,0,17,53,676,676,17,2020-05-10,0,53,0,0.00380188577145291,0
Franklin,2020-05-11T00:00:00.000,0,17,91,767,767,17,2020-05-11,0,91,0,0.00358075225946285,0
Franklin,2020-05-12T00:00:00.000,0,17,52,819,819,17,2020-05-12,0,52,0,0.00337853676043926,0
Franklin,2020-05-13T00:00:00.000,0,17,56,875,875,17,2020-05-13,0,56,0,0.00319384978902731,0
Franklin,2020-05-14T00:00:00.000,0,17,48,923,923,17,2020-05-14,0,48,0,0.0030254071558054,0
Franklin,2020-05-15T00:00:00.000,1,18,196,1119,1119,18,2020-05-15,1,196,0.00510204081632653,0.00287202305962858,1.00176663010426
Franklin,2020-05-16T00:00:00.000,0,18,126,1245,1245,18,2020-05-16,0,126,0,0.0027326037436942,0
Franklin,2020-05-17T00:00:00.000,0,18,285,1530,1530,18,2020-05-17,0,285,0,0.00260614163516092,0
Franklin,2020-05-18T00:00:00.000,0,18,9,1539,1539,18,2020-05-18,0,9,0,0.00249170989810461,0
Franklin,2020-05-19T00:00:00.000,0,18,55,1594,1594,18,2020-05-19,0,55,0,0.00238845733826671,0
Franklin,2020-05-20T00:00:00.000,1,19,245,1839,1839,19,2020-05-20,1,245,0.00408163265306122,0.0022956036064554,1.01701351756479
Franklin,2020-05-21T00:00:00.000,0,19,194,2033,2033,19,2020-05-21,0,194,0,0.00221243465694869,0
Franklin,2020-05-22T00:00:00.000,1,20,83,2116,2116,20,2020-05-22,1,83,0.0120481927710843,0.00213829842379145,1.02716107107423
Franklin,2020-05-23T00:00:00.000,0,20,178,2294,2294,20,2020-05-23,0,178,0,0.00207260068528358,0
Franklin,2020-05-24T00:00:00.000,0,20,138,2432,2432,20,2020-05-24,0,138,0,0.00201480109286153,0
Franklin,2020-05-25T00:00:00.000,0,20,219,2651,2651,20,2020-05-25,0,219,0,0.00196440934468365,0
Franklin,2020-05-26T00:00:00.000,0,20,84,2735,2735,20,2020-05-26,0,84,0,0.00192098148922773,0
Franklin,2020-05-27T00:00:00.000,0,20,157,2892,2892,20,2020-05-27,0,157,0,0.00188411634645496,0
Franklin,2020-05-28T00:00:00.000,1,21,118,3010,3010,21,2020-05-28,1,118,0.00847457627118644,0.00185345203776352,1.05122205601009
Franklin,2020-05-29T00:00:00.000,1,22,129,3139,3139,22,2020-05-29,1,129,0.00775193798449612,0.00182866261732046,1.06278823462766
Franklin,2020-05-30T00:00:00.000,0,22,151,3290,3290,22,2020-05-30,0,151,0,0.00180945479999685,0
Franklin,2020-05-31T00:00:00.000,1,23,167,3457,3457,23,2020-05-31,1,167,0.00598802395209581,0.00179556478295969,1.08133888429628
Franklin,2020-06-01T00:00:00.000,0,23,42,3499,3499,23,2020-06-01,0,42,0,0.00178675515949355,0
Franklin,2020-06-02T00:00:00.000,0,23,222,3721,3721,23,2020-06-02,0,222,0,0.00178281192629407,0
Franklin,2020-06-03T00:00:00.000,0,23,262,3983,3983,23,2020-06-03,0,262,0,0.00178354158711923,0
Franklin,2020-06-04T00:00:00.000,0,23,120,4103,4103,23,2020-06-04,0,120,0,0.00178876835792087,0
Franklin,2020-06-05T00:00:00.000,0,23,207,4310,4310,23,2020-06-05,0,207,0,0.00179833148130437,0
Franklin,2020-06-06T00:00:00.000,0,23,198,4508,4508,23,2020-06-06,0,198,0,0.00181208265936108,0
Franklin,2020-06-07T00:00:00.000,0,23,272,4780,4780,23,2020-06-07,0,272,0,0.00182988361655823,0
Franklin,2020-06-08T00:00:00.000,0,23,53,4833,4833,23,2020-06-08,0,53,0,0.00185160380519462,0
Franklin,2020-06-09T00:00:00.000,0,23,127,4960,4960,23,2020-06-09,0,127,0,0.00187711826653149,0
Franklin,2020-06-10T00:00:00.000,0,23,156,5116,5116,23,2020-06-10,0,156,0,0.00190630566048559,0
Franklin,2020-06-11T00:00:00.000,1,24,205,5321,5321,24,2020-06-11,1,205,0.0048780487804878,0.00193904647529778,1.13031915973667
Franklin,2020-06-12T00:00:00.000,1,25,142,5463,5463,25,2020-06-12,1,142,0.00704225352112676,0.00197522142567026,1.13164674720908
Franklin,2020-06-13T00:00:00.000,0,25,162,5625,5625,25,2020-06-13,0,162,0,0.00201471004400259,0
Franklin,2020-06-14T00:00:00.000,0,25,160,5785,5785,25,2020-06-14,0,160,0,0.00205738946418387,0
Franklin,2020-06-15T00:00:00.000,0,25,67,5852,5852,25,2020-06-15,0,67,0,0.00210313339056388,0
Franklin,2020-06-16T00:00:00.000,0,25,54,5906,5906,25,2020-06-16,0,54,0,0.00215181123811883,0
Franklin,2020-06-17T00:00:00.000,1,26,136,6042,6042,26,2020-06-17,1,136,0.00735294117647059,0.00220328742129199,1.15672547877914
Franklin,2020-06-18T00:00:00.000,1,27,163,6205,6205,27,2020-06-18,1,163,0.00613496932515337,0.00225742076231164,1.15741031553544
Franklin,2020-06-19T00:00:00.000,0,27,251,6456,6456,27,2020-06-19,0,251,0,0.00231406398133221,0
Franklin,2020-06-20T00:00:00.000,0,27,147,6603,6603,27,2020-06-20,0,147,0,0.00237306322605711,0
Franklin,2020-06-21T00:00:00.000,0,27,200,6803,6803,27,2020-06-21,0,200,0,0.00243425759335278,0
Franklin,2020-06-22T00:00:00.000,1,28,39,6842,6842,28,2020-06-22,1,39,0.0256410256410256,0.00249747859377958,1.13372216759868
Franklin,2020-06-23T00:00:00.000,0,28,55,6897,6897,28,2020-06-23,0,55,0,0.00256254951123689,0
Franklin,2020-06-24T00:00:00.000,0,28,90,6987,6987,28,2020-06-24,0,90,0,0.00262928461322882,0
Franklin,2020-06-25T00:00:00.000,0,28,112,7099,7099,28,2020-06-25,0,112,0,0.00269748817602516,0
Franklin,2020-06-26T00:00:00.000,1,29,214,7313,7313,29,2020-06-26,1,214,0.00467289719626168,0.00276695329870178,1.0962858775783
Franklin,2020-06-27T00:00:00.000,0,29,136,7449,7449,29,2020-06-27,0,136,0,0.00283746049579994,0
Franklin,2020-06-28T00:00:00.000,1,30,128,7577,7577,30,2020-06-28,1,128,0.0078125,0.00290877607515796,1.08760822562006
Franklin,2020-06-29T00:00:00.000,0,30,28,7605,7605,30,2020-06-29,0,28,0,0.00298065032812019,0
Franklin,2020-06-30T00:00:00.000,1,31,143,7748,7748,31,2020-06-30,1,143,0.00699300699300699,0.00305281558158523,1.07865164226183
Franklin,2020-07-01T00:00:00.000,1,32,89,7837,7837,32,2020-07-01,1,89,0.0112359550561798,0.00312498418530903,1.07045833618584
Franklin,2020-07-02T00:00:00.000,1,33,78,7915,7915,33,2020-07-02,1,78,0.0128205128205128,0.00319684653113758,1.07533473350845
Franklin,2020-07-03T00:00:00.000,0,33,50,7965,7965,33,2020-07-03,0,50,0,0.00326806922478673,0
Franklin,2020-07-04T00:00:00.000,0,33,156,8121,8121,33,2020-07-04,0,156,0,0.00333829355168572,0
Franklin,2020-07-05T00:00:00.000,0,33,126,8247,8247,33,2020-07-05,0,126,0,0.00340713439546843,0
Franklin,2020-07-06T00:00:00.000,0,33,138,8385,8385,33,2020-07-06,0,138,0,0.00347417978116911,0
Franklin,2020-07-07T00:00:00.000,0,33,177,8562,8562,33,2020-07-07,0,177,0,0.00353899122058079,0
Franklin,2020-07-08T00:00:00.000,1,34,196,8758,8758,34,2020-07-08,1,196,0.00510204081632653,0.00360110503459189,1.08866358245156
Franklin,2020-07-09T00:00:00.000,1,35,187,8945,8945,35,2020-07-09,1,187,0.0053475935828877,0.00366003481492467,1.08814736458491
Franklin,2020-07-10T00:00:00.000,0,35,91,9036,9036,35,2020-07-10,0,91,0,0.00371527516413772,0
Franklin,2020-07-11T00:00:00.000,1,36,180,9216,9216,36,2020-07-11,1,180,0.00555555555555556,0.00376630681576257,1.08622783040733
Franklin,2020-07-12T00:00:00.000,0,36,143,9359,9359,36,2020-07-12,0,143,0,0.00381260318769915,0
Franklin,2020-07-13T00:00:00.000,0,36,91,9450,9450,36,2020-07-13,0,91,0,0.00385363836067161,0
Franklin,2020-07-14T00:00:00.000,1,37,99,9549,9549,37,2020-07-14,1,99,0.0101010101010101,0.00388889640089219,1.08105364548035
Franklin,2020-07-15T00:00:00.000,1,38,94,9643,9643,38,2020-07-15,1,94,0.0106382978723404,0.00391788186588975,1.07872416642869
Franklin,2020-07-16T00:00:00.000,1,39,109,9752,9752,39,2020-07-16,1,109,0.00917431192660551,0.00394013124735009,1.07610678425632
Franklin,2020-07-17T00:00:00.000,1,40,183,9935,9935,40,2020-07-17,1,183,0.00546448087431694,0.00395522502107724,1.07342171642928
Franklin,2020-07-18T00:00:00.000,0,40,184,10119,10119,40,2020-07-18,0,184,0,0.0039627998969094,0
Franklin,2020-07-19T00:00:00.000,0,40,97,10216,10216,40,2020-07-19,0,97,0,0.00396256079750317,0
Franklin,2020-07-20T00:00:00.000,2,42,199,10415,10415,42,2020-07-20,2,199,0.0100502512562814,0.00395429205196241,2.16463161008726
Franklin,2020-07-21T00:00:00.000,0,42,150,10565,10565,42,2020-07-21,0,150,0,0.00393786727259439,0
Franklin,2020-07-22T00:00:00.000,0,42,248,10813,10813,42,2020-07-22,0,248,0,0.00391325739718916,0
Franklin,2020-07-23T00:00:00.000,0,42,107,10920,10920,42,2020-07-23,0,107,0,0.00388053642655871,0
Franklin,2020-07-24T00:00:00.000,0,42,321,11241,11241,42,2020-07-24,0,321,0,0.00383988446837101,0
Franklin,2020-07-25T00:00:00.000,2,44,178,11419,11419,44,2020-07-25,2,178,0.0112359550561798,0.00379158780931028,2.14649910992715
Franklin,2020-07-26T00:00:00.000,0,44,185,11604,11604,44,2020-07-26,0,185,0,0.00373603587589701,0
Franklin,2020-07-27T00:00:00.000,3,47,146,11750,11750,47,2020-07-27,3,146,0.0205479452054795,0.00367371509467684,3.18357567073688
Franklin,2020-07-28T00:00:00.000,1,48,90,11840,11840,48,2020-07-28,1,90,0.0111111111111111,0.00360519982271121,1.06640034926712
Franklin,2020-07-29T00:00:00.000,0,48,78,11918,11918,48,2020-07-29,0,78,0,0.00353114066990232,0
Franklin,2020-07-30T00:00:00.000,2,50,87,12005,12005,50,2020-07-30,2,87,0.0229885057471264,0.00345225066881834,2.14584965916
Franklin,2020-07-31T00:00:00.000,0,50,288,12293,12293,50,2020-07-31,0,288,0,0.00336928985403074,0
Franklin,2020-08-01T00:00:00.000,0,50,135,12428,12428,50,2020-08-01,0,135,0,0.00328304888217028,0
Franklin,2020-08-02T00:00:00.000,0,50,88,12516,12516,50,2020-08-02,0,88,0,0.00319433235323227,0
Franklin,2020-08-03T00:00:00.000,0,50,164,12680,12680,50,2020-08-03,0,164,0,0.00310394248172435,0
Franklin,2020-08-04T00:00:00.000,2,52,134,12814,12814,52,2020-08-04,2,134,0.0149253731343284,0.00301266371370104,2.16886835505455
Franklin,2020-08-05T00:00:00.000,0,52,91,12905,12905,52,2020-08-05,0,91,0,0.0029212488022905,0
Franklin,2020-08-06T00:00:00.000,2,54,125,13030,13030,54,2020-08-06,2,125,0.016,0.00283040674425607,2.21288583157191
Franklin,2020-08-07T00:00:00.000,0,54,74,13104,13104,54,2020-08-07,0,74,0,0.00274079285606375,0
Franklin,2020-08-08T00:00:00.000,0,54,227,13331,13331,54,2020-08-08,0,227,0,0.00265300113916292,0
Franklin,2020-08-09T00:00:00.000,0,54,85,13416,13416,54,2020-08-09,0,85,0,0.00256755895927272,0
Franklin,2020-08-10T00:00:00.000,0,54,160,13576,13576,54,2020-08-10,0,160,0,0.00248492395357866,0
Franklin,2020-08-11T00:00:00.000,0,54,133,13709,13709,54,2020-08-11,0,133,0,0.00240548298666701,0
Franklin,2020-08-12T00:00:00.000,0,54,364,14073,14073,54,2020-08-12,0,364,0,0.00232955290561172,0
Franklin,2020-08-13T00:00:00.000,0,54,73,14146,14146,54,2020-08-13,0,73,0,0.00225738279895822,0
Franklin,2020-08-14T00:00:00.000,0,54,370,14516,14516,54,2020-08-14,0,370,0,0.00218915744014792,0
Franklin,2020-08-15T00:00:00.000,0,54,155,14671,14671,54,2020-08-15,0,155,0,0.00212500159490504,0
Franklin,2020-08-16T00:00:00.000,0,54,84,14755,14755,54,2020-08-16,0,84,0,0.00206498488661101,0
Franklin,2020-08-17T00:00:00.000,1,55,151,14906,14906,55,2020-08-17,1,151,0.00662251655629139,0.00200912694347815,1.07579334198429
Franklin,2020-08-18T00:00:00.000,1,56,127,15033,15033,56,2020-08-18,1,127,0.0078740157480315,0.00195740258973752,1.0683251449781
Franklin,2020-08-19T00:00:00.000,0,56,136,15169,15169,56,2020-08-19,0,136,0,0.00190974688769945,0
Franklin,2020-08-20T00:00:00.000,0,56,122,15291,15291,56,2020-08-20,0,122,0,0.00186605988413689,0
Franklin,2020-08-21T00:00:00.000,0,56,176,15467,15467,56,2020-08-21,0,176,0,0.00182621096150485,0
Franklin,2020-08-22T00:00:00.000,0,56,270,15737,15737,56,2020-08-22,0,270,0,0.00179004273755388,0
Franklin,2020-08-23T00:00:00.000,0,56,99,15836,15836,56,2020-08-23,0,99,0,0.0017573744980534,0
Franklin,2020-08-24T00:00:00.000,0,56,177,16013,16013,56,2020-08-24,0,177,0,0.00172800518147501,0
Franklin,2020-08-25T00:00:00.000,1,57,114,16127,16127,57,2020-08-25,1,114,0.0087719298245614,0.00170171596463931,1.00295603091005
Franklin,2020-08-26T00:00:00.000,1,58,282,16409,16409,58,2020-08-26,1,282,0.00354609929078014,0.00167827252192181,0.997661019335685
Franklin,2020-08-27T00:00:00.000,0,58,51,16460,16460,58,2020-08-27,0,51,0,0.00165742704812207,0
Franklin,2020-08-28T00:00:00.000,0,58,686,17146,17146,58,2020-08-28,0,686,0,0.00163892014658161,0
Franklin,2020-08-29T00:00:00.000,0,58,171,17317,17317,58,2020-08-29,0,171,0,0.00162248268930343,0
Franklin,2020-08-30T00:00:00.000,0,58,70,17387,17387,58,2020-08-30,0,70,0,0.0016078377535813,0
Franklin,2020-08-31T00:00:00.000,0,58,163,17550,17550,58,2020-08-31,0,163,0,0.00159470273214093,0
Franklin,2020-09-01T00:00:00.000,0,58,183,17733,17733,58,2020-09-01,0,183,0,0.00158279169783857,0
Franklin,2020-09-02T00:00:00.000,1,59,138,17871,17871,59,2020-09-02,1,138,0.0072463768115942,0.00157181808283602,0.991947757874678
Franklin,2020-09-03T00:00:00.000,0,59,145,18016,18016,59,2020-09-03,0,145,0,0.00156149770450582,0
Franklin,2020-09-04T00:00:00.000,0,59,147,18163,18163,59,2020-09-04,0,147,0,0.00155155213761868,0
Franklin,2020-09-05T00:00:00.000,0,59,151,18314,18314,59,2020-09-05,0,151,0,0.00154171239653213,0
Franklin,2020-09-06T00:00:00.000,0,59,172,18486,18486,59,2020-09-06,0,172,0,0.00153172285432532,0
Franklin,2020-09-07T00:00:00.000,0,59,166,18652,18652,59,2020-09-07,0,166,0,0.00152134528948968,0
Franklin,2020-09-08T00:00:00.000,0,59,59,18711,18711,59,2020-09-08,0,59,0,0.00151036291961643,0
Franklin,2020-09-09T00:00:00.000,0,59,54,18765,18765,59,2020-09-09,0,54,0,0.00149858425728709,0
Franklin,2020-09-10T00:00:00.000,1,60,113,18878,18878,60,2020-09-10,1,113,0.00884955752212389,0.00148584660843342,1.00181369016617
Franklin,2020-09-11T00:00:00.000,1,61,319,19197,19197,61,2020-09-11,1,319,0.00313479623824451,0.00147201903165434,1.00393444089508
Franklin,2020-09-12T00:00:00.000,2,63,119,19316,19316,63,2020-09-12,2,119,0.0168067226890756,0.00145700458760831,2.011194167289
Franklin,2020-09-13T00:00:00.000,0,63,84,19400,19400,63,2020-09-13,0,84,0,0.00144074173184061,0
Franklin,2020-09-14T00:00:00.000,0,63,176,19576,19576,63,2020-09-14,0,176,0,0.00142320474098858,0
Franklin,2020-09-15T00:00:00.000,0,63,109,19685,19685,63,2020-09-15,0,109,0,0.00140440310852161,0
Franklin,2020-09-16T00:00:00.000,0,63,200,19885,19885,63,2020-09-16,0,200,0,0.00138437989788095,0
Franklin,2020-09-17T00:00:00.000,1,64,219,20104,20104,64,2020-09-17,1,219,0.0045662100456621,0.00136320909572043,1.02441653426793
Franklin,2020-09-18T00:00:00.000,0,64,228,20332,20332,64,2020-09-18,0,228,0,0.00134099205874669,0
Franklin,2020-09-19T00:00:00.000,1,65,303,20635,20635,65,2020-09-19,1,303,0.0033003300330033,0.00131785319214286,1.02781458086998
Franklin,2020-09-20T00:00:00.000,0,65,191,20826,20826,65,2020-09-20,0,191,0,0.00129393503170596,0
Franklin,2020-09-21T00:00:00.000,0,65,130,20956,20956,65,2020-09-21,0,130,0,0.00126939292223755,0
Franklin,2020-09-22T00:00:00.000,0,65,113,21069,21069,65,2020-09-22,0,113,0,0.00124438949126258,0
Franklin,2020-09-23T00:00:00.000,1,66,152,21221,21221,66,2020-09-23,1,152,0.00657894736842105,0.0012190891104757,1.02894936043416
Franklin,2020-09-24T00:00:00.000,0,66,190,21411,21411,66,2020-09-24,0,190,0,0.00119365251682078,0
Franklin,2020-09-25T00:00:00.000,0,66,268,21679,21679,66,2020-09-25,0,268,0,0.00116823173672018,0
Franklin,2020-09-26T00:00:00.000,0,66,258,21937,21937,66,2020-09-26,0,258,0,0.00114296542086015,0
Franklin,2020-09-27T00:00:00.000,0,66,141,22078,22078,66,2020-09-27,0,141,0,0.00111797465916689,0
Franklin,2020-09-28T00:00:00.000,0,66,109,22187,22187,66,2020-09-28,0,109,0,0.00109335930814362,0
Franklin,2020-09-29T00:00:00.000,0,66,120,22307,22307,66,2020-09-29,0,120,0,0.00106919483041658,0
Franklin,2020-09-30T00:00:00.000,0,66,103,22410,22410,66,2020-09-30,0,103,0,0.00104552962015788,0
Fulton,2020-04-01T00:00:00.000,4,6,10,139,139,6,2020-04-01,6,139,0.0431654676258993,0.0625041581534507,6.25067628973775
Fulton,2020-04-02T00:00:00.000,0,6,10,149,149,6,2020-04-02,0,10,0,0.0621017524949052,0
Fulton,2020-04-03T00:00:00.000,3,9,24,173,173,9,2020-04-03,3,24,0.125,0.0617136146994355,3.14154100923622
Fulton,2020-04-04T00:00:00.000,0,9,12,185,185,9,2020-04-04,0,12,0,0.0613580545655673,0
Fulton,2020-04-05T00:00:00.000,2,11,20,205,205,11,2020-04-05,2,20,0.1,0.0610595880854718,2.13397213951014
Fulton,2020-04-06T00:00:00.000,2,13,18,223,223,13,2020-04-06,2,18,0.111111111111111,0.0608471187101534,2.15329524854432
Fulton,2020-04-07T00:00:00.000,1,14,6,229,229,14,2020-04-07,1,6,0.166666666666667,0.0607523925016764,1.08253519603172
Fulton,2020-04-08T00:00:00.000,1,15,21,250,250,15,2020-04-08,1,21,0.0476190476190476,0.060808758399401,1.08790961220139
Fulton,2020-04-09T00:00:00.000,3,18,24,274,274,18,2020-04-09,3,24,0.125,0.0610502340693406,3.27940580812593
Fulton,2020-04-10T00:00:00.000,3,21,17,291,291,21,2020-04-10,3,17,0.176470588235294,0.0615108449737197,3.29518704260363
Fulton,2020-04-11T00:00:00.000,0,21,11,302,302,21,2020-04-11,0,11,0,0.0622241761771019,0
Fulton,2020-04-12T00:00:00.000,0,21,7,309,309,21,2020-04-12,0,7,0,0.0632230534322922,0
Fulton,2020-04-13T00:00:00.000,1,22,75,384,384,22,2020-04-13,1,75,0.0133333333333333,0.0645392541340799,1.11713444671492
Fulton,2020-04-14T00:00:00.000,2,24,9,393,393,24,2020-04-14,2,9,0.222222222222222,0.0662031394077271,2.25740513740803
Fulton,2020-04-15T00:00:00.000,1,25,13,406,406,25,2020-04-15,1,13,0.0769230769230769,0.0682430946290587,1.14088773974286
Fulton,2020-04-16T00:00:00.000,2,27,16,422,422,27,2020-04-16,2,16,0.125,0.0706846692926745,2.3072352954443
Fulton,2020-04-17T00:00:00.000,0,27,7,429,429,27,2020-04-17,0,7,0,0.0735493172456151,0
Fulton,2020-04-18T00:00:00.000,0,27,17,446,446,27,2020-04-18,0,17,0,0.0768526610198678,0
Fulton,2020-04-19T00:00:00.000,0,27,3,449,449,27,2020-04-19,0,3,0,0.0806022397865866,0
Fulton,2020-04-20T00:00:00.000,0,27,4,453,453,27,2020-04-20,0,4,0,0.0847947567657984,0
Fulton,2020-04-21T00:00:00.000,1,28,7,460,460,28,2020-04-21,1,7,0.142857142857143,0.0894129179187041,1.21881934886015
Fulton,2020-04-22T00:00:00.000,0,28,5,465,465,28,2020-04-22,0,5,0,0.094422050561585,0
Fulton,2020-04-23T00:00:00.000,1,29,16,481,481,29,2020-04-23,1,16,0.0625,0.0997667985642627,1.25150797842959
Fulton,2020-04-24T00:00:00.000,32,61,202,683,683,61,2020-04-24,32,202,0.158415841584158,0.105368296405153,40.6366359071382
Fulton,2020-04-25T00:00:00.000,1,62,29,712,712,62,2020-04-25,1,29,0.0344827586206897,0.11112230410113,1.28813700997837
Fulton,2020-04-26T00:00:00.000,0,62,9,721,721,62,2020-04-26,0,9,0,0.116898813499227,0
Fulton,2020-04-27T00:00:00.000,4,66,16,737,737,66,2020-04-27,4,16,0.25,0.122543590137963,5.28765330765158
Fulton,2020-04-28T00:00:00.000,1,67,27,764,764,67,2020-04-28,1,27,0.037037037037037,0.127881982094206,1.33565586312392
Fulton,2020-04-29T00:00:00.000,4,71,27,791,791,71,2020-04-29,4,27,0.148148148148148,0.132725112451922,5.39386131642534
Fulton,2020-04-30T00:00:00.000,4,75,37,828,828,75,2020-04-30,4,37,0.108108108108108,0.136878304020847,5.44068264825588
Fulton,2020-05-01T00:00:00.000,4,79,34,862,862,79,2020-05-01,4,34,0.117647058823529,0.140151302369177,5.4824400946397
Fulton,2020-05-02T00:00:00.000,3,82,36,898,898,82,2020-05-02,3,36,0.0833333333333333,0.142369613839242,4.13890349224915
Fulton,2020-05-03T00:00:00.000,2,84,25,923,923,84,2020-05-03,2,25,0.08,0.143386093388761,2.77422332589403
Fulton,2020-05-04T00:00:00.000,13,97,63,986,986,97,2020-05-04,13,63,0.206349206349206,0.143091821096383,18.110888518022
Fulton,2020-05-05T00:00:00.000,3,100,50,1036,1036,100,2020-05-05,3,50,0.06,0.141425293252169,4.19919888900525
Fulton,2020-05-06T00:00:00.000,1,101,30,1066,1066,101,2020-05-06,1,30,0.0333333333333333,0.138379015441398,1.40369475802431
Fulton,2020-05-07T00:00:00.000,2,103,27,1093,1093,103,2020-05-07,2,27,0.0740740740740741,0.134002714107273,2.81281789693007
Fulton,2020-05-08T00:00:00.000,1,104,30,1123,1123,104,2020-05-08,1,30,0.0333333333333333,0.128402587003855,1.41018995774807
Fulton,2020-05-09T00:00:00.000,3,107,31,1154,1154,107,2020-05-09,3,31,0.0967741935483871,0.121736311161836,4.23531688099052
Fulton,2020-05-10T00:00:00.000,2,109,59,1213,1213,109,2020-05-10,2,59,0.0338983050847458,0.114203929759618,2.81898975478428
Fulton,2020-05-11T00:00:00.000,26,135,100,1313,1313,135,2020-05-11,26,100,0.26,0.106035227380571,36.4038510375091
Fulton,2020-05-12T00:00:00.000,5,140,61,1374,1374,140,2020-05-12,5,61,0.0819672131147541,0.097474712512681,6.97657655340221
Fulton,2020-05-13T00:00:00.000,4,144,81,1455,1455,144,2020-05-13,4,81,0.0493827160493827,0.0887657410667028,5.58569358560804
Fulton,2020-05-14T00:00:00.000,1,145,67,1522,1522,145,2020-05-14,1,67,0.0149253731343284,0.0801355168443892,1.38889038900593
Fulton,2020-05-15T00:00:00.000,3,148,100,1622,1622,148,2020-05-15,3,100,0.03,0.0717826015925235,4.14639758306421
Fulton,2020-05-16T00:00:00.000,23,171,110,1732,1732,171,2020-05-16,23,110,0.209090909090909,0.0638681573413013,31.5891266792702
Fulton,2020-05-17T00:00:00.000,11,182,132,1864,1864,182,2020-05-17,11,132,0.0833333333333333,0.0565115123975747,15.0217206096722
Fulton,2020-05-18T00:00:00.000,0,182,30,1894,1894,182,2020-05-18,0,30,0,0.0497899491651069,0
Fulton,2020-05-19T00:00:00.000,2,184,89,1983,1983,184,2020-05-19,2,89,0.0224719101123595,0.04374202124315,2.70985249353873
Fulton,2020-05-20T00:00:00.000,2,186,100,2083,2083,186,2020-05-20,2,100,0.02,0.0383733383184302,2.69569025992935
Fulton,2020-05-21T00:00:00.000,3,189,88,2171,2171,189,2020-05-21,3,88,0.0340909090909091,0.0336636495368835,4.02679037676307
Fulton,2020-05-22T00:00:00.000,4,193,142,2313,2313,193,2020-05-22,4,142,0.028169014084507,0.0295741710498369,5.34297287358602
Fulton,2020-05-23T00:00:00.000,1,194,84,2397,2397,194,2020-05-23,1,84,0.0119047619047619,0.0260543596846912,1.32847823341222
Fulton,2020-05-24T00:00:00.000,2,196,86,2483,2483,196,2020-05-24,2,86,0.0232558139534884,0.0230476395244041,2.64131669572692
Fulton,2020-05-25T00:00:00.000,0,196,44,2527,2527,196,2020-05-25,0,44,0,0.0204958688575321,0
Fulton,2020-05-26T00:00:00.000,2,198,112,2639,2639,198,2020-05-26,2,112,0.0178571428571429,0.0183425502940962,2.61268899057894
Fulton,2020-05-27T00:00:00.000,2,200,223,2862,2862,200,2020-05-27,2,223,0.00896860986547085,0.0165349236441736,2.60213358277475
Fulton,2020-05-28T00:00:00.000,6,206,202,3064,3064,206,2020-05-28,6,202,0.0297029702970297,0.0150251482429597,7.77552023834093
Fulton,2020-05-29T00:00:00.000,1,207,146,3210,3210,207,2020-05-29,1,146,0.00684931506849315,0.0137707958342764,1.30055667755632
Fulton,2020-05-30T00:00:00.000,1,208,159,3369,3369,208,2020-05-30,1,159,0.00628930817610063,0.0127348570656153,1.30408754419129
Fulton,2020-05-31T00:00:00.000,2,210,169,3538,3538,210,2020-05-31,2,169,0.0118343195266272,0.011885430231024,2.6126016615959
Fulton,2020-06-01T00:00:00.000,2,212,83,3621,3621,212,2020-06-01,2,83,0.0240963855421687,0.0111952220287182,2.61342751274325
Fulton,2020-06-02T00:00:00.000,1,213,197,3818,3818,213,2020-06-02,1,197,0.0050761421319797,0.0106409540805173,1.30465105051531
Fulton,2020-06-03T00:00:00.000,2,215,187,4005,4005,215,2020-06-03,2,187,0.0106951871657754,0.0102027390390481,2.60194551493106
Fulton,2020-06-04T00:00:00.000,4,219,248,4253,4253,219,2020-06-04,4,248,0.0161290322580645,0.00986346758784758,5.1829893635291
Fulton,2020-06-05T00:00:00.000,3,222,233,4486,4486,222,2020-06-05,3,233,0.0128755364806867,0.00960823213891231,3.87750708941079
Fulton,2020-06-06T00:00:00.000,2,224,205,4691,4691,224,2020-06-06,2,205,0.00975609756097561,0.00942380331536201,2.60502988015941
Fulton,2020-06-07T00:00:00.000,3,227,254,4945,4945,227,2020-06-07,3,254,0.0118110236220472,0.00929817033566496,3.92383362096916
Fulton,2020-06-08T00:00:00.000,1,228,249,5194,5194,228,2020-06-08,1,249,0.00401606425702811,0.00922015446087954,1.31262944129808
Fulton,2020-06-09T00:00:00.000,0,228,132,5326,5326,228,2020-06-09,0,132,0,0.00917910449673311,0
Fulton,2020-06-10T00:00:00.000,2,230,155,5481,5481,230,2020-06-10,2,155,0.0129032258064516,0.00916468354371365,2.63791127895657
Fulton,2020-06-11T00:00:00.000,1,231,352,5833,5833,231,2020-06-11,1,352,0.00284090909090909,0.00916675546923348,1.32027327405955
Fulton,2020-06-12T00:00:00.000,1,232,164,5997,5997,232,2020-06-12,1,164,0.00609756097560976,0.00917537686777216,1.31950697961456
Fulton,2020-06-13T00:00:00.000,2,234,168,6165,6165,234,2020-06-13,2,168,0.0119047619047619,0.00918089493252062,2.63493258474072
Fulton,2020-06-14T00:00:00.000,1,235,101,6266,6266,235,2020-06-14,1,101,0.0099009900990099,0.00917414353717841,1.31559571984946
Fulton,2020-06-15T00:00:00.000,1,236,158,6424,6424,236,2020-06-15,1,158,0.00632911392405063,0.0091467195186277,1.32363866995936
Fulton,2020-06-16T00:00:00.000,0,236,85,6509,6509,236,2020-06-16,0,85,0,0.00909131022074018,0
Fulton,2020-06-17T00:00:00.000,0,236,146,6655,6655,236,2020-06-17,0,146,0,0.00900203368877963,0
Fulton,2020-06-18T00:00:00.000,1,237,173,6828,6828,237,2020-06-18,1,173,0.00578034682080925,0.00887474708474234,1.32721626633644
Fulton,2020-06-19T00:00:00.000,6,243,290,7118,7118,243,2020-06-19,6,290,0.0206896551724138,0.00870727864347178,7.91194816356249
Fulton,2020-06-20T00:00:00.000,0,243,209,7327,7327,243,2020-06-20,0,209,0,0.00849954527330016,0
Fulton,2020-06-21T00:00:00.000,1,244,171,7498,7498,244,2020-06-21,1,171,0.00584795321637427,0.00825353107902316,1.29000168017461
Fulton,2020-06-22T00:00:00.000,0,244,86,7584,7584,244,2020-06-22,0,86,0,0.00797312007983087,0
Fulton,2020-06-23T00:00:00.000,0,244,110,7694,7694,244,2020-06-23,0,110,0,0.00766379606213464,0
Fulton,2020-06-24T00:00:00.000,0,244,98,7792,7792,244,2020-06-24,0,98,0,0.00733224019306784,0
Fulton,2020-06-25T00:00:00.000,4,248,161,7953,7953,248,2020-06-25,4,161,0.0248447204968944,0.00698586965469194,4.86630099005928
Fulton,2020-06-26T00:00:00.000,1,249,171,8124,8124,249,2020-06-26,1,171,0.00584795321637427,0.00663236578425081,1.19643878642235
Fulton,2020-06-27T00:00:00.000,6,255,283,8407,8407,255,2020-06-27,6,283,0.0212014134275618,0.00627923783082834,7.08507236931933
Fulton,2020-06-28T00:00:00.000,1,256,171,8578,8578,256,2020-06-28,1,171,0.00584795321637427,0.00593345937588433,1.16797151702008
Fulton,2020-06-29T00:00:00.000,0,256,126,8704,8704,256,2020-06-29,0,126,0,0.00560120124987925,0
Fulton,2020-06-30T00:00:00.000,1,257,86,8790,8790,257,2020-06-30,1,86,0.0116279069767442,0.00528767019593747,1.13956102714394
Fulton,2020-07-01T00:00:00.000,3,260,202,8992,8992,260,2020-07-01,3,202,0.0148514851485149,0.00499704926751579,3.36571705973325
Fulton,2020-07-02T00:00:00.000,1,261,154,9146,9146,261,2020-07-02,1,154,0.00649350649350649,0.00473252583404288,1.11835785995786
Fulton,2020-07-03T00:00:00.000,0,261,239,9385,9385,261,2020-07-03,0,239,0,0.00449638705867087,0
Fulton,2020-07-04T00:00:00.000,0,261,237,9622,9622,261,2020-07-04,0,237,0,0.00429016064145057,0
Fulton,2020-07-05T00:00:00.000,1,262,131,9753,9753,262,2020-07-05,1,131,0.00763358778625954,0.00411477975620493,1.10933767735333
Fulton,2020-07-06T00:00:00.000,0,262,92,9845,9845,262,2020-07-06,0,92,0,0.00397075437596981,0
Fulton,2020-07-07T00:00:00.000,0,262,102,9947,9947,262,2020-07-07,0,102,0,0.00385833536955983,0
Fulton,2020-07-08T00:00:00.000,1,263,110,10057,10057,263,2020-07-08,1,110,0.00909090909090909,0.00377766195835827,1.09388691084645
Fulton,2020-07-09T00:00:00.000,1,264,191,10248,10248,264,2020-07-09,1,191,0.00523560209424084,0.00372888668109085,1.09017724150409
Fulton,2020-07-10T00:00:00.000,1,265,197,10445,10445,265,2020-07-10,1,197,0.0050761421319797,0.00371227456462526,1.08725061502728
Fulton,2020-07-11T00:00:00.000,0,265,175,10620,10620,265,2020-07-11,0,175,0,0.00372827461418638,0
Fulton,2020-07-12T00:00:00.000,0,265,78,10698,10698,265,2020-07-12,0,78,0,0.00377756213133928,0
Fulton,2020-07-13T00:00:00.000,1,266,145,10843,10843,266,2020-07-13,1,145,0.00689655172413793,0.00386104991573161,1.08329273481496
Fulton,2020-07-14T00:00:00.000,0,266,77,10920,10920,266,2020-07-14,0,77,0,0.00397986538507189,0
Fulton,2020-07-15T00:00:00.000,0,266,80,11000,11000,266,2020-07-15,0,80,0,0.00413528942488507,0
Fulton,2020-07-16T00:00:00.000,0,266,265,11265,11265,266,2020-07-16,0,265,0,0.00432865175669514,0
Fulton,2020-07-17T00:00:00.000,0,266,253,11518,11518,266,2020-07-17,0,253,0,0.00456117732073024,0
Fulton,2020-07-18T00:00:00.000,1,267,101,11619,11619,267,2020-07-18,1,101,0.0099009900990099,0.00483377918410384,1.09643489701644
Fulton,2020-07-19T00:00:00.000,0,267,90,11709,11709,267,2020-07-19,0,90,0,0.00514679644565456,0
Fulton,2020-07-20T00:00:00.000,0,267,91,11800,11800,267,2020-07-20,0,91,0,0.00549968110639089,0
Fulton,2020-07-21T00:00:00.000,0,267,127,11927,11927,267,2020-07-21,0,127,0,0.00589064620292235,0
Fulton,2020-07-22T00:00:00.000,1,268,96,12023,12023,268,2020-07-22,1,96,0.0104166666666667,0.00631629852324519,1.13978275839729
Fulton,2020-07-23T00:00:00.000,0,268,292,12315,12315,268,2020-07-23,0,292,0,0.00677129195904192,0
Fulton,2020-07-24T00:00:00.000,2,270,153,12468,12468,270,2020-07-24,2,153,0.0130718954248366,0.0072480500520152,2.3103421253575
Fulton,2020-07-25T00:00:00.000,0,270,171,12639,12639,270,2020-07-25,0,171,0,0.00773661554613077,0
Fulton,2020-07-26T00:00:00.000,0,270,79,12718,12718,270,2020-07-26,0,79,0,0.00822468720731237,0
Fulton,2020-07-27T00:00:00.000,0,270,67,12785,12785,270,2020-07-27,0,67,0,0.00869789603912373,0
Fulton,2020-07-28T00:00:00.000,0,270,74,12859,12859,270,2020-07-28,0,74,0,0.00914035221650464,0
Fulton,2020-07-29T00:00:00.000,5,275,151,13010,13010,275,2020-07-29,5,151,0.033112582781457,0.00953546049140702,5.90841292760987
Fulton,2020-07-30T00:00:00.000,0,275,227,13237,13237,275,2020-07-30,0,227,0,0.0098669592151211,0
Fulton,2020-07-31T00:00:00.000,7,282,190,13427,13427,282,2020-07-31,7,190,0.0368421052631579,0.0101200935626461,8.37445652120405
Fulton,2020-08-01T00:00:00.000,1,283,185,13612,13612,283,2020-08-01,1,185,0.00540540540540541,0.0102827965075711,1.19848566053435
Fulton,2020-08-02T00:00:00.000,2,285,133,13745,13745,285,2020-08-02,2,133,0.0150375939849624,0.0103467314146981,2.40636689609935
Fulton,2020-08-03T00:00:00.000,0,285,93,13838,13838,285,2020-08-03,0,93,0,0.0103080549255109,0
Fulton,2020-08-04T00:00:00.000,2,287,117,13955,13955,287,2020-08-04,2,117,0.0170940170940171,0.0101677899947593,2.44940603374664
Fulton,2020-08-05T00:00:00.000,4,291,128,14083,14083,291,2020-08-05,4,128,0.03125,0.00993175231860486,4.95391276612784
Fulton,2020-08-06T00:00:00.000,2,293,217,14300,14300,293,2020-08-06,2,217,0.00921658986175115,0.00961003864417872,2.5006138745411
Fulton,2020-08-07T00:00:00.000,2,295,213,14513,14513,295,2020-08-07,2,213,0.00938967136150235,0.00921614933294283,2.515134754273
Fulton,2020-08-08T00:00:00.000,1,296,281,14794,14794,296,2020-08-08,1,281,0.00355871886120996,0.00876586694883272,1.26178961114124
Fulton,2020-08-09T00:00:00.000,1,297,94,14888,14888,297,2020-08-09,1,94,0.0106382978723404,0.00827603821717005,1.26203280468864
Fulton,2020-08-10T00:00:00.000,0,297,101,14989,14989,297,2020-08-10,0,101,0,0.00776340535275757,0
Fulton,2020-08-11T00:00:00.000,2,299,129,15118,15118,299,2020-08-11,2,129,0.0155038759689922,0.00724360754100966,2.48759464694929
Fulton,2020-08-12T00:00:00.000,1,300,142,15260,15260,300,2020-08-12,1,142,0.00704225352112676,0.00673043241228441,1.23103185492313
Fulton,2020-08-13T00:00:00.000,3,303,170,15430,15430,303,2020-08-13,3,170,0.0176470588235294,0.0062353509497544,3.64973588385462
Fulton,2020-08-14T00:00:00.000,0,303,305,15735,15735,303,2020-08-14,0,305,0,0.0057673268069326,0
Fulton,2020-08-15T00:00:00.000,0,303,266,16001,16001,303,2020-08-15,0,266,0,0.0053328593667438,0
Fulton,2020-08-16T00:00:00.000,0,303,76,16077,16077,303,2020-08-16,0,76,0,0.00493620174389752,0
Fulton,2020-08-17T00:00:00.000,2,305,112,16189,16189,305,2020-08-17,2,112,0.0178571428571429,0.00457968995570434,2.33637052007632
Fulton,2020-08-18T00:00:00.000,0,305,195,16384,16384,305,2020-08-18,0,195,0,0.00426412462102706,0
Fulton,2020-08-19T00:00:00.000,0,305,173,16557,16557,305,2020-08-19,0,173,0,0.00398915793646297,0
Fulton,2020-08-20T00:00:00.000,1,306,198,16755,16755,306,2020-08-20,1,198,0.00505050505050505,0.00375365249730482,1.12658412525199
Fulton,2020-08-21T00:00:00.000,2,308,205,16960,16960,308,2020-08-21,2,205,0.00975609756097561,0.0035559919050646,2.22429294318602
Fulton,2020-08-22T00:00:00.000,1,309,223,17183,17183,309,2020-08-22,1,223,0.00448430493273543,0.00339433414812776,1.09777772966559
Fulton,2020-08-23T00:00:00.000,0,309,149,17332,17332,309,2020-08-23,0,149,0,0.00326680682875238,0
Fulton,2020-08-24T00:00:00.000,0,309,101,17433,17433,309,2020-08-24,0,101,0,0.00317164829745941,0
Fulton,2020-08-25T00:00:00.000,0,309,102,17535,17535,309,2020-08-25,0,102,0,0.0031073012371825,0
Fulton,2020-08-26T00:00:00.000,1,310,129,17664,17664,310,2020-08-26,1,129,0.00775193798449612,0.00307246578869421,1.05985257902021
Fulton,2020-08-27T00:00:00.000,0,310,197,17861,17861,310,2020-08-27,0,197,0,0.00306611861591654,0
Fulton,2020-08-28T00:00:00.000,1,311,308,18169,18169,311,2020-08-28,1,308,0.00324675324675325,0.00308750296108395,1.04688693221662
Fulton,2020-08-29T00:00:00.000,0,311,136,18305,18305,311,2020-08-29,0,136,0,0.00313609319930683,0
Fulton,2020-08-30T00:00:00.000,0,311,228,18533,18533,311,2020-08-30,0,228,0,0.00321153600421415,0
Fulton,2020-08-31T00:00:00.000,0,311,286,18819,18819,311,2020-08-31,0,286,0,0.00331356933864181,0
Fulton,2020-09-01T00:00:00.000,0,311,96,18915,18915,311,2020-09-01,0,96,0,0.00344192021313962,0
Fulton,2020-09-02T00:00:00.000,1,312,151,19066,19066,312,2020-09-02,1,151,0.00662251655629139,0.00359618278388884,1.07753837973018
Fulton,2020-09-03T00:00:00.000,0,312,136,19202,19202,312,2020-09-03,0,136,0,0.00377567993596524,0
Fulton,2020-09-04T00:00:00.000,0,312,243,19445,19445,312,2020-09-04,0,243,0,0.00397931402515975,0
Fulton,2020-09-05T00:00:00.000,0,312,187,19632,19632,312,2020-09-05,0,187,0,0.00420541576896728,0
Fulton,2020-09-06T00:00:00.000,0,312,137,19769,19769,312,2020-09-06,0,137,0,0.00445160399305837,0
Fulton,2020-09-07T00:00:00.000,0,312,76,19845,19845,312,2020-09-07,0,76,0,0.00471467234478651,0
Fulton,2020-09-08T00:00:00.000,0,312,102,19947,19947,312,2020-09-08,0,102,0,0.00499052137739709,0
Fulton,2020-09-09T00:00:00.000,0,312,75,20022,20022,312,2020-09-09,0,75,0,0.00527415456259721,0
Fulton,2020-09-10T00:00:00.000,3,315,193,20215,20215,315,2020-09-10,3,193,0.0155440414507772,0.00555975390410685,3.42938604310888
Fulton,2020-09-11T00:00:00.000,1,316,159,20374,20374,316,2020-09-11,1,159,0.00628930817610063,0.00584084451285467,1.15228942277333
Fulton,2020-09-12T00:00:00.000,2,318,256,20630,20630,318,2020-09-12,2,256,0.0078125,0.00611054785098687,2.32121796892885
Fulton,2020-09-13T00:00:00.000,2,320,123,20753,20753,320,2020-09-13,2,123,0.016260162601626,0.00636191143338964,2.34260896831928
Fulton,2020-09-14T00:00:00.000,4,324,221,20974,20974,324,2020-09-14,4,221,0.0180995475113122,0.00658829042868869,4.72919218095083
Fulton,2020-09-15T00:00:00.000,1,325,118,21092,21092,325,2020-09-15,1,118,0.00847457627118644,0.00678374616231926,1.19201209500029
Fulton,2020-09-16T00:00:00.000,6,331,138,21230,21230,331,2020-09-16,6,138,0.0434782608695652,0.00694342028684331,7.20284842481585
Fulton,2020-09-17T00:00:00.000,0,331,90,21320,21320,331,2020-09-17,0,90,0,0.00706384322219864,0
Fulton,2020-09-18T00:00:00.000,1,332,261,21581,21581,332,2020-09-18,1,261,0.00383141762452107,0.00714314175230479,1.2133542777469
Fulton,2020-09-19T00:00:00.000,0,332,201,21782,21782,332,2020-09-19,0,201,0,0.00718112270400593,0
Fulton,2020-09-20T00:00:00.000,0,332,172,21954,21954,332,2020-09-20,0,172,0,0.00717922529032604,0
Fulton,2020-09-21T00:00:00.000,0,332,255,22209,22209,332,2020-09-21,0,255,0,0.0071403509872116,0
Fulton,2020-09-22T00:00:00.000,0,332,75,22284,22284,332,2020-09-22,0,75,0,0.00706859384773161,0
Fulton,2020-09-23T00:00:00.000,1,333,112,22396,22396,333,2020-09-23,1,112,0.00892857142857143,0.00696890365875096,1.22491767803348
Fulton,2020-09-24T00:00:00.000,0,333,121,22517,22517,333,2020-09-24,0,121,0,0.00684671790544164,0
Fulton,2020-09-25T00:00:00.000,1,334,148,22665,22665,334,2020-09-25,1,148,0.00675675675675676,0.00670759652782191,1.2288404916063
Fulton,2020-09-26T00:00:00.000,1,335,117,22782,22782,335,2020-09-26,1,117,0.00854700854700855,0.00655688680789458,1.23025240197474
Fulton,2020-09-27T00:00:00.000,2,337,118,22900,22900,337,2020-09-27,2,118,0.0169491525423729,0.00639943648879554,2.48695431137146
Fulton,2020-09-28T00:00:00.000,2,339,208,23108,23108,339,2020-09-28,2,208,0.00961538461538462,0.00623936325139564,2.53853034248252
Fulton,2020-09-29T00:00:00.000,0,339,87,23195,23195,339,2020-09-29,0,87,0,0.00607987986898445,0
Fulton,2020-09-30T00:00:00.000,0,339,126,23321,23321,339,2020-09-30,0,126,0,0.005923167818709,0
Genesee,2020-04-01T00:00:00.000,1,14,39,221,221,14,2020-04-01,14,221,0.0633484162895928,0.116907862807456,15.5273475736246
Genesee,2020-04-02T00:00:00.000,2,16,23,244,244,16,2020-04-02,2,23,0.0869565217391304,0.124748887443576,2.23098312326794
Genesee,2020-04-03T00:00:00.000,4,20,30,274,274,20,2020-04-03,4,30,0.133333333333333,0.133002004597615,4.52302710266035
Genesee,2020-04-04T00:00:00.000,2,22,12,286,286,22,2020-04-04,2,12,0.166666666666667,0.141617928334409,2.29845929899724
Genesee,2020-04-05T00:00:00.000,1,23,11,297,297,23,2020-04-05,1,11,0.0909090909090909,0.15051016470738,1.16772329892675
Genesee,2020-04-06T00:00:00.000,10,33,37,334,334,33,2020-04-06,10,37,0.27027027027027,0.15955374245734,11.8560571523655
Genesee,2020-04-07T00:00:00.000,14,47,31,365,365,47,2020-04-07,14,31,0.451612903225806,0.16858597214644,16.7840152663362
Genesee,2020-04-08T00:00:00.000,9,56,43,408,408,56,2020-04-08,9,43,0.209302325581395,0.17740967859295,10.8977399621767
Genesee,2020-04-09T00:00:00.000,9,65,32,440,440,65,2020-04-09,9,32,0.28125,0.185799131618128,10.9964385302437
Genesee,2020-04-10T00:00:00.000,2,67,18,458,458,67,2020-04-10,2,18,0.111111111111111,0.193508603579861,2.46356298814243
Genesee,2020-04-11T00:00:00.000,2,69,19,477,477,69,2020-04-11,2,19,0.105263157894737,0.200283167595505,2.48127876686354
Genesee,2020-04-12T00:00:00.000,2,71,7,484,484,71,2020-04-12,2,7,0.285714285714286,0.205871088068241,2.49665910061359
Genesee,2020-04-13T00:00:00.000,5,76,34,518,518,76,2020-04-13,5,34,0.147058823529412,0.210036996703285,6.28525111185932
Genesee,2020-04-14T00:00:00.000,0,76,15,533,533,76,2020-04-14,0,15,0,0.212575010766098,0
Genesee,2020-04-15T00:00:00.000,2,78,12,545,545,78,2020-04-15,2,12,0.166666666666667,0.213321013879004,2.55723359622026
Genesee,2020-04-16T00:00:00.000,5,83,21,566,566,83,2020-04-16,5,21,0.238095238095238,0.212163426722018,6.43822906825043
Genesee,2020-04-17T00:00:00.000,4,87,13,579,579,87,2020-04-17,4,13,0.307692307692308,0.209051887610175,5.18103683995538
Genesee,2020-04-18T00:00:00.000,30,117,56,635,635,117,2020-04-18,30,56,0.535714285714286,0.204003296969445,39.0377311915954
Genesee,2020-04-19T00:00:00.000,2,119,14,649,649,119,2020-04-19,2,14,0.142857142857143,0.197104661818866,2.61065266062577
Genesee,2020-04-20T00:00:00.000,2,121,8,657,657,121,2020-04-20,2,8,0.25,0.188512153981308,2.61354557180936
Genesee,2020-04-21T00:00:00.000,1,122,17,674,674,122,2020-04-21,1,17,0.0588235294117647,0.178445859691716,1.30602040060345
Genesee,2020-04-22T00:00:00.000,4,126,25,699,699,126,2020-04-22,4,25,0.16,0.167179935504051,5.22270020495634
Genesee,2020-04-23T00:00:00.000,1,127,19,718,718,127,2020-04-23,1,19,0.0526315789473684,0.155028345596003,1.30790478970359
Genesee,2020-04-24T00:00:00.000,14,141,145,863,863,141,2020-04-24,14,145,0.096551724137931,0.142327001398819,18.3211841231645
Genesee,2020-04-25T00:00:00.000,3,144,37,900,900,144,2020-04-25,3,37,0.0810810810810811,0.129413822698242,3.92374934144048
Genesee,2020-04-26T00:00:00.000,4,148,20,920,920,148,2020-04-26,4,20,0.2,0.1166087852862,5.22282011038273
Genesee,2020-04-27T00:00:00.000,1,149,28,948,948,149,2020-04-27,1,28,0.0357142857142857,0.104196212524362,1.30064601387192
Genesee,2020-04-28T00:00:00.000,3,152,26,974,974,152,2020-04-28,3,26,0.115384615384615,0.0924112956711921,3.87888942742231
Genesee,2020-04-29T00:00:00.000,1,153,32,1006,1006,153,2020-04-29,1,32,0.03125,0.0814321298132871,1.28417453538059
Genesee,2020-04-30T00:00:00.000,1,154,29,1035,1035,154,2020-04-30,1,29,0.0344827586206897,0.0713776101662777,1.27443045706477
Genesee,2020-05-01T00:00:00.000,1,155,55,1090,1090,155,2020-05-01,1,55,0.0181818181818182,0.0623106037198011,1.26389322467026
Genesee,2020-05-02T00:00:00.000,0,155,25,1115,1115,155,2020-05-02,0,25,0,0.0542451204658931,0
Genesee,2020-05-03T00:00:00.000,4,159,48,1163,1163,159,2020-05-03,4,48,0.0833333333333333,0.0471558809072097,4.96448608379982
Genesee,2020-05-04T00:00:00.000,0,159,47,1210,1210,159,2020-05-04,0,47,0,0.0409887091082183,0
Genesee,2020-05-05T00:00:00.000,3,162,59,1269,1269,162,2020-05-05,3,59,0.0508474576271186,0.0356704755312489,3.65885017410401
Genesee,2020-05-06T00:00:00.000,6,168,98,1367,1367,168,2020-05-06,6,98,0.0612244897959184,0.0311177345539585,7.25467066735851
Genesee,2020-05-07T00:00:00.000,1,169,62,1429,1429,169,2020-05-07,1,62,0.0161290322580645,0.0272436252666318,1.19929701108035
Genesee,2020-05-08T00:00:00.000,1,170,47,1476,1476,170,2020-05-08,1,47,0.0212765957446809,0.0239629504430189,1.19226904708943
Genesee,2020-05-09T00:00:00.000,2,172,149,1625,1625,172,2020-05-09,2,149,0.0134228187919463,0.021195583973289,2.37070314081582
Genesee,2020-05-10T00:00:00.000,1,173,182,1807,1807,173,2020-05-10,1,182,0.00549450549450549,0.0188684845004281,1.17725108383294
Genesee,2020-05-11T00:00:00.000,1,174,77,1884,1884,174,2020-05-11,1,77,0.012987012987013,0.0169166352382921,1.16536068345343
Genesee,2020-05-12T00:00:00.000,0,174,96,1980,1980,174,2020-05-12,0,96,0,0.0152832155402829,0
Genesee,2020-05-13T00:00:00.000,1,175,77,2057,2057,175,2020-05-13,1,77,0.012987012987013,0.013919265166136,1.16025703167592
Genesee,2020-05-14T00:00:00.000,0,175,66,2123,2123,175,2020-05-14,0,66,0,0.012783046243649,0
Genesee,2020-05-15T00:00:00.000,3,178,47,2170,2170,178,2020-05-15,3,47,0.0638297872340425,0.0118392533560991,3.46259306358635
Genesee,2020-05-16T00:00:00.000,2,180,69,2239,2239,180,2020-05-16,2,69,0.0289855072463768,0.0110581750158567,2.30504647599749
Genesee,2020-05-17T00:00:00.000,0,180,30,2269,2269,180,2020-05-17,0,30,0,0.0104148726415647,0
Genesee,2020-05-18T00:00:00.000,2,182,77,2346,2346,182,2020-05-18,2,77,0.025974025974026,0.0098884156842486,2.31647544443056
Genesee,2020-05-19T00:00:00.000,2,184,95,2441,2441,184,2020-05-19,2,95,0.0210526315789474,0.00946119257320486,2.32514667836206
Genesee,2020-05-20T00:00:00.000,4,188,145,2586,2586,188,2020-05-20,4,145,0.0275862068965517,0.00911830487413658,4.66969416224079
Genesee,2020-05-21T00:00:00.000,1,189,42,2628,2628,189,2020-05-21,1,42,0.0238095238095238,0.00884704469513324,1.17436059358956
Genesee,2020-05-22T00:00:00.000,2,191,271,2899,2899,191,2020-05-22,2,271,0.00738007380073801,0.00863645155529463,2.36208352046968
Genesee,2020-05-23T00:00:00.000,0,191,181,3080,3080,191,2020-05-23,0,181,0,0.0084769433172787,0
Genesee,2020-05-24T00:00:00.000,1,192,95,3175,3175,192,2020-05-24,1,95,0.0105263157894737,0.0083600155139121,1.19329698667112
Genesee,2020-05-25T00:00:00.000,1,193,58,3233,3233,193,2020-05-25,1,58,0.0172413793103448,0.00827800378258876,1.19870585758555
Genesee,2020-05-26T00:00:00.000,2,195,84,3317,3317,195,2020-05-26,2,84,0.0238095238095238,0.0082239045747137,2.41129058050029
Genesee,2020-05-27T00:00:00.000,2,197,177,3494,3494,197,2020-05-27,2,177,0.0112994350282486,0.00819124960368376,2.42562904490345
Genesee,2020-05-28T00:00:00.000,2,199,119,3613,3613,199,2020-05-28,2,119,0.0168067226890756,0.0081740293085196,2.43876494538721
Genesee,2020-05-29T00:00:00.000,1,200,135,3748,3748,200,2020-05-29,1,135,0.00740740740740741,0.00816665999697736,1.23434859433511
Genesee,2020-05-30T00:00:00.000,2,202,115,3863,3863,202,2020-05-30,2,115,0.0173913043478261,0.00816398824324746,2.49475310638898
Genesee,2020-05-31T00:00:00.000,0,202,82,3945,3945,202,2020-05-31,0,82,0,0.00816132479424335,0
Genesee,2020-06-01T00:00:00.000,0,202,145,4090,4090,202,2020-06-01,0,145,0,0.0081544989342134,0
Genesee,2020-06-02T00:00:00.000,0,202,264,4354,4354,202,2020-06-02,0,264,0,0.00813992322562271,0
Genesee,2020-06-03T00:00:00.000,3,205,326,4680,4680,205,2020-06-03,3,326,0.00920245398773006,0.00811465815180537,3.81456309027471
Genesee,2020-06-04T00:00:00.000,0,205,137,4817,4817,205,2020-06-04,0,137,0,0.00807646659863143,0
Genesee,2020-06-05T00:00:00.000,1,206,322,5139,5139,206,2020-06-05,1,322,0.0031055900621118,0.00802384942491487,1.26941981776722
Genesee,2020-06-06T00:00:00.000,2,208,153,5292,5292,208,2020-06-06,2,153,0.0130718954248366,0.00795605559219766,2.56129657448428
Genesee,2020-06-07T00:00:00.000,0,208,104,5396,5396,208,2020-06-07,0,104,0,0.00787306313269311,0
Genesee,2020-06-08T00:00:00.000,2,210,200,5596,5596,210,2020-06-08,2,200,0.01,0.00777553040231735,2.58090084202904
Genesee,2020-06-09T00:00:00.000,1,211,213,5809,5809,211,2020-06-09,1,213,0.00469483568075117,0.0076647201363768,1.29283464794786
Genesee,2020-06-10T00:00:00.000,1,212,234,6043,6043,212,2020-06-10,1,234,0.00427350427350427,0.00754240143043675,1.29350885499624
Genesee,2020-06-11T00:00:00.000,0,212,187,6230,6230,212,2020-06-11,0,187,0,0.00741073661549162,0
Genesee,2020-06-12T00:00:00.000,0,212,174,6404,6404,212,2020-06-12,0,174,0,0.00727216091464517,0
Genesee,2020-06-13T00:00:00.000,0,212,158,6562,6562,212,2020-06-13,0,158,0,0.00712926272032274,0
Genesee,2020-06-14T00:00:00.000,1,213,91,6653,6653,213,2020-06-14,1,91,0.010989010989011,0.00698467144923741,1.28020788286061
Genesee,2020-06-15T00:00:00.000,0,213,112,6765,6765,213,2020-06-15,0,112,0,0.00684095844987153,0
Genesee,2020-06-16T00:00:00.000,3,216,142,6907,6907,216,2020-06-16,3,142,0.0211267605633803,0.00670055458261897,3.86727022970922
Genesee,2020-06-17T00:00:00.000,1,217,169,7076,7076,217,2020-06-17,1,169,0.00591715976331361,0.00656568620800012,1.29018265350005
Genesee,2020-06-18T00:00:00.000,1,218,243,7319,7319,218,2020-06-18,1,243,0.00411522633744856,0.00643832954831642,1.28529677393401
Genesee,2020-06-19T00:00:00.000,4,222,189,7508,7508,222,2020-06-19,4,189,0.0211640211640212,0.00632018200223499,5.10830580875539
Genesee,2020-06-20T00:00:00.000,0,222,108,7616,7616,222,2020-06-20,0,108,0,0.00621264795684887,0
Genesee,2020-06-21T00:00:00.000,3,225,182,7798,7798,225,2020-06-21,3,182,0.0164835164835165,0.00611683609201113,3.7557807865625
Genesee,2020-06-22T00:00:00.000,4,229,196,7994,7994,229,2020-06-22,4,196,0.0204081632653061,0.00603356498780238,4.95306299811727
Genesee,2020-06-23T00:00:00.000,1,230,196,8190,8190,230,2020-06-23,1,196,0.00510204081632653,0.00596337398981624,1.22416757705429
Genesee,2020-06-24T00:00:00.000,1,231,220,8410,8410,231,2020-06-24,1,220,0.00454545454545455,0.00590653669388548,1.2098328023678
Genesee,2020-06-25T00:00:00.000,1,232,120,8530,8530,232,2020-06-25,1,120,0.00833333333333333,0.00586307493766629,1.19544464996598
Genesee,2020-06-26T00:00:00.000,5,237,154,8684,8684,237,2020-06-26,5,154,0.0324675324675325,0.00583277184344929,5.90583269592421
Genesee,2020-06-27T00:00:00.000,1,238,118,8802,8802,238,2020-06-27,1,118,0.00847457627118644,0.0058151830897815,1.17181401064114
Genesee,2020-06-28T00:00:00.000,0,238,109,8911,8911,238,2020-06-28,0,109,0,0.00580964623959371,0
Genesee,2020-06-29T00:00:00.000,0,238,416,9327,9327,238,2020-06-29,0,416,0,0.00581528852800802,0
Genesee,2020-06-30T00:00:00.000,0,238,249,9576,9576,238,2020-06-30,0,249,0,0.0058310340162424,0
Genesee,2020-07-01T00:00:00.000,0,238,112,9688,9688,238,2020-07-01,0,112,0,0.00585561141104035,0
Genesee,2020-07-02T00:00:00.000,1,239,129,9817,9817,239,2020-07-02,1,129,0.00775193798449612,0.0058875641297582,1.14304955812193
Genesee,2020-07-03T00:00:00.000,0,239,170,9987,9987,239,2020-07-03,0,170,0,0.00592526429839204,0
Genesee,2020-07-04T00:00:00.000,0,239,167,10154,10154,239,2020-07-04,0,167,0,0.00596693231746851,0
Genesee,2020-07-05T00:00:00.000,3,242,213,10367,10367,242,2020-07-05,3,213,0.0140845070422535,0.00601066338983811,3.45654805856464
Genesee,2020-07-06T00:00:00.000,0,242,412,10779,10779,242,2020-07-06,0,412,0,0.00605446194454478,0
Genesee,2020-07-07T00:00:00.000,2,244,178,10957,10957,244,2020-07-07,2,178,0.0112359550561798,0.00609628426313845,2.29951630088589
Genesee,2020-07-08T00:00:00.000,0,244,246,11203,11203,244,2020-07-08,0,246,0,0.00613408882982056,0
Genesee,2020-07-09T00:00:00.000,2,246,185,11388,11388,246,2020-07-09,2,185,0.0108108108108108,0.00616589304829303,2.29281380166153
Genesee,2020-07-10T00:00:00.000,1,247,114,11502,11502,247,2020-07-10,1,114,0.0087719298245614,0.00618983408344707,1.14428328438013
Genesee,2020-07-11T00:00:00.000,3,250,269,11771,11771,250,2020-07-11,3,269,0.0111524163568773,0.00620423081502186,3.42546398278764
Genesee,2020-07-12T00:00:00.000,0,250,99,11870,11870,250,2020-07-12,0,99,0,0.0062076433146561,0
Genesee,2020-07-13T00:00:00.000,2,252,196,12066,12066,252,2020-07-13,2,196,0.0102040816326531,0.00619892599078919,2.27162651743076
Genesee,2020-07-14T00:00:00.000,2,254,136,12202,12202,254,2020-07-14,2,136,0.0147058823529412,0.00617727065689543,2.26451012561148
Genesee,2020-07-15T00:00:00.000,0,254,270,12472,12472,254,2020-07-15,0,270,0,0.00614223627551417,0
Genesee,2020-07-16T00:00:00.000,0,254,212,12684,12684,254,2020-07-16,0,212,0,0.0060937629984775,0
Genesee,2020-07-17T00:00:00.000,2,256,173,12857,12857,256,2020-07-17,2,173,0.0115606936416185,0.00603216926389666,2.23939448962577
Genesee,2020-07-18T00:00:00.000,1,257,177,13034,13034,257,2020-07-18,1,177,0.00564971751412429,0.00595813200823079,1.11960590692454
Genesee,2020-07-19T00:00:00.000,1,258,189,13223,13223,258,2020-07-19,1,189,0.00529100529100529,0.00587265135328493,1.12225325444767
Genesee,2020-07-20T00:00:00.000,0,258,234,13457,13457,258,2020-07-20,0,234,0,0.00577700227159504,0
Genesee,2020-07-21T00:00:00.000,0,258,167,13624,13624,258,2020-07-21,0,167,0,0.00567267661274713,0
Genesee,2020-07-22T00:00:00.000,2,260,139,13763,13763,260,2020-07-22,2,139,0.0143884892086331,0.00556131938063377,2.25073102599106
Genesee,2020-07-23T00:00:00.000,1,261,288,14051,14051,261,2020-07-23,1,288,0.00347222222222222,0.00544466326956647,1.12438163947291
Genesee,2020-07-24T00:00:00.000,0,261,224,14275,14275,261,2020-07-24,0,224,0,0.00532446520886163,0
Genesee,2020-07-25T00:00:00.000,3,264,162,14437,14437,264,2020-07-25,3,162,0.0185185185185185,0.00520244811209644,3.32323180552379
Genesee,2020-07-26T00:00:00.000,2,266,128,14565,14565,266,2020-07-26,2,128,0.015625,0.00508025023782841,2.18812772504005
Genesee,2020-07-27T00:00:00.000,0,266,155,14720,14720,266,2020-07-27,0,155,0,0.00495938372343208,0
Genesee,2020-07-28T00:00:00.000,1,267,186,14906,14906,267,2020-07-28,1,186,0.00537634408602151,0.00484120296761875,1.09830427396036
Genesee,2020-07-29T00:00:00.000,3,270,306,15212,15212,270,2020-07-29,3,306,0.00980392156862745,0.00472688277962288,3.3048017065741
Genesee,2020-07-30T00:00:00.000,0,270,241,15453,15453,270,2020-07-30,0,241,0,0.00461740559331138,0
Genesee,2020-07-31T00:00:00.000,2,272,207,15660,15660,272,2020-07-31,2,207,0.00966183574879227,0.00451355660563946,2.20710006906028
Genesee,2020-08-01T00:00:00.000,0,272,125,15785,15785,272,2020-08-01,0,125,0,0.00441592546057679,0
Genesee,2020-08-02T00:00:00.000,1,273,93,15878,15878,273,2020-08-02,1,93,0.010752688172043,0.0043249130257591,1.10267941976602
Genesee,2020-08-03T00:00:00.000,0,273,213,16091,16091,273,2020-08-03,0,213,0,0.00424074187328012,0
Genesee,2020-08-04T00:00:00.000,1,274,293,16384,16384,274,2020-08-04,1,293,0.00341296928327645,0.00416346926117418,1.12009192715959
Genesee,2020-08-05T00:00:00.000,0,274,180,16564,16564,274,2020-08-05,0,180,0,0.004093001640043,0
Genesee,2020-08-06T00:00:00.000,3,277,309,16873,16873,277,2020-08-06,3,309,0.00970873786407767,0.00402910998549828,3.43863670333226
Genesee,2020-08-07T00:00:00.000,0,277,168,17041,17041,277,2020-08-07,0,168,0,0.00397144552194103,0
Genesee,2020-08-08T00:00:00.000,0,277,85,17126,17126,277,2020-08-08,0,85,0,0.00391955564015284,0
Genesee,2020-08-09T00:00:00.000,0,277,136,17262,17262,277,2020-08-09,0,136,0,0.00387290001256986,0
Genesee,2020-08-10T00:00:00.000,2,279,324,17586,17586,279,2020-08-10,2,324,0.00617283950617284,0.00383086703993696,2.3379817420345
Genesee,2020-08-11T00:00:00.000,1,280,188,17774,17774,280,2020-08-11,1,188,0.00531914893617021,0.00379279083747417,1.16586970142023
Genesee,2020-08-12T00:00:00.000,0,280,210,17984,17984,280,2020-08-12,0,210,0,0.00375796897305411,0
Genesee,2020-08-13T00:00:00.000,4,284,423,18407,18407,284,2020-08-13,4,423,0.00945626477541371,0.00372568109762363,4.62205013297982
Genesee,2020-08-14T00:00:00.000,0,284,158,18565,18565,284,2020-08-14,0,158,0,0.00369520849839451,0
Genesee,2020-08-15T00:00:00.000,1,285,244,18809,18809,285,2020-08-15,1,244,0.00409836065573771,0.0036658544243313,1.14830442744299
Genesee,2020-08-16T00:00:00.000,0,285,104,18913,18913,285,2020-08-16,0,104,0,0.00363696485147498,0
Genesee,2020-08-17T00:00:00.000,3,288,557,19470,19470,288,2020-08-17,3,557,0.00538599640933573,0.00360794915122683,3.42196379163818
Genesee,2020-08-18T00:00:00.000,1,289,367,19837,19837,289,2020-08-18,1,367,0.00272479564032698,0.00357829995574475,1.13475762293633
Genesee,2020-08-19T00:00:00.000,1,290,335,20172,20172,290,2020-08-19,1,335,0.00298507462686567,0.00354761138939379,1.12758104714776
Genesee,2020-08-20T00:00:00.000,0,290,383,20555,20555,290,2020-08-20,0,383,0,0.00351559478898049,0
Genesee,2020-08-21T00:00:00.000,0,290,228,20783,20783,290,2020-08-21,0,228,0,0.00348209106705195,0
Genesee,2020-08-22T00:00:00.000,0,290,150,20933,20933,290,2020-08-22,0,150,0,0.00344707902147989,0
Genesee,2020-08-23T00:00:00.000,0,290,110,21043,21043,290,2020-08-23,0,110,0,0.00341067910362271,0
Genesee,2020-08-24T00:00:00.000,1,291,162,21205,21205,291,2020-08-24,1,162,0.00617283950617284,0.00337315246654445,1.07755514458251
Genesee,2020-08-25T00:00:00.000,1,292,244,21449,21449,292,2020-08-25,1,244,0.00409836065573771,0.00333489544268283,1.0727571284415
Genesee,2020-08-26T00:00:00.000,0,292,211,21660,21660,292,2020-08-26,0,211,0,0.00329642994225849,0
Genesee,2020-08-27T00:00:00.000,1,293,316,21976,21976,293,2020-08-27,1,316,0.00316455696202532,0.00325839057180844,1.0613125287523
Genesee,2020-08-28T00:00:00.000,0,293,470,22446,22446,293,2020-08-28,0,470,0,0.00322150950908842,0
Genesee,2020-08-29T00:00:00.000,1,294,178,22624,22624,294,2020-08-29,1,178,0.00561797752808989,0.0031866003129457,1.05282665305859
Genesee,2020-08-30T00:00:00.000,1,295,169,22793,22793,295,2020-08-30,1,169,0.00591715976331361,0.00315454189630253,1.05636795254477
Genesee,2020-08-31T00:00:00.000,2,297,217,23010,23010,297,2020-08-31,2,217,0.00921658986175115,0.00312626381403628,2.11574556628159
Genesee,2020-09-01T00:00:00.000,0,297,201,23211,23211,297,2020-09-01,0,201,0,0.00310273387664508,0
Genesee,2020-09-02T00:00:00.000,1,298,188,23399,23399,298,2020-09-02,1,188,0.00531914893617021,0.0030849488720615,1.06114166979904
Genesee,2020-09-03T00:00:00.000,2,300,222,23621,23621,300,2020-09-03,2,222,0.00900900900900901,0.00307392891853346,2.1259491222259
Genesee,2020-09-04T00:00:00.000,0,300,231,23852,23852,300,2020-09-04,0,231,0,0.00307071570170317,0
Genesee,2020-09-05T00:00:00.000,1,301,116,23968,23968,301,2020-09-05,1,116,0.00862068965517241,0.00307637458774681,1.06722301479701
Genesee,2020-09-06T00:00:00.000,1,302,134,24102,24102,302,2020-09-06,1,134,0.00746268656716418,0.00309200036739425,1.0697150377268
Genesee,2020-09-07T00:00:00.000,1,303,138,24240,24240,303,2020-09-07,1,138,0.0072463768115942,0.0031187262002647,1.07250241839408
Genesee,2020-09-08T00:00:00.000,1,304,316,24556,24556,304,2020-09-08,1,316,0.00316455696202532,0.00315773516937409,1.07562083324287
Genesee,2020-09-09T00:00:00.000,2,306,175,24731,24731,306,2020-09-09,2,175,0.0114285714285714,0.00321027373502656,2.15820670420046
Genesee,2020-09-10T00:00:00.000,0,306,355,25086,25086,306,2020-09-10,0,355,0,0.00327766629339884,0
Genesee,2020-09-11T00:00:00.000,1,307,190,25276,25276,307,2020-09-11,1,190,0.00526315789473684,0.00336132996152317,1.0903479855018
Genesee,2020-09-12T00:00:00.000,0,307,189,25465,25465,307,2020-09-12,0,189,0,0.00346278864970786,0
Genesee,2020-09-13T00:00:00.000,0,307,126,25591,25591,307,2020-09-13,0,126,0,0.0035836854244066,0
Genesee,2020-09-14T00:00:00.000,0,307,332,25923,25923,307,2020-09-14,0,332,0,0.00372579211220943,0
Genesee,2020-09-15T00:00:00.000,0,307,225,26148,26148,307,2020-09-15,0,225,0,0.00389101506389444,0
Genesee,2020-09-16T00:00:00.000,2,309,201,26349,26349,309,2020-09-16,2,201,0.00995024875621891,0.00408139602044651,2.27670388809256
Genesee,2020-09-17T00:00:00.000,0,309,415,26764,26764,309,2020-09-17,0,415,0,0.00429910709561444,0
Genesee,2020-09-18T00:00:00.000,5,314,286,27050,27050,314,2020-09-18,5,286,0.0174825174825175,0.00454643910350801,5.7987694326043
Genesee,2020-09-19T00:00:00.000,0,314,209,27259,27259,314,2020-09-19,0,209,0,0.00482578282751101,0
Genesee,2020-09-20T00:00:00.000,2,316,86,27345,27345,316,2020-09-20,2,86,0.0232558139534884,0.00513960340443431,2.36121015255829
Genesee,2020-09-21T00:00:00.000,1,317,346,27691,27691,317,2020-09-21,1,346,0.00289017341040462,0.00549040885642265,1.19074477292515
Genesee,2020-09-22T00:00:00.000,0,317,239,27930,27930,317,2020-09-22,0,239,0,0.00588071495746559,0
Genesee,2020-09-23T00:00:00.000,0,317,269,28199,28199,317,2020-09-23,0,269,0,0.00631301006130119,0
Genesee,2020-09-24T00:00:00.000,0,317,396,28595,28595,317,2020-09-24,0,396,0,0.00678972528868623,0
Genesee,2020-09-25T00:00:00.000,2,319,275,28870,28870,319,2020-09-25,2,275,0.00727272727272727,0.00731321740637626,2.47901790976047
Genesee,2020-09-26T00:00:00.000,2,321,222,29092,29092,321,2020-09-26,2,222,0.00900900900900901,0.00788577382308055,2.50633362309241
Genesee,2020-09-27T00:00:00.000,0,321,95,29187,29187,321,2020-09-27,0,95,0,0.00850965117047707,0
Genesee,2020-09-28T00:00:00.000,6,327,151,29338,29338,327,2020-09-28,6,151,0.0397350993377483,0.00918716087177782,7.91603523388623
Genesee,2020-09-29T00:00:00.000,3,330,485,29823,29823,330,2020-09-29,3,485,0.00618556701030928,0.00992081679520494,4.07656782420593
Genesee,2020-09-30T00:00:00.000,5,335,307,30130,30130,335,2020-09-30,5,307,0.0162866449511401,0.010713561701697,6.98794902541423
Greene,2020-04-01T00:00:00.000,3,21,11,241,241,21,2020-04-01,21,241,0.0871369294605809,0.100445874581565,22.9402090910857
Greene,2020-04-02T00:00:00.000,2,23,16,257,257,23,2020-04-02,2,16,0.125,0.103063102087221,2.18878416392015
Greene,2020-04-03T00:00:00.000,1,24,10,267,267,24,2020-04-03,1,10,0.1,0.105737144183515,1.10511160047025
Greene,2020-04-04T00:00:00.000,0,24,7,274,274,24,2020-04-04,0,7,0,0.108463056805667,0
Greene,2020-04-05T00:00:00.000,0,24,12,286,286,24,2020-04-05,0,12,0,0.111232825843539,0
Greene,2020-04-06T00:00:00.000,0,24,13,299,299,24,2020-04-06,0,13,0,0.11403532226978,0
Greene,2020-04-07T00:00:00.000,1,25,6,305,305,25,2020-04-07,1,6,0.166666666666667,0.11685628645547,1.15571538535053
Greene,2020-04-08T00:00:00.000,3,28,29,334,334,28,2020-04-08,3,29,0.103448275862069,0.119678350182567,3.49236007316527
Greene,2020-04-09T00:00:00.000,6,34,36,370,370,34,2020-04-09,6,36,0.166666666666667,0.122481105426338,7.03174857047863
Greene,2020-04-10T00:00:00.000,3,37,27,397,397,37,2020-04-10,3,27,0.111111111111111,0.125241228873611,3.53801470755609
Greene,2020-04-11T00:00:00.000,7,44,40,437,437,44,2020-04-11,7,40,0.175,0.127932670475238,8.30380811504918
Greene,2020-04-12T00:00:00.000,1,45,14,451,451,45,2020-04-12,1,14,0.0714285714285714,0.130526912986989,1.1927233510022
Greene,2020-04-13T00:00:00.000,21,66,93,544,544,66,2020-04-13,21,93,0.225806451612903,0.132993307539254,25.2188525646072
Greene,2020-04-14T00:00:00.000,7,73,25,569,569,73,2020-04-14,7,25,0.28,0.135299487853274,8.48631816783028
Greene,2020-04-15T00:00:00.000,1,74,16,585,585,74,2020-04-15,1,16,0.0625,0.137411862826069,1.2235999894773
Greene,2020-04-16T00:00:00.000,3,77,16,601,601,77,2020-04-16,3,16,0.1875,0.139296184085001,3.70377456361336
Greene,2020-04-17T00:00:00.000,5,82,28,629,629,82,2020-04-17,5,28,0.178571428571429,0.140918181730491,6.2258404546996
Greene,2020-04-18T00:00:00.000,3,85,24,653,653,85,2020-04-18,3,24,0.125,0.142244258193722,3.76551450699552
Greene,2020-04-19T00:00:00.000,1,86,8,661,661,86,2020-04-19,1,8,0.125,0.143242226845637,1.26431856543977
Greene,2020-04-20T00:00:00.000,1,87,16,677,677,87,2020-04-20,1,16,0.0625,0.143882079044833,1.27194055989067
Greene,2020-04-21T00:00:00.000,0,87,15,692,692,87,2020-04-21,0,15,0,0.144136760600869,0
Greene,2020-04-22T00:00:00.000,2,89,25,717,717,89,2020-04-22,2,25,0.08,0.143982936394357,2.57263271867009
Greene,2020-04-23T00:00:00.000,1,90,31,748,748,90,2020-04-23,1,31,0.032258064516129,0.143401720079065,1.29774825935413
Greene,2020-04-24T00:00:00.000,17,107,212,960,960,107,2020-04-24,17,212,0.080188679245283,0.142379344549536,22.2479701906557
Greene,2020-04-25T00:00:00.000,3,110,36,996,996,110,2020-04-25,3,36,0.0833333333333333,0.140907748211016,3.95727905737125
Greene,2020-04-26T00:00:00.000,1,111,25,1021,1021,111,2020-04-26,1,25,0.04,0.138985052187767,1.32882796337581
Greene,2020-04-27T00:00:00.000,1,112,20,1041,1041,112,2020-04-27,1,20,0.05,0.136615904593089,1.33636178278629
Greene,2020-04-28T00:00:00.000,2,114,24,1065,1065,114,2020-04-28,2,24,0.0833333333333333,0.133811670060887,2.68344707227498
Greene,2020-04-29T00:00:00.000,17,131,59,1124,1124,131,2020-04-29,17,59,0.288135593220339,0.130590446044235,22.8867716403115
Greene,2020-04-30T00:00:00.000,8,139,47,1171,1171,139,2020-04-30,8,47,0.170212765957447,0.126976892187704,10.799966241139
Greene,2020-05-01T00:00:00.000,3,142,36,1207,1207,142,2020-05-01,3,36,0.0833333333333333,0.123001865345777,4.05850994322046
Greene,2020-05-02T00:00:00.000,9,151,32,1239,1239,151,2020-05-02,9,32,0.28125,0.118701860589398,12.193000079235
Greene,2020-05-03T00:00:00.000,3,154,34,1273,1273,154,2020-05-03,3,34,0.0882352941176471,0.114118267518682,4.06740568956114
Greene,2020-05-04T00:00:00.000,12,166,36,1309,1309,166,2020-05-04,12,36,0.333333333333333,0.10929646095594,16.2733430579578
Greene,2020-05-05T00:00:00.000,22,188,84,1393,1393,188,2020-05-05,22,84,0.261904761904762,0.104284754905261,29.8701390725888
Greene,2020-05-06T00:00:00.000,10,198,55,1448,1448,198,2020-05-06,10,55,0.181818181818182,0.0991332577314779,13.5764927576271
Greene,2020-05-07T00:00:00.000,1,199,34,1482,1482,199,2020-05-07,1,34,0.0294117647058824,0.0938926738666693,1.35726119414156
Greene,2020-05-08T00:00:00.000,5,204,45,1527,1527,204,2020-05-08,5,45,0.111111111111111,0.0886131021024093,6.79422677735943
Greene,2020-05-09T00:00:00.000,2,206,44,1571,1571,206,2020-05-09,2,44,0.0454545454545455,0.0833428820070992,2.71856353866077
Greene,2020-05-10T00:00:00.000,0,206,14,1585,1585,206,2020-05-10,0,14,0,0.0781275377993379,0
Greene,2020-05-11T00:00:00.000,0,206,28,1613,1613,206,2020-05-11,0,28,0,0.0730088631242359,0
Greene,2020-05-12T00:00:00.000,0,206,41,1654,1654,206,2020-05-12,0,41,0,0.0680241811394374,0
Greene,2020-05-13T00:00:00.000,1,207,46,1700,1700,207,2020-05-13,1,46,0.0217391304347826,0.0632058028440453,1.34979642480801
Greene,2020-05-14T00:00:00.000,2,209,64,1764,1764,209,2020-05-14,2,64,0.03125,0.0585806939286729,2.69209830916488
Greene,2020-05-15T00:00:00.000,2,211,49,1813,1813,211,2020-05-15,2,49,0.0408163265306122,0.0541703476799382,2.68753374801945
Greene,2020-05-16T00:00:00.000,1,212,43,1856,1856,212,2020-05-16,1,43,0.0232558139534884,0.0499908499215738,1.34020241701963
Greene,2020-05-17T00:00:00.000,1,213,33,1889,1889,213,2020-05-17,1,33,0.0303030303030303,0.0460531124719276,1.33794789543662
Greene,2020-05-18T00:00:00.000,1,214,26,1915,1915,214,2020-05-18,1,26,0.0384615384615385,0.0423632448539491,1.33962719561067
Greene,2020-05-19T00:00:00.000,1,215,189,2104,2104,215,2020-05-19,1,189,0.00529100529100529,0.0389230302212798,1.33920306731748
Greene,2020-05-20T00:00:00.000,0,215,44,2148,2148,215,2020-05-20,0,44,0,0.0357304705913581,0
Greene,2020-05-21T00:00:00.000,0,215,48,2196,2196,215,2020-05-21,0,48,0,0.0327803681426006,0
Greene,2020-05-22T00:00:00.000,2,217,69,2265,2265,217,2020-05-22,2,69,0.0289855072463768,0.0300649129325802,2.67588663611026
Greene,2020-05-23T00:00:00.000,3,220,55,2320,2320,220,2020-05-23,3,55,0.0545454545454545,0.0275742523104743,4.00809523274539
Greene,2020-05-24T00:00:00.000,5,225,35,2355,2355,225,2020-05-24,5,35,0.142857142857143,0.0252970228568673,6.66507101742914
Greene,2020-05-25T00:00:00.000,0,225,24,2379,2379,225,2020-05-25,0,24,0,0.023220831316664,0
Greene,2020-05-26T00:00:00.000,6,231,108,2487,2487,231,2020-05-26,6,108,0.0555555555555556,0.0213326762694172,7.95733299085637
Greene,2020-05-27T00:00:00.000,5,236,107,2594,2594,236,2020-05-27,5,107,0.0467289719626168,0.0196193068693968,6.61755779579674
Greene,2020-05-28T00:00:00.000,1,237,92,2686,2686,237,2020-05-28,1,92,0.0108695652173913,0.0180675187456194,1.32003723135691
Greene,2020-05-29T00:00:00.000,1,238,110,2796,2796,238,2020-05-29,1,110,0.00909090909090909,0.0166643899975594,1.32559946886799
Greene,2020-05-30T00:00:00.000,0,238,100,2896,2896,238,2020-05-30,0,100,0,0.0153974622147344,0
Greene,2020-05-31T00:00:00.000,1,239,79,2975,2975,239,2020-05-31,1,79,0.0126582278481013,0.0142548726672182,1.33026463818634
Greene,2020-06-01T00:00:00.000,2,241,119,3094,3094,241,2020-06-01,2,119,0.0168067226890756,0.0132254443922096,2.65734667077095
Greene,2020-06-02T00:00:00.000,0,241,153,3247,3247,241,2020-06-02,0,153,0,0.0122987409855339,0
Greene,2020-06-03T00:00:00.000,0,241,130,3377,3377,241,2020-06-03,0,130,0,0.0114650926205267,0
Greene,2020-06-04T00:00:00.000,1,242,134,3511,3511,242,2020-06-04,1,134,0.00746268656716418,0.010715599290332,1.3065288697227
Greene,2020-06-05T00:00:00.000,4,246,181,3692,3692,246,2020-06-05,4,181,0.0220994475138122,0.0100421166026459,5.19289467849895
Greene,2020-06-06T00:00:00.000,0,246,117,3809,3809,246,2020-06-06,0,117,0,0.0094372287210443,0
Greene,2020-06-07T00:00:00.000,1,247,42,3851,3851,247,2020-06-07,1,42,0.0238095238095238,0.0088942123151567,1.30214794173295
Greene,2020-06-08T00:00:00.000,1,248,104,3955,3955,248,2020-06-08,1,104,0.00961538461538462,0.00840699468151953,1.30056600671219
Greene,2020-06-09T00:00:00.000,1,249,172,4127,4127,249,2020-06-09,1,172,0.00581395348837209,0.00797010856062199,1.29789564792273
Greene,2020-06-10T00:00:00.000,0,249,88,4215,4215,249,2020-06-10,0,88,0,0.00757864561486484,0
Greene,2020-06-11T00:00:00.000,0,249,82,4297,4297,249,2020-06-11,0,82,0,0.00722821005088784,0
Greene,2020-06-12T00:00:00.000,1,250,97,4394,4394,250,2020-06-12,1,97,0.0103092783505155,0.00691487346666619,1.28270776678491
Greene,2020-06-13T00:00:00.000,1,251,128,4522,4522,251,2020-06-13,1,128,0.0078125,0.00663513167489145,1.27536931968943
Greene,2020-06-14T00:00:00.000,0,251,110,4632,4632,251,2020-06-14,0,110,0,0.00638586399058959,0
Greene,2020-06-15T00:00:00.000,1,252,67,4699,4699,252,2020-06-15,1,67,0.0149253731343284,0.00616429526337684,1.2724222468393
Greene,2020-06-16T00:00:00.000,0,252,196,4895,4895,252,2020-06-16,0,196,0,0.00596796077767746,0
Greene,2020-06-17T00:00:00.000,0,252,73,4968,4968,252,2020-06-17,0,73,0,0.00579467402435626,0
Greene,2020-06-18T00:00:00.000,2,254,174,5142,5142,254,2020-06-18,2,174,0.0114942528735632,0.00564249726323758,2.53689929987944
Greene,2020-06-19T00:00:00.000,1,255,54,5196,5196,255,2020-06-19,1,54,0.0185185185185185,0.00550971473387044,1.2596701843295
Greene,2020-06-20T00:00:00.000,1,256,67,5263,5263,256,2020-06-20,1,67,0.0149253731343284,0.00539480833444501,1.24720838907488
Greene,2020-06-21T00:00:00.000,0,256,119,5382,5382,256,2020-06-21,0,119,0,0.00529643556324232,0
Greene,2020-06-22T00:00:00.000,0,256,110,5492,5492,256,2020-06-22,0,110,0,0.00521340950535544,0
Greene,2020-06-23T00:00:00.000,0,256,114,5606,5606,256,2020-06-23,0,114,0,0.00514468064440946,0
Greene,2020-06-24T00:00:00.000,1,257,158,5764,5764,257,2020-06-24,1,158,0.00632911392405063,0.00508932028098848,1.19195001396587
Greene,2020-06-25T00:00:00.000,0,257,126,5890,5890,257,2020-06-25,0,126,0,0.00504650534871174,0
Greene,2020-06-26T00:00:00.000,3,260,127,6017,6017,260,2020-06-26,3,127,0.0236220472440945,0.00501550442836836,3.49040926813406
Greene,2020-06-27T00:00:00.000,0,260,166,6183,6183,260,2020-06-27,0,166,0,0.00499566477575005,0
Greene,2020-06-28T00:00:00.000,0,260,58,6241,6241,260,2020-06-28,0,58,0,0.00498640019357663,0
Greene,2020-06-29T00:00:00.000,0,260,154,6395,6395,260,2020-06-29,0,154,0,0.00498717959580979,0
Greene,2020-06-30T00:00:00.000,0,260,72,6467,6467,260,2020-06-30,0,72,0,0.00499751613170798,0
Greene,2020-07-01T00:00:00.000,0,260,195,6662,6662,260,2020-07-01,0,195,0,0.00501695675824933,0
Greene,2020-07-02T00:00:00.000,3,263,99,6761,6761,263,2020-07-02,3,99,0.0303030303030303,0.00504507217179573,3.37659900446678
Greene,2020-07-03T00:00:00.000,0,263,106,6867,6867,263,2020-07-03,0,106,0,0.00508144703576437,0
Greene,2020-07-04T00:00:00.000,0,263,156,7023,7023,263,2020-07-04,0,156,0,0.00512567046834638,0
Greene,2020-07-05T00:00:00.000,0,263,115,7138,7138,263,2020-07-05,0,115,0,0.0051773267838094,0
Greene,2020-07-06T00:00:00.000,0,263,177,7315,7315,263,2020-07-06,0,177,0,0.0052359865141866,0
Greene,2020-07-07T00:00:00.000,0,263,151,7466,7466,263,2020-07-07,0,151,0,0.0053011977722805,0
Greene,2020-07-08T00:00:00.000,0,263,149,7615,7615,263,2020-07-08,0,149,0,0.00537247805293451,0
Greene,2020-07-09T00:00:00.000,1,264,329,7944,7944,264,2020-07-09,1,329,0.00303951367781155,0.00544930660634359,1.13233079171949
Greene,2020-07-10T00:00:00.000,1,265,143,8087,8087,265,2020-07-10,1,143,0.00699300699300699,0.00553111755336894,1.13148015662237
Greene,2020-07-11T00:00:00.000,1,266,55,8142,8142,266,2020-07-11,1,55,0.0181818181818182,0.00561729394544673,1.13052994738102
Greene,2020-07-12T00:00:00.000,0,266,56,8198,8198,266,2020-07-12,0,56,0,0.00570716300028266,0
Greene,2020-07-13T00:00:00.000,1,267,104,8302,8302,267,2020-07-13,1,104,0.00961538461538462,0.00579999276532844,1.12828297265359
Greene,2020-07-14T00:00:00.000,4,271,127,8429,8429,271,2020-07-14,4,127,0.031496062992126,0.00589499047095621,4.50788585136154
Greene,2020-07-15T00:00:00.000,0,271,133,8562,8562,271,2020-07-15,0,133,0,0.00599130283231214,0
Greene,2020-07-16T00:00:00.000,0,271,219,8781,8781,271,2020-07-16,0,219,0,0.00608801853912808,0
Greene,2020-07-17T00:00:00.000,0,271,147,8928,8928,271,2020-07-17,0,147,0,0.00618417313506846,0
Greene,2020-07-18T00:00:00.000,1,272,30,8958,8958,272,2020-07-18,1,30,0.0333333333333333,0.00627875643018884,1.12548971992515
Greene,2020-07-19T00:00:00.000,0,272,51,9009,9009,272,2020-07-19,0,51,0,0.0063707225117218,0
Greene,2020-07-20T00:00:00.000,0,272,148,9157,9157,272,2020-07-20,0,148,0,0.00645900232181495,0
Greene,2020-07-21T00:00:00.000,0,272,110,9267,9267,272,2020-07-21,0,110,0,0.00654251865739159,0
Greene,2020-07-22T00:00:00.000,1,273,80,9347,9347,273,2020-07-22,1,80,0.0125,0.00662020332355558,1.14515151269525
Greene,2020-07-23T00:00:00.000,5,278,212,9559,9559,278,2020-07-23,5,212,0.0235849056603774,0.00669101604346774,5.73899510216949
Greene,2020-07-24T00:00:00.000,1,279,110,9669,9669,279,2020-07-24,1,110,0.00909090909090909,0.00675396460322861,1.14704395588875
Greene,2020-07-25T00:00:00.000,2,281,59,9728,9728,281,2020-07-25,2,59,0.0338983050847458,0.00680812559787868,2.27589046759203
Greene,2020-07-26T00:00:00.000,1,282,48,9776,9776,282,2020-07-26,1,48,0.0208333333333333,0.00685266505729969,1.12730157382718
Greene,2020-07-27T00:00:00.000,1,283,100,9876,9876,283,2020-07-27,1,100,0.01,0.00688685817081613,1.13001833212137
Greene,2020-07-28T00:00:00.000,2,285,78,9954,9954,285,2020-07-28,2,78,0.0256410256410256,0.00691010731271027,2.27617589292945
Greene,2020-07-29T00:00:00.000,2,287,146,10100,10100,287,2020-07-29,2,146,0.0136986301369863,0.00692195759482704,2.28886172791539
Greene,2020-07-30T00:00:00.000,2,289,213,10313,10313,289,2020-07-30,2,213,0.00938967136150235,0.00692210924369588,2.3004505603449
Greene,2020-07-31T00:00:00.000,0,289,189,10502,10502,289,2020-07-31,0,189,0,0.00691042621553955,0
Greene,2020-08-01T00:00:00.000,0,289,54,10556,10556,289,2020-08-01,0,54,0,0.00688694061602219,0
Greene,2020-08-02T00:00:00.000,0,289,76,10632,10632,289,2020-08-02,0,76,0,0.00685185267585226,0
Greene,2020-08-03T00:00:00.000,0,289,132,10764,10764,289,2020-08-03,0,132,0,0.0068055262364139,0
Greene,2020-08-04T00:00:00.000,0,289,163,10927,10927,289,2020-08-04,0,163,0,0.00674847990540599,0
Greene,2020-08-05T00:00:00.000,1,290,107,11034,11034,290,2020-08-05,1,107,0.00934579439252336,0.00668137424164658,1.19034363836706
Greene,2020-08-06T00:00:00.000,1,291,149,11183,11183,291,2020-08-06,1,149,0.00671140939597315,0.00660499550239376,1.20429083168131
Greene,2020-08-07T00:00:00.000,0,291,94,11277,11277,291,2020-08-07,0,94,0,0.0065202366277736,0
Greene,2020-08-08T00:00:00.000,1,292,83,11360,11360,292,2020-08-08,1,83,0.0120481927710843,0.00642807623579885,1.22325095018042
Greene,2020-08-09T00:00:00.000,1,293,61,11421,11421,293,2020-08-09,1,61,0.0163934426229508,0.00632955645185118,1.228643034631
Greene,2020-08-10T00:00:00.000,1,294,151,11572,11572,294,2020-08-10,1,151,0.00662251655629139,0.00622576040044378,1.22715847775998
Greene,2020-08-11T00:00:00.000,1,295,136,11708,11708,295,2020-08-11,1,136,0.00735294117647059,0.00611779014451527,1.22296374999079
Greene,2020-08-12T00:00:00.000,1,296,89,11797,11797,296,2020-08-12,1,89,0.0112359550561798,0.00600674577614175,1.21710744661541
Greene,2020-08-13T00:00:00.000,0,296,208,12005,12005,296,2020-08-13,0,208,0,0.00589370625209067,0
Greene,2020-08-14T00:00:00.000,1,297,240,12245,12245,297,2020-08-14,1,240,0.00416666666666667,0.00577971243422068,1.202571716101
Greene,2020-08-15T00:00:00.000,1,298,133,12378,12378,298,2020-08-15,1,133,0.0075187969924812,0.00566575265469348,1.19940340919113
Greene,2020-08-16T00:00:00.000,0,298,45,12423,12423,298,2020-08-16,0,45,0,0.00555275098286663,0
Greene,2020-08-17T00:00:00.000,2,300,269,12692,12692,300,2020-08-17,2,269,0.00743494423791822,0.00544155823879433,2.37700687686074
Greene,2020-08-18T00:00:00.000,0,300,235,12927,12927,300,2020-08-18,0,235,0,0.00533294568042304,0
Greene,2020-08-19T00:00:00.000,1,301,164,13091,13091,301,2020-08-19,1,164,0.00609756097560976,0.00522760119480828,1.17215328296487
Greene,2020-08-20T00:00:00.000,3,304,293,13384,13384,304,2020-08-20,3,293,0.0102389078498294,0.00512612774914292,3.48673079978801
Greene,2020-08-21T00:00:00.000,1,305,137,13521,13521,305,2020-08-21,1,137,0.0072992700729927,0.00502904380771147,1.15136879247067
Greene,2020-08-22T00:00:00.000,0,305,97,13618,13618,305,2020-08-22,0,97,0,0.00493678539115849,0
Greene,2020-08-23T00:00:00.000,0,305,49,13667,13667,305,2020-08-23,0,49,0,0.00484970944815826,0
Greene,2020-08-24T00:00:00.000,0,305,101,13768,13768,305,2020-08-24,0,101,0,0.00476809821680925,0
Greene,2020-08-25T00:00:00.000,1,306,101,13869,13869,306,2020-08-25,1,101,0.0099009900990099,0.00469216427612044,1.11001924316895
Greene,2020-08-26T00:00:00.000,0,306,182,14051,14051,306,2020-08-26,0,182,0,0.00462205601948011,0
Greene,2020-08-27T00:00:00.000,0,306,241,14292,14292,306,2020-08-27,0,241,0,0.00455786331963469,0
Greene,2020-08-28T00:00:00.000,1,307,228,14520,14520,307,2020-08-28,1,228,0.0043859649122807,0.00449962319570269,1.08706785870483
Greene,2020-08-29T00:00:00.000,0,307,147,14667,14667,307,2020-08-29,0,147,0,0.00444732533431031,0
Greene,2020-08-30T00:00:00.000,0,307,85,14752,14752,307,2020-08-30,0,85,0,0.00440091735550951,0
Greene,2020-08-31T00:00:00.000,2,309,138,14890,14890,309,2020-08-31,2,138,0.0144927536231884,0.00436030975188477,2.18732144698026
Greene,2020-09-01T00:00:00.000,1,310,107,14997,14997,310,2020-09-01,1,107,0.00934579439252336,0.00432538046001937,1.09524090104547
Greene,2020-09-02T00:00:00.000,0,310,186,15183,15183,310,2020-09-02,0,186,0,0.00429597905157293,0
Greene,2020-09-03T00:00:00.000,3,313,198,15381,15381,313,2020-09-03,3,198,0.0151515151515152,0.00427193055322592,3.29562024640749
Greene,2020-09-04T00:00:00.000,0,313,114,15495,15495,313,2020-09-04,0,114,0,0.00425303892140885,0
Greene,2020-09-05T00:00:00.000,1,314,105,15600,15600,314,2020-09-05,1,105,0.00952380952380952,0.00423909020977585,1.10199221542536
Greene,2020-09-06T00:00:00.000,0,314,41,15641,15641,314,2020-09-06,0,41,0,0.00422985547526874,0
Greene,2020-09-07T00:00:00.000,2,316,140,15781,15781,316,2020-09-07,2,140,0.0142857142857143,0.00422509347083487,2.21112952167035
Greene,2020-09-08T00:00:00.000,0,316,123,15904,15904,316,2020-09-08,0,123,0,0.00422455317283903,0
Greene,2020-09-09T00:00:00.000,1,317,86,15990,15990,317,2020-09-09,1,86,0.0116279069767442,0.00422797618758873,1.10923122960916
Greene,2020-09-10T00:00:00.000,0,317,233,16223,16223,317,2020-09-10,0,233,0,0.00423509907413627,0
Greene,2020-09-11T00:00:00.000,0,317,136,16359,16359,317,2020-09-11,0,136,0,0.00424565561306685,0
Greene,2020-09-12T00:00:00.000,1,318,221,16580,16580,318,2020-09-12,1,221,0.00452488687782805,0.00425937904073719,1.11947021272659
Greene,2020-09-13T00:00:00.000,0,318,42,16622,16622,318,2020-09-13,0,42,0,0.00427600425784077,0
Greene,2020-09-14T00:00:00.000,0,318,127,16749,16749,318,2020-09-14,0,127,0,0.00429527001084268,0
Greene,2020-09-15T00:00:00.000,0,318,106,16855,16855,318,2020-09-15,0,106,0,0.00431692103496916,0
Greene,2020-09-16T00:00:00.000,1,319,215,17070,17070,319,2020-09-16,1,215,0.00465116279069767,0.00434071013756429,1.14538570463257
Greene,2020-09-17T00:00:00.000,0,319,200,17270,17270,319,2020-09-17,0,200,0,0.00436640019458509,0
Greene,2020-09-18T00:00:00.000,0,319,176,17446,17446,319,2020-09-18,0,176,0,0.00439376602659199,0
Greene,2020-09-19T00:00:00.000,0,319,123,17569,17569,319,2020-09-19,0,123,0,0.00442259611756615,0
Greene,2020-09-20T00:00:00.000,1,320,56,17625,17625,320,2020-09-20,1,56,0.0178571428571429,0.00445269413970681,1.16378825999575
Greene,2020-09-21T00:00:00.000,1,321,94,17719,17719,321,2020-09-21,1,94,0.0106382978723404,0.00448388024821997,1.16687306638777
Greene,2020-09-22T00:00:00.000,0,321,103,17822,17822,321,2020-09-22,0,103,0,0.00451599211356643,0
Greene,2020-09-23T00:00:00.000,0,321,184,18006,18006,321,2020-09-23,0,184,0,0.00454888566530789,0
Greene,2020-09-24T00:00:00.000,2,323,268,18274,18274,323,2020-09-24,2,268,0.00746268656716418,0.0045824355265529,2.35759102557381
Greene,2020-09-25T00:00:00.000,0,323,102,18376,18376,323,2020-09-25,0,102,0,0.00461653512717337,0
Greene,2020-09-26T00:00:00.000,0,323,114,18490,18490,323,2020-09-26,0,114,0,0.00465109649029311,0
Greene,2020-09-27T00:00:00.000,0,323,62,18552,18552,323,2020-09-27,0,62,0,0.00468604969430971,0
Greene,2020-09-28T00:00:00.000,0,323,78,18630,18630,323,2020-09-28,0,78,0,0.0047213420176441,0
Greene,2020-09-29T00:00:00.000,2,325,181,18811,18811,325,2020-09-29,2,181,0.0110497237569061,0.0047569367782996,2.52511643320614
Greene,2020-09-30T00:00:00.000,3,328,254,19065,19065,328,2020-09-30,3,254,0.0118110236220472,0.00479281188033351,3.86871403908368
Hamilton,2020-04-01T00:00:00.000,0,2,3,17,17,2,2020-04-01,2,17,0.117647058823529,0.133157526021848,2.24725023364451
Hamilton,2020-04-02T00:00:00.000,0,2,0,17,17,2,2020-04-02,0,0,0.243697478991597,0.127605917604407,0
Hamilton,2020-04-03T00:00:00.000,0,2,0,17,17,2,2020-04-03,0,0,0.369747899159664,0.122263623409048,0
Hamilton,2020-04-04T00:00:00.000,0,2,0,17,17,2,2020-04-04,0,0,0.495798319327731,0.117140487362631,0
Hamilton,2020-04-05T00:00:00.000,0,2,0,17,17,2,2020-04-05,0,0,0.621848739495798,0.112248487660517,0
Hamilton,2020-04-06T00:00:00.000,0,2,0,17,17,2,2020-04-06,0,0,0.747899159663866,0.107599197494066,0
Hamilton,2020-04-07T00:00:00.000,0,2,0,17,17,2,2020-04-07,0,0,0.873949579831933,0.103201860865961,0
Hamilton,2020-04-08T00:00:00.000,1,3,1,18,18,3,2020-04-08,1,1,1,0.0990620235241319,1.14231773606218
Hamilton,2020-04-09T00:00:00.000,0,3,0,18,18,3,2020-04-09,0,0,0.5,0.0951806449569395,0
Hamilton,2020-04-10T00:00:00.000,0,3,1,19,19,3,2020-04-10,0,1,0,0.0915536081193352,0
Hamilton,2020-04-11T00:00:00.000,0,3,0,19,19,3,2020-04-11,0,0,0,0.0881715437088951,0
Hamilton,2020-04-12T00:00:00.000,0,3,1,20,20,3,2020-04-12,0,1,0,0.0850198928113181,0
Hamilton,2020-04-13T00:00:00.000,0,3,0,20,20,3,2020-04-13,0,0,0,0.0820791458187558,0
Hamilton,2020-04-14T00:00:00.000,0,3,0,20,20,3,2020-04-14,0,0,0,0.0793252142735034,0
Hamilton,2020-04-15T00:00:00.000,0,3,0,20,20,3,2020-04-15,0,0,0,0.0767299122589106,0
Hamilton,2020-04-16T00:00:00.000,0,3,6,26,26,3,2020-04-16,0,6,0,0.0742615444934155,0
Hamilton,2020-04-17T00:00:00.000,0,3,1,27,27,3,2020-04-17,0,1,0,0.0718856142340764,0
Hamilton,2020-04-18T00:00:00.000,0,3,1,28,28,3,2020-04-18,0,1,0,0.0695656761984135,0
Hamilton,2020-04-19T00:00:00.000,0,3,0,28,28,3,2020-04-19,0,0,0,0.0672643626486087,0
Hamilton,2020-04-20T00:00:00.000,0,3,0,28,28,3,2020-04-20,0,0,0,0.0649446058141147,0
Hamilton,2020-04-21T00:00:00.000,0,3,1,29,29,3,2020-04-21,0,1,0,0.0625710631186791,0
Hamilton,2020-04-22T00:00:00.000,0,3,0,29,29,3,2020-04-22,0,0,0,0.0601117251578544,0
Hamilton,2020-04-23T00:00:00.000,0,3,0,29,29,3,2020-04-23,0,0,0,0.0575396499117996,0
Hamilton,2020-04-24T00:00:00.000,0,3,3,32,32,3,2020-04-24,0,3,0,0.0548347247844845,0
Hamilton,2020-04-25T00:00:00.000,0,3,1,33,33,3,2020-04-25,0,1,0,0.0519853157798339,0
Hamilton,2020-04-26T00:00:00.000,0,3,2,35,35,3,2020-04-26,0,2,0,0.0489896289067111,0
Hamilton,2020-04-27T00:00:00.000,0,3,1,36,36,3,2020-04-27,0,1,0,0.0458565920477716,0
Hamilton,2020-04-28T00:00:00.000,0,3,2,38,38,3,2020-04-28,0,2,0,0.0426060753861805,0
Hamilton,2020-04-29T00:00:00.000,0,3,0,38,38,3,2020-04-29,0,0,0,0.0392683111633702,0
Hamilton,2020-04-30T00:00:00.000,0,3,2,40,40,3,2020-04-30,0,2,0,0.0358824511058424,0
Hamilton,2020-05-01T00:00:00.000,0,3,3,43,43,3,2020-05-01,0,3,0,0.0324943047267744,0
Hamilton,2020-05-02T00:00:00.000,0,3,1,44,44,3,2020-05-02,0,1,0,0.0291534196209477,0
Hamilton,2020-05-03T00:00:00.000,0,3,2,46,46,3,2020-05-03,0,2,0,0.0259097734364911,0
Hamilton,2020-05-04T00:00:00.000,0,3,1,47,47,3,2020-05-04,0,1,0,0.0228104224917347,0
Hamilton,2020-05-05T00:00:00.000,2,5,6,53,53,5,2020-05-05,2,6,0.333333333333333,0.019896473782588,2.30091242022482
Hamilton,2020-05-06T00:00:00.000,0,5,0,53,53,5,2020-05-06,0,0,0.166666666666667,0.0172007066615417,0
Hamilton,2020-05-07T00:00:00.000,0,5,4,57,57,5,2020-05-07,0,4,0,0.0147460733112748,0
Hamilton,2020-05-08T00:00:00.000,0,5,3,60,60,5,2020-05-08,0,3,0,0.0125451733581661,0
Hamilton,2020-05-09T00:00:00.000,0,5,1,61,61,5,2020-05-09,0,1,0,0.010600656619515,0
Hamilton,2020-05-10T00:00:00.000,0,5,0,61,61,5,2020-05-10,0,0,0,0.00890638811697399,0
Hamilton,2020-05-11T00:00:00.000,0,5,0,61,61,5,2020-05-11,0,0,0,0.00744913257315753,0
Hamilton,2020-05-12T00:00:00.000,0,5,6,67,67,5,2020-05-12,0,6,0,0.00621049043362843,0
Hamilton,2020-05-13T00:00:00.000,0,5,45,112,112,5,2020-05-13,0,45,0,0.00516883908759234,0
Hamilton,2020-05-14T00:00:00.000,0,5,10,122,122,5,2020-05-14,0,10,0,0.00430108779935722,0
Hamilton,2020-05-15T00:00:00.000,0,5,34,156,156,5,2020-05-15,0,34,0,0.00358412469184085,0
Hamilton,2020-05-16T00:00:00.000,0,5,139,295,295,5,2020-05-16,0,139,0,0.00299590296187993,0
Hamilton,2020-05-17T00:00:00.000,0,5,35,330,330,5,2020-05-17,0,35,0,0.00251616977375429,0
Hamilton,2020-05-18T00:00:00.000,0,5,2,332,332,5,2020-05-18,0,2,0,0.00212687977742939,0
Hamilton,2020-05-19T00:00:00.000,0,5,10,342,342,5,2020-05-19,0,10,0,0.00181235561538298,0
Hamilton,2020-05-20T00:00:00.000,0,5,12,354,354,5,2020-05-20,0,12,0,0.00155926330908409,0
Hamilton,2020-05-21T00:00:00.000,0,5,8,362,362,5,2020-05-21,0,8,0,0.00135646566259965,0
Hamilton,2020-05-22T00:00:00.000,0,5,38,400,400,5,2020-05-22,0,38,0,0.00119480631235289,0
Hamilton,2020-05-23T00:00:00.000,0,5,3,403,403,5,2020-05-23,0,3,0,0.00106686451641462,0
Hamilton,2020-05-24T00:00:00.000,0,5,3,406,406,5,2020-05-24,0,3,0,0.000966708669256502,0
Hamilton,2020-05-25T00:00:00.000,0,5,5,411,411,5,2020-05-25,0,5,0,0.000889666217465399,0
Hamilton,2020-05-26T00:00:00.000,0,5,1,412,412,5,2020-05-26,0,1,0,0.000832119658770299,0
Hamilton,2020-05-27T00:00:00.000,0,5,3,415,415,5,2020-05-27,0,3,0,0.000791332545277196,0
Hamilton,2020-05-28T00:00:00.000,0,5,4,419,419,5,2020-05-28,0,4,0,0.000765305552267412,0
Hamilton,2020-05-29T00:00:00.000,0,5,3,422,422,5,2020-05-29,0,3,0,0.00075266021991485,0
Hamilton,2020-05-30T00:00:00.000,0,5,22,444,444,5,2020-05-30,0,22,0,0.000752546480953793,0
Hamilton,2020-05-31T00:00:00.000,0,5,5,449,449,5,2020-05-31,0,5,0,0.000764569134940637,0
Hamilton,2020-06-01T00:00:00.000,0,5,1,450,450,5,2020-06-01,0,1,0,0.000788727708041736,0
Hamilton,2020-06-02T00:00:00.000,0,5,2,452,452,5,2020-06-02,0,2,0,0.000825363439947577,0
Hamilton,2020-06-03T00:00:00.000,0,5,74,526,526,5,2020-06-03,0,74,0,0.000875106351559543,0
Hamilton,2020-06-04T00:00:00.000,0,5,8,534,534,5,2020-06-04,0,8,0,0.000938814502386553,0
Hamilton,2020-06-05T00:00:00.000,0,5,7,541,541,5,2020-06-05,0,7,0,0.00101749682529426,0
Hamilton,2020-06-06T00:00:00.000,0,5,38,579,579,5,2020-06-06,0,38,0,0.0011122106767953,0
Hamilton,2020-06-07T00:00:00.000,0,5,8,587,587,5,2020-06-07,0,8,0,0.0012239260346281,0
Hamilton,2020-06-08T00:00:00.000,0,5,4,591,591,5,2020-06-08,0,4,0,0.00135335079308187,0
Hamilton,2020-06-09T00:00:00.000,0,5,7,598,598,5,2020-06-09,0,7,0,0.0015007165855076,0
Hamilton,2020-06-10T00:00:00.000,0,5,5,603,603,5,2020-06-10,0,5,0,0.00166553250285279,0
Hamilton,2020-06-11T00:00:00.000,0,5,13,616,616,5,2020-06-11,0,13,0,0.00184632489204321,0
Hamilton,2020-06-12T00:00:00.000,0,5,6,622,622,5,2020-06-12,0,6,0,0.00204039402810194,0
Hamilton,2020-06-13T00:00:00.000,1,6,27,649,649,6,2020-06-13,1,27,0.037037037037037,0.00224363048726612,1.14431645770224
Hamilton,2020-06-14T00:00:00.000,0,6,12,661,661,6,2020-06-14,0,12,0,0.0024504418608283,0
Hamilton,2020-06-15T00:00:00.000,0,6,1,662,662,6,2020-06-15,0,1,0,0.00265383973238963,0
Hamilton,2020-06-16T00:00:00.000,0,6,6,668,668,6,2020-06-16,0,6,0,0.00284572392356808,0
Hamilton,2020-06-17T00:00:00.000,0,6,12,680,680,6,2020-06-17,0,12,0,0.00301737447733878,0
Hamilton,2020-06-18T00:00:00.000,0,6,6,686,686,6,2020-06-18,0,6,0,0.00316012425069872,0
Hamilton,2020-06-19T00:00:00.000,0,6,4,690,690,6,2020-06-19,0,4,0,0.00326614326676358,0
Hamilton,2020-06-20T00:00:00.000,0,6,57,747,747,6,2020-06-20,0,57,0,0.0033292306782575,0
Hamilton,2020-06-21T00:00:00.000,0,6,8,755,755,6,2020-06-21,0,8,0,0.00334549233333648,0
Hamilton,2020-06-22T00:00:00.000,0,6,1,756,756,6,2020-06-22,0,1,0,0.00331378945306764,0
Hamilton,2020-06-23T00:00:00.000,0,6,7,763,763,6,2020-06-23,0,7,0,0.00323587807482376,0
Hamilton,2020-06-24T00:00:00.000,0,6,10,773,773,6,2020-06-24,0,10,0,0.00311621296403894,0
Hamilton,2020-06-25T00:00:00.000,0,6,2,775,775,6,2020-06-25,0,2,0,0.00296145060945963,0
Hamilton,2020-06-26T00:00:00.000,0,6,3,778,778,6,2020-06-26,0,3,0,0.00277973822360832,0
Hamilton,2020-06-27T00:00:00.000,0,6,35,813,813,6,2020-06-27,0,35,0,0.00257990683576656,0
Hamilton,2020-06-28T00:00:00.000,0,6,5,818,818,6,2020-06-28,0,5,0,0.00237069059116862,0
Hamilton,2020-06-29T00:00:00.000,0,6,6,824,824,6,2020-06-29,0,6,0,0.00216007342534181,0
Hamilton,2020-06-30T00:00:00.000,0,6,2,826,826,6,2020-06-30,0,2,0,0.00195482687350552,0
Hamilton,2020-07-01T00:00:00.000,0,6,10,836,836,6,2020-07-01,0,10,0,0.00176026030877549,0
Hamilton,2020-07-02T00:00:00.000,0,6,13,849,849,6,2020-07-02,0,13,0,0.00158016774504773,0
Hamilton,2020-07-03T00:00:00.000,0,6,52,901,901,6,2020-07-03,0,52,0,0.00141693015370652,0
Hamilton,2020-07-04T00:00:00.000,0,6,9,910,910,6,2020-07-04,0,9,0,0.00127172101954856,0
Hamilton,2020-07-05T00:00:00.000,0,6,8,918,918,6,2020-07-05,0,8,0,0.00114476378591314,0
Hamilton,2020-07-06T00:00:00.000,0,6,1,919,919,6,2020-07-06,0,1,0,0.00103559892389917,0
Hamilton,2020-07-07T00:00:00.000,0,6,5,924,924,6,2020-07-07,0,5,0,0.000943331162268435,0
Hamilton,2020-07-08T00:00:00.000,0,6,3,927,927,6,2020-07-08,0,3,0,0.000866840327878182,0
Hamilton,2020-07-09T00:00:00.000,0,6,11,938,938,6,2020-07-09,0,11,0,0.000804950001995156,0
Hamilton,2020-07-10T00:00:00.000,0,6,9,947,947,6,2020-07-10,0,9,0,0.000756555857115904,0
Hamilton,2020-07-11T00:00:00.000,0,6,3,950,950,6,2020-07-11,0,3,0,0.000720720142597973,0
Hamilton,2020-07-12T00:00:00.000,0,6,10,960,960,6,2020-07-12,0,10,0,0.000696740934446031,0
Hamilton,2020-07-13T00:00:00.000,0,6,16,976,976,6,2020-07-13,0,16,0,0.000684205223299142,0
Hamilton,2020-07-14T00:00:00.000,0,6,85,1061,1061,6,2020-07-14,0,85,0,0.000683034401191879,0
Hamilton,2020-07-15T00:00:00.000,0,6,8,1069,1069,6,2020-07-15,0,8,0,0.000693529765143253,0
Hamilton,2020-07-16T00:00:00.000,0,6,10,1079,1079,6,2020-07-16,0,10,0,0.000716424613891972,0
Hamilton,2020-07-17T00:00:00.000,0,6,9,1088,1088,6,2020-07-17,0,9,0,0.000752948516347959,0
Hamilton,2020-07-18T00:00:00.000,0,6,42,1130,1130,6,2020-07-18,0,42,0,0.000804908349693554,0
Hamilton,2020-07-19T00:00:00.000,0,6,3,1133,1133,6,2020-07-19,0,3,0,0.000874789577156043,0
Hamilton,2020-07-20T00:00:00.000,0,6,6,1139,1139,6,2020-07-20,0,6,0,0.000965879672076656,0
Hamilton,2020-07-21T00:00:00.000,0,6,6,1145,1145,6,2020-07-21,0,6,0,0.00108241318452928,0
Hamilton,2020-07-22T00:00:00.000,0,6,9,1154,1154,6,2020-07-22,0,9,0,0.00122973418795838,0
Hamilton,2020-07-23T00:00:00.000,1,7,23,1177,1177,7,2020-07-23,1,23,0.0434782608695652,0.00141446617548211,0.98259805310833
Hamilton,2020-07-24T00:00:00.000,0,7,11,1188,1188,7,2020-07-24,0,11,0,0.00164467139884801,0
Hamilton,2020-07-25T00:00:00.000,0,7,32,1220,1220,7,2020-07-25,0,32,0,0.0019299709030928,0
Hamilton,2020-07-26T00:00:00.000,0,7,37,1257,1257,7,2020-07-26,0,37,0,0.00228158344413298,0
Hamilton,2020-07-27T00:00:00.000,0,7,10,1267,1267,7,2020-07-27,0,10,0,0.00271222735821912,0
Hamilton,2020-07-28T00:00:00.000,0,7,2,1269,1269,7,2020-07-28,0,2,0,0.00323581706930848,0
Hamilton,2020-07-29T00:00:00.000,0,7,4,1273,1273,7,2020-07-29,0,4,0,0.00386687972562256,0
Hamilton,2020-07-30T00:00:00.000,0,7,8,1281,1281,7,2020-07-30,0,8,0,0.00461962359132094,0
Hamilton,2020-07-31T00:00:00.000,0,7,9,1290,1290,7,2020-07-31,0,9,0,0.0055066151258518,0
Hamilton,2020-08-01T00:00:00.000,0,7,8,1298,1298,7,2020-08-01,0,8,0,0.00653707171955929,0
Hamilton,2020-08-02T00:00:00.000,0,7,13,1311,1311,7,2020-08-02,0,13,0,0.00771485314051454,0
Hamilton,2020-08-03T00:00:00.000,0,7,56,1367,1367,7,2020-08-03,0,56,0,0.009036330534838,0
Hamilton,2020-08-04T00:00:00.000,0,7,17,1384,1384,7,2020-08-04,0,17,0,0.0104884108530845,0
Hamilton,2020-08-05T00:00:00.000,1,8,16,1400,1400,8,2020-08-05,1,16,0.0625,0.0120470710482404,1.26262365817564
Hamilton,2020-08-06T00:00:00.000,0,8,7,1407,1407,8,2020-08-06,0,7,0,0.0136767797925375,0
Hamilton,2020-08-07T00:00:00.000,0,8,7,1414,1414,8,2020-08-07,0,7,0,0.01533112931122,0
Hamilton,2020-08-08T00:00:00.000,0,8,43,1457,1457,8,2020-08-08,0,43,0,0.016954856850439,0
Hamilton,2020-08-09T00:00:00.000,0,8,2,1459,1459,8,2020-08-09,0,2,0,0.0184872194954807,0
Hamilton,2020-08-10T00:00:00.000,0,8,5,1464,1464,8,2020-08-10,0,5,0,0.0198664384544316,0
Hamilton,2020-08-11T00:00:00.000,0,8,3,1467,1467,8,2020-08-11,0,3,0,0.0210347065391614,0
Hamilton,2020-08-12T00:00:00.000,0,8,8,1475,1475,8,2020-08-12,0,8,0,0.0219431121663344,0
Hamilton,2020-08-13T00:00:00.000,0,8,17,1492,1492,8,2020-08-13,0,17,0,0.0225558130531109,0
Hamilton,2020-08-14T00:00:00.000,0,8,6,1498,1498,8,2020-08-14,0,6,0,0.0228529001368886,0
Hamilton,2020-08-15T00:00:00.000,3,11,42,1540,1540,11,2020-08-15,3,42,0.0714285714285714,0.0228316028463604,4.13632269341018
Hamilton,2020-08-16T00:00:00.000,0,11,1,1541,1541,11,2020-08-16,0,1,0,0.0225057519136583,0
Hamilton,2020-08-17T00:00:00.000,0,11,6,1547,1547,11,2020-08-17,0,6,0,0.0219036786546071,0
Hamilton,2020-08-18T00:00:00.000,0,11,8,1555,1555,11,2020-08-18,0,8,0,0.0210649387146805,0
Hamilton,2020-08-19T00:00:00.000,1,12,46,1601,1601,12,2020-08-19,1,46,0.0217391304347826,0.0200363702299583,1.34071376479157
Hamilton,2020-08-20T00:00:00.000,0,12,6,1607,1607,12,2020-08-20,0,6,0,0.0188680199508348,0
Hamilton,2020-08-21T00:00:00.000,0,12,12,1619,1619,12,2020-08-21,0,12,0,0.0176094067284047,0
Hamilton,2020-08-22T00:00:00.000,0,12,10,1629,1629,12,2020-08-22,0,10,0,0.0163064657639235,0
Hamilton,2020-08-23T00:00:00.000,0,12,7,1636,1636,12,2020-08-23,0,7,0,0.0149993633010733,0
Hamilton,2020-08-24T00:00:00.000,1,13,14,1650,1650,13,2020-08-24,1,14,0.0714285714285714,0.0137212218117584,1.23986724252827
Hamilton,2020-08-25T00:00:00.000,0,13,6,1656,1656,13,2020-08-25,0,6,0,0.0124976750996577,0
Hamilton,2020-08-26T00:00:00.000,0,13,21,1677,1677,13,2020-08-26,0,21,0,0.0113470938248599,0
Hamilton,2020-08-27T00:00:00.000,1,14,45,1722,1722,14,2020-08-27,1,45,0.0222222222222222,0.0102812865436212,1.19055023030448
Hamilton,2020-08-28T00:00:00.000,0,14,19,1741,1741,14,2020-08-28,0,19,0,0.00930648262432828,0
Hamilton,2020-08-29T00:00:00.000,0,14,5,1746,1746,14,2020-08-29,0,5,0,0.00842442989708867,0
Hamilton,2020-08-30T00:00:00.000,0,14,7,1753,1753,14,2020-08-30,0,7,0,0.00763347936608559,0
Hamilton,2020-08-31T00:00:00.000,0,14,9,1762,1762,14,2020-08-31,0,9,0,0.006929571676398,0
Hamilton,2020-09-01T00:00:00.000,0,14,7,1769,1769,14,2020-09-01,0,7,0,0.00630707798266325,0
Hamilton,2020-09-02T00:00:00.000,0,14,12,1781,1781,14,2020-09-02,0,12,0,0.00575947794489786,0
Hamilton,2020-09-03T00:00:00.000,0,14,33,1814,1814,14,2020-09-03,0,33,0,0.00527987860108162,0
Hamilton,2020-09-04T00:00:00.000,0,14,32,1846,1846,14,2020-09-04,0,32,0,0.00486139064722427,0
Hamilton,2020-09-05T00:00:00.000,0,14,15,1861,1861,14,2020-09-05,0,15,0,0.00449738486997052,0
Hamilton,2020-09-06T00:00:00.000,0,14,6,1867,1867,14,2020-09-06,0,6,0,0.00418165302103301,0
Hamilton,2020-09-07T00:00:00.000,0,14,9,1876,1876,14,2020-09-07,0,9,0,0.00390849598507652,0
Hamilton,2020-09-08T00:00:00.000,0,14,7,1883,1883,14,2020-09-08,0,7,0,0.00367275913071695,0
Hamilton,2020-09-09T00:00:00.000,0,14,8,1891,1891,14,2020-09-09,0,8,0,0.00346983116462413,0
Hamilton,2020-09-10T00:00:00.000,0,14,52,1943,1943,14,2020-09-10,0,52,0,0.00329561924891246,0
Hamilton,2020-09-11T00:00:00.000,0,14,14,1957,1957,14,2020-09-11,0,14,0,0.00314650999098672,0
Hamilton,2020-09-12T00:00:00.000,0,14,7,1964,1964,14,2020-09-12,0,7,0,0.00301932325078586,0
Hamilton,2020-09-13T00:00:00.000,0,14,3,1967,1967,14,2020-09-13,0,3,0,0.00291126359964352,0
Hamilton,2020-09-14T00:00:00.000,0,14,8,1975,1975,14,2020-09-14,0,8,0,0.00281987265870884,0
Hamilton,2020-09-15T00:00:00.000,0,14,5,1980,1980,14,2020-09-15,0,5,0,0.00274298436014348,0
Hamilton,2020-09-16T00:00:00.000,0,14,1,1981,1981,14,2020-09-16,0,1,0,0.00267868431369663,0
Hamilton,2020-09-17T00:00:00.000,0,14,10,1991,1991,14,2020-09-17,0,10,0,0.00262527389595686,0
Hamilton,2020-09-18T00:00:00.000,1,15,40,2031,2031,15,2020-09-18,1,40,0.025,0.00258123927125472,1.09592674386321
Hamilton,2020-09-19T00:00:00.000,0,15,11,2042,2042,15,2020-09-19,0,11,0,0.00254522530197815,0
Hamilton,2020-09-20T00:00:00.000,0,15,5,2047,2047,15,2020-09-20,0,5,0,0.00251601415616134,0
Hamilton,2020-09-21T00:00:00.000,0,15,13,2060,2060,15,2020-09-21,0,13,0,0.00249250831725363,0
Hamilton,2020-09-22T00:00:00.000,0,15,17,2077,2077,15,2020-09-22,0,17,0,0.00247371764748309,0
Hamilton,2020-09-23T00:00:00.000,0,15,9,2086,2086,15,2020-09-23,0,9,0,0.0024587501468087,0
Hamilton,2020-09-24T00:00:00.000,0,15,41,2127,2127,15,2020-09-24,0,41,0,0.00244680601643533,0
Hamilton,2020-09-25T00:00:00.000,0,15,12,2139,2139,15,2020-09-25,0,12,0,0.00243717465815069,0
Hamilton,2020-09-26T00:00:00.000,0,15,13,2152,2152,15,2020-09-26,0,13,0,0.00242923423150427,0
Hamilton,2020-09-27T00:00:00.000,0,15,5,2157,2157,15,2020-09-27,0,5,0,0.00242245341101772,0
Hamilton,2020-09-28T00:00:00.000,0,15,7,2164,2164,15,2020-09-28,0,7,0,0.00241639499022723,0
Hamilton,2020-09-29T00:00:00.000,0,15,9,2173,2173,15,2020-09-29,0,9,0,0.00241072101162843,0
Hamilton,2020-09-30T00:00:00.000,0,15,9,2182,2182,15,2020-09-30,0,9,0,0.00240519911357769,0
Herkimer,2020-04-01T00:00:00.000,2,14,9,92,92,14,2020-04-01,14,92,0.152173913043478,0.135003130888782,15.7524201397684
Herkimer,2020-04-02T00:00:00.000,0,14,19,111,111,14,2020-04-02,0,19,0,0.127007001382651,0
Herkimer,2020-04-03T00:00:00.000,4,18,27,138,138,18,2020-04-03,4,27,0.148148148148148,0.119433542237414,4.47461838553093
Herkimer,2020-04-04T00:00:00.000,4,22,46,184,184,22,2020-04-04,4,46,0.0869565217391304,0.112288951270157,4.49147195458832
Herkimer,2020-04-05T00:00:00.000,3,25,23,207,207,25,2020-04-05,3,23,0.130434782608696,0.10558197559308,3.38114344072675
Herkimer,2020-04-06T00:00:00.000,2,27,19,226,226,27,2020-04-06,2,19,0.105263157894737,0.0993207852939934,2.26143232012862
Herkimer,2020-04-07T00:00:00.000,2,29,19,245,245,29,2020-04-07,2,19,0.105263157894737,0.0935108062919021,2.26048621303267
Herkimer,2020-04-08T00:00:00.000,3,32,44,289,289,32,2020-04-08,3,44,0.0681818181818182,0.0881533960233145,3.38720404929956
Herkimer,2020-04-09T00:00:00.000,4,36,23,312,312,36,2020-04-09,4,23,0.173913043478261,0.0832452192045196,4.51025498198039
Herkimer,2020-04-10T00:00:00.000,1,37,12,324,324,37,2020-04-10,1,12,0.0833333333333333,0.078778165954134,1.12591144491084
Herkimer,2020-04-11T00:00:00.000,0,37,11,335,335,37,2020-04-11,0,11,0,0.0747396541240087,0
Herkimer,2020-04-12T00:00:00.000,1,38,29,364,364,38,2020-04-12,1,29,0.0344827586206897,0.0711131691672874,1.1224440924949
Herkimer,2020-04-13T00:00:00.000,1,39,26,390,390,39,2020-04-13,1,26,0.0384615384615385,0.0678789158401584,1.12278483704027
Herkimer,2020-04-14T00:00:00.000,1,40,9,399,399,40,2020-04-14,1,9,0.111111111111111,0.06501448238672,1.12665945553949
Herkimer,2020-04-15T00:00:00.000,3,43,23,422,422,43,2020-04-15,3,23,0.130434782608696,0.0624954454574477,3.39268183398973
Herkimer,2020-04-16T00:00:00.000,3,46,30,452,452,46,2020-04-16,3,30,0.1,0.0602958708620121,3.40627243478326
Herkimer,2020-04-17T00:00:00.000,1,47,18,470,470,47,2020-04-17,1,18,0.0555555555555556,0.0583886883279521,1.14015567073278
Herkimer,2020-04-18T00:00:00.000,2,49,20,490,490,49,2020-04-18,2,20,0.1,0.0567459383074954,2.28993455021211
Herkimer,2020-04-19T00:00:00.000,0,49,23,513,513,49,2020-04-19,0,23,0,0.0553389040491029,0
Herkimer,2020-04-20T00:00:00.000,1,50,7,520,520,50,2020-04-20,1,7,0.142857142857143,0.054138154376696,1.1534970563511
Herkimer,2020-04-21T00:00:00.000,3,53,34,554,554,53,2020-04-21,3,34,0.0882352941176471,0.0531135312196954,3.47089188170802
Herkimer,2020-04-22T00:00:00.000,1,54,25,579,579,54,2020-04-22,1,25,0.04,0.0522341222380959,1.16228362838009
Herkimer,2020-04-23T00:00:00.000,2,56,27,606,606,56,2020-04-23,2,27,0.0740740740740741,0.0514682623246311,2.34271234034324
Herkimer,2020-04-24T00:00:00.000,0,56,59,665,665,56,2020-04-24,0,59,0,0.0507836085985598,0
Herkimer,2020-04-25T00:00:00.000,1,57,31,696,696,57,2020-04-25,1,31,0.032258064516129,0.0501473308704447,1.18961578101292
Herkimer,2020-04-26T00:00:00.000,1,58,26,722,722,58,2020-04-26,1,26,0.0384615384615385,0.0495264529651385,1.19854866295079
Herkimer,2020-04-27T00:00:00.000,0,58,14,736,736,58,2020-04-27,0,14,0,0.0488883690677145,0
Herkimer,2020-04-28T00:00:00.000,0,58,28,764,764,58,2020-04-28,0,28,0,0.0482015432353794,0
Herkimer,2020-04-29T00:00:00.000,0,58,28,792,792,58,2020-04-29,0,28,0,0.0474363795368139,0
Herkimer,2020-04-30T00:00:00.000,2,60,28,820,820,60,2020-04-30,2,28,0.0714285714285714,0.0465662267183237,2.44228893650507
Herkimer,2020-05-01T00:00:00.000,1,61,15,835,835,61,2020-05-01,1,15,0.0666666666666667,0.045568456584196,1.22495637364734
Herkimer,2020-05-02T00:00:00.000,1,62,29,864,864,62,2020-05-02,1,29,0.0344827586206897,0.0444255330546301,1.22796384291806
Herkimer,2020-05-03T00:00:00.000,1,63,41,905,905,63,2020-05-03,1,41,0.024390243902439,0.0431259726070598,1.23008354908618
Herkimer,2020-05-04T00:00:00.000,4,67,29,934,934,67,2020-05-04,4,29,0.137931034482759,0.0416650904187088,4.92574752807942
Herkimer,2020-05-05T00:00:00.000,1,68,66,1000,1000,68,2020-05-05,1,66,0.0151515151515152,0.0400454327430945,1.2338085641529
Herkimer,2020-05-06T00:00:00.000,6,74,65,1065,1065,74,2020-05-06,6,65,0.0923076923076923,0.0382768165145573,7.40645666041755
Herkimer,2020-05-07T00:00:00.000,2,76,55,1120,1120,76,2020-05-07,2,55,0.0363636363636364,0.036375930915938,2.46894644082907
Herkimer,2020-05-08T00:00:00.000,1,77,43,1163,1163,77,2020-05-08,1,43,0.0232558139534884,0.03436549932962,1.23603994525655
Herkimer,2020-05-09T00:00:00.000,2,79,56,1219,1219,79,2020-05-09,2,56,0.0357142857142857,0.0322730483175616,2.47250190700323
Herkimer,2020-05-10T00:00:00.000,2,81,57,1276,1276,81,2020-05-10,2,57,0.0350877192982456,0.0301293757547653,2.46731390354304
Herkimer,2020-05-11T00:00:00.000,0,81,42,1318,1318,81,2020-05-11,0,42,0,0.0279668455931102,0
Herkimer,2020-05-12T00:00:00.000,3,84,61,1379,1379,84,2020-05-12,3,61,0.0491803278688525,0.0258176562343594,3.66518667960595
Herkimer,2020-05-13T00:00:00.000,2,86,54,1433,1433,86,2020-05-13,2,54,0.037037037037037,0.0237122291813354,2.44748372368092
Herkimer,2020-05-14T00:00:00.000,1,87,49,1482,1482,87,2020-05-14,1,49,0.0204081632653061,0.0216778453767375,1.21867269272797
Herkimer,2020-05-15T00:00:00.000,4,91,50,1532,1532,91,2020-05-15,4,50,0.08,0.0197376214848706,4.85889194956174
Herkimer,2020-05-16T00:00:00.000,0,91,157,1689,1689,91,2020-05-16,0,157,0,0.0179098743309917,0
Herkimer,2020-05-17T00:00:00.000,1,92,68,1757,1757,92,2020-05-17,1,68,0.0147058823529412,0.0162078759398856,1.20527434497392
Herkimer,2020-05-18T00:00:00.000,0,92,65,1822,1822,92,2020-05-18,0,65,0,0.0146399616118504,0
Herkimer,2020-05-19T00:00:00.000,1,93,95,1917,1917,93,2020-05-19,1,95,0.0105263157894737,0.0132099241819985,1.20203137472241
Herkimer,2020-05-20T00:00:00.000,0,93,60,1977,1977,93,2020-05-20,0,60,0,0.0119176115919265,0
Herkimer,2020-05-21T00:00:00.000,2,95,77,2054,2054,95,2020-05-21,2,77,0.025974025974026,0.010759641965182,2.3951428765841
Herkimer,2020-05-22T00:00:00.000,5,100,212,2266,2266,100,2020-05-22,5,212,0.0235849056603774,0.00973015797282995,5.97604299475243
Herkimer,2020-05-23T00:00:00.000,1,101,143,2409,2409,101,2020-05-23,1,143,0.00699300699300699,0.00882155700845931,1.19212261596714
Herkimer,2020-05-24T00:00:00.000,2,103,237,2646,2646,103,2020-05-24,2,237,0.00843881856540084,0.00802515167927631,2.37685756028788
Herkimer,2020-05-25T00:00:00.000,0,103,45,2691,2691,103,2020-05-25,0,45,0,0.00733173312100786,0
Herkimer,2020-05-26T00:00:00.000,2,105,328,3019,3019,105,2020-05-26,2,328,0.00609756097560976,0.00673202544346896,2.3635038726936
Herkimer,2020-05-27T00:00:00.000,1,106,442,3461,3461,106,2020-05-27,1,442,0.00226244343891403,0.00621703183637745,1.17982523722883
Herkimer,2020-05-28T00:00:00.000,1,107,154,3615,3615,107,2020-05-28,1,154,0.00649350649350649,0.00577828128598487,1.17781260298069
Herkimer,2020-05-29T00:00:00.000,0,107,332,3947,3947,107,2020-05-29,0,332,0,0.00540798965626008,0
Herkimer,2020-05-30T00:00:00.000,1,108,309,4256,4256,108,2020-05-30,1,309,0.00323624595469256,0.00509915083319527,1.19002784994156
Herkimer,2020-05-31T00:00:00.000,1,109,131,4387,4387,109,2020-05-31,1,131,0.00763358778625954,0.00484557344958875,1.1941977001473
Herkimer,2020-06-01T00:00:00.000,2,111,186,4573,4573,111,2020-06-01,2,186,0.010752688172043,0.00464187717704186,2.39318654337275
Herkimer,2020-06-02T00:00:00.000,2,113,522,5095,5095,113,2020-06-02,2,522,0.00383141762452107,0.00448346035174512,2.39324764600929
Herkimer,2020-06-03T00:00:00.000,0,113,398,5493,5493,113,2020-06-03,0,398,0,0.00436644821810982,0
Herkimer,2020-06-04T00:00:00.000,2,115,334,5827,5827,115,2020-06-04,2,334,0.00598802395209581,0.00428762868474672,2.38434489663458
Herkimer,2020-06-05T00:00:00.000,7,122,523,6350,6350,122,2020-06-05,7,523,0.0133843212237094,0.0042443803781825,8.33770388280694
Herkimer,2020-06-06T00:00:00.000,1,123,357,6707,6707,123,2020-06-06,1,357,0.00280112044817927,0.00423459601711438,1.2023787454037
Herkimer,2020-06-07T00:00:00.000,1,124,377,7084,7084,124,2020-06-07,1,377,0.0026525198938992,0.00425660280754569,1.20963931139302
Herkimer,2020-06-08T00:00:00.000,1,125,308,7392,7392,125,2020-06-08,1,308,0.00324675324675325,0.00430908062426386,1.21648507024237
Herkimer,2020-06-09T00:00:00.000,0,125,245,7637,7637,125,2020-06-09,0,245,0,0.00439097821444158,0
Herkimer,2020-06-10T00:00:00.000,0,125,295,7932,7932,125,2020-06-10,0,295,0,0.00450142750339965,0
Herkimer,2020-06-11T00:00:00.000,2,127,439,8371,8371,127,2020-06-11,2,439,0.00455580865603645,0.00463965626682098,2.46672561564215
Herkimer,2020-06-12T00:00:00.000,1,128,280,8651,8651,128,2020-06-12,1,280,0.00357142857142857,0.00480489991667524,1.23685199882078
Herkimer,2020-06-13T00:00:00.000,0,128,275,8926,8926,128,2020-06-13,0,275,0,0.0049963138816315,0
Herkimer,2020-06-14T00:00:00.000,0,128,119,9045,9045,128,2020-06-14,0,119,0,0.00521288895778711,0
Herkimer,2020-06-15T00:00:00.000,0,128,297,9342,9342,128,2020-06-15,0,297,0,0.00545337293999215,0
Herkimer,2020-06-16T00:00:00.000,0,128,208,9550,9550,128,2020-06-16,0,208,0,0.00571620270336371,0
Herkimer,2020-06-17T00:00:00.000,0,128,236,9786,9786,128,2020-06-17,0,236,0,0.00599945147866517,0
Herkimer,2020-06-18T00:00:00.000,3,131,265,10051,10051,131,2020-06-18,3,265,0.0113207547169811,0.00630079624614317,3.84757323981935
Herkimer,2020-06-19T00:00:00.000,3,134,334,10385,10385,134,2020-06-19,3,334,0.00898203592814371,0.00661750973867977,3.84888249311364
Herkimer,2020-06-20T00:00:00.000,2,136,405,10790,10790,136,2020-06-20,2,405,0.00493827160493827,0.00694648050325608,2.55827896051294
Herkimer,2020-06-21T00:00:00.000,1,137,232,11022,11022,137,2020-06-21,1,232,0.00431034482758621,0.0072842627289601,1.27398659109587
Herkimer,2020-06-22T00:00:00.000,0,137,146,11168,11168,137,2020-06-22,0,146,0,0.00762715528505649,0
Herkimer,2020-06-23T00:00:00.000,5,142,184,11352,11352,142,2020-06-23,5,184,0.0271739130434783,0.00797130682300846,6.30107465220381
Herkimer,2020-06-24T00:00:00.000,1,143,146,11498,11498,143,2020-06-24,1,146,0.00684931506849315,0.00831284116401881,1.25189242912553
Herkimer,2020-06-25T00:00:00.000,6,149,161,11659,11659,149,2020-06-25,6,161,0.0372670807453416,0.0086479949430788,7.4569240768345
Herkimer,2020-06-26T00:00:00.000,5,154,302,11961,11961,154,2020-06-26,5,302,0.0165562913907285,0.00897325785186896,6.16578895901389
Herkimer,2020-06-27T00:00:00.000,4,158,495,12456,12456,158,2020-06-27,4,495,0.00808080808080808,0.00928550519233057,4.91182507698655
Herkimer,2020-06-28T00:00:00.000,1,159,189,12645,12645,159,2020-06-28,1,189,0.00529100529100529,0.00958211284569081,1.22531452772405
Herkimer,2020-06-29T00:00:00.000,0,159,155,12800,12800,159,2020-06-29,0,155,0,0.00986104621918711,0
Herkimer,2020-06-30T00:00:00.000,3,162,212,13012,13012,162,2020-06-30,3,212,0.0141509433962264,0.0101209170304751,3.64799633419116
Herkimer,2020-07-01T00:00:00.000,2,164,201,13213,13213,164,2020-07-01,2,201,0.00995024875621891,0.0103610046367241,2.41354371130825
Herkimer,2020-07-02T00:00:00.000,8,172,96,13309,13309,172,2020-07-02,8,96,0.0833333333333333,0.0105812416012251,9.69650319955488
Herkimer,2020-07-03T00:00:00.000,0,172,140,13449,13449,172,2020-07-03,0,140,0,0.0107821660003346,0
Herkimer,2020-07-04T00:00:00.000,1,173,371,13820,13820,173,2020-07-04,1,371,0.00269541778975741,0.0109648452393924,1.22551212808792
Herkimer,2020-07-05T00:00:00.000,6,179,381,14201,14201,179,2020-07-05,6,381,0.015748031496063,0.0111307776810904,7.352463976027
Herkimer,2020-07-06T00:00:00.000,2,181,210,14411,14411,181,2020-07-06,2,210,0.00952380952380952,0.0112817791614009,2.44996222164147
Herkimer,2020-07-07T00:00:00.000,0,181,182,14593,14593,181,2020-07-07,0,182,0,0.0114198614555257,0
Herkimer,2020-07-08T00:00:00.000,1,182,240,14833,14833,182,2020-07-08,1,240,0.00416666666666667,0.0115471091416588,1.22319991861903
Herkimer,2020-07-09T00:00:00.000,2,184,250,15083,15083,184,2020-07-09,2,250,0.008,0.0116655602907047,2.44376673511747
Herkimer,2020-07-10T00:00:00.000,4,188,213,15296,15296,188,2020-07-10,4,213,0.0187793427230047,0.0117770952020986,4.88123214853226
Herkimer,2020-07-11T00:00:00.000,4,192,270,15566,15566,192,2020-07-11,4,270,0.0148148148148148,0.0118833361825147,4.8739737493182
Herkimer,2020-07-12T00:00:00.000,1,193,210,15776,15776,193,2020-07-12,1,210,0.00476190476190476,0.011985560334199,1.21645896847762
Herkimer,2020-07-13T00:00:00.000,2,195,327,16103,16103,195,2020-07-13,2,327,0.00611620795107034,0.012084626559317,2.42844687929031
Herkimer,2020-07-14T00:00:00.000,2,197,322,16425,16425,197,2020-07-14,2,322,0.0062111801242236,0.0121809175385589,2.42360926594722
Herkimer,2020-07-15T00:00:00.000,5,202,134,16559,16559,202,2020-07-15,5,134,0.0373134328358209,0.0122742973236151,6.04609466613576
Herkimer,2020-07-16T00:00:00.000,2,204,263,16822,16822,204,2020-07-16,2,263,0.00760456273764259,0.0123640853088287,2.41296207175562
Herkimer,2020-07-17T00:00:00.000,0,204,203,17025,17025,204,2020-07-17,0,203,0,0.0124490476506708,0
Herkimer,2020-07-18T00:00:00.000,2,206,70,17095,17095,206,2020-07-18,2,70,0.0285714285714286,0.0125274075427703,2.41196102230159
Herkimer,2020-07-19T00:00:00.000,0,206,92,17187,17187,206,2020-07-19,0,92,0,0.012596875999625,0
Herkimer,2020-07-20T00:00:00.000,2,208,200,17387,17387,208,2020-07-20,2,200,0.01,0.0126547048386274,2.43165704999333
Herkimer,2020-07-21T00:00:00.000,3,211,291,17678,17678,211,2020-07-21,3,291,0.0103092783505155,0.0126977632140796,3.65883768446459
Herkimer,2020-07-22T00:00:00.000,2,213,248,17926,17926,213,2020-07-22,2,248,0.00806451612903226,0.012722638298251,2.44491368828386
Herkimer,2020-07-23T00:00:00.000,10,223,302,18228,18228,223,2020-07-23,10,302,0.033112582781457,0.012725759453156,12.2401013436907
Herkimer,2020-07-24T00:00:00.000,1,224,283,18511,18511,224,2020-07-24,1,283,0.00353356890459364,0.0127035435343389,1.22184656106312
Herkimer,2020-07-25T00:00:00.000,6,230,242,18753,18753,230,2020-07-25,6,242,0.0247933884297521,0.0126525568904767,7.26419820527428
Herkimer,2020-07-26T00:00:00.000,4,234,233,18986,18986,234,2020-07-26,4,233,0.0171673819742489,0.0125696874469101,4.79122539555642
Herkimer,2020-07-27T00:00:00.000,2,236,145,19131,19131,236,2020-07-27,2,145,0.0137931034482759,0.0124523181006877,2.39794043740384
Herkimer,2020-07-28T00:00:00.000,0,236,178,19309,19309,236,2020-07-28,0,178,0,0.0122984910269416,0
Herkimer,2020-07-29T00:00:00.000,3,239,259,19568,19568,239,2020-07-29,3,259,0.0115830115830116,0.0121070515429852,3.63071167815169
Herkimer,2020-07-30T00:00:00.000,0,239,200,19768,19768,239,2020-07-30,0,200,0,0.0118777602856797,0
Herkimer,2020-07-31T00:00:00.000,1,240,244,20012,20012,240,2020-07-31,1,244,0.00409836065573771,0.0116113637749589,1.21290968110157
Herkimer,2020-08-01T00:00:00.000,1,241,316,20328,20328,241,2020-08-01,1,316,0.00316455696202532,0.0113096159378834,1.20994743656119
Herkimer,2020-08-02T00:00:00.000,5,246,278,20606,20606,246,2020-08-02,5,278,0.0179856115107914,0.0109752467296036,6.05149898501955
Herkimer,2020-08-03T00:00:00.000,16,262,410,21016,21016,262,2020-08-03,16,410,0.0390243902439024,0.0106118782515626,19.4047986411324
Herkimer,2020-08-04T00:00:00.000,2,264,265,21281,21281,264,2020-08-04,2,265,0.00754716981132075,0.0102238931957909,2.45075420770202
Herkimer,2020-08-05T00:00:00.000,4,268,214,21495,21495,268,2020-08-05,4,214,0.0186915887850467,0.00981626457962097,4.94812192388749
Herkimer,2020-08-06T00:00:00.000,2,270,218,21713,21713,270,2020-08-06,2,218,0.00917431192660551,0.00939435895002922,2.49494420660154
Herkimer,2020-08-07T00:00:00.000,3,273,312,22025,22025,273,2020-08-07,3,312,0.00961538461538462,0.00896372719143367,3.76223942503376
Herkimer,2020-08-08T00:00:00.000,1,274,378,22403,22403,274,2020-08-08,1,378,0.00264550264550265,0.00852989752252762,1.25835112366367
Herkimer,2020-08-09T00:00:00.000,0,274,279,22682,22682,274,2020-08-09,0,279,0,0.00809818419554318,0
Herkimer,2020-08-10T00:00:00.000,3,277,322,23004,23004,277,2020-08-10,3,322,0.0093167701863354,0.0076735230835486,3.75925812334262
Herkimer,2020-08-11T00:00:00.000,0,277,248,23252,23252,277,2020-08-11,0,248,0,0.00726034208805054,0
Herkimer,2020-08-12T00:00:00.000,1,278,213,23465,23465,278,2020-08-12,1,213,0.00469483568075117,0.00686247062259665,1.23342584475835
Herkimer,2020-08-13T00:00:00.000,0,278,227,23692,23692,278,2020-08-13,0,227,0,0.00648308881996463,0
Herkimer,2020-08-14T00:00:00.000,4,282,338,24030,24030,282,2020-08-14,4,338,0.0118343195266272,0.00612471391955963,4.83825700716997
Herkimer,2020-08-15T00:00:00.000,1,283,430,24460,24460,283,2020-08-15,1,430,0.00232558139534884,0.00578921888759299,1.20199182759072
Herkimer,2020-08-16T00:00:00.000,1,284,153,24613,24613,284,2020-08-16,1,153,0.0065359477124183,0.00547787674875494,1.19306700560512
Herkimer,2020-08-17T00:00:00.000,0,284,181,24794,24794,284,2020-08-17,0,181,0,0.00519142344254024,0
Herkimer,2020-08-18T00:00:00.000,0,284,167,24961,24961,284,2020-08-18,0,167,0,0.00493013209395442,0
Herkimer,2020-08-19T00:00:00.000,0,284,302,25263,25263,284,2020-08-19,0,302,0,0.00469389225810201,0
Herkimer,2020-08-20T00:00:00.000,5,289,330,25593,25593,289,2020-08-20,5,330,0.0151515151515152,0.00448228873625917,5.7337428039995
Herkimer,2020-08-21T00:00:00.000,0,289,378,25971,25971,289,2020-08-21,0,378,0,0.00429467579295852,0
Herkimer,2020-08-22T00:00:00.000,0,289,294,26265,26265,289,2020-08-22,0,294,0,0.00413024382150681,0
Herkimer,2020-08-23T00:00:00.000,0,289,194,26459,26459,289,2020-08-23,0,194,0,0.00398807665444471,0
Herkimer,2020-08-24T00:00:00.000,1,290,175,26634,26634,290,2020-08-24,1,175,0.00571428571428571,0.00386719864988339,1.09238456647279
Herkimer,2020-08-25T00:00:00.000,2,292,304,26938,26938,292,2020-08-25,2,304,0.00657894736842105,0.00376661143872691,2.17179217800134
Herkimer,2020-08-26T00:00:00.000,2,294,357,27295,27295,294,2020-08-26,2,357,0.00560224089635854,0.00368532075472222,2.15861047561391
Herkimer,2020-08-27T00:00:00.000,0,294,263,27558,27558,294,2020-08-27,0,263,0,0.00362235412658051,0
Herkimer,2020-08-28T00:00:00.000,1,295,336,27894,27894,295,2020-08-28,1,336,0.00297619047619048,0.00357677042915109,1.06240020813868
Herkimer,2020-08-29T00:00:00.000,2,297,374,28268,28268,297,2020-08-29,2,374,0.0053475935828877,0.00354766240754195,2.12837591482139
Herkimer,2020-08-30T00:00:00.000,0,297,308,28576,28576,297,2020-08-30,0,308,0,0.0035341533283767,0
Herkimer,2020-08-31T00:00:00.000,1,298,360,28936,28936,298,2020-08-31,1,360,0.00277777777777778,0.00353538894453856,1.07096333148794
Herkimer,2020-09-01T00:00:00.000,5,303,160,29096,29096,303,2020-09-01,5,160,0.03125,0.00355052595743778,5.36916185394626
Herkimer,2020-09-02T00:00:00.000,2,305,257,29353,29353,305,2020-09-02,2,257,0.00778210116731518,0.00357871818636399,2.15402786797784
Herkimer,2020-09-03T00:00:00.000,1,306,323,29676,29676,306,2020-09-03,1,323,0.00309597523219814,0.00361910168125562,1.08047212650358
Herkimer,2020-09-04T00:00:00.000,0,306,278,29954,29954,306,2020-09-04,0,278,0,0.00367078004469275,0
Herkimer,2020-09-05T00:00:00.000,2,308,345,30299,30299,308,2020-09-05,2,345,0.00579710144927536,0.00373281125210997,2.17613011692066
Herkimer,2020-09-06T00:00:00.000,0,308,145,30444,30444,308,2020-09-06,0,145,0,0.00380419725767426,0
Herkimer,2020-09-07T00:00:00.000,0,308,251,30695,30695,308,2020-09-07,0,251,0,0.00388387760243555,0
Herkimer,2020-09-08T00:00:00.000,0,308,117,30812,30812,308,2020-09-08,0,117,0,0.00397072810866997,0
Herkimer,2020-09-09T00:00:00.000,0,308,154,30966,30966,308,2020-09-09,0,154,0,0.00406356551288194,0
Herkimer,2020-09-10T00:00:00.000,4,312,343,31309,31309,312,2020-09-10,4,343,0.0116618075801749,0.00416115854387803,4.4419225525254
Herkimer,2020-09-11T00:00:00.000,0,312,454,31763,31763,312,2020-09-11,0,454,0,0.00426224553038303,0
Herkimer,2020-09-12T00:00:00.000,1,313,316,32079,32079,313,2020-09-12,1,316,0.00316455696202532,0.00436555811237513,1.12223004219436
Herkimer,2020-09-13T00:00:00.000,0,313,262,32341,32341,313,2020-09-13,0,262,0,0.00446985009096427,0
Herkimer,2020-09-14T00:00:00.000,0,313,236,32577,32577,313,2020-09-14,0,236,0,0.00457392993646917,0
Herkimer,2020-09-15T00:00:00.000,1,314,169,32746,32746,314,2020-09-15,1,169,0.00591715976331361,0.00467669503839685,1.14849103185512
Herkimer,2020-09-16T00:00:00.000,2,316,206,32952,32952,316,2020-09-16,2,206,0.00970873786407767,0.00477716546651034,2.31282463184553
Herkimer,2020-09-17T00:00:00.000,2,318,280,33232,33232,318,2020-09-17,2,280,0.00714285714285714,0.00487451490710777,2.32725229836063
Herkimer,2020-09-18T00:00:00.000,1,319,309,33541,33541,319,2020-09-18,1,309,0.00323624595469256,0.00496809650757106,1.17008577916623
Herkimer,2020-09-19T00:00:00.000,2,321,397,33938,33938,321,2020-09-19,2,397,0.00503778337531486,0.00505746164632046,2.35153434735354
Herkimer,2020-09-20T00:00:00.000,0,321,316,34254,34254,321,2020-09-20,0,316,0,0.00514237010676472,0
Herkimer,2020-09-21T00:00:00.000,1,322,216,34470,34470,322,2020-09-21,1,216,0.00462962962962963,0.00522279069315442,1.18480936217794
Herkimer,2020-09-22T00:00:00.000,5,327,283,34753,34753,327,2020-09-22,5,283,0.0176678445229682,0.00529889193651398,5.94113738538094
Herkimer,2020-09-23T00:00:00.000,2,329,218,34971,34971,329,2020-09-23,2,218,0.00917431192660551,0.00537102313975904,2.38685564682897
Herkimer,2020-09-24T00:00:00.000,2,331,317,35288,35288,331,2020-09-24,2,317,0.00630914826498423,0.00543968646946905,2.39837020450589
Herkimer,2020-09-25T00:00:00.000,3,334,566,35854,35854,334,2020-09-25,3,566,0.00530035335689046,0.00550550116129369,3.61442952212298
Herkimer,2020-09-26T00:00:00.000,0,334,304,36158,36158,334,2020-09-26,0,304,0,0.00556916104620041,0
Herkimer,2020-09-27T00:00:00.000,1,335,166,36324,36324,335,2020-09-27,1,166,0.00602409638554217,0.00563138659484328,1.22767997513227
Herkimer,2020-09-28T00:00:00.000,2,337,357,36681,36681,337,2020-09-28,2,357,0.00560224089635854,0.00569287248860237,2.51536768583785
Herkimer,2020-09-29T00:00:00.000,1,338,235,36916,36916,338,2020-09-29,1,235,0.00425531914893617,0.00575423145260494,1.28681882996874
Herkimer,2020-09-30T00:00:00.000,2,340,295,37211,37211,340,2020-09-30,2,295,0.00677966101694915,0.00581593472547031,2.62953093534525
Jefferson,2020-04-01T00:00:00.000,3,15,53,418,418,15,2020-04-01,15,418,0.0358851674641148,0.048614789290175,15.2388771043629
Jefferson,2020-04-02T00:00:00.000,3,18,56,474,474,18,2020-04-02,3,56,0.0535714285714286,0.0479044549895229,3.04103533409792
Jefferson,2020-04-03T00:00:00.000,2,20,38,512,512,20,2020-04-03,2,38,0.0526315789473684,0.0472001393267443,2.03895529526745
Jefferson,2020-04-04T00:00:00.000,6,26,75,587,587,26,2020-04-04,6,75,0.08,0.0464957863881788,6.16861418831826
Jefferson,2020-04-05T00:00:00.000,7,33,98,685,685,33,2020-04-05,7,98,0.0714285714285714,0.0457833139391656,7.25691648237631
Jefferson,2020-04-06T00:00:00.000,6,39,63,748,748,39,2020-04-06,6,63,0.0952380952380952,0.0450532183533095,6.26864126209347
Jefferson,2020-04-07T00:00:00.000,1,40,25,773,773,40,2020-04-07,1,25,0.04,0.0442951491412259,1.04886912996639
Jefferson,2020-04-08T00:00:00.000,2,42,84,857,857,42,2020-04-08,2,84,0.0238095238095238,0.0434984603979602,2.10413492323385
Jefferson,2020-04-09T00:00:00.000,1,43,52,909,909,43,2020-04-09,1,52,0.0192307692307692,0.0426527421320336,1.05462938816033
Jefferson,2020-04-10T00:00:00.000,1,44,43,952,952,44,2020-04-10,1,43,0.0232558139534884,0.0417483293347006,1.0566412408943
Jefferson,2020-04-11T00:00:00.000,2,46,47,999,999,46,2020-04-11,2,47,0.0425531914893617,0.040776781448551,2.1161790391576
Jefferson,2020-04-12T00:00:00.000,0,46,24,1023,1023,46,2020-04-12,0,24,0,0.0397313202236666,0
Jefferson,2020-04-13T00:00:00.000,1,47,37,1060,1060,47,2020-04-13,1,37,0.027027027027027,0.0386072103881909,1.06118204077429
Jefferson,2020-04-14T00:00:00.000,0,47,1,1061,1061,47,2020-04-14,0,1,0,0.0374020656138312,0
Jefferson,2020-04-15T00:00:00.000,1,48,33,1094,1094,48,2020-04-15,1,33,0.0303030303030303,0.0361160623078113,1.0705503091346
Jefferson,2020-04-16T00:00:00.000,2,50,31,1125,1125,50,2020-04-16,2,31,0.0645161290322581,0.0347520460116666,2.14910384723532
Jefferson,2020-04-17T00:00:00.000,0,50,16,1141,1141,50,2020-04-17,0,16,0,0.0333155196080021,0
Jefferson,2020-04-18T00:00:00.000,4,54,53,1194,1194,54,2020-04-18,4,53,0.0754716981132075,0.0318145088420549,4.32237168459867
Jefferson,2020-04-19T00:00:00.000,0,54,23,1217,1217,54,2020-04-19,0,23,0,0.0302593083145957,0
Jefferson,2020-04-20T00:00:00.000,0,54,7,1224,1224,54,2020-04-20,0,7,0,0.0286621193371773,0
Jefferson,2020-04-21T00:00:00.000,0,54,8,1232,1232,54,2020-04-21,0,8,0,0.0270365989661864,0
Jefferson,2020-04-22T00:00:00.000,2,56,28,1260,1260,56,2020-04-22,2,28,0.0714285714285714,0.0253973462292863,2.16284561306879
Jefferson,2020-04-23T00:00:00.000,2,58,37,1297,1297,58,2020-04-23,2,37,0.0540540540540541,0.023759356213185,2.1684453507519
Jefferson,2020-04-24T00:00:00.000,1,59,63,1360,1360,59,2020-04-24,1,63,0.0158730158730159,0.02213747470881,1.08644959272506
Jefferson,2020-04-25T00:00:00.000,1,60,27,1387,1387,60,2020-04-25,1,27,0.037037037037037,0.0205458852469502,1.08806394734901
Jefferson,2020-04-26T00:00:00.000,0,60,52,1439,1439,60,2020-04-26,0,52,0,0.0189976567097672,0
Jefferson,2020-04-27T00:00:00.000,0,60,15,1454,1454,60,2020-04-27,0,15,0,0.0175043737316483,0
Jefferson,2020-04-28T00:00:00.000,0,60,28,1482,1482,60,2020-04-28,0,28,0,0.0160758645458297,0
Jefferson,2020-04-29T00:00:00.000,1,61,36,1518,1518,61,2020-04-29,1,36,0.0277777777777778,0.0147200326904633,1.08226933138232
Jefferson,2020-04-30T00:00:00.000,0,61,37,1555,1555,61,2020-04-30,0,37,0,0.0134427909774191,0
Jefferson,2020-05-01T00:00:00.000,1,62,48,1603,1603,62,2020-05-01,1,48,0.0208333333333333,0.0122480891527456,1.07414033166826
Jefferson,2020-05-02T00:00:00.000,0,62,48,1651,1651,62,2020-05-02,0,48,0,0.0111380213251042,0
Jefferson,2020-05-03T00:00:00.000,1,63,82,1733,1733,63,2020-05-03,1,82,0.0121951219512195,0.0101129958213434,1.06401733332493
Jefferson,2020-05-04T00:00:00.000,0,63,13,1746,1746,63,2020-05-04,0,13,0,0.00917194868393123,0
Jefferson,2020-05-05T00:00:00.000,0,63,50,1796,1796,63,2020-05-05,0,50,0,0.00831258235516078,0
Jefferson,2020-05-06T00:00:00.000,1,64,90,1886,1886,64,2020-05-06,1,90,0.0111111111111111,0.0075316128339194,1.04919075017933
Jefferson,2020-05-07T00:00:00.000,2,66,82,1968,1968,66,2020-05-07,2,82,0.024390243902439,0.00682501129410251,2.08852940705595
Jefferson,2020-05-08T00:00:00.000,1,67,47,2015,2015,67,2020-05-08,1,47,0.0212765957446809,0.00618822936272293,1.04130242668864
Jefferson,2020-05-09T00:00:00.000,1,68,64,2079,2079,68,2020-05-09,1,64,0.015625,0.00561640056481457,1.03793091616315
Jefferson,2020-05-10T00:00:00.000,0,68,63,2142,2142,68,2020-05-10,0,63,0,0.00510451353425163,0
Jefferson,2020-05-11T00:00:00.000,0,68,46,2188,2188,68,2020-05-11,0,46,0,0.00464755525094557,0
Jefferson,2020-05-12T00:00:00.000,0,68,80,2268,2268,68,2020-05-12,0,80,0,0.00424062468216604,0
Jefferson,2020-05-13T00:00:00.000,1,69,104,2372,2372,69,2020-05-13,1,104,0.00961538461538462,0.00387901875043171,1.02109174738087
Jefferson,2020-05-14T00:00:00.000,2,71,453,2825,2825,71,2020-05-14,2,453,0.00441501103752759,0.00355829355669336,2.03441543194693
Jefferson,2020-05-15T00:00:00.000,0,71,237,3062,3062,71,2020-05-15,0,237,0,0.0032743043297898,0
Jefferson,2020-05-16T00:00:00.000,0,71,152,3214,3214,71,2020-05-16,0,152,0,0.0030232277451482,0
Jefferson,2020-05-17T00:00:00.000,0,71,137,3351,3351,71,2020-05-17,0,137,0,0.00280157015496316,0
Jefferson,2020-05-18T00:00:00.000,0,71,90,3441,3441,71,2020-05-18,0,90,0,0.00260616498861014,0
Jefferson,2020-05-19T00:00:00.000,0,71,64,3505,3505,71,2020-05-19,0,64,0,0.00243416219222495,0
Jefferson,2020-05-20T00:00:00.000,0,71,324,3829,3829,71,2020-05-20,0,324,0,0.0022830121401899,0
Jefferson,2020-05-21T00:00:00.000,1,72,319,4148,4148,72,2020-05-21,1,319,0.00313479623824451,0.00215044601249121,1.01947012150038
Jefferson,2020-05-22T00:00:00.000,0,72,331,4479,4479,72,2020-05-22,0,331,0,0.00203445421983919,0
Jefferson,2020-05-23T00:00:00.000,0,72,305,4784,4784,72,2020-05-23,0,305,0,0.00193326409040189,0
Jefferson,2020-05-24T00:00:00.000,0,72,107,4891,4891,72,2020-05-24,0,107,0,0.00184531771619587,0
Jefferson,2020-05-25T00:00:00.000,0,72,71,4962,4962,72,2020-05-25,0,71,0,0.00176925059527774,0
Jefferson,2020-05-26T00:00:00.000,0,72,97,5059,5059,72,2020-05-26,0,97,0,0.00170387149523092,0
Jefferson,2020-05-27T00:00:00.000,0,72,136,5195,5195,72,2020-05-27,0,136,0,0.00164814379890213,0
Jefferson,2020-05-28T00:00:00.000,2,74,400,5595,5595,74,2020-05-28,2,400,0.005,0.00160116846850558,2.07190590291705
Jefferson,2020-05-29T00:00:00.000,0,74,227,5822,5822,74,2020-05-29,0,227,0,0.00156216867242412,0
Jefferson,2020-05-30T00:00:00.000,0,74,280,6102,6102,74,2020-05-30,0,280,0,0.00153047605387629,0
Jefferson,2020-05-31T00:00:00.000,0,74,256,6358,6358,74,2020-05-31,0,256,0,0.00150551857633188,0
Jefferson,2020-06-01T00:00:00.000,0,74,228,6586,6586,74,2020-06-01,0,228,0,0.00148680985214818,0
Jefferson,2020-06-02T00:00:00.000,0,74,256,6842,6842,74,2020-06-02,0,256,0,0.00147393984418998,0
Jefferson,2020-06-03T00:00:00.000,0,74,253,7095,7095,74,2020-06-03,0,253,0,0.00146656682181156,0
Jefferson,2020-06-04T00:00:00.000,1,75,482,7577,7577,75,2020-06-04,1,482,0.0020746887966805,0.00146441044982748,1.07073906051394
Jefferson,2020-06-05T00:00:00.000,0,75,315,7892,7892,75,2020-06-05,0,315,0,0.00146724588990271,0
Jefferson,2020-06-06T00:00:00.000,2,77,275,8167,8167,77,2020-06-06,2,275,0.00727272727272727,0.00147489879659621,2.16404511198037
Jefferson,2020-06-07T00:00:00.000,1,78,374,8541,8541,78,2020-06-07,1,374,0.00267379679144385,0.00148724109390556,1.08889929657993
Jefferson,2020-06-08T00:00:00.000,1,79,85,8626,8626,79,2020-06-08,1,85,0.0117647058823529,0.00150418742176523,1.09496066129883
Jefferson,2020-06-09T00:00:00.000,0,79,257,8883,8883,79,2020-06-09,0,257,0,0.00152569214492903,0
Jefferson,2020-06-10T00:00:00.000,0,79,299,9182,9182,79,2020-06-10,0,299,0,0.00155174681860395,0
Jefferson,2020-06-11T00:00:00.000,1,80,564,9746,9746,80,2020-06-11,1,564,0.00177304964539007,0.00158237800581196,1.10757537451719
Jefferson,2020-06-12T00:00:00.000,1,81,173,9919,9919,81,2020-06-12,1,173,0.00578034682080925,0.00161764534054615,1.10927092979403
Jefferson,2020-06-13T00:00:00.000,0,81,135,10054,10054,81,2020-06-13,0,135,0,0.00165763972824175,0
Jefferson,2020-06-14T00:00:00.000,0,81,261,10315,10315,81,2020-06-14,0,261,0,0.00170248157085532,0
Jefferson,2020-06-15T00:00:00.000,0,81,76,10391,10391,81,2020-06-15,0,76,0,0.0017523188979697,0
Jefferson,2020-06-16T00:00:00.000,1,82,108,10499,10499,82,2020-06-16,1,108,0.00925925925925926,0.00180732527792975,1.13077402190004
Jefferson,2020-06-17T00:00:00.000,0,82,367,10866,10866,82,2020-06-17,0,367,0,0.00186769737433535,0
Jefferson,2020-06-18T00:00:00.000,0,82,534,11400,11400,82,2020-06-18,0,534,0,0.00193365200368031,0
Jefferson,2020-06-19T00:00:00.000,1,83,237,11637,11637,83,2020-06-19,1,237,0.00421940928270042,0.00200542254021983,1.13858256126438
Jefferson,2020-06-20T00:00:00.000,1,84,118,11755,11755,84,2020-06-20,1,118,0.00847457627118644,0.00208325450520021,1.13400678847306
Jefferson,2020-06-21T00:00:00.000,0,84,220,11975,11975,84,2020-06-21,0,220,0,0.00216740017074611,0
Jefferson,2020-06-22T00:00:00.000,0,84,88,12063,12063,84,2020-06-22,0,88,0,0.00225811200569523,0
Jefferson,2020-06-23T00:00:00.000,0,84,120,12183,12183,84,2020-06-23,0,120,0,0.00235563479370503,0
Jefferson,2020-06-24T00:00:00.000,1,85,309,12492,12492,85,2020-06-24,1,309,0.00323624595469256,0.00246019626572459,1.10838091791222
Jefferson,2020-06-25T00:00:00.000,0,85,479,12971,12971,85,2020-06-25,0,479,0,0.00257199611250513,0
Jefferson,2020-06-26T00:00:00.000,0,85,184,13155,13155,85,2020-06-26,0,184,0,0.00269119328168084,0
Jefferson,2020-06-27T00:00:00.000,0,85,101,13256,13256,85,2020-06-27,0,101,0,0.00281789152158782,0
Jefferson,2020-06-28T00:00:00.000,1,86,234,13490,13490,86,2020-06-28,1,234,0.00427350427350427,0.00295212321376375,1.08921823283767
Jefferson,2020-06-29T00:00:00.000,0,86,68,13558,13558,86,2020-06-29,0,68,0,0.00309383164062614,0
Jefferson,2020-06-30T00:00:00.000,2,88,135,13693,13693,88,2020-06-30,2,135,0.0148148148148148,0.00324285196557253,2.17037041159165
Jefferson,2020-07-01T00:00:00.000,2,90,240,13933,13933,90,2020-07-01,2,240,0.00833333333333333,0.00339889135910958,2.15898045222784
Jefferson,2020-07-02T00:00:00.000,3,93,213,14146,14146,93,2020-07-02,3,213,0.0140845070422535,0.00356150888328181,3.26104020302363
Jefferson,2020-07-03T00:00:00.000,0,93,324,14470,14470,93,2020-07-03,0,324,0,0.00373009594074443,0
Jefferson,2020-07-04T00:00:00.000,1,94,174,14644,14644,94,2020-07-04,1,174,0.00574712643678161,0.00390385829326904,1.10526589016967
Jefferson,2020-07-05T00:00:00.000,0,94,119,14763,14763,94,2020-07-05,0,119,0,0.00408180084164952,0
Jefferson,2020-07-06T00:00:00.000,0,94,126,14889,14889,94,2020-07-06,0,126,0,0.00426271651481146,0
Jefferson,2020-07-07T00:00:00.000,0,94,293,15182,15182,94,2020-07-07,0,293,0,0.0044451807166905,0
Jefferson,2020-07-08T00:00:00.000,1,95,206,15388,15388,95,2020-07-08,1,206,0.00485436893203883,0.00462755279933406,1.11631112968485
Jefferson,2020-07-09T00:00:00.000,0,95,171,15559,15559,95,2020-07-09,0,171,0,0.00480798594431721,0
Jefferson,2020-07-10T00:00:00.000,0,95,162,15721,15721,95,2020-07-10,0,162,0,0.00498444662039561,0
Jefferson,2020-07-11T00:00:00.000,2,97,95,15816,15816,97,2020-07-11,2,95,0.0210526315789474,0.00515474442950148,2.24171328497829
Jefferson,2020-07-12T00:00:00.000,2,99,495,16311,16311,99,2020-07-12,2,495,0.00404040404040404,0.00531657265371202,2.24297690244932
Jefferson,2020-07-13T00:00:00.000,1,100,154,16465,16465,100,2020-07-13,1,154,0.00649350649350649,0.00546755918613264,1.121642968689
Jefferson,2020-07-14T00:00:00.000,0,100,251,16716,16716,100,2020-07-14,0,251,0,0.00560532680001912,0
Jefferson,2020-07-15T00:00:00.000,2,102,143,16859,16859,102,2020-07-15,2,143,0.013986013986014,0.00572756093239789,2.2409503888917
Jefferson,2020-07-16T00:00:00.000,1,103,165,17024,17024,103,2020-07-16,1,165,0.00606060606060606,0.00583208239637398,1.11914579083126
Jefferson,2020-07-17T00:00:00.000,1,104,385,17409,17409,104,2020-07-17,1,385,0.0025974025974026,0.0059169217664902,1.11753939164869
Jefferson,2020-07-18T00:00:00.000,1,105,321,17730,17730,105,2020-07-18,1,321,0.00311526479750779,0.00598039168307348,1.12002349188453
Jefferson,2020-07-19T00:00:00.000,1,106,192,17922,17922,106,2020-07-19,1,192,0.00520833333333333,0.00602115306669343,1.12505931149076
Jefferson,2020-07-20T00:00:00.000,6,112,633,18555,18555,112,2020-07-20,6,633,0.00947867298578199,0.00603827127734197,6.77469329790874
Jefferson,2020-07-21T00:00:00.000,1,113,325,18880,18880,113,2020-07-21,1,325,0.00307692307692308,0.00603125862232867,1.13211347990363
Jefferson,2020-07-22T00:00:00.000,7,120,412,19292,19292,120,2020-07-22,7,412,0.0169902912621359,0.00600010030571606,7.93760913309427
Jefferson,2020-07-23T00:00:00.000,3,123,311,19603,19603,123,2020-07-23,3,311,0.00964630225080386,0.00594526187731748,3.40294552035814
Jefferson,2020-07-24T00:00:00.000,3,126,563,20166,20166,126,2020-07-24,3,563,0.00532859680284192,0.00586767740356482,3.39306407054661
Jefferson,2020-07-25T00:00:00.000,1,127,329,20495,20495,127,2020-07-25,1,329,0.00303951367781155,0.00576871884226874,1.11924855537756
Jefferson,2020-07-26T00:00:00.000,1,128,198,20693,20693,128,2020-07-26,1,198,0.00505050505050505,0.00565014834034652,1.1057581469434
Jefferson,2020-07-27T00:00:00.000,0,128,115,20808,20808,128,2020-07-27,0,115,0,0.00551405627041536,0
Jefferson,2020-07-28T00:00:00.000,0,128,67,20875,20875,128,2020-07-28,0,67,0,0.00536278867630993,0
Jefferson,2020-07-29T00:00:00.000,0,128,195,21070,21070,128,2020-07-29,0,195,0,0.00519886833512591,0
Jefferson,2020-07-30T00:00:00.000,1,129,232,21302,21302,129,2020-07-30,1,232,0.00431034482758621,0.00502491382706254,1.11396597368348
Jefferson,2020-07-31T00:00:00.000,1,130,129,21431,21431,130,2020-07-31,1,129,0.00775193798449612,0.0048435608370613,1.11136474341532
Jefferson,2020-08-01T00:00:00.000,4,134,287,21718,21718,134,2020-08-01,4,287,0.0139372822299652,0.00465738943430078,4.42890092082636
Jefferson,2020-08-02T00:00:00.000,0,134,176,21894,21894,134,2020-08-02,0,176,0,0.00446886035698428,0
Jefferson,2020-08-03T00:00:00.000,5,139,292,22186,22186,139,2020-08-03,5,292,0.0171232876712329,0.00428026245903973,5.5376687832671
Jefferson,2020-08-04T00:00:00.000,1,140,309,22495,22495,140,2020-08-04,1,309,0.00323624595469256,0.0040936725467676,1.11819987902264
Jefferson,2020-08-05T00:00:00.000,0,140,428,22923,22923,140,2020-08-05,0,428,0,0.0039109279354682,0
Jefferson,2020-08-06T00:00:00.000,0,140,300,23223,23223,140,2020-08-06,0,300,0,0.00373361126152785,0
Jefferson,2020-08-07T00:00:00.000,0,140,82,23305,23305,140,2020-08-07,0,82,0,0.00356304644557777,0
Jefferson,2020-08-08T00:00:00.000,2,142,194,23499,23499,142,2020-08-08,2,194,0.0103092783505155,0.00340030424455859,2.29556309076057
Jefferson,2020-08-09T00:00:00.000,0,142,65,23564,23564,142,2020-08-09,0,65,0,0.0032462155596894,0
Jefferson,2020-08-10T00:00:00.000,0,142,260,23824,23824,142,2020-08-10,0,260,0,0.00310139056949804,0
Jefferson,2020-08-11T00:00:00.000,0,142,178,24002,24002,142,2020-08-11,0,178,0,0.00296624180499926,0
Jefferson,2020-08-12T00:00:00.000,0,142,355,24357,24357,142,2020-08-12,0,355,0,0.00284100944304272,0
Jefferson,2020-08-13T00:00:00.000,1,143,338,24695,24695,143,2020-08-13,1,338,0.0029585798816568,0.00272578732690125,1.11996200500546
Jefferson,2020-08-14T00:00:00.000,0,143,303,24998,24998,143,2020-08-14,0,303,0,0.0026205484956848,0
Jefferson,2020-08-15T00:00:00.000,0,143,161,25159,25159,143,2020-08-15,0,161,0,0.00252516928657863,0
Jefferson,2020-08-16T00:00:00.000,0,143,102,25261,25261,143,2020-08-16,0,102,0,0.00243945134347484,0
Jefferson,2020-08-17T00:00:00.000,0,143,203,25464,25464,143,2020-08-17,0,203,0,0.00236314110663806,0
Jefferson,2020-08-18T00:00:00.000,0,143,255,25719,25719,143,2020-08-18,0,255,0,0.00229594656166765,0
Jefferson,2020-08-19T00:00:00.000,0,143,440,26159,26159,143,2020-08-19,0,440,0,0.00223755118885037,0
Jefferson,2020-08-20T00:00:00.000,1,144,279,26438,26438,144,2020-08-20,1,279,0.003584229390681,0.00218762517700549,1.06737127796525
Jefferson,2020-08-21T00:00:00.000,0,144,289,26727,26727,144,2020-08-21,0,289,0,0.00214583405304257,0
Jefferson,2020-08-22T00:00:00.000,1,145,142,26869,26869,145,2020-08-22,1,142,0.00704225352112676,0.00211184493538944,1.04689990267735
Jefferson,2020-08-23T00:00:00.000,0,145,135,27004,27004,145,2020-08-23,0,135,0,0.00208533065261339,0
Jefferson,2020-08-24T00:00:00.000,1,146,184,27188,27188,146,2020-08-24,1,184,0.00543478260869565,0.0020659719844201,1.02600233776759
Jefferson,2020-08-25T00:00:00.000,0,146,139,27327,27327,146,2020-08-25,0,139,0,0.00205345828662559,0
Jefferson,2020-08-26T00:00:00.000,2,148,394,27721,27721,148,2020-08-26,2,394,0.0050761421319797,0.00204748675968114,2.03539574008164
Jefferson,2020-08-27T00:00:00.000,1,149,302,28023,28023,149,2020-08-27,1,302,0.0033112582781457,0.00204776061580765,1.01314334408763
Jefferson,2020-08-28T00:00:00.000,0,149,192,28215,28215,149,2020-08-28,0,192,0,0.00205398639554376,0
Jefferson,2020-08-29T00:00:00.000,1,150,183,28398,28398,150,2020-08-29,1,183,0.00546448087431694,0.00206587068211851,1.00817151966658
Jefferson,2020-08-30T00:00:00.000,0,150,96,28494,28494,150,2020-08-30,0,96,0,0.0020831164620193,0
Jefferson,2020-08-31T00:00:00.000,0,150,204,28698,28698,150,2020-08-31,0,204,0,0.0021054193818196,0
Jefferson,2020-09-01T00:00:00.000,0,150,294,28992,28992,150,2020-09-01,0,294,0,0.00213246415330364,0
Jefferson,2020-09-02T00:00:00.000,4,154,819,29811,29811,154,2020-09-02,4,819,0.00488400488400488,0.00216392135887509,4.09668631133726
Jefferson,2020-09-03T00:00:00.000,0,154,146,29957,29957,154,2020-09-03,0,146,0,0.00219944490443208,0
Jefferson,2020-09-04T00:00:00.000,0,154,119,30076,30076,154,2020-09-04,0,119,0,0.00223867035433812,0
Jefferson,2020-09-05T00:00:00.000,0,154,134,30210,30210,154,2020-09-05,0,134,0,0.00228121436001452,0
Jefferson,2020-09-06T00:00:00.000,2,156,136,30346,30346,156,2020-09-06,2,136,0.0147058823529412,0.00232667535776106,2.07944635973989
Jefferson,2020-09-07T00:00:00.000,0,156,160,30506,30506,156,2020-09-07,0,160,0,0.00237463566144338,0
Jefferson,2020-09-08T00:00:00.000,0,156,126,30632,30632,156,2020-09-08,0,126,0,0.00242466501174405,0
Jefferson,2020-09-09T00:00:00.000,0,156,92,30724,30724,156,2020-09-09,0,92,0,0.00247632556750693,0
Jefferson,2020-09-10T00:00:00.000,1,157,341,31065,31065,157,2020-09-10,1,341,0.00293255131964809,0.00252917823978508,1.05654380556357
Jefferson,2020-09-11T00:00:00.000,0,157,360,31425,31425,157,2020-09-11,0,360,0,0.00258279018059608,0
Jefferson,2020-09-12T00:00:00.000,0,157,306,31731,31731,157,2020-09-12,0,306,0,0.00263674315244621,0
Jefferson,2020-09-13T00:00:00.000,1,158,82,31813,31813,158,2020-09-13,1,82,0.0121951219512195,0.00269064242840606,1.07472324599699
Jefferson,2020-09-14T00:00:00.000,0,158,134,31947,31947,158,2020-09-14,0,134,0,0.00274412581276937,0
Jefferson,2020-09-15T00:00:00.000,0,158,306,32253,32253,158,2020-09-15,0,306,0,0.00279687233502876,0
Jefferson,2020-09-16T00:00:00.000,1,159,424,32677,32677,159,2020-09-16,1,424,0.00235849056603774,0.00284861015915152,1.09814321295165
Jefferson,2020-09-17T00:00:00.000,1,160,244,32921,32921,160,2020-09-17,1,244,0.00409836065573771,0.00289912326757014,1.10470673072962
Jefferson,2020-09-18T00:00:00.000,1,161,239,33160,33160,161,2020-09-18,1,239,0.00418410041841004,0.00294825652373842,1.11059375119205
Jefferson,2020-09-19T00:00:00.000,2,163,261,33421,33421,163,2020-09-19,2,261,0.00766283524904215,0.00299591878446582,2.23157285712089
Jefferson,2020-09-20T00:00:00.000,0,163,222,33643,33643,163,2020-09-20,0,222,0,0.00304208381698004,0
Jefferson,2020-09-21T00:00:00.000,1,164,145,33788,33788,164,2020-09-21,1,145,0.00689655172413793,0.00308678886740806,1.12411024937668
Jefferson,2020-09-22T00:00:00.000,0,164,241,34029,34029,164,2020-09-22,0,241,0,0.00313013081788264,0
Jefferson,2020-09-23T00:00:00.000,1,165,428,34457,34457,165,2020-09-23,1,428,0.00233644859813084,0.00317225994969304,1.13221090413403
Jefferson,2020-09-24T00:00:00.000,2,167,364,34821,34821,167,2020-09-24,2,364,0.00549450549450549,0.00321337139200888,2.27538518261958
Jefferson,2020-09-25T00:00:00.000,0,167,298,35119,35119,167,2020-09-25,0,298,0,0.00325369437386124,0
Jefferson,2020-09-26T00:00:00.000,3,170,292,35411,35411,170,2020-09-26,3,292,0.0102739726027397,0.00329347940823693,3.44517433257919
Jefferson,2020-09-27T00:00:00.000,0,170,162,35573,35573,170,2020-09-27,0,162,0,0.00333298352120387,0
Jefferson,2020-09-28T00:00:00.000,0,170,194,35767,35767,170,2020-09-28,0,194,0,0.00337245359907702,0
Jefferson,2020-09-29T00:00:00.000,2,172,343,36110,36110,172,2020-09-29,2,343,0.00583090379008746,0.00341210786888754,2.44259208532404
Jefferson,2020-09-30T00:00:00.000,0,172,180,36290,36290,172,2020-09-30,0,180,0,0.00345211546103366,0
Kings,2020-04-01T00:00:00.000,1189,14304,2041,27860,27860,14304,2020-04-01,14304,27860,0.513424264178033,0.539427487578439,18485.6904177301
Kings,2020-04-02T00:00:00.000,1396,15700,2512,30372,30372,15700,2020-04-02,1396,2512,0.555732484076433,0.530743615436466,1799.85084943028
Kings,2020-04-03T00:00:00.000,1804,17504,3234,33606,33606,17504,2020-04-03,1804,3234,0.557823129251701,0.522017267519364,2338.77477039184
Kings,2020-04-04T00:00:00.000,1054,18558,1990,35596,35596,18558,2020-04-04,1054,1990,0.52964824120603,0.513215664894304,1377.73470884313
Kings,2020-04-05T00:00:00.000,1144,19702,2013,37609,37609,19702,2020-04-05,1144,2013,0.568306010928962,0.504291743383423,1507.57029874235
Kings,2020-04-06T00:00:00.000,1177,20879,2245,39854,39854,20879,2020-04-06,1177,2245,0.524276169265033,0.495187597519463,1562.79863545618
Kings,2020-04-07T00:00:00.000,1203,22082,2607,42461,42461,22082,2020-04-07,1203,2607,0.461449942462601,0.4858379823027,1603.24709075358
Kings,2020-04-08T00:00:00.000,1312,23394,2565,45026,45026,23394,2020-04-08,1312,2565,0.511500974658869,0.47617383506351,1753.50330270512
Kings,2020-04-09T00:00:00.000,1321,24715,2578,47604,47604,24715,2020-04-09,1321,2578,0.512412723041117,0.466125782500914,1769.5315226091
Kings,2020-04-10T00:00:00.000,1528,26243,2887,50491,50491,26243,2020-04-10,1528,2887,0.529269137512989,0.45562759820058,2050.4444294331
Kings,2020-04-11T00:00:00.000,1228,27471,2670,53161,53161,27471,2020-04-11,1228,2670,0.459925093632959,0.444619569646301,1649.97871795151
Kings,2020-04-12T00:00:00.000,933,28404,2029,55190,55190,28404,2020-04-12,933,2029,0.459832429768359,0.433051722673553,1254.60015257653
Kings,2020-04-13T00:00:00.000,902,29306,2055,57245,57245,29306,2020-04-13,902,2055,0.438929440389294,0.420886834280128,1215.47525244001
Kings,2020-04-14T00:00:00.000,2663,31969,5103,62348,62348,31969,2020-04-14,2663,5103,0.521849892220263,0.408103143254893,3605.28677417606
Kings,2020-04-15T00:00:00.000,1552,33521,3724,66072,66072,33521,2020-04-15,1552,3724,0.416756176154672,0.394696646035767,2110.35298206288
Kings,2020-04-16T00:00:00.000,1184,34705,3347,69419,69419,34705,2020-04-16,1184,3347,0.353749626531222,0.380682844651826,1616.35741946112
Kings,2020-04-17T00:00:00.000,1058,35763,3016,72435,72435,35763,2020-04-17,1058,3016,0.35079575596817,0.366097803078679,1449.36129605582
Kings,2020-04-18T00:00:00.000,719,36482,2390,74825,74825,36482,2020-04-18,719,2390,0.300836820083682,0.350998370493663,987.77719730023
Kings,2020-04-19T00:00:00.000,548,37030,1835,76660,76660,37030,2020-04-19,548,1835,0.298637602179837,0.335461454112083,754.387059123366
Kings,2020-04-20T00:00:00.000,664,37694,2300,78960,78960,37694,2020-04-20,664,2300,0.288695652173913,0.319582270397303,914.729095182784
Kings,2020-04-21T00:00:00.000,787,38481,2827,81787,81787,38481,2020-04-21,787,2827,0.278386982667138,0.30347157432008,1083.89159204929
Kings,2020-04-22T00:00:00.000,873,39354,3526,85313,85313,39354,2020-04-22,873,3526,0.24758933635848,0.287251954041531,1203.25377605817
Kings,2020-04-23T00:00:00.000,1294,40648,5030,90343,90343,40648,2020-04-23,1294,5030,0.257256461232604,0.271053374077096,1789.67749565813
Kings,2020-04-24T00:00:00.000,1012,41660,4021,94364,94364,41660,2020-04-24,1012,4021,0.251678686893808,0.25500823763215,1403.88879295228
Kings,2020-04-25T00:00:00.000,827,42487,3685,98049,98049,42487,2020-04-25,827,3685,0.224423337856174,0.239246303400076,1150.19630391928
Kings,2020-04-26T00:00:00.000,527,43014,2684,100733,100733,43014,2020-04-26,527,2684,0.196348733233979,0.223889819700607,734.490189086365
Kings,2020-04-27T00:00:00.000,573,43587,2940,103673,103673,43587,2020-04-27,573,2940,0.194897959183673,0.209049222219531,799.012177975653
Kings,2020-04-28T00:00:00.000,649,44236,3873,107546,107546,44236,2020-04-28,649,3873,0.167570358894914,0.194819681588961,904.110720100213
Kings,2020-04-29T00:00:00.000,636,44872,3944,111490,111490,44872,2020-04-29,636,3944,0.161257606490872,0.181278693692121,884.781974753882
Kings,2020-04-30T00:00:00.000,647,45519,3927,115417,115417,45519,2020-04-30,647,3927,0.164756811815635,0.168484793422604,898.504576015286
Kings,2020-05-01T00:00:00.000,756,46275,4717,120134,120134,46275,2020-05-01,756,4717,0.160271358914564,0.156477361195893,1047.66186707296
Kings,2020-05-02T00:00:00.000,564,46839,3804,123938,123938,46839,2020-05-02,564,3804,0.148264984227129,0.145277396151405,779.688669851498
Kings,2020-05-03T00:00:00.000,344,47183,2545,126483,126483,47183,2020-05-03,344,2545,0.13516699410609,0.134889062751189,474.260370639071
Kings,2020-05-04T00:00:00.000,396,47579,3364,129847,129847,47579,2020-05-04,396,3364,0.117717003567182,0.125301782806298,544.409675178163
Kings,2020-05-05T00:00:00.000,395,47974,3597,133444,133444,47974,2020-05-05,395,3597,0.109813733666945,0.116492641764518,542.27480441091
Kings,2020-05-06T00:00:00.000,576,48550,5284,138728,138728,48550,2020-05-06,576,5284,0.109008327024981,0.108428899686773,789.046582090251
Kings,2020-05-07T00:00:00.000,448,48998,4582,143310,143310,48998,2020-05-07,448,4582,0.097773897861196,0.101070435475697,612.54879408807
Kings,2020-05-08T00:00:00.000,463,49461,4747,148057,148057,49461,2020-05-08,463,4747,0.097535285443438,0.0943719988214755,633.11929110607
Kings,2020-05-09T00:00:00.000,356,49817,3682,151739,151739,49817,2020-05-09,356,3682,0.0966865833785986,0.0882851902230824,486.700087626936
Kings,2020-05-10T00:00:00.000,255,50072,2825,154564,154564,50072,2020-05-10,255,2825,0.0902654867256637,0.0827601303737962,348.030811419292
Kings,2020-05-11T00:00:00.000,259,50331,2984,157548,157548,50331,2020-05-11,259,2984,0.0867962466487936,0.0777468132408725,351.558001664887
Kings,2020-05-12T00:00:00.000,336,50667,4615,162163,162163,50667,2020-05-12,336,4615,0.0728060671722644,0.0731961607662809,455.586945350248
Kings,2020-05-13T00:00:00.000,428,51095,6107,168270,168270,51095,2020-05-13,428,6107,0.0700835107253971,0.0690608126743096,582.853643641423
Kings,2020-05-14T00:00:00.000,486,51581,5741,174011,174011,51581,2020-05-14,486,5741,0.0846542414213552,0.0652956924636939,661.317767348272
Kings,2020-05-15T00:00:00.000,410,51991,5793,179804,179804,51991,2020-05-15,410,5793,0.0707750733644053,0.0618583930366727,558.304963171321
Kings,2020-05-16T00:00:00.000,307,52298,4377,184181,184181,52298,2020-05-16,307,4377,0.0701393648617775,0.0587094231967776,418.109948844106
Kings,2020-05-17T00:00:00.000,187,52485,3052,187233,187233,52485,2020-05-17,187,3052,0.0612712975098296,0.0558123517052453,255.051534520985
Kings,2020-05-18T00:00:00.000,196,52681,4133,191366,191366,52681,2020-05-18,196,4133,0.0474231792886523,0.0531338792110711,268.582837367762
Kings,2020-05-19T00:00:00.000,208,52889,3890,195256,195256,52889,2020-05-19,208,3890,0.0534704370179949,0.0506438614971559,285.984033559546
Kings,2020-05-20T00:00:00.000,496,53385,7252,202508,202508,53385,2020-05-20,496,7252,0.0683949255377827,0.0483153006340778,684.111956186017
Kings,2020-05-21T00:00:00.000,254,53639,5372,207880,207880,53639,2020-05-21,254,5372,0.0472822040208488,0.04612431412135,351.842547400416
Kings,2020-05-22T00:00:00.000,263,53902,6189,214069,214069,53902,2020-05-22,263,6189,0.0424947487477783,0.0440500866379918,365.579761414561
Kings,2020-05-23T00:00:00.000,273,54175,6813,220882,220882,54175,2020-05-23,273,6813,0.040070453544694,0.0420748045002438,380.479498352414
Kings,2020-05-24T00:00:00.000,185,54360,4990,225872,225872,54360,2020-05-24,185,4990,0.0370741482965932,0.0401835697400185,258.288110670953
Kings,2020-05-25T00:00:00.000,200,54560,5214,231086,231086,54560,2020-05-25,200,5214,0.0383582662063675,0.0383642890071933,279.474878850831
Kings,2020-05-26T00:00:00.000,219,54779,5940,237026,237026,54779,2020-05-26,219,5940,0.0368686868686869,0.0366075320388987,306.558179023723
Kings,2020-05-27T00:00:00.000,368,55147,10938,247964,247964,55147,2020-05-27,368,10938,0.0336441762662278,0.0349063554948176,515.938149956147
Kings,2020-05-28T00:00:00.000,299,55446,10686,258650,258650,55446,2020-05-28,299,10686,0.0279805352798054,0.0332560899600405,419.521899222076
Kings,2020-05-29T00:00:00.000,281,55727,9619,268269,268269,55727,2020-05-29,281,9619,0.0292130159060193,0.0316540909083094,397.175712906346
Kings,2020-05-30T00:00:00.000,173,55900,7167,275436,275436,55900,2020-05-30,173,7167,0.024138412166876,0.0300994576900135,245.872133398963
Kings,2020-05-31T00:00:00.000,153,56053,5765,281201,281201,56053,2020-05-31,153,5765,0.026539462272333,0.028592727911247,218.201987635861
Kings,2020-06-01T00:00:00.000,189,56242,7500,288701,288701,56242,2020-06-01,189,7500,0.0252,0.0271355574101745,269.831638732951
Kings,2020-06-02T00:00:00.000,163,56405,7485,296186,296186,56405,2020-06-02,163,7485,0.0217768871075484,0.0257303979278708,232.288958129512
Kings,2020-06-03T00:00:00.000,182,56587,7880,304066,304066,56587,2020-06-03,182,7880,0.0230964467005076,0.0243801854237674,258.328078170048
Kings,2020-06-04T00:00:00.000,183,56770,7659,311725,311725,56770,2020-06-04,183,7659,0.0238934586760674,0.0230880515593365,258.170836649861
Kings,2020-06-05T00:00:00.000,196,56966,9370,321095,321095,56966,2020-06-05,196,9370,0.0209178228388474,0.0218570692491402,275.031388427847
Kings,2020-06-06T00:00:00.000,165,57131,8378,329473,329473,57131,2020-06-06,165,8378,0.0196944378133206,0.0206900406900313,232.498508283902
Kings,2020-06-07T00:00:00.000,129,57260,7254,336727,336727,57260,2020-06-07,129,7254,0.0177832919768404,0.0195893330529589,181.77797239753
Kings,2020-06-08T00:00:00.000,107,57367,5499,342226,342226,57367,2020-06-08,107,5499,0.0194580832878705,0.0185567636436988,150.626825240597
Kings,2020-06-09T00:00:00.000,117,57484,8815,351041,351041,57484,2020-06-09,117,8815,0.0132728304027226,0.0175935330657494,164.366959057845
Kings,2020-06-10T00:00:00.000,121,57605,6515,357556,357556,57605,2020-06-10,121,6515,0.0185725249424405,0.0167002021020871,169.463427023754
Kings,2020-06-11T00:00:00.000,128,57733,8670,366226,366226,57733,2020-06-11,128,8670,0.0147635524798155,0.0158767059062875,178.537018149515
Kings,2020-06-12T00:00:00.000,186,57919,10217,376443,376443,57919,2020-06-12,186,10217,0.0182049525300969,0.0151223977629098,258.002735461322
Kings,2020-06-13T00:00:00.000,140,58059,9012,385455,385455,58059,2020-06-13,140,9012,0.0155348424323125,0.0144361141166949,192.985232347689
Kings,2020-06-14T00:00:00.000,118,58177,8880,394335,394335,58177,2020-06-14,118,8880,0.0132882882882883,0.0138162527110636,161.728639411899
Kings,2020-06-15T00:00:00.000,97,58274,8034,402369,402369,58274,2020-06-15,97,8034,0.0120736868309684,0.0132608563815428,133.251406493884
Kings,2020-06-16T00:00:00.000,112,58386,8472,410841,410841,58386,2020-06-16,112,8472,0.0132200188857413,0.0127676960877824,153.993172637481
Kings,2020-06-17T00:00:00.000,116,58502,10052,420893,420893,58502,2020-06-17,116,10052,0.0115399920413848,0.0123343480520837,159.401643696558
Kings,2020-06-18T00:00:00.000,132,58634,10964,431857,431857,58634,2020-06-18,132,10964,0.0120394016782196,0.0119582611462291,180.495688249616
Kings,2020-06-19T00:00:00.000,127,58761,10520,442377,442377,58761,2020-06-19,127,10520,0.0120722433460076,0.0116368119472359,172.397538702379
Kings,2020-06-20T00:00:00.000,113,58874,9864,452241,452241,58874,2020-06-20,113,9864,0.011455798864558,0.0113673459507726,151.839852297743
Kings,2020-06-21T00:00:00.000,75,58949,7192,459433,459433,58949,2020-06-21,75,7192,0.0104282536151279,0.0111472043935271,99.7020657565241
Kings,2020-06-22T00:00:00.000,98,59047,5819,465252,465252,59047,2020-06-22,98,5819,0.0168413816807012,0.0109737368938434,128.830291966036
Kings,2020-06-23T00:00:00.000,64,59111,6732,471984,471984,59111,2020-06-23,64,6732,0.0095068330362448,0.0108443007340686,83.174806142266
Kings,2020-06-24T00:00:00.000,95,59206,7602,479586,479586,59206,2020-06-24,95,7602,0.012496711391739,0.010756248135411,122.034254190621
Kings,2020-06-25T00:00:00.000,105,59311,7450,487036,487036,59311,2020-06-25,105,7450,0.0140939597315436,0.0107069032885595,133.313034883597
Kings,2020-06-26T00:00:00.000,109,59420,10239,497275,497275,59420,2020-06-26,109,10239,0.010645570856529,0.0106935313326545,136.792488179054
Kings,2020-06-27T00:00:00.000,87,59507,8508,505783,505783,59507,2020-06-27,87,8508,0.0102256699576869,0.0107133018377656,108.371212812628
Kings,2020-06-28T00:00:00.000,69,59576,5378,511161,511161,59576,2020-06-28,69,5378,0.0128300483451097,0.0107632497449803,85.5352023367039
Kings,2020-06-29T00:00:00.000,74,59650,6646,517807,517807,59650,2020-06-29,74,6646,0.0111345170027084,0.0108402370755874,91.196330007837
Kings,2020-06-30T00:00:00.000,92,59742,7756,525563,525563,59742,2020-06-30,92,7756,0.0118617844249613,0.0109409190349546,112.746835131427
Kings,2020-07-01T00:00:00.000,113,59855,9252,534815,534815,59855,2020-07-01,113,9252,0.0122135754431474,0.0110617183374406,137.260535620441
Kings,2020-07-02T00:00:00.000,102,59957,8649,543464,543464,59957,2020-07-02,102,8649,0.0117932708983698,0.0111988116224389,124.33370082471
Kings,2020-07-03T00:00:00.000,121,60078,7506,550970,550970,60078,2020-07-03,121,7506,0.0161204369837463,0.0113481316016997,148.303692949773
Kings,2020-07-04T00:00:00.000,71,60149,7534,558504,558504,60149,2020-07-04,71,7534,0.00942394478364746,0.0115053880493891,87.4310791221426
Kings,2020-07-05T00:00:00.000,62,60211,7273,565777,565777,60211,2020-07-05,62,7273,0.00852468032448783,0.0116661098608276,76.3331878284933
Kings,2020-07-06T00:00:00.000,70,60281,7673,573450,573450,60281,2020-07-06,70,7673,0.00912289847517268,0.0118257091264602,86.1533941393835
Kings,2020-07-07T00:00:00.000,105,60386,6914,580364,580364,60386,2020-07-07,105,6914,0.0151865779577668,0.0119795665829786,129.161590885022
Kings,2020-07-08T00:00:00.000,75,60461,7228,587592,587592,60461,2020-07-08,75,7228,0.0103763143331489,0.0121231359860107,92.18767827287
Kings,2020-07-09T00:00:00.000,99,60560,8795,596387,596387,60560,2020-07-09,99,8795,0.0112563956793633,0.0122520630579822,121.561292717837
Kings,2020-07-10T00:00:00.000,87,60647,7543,603930,603930,60647,2020-07-10,87,7543,0.0115338724645367,0.0123623129033804,106.682916231137
Kings,2020-07-11T00:00:00.000,101,60748,7261,611191,611191,60748,2020-07-11,101,7261,0.0139099297617408,0.0124502983937177,123.642764249078
Kings,2020-07-12T00:00:00.000,67,60815,5925,617116,617116,60815,2020-07-12,67,5925,0.0113080168776371,0.0125130011833809,81.854504080387
Kings,2020-07-13T00:00:00.000,89,60904,5637,622753,622753,60904,2020-07-13,89,5637,0.015788540003548,0.0125480769073579,108.47334000473
Kings,2020-07-14T00:00:00.000,108,61012,7601,630354,630354,61012,2020-07-14,108,7601,0.01420865675569,0.0125539368169742,131.270263674865
Kings,2020-07-15T00:00:00.000,112,61124,8189,638543,638543,61124,2020-07-15,112,8189,0.0136768836243742,0.012529799591403,135.711830922725
Kings,2020-07-16T00:00:00.000,109,61233,10677,649220,649220,61233,2020-07-16,109,10677,0.0102088601667135,0.0124757092118593,131.624678322714
Kings,2020-07-17T00:00:00.000,118,61351,9343,658563,658563,61351,2020-07-17,118,9343,0.0126297763031146,0.0123925173607714,141.987861584884
Kings,2020-07-18T00:00:00.000,81,61432,6260,664823,664823,61432,2020-07-18,81,6260,0.0129392971246006,0.0122818315387294,97.4912191707206
Kings,2020-07-19T00:00:00.000,56,61488,5904,670727,670727,61488,2020-07-19,56,5904,0.00948509485094851,0.0121459326673749,67.5831710899574
Kings,2020-07-20T00:00:00.000,80,61568,8084,678811,678811,61568,2020-07-20,80,8084,0.0098960910440376,0.0119876680728408,96.7410026502237
Kings,2020-07-21T00:00:00.000,94,61662,8182,686993,686993,61662,2020-07-21,94,8182,0.0114886335859203,0.0118103272354867,113.815972364063
Kings,2020-07-22T00:00:00.000,90,61752,8779,695772,695772,61752,2020-07-22,90,8779,0.0102517370998975,0.0116175084020582,109.025886657158
Kings,2020-07-23T00:00:00.000,72,61824,9523,705295,705295,61824,2020-07-23,72,9523,0.00756064265462564,0.0114129840915907,87.174418738982
Kings,2020-07-24T00:00:00.000,102,61926,7669,712964,712964,61926,2020-07-24,102,7669,0.0133002999087234,0.0112005727608861,123.068916683989
Kings,2020-07-25T00:00:00.000,62,61988,6610,719574,719574,61988,2020-07-25,62,6610,0.00937972768532526,0.0109840226071804,74.0093238566467
Kings,2020-07-26T00:00:00.000,65,62053,7052,726626,726626,62053,2020-07-26,65,7052,0.00921724333522405,0.0107669118282014,76.6613804044475
Kings,2020-07-27T00:00:00.000,57,62110,6374,733000,733000,62110,2020-07-27,57,6374,0.00894257922811421,0.010552567936509,67.2193094288007
Kings,2020-07-28T00:00:00.000,84,62194,8815,741815,741815,62194,2020-07-28,84,8815,0.00952921157118548,0.0103440070111589,99.5349290528698
Kings,2020-07-29T00:00:00.000,101,62295,9160,750975,750975,62295,2020-07-29,101,9160,0.0110262008733624,0.0101438923227169,120.090459095864
Kings,2020-07-30T00:00:00.000,90,62385,9095,760070,760070,62385,2020-07-30,90,9095,0.00989554700384827,0.00995451061953398,107.350374650359
Kings,2020-07-31T00:00:00.000,109,62494,10667,770737,770737,62494,2020-07-31,109,10667,0.0102184306740414,0.00977776357293178,129.954280912622
Kings,2020-08-01T00:00:00.000,83,62577,7441,778178,778178,62577,2020-08-01,83,7441,0.0111544147292031,0.00961517146369329,98.8087747040865
Kings,2020-08-02T00:00:00.000,64,62641,6911,785089,785089,62641,2020-08-02,64,6911,0.00926059904500072,0.00946788608809889,76.3232416321919
Kings,2020-08-03T00:00:00.000,74,62715,7510,792599,792599,62715,2020-08-03,74,7510,0.00985352862849534,0.00933671001371834,88.6055730663893
Kings,2020-08-04T00:00:00.000,75,62790,8138,800737,800737,62790,2020-08-04,75,8138,0.0092160235930204,0.00922211968140887,90.9604226586002
Kings,2020-08-05T00:00:00.000,100,62890,8929,809666,809666,62890,2020-08-05,100,8929,0.0111994624258036,0.00912429030861647,122.802069263108
Kings,2020-08-06T00:00:00.000,109,62999,8735,818401,818401,62999,2020-08-06,109,8735,0.0124785346307956,0.00904312109393081,135.457314107551
Kings,2020-08-07T00:00:00.000,87,63086,9201,827602,827602,63086,2020-08-07,87,9201,0.00945549396804695,0.00897825976387737,109.122619230864
Kings,2020-08-08T00:00:00.000,69,63155,7685,835287,835287,63155,2020-08-08,69,7685,0.00897852960312297,0.00892912601079083,87.2242905669755
Kings,2020-08-09T00:00:00.000,68,63223,6590,841877,841877,63223,2020-08-09,68,6590,0.0103186646433991,0.00889493383078447,86.4393674319328
Kings,2020-08-10T00:00:00.000,85,63308,7833,849710,849710,63308,2020-08-10,85,7833,0.0108515255968339,0.00887471313003931,108.072642309372
Kings,2020-08-11T00:00:00.000,102,63410,13378,863088,863088,63410,2020-08-11,102,13378,0.00762445806548064,0.00886733124384097,129.459400533836
Kings,2020-08-12T00:00:00.000,132,63542,11994,875082,875082,63542,2020-08-12,132,11994,0.0110055027513757,0.0088715151797813,167.047009642129
Kings,2020-08-13T00:00:00.000,94,63636,11535,886617,886617,63636,2020-08-13,94,11535,0.00814911140008669,0.00888587543531421,118.481888610459
Kings,2020-08-14T00:00:00.000,143,63779,11157,897774,897774,63779,2020-08-14,143,11157,0.0128170655194049,0.00890893219441628,179.572142770724
Kings,2020-08-15T00:00:00.000,82,63861,9558,907332,907332,63861,2020-08-15,82,9558,0.00857920066959615,0.00893914451486531,102.939716077729
Kings,2020-08-16T00:00:00.000,52,63913,7179,914511,914511,63913,2020-08-16,52,7179,0.00724334865580164,0.00897494286197761,65.1793646297898
Kings,2020-08-17T00:00:00.000,89,64002,6633,921144,921144,64002,2020-08-17,89,6633,0.0134177596864164,0.00901476498075877,111.253469068799
Kings,2020-08-18T00:00:00.000,80,64082,9135,930279,930279,64082,2020-08-18,80,9135,0.00875752599890531,0.00905709470017628,99.6149020895775
Kings,2020-08-19T00:00:00.000,80,64162,8865,939144,939144,64162,2020-08-19,80,8865,0.00902425267907501,0.00910050284012424,99.1175798515932
Kings,2020-08-20T00:00:00.000,74,64236,10187,949331,949331,64236,2020-08-20,74,10187,0.0072641602041818,0.00914368900385712,91.1301500184533
Kings,2020-08-21T00:00:00.000,65,64301,10756,960087,960087,64301,2020-08-21,65,10756,0.00604313871327631,0.00918552270336627,79.4858194877238
Kings,2020-08-22T00:00:00.000,74,64375,9136,969223,969223,64375,2020-08-22,74,9136,0.00809982486865149,0.0092250820767272,89.7775398551839
Kings,2020-08-23T00:00:00.000,47,64422,7826,977049,977049,64422,2020-08-23,47,7826,0.00600562228469205,0.00926168836752035,56.5260209567941
Kings,2020-08-24T00:00:00.000,73,64495,7208,984257,984257,64495,2020-08-24,73,7208,0.0101276359600444,0.0092949344591497,87.0529315600455
Kings,2020-08-25T00:00:00.000,77,64572,7983,992240,992240,64572,2020-08-25,77,7983,0.00964549668044595,0.00932470600990286,91.5476976998808
Kings,2020-08-26T00:00:00.000,92,64664,9336,1001576,1001576,64664,2020-08-26,92,9336,0.00985432733504713,0.0093511941491719,108.986144720846
Kings,2020-08-27T00:00:00.000,90,64754,12225,1013801,1013801,64754,2020-08-27,90,12225,0.00736196319018405,0.00937489921904235,106.165191448653
Kings,2020-08-28T00:00:00.000,103,64857,10972,1024773,1024773,64857,2020-08-28,103,10972,0.00938753189938024,0.00939662562045664,120.523978021004
Kings,2020-08-29T00:00:00.000,73,64930,11050,1035823,1035823,64930,2020-08-29,73,11050,0.00660633484162896,0.00941746839205307,85.6525680688818
Kings,2020-08-30T00:00:00.000,68,64998,6957,1042780,1042780,64998,2020-08-30,68,6957,0.00977432801494897,0.00943879267876842,80.1534360867821
Kings,2020-08-31T00:00:00.000,120,65118,9322,1052102,1052102,65118,2020-08-31,120,9322,0.0128727740828148,0.00946220762412564,141.811475191272
Kings,2020-09-01T00:00:00.000,83,65201,9607,1061709,1061709,65201,2020-09-01,83,9607,0.00863953367336317,0.00948953649316025,98.3353832820519
Kings,2020-09-02T00:00:00.000,127,65328,10442,1072151,1072151,65328,2020-09-02,127,10442,0.0121624209921471,0.00952278490222429,150.844225832182
Kings,2020-09-03T00:00:00.000,112,65440,13256,1085407,1085407,65440,2020-09-03,112,13256,0.00844900422450211,0.00956410895032293,133.36318636714
Kings,2020-09-04T00:00:00.000,100,65540,10629,1096036,1096036,65540,2020-09-04,100,10629,0.00940822278671559,0.00961578482090071,119.376711246819
Kings,2020-09-05T00:00:00.000,86,65626,11109,1107145,1107145,65626,2020-09-05,86,11109,0.0077414708794671,0.00968018107534816,102.929072686972
Kings,2020-09-06T00:00:00.000,74,65700,7350,1114495,1114495,65700,2020-09-06,74,7350,0.0100680272108844,0.0097597344261558,88.8013702244361
Kings,2020-09-07T00:00:00.000,57,65757,6683,1121178,1121178,65757,2020-09-07,57,6683,0.00852910369594494,0.00985692933560861,68.588226799456
Kings,2020-09-08T00:00:00.000,62,65819,8221,1129399,1129399,65819,2020-09-08,62,8221,0.0075416615983457,0.00997428132151267,74.8172059975389
Kings,2020-09-09T00:00:00.000,110,65929,9082,1138481,1138481,65929,2020-09-09,110,9082,0.0121118696322396,0.0101143234316122,133.135907810788
Kings,2020-09-10T00:00:00.000,80,66009,9839,1148320,1148320,66009,2020-09-10,80,9839,0.00813090761256225,0.0102795950115657,97.2472103548011
Kings,2020-09-11T00:00:00.000,115,66124,11402,1159722,1159722,66124,2020-09-11,115,11402,0.0100859498333626,0.0104726316039064,140.480949480122
Kings,2020-09-12T00:00:00.000,73,66197,7592,1167314,1167314,66197,2020-09-12,73,7592,0.00961538461538462,0.0106959546500323,89.6030367517129
Kings,2020-09-13T00:00:00.000,77,66274,7304,1174618,1174618,66274,2020-09-13,77,7304,0.0105421686746988,0.010952059601229,95.2250806302705
Kings,2020-09-14T00:00:00.000,107,66381,7997,1182615,1182615,66381,2020-09-14,107,7997,0.013380017506565,0.0112434010870013,133.451434356014
Kings,2020-09-15T00:00:00.000,87,66468,9006,1191621,1191621,66468,2020-09-15,87,9006,0.00966022651565623,0.0115723739562762,109.394427986737
Kings,2020-09-16T00:00:00.000,118,66586,8620,1200241,1200241,66586,2020-09-16,118,8620,0.0136890951276102,0.0119412893340267,149.548757570523
Kings,2020-09-17T00:00:00.000,151,66737,10338,1210579,1210579,66737,2020-09-17,151,10338,0.0146063068291739,0.0123523452664482,192.828943354991
Kings,2020-09-18T00:00:00.000,234,66971,13785,1224364,1224364,66971,2020-09-18,234,13785,0.016974972796518,0.012807592167989,300.99640263529
Kings,2020-09-19T00:00:00.000,165,67136,12173,1236537,1236537,67136,2020-09-19,165,12173,0.0135545880226731,0.0133088940712994,213.710673111802
Kings,2020-09-20T00:00:00.000,91,67227,7210,1243747,1243747,67227,2020-09-20,91,7210,0.012621359223301,0.0138578876249839,118.637717136756
Kings,2020-09-21T00:00:00.000,164,67391,11982,1255729,1255729,67391,2020-09-21,164,11982,0.013687197462861,0.0144559419079738,215.132836103978
Kings,2020-09-22T00:00:00.000,119,67510,7472,1263201,1263201,67510,2020-09-22,119,7472,0.0159261241970021,0.0151041233600369,157.013718326251
Kings,2020-09-23T00:00:00.000,207,67717,11102,1274303,1274303,67717,2020-09-23,207,11102,0.0186452891370924,0.0158031713755807,275.191633913845
Kings,2020-09-24T00:00:00.000,175,67892,10044,1284347,1284347,67892,2020-09-24,175,10044,0.0174233373158104,0.016553491403999,234.56102302284
Kings,2020-09-25T00:00:00.000,203,68095,12389,1296736,1296736,68095,2020-09-25,203,12389,0.016385503269029,0.0173551734758117,274.332811313002
Kings,2020-09-26T00:00:00.000,184,68279,9241,1305977,1305977,68279,2020-09-26,184,9241,0.0199112650146088,0.0182080449886933,250.708239811246
Kings,2020-09-27T00:00:00.000,183,68462,6981,1312958,1312958,68462,2020-09-27,183,6981,0.0262140094542329,0.0191117671255465,253.866158903523
Kings,2020-09-28T00:00:00.000,196,68658,11496,1324454,1324454,68658,2020-09-28,196,11496,0.0170494084899095,0.0200659844934907,279.602116558409
Kings,2020-09-29T00:00:00.000,186,68844,10547,1335001,1335001,68844,2020-09-29,186,10547,0.017635346544041,0.0210705374050252,272.520501895091
Kings,2020-09-30T00:00:00.000,218,69062,11390,1346391,1346391,69062,2020-09-30,218,11390,0.0191395961369622,0.0221257459546763,327.591498183611
Lewis,2020-04-01T00:00:00.000,0,2,5,72,72,2,2020-04-01,2,72,0.0277777777777778,0.0521599429100157,2.04620232230188
Lewis,2020-04-02T00:00:00.000,0,2,5,77,77,2,2020-04-02,0,5,0,0.0468827284491045,0
Lewis,2020-04-03T00:00:00.000,0,2,5,82,82,2,2020-04-03,0,5,0,0.0421284496396822,0
Lewis,2020-04-04T00:00:00.000,1,3,19,101,101,3,2020-04-04,1,19,0.0526315789473684,0.037866814302221,1.00721196281605
Lewis,2020-04-05T00:00:00.000,3,6,11,112,112,6,2020-04-05,3,11,0.272727272727273,0.034070109979957,3.01954822923512
Lewis,2020-04-06T00:00:00.000,0,6,11,123,123,6,2020-04-06,0,11,0,0.0307106196422936,0
Lewis,2020-04-07T00:00:00.000,0,6,6,129,129,6,2020-04-07,0,6,0,0.0277595132573125,0
Lewis,2020-04-08T00:00:00.000,0,6,8,137,137,6,2020-04-08,0,8,0,0.0251867375458851,0
Lewis,2020-04-09T00:00:00.000,0,6,23,160,160,6,2020-04-09,0,23,0,0.0229614984413623,0
Lewis,2020-04-10T00:00:00.000,0,6,0,160,160,6,2020-04-10,0,0,0,0.0210530172433865,0
Lewis,2020-04-11T00:00:00.000,0,6,6,166,166,6,2020-04-11,0,6,0,0.0194313323022116,0
Lewis,2020-04-12T00:00:00.000,0,6,3,169,169,6,2020-04-12,0,3,0,0.0180680011454134,0
Lewis,2020-04-13T00:00:00.000,1,7,11,180,180,7,2020-04-13,1,11,0.0909090909090909,0.0169366260549881,0.977250135039716
Lewis,2020-04-14T00:00:00.000,0,7,0,180,180,7,2020-04-14,0,0,0.116883116883117,0.0160131757543648,0
Lewis,2020-04-15T00:00:00.000,1,8,7,187,187,8,2020-04-15,1,7,0.142857142857143,0.0152761073786949,0.98228680923277
Lewis,2020-04-16T00:00:00.000,0,8,2,189,189,8,2020-04-16,0,2,0,0.0147063098804946,0
Lewis,2020-04-17T00:00:00.000,0,8,0,189,189,8,2020-04-17,0,0,0,0.0142868958937563,0
Lewis,2020-04-18T00:00:00.000,0,8,14,203,203,8,2020-04-18,0,14,0,0.014002868924218,0
Lewis,2020-04-19T00:00:00.000,1,9,7,210,210,9,2020-04-19,1,7,0.142857142857143,0.0138406894101169,1.0008412142684
Lewis,2020-04-20T00:00:00.000,0,9,1,211,211,9,2020-04-20,0,1,0,0.0137877604876967,0
Lewis,2020-04-21T00:00:00.000,0,9,1,212,212,9,2020-04-21,0,1,0,0.0138318536900325,0
Lewis,2020-04-22T00:00:00.000,0,9,8,220,220,9,2020-04-22,0,8,0,0.0139604982851468,0
Lewis,2020-04-23T00:00:00.000,0,9,3,223,223,9,2020-04-23,0,3,0,0.01416036572821,0
Lewis,2020-04-24T00:00:00.000,0,9,41,264,264,9,2020-04-24,0,41,0,0.0144166926708937,0
Lewis,2020-04-25T00:00:00.000,0,9,12,276,276,9,2020-04-25,0,12,0,0.0147128003099849,0
Lewis,2020-04-26T00:00:00.000,0,9,14,290,290,9,2020-04-26,0,14,0,0.0150297815904832,0
Lewis,2020-04-27T00:00:00.000,0,9,6,296,296,9,2020-04-27,0,6,0,0.0153464363258175,0
Lewis,2020-04-28T00:00:00.000,0,9,4,300,300,9,2020-04-28,0,4,0,0.0156395322077454,0
Lewis,2020-04-29T00:00:00.000,0,9,14,314,314,9,2020-04-29,0,14,0,0.0158844513957228,0
Lewis,2020-04-30T00:00:00.000,0,9,4,318,318,9,2020-04-30,0,4,0,0.0160562447782078,0
Lewis,2020-05-01T00:00:00.000,0,9,12,330,330,9,2020-05-01,0,12,0,0.0161310591490837,0
Lewis,2020-05-02T00:00:00.000,0,9,1,331,331,9,2020-05-02,0,1,0,0.0160878328335873,0
Lewis,2020-05-03T00:00:00.000,0,9,9,340,340,9,2020-05-03,0,9,0,0.0159100846423503,0
Lewis,2020-05-04T00:00:00.000,0,9,6,346,346,9,2020-05-04,0,6,0,0.0155875661693489,0
Lewis,2020-05-05T00:00:00.000,0,9,4,350,350,9,2020-05-05,0,4,0,0.0151175255641492,0
Lewis,2020-05-06T00:00:00.000,1,10,25,375,375,10,2020-05-06,1,25,0.04,0.0145053551215615,1.12025912733017
Lewis,2020-05-07T00:00:00.000,0,10,20,395,395,10,2020-05-07,0,20,0,0.0137644684871914,0
Lewis,2020-05-08T00:00:00.000,1,11,85,480,480,11,2020-05-08,1,85,0.0117647058823529,0.012915366445646,1.12080720357935
Lewis,2020-05-09T00:00:00.000,0,11,95,575,575,11,2020-05-09,0,95,0,0.0119839816449806,0
Lewis,2020-05-10T00:00:00.000,0,11,65,640,640,11,2020-05-10,0,65,0,0.010999513101748,0
Lewis,2020-05-11T00:00:00.000,0,11,16,656,656,11,2020-05-11,0,16,0,0.00999204270384553,0
Lewis,2020-05-12T00:00:00.000,0,11,10,666,666,11,2020-05-12,0,10,0,0.00899024963552131,0
Lewis,2020-05-13T00:00:00.000,1,12,31,697,697,12,2020-05-13,1,31,0.032258064516129,0.00801950061000463,1.09801256704487
Lewis,2020-05-14T00:00:00.000,0,12,236,933,933,12,2020-05-14,0,236,0,0.00710050715975455,0
Lewis,2020-05-15T00:00:00.000,1,13,108,1041,1041,13,2020-05-15,1,108,0.00925925925925926,0.00624862949636625,1.08274514736471
Lewis,2020-05-16T00:00:00.000,3,16,62,1103,1103,16,2020-05-16,3,62,0.0483870967741935,0.00547379757686708,3.22278603293051
Lewis,2020-05-17T00:00:00.000,1,17,123,1226,1226,17,2020-05-17,1,123,0.00813008130081301,0.00478093617223808,1.06675477768978
Lewis,2020-05-18T00:00:00.000,1,18,27,1253,1253,18,2020-05-18,1,27,0.037037037037037,0.00417073439914613,1.06244458438206
Lewis,2020-05-19T00:00:00.000,0,18,34,1287,1287,18,2020-05-19,0,34,0,0.00364059176263668,0
Lewis,2020-05-20T00:00:00.000,0,18,176,1463,1463,18,2020-05-20,0,176,0,0.00318559405778736,0
Lewis,2020-05-21T00:00:00.000,1,19,101,1564,1564,19,2020-05-21,1,101,0.0099009900990099,0.00279941095004905,1.04671467576683
Lewis,2020-05-22T00:00:00.000,0,19,62,1626,1626,19,2020-05-22,0,62,0,0.00247505019648628,0
Lewis,2020-05-23T00:00:00.000,0,19,77,1703,1703,19,2020-05-23,0,77,0,0.00220544214718744,0
Lewis,2020-05-24T00:00:00.000,0,19,43,1746,1746,19,2020-05-24,0,43,0,0.00198385725716635,0
Lewis,2020-05-25T00:00:00.000,1,20,25,1771,1771,20,2020-05-25,1,25,0.04,0.00180417756475642,1.02931426905012
Lewis,2020-05-26T00:00:00.000,0,20,22,1793,1793,20,2020-05-26,0,22,0,0.00166105175828725,0
Lewis,2020-05-27T00:00:00.000,0,20,34,1827,1827,20,2020-05-27,0,34,0,0.00154996496781932,0
Lewis,2020-05-28T00:00:00.000,0,20,148,1975,1975,20,2020-05-28,0,148,0,0.0014672515188489,0
Lewis,2020-05-29T00:00:00.000,0,20,77,2052,2052,20,2020-05-29,0,77,0,0.00141007373925075,0
Lewis,2020-05-30T00:00:00.000,0,20,51,2103,2103,20,2020-05-30,0,51,0,0.00137638413893039,0
Lewis,2020-05-31T00:00:00.000,0,20,64,2167,2167,20,2020-05-31,0,64,0,0.00136488275484574,0
Lewis,2020-06-01T00:00:00.000,0,20,70,2237,2237,20,2020-06-01,0,70,0,0.00137497656284127,0
Lewis,2020-06-02T00:00:00.000,0,20,93,2330,2330,20,2020-06-02,0,93,0,0.00140674364584846,0
Lewis,2020-06-03T00:00:00.000,0,20,72,2402,2402,20,2020-06-03,0,72,0,0.00146090107747306,0
Lewis,2020-06-04T00:00:00.000,0,20,178,2580,2580,20,2020-06-04,0,178,0,0.00153877201350643,0
Lewis,2020-06-05T00:00:00.000,0,20,109,2689,2689,20,2020-06-05,0,109,0,0.00164224408354965,0
Lewis,2020-06-06T00:00:00.000,0,20,59,2748,2748,20,2020-06-06,0,59,0,0.00177370775607512,0
Lewis,2020-06-07T00:00:00.000,0,20,115,2863,2863,20,2020-06-07,0,115,0,0.00193596013346482,0
Lewis,2020-06-08T00:00:00.000,0,20,29,2892,2892,20,2020-06-08,0,29,0,0.00213205709295448,0
Lewis,2020-06-09T00:00:00.000,0,20,64,2956,2956,20,2020-06-09,0,64,0,0.00236509576982029,0
Lewis,2020-06-10T00:00:00.000,0,20,138,3094,3094,20,2020-06-10,0,138,0,0.002637911402639,0
Lewis,2020-06-11T00:00:00.000,0,20,126,3220,3220,20,2020-06-11,0,126,0,0.00295267910062482,0
Lewis,2020-06-12T00:00:00.000,0,20,71,3291,3291,20,2020-06-12,0,71,0,0.00331042359589297,0
Lewis,2020-06-13T00:00:00.000,0,20,64,3355,3355,20,2020-06-13,0,64,0,0.00371045920005874,0
Lewis,2020-06-14T00:00:00.000,0,20,70,3425,3425,20,2020-06-14,0,70,0,0.0041498070599208,0
Lewis,2020-06-15T00:00:00.000,0,20,21,3446,3446,20,2020-06-15,0,21,0,0.00462266404193458,0
Lewis,2020-06-16T00:00:00.000,1,21,32,3478,3478,21,2020-06-16,1,32,0.03125,0.00512002111493986,1.2548718165258
Lewis,2020-06-17T00:00:00.000,0,21,109,3587,3587,21,2020-06-17,0,109,0,0.00562954060070534,0
Lewis,2020-06-18T00:00:00.000,0,21,94,3681,3681,21,2020-06-18,0,94,0,0.00613579267093371,0
Lewis,2020-06-19T00:00:00.000,1,22,74,3755,3755,22,2020-06-19,1,74,0.0135135135135135,0.00662091601547556,1.28302685448104
Lewis,2020-06-20T00:00:00.000,1,23,61,3816,3816,23,2020-06-20,1,61,0.0163934426229508,0.00706570612498761,1.28131815125781
Lewis,2020-06-21T00:00:00.000,0,23,76,3892,3892,23,2020-06-21,0,76,0,0.00745105550159296,0
Lewis,2020-06-22T00:00:00.000,1,24,18,3910,3910,24,2020-06-22,1,18,0.0555555555555556,0.00775958999446762,1.26981466509996
Lewis,2020-06-23T00:00:00.000,0,24,32,3942,3942,24,2020-06-23,0,32,0,0.00797728515653273,0
Lewis,2020-06-24T00:00:00.000,1,25,89,4031,4031,25,2020-06-24,1,89,0.0112359550561798,0.00809482486043501,1.24856975491262
Lewis,2020-06-25T00:00:00.000,1,26,91,4122,4122,26,2020-06-25,1,91,0.010989010989011,0.00810849178233908,1.23484070299581
Lewis,2020-06-26T00:00:00.000,0,26,56,4178,4178,26,2020-06-26,0,56,0,0.0080204526390856,0
Lewis,2020-06-27T00:00:00.000,3,29,89,4267,4267,29,2020-06-27,3,89,0.0337078651685393,0.00783840443872229,3.62198267409361
Lewis,2020-06-28T00:00:00.000,1,30,61,4328,4328,30,2020-06-28,1,61,0.0163934426229508,0.00757465659342114,1.19684455795816
Lewis,2020-06-29T00:00:00.000,0,30,13,4341,4341,30,2020-06-29,0,13,0,0.00724481214595001,0
Lewis,2020-06-30T00:00:00.000,0,30,25,4366,4366,30,2020-06-30,0,25,0,0.00686626074155527,0
Lewis,2020-07-01T00:00:00.000,0,30,38,4404,4404,30,2020-07-01,0,38,0,0.0064566994252976,0
Lewis,2020-07-02T00:00:00.000,0,30,85,4489,4489,30,2020-07-02,0,85,0,0.00603286032580673,0
Lewis,2020-07-03T00:00:00.000,1,31,64,4553,4553,31,2020-07-03,1,64,0.015625,0.00560956152535486,1.14226547529004
Lewis,2020-07-04T00:00:00.000,0,31,42,4595,4595,31,2020-07-04,0,42,0,0.00519912689409177,0
Lewis,2020-07-05T00:00:00.000,0,31,17,4612,4612,31,2020-07-05,0,17,0,0.00481115839507055,0
Lewis,2020-07-06T00:00:00.000,0,31,41,4653,4653,31,2020-07-06,0,41,0,0.00445260055741586,0
Lewis,2020-07-07T00:00:00.000,0,31,77,4730,4730,31,2020-07-07,0,77,0,0.00412801468928344,0
Lewis,2020-07-08T00:00:00.000,0,31,56,4786,4786,31,2020-07-08,0,56,0,0.00383997765839866,0
Lewis,2020-07-09T00:00:00.000,0,31,33,4819,4819,31,2020-07-09,0,33,0,0.00358953102567088,0
Lewis,2020-07-10T00:00:00.000,0,31,51,4870,4870,31,2020-07-10,0,51,0,0.00337662444599635,0
Lewis,2020-07-11T00:00:00.000,0,31,42,4912,4912,31,2020-07-11,0,42,0,0.00320051693224971,0
Lewis,2020-07-12T00:00:00.000,0,31,103,5015,5015,31,2020-07-12,0,103,0,0.00306011704641617,0
Lewis,2020-07-13T00:00:00.000,1,32,23,5038,5038,32,2020-07-13,1,23,0.0434782608695652,0.00295425637707332,1.054678534533
Lewis,2020-07-14T00:00:00.000,0,32,72,5110,5110,32,2020-07-14,0,72,0,0.00288189933947692,0
Lewis,2020-07-15T00:00:00.000,0,32,46,5156,5156,32,2020-07-15,0,46,0,0.00284229688842693,0
Lewis,2020-07-16T00:00:00.000,0,32,78,5234,5234,32,2020-07-16,0,78,0,0.00283509304428839,0
Lewis,2020-07-17T00:00:00.000,0,32,68,5302,5302,32,2020-07-17,0,68,0,0.00286039217394788,0
Lewis,2020-07-18T00:00:00.000,1,33,46,5348,5348,33,2020-07-18,1,46,0.0217391304347826,0.00291879255451381,1.04249622723118
Lewis,2020-07-19T00:00:00.000,0,33,32,5380,5380,33,2020-07-19,0,32,0,0.00301138851642385,0
Lewis,2020-07-20T00:00:00.000,0,33,76,5456,5456,33,2020-07-20,0,76,0,0.00313973989904209,0
Lewis,2020-07-21T00:00:00.000,0,33,80,5536,5536,33,2020-07-21,0,80,0,0.00330580402778579,0
Lewis,2020-07-22T00:00:00.000,1,34,173,5709,5709,34,2020-07-22,1,173,0.00578034682080925,0.00351182237030194,1.07480350100163
Lewis,2020-07-23T00:00:00.000,0,34,65,5774,5774,34,2020-07-23,0,65,0,0.00376015195442321,0
Lewis,2020-07-24T00:00:00.000,0,34,99,5873,5873,34,2020-07-24,0,99,0,0.00405303122711545,0
Lewis,2020-07-25T00:00:00.000,0,34,119,5992,5992,34,2020-07-25,0,119,0,0.00439227212705843,0
Lewis,2020-07-26T00:00:00.000,0,34,94,6086,6086,34,2020-07-26,0,94,0,0.00477887569991983,0
Lewis,2020-07-27T00:00:00.000,0,34,35,6121,6121,34,2020-07-27,0,35,0,0.00521257823966557,0
Lewis,2020-07-28T00:00:00.000,0,34,55,6176,6176,34,2020-07-28,0,55,0,0.00569134904722359,0
Lewis,2020-07-29T00:00:00.000,0,34,128,6304,6304,34,2020-07-29,0,128,0,0.00621087857588714,0
Lewis,2020-07-30T00:00:00.000,0,34,49,6353,6353,34,2020-07-30,0,49,0,0.00676411491066894,0
Lewis,2020-07-31T00:00:00.000,0,34,65,6418,6418,34,2020-07-31,0,65,0,0.00734092347565151,0
Lewis,2020-08-01T00:00:00.000,1,35,55,6473,6473,35,2020-08-01,1,55,0.0181818181818182,0.00792795449563965,1.16771761869113
Lewis,2020-08-02T00:00:00.000,0,35,16,6489,6489,35,2020-08-02,0,16,0,0.00850879964536294,0
Lewis,2020-08-03T00:00:00.000,2,37,70,6559,6559,37,2020-08-03,2,70,0.0285714285714286,0.00906449916269498,2.38767003432073
Lewis,2020-08-04T00:00:00.000,0,37,34,6593,6593,37,2020-08-04,0,34,0,0.00957442200105687,0
Lewis,2020-08-05T00:00:00.000,2,39,100,6693,6693,39,2020-08-05,2,100,0.02,0.0100174876179737,2.47908634088615
Lewis,2020-08-06T00:00:00.000,0,39,18,6711,6711,39,2020-08-06,0,18,0,0.0103736367599238,0
Lewis,2020-08-07T00:00:00.000,2,41,38,6749,6749,41,2020-08-07,2,38,0.0526315789473684,0.0106254024034922,2.55117850270587
Lewis,2020-08-08T00:00:00.000,0,41,56,6805,6805,41,2020-08-08,0,56,0,0.0107593943579275,0
Lewis,2020-08-09T00:00:00.000,0,41,16,6821,6821,41,2020-08-09,0,16,0,0.0107675030205261,0
Lewis,2020-08-10T00:00:00.000,4,45,111,6932,6932,45,2020-08-10,4,111,0.036036036036036,0.0106476547667282,5.17924909962249
Lewis,2020-08-11T00:00:00.000,1,46,61,6993,6993,46,2020-08-11,1,61,0.0163934426229508,0.0104040104825307,1.28965695565576
Lewis,2020-08-12T00:00:00.000,1,47,48,7041,7041,47,2020-08-12,1,48,0.0208333333333333,0.010046579110292,1.28134717353589
Lewis,2020-08-13T00:00:00.000,0,47,36,7077,7077,47,2020-08-13,0,36,0,0.0095903037065512,0
Lewis,2020-08-14T00:00:00.000,0,47,106,7183,7183,47,2020-08-14,0,106,0,0.00905375089371724,0
Lewis,2020-08-15T00:00:00.000,0,47,82,7265,7265,47,2020-08-15,0,82,0,0.00845758199522174,0
Lewis,2020-08-16T00:00:00.000,0,47,14,7279,7279,47,2020-08-16,0,14,0,0.00782299796196566,0
Lewis,2020-08-17T00:00:00.000,0,47,45,7324,7324,47,2020-08-17,0,45,0,0.00717033138792972,0
Lewis,2020-08-18T00:00:00.000,0,47,79,7403,7403,47,2020-08-18,0,79,0,0.00651791498964674,0
Lewis,2020-08-19T00:00:00.000,0,47,71,7474,7474,47,2020-08-19,0,71,0,0.00588129889660757,0
Lewis,2020-08-20T00:00:00.000,0,47,76,7550,7550,47,2020-08-20,0,76,0,0.00527283151760297,0
Lewis,2020-08-21T00:00:00.000,0,47,103,7653,7653,47,2020-08-21,0,103,0,0.00470157091727451,0
Lewis,2020-08-22T00:00:00.000,0,47,81,7734,7734,47,2020-08-22,0,81,0,0.00417346145535155,0
Lewis,2020-08-23T00:00:00.000,0,47,23,7757,7757,47,2020-08-23,0,23,0,0.00369169556885084,0
Lewis,2020-08-24T00:00:00.000,0,47,40,7797,7797,47,2020-08-24,0,40,0,0.00325718060537685,0
Lewis,2020-08-25T00:00:00.000,1,48,85,7882,7882,48,2020-08-25,1,85,0.0117647058823529,0.00286904138187782,1.05673688872296
Lewis,2020-08-26T00:00:00.000,0,48,77,7959,7959,48,2020-08-26,0,77,0,0.00252510561452795,0
Lewis,2020-08-27T00:00:00.000,0,48,75,8034,8034,48,2020-08-27,0,75,0,0.00222233726949941,0
Lewis,2020-08-28T00:00:00.000,0,48,85,8119,8119,48,2020-08-28,0,85,0,0.00195719915298141,0
Lewis,2020-08-29T00:00:00.000,1,49,109,8228,8228,49,2020-08-29,1,109,0.00917431192660551,0.00172593898441421,0.990208512001525
Lewis,2020-08-30T00:00:00.000,0,49,37,8265,8265,49,2020-08-30,0,37,0,0.00152480222836294,0
Lewis,2020-08-31T00:00:00.000,0,49,66,8331,8331,49,2020-08-31,0,66,0,0.0013501804109803,0
Lewis,2020-09-01T00:00:00.000,0,49,68,8399,8399,49,2020-09-01,0,68,0,0.00119870614448769,0
Lewis,2020-09-02T00:00:00.000,0,49,74,8473,8473,49,2020-09-02,0,74,0,0.00106730652425688,0
Lewis,2020-09-03T00:00:00.000,0,49,29,8502,8502,49,2020-09-03,0,29,0,0.000953225682357084,0
Lewis,2020-09-04T00:00:00.000,0,49,42,8544,8544,49,2020-09-04,0,42,0,0.00085402571880961,0
Lewis,2020-09-05T00:00:00.000,0,49,31,8575,8575,49,2020-09-05,0,31,0,0.000767573437917939,0
Lewis,2020-09-06T00:00:00.000,0,49,110,8685,8685,49,2020-09-06,0,110,0,0.000692018574472413,0
Lewis,2020-09-07T00:00:00.000,0,49,107,8792,8792,49,2020-09-07,0,107,0,0.000625767649014943,0
Lewis,2020-09-08T00:00:00.000,1,50,35,8827,8827,50,2020-09-08,1,35,0.0285714285714286,0.000567456325259746,0.905972215814204
Lewis,2020-09-09T00:00:00.000,0,50,26,8853,8853,50,2020-09-09,0,26,0,0.000515922149113051,0
Lewis,2020-09-10T00:00:00.000,0,50,57,8910,8910,50,2020-09-10,0,57,0,0.000470178802993981,0
Lewis,2020-09-11T00:00:00.000,0,50,95,9005,9005,50,2020-09-11,0,95,0,0.000429392482957718,0
Lewis,2020-09-12T00:00:00.000,0,50,54,9059,9059,50,2020-09-12,0,54,0,0.000392860642734,0
Lewis,2020-09-13T00:00:00.000,0,50,59,9118,9118,50,2020-09-13,0,59,0,0.000359993117249543,0
Lewis,2020-09-14T00:00:00.000,0,50,102,9220,9220,50,2020-09-14,0,102,0,0.000330295502805992,0
Lewis,2020-09-15T00:00:00.000,0,50,49,9269,9269,50,2020-09-15,0,49,0,0.000303354602443479,0
Lewis,2020-09-16T00:00:00.000,0,50,57,9326,9326,50,2020-09-16,0,57,0,0.000278825719466856,0
Lewis,2020-09-17T00:00:00.000,0,50,67,9393,9393,50,2020-09-17,0,67,0,0.000256421590059376,0
Lewis,2020-09-18T00:00:00.000,0,50,43,9436,9436,50,2020-09-18,0,43,0,0.000235902763905674,0
Lewis,2020-09-19T00:00:00.000,0,50,127,9563,9563,50,2020-09-19,0,127,0,0.000217069269278274,0
Lewis,2020-09-20T00:00:00.000,0,50,70,9633,9633,50,2020-09-20,0,70,0,0.000199753426950163,0
Lewis,2020-09-21T00:00:00.000,0,50,24,9657,9657,50,2020-09-21,0,24,0,0.000183813699164059,0
Lewis,2020-09-22T00:00:00.000,0,50,105,9762,9762,50,2020-09-22,0,105,0,0.00016912947715811,0
Lewis,2020-09-23T00:00:00.000,0,50,50,9812,9812,50,2020-09-23,0,50,0,0.000155596723214322,0
Lewis,2020-09-24T00:00:00.000,0,50,70,9882,9882,50,2020-09-24,0,70,0,0.000143124386352143,0
Lewis,2020-09-25T00:00:00.000,0,50,107,9989,9989,50,2020-09-25,0,107,0,0.000131631514313054,0
Lewis,2020-09-26T00:00:00.000,0,50,110,10099,10099,50,2020-09-26,0,110,0,0.000121044982240864,0
Lewis,2020-09-27T00:00:00.000,0,50,66,10165,10165,50,2020-09-27,0,66,0,0.00011129775793071,0
Lewis,2020-09-28T00:00:00.000,0,50,49,10214,10214,50,2020-09-28,0,49,0,0.000102327622366896,0
Lewis,2020-09-29T00:00:00.000,0,50,68,10282,10282,50,2020-09-29,0,68,0,9.40762664281625e-05,0
Lewis,2020-09-30T00:00:00.000,0,50,39,10321,10321,50,2020-09-30,0,39,0,8.64886872697063e-05,0
Livingston,2020-04-01T00:00:00.000,0,14,17,164,164,14,2020-04-01,14,164,0.0853658536585366,0.0918872450959515,15.1578786396592
Livingston,2020-04-02T00:00:00.000,2,16,12,176,176,16,2020-04-02,2,12,0.166666666666667,0.0900962345182416,2.15955008558957
Livingston,2020-04-03T00:00:00.000,2,18,18,194,194,18,2020-04-03,2,18,0.111111111111111,0.088340431432075,2.17084755810943
Livingston,2020-04-04T00:00:00.000,1,19,27,221,221,19,2020-04-04,1,27,0.037037037037037,0.086624834029727,1.09410559741585
Livingston,2020-04-05T00:00:00.000,3,22,14,235,235,22,2020-04-05,3,14,0.214285714285714,0.0849558603224821,3.30844524449488
Livingston,2020-04-06T00:00:00.000,1,23,18,253,253,23,2020-04-06,1,18,0.0555555555555556,0.0833405622914587,1.11105415351434
Livingston,2020-04-07T00:00:00.000,2,25,23,276,276,25,2020-04-07,2,23,0.0869565217391304,0.0817859375211843,2.23040405524272
Livingston,2020-04-08T00:00:00.000,1,26,17,293,293,26,2020-04-08,1,17,0.0588235294117647,0.0802983380960023,1.11857950060067
Livingston,2020-04-09T00:00:00.000,3,29,26,319,319,29,2020-04-09,3,26,0.115384615384615,0.0788829739725964,3.36453271664659
Livingston,2020-04-10T00:00:00.000,1,30,7,326,326,30,2020-04-10,1,7,0.142857142857143,0.0775435053223939,1.12413427605168
Livingston,2020-04-11T00:00:00.000,0,30,6,332,332,30,2020-04-11,0,6,0,0.0762817165428803,0
Livingston,2020-04-12T00:00:00.000,0,30,5,337,337,30,2020-04-12,0,5,0,0.0750972636389435,0
Livingston,2020-04-13T00:00:00.000,1,31,20,357,357,31,2020-04-13,1,20,0.05,0.0739874869467722,1.13250173720032
Livingston,2020-04-14T00:00:00.000,0,31,8,365,365,31,2020-04-14,0,8,0,0.0729472826804392,0
Livingston,2020-04-15T00:00:00.000,1,32,8,373,373,32,2020-04-15,1,8,0.125,0.071969029192347,1.14696880522357
Livingston,2020-04-16T00:00:00.000,2,34,18,391,391,34,2020-04-16,2,18,0.111111111111111,0.0710425673082011,2.30840086568922
Livingston,2020-04-17T00:00:00.000,3,37,20,411,411,37,2020-04-17,3,20,0.15,0.0701552377088992,3.48384275337624
Livingston,2020-04-18T00:00:00.000,2,39,30,441,441,39,2020-04-18,2,30,0.0666666666666667,0.0692919823177347,2.33613475303051
Livingston,2020-04-19T00:00:00.000,0,39,7,448,448,39,2020-04-19,0,7,0,0.0684355198149567,0
Livingston,2020-04-20T00:00:00.000,0,39,21,469,469,39,2020-04-20,0,21,0,0.0675666078764376,0
Livingston,2020-04-21T00:00:00.000,0,39,15,484,484,39,2020-04-21,0,15,0,0.066664405353923,0
Livingston,2020-04-22T00:00:00.000,2,41,22,506,506,41,2020-04-22,2,22,0.0909090909090909,0.0657069463187044,2.37852551447074
Livingston,2020-04-23T00:00:00.000,3,44,54,560,560,44,2020-04-23,3,54,0.0555555555555556,0.0646717338708798,3.59523865210375
Livingston,2020-04-24T00:00:00.000,14,58,295,855,855,58,2020-04-24,14,295,0.0474576271186441,0.0635364548427236,16.9015722868797
Livingston,2020-04-25T00:00:00.000,2,60,61,916,916,60,2020-04-25,2,61,0.0327868852459016,0.0622798067968697,2.43134537868469
Livingston,2020-04-26T00:00:00.000,2,62,15,931,931,62,2020-04-26,2,15,0.133333333333333,0.0608824164869018,2.44709670955945
Livingston,2020-04-27T00:00:00.000,3,65,24,955,955,65,2020-04-27,3,24,0.125,0.0593278149693675,3.68825560504167
Livingston,2020-04-28T00:00:00.000,2,67,36,991,991,67,2020-04-28,2,36,0.0555555555555556,0.0576034201602622,2.46654169732446
Livingston,2020-04-29T00:00:00.000,2,69,34,1025,1025,69,2020-04-29,2,34,0.0588235294117647,0.0557014644250508,2.47264137124926
Livingston,2020-04-30T00:00:00.000,4,73,43,1068,1068,73,2020-04-30,4,43,0.0930232558139535,0.053619795136208,4.95395945677461
Livingston,2020-05-01T00:00:00.000,3,76,44,1112,1112,76,2020-05-01,3,44,0.0681818181818182,0.0513624719485195,3.71911867141451
Livingston,2020-05-02T00:00:00.000,7,83,52,1164,1164,83,2020-05-02,7,52,0.134615384615385,0.0489400880813797,8.67934255206374
Livingston,2020-05-03T00:00:00.000,2,85,26,1190,1190,85,2020-05-03,2,26,0.0769230769230769,0.0463697554065296,2.47807357301908
Livingston,2020-05-04T00:00:00.000,1,86,52,1242,1242,86,2020-05-04,1,52,0.0192307692307692,0.0436747150375881,1.23725133725719
Livingston,2020-05-05T00:00:00.000,3,89,52,1294,1294,89,2020-05-05,3,52,0.0576923076923077,0.040883565194277,3.70910059585278
Livingston,2020-05-06T00:00:00.000,6,95,100,1394,1394,95,2020-05-06,6,100,0.06,0.0380291337798136,7.40165005607541
Livingston,2020-05-07T00:00:00.000,5,100,56,1450,1450,100,2020-05-07,5,56,0.0892857142857143,0.0351470600859307,6.15119034532996
Livingston,2020-05-08T00:00:00.000,1,101,49,1499,1499,101,2020-05-08,1,49,0.0204081632653061,0.0322741831400632,1.2283037172818
Livingston,2020-05-09T00:00:00.000,1,102,58,1557,1557,102,2020-05-09,1,58,0.0172413793103448,0.0294468582191208,1.22497305893004
Livingston,2020-05-10T00:00:00.000,0,102,46,1603,1603,102,2020-05-10,0,46,0,0.026699333539795,0
Livingston,2020-05-11T00:00:00.000,0,102,180,1783,1783,102,2020-05-11,0,180,0,0.0240623137178081,0
Livingston,2020-05-12T00:00:00.000,1,103,197,1980,1980,103,2020-05-12,1,197,0.0050761421319797,0.0215618156970252,1.19991835405526
Livingston,2020-05-13T00:00:00.000,3,106,113,2093,2093,106,2020-05-13,3,113,0.0265486725663717,0.0192183893174182,3.59488938530487
Livingston,2020-05-14T00:00:00.000,0,106,76,2169,2169,106,2020-05-14,0,76,0,0.0170467340756562,0
Livingston,2020-05-15T00:00:00.000,1,107,75,2244,2244,107,2020-05-15,1,75,0.0133333333333333,0.0150557020421042,1.18227326708234
Livingston,2020-05-16T00:00:00.000,3,110,77,2321,2321,110,2020-05-16,3,77,0.038961038961039,0.0132486406665005,3.52062470045926
Livingston,2020-05-17T00:00:00.000,0,110,50,2371,2371,110,2020-05-17,0,50,0,0.0116240027866092,0
Livingston,2020-05-18T00:00:00.000,1,111,67,2438,2438,111,2020-05-18,1,67,0.0149253731343284,0.0101761370798087,1.16156449474184
Livingston,2020-05-19T00:00:00.000,0,111,95,2533,2533,111,2020-05-19,0,95,0,0.00889617037182572,0
Livingston,2020-05-20T00:00:00.000,3,114,105,2638,2638,114,2020-05-20,3,105,0.0285714285714286,0.0077729016750371,3.44680415375434
Livingston,2020-05-21T00:00:00.000,0,114,75,2713,2713,114,2020-05-21,0,75,0,0.00679364335781211,0
Livingston,2020-05-22T00:00:00.000,0,114,84,2797,2797,114,2020-05-22,0,84,0,0.00594496379507249,0
Livingston,2020-05-23T00:00:00.000,0,114,65,2862,2862,114,2020-05-23,0,65,0,0.00521330502819735,0
Livingston,2020-05-24T00:00:00.000,1,115,196,3058,3058,115,2020-05-24,1,196,0.00510204081632653,0.00458546591597462,1.12374088630799
Livingston,2020-05-25T00:00:00.000,3,118,74,3132,3132,118,2020-05-25,3,74,0.0405405405405405,0.00404895456717088,3.34792415349694
Livingston,2020-05-26T00:00:00.000,0,118,69,3201,3201,118,2020-05-26,0,69,0,0.00359222303408145,0
Livingston,2020-05-27T00:00:00.000,0,118,129,3330,3330,118,2020-05-27,0,129,0,0.0032048024984419,0
Livingston,2020-05-28T00:00:00.000,0,118,122,3452,3452,118,2020-05-28,0,122,0,0.00287735918680007,0
Livingston,2020-05-29T00:00:00.000,0,118,107,3559,3559,118,2020-05-29,0,107,0,0.00260169083346136,0
Livingston,2020-05-30T00:00:00.000,1,119,128,3687,3687,119,2020-05-30,1,128,0.0078125,0.00237068154073535,1.10228693814339
Livingston,2020-05-31T00:00:00.000,0,119,136,3823,3823,119,2020-05-31,0,136,0,0.00217823008666601,0
Livingston,2020-06-01T00:00:00.000,0,119,218,4041,4041,119,2020-06-01,0,218,0,0.00201916366527029,0
Livingston,2020-06-02T00:00:00.000,1,120,233,4274,4274,120,2020-06-02,1,233,0.00429184549356223,0.00188914609947604,1.09754634036374
Livingston,2020-06-03T00:00:00.000,0,120,172,4446,4446,120,2020-06-03,0,172,0,0.00178458695547694,0
Livingston,2020-06-04T00:00:00.000,1,121,263,4709,4709,121,2020-06-04,1,263,0.00380228136882129,0.00170255581674973,1.08699488373883
Livingston,2020-06-05T00:00:00.000,0,121,167,4876,4876,121,2020-06-05,0,167,0,0.00164070425921417,0
Livingston,2020-06-06T00:00:00.000,0,121,133,5009,5009,121,2020-06-06,0,133,0,0.00159719676167438,0
Livingston,2020-06-07T00:00:00.000,0,121,177,5186,5186,121,2020-06-07,0,177,0,0.0015706508321516,0
Livingston,2020-06-08T00:00:00.000,0,121,122,5308,5308,121,2020-06-08,0,122,0,0.00156008594595195,0
Livingston,2020-06-09T00:00:00.000,0,121,216,5524,5524,121,2020-06-09,0,216,0,0.00156488040881809,0
Livingston,2020-06-10T00:00:00.000,0,121,162,5686,5686,121,2020-06-10,0,162,0,0.00158473491313661,0
Livingston,2020-06-11T00:00:00.000,0,121,237,5923,5923,121,2020-06-11,0,237,0,0.0016196412950921,0
Livingston,2020-06-12T00:00:00.000,1,122,239,6162,6162,122,2020-06-12,1,239,0.00418410041841004,0.00166985478837208,1.11280013910887
Livingston,2020-06-13T00:00:00.000,1,123,135,6297,6297,123,2020-06-13,1,135,0.00740740740740741,0.00173586788390498,1.11532818599562
Livingston,2020-06-14T00:00:00.000,0,123,171,6468,6468,123,2020-06-14,0,171,0,0.00181838373569352,0
Livingston,2020-06-15T00:00:00.000,0,123,111,6579,6579,123,2020-06-15,0,111,0,0.00191828690522686,0
Livingston,2020-06-16T00:00:00.000,0,123,292,6871,6871,123,2020-06-16,0,292,0,0.0020366091370775,0
Livingston,2020-06-17T00:00:00.000,0,123,171,7042,7042,123,2020-06-17,0,171,0,0.00217448783520235,0
Livingston,2020-06-18T00:00:00.000,0,123,268,7310,7310,123,2020-06-18,0,268,0,0.00233311502129384,0
Livingston,2020-06-19T00:00:00.000,0,123,109,7419,7419,123,2020-06-19,0,109,0,0.00251367484919828,0
Livingston,2020-06-20T00:00:00.000,0,123,95,7514,7514,123,2020-06-20,0,95,0,0.00271726829796563,0
Livingston,2020-06-21T00:00:00.000,1,124,108,7622,7622,124,2020-06-21,1,108,0.00925925925925926,0.0029448245092706,1.16367643235888
Livingston,2020-06-22T00:00:00.000,1,125,134,7756,7756,125,2020-06-22,1,134,0.00746268656716418,0.00319699941527302,1.16206579129728
Livingston,2020-06-23T00:00:00.000,0,125,130,7886,7886,125,2020-06-23,0,130,0,0.00347406381351401,0
Livingston,2020-06-24T00:00:00.000,1,126,105,7991,7991,126,2020-06-24,1,105,0.00952380952380952,0.00377578482498987,1.15689192155466
Livingston,2020-06-25T00:00:00.000,0,126,254,8245,8245,126,2020-06-25,0,254,0,0.00410130661198618,0
Livingston,2020-06-26T00:00:00.000,0,126,122,8367,8367,126,2020-06-26,0,122,0,0.004449038125361,0
Livingston,2020-06-27T00:00:00.000,2,128,86,8453,8453,128,2020-06-27,2,86,0.0232558139534884,0.00481655726581906,2.29988444247263
Livingston,2020-06-28T00:00:00.000,0,128,91,8544,8544,128,2020-06-28,0,91,0,0.00520054186870545,0
Livingston,2020-06-29T00:00:00.000,1,129,165,8709,8709,129,2020-06-29,1,165,0.00606060606060606,0.00559673807696038,1.15354691477778
Livingston,2020-06-30T00:00:00.000,1,130,148,8857,8857,130,2020-06-30,1,148,0.00675675675675676,0.00599997570116131,1.15405392188174
Livingston,2020-07-01T00:00:00.000,0,130,273,9130,9130,130,2020-07-01,0,273,0,0.0064042379450956,0
Livingston,2020-07-02T00:00:00.000,0,130,109,9239,9239,130,2020-07-02,0,109,0,0.00680278940902374,0
Livingston,2020-07-03T00:00:00.000,1,131,175,9414,9414,131,2020-07-03,1,175,0.00571428571428571,0.00718836179054673,1.17094676655744
Livingston,2020-07-04T00:00:00.000,1,132,127,9541,9541,132,2020-07-04,1,127,0.0078740157480315,0.0075533915650734,1.18067824970658
Livingston,2020-07-05T00:00:00.000,1,133,133,9674,9674,133,2020-07-05,1,133,0.0075187969924812,0.00789029869550098,1.18396386702105
Livingston,2020-07-06T00:00:00.000,1,134,113,9787,9787,134,2020-07-06,1,113,0.00884955752212389,0.00819179074168315,1.18639557307724
Livingston,2020-07-07T00:00:00.000,3,137,161,9948,9948,137,2020-07-07,3,161,0.0186335403726708,0.00845117322250387,3.56379677931212
Livingston,2020-07-08T00:00:00.000,3,140,140,10088,10088,140,2020-07-08,3,140,0.0214285714285714,0.00866264525529454,3.56563122373335
Livingston,2020-07-09T00:00:00.000,4,144,126,10214,10214,144,2020-07-09,4,126,0.0317460317460317,0.00882155967828854,4.75284577260492
Livingston,2020-07-10T00:00:00.000,1,145,163,10377,10377,145,2020-07-10,1,163,0.00613496932515337,0.00892462911381871,1.18692880793785
Livingston,2020-07-11T00:00:00.000,2,147,203,10580,10580,147,2020-07-11,2,203,0.00985221674876847,0.00897006353213319,2.36940283454472
Livingston,2020-07-12T00:00:00.000,0,147,119,10699,10699,147,2020-07-12,0,119,0,0.00895763038921417,0
Livingston,2020-07-13T00:00:00.000,4,151,170,10869,10869,151,2020-07-13,4,170,0.0235294117647059,0.00888863469856295,4.70997699651304
Livingston,2020-07-14T00:00:00.000,0,151,144,11013,11013,151,2020-07-14,0,144,0,0.00876582274636742,0
Livingston,2020-07-15T00:00:00.000,2,153,171,11184,11184,153,2020-07-15,2,171,0.0116959064327485,0.00859321889501127,2.33373133601634
Livingston,2020-07-16T00:00:00.000,2,155,189,11373,11373,155,2020-07-16,2,189,0.0105820105820106,0.00837590946184362,2.32079881273739
Livingston,2020-07-17T00:00:00.000,2,157,246,11619,11619,157,2020-07-17,2,246,0.00813008130081301,0.00811979063063075,2.30694763357466
Livingston,2020-07-18T00:00:00.000,1,158,203,11822,11822,158,2020-07-18,1,203,0.00492610837438424,0.00783129857650853,1.15063491240979
Livingston,2020-07-19T00:00:00.000,1,159,111,11933,11933,159,2020-07-19,1,111,0.00900900900900901,0.00751713951349028,1.15030421909825
Livingston,2020-07-20T00:00:00.000,1,160,144,12077,12077,160,2020-07-20,1,144,0.00694444444444444,0.00718403544925136,1.14890461242747
Livingston,2020-07-21T00:00:00.000,1,161,175,12252,12252,161,2020-07-21,1,175,0.00571428571428571,0.00683849841368262,1.14642392636881
Livingston,2020-07-22T00:00:00.000,0,161,263,12515,12515,161,2020-07-22,0,263,0,0.00648664226751475,0
Livingston,2020-07-23T00:00:00.000,0,161,167,12682,12682,161,2020-07-23,0,167,0,0.00613403733154159,0
Livingston,2020-07-24T00:00:00.000,1,162,201,12883,12883,162,2020-07-24,1,201,0.00497512437810945,0.00578560940455203,1.12942941364033
Livingston,2020-07-25T00:00:00.000,0,162,240,13123,13123,162,2020-07-25,0,240,0,0.00544558155827962,0
Livingston,2020-07-26T00:00:00.000,0,162,232,13355,13355,162,2020-07-26,0,232,0,0.00511745462566725,0
Livingston,2020-07-27T00:00:00.000,0,162,162,13517,13517,162,2020-07-27,0,162,0,0.00480402058883934,0
Livingston,2020-07-28T00:00:00.000,1,163,178,13695,13695,163,2020-07-28,1,178,0.00561797752808989,0.00450740215696668,1.0904857012443
Livingston,2020-07-29T00:00:00.000,1,164,201,13896,13896,164,2020-07-29,1,201,0.00497512437810945,0.00422911157829757,1.0894105647633
Livingston,2020-07-30T00:00:00.000,1,165,375,14271,14271,165,2020-07-30,1,375,0.00266666666666667,0.00397012204552848,1.08802644030641
Livingston,2020-07-31T00:00:00.000,1,166,246,14517,14517,166,2020-07-31,1,246,0.0040650406504065,0.00373094576790617,1.08273464389092
Livingston,2020-08-01T00:00:00.000,1,167,130,14647,14647,167,2020-08-01,1,130,0.00769230769230769,0.00351171373688293,1.07639985038109
Livingston,2020-08-02T00:00:00.000,0,167,141,14788,14788,167,2020-08-02,0,141,0,0.00331225327466622,0
Livingston,2020-08-03T00:00:00.000,3,170,109,14897,14897,170,2020-08-03,3,109,0.0275229357798165,0.00313216051275503,3.22044278446801
Livingston,2020-08-04T00:00:00.000,1,171,169,15066,15066,171,2020-08-04,1,169,0.00591715976331361,0.00297086591312251,1.08292015305404
Livingston,2020-08-05T00:00:00.000,2,173,222,15288,15288,173,2020-08-05,2,222,0.00900900900900901,0.00282769178002179,2.18453485298714
Livingston,2020-08-06T00:00:00.000,1,174,321,15609,15609,174,2020-08-06,1,321,0.00311526479750779,0.00270190137625299,1.10131378862327
Livingston,2020-08-07T00:00:00.000,2,176,172,15781,15781,176,2020-08-07,2,172,0.0116279069767442,0.00259273975915156,2.21555329184861
Livingston,2020-08-08T00:00:00.000,0,176,174,15955,15955,176,2020-08-08,0,174,0,0.00249946679516065,0
Livingston,2020-08-09T00:00:00.000,0,176,185,16140,16140,176,2020-08-09,0,185,0,0.0024213830135576,0
Livingston,2020-08-10T00:00:00.000,0,176,146,16286,16286,176,2020-08-10,0,146,0,0.00235784904924826,0
Livingston,2020-08-11T00:00:00.000,0,176,188,16474,16474,176,2020-08-11,0,188,0,0.00230829941874867,0
Livingston,2020-08-12T00:00:00.000,0,176,249,16723,16723,176,2020-08-12,0,249,0,0.00227225129872885,0
Livingston,2020-08-13T00:00:00.000,2,178,290,17013,17013,178,2020-08-13,2,290,0.00689655172413793,0.00224930885495282,2.19729818776579
Livingston,2020-08-14T00:00:00.000,0,178,223,17236,17236,178,2020-08-14,0,223,0,0.00223916351050807,0
Livingston,2020-08-15T00:00:00.000,0,178,199,17435,17435,178,2020-08-15,0,199,0,0.00224159037284853,0
Livingston,2020-08-16T00:00:00.000,0,178,105,17540,17540,178,2020-08-16,0,105,0,0.00225644085981359,0
Livingston,2020-08-17T00:00:00.000,0,178,183,17723,17723,178,2020-08-17,0,183,0,0.00228363140005374,0
Livingston,2020-08-18T00:00:00.000,0,178,160,17883,17883,178,2020-08-18,0,160,0,0.0023231279395505,0
Livingston,2020-08-19T00:00:00.000,0,178,144,18027,18027,178,2020-08-19,0,144,0,0.00237492588435764,0
Livingston,2020-08-20T00:00:00.000,0,178,424,18451,18451,178,2020-08-20,0,424,0,0.00243902506689271,0
Livingston,2020-08-21T00:00:00.000,1,179,188,18639,18639,179,2020-08-21,1,188,0.00531914893617021,0.00251539936679057,1.07430255027174
Livingston,2020-08-22T00:00:00.000,1,180,255,18894,18894,180,2020-08-22,1,255,0.00392156862745098,0.00260396076363664,1.06906078800541
Livingston,2020-08-23T00:00:00.000,0,180,185,19079,19079,180,2020-08-23,0,185,0,0.00270451788732695,0
Livingston,2020-08-24T00:00:00.000,1,181,133,19212,19212,181,2020-08-24,1,133,0.0075187969924812,0.00281672956716371,1.05830396389412
Livingston,2020-08-25T00:00:00.000,0,181,195,19407,19407,181,2020-08-25,0,195,0,0.00294005448869005,0
Livingston,2020-08-26T00:00:00.000,0,181,167,19574,19574,181,2020-08-26,0,167,0,0.00307369883175751,0
Livingston,2020-08-27T00:00:00.000,0,181,253,19827,19827,181,2020-08-27,0,253,0,0.00321656465276364,0
Livingston,2020-08-28T00:00:00.000,1,182,238,20065,20065,182,2020-08-28,1,238,0.00420168067226891,0.00336720272050296,1.05600498133401
Livingston,2020-08-29T00:00:00.000,0,182,223,20288,20288,182,2020-08-29,0,223,0,0.00352377440915946,0
Livingston,2020-08-30T00:00:00.000,1,183,94,20382,20382,183,2020-08-30,1,94,0.0106382978723404,0.00368402793864434,1.07288674272716
Livingston,2020-08-31T00:00:00.000,0,183,143,20525,20525,183,2020-08-31,0,143,0,0.00384529456827714,0
Livingston,2020-09-01T00:00:00.000,1,184,141,20666,20666,184,2020-09-01,1,141,0.00709219858156028,0.00400451008944308,1.0868313610142
Livingston,2020-09-02T00:00:00.000,3,187,152,20818,20818,187,2020-09-02,3,152,0.0197368421052632,0.0041582659857674,3.27990340235877
Livingston,2020-09-03T00:00:00.000,1,188,146,20964,20964,188,2020-09-03,1,146,0.00684931506849315,0.00430289283088837,1.0993337016439
Livingston,2020-09-04T00:00:00.000,0,188,289,21253,21253,188,2020-09-04,0,289,0,0.00443457589305132,0
Livingston,2020-09-05T00:00:00.000,1,189,200,21453,21453,189,2020-09-05,1,200,0.005,0.0045494996755066,1.1098074212545
Livingston,2020-09-06T00:00:00.000,0,189,141,21594,21594,189,2020-09-06,0,141,0,0.004644014559557,0
Livingston,2020-09-07T00:00:00.000,0,189,78,21672,21672,189,2020-09-07,0,78,0,0.00471481527407455,0
Livingston,2020-09-08T00:00:00.000,1,190,169,21841,21841,190,2020-09-08,1,169,0.00591715976331361,0.00475911814050453,1.12066106480064
Livingston,2020-09-09T00:00:00.000,0,190,102,21943,21943,190,2020-09-09,0,102,0,0.00477482245198745,0
Livingston,2020-09-10T00:00:00.000,0,190,54,21997,21997,190,2020-09-10,0,54,0,0.00476064134829157,0
Livingston,2020-09-11T00:00:00.000,4,194,177,22174,22174,194,2020-09-11,4,177,0.0225988700564972,0.00471618936283069,4.51162636199207
Livingston,2020-09-12T00:00:00.000,2,196,91,22265,22265,196,2020-09-12,2,91,0.021978021978022,0.00464201734383046,2.25828414163861
Livingston,2020-09-13T00:00:00.000,0,196,178,22443,22443,196,2020-09-13,0,178,0,0.00453959032024403,0
Livingston,2020-09-14T00:00:00.000,0,196,229,22672,22672,196,2020-09-14,0,229,0,0.00441120946454949,0
Livingston,2020-09-15T00:00:00.000,1,197,270,22942,22942,197,2020-09-15,1,270,0.0037037037037037,0.00425988482166553,1.13781980503381
Livingston,2020-09-16T00:00:00.000,2,199,239,23181,23181,199,2020-09-16,2,239,0.00836820083682008,0.00408917014225022,2.27713717661851
Livingston,2020-09-17T00:00:00.000,2,201,450,23631,23631,201,2020-09-17,2,450,0.00444444444444444,0.00390297436284372,2.27609244610094
Livingston,2020-09-18T00:00:00.000,0,201,209,23840,23840,201,2020-09-18,0,209,0,0.00370536561045672,0
Livingston,2020-09-19T00:00:00.000,0,201,418,24258,24258,201,2020-09-19,0,418,0,0.00350038303340921,0
Livingston,2020-09-20T00:00:00.000,0,201,157,24415,24415,201,2020-09-20,0,157,0,0.00329186951159954,0
Livingston,2020-09-21T00:00:00.000,1,202,376,24791,24791,202,2020-09-21,1,376,0.00265957446808511,0.00308333484787241,1.12398440159787
Livingston,2020-09-22T00:00:00.000,0,202,151,24942,24942,202,2020-09-22,0,151,0,0.00287785499962567,0
Livingston,2020-09-23T00:00:00.000,3,205,227,25169,25169,205,2020-09-23,3,227,0.013215859030837,0.0026780088835825,3.3395881581472
Livingston,2020-09-24T00:00:00.000,1,206,288,25457,25457,206,2020-09-24,1,288,0.00347222222222222,0.00248585076550828,1.10885904389102
Livingston,2020-09-25T00:00:00.000,1,207,203,25660,25660,207,2020-09-25,1,203,0.00492610837438424,0.00230291359627933,1.10424790670485
Livingston,2020-09-26T00:00:00.000,0,207,205,25865,25865,207,2020-09-26,0,205,0,0.00213023700246641,0
Livingston,2020-09-27T00:00:00.000,0,207,158,26023,26023,207,2020-09-27,0,158,0,0.00196841298183927,0
Livingston,2020-09-28T00:00:00.000,0,207,160,26183,26183,207,2020-09-28,0,160,0,0.00181764253271992,0
Livingston,2020-09-29T00:00:00.000,1,208,598,26781,26781,208,2020-09-29,1,598,0.00167224080267559,0.00167779725160468,1.13760796074797
Livingston,2020-09-30T00:00:00.000,0,208,464,27245,27245,208,2020-09-30,0,464,0,0.00154848111668957,0
Madison,2020-04-01T00:00:00.000,9,60,67,376,376,60,2020-04-01,60,376,0.159574468085106,0.151559192050284,68.2958548414219
Madison,2020-04-02T00:00:00.000,10,70,70,446,446,70,2020-04-02,10,70,0.142857142857143,0.145862896163009,11.3307094824498
Madison,2020-04-03T00:00:00.000,4,74,20,466,466,74,2020-04-03,4,20,0.2,0.14036335273371,4.54745850396853
Madison,2020-04-04T00:00:00.000,5,79,28,494,494,79,2020-04-04,5,28,0.178571428571429,0.135083501405747,5.71906764730615
Madison,2020-04-05T00:00:00.000,3,82,13,507,507,82,2020-04-05,3,13,0.230769230769231,0.130052385000598,3.4523629662185
Madison,2020-04-06T00:00:00.000,6,88,64,571,571,88,2020-04-06,6,64,0.09375,0.125301496035334,6.94378812255557
Madison,2020-04-07T00:00:00.000,2,90,43,614,614,90,2020-04-07,2,43,0.0465116279069767,0.120861914664408,2.31923432167243
Madison,2020-04-08T00:00:00.000,1,91,12,626,626,91,2020-04-08,1,12,0.0833333333333333,0.116762203967178,1.16125187644155
Madison,2020-04-09T00:00:00.000,8,99,54,680,680,99,2020-04-09,8,54,0.148148148148148,0.113026993222432,9.3006516379657
Madison,2020-04-10T00:00:00.000,0,99,7,687,687,99,2020-04-10,0,7,0,0.109676148504687,0
Madison,2020-04-11T00:00:00.000,2,101,9,696,696,101,2020-04-11,2,9,0.222222222222222,0.106724409041501,2.32990111860285
Madison,2020-04-12T00:00:00.000,0,101,7,703,703,101,2020-04-12,0,7,0,0.104181358038312,0
Madison,2020-04-13T00:00:00.000,3,104,50,753,753,104,2020-04-13,3,50,0.06,0.102051598533777,3.50853881215294
Madison,2020-04-14T00:00:00.000,1,105,4,757,757,105,2020-04-14,1,4,0.25,0.100335016182556,1.17662184578083
Madison,2020-04-15T00:00:00.000,0,105,7,764,764,105,2020-04-15,0,7,0,0.0990270284782186,0
Madison,2020-04-16T00:00:00.000,0,105,2,766,766,105,2020-04-16,0,2,0,0.0981187422369966,0
Madison,2020-04-17T00:00:00.000,0,105,6,772,772,105,2020-04-17,0,6,0,0.0975969646728186,0
Madison,2020-04-18T00:00:00.000,1,106,7,779,779,106,2020-04-18,1,7,0.142857142857143,0.0974440385145682,1.20857922153277
Madison,2020-04-19T00:00:00.000,0,106,4,783,783,106,2020-04-19,0,4,0,0.0976374960256159,0
Madison,2020-04-20T00:00:00.000,0,106,1,784,784,106,2020-04-20,0,1,0,0.0981495521014067,0
Madison,2020-04-21T00:00:00.000,0,106,3,787,787,106,2020-04-21,0,3,0,0.0989464813020273,0
Madison,2020-04-22T00:00:00.000,0,106,7,794,794,106,2020-04-22,0,7,0,0.0999879485826879,0
Madison,2020-04-23T00:00:00.000,0,106,4,798,798,106,2020-04-23,0,4,0,0.101226386659693,0
Madison,2020-04-24T00:00:00.000,15,121,294,1092,1092,121,2020-04-24,15,294,0.0510204081632653,0.10260653308902,18.997897233124
Madison,2020-04-25T00:00:00.000,2,123,22,1114,1114,123,2020-04-25,2,22,0.0909090909090909,0.104065253888672,2.55942557309957
Madison,2020-04-26T00:00:00.000,1,124,16,1130,1130,124,2020-04-26,1,16,0.0625,0.10553178467057,1.29273729281343
Madison,2020-04-27T00:00:00.000,2,126,26,1156,1156,126,2020-04-27,2,26,0.0769230769230769,0.106928511129182,2.60803411890276
Madison,2020-04-28T00:00:00.000,0,126,47,1203,1203,126,2020-04-28,0,47,0,0.108172385719213,0
Madison,2020-04-29T00:00:00.000,5,131,12,1215,1215,131,2020-04-29,5,12,0.416666666666667,0.109177034847447,6.61192027443271
Madison,2020-04-30T00:00:00.000,8,139,51,1266,1266,139,2020-04-30,8,51,0.156862745098039,0.109855552882378,10.6446682305408
Madison,2020-05-01T00:00:00.000,10,149,54,1320,1320,149,2020-05-01,10,54,0.185185185185185,0.110123908638264,13.3795760232713
Madison,2020-05-02T00:00:00.000,2,151,26,1346,1346,151,2020-05-02,2,26,0.0769230769230769,0.109904813721472,2.68877202960092
Madison,2020-05-03T00:00:00.000,66,217,141,1487,1487,217,2020-05-03,66,141,0.468085106382979,0.109131827821757,89.0840183176979
Madison,2020-05-04T00:00:00.000,6,223,43,1530,1530,223,2020-05-04,6,43,0.13953488372093,0.107753412880706,8.12511053169133
Madison,2020-05-05T00:00:00.000,8,231,192,1722,1722,231,2020-05-05,8,192,0.0416666666666667,0.105736604438108,10.8768967081182
Madison,2020-05-06T00:00:00.000,15,246,204,1926,1926,246,2020-05-06,15,204,0.0735294117647059,0.103069952733732,20.4442000144328
Madison,2020-05-07T00:00:00.000,3,249,95,2021,2021,249,2020-05-07,3,95,0.0315789473684211,0.0997654045174409,4.09656181973733
Madison,2020-05-08T00:00:00.000,1,250,50,2071,2071,250,2020-05-08,1,50,0.02,0.0958588532341355,1.36956756809923
Madison,2020-05-09T00:00:00.000,1,251,37,2108,2108,251,2020-05-09,1,37,0.027027027027027,0.0914091817034615,1.37189736788789
Madison,2020-05-10T00:00:00.000,0,251,23,2131,2131,251,2020-05-10,0,23,0,0.0864957532596074,0
Madison,2020-05-11T00:00:00.000,0,251,17,2148,2148,251,2020-05-11,0,17,0,0.0812144636790339,0
Madison,2020-05-12T00:00:00.000,2,253,79,2227,2227,253,2020-05-12,2,79,0.0253164556962025,0.0756726294665055,2.7208652975738
Madison,2020-05-13T00:00:00.000,2,255,61,2288,2288,255,2020-05-13,2,61,0.0327868852459016,0.0699831322574416,2.72723091701356
Madison,2020-05-14T00:00:00.000,1,256,30,2318,2318,256,2020-05-14,1,30,0.0333333333333333,0.0642583390455047,1.35855873133883
Madison,2020-05-15T00:00:00.000,2,258,53,2371,2371,258,2020-05-15,2,53,0.0377358490566038,0.0586043499386386,2.70876138381475
Madison,2020-05-16T00:00:00.000,0,258,56,2427,2427,258,2020-05-16,0,56,0,0.0531160797485966,0
Madison,2020-05-17T00:00:00.000,0,258,44,2471,2471,258,2020-05-17,0,44,0,0.0478735612482207,0
Madison,2020-05-18T00:00:00.000,2,260,103,2574,2574,260,2020-05-18,2,103,0.0194174757281553,0.0429396888217068,2.68287796581498
Madison,2020-05-19T00:00:00.000,32,292,201,2775,2775,292,2020-05-19,32,201,0.159203980099502,0.0383594334053542,42.792037720266
Madison,2020-05-20T00:00:00.000,2,294,101,2876,2876,294,2020-05-20,2,101,0.0198019801980198,0.0341603879698001,2.66452200137711
Madison,2020-05-21T00:00:00.000,3,297,135,3011,3011,297,2020-05-21,3,135,0.0222222222222222,0.0303543753314406,3.98533682701792
Madison,2020-05-22T00:00:00.000,4,301,200,3211,3211,301,2020-05-22,4,200,0.02,0.0269397812760974,5.29335617909666
Madison,2020-05-23T00:00:00.000,0,301,105,3316,3316,301,2020-05-23,0,105,0,0.0239042665686328,0
Madison,2020-05-24T00:00:00.000,2,303,67,3383,3383,303,2020-05-24,2,67,0.0298507462686567,0.0212275497735602,2.61967742778402
Madison,2020-05-25T00:00:00.000,0,303,179,3562,3562,303,2020-05-25,0,179,0,0.0188840211747513,0
Madison,2020-05-26T00:00:00.000,7,310,330,3892,3892,310,2020-05-26,7,330,0.0212121212121212,0.0168450280909997,9.06686108093451
Madison,2020-05-27T00:00:00.000,0,310,67,3959,3959,310,2020-05-27,0,67,0,0.0150807481046907,0
Madison,2020-05-28T00:00:00.000,0,310,141,4100,4100,310,2020-05-28,0,141,0,0.0135616296667719,0
Madison,2020-05-29T00:00:00.000,1,311,187,4287,4287,311,2020-05-29,1,187,0.0053475935828877,0.0122594246890377,1.28552458974259
Madison,2020-05-30T00:00:00.000,5,316,316,4603,4603,316,2020-05-30,5,316,0.0158227848101266,0.011147865330044,6.43422901881591
Madison,2020-05-31T00:00:00.000,0,316,138,4741,4741,316,2020-05-31,0,138,0,0.0102030498194428,0
Madison,2020-06-01T00:00:00.000,1,317,98,4839,4839,317,2020-06-01,1,98,0.0102040816326531,0.00940360378063725,1.28412299852885
Madison,2020-06-02T00:00:00.000,2,319,222,5061,5061,319,2020-06-02,2,222,0.00900900900900901,0.00873067808655721,2.55818003138428
Madison,2020-06-03T00:00:00.000,0,319,242,5303,5303,319,2020-06-03,0,242,0,0.00816783506627994,0
Madison,2020-06-04T00:00:00.000,4,323,279,5582,5582,323,2020-06-04,4,279,0.014336917562724,0.0077008644130765,5.05628218153419
Madison,2020-06-05T00:00:00.000,2,325,336,5918,5918,325,2020-06-05,2,336,0.00595238095238095,0.00731756003209828,2.51555387039239
Madison,2020-06-06T00:00:00.000,2,327,123,6041,6041,327,2020-06-06,2,123,0.016260162601626,0.00700748016899199,2.52898512841796
Madison,2020-06-07T00:00:00.000,0,327,148,6189,6189,327,2020-06-07,0,148,0,0.00676170595828766,0
Madison,2020-06-08T00:00:00.000,4,331,157,6346,6346,331,2020-06-08,4,157,0.0254777070063694,0.00657260798914225,5.07577176583833
Madison,2020-06-09T00:00:00.000,0,331,418,6764,6764,331,2020-06-09,0,418,0,0.00643362652024779,0
Madison,2020-06-10T00:00:00.000,2,333,234,6998,6998,333,2020-06-10,2,234,0.00854700854700855,0.00633906834154935,2.54244157020739
Madison,2020-06-11T00:00:00.000,0,333,184,7182,7182,333,2020-06-11,0,184,0,0.00628392171514717,0
Madison,2020-06-12T00:00:00.000,0,333,121,7303,7303,333,2020-06-12,0,121,0,0.00626369007876241,0
Madison,2020-06-13T00:00:00.000,1,334,297,7600,7600,334,2020-06-13,1,297,0.00336700336700337,0.00627424503867136,1.26825667978404
Madison,2020-06-14T00:00:00.000,1,335,78,7678,7678,335,2020-06-14,1,78,0.0128205128205128,0.00631169939075981,1.26730319405896
Madison,2020-06-15T00:00:00.000,1,336,191,7869,7869,336,2020-06-15,1,191,0.00523560209424084,0.00637230128136938,1.27665203093412
Madison,2020-06-16T00:00:00.000,2,338,104,7973,7973,338,2020-06-16,2,104,0.0192307692307692,0.0064523510003145,2.56846696551883
Madison,2020-06-17T00:00:00.000,3,341,186,8159,8159,341,2020-06-17,3,186,0.0161290322580645,0.00654814207333898,3.86951246773838
Madison,2020-06-18T00:00:00.000,1,342,253,8412,8412,342,2020-06-18,1,253,0.00395256916996047,0.00665592821208771,1.2895760539428
Madison,2020-06-19T00:00:00.000,1,343,242,8654,8654,343,2020-06-19,1,242,0.00413223140495868,0.00677191711221319,1.28592340801484
Madison,2020-06-20T00:00:00.000,2,345,137,8791,8791,345,2020-06-20,2,137,0.0145985401459854,0.00689229111520027,2.55627621037778
Madison,2020-06-21T00:00:00.000,2,347,126,8917,8917,347,2020-06-21,2,126,0.0158730158730159,0.0070132533161134,2.53833094949113
Madison,2020-06-22T00:00:00.000,0,347,204,9121,9121,347,2020-06-22,0,204,0,0.00713109598846261,0
Madison,2020-06-23T00:00:00.000,0,347,194,9315,9315,347,2020-06-23,0,194,0,0.00724228638239326,0
Madison,2020-06-24T00:00:00.000,2,349,174,9489,9489,349,2020-06-24,2,174,0.0114942528735632,0.00734356326402473,2.47293524620855
Madison,2020-06-25T00:00:00.000,2,351,278,9767,9767,351,2020-06-25,2,278,0.00719424460431655,0.00743203632534437,2.44826095379187
Madison,2020-06-26T00:00:00.000,0,351,229,9996,9996,351,2020-06-26,0,229,0,0.00750527996620533,0
Madison,2020-06-27T00:00:00.000,1,352,90,10086,10086,352,2020-06-27,1,90,0.0111111111111111,0.00756141318282963,1.20299173616264
Madison,2020-06-28T00:00:00.000,1,353,130,10216,10216,353,2020-06-28,1,130,0.00769230769230769,0.00759915835713955,1.19723113923465
Madison,2020-06-29T00:00:00.000,4,357,123,10339,10339,357,2020-06-29,4,123,0.032520325203252,0.00761787359663549,4.75866498677452
Madison,2020-06-30T00:00:00.000,0,357,233,10572,10572,357,2020-06-30,0,233,0,0.00761755568800306,0
Madison,2020-07-01T00:00:00.000,2,359,188,10760,10760,359,2020-07-01,2,188,0.0106382978723404,0.00759881341308211,2.3398583121428
Madison,2020-07-02T00:00:00.000,1,360,148,10908,10908,360,2020-07-02,1,148,0.00675675675675676,0.00756281357338435,1.1720329854061
Madison,2020-07-03T00:00:00.000,3,363,182,11090,11090,363,2020-07-03,3,182,0.0164835164835165,0.00751120430007788,3.52830703937209
Madison,2020-07-04T00:00:00.000,0,363,111,11201,11201,363,2020-07-04,0,111,0,0.00744602180804788,0
Madison,2020-07-05T00:00:00.000,1,364,96,11297,11297,364,2020-07-05,1,96,0.0104166666666667,0.00736958756168553,1.17590820963786
Madison,2020-07-06T00:00:00.000,3,367,255,11552,11552,367,2020-07-06,3,255,0.0117647058823529,0.00728440286473816,3.51764722305423
Madison,2020-07-07T00:00:00.000,1,368,307,11859,11859,368,2020-07-07,1,307,0.00325732899022801,0.00719304721996588,1.16893743506899
Madison,2020-07-08T00:00:00.000,0,368,189,12048,12048,368,2020-07-08,0,189,0,0.00709808562443432,0
Madison,2020-07-09T00:00:00.000,3,371,144,12192,12192,371,2020-07-09,3,144,0.0208333333333333,0.00700198848413265,3.48323348641207
Madison,2020-07-10T00:00:00.000,3,374,159,12351,12351,374,2020-07-10,3,159,0.0188679245283019,0.00690706626157137,3.4706935603491
Madison,2020-07-11T00:00:00.000,0,374,121,12472,12472,374,2020-07-11,0,121,0,0.00681541948428962,0
Madison,2020-07-12T00:00:00.000,1,375,331,12803,12803,375,2020-07-12,1,331,0.00302114803625378,0.00672890350276109,1.14822252003602
Madison,2020-07-13T00:00:00.000,1,376,214,13017,13017,376,2020-07-13,1,214,0.00467289719626168,0.00664910645690065,1.14380401726581
Madison,2020-07-14T00:00:00.000,0,376,255,13272,13272,376,2020-07-14,0,255,0,0.00657733831630961,0
Madison,2020-07-15T00:00:00.000,1,377,221,13493,13493,377,2020-07-15,1,221,0.00452488687782805,0.00651462859596553,1.13499576407904
Madison,2020-07-16T00:00:00.000,2,379,206,13699,13699,379,2020-07-16,2,206,0.00970873786407767,0.00646173035606416,2.26135725812141
Madison,2020-07-17T00:00:00.000,3,382,256,13955,13955,382,2020-07-17,3,256,0.01171875,0.00641912832310663,3.38004216577298
Madison,2020-07-18T00:00:00.000,1,383,70,14025,14025,383,2020-07-18,1,70,0.0142857142857143,0.00638704934334906,1.12741600566115
Madison,2020-07-19T00:00:00.000,1,384,186,14211,14211,384,2020-07-19,1,186,0.00537634408602151,0.0063654738407956,1.13133318265828
Madison,2020-07-20T00:00:00.000,3,387,197,14408,14408,387,2020-07-20,3,197,0.0152284263959391,0.00635414745597923,3.40466283409622
Madison,2020-07-21T00:00:00.000,1,388,286,14694,14694,388,2020-07-21,1,286,0.0034965034965035,0.00635259252828965,1.13800525179267
Madison,2020-07-22T00:00:00.000,0,388,163,14857,14857,388,2020-07-22,0,163,0,0.00636011953763644,0
Madison,2020-07-23T00:00:00.000,2,390,406,15263,15263,390,2020-07-23,2,406,0.00492610837438424,0.00637583900182792,2.28454844812482
Madison,2020-07-24T00:00:00.000,0,390,152,15415,15415,390,2020-07-24,0,152,0,0.00639867461930699,0
Madison,2020-07-25T00:00:00.000,0,390,185,15600,15600,390,2020-07-25,0,185,0,0.00642737862163085,0
Madison,2020-07-26T00:00:00.000,0,390,120,15720,15720,390,2020-07-26,0,120,0,0.00646055037672765,0
Madison,2020-07-27T00:00:00.000,1,391,156,15876,15876,391,2020-07-27,1,156,0.00641025641025641,0.00649665918734019,1.12344646893325
Madison,2020-07-28T00:00:00.000,2,393,304,16180,16180,393,2020-07-28,2,304,0.00657894736842105,0.0065340720388347,2.26347515607416
Madison,2020-07-29T00:00:00.000,3,396,162,16342,16342,396,2020-07-29,3,162,0.0185185185185185,0.00657108669593985,3.41547918297536
Madison,2020-07-30T00:00:00.000,2,398,250,16592,16592,398,2020-07-30,2,250,0.008,0.00660597009365844,2.2897218030778
Madison,2020-07-31T00:00:00.000,1,399,187,16779,16779,399,2020-07-31,1,187,0.0053475935828877,0.00663700143670967,1.14693110357088
Madison,2020-08-01T00:00:00.000,1,400,142,16921,16921,400,2020-08-01,1,142,0.00704225352112676,0.00666251884418766,1.14758685005905
Madison,2020-08-02T00:00:00.000,1,401,80,17001,17001,401,2020-08-02,1,80,0.0125,0.00668096782981272,1.1516896641665
Madison,2020-08-03T00:00:00.000,4,405,282,17283,17283,405,2020-08-03,4,282,0.0141843971631206,0.00669094945469172,4.63253488297847
Madison,2020-08-04T00:00:00.000,1,406,202,17485,17485,406,2020-08-04,1,202,0.00495049504950495,0.0066912656663543,1.17451605631581
Madison,2020-08-05T00:00:00.000,3,409,238,17723,17723,409,2020-08-05,3,238,0.0126050420168067,0.00668095924290137,3.57100873381452
Madison,2020-08-06T00:00:00.000,3,412,374,18097,18097,412,2020-08-06,3,374,0.00802139037433155,0.00665934587772477,3.61583445977084
Madison,2020-08-07T00:00:00.000,0,412,122,18219,18219,412,2020-08-07,0,122,0,0.00662603630742153,0
Madison,2020-08-08T00:00:00.000,0,412,107,18326,18326,412,2020-08-08,0,107,0,0.00658094696996822,0
Madison,2020-08-09T00:00:00.000,0,412,78,18404,18404,412,2020-08-09,0,78,0,0.00652429841443006,0
Madison,2020-08-10T00:00:00.000,1,413,462,18866,18866,413,2020-08-10,1,462,0.00216450216450216,0.00645660152217645,1.23163439932995
Madison,2020-08-11T00:00:00.000,1,414,323,19189,19189,414,2020-08-11,1,323,0.00309597523219814,0.0063786324248713,1.22808063805613
Madison,2020-08-12T00:00:00.000,3,417,125,19314,19314,417,2020-08-12,3,125,0.024,0.00629139774470691,3.66826720669191
Madison,2020-08-13T00:00:00.000,2,419,340,19654,19654,419,2020-08-13,2,340,0.00588235294117647,0.00619609237505631,2.4316209508886
Madison,2020-08-14T00:00:00.000,2,421,268,19922,19922,421,2020-08-14,2,268,0.00746268656716418,0.00609405237141749,2.41791470230763
Madison,2020-08-15T00:00:00.000,0,421,149,20071,20071,421,2020-08-15,0,149,0,0.00598670567184759,0
Madison,2020-08-16T00:00:00.000,0,421,147,20218,20218,421,2020-08-16,0,147,0,0.00587552325142821,0
Madison,2020-08-17T00:00:00.000,2,423,302,20520,20520,423,2020-08-17,2,302,0.00662251655629139,0.00576197302783198,2.39064578156724
Madison,2020-08-18T00:00:00.000,1,424,256,20776,20776,424,2020-08-18,1,256,0.00390625,0.00564747838469079,1.18773865902685
Madison,2020-08-19T00:00:00.000,0,424,228,21004,21004,424,2020-08-19,0,228,0,0.00553338265119836,0
Madison,2020-08-20T00:00:00.000,7,431,1008,22012,22012,431,2020-08-20,7,1008,0.00694444444444444,0.00542092031685033,8.18132345574531
Madison,2020-08-21T00:00:00.000,1,432,473,22485,22485,432,2020-08-21,1,473,0.00211416490486258,0.00531119524599476,1.15767095852549
Madison,2020-08-22T00:00:00.000,0,432,111,22596,22596,432,2020-08-22,0,111,0,0.00520516568887119,0
Madison,2020-08-23T00:00:00.000,0,432,140,22736,22736,432,2020-08-23,0,140,0,0.00510363555352396,0
Madison,2020-08-24T00:00:00.000,2,434,468,23204,23204,434,2020-08-24,2,468,0.00427350427350427,0.00500725114608627,2.24194957632748
Madison,2020-08-25T00:00:00.000,1,435,236,23440,23440,435,2020-08-25,1,236,0.00423728813559322,0.00491650246677499,1.11521554133627
Madison,2020-08-26T00:00:00.000,4,439,546,23986,23986,439,2020-08-26,4,546,0.00732600732600733,0.00483172811480076,4.4357493289794
Madison,2020-08-27T00:00:00.000,17,456,1671,25657,25657,456,2020-08-27,17,1671,0.0101735487731897,0.00475312290085952,18.7365576125523
Madison,2020-08-28T00:00:00.000,3,459,993,26650,26650,459,2020-08-28,3,993,0.00302114803625378,0.00468074737312235,3.27409906210463
Madison,2020-08-29T00:00:00.000,2,461,197,26847,26847,461,2020-08-29,2,197,0.0101522842639594,0.00461453860770902,2.18507795493063
Madison,2020-08-30T00:00:00.000,0,461,247,27094,27094,461,2020-08-30,0,247,0,0.00455432176147181,0
Madison,2020-08-31T00:00:00.000,0,461,272,27366,27366,461,2020-08-31,0,272,0,0.00449982205542555,0
Madison,2020-09-01T00:00:00.000,0,461,206,27572,27572,461,2020-09-01,0,206,0,0.00445067698319703,0
Madison,2020-09-02T00:00:00.000,6,467,1767,29339,29339,467,2020-09-02,6,1767,0.0033955857385399,0.00440644866266138,6.59794504433105
Madison,2020-09-03T00:00:00.000,7,474,1108,30447,30447,474,2020-09-03,7,1108,0.00631768953068592,0.00436663633059446,7.70666057119114
Madison,2020-09-04T00:00:00.000,0,474,295,30742,30742,474,2020-09-04,0,295,0,0.00433068902443581,0
Madison,2020-09-05T00:00:00.000,0,474,255,30997,30997,474,2020-09-05,0,255,0,0.00429801850720487,0
Madison,2020-09-06T00:00:00.000,1,475,77,31074,31074,475,2020-09-06,1,77,0.012987012987013,0.00426801247482974,1.10475688125572
Madison,2020-09-07T00:00:00.000,0,475,149,31223,31223,475,2020-09-07,0,149,0,0.00424004802427952,0
Madison,2020-09-08T00:00:00.000,0,475,304,31527,31527,475,2020-09-08,0,304,0,0.00421350529361338,0
Madison,2020-09-09T00:00:00.000,0,475,97,31624,31624,475,2020-09-09,0,97,0,0.00418778110039214,0
Madison,2020-09-10T00:00:00.000,1,476,362,31986,31986,476,2020-09-10,1,362,0.00276243093922652,0.00416230230729508,1.11051115775806
Madison,2020-09-11T00:00:00.000,2,478,341,32327,32327,478,2020-09-11,2,341,0.00586510263929619,0.00413653857309722,2.22642317713878
Madison,2020-09-12T00:00:00.000,0,478,260,32587,32587,478,2020-09-12,0,260,0,0.00411001408122221,0
Madison,2020-09-13T00:00:00.000,0,478,94,32681,32681,478,2020-09-13,0,94,0,0.00408231780474863,0
Madison,2020-09-14T00:00:00.000,2,480,126,32807,32807,480,2020-09-14,2,126,0.0158730158730159,0.0040531118720442,2.25246760018242
Madison,2020-09-15T00:00:00.000,0,480,362,33169,33169,480,2020-09-15,0,362,0,0.0040221376401893,0
Madison,2020-09-16T00:00:00.000,0,480,164,33333,33333,480,2020-09-16,0,164,0,0.00398921915302153,0
Madison,2020-09-17T00:00:00.000,4,484,318,33651,33651,484,2020-09-17,4,318,0.0125786163522013,0.00395426378385325,4.55813188572026
Madison,2020-09-18T00:00:00.000,2,486,284,33935,33935,486,2020-09-18,2,284,0.00704225352112676,0.00391725998608473,2.28521430525574
Madison,2020-09-19T00:00:00.000,1,487,301,34236,34236,487,2020-09-19,1,301,0.00332225913621262,0.00387827222027066,1.14496418002736
Madison,2020-09-20T00:00:00.000,1,488,110,34346,34346,488,2020-09-20,1,110,0.00909090909090909,0.00383743327318127,1.14661011621305
Madison,2020-09-21T00:00:00.000,1,489,124,34470,34470,489,2020-09-21,1,124,0.00806451612903226,0.00379493430404084,1.1475685598783
Madison,2020-09-22T00:00:00.000,0,489,389,34859,34859,489,2020-09-22,0,389,0,0.00375101305118221,0
Madison,2020-09-23T00:00:00.000,3,492,375,35234,35234,492,2020-09-23,3,375,0.008,0.00370594070834204,3.44986068780531
Madison,2020-09-24T00:00:00.000,0,492,251,35485,35485,492,2020-09-24,0,251,0,0.00366000799070594,0
Madison,2020-09-25T00:00:00.000,1,493,386,35871,35871,493,2020-09-25,1,386,0.00259067357512953,0.00361351091535812,1.15513237851952
Madison,2020-09-26T00:00:00.000,0,493,198,36069,36069,493,2020-09-26,0,198,0,0.00356673676683041,0
Madison,2020-09-27T00:00:00.000,0,493,155,36224,36224,493,2020-09-27,0,155,0,0.00351995065591601,0
Madison,2020-09-28T00:00:00.000,4,497,288,36512,36512,497,2020-09-28,4,288,0.0138888888888889,0.00347338298780601,4.78821446913909
Madison,2020-09-29T00:00:00.000,0,497,484,36996,36996,497,2020-09-29,0,484,0,0.00342721807150261,0
Madison,2020-09-30T00:00:00.000,1,498,370,37366,37366,498,2020-09-30,1,370,0.0027027027027027,0.00338158400220077,1.24536987032686
Monroe,2020-04-01T00:00:00.000,71,420,381,3980,3980,420,2020-04-01,420,3980,0.105527638190955,0.118223744705063,466.342104618249
Monroe,2020-04-02T00:00:00.000,44,464,336,4316,4316,464,2020-04-02,44,336,0.130952380952381,0.116567519164154,48.7498241070624
Monroe,2020-04-03T00:00:00.000,48,512,328,4644,4644,512,2020-04-03,48,328,0.146341463414634,0.114930821688819,53.4894667910651
Monroe,2020-04-04T00:00:00.000,36,548,277,4921,4921,548,2020-04-04,36,277,0.129963898916967,0.113312452969209,40.4599426842355
Monroe,2020-04-05T00:00:00.000,26,574,225,5146,5146,574,2020-04-05,26,225,0.115555555555556,0.111710803086458,29.4690562536238
Monroe,2020-04-06T00:00:00.000,22,596,305,5451,5451,596,2020-04-06,22,305,0.0721311475409836,0.110123924273035,25.1339318612281
Monroe,2020-04-07T00:00:00.000,55,651,420,5871,5871,651,2020-04-07,55,420,0.130952380952381,0.108549600048809,63.0973614952523
Monroe,2020-04-08T00:00:00.000,47,698,382,6253,6253,698,2020-04-08,47,382,0.12303664921466,0.106985410226896,54.10364364474
Monroe,2020-04-09T00:00:00.000,44,742,380,6633,6633,742,2020-04-09,44,380,0.115789473684211,0.105428791222521,50.7988373619293
Monroe,2020-04-10T00:00:00.000,25,767,284,6917,6917,767,2020-04-10,25,284,0.0880281690140845,0.10387709122213,28.9371418936974
Monroe,2020-04-11T00:00:00.000,31,798,220,7137,7137,798,2020-04-11,31,220,0.140909090909091,0.102327619767151,35.961856142559
Monroe,2020-04-12T00:00:00.000,25,823,157,7294,7294,823,2020-04-12,25,157,0.159235668789809,0.100777691457333,29.0566916347324
Monroe,2020-04-13T00:00:00.000,27,850,304,7598,7598,850,2020-04-13,27,304,0.0888157894736842,0.0992246636065399,31.4882682772131
Monroe,2020-04-14T00:00:00.000,34,884,353,7951,7951,884,2020-04-14,34,353,0.0963172804532578,0.097665967808002,39.8974278293651
Monroe,2020-04-15T00:00:00.000,48,932,259,8210,8210,932,2020-04-15,48,259,0.185328185328185,0.096099135599572,56.6696104596635
Monroe,2020-04-16T00:00:00.000,43,975,296,8506,8506,975,2020-04-16,43,296,0.14527027027027,0.0945218185135285,51.068256439223
Monroe,2020-04-17T00:00:00.000,33,1008,260,8766,8766,1008,2020-04-17,33,260,0.126923076923077,0.0929318030778623,39.4150113475355
Monroe,2020-04-18T00:00:00.000,24,1032,202,8968,8968,1032,2020-04-18,24,202,0.118811881188119,0.091327021404421,28.8184598464741
Monroe,2020-04-19T00:00:00.000,22,1054,188,9156,9156,1054,2020-04-19,22,188,0.117021276595745,0.0897055582588562,26.5432455661912
Monroe,2020-04-20T00:00:00.000,16,1070,229,9385,9385,1070,2020-04-20,16,229,0.0698689956331878,0.0880656555481425,19.3761186775635
Monroe,2020-04-21T00:00:00.000,42,1112,409,9794,9794,1112,2020-04-21,42,409,0.102689486552567,0.086405715328364,51.015582598404
Monroe,2020-04-22T00:00:00.000,40,1152,500,10294,10294,1152,2020-04-22,40,500,0.08,0.0847243024394559,48.7952426371102
Monroe,2020-04-23T00:00:00.000,47,1199,470,10764,10764,1199,2020-04-23,47,470,0.1,0.0830201479140207,57.7498987571258
Monroe,2020-04-24T00:00:00.000,86,1285,1134,11898,11898,1285,2020-04-24,86,1134,0.0758377425044092,0.0812921542304612,106.414323418783
Monroe,2020-04-25T00:00:00.000,31,1316,341,12239,12239,1316,2020-04-25,31,341,0.0909090909090909,0.0795394033880801,38.6190744544228
Monroe,2020-04-26T00:00:00.000,15,1331,234,12473,12473,1331,2020-04-26,15,234,0.0641025641025641,0.0777611686139078,18.8078644508502
Monroe,2020-04-27T00:00:00.000,40,1371,543,13016,13016,1371,2020-04-27,40,543,0.0736648250460405,0.0759569302889842,50.4069770051528
Monroe,2020-04-28T00:00:00.000,33,1404,530,13546,13546,1404,2020-04-28,33,530,0.0622641509433962,0.0741263963867251,41.737349654173
Monroe,2020-04-29T00:00:00.000,37,1441,469,14015,14015,1441,2020-04-29,37,469,0.0788912579957356,0.072269527434167,46.9506619814373
Monroe,2020-04-30T00:00:00.000,37,1478,579,14594,14594,1478,2020-04-30,37,579,0.0639032815198618,0.0703865656021887,47.088043201352
Monroe,2020-05-01T00:00:00.000,56,1534,520,15114,15114,1534,2020-05-01,56,520,0.107692307692308,0.0684780671866126,71.4491993006712
Monroe,2020-05-02T00:00:00.000,32,1566,571,15685,15685,1566,2020-05-02,32,571,0.0560420315236427,0.0665449373394696,40.9151167646402
Monroe,2020-05-03T00:00:00.000,29,1595,914,16599,16599,1595,2020-05-03,29,914,0.0317286652078775,0.0645884655491518,37.1427636416691
Monroe,2020-05-04T00:00:00.000,28,1623,721,17320,17320,1623,2020-05-04,28,721,0.0388349514563107,0.0626103600187733,35.9134870471741
Monroe,2020-05-05T00:00:00.000,32,1655,842,18162,18162,1655,2020-05-05,32,842,0.0380047505938242,0.0606127788414599,41.1527516359255
Monroe,2020-05-06T00:00:00.000,33,1688,1088,19250,19250,1688,2020-05-06,33,1088,0.0303308823529412,0.0585983556719287,42.5077519151609
Monroe,2020-05-07T00:00:00.000,47,1735,1042,20292,20292,1735,2020-05-07,47,1042,0.04510556621881,0.0565702175168051,60.6396804883675
Monroe,2020-05-08T00:00:00.000,40,1775,1114,21406,21406,1775,2020-05-08,40,1114,0.0359066427289048,0.0545319923428025,51.7780115566545
Monroe,2020-05-09T00:00:00.000,46,1821,1148,22554,22554,1821,2020-05-09,46,1148,0.0400696864111498,0.0524878043917423,59.7016471106246
Monroe,2020-05-10T00:00:00.000,29,1850,864,23418,23418,1850,2020-05-10,29,864,0.0335648148148148,0.0504422554530418,37.6680245347842
Monroe,2020-05-11T00:00:00.000,40,1890,797,24215,24215,1890,2020-05-11,40,797,0.0501882057716437,0.0484003908885517,51.781406377945
Monroe,2020-05-12T00:00:00.000,69,1959,1423,25638,25638,1959,2020-05-12,69,1423,0.0484891075193254,0.0463676498108888,89.3827603478539
Monroe,2020-05-13T00:00:00.000,60,2019,1401,27039,27039,2019,2020-05-13,60,1401,0.0428265524625268,0.0443497996415121,78.1687189863053
Monroe,2020-05-14T00:00:00.000,72,2091,1332,28371,28371,2091,2020-05-14,72,1332,0.0540540540540541,0.0423528560548057,93.8223345310296
Monroe,2020-05-15T00:00:00.000,101,2192,1427,29798,29798,2192,2020-05-15,101,1427,0.0707778556412053,0.0403829902146334,131.791982111276
Monroe,2020-05-16T00:00:00.000,66,2258,1508,31306,31306,2258,2020-05-16,66,1508,0.0437665782493369,0.0384464259772302,86.1610291368988
Monroe,2020-05-17T00:00:00.000,45,2303,1324,32630,32630,2303,2020-05-17,45,1324,0.033987915407855,0.0365493304712545,58.8320197606406
Monroe,2020-05-18T00:00:00.000,73,2376,1304,33934,33934,2376,2020-05-18,73,1304,0.0559815950920245,0.0346977019779717,95.8601192892969
Monroe,2020-05-19T00:00:00.000,89,2465,2033,35967,35967,2465,2020-05-19,89,2033,0.043777668470241,0.0328972593598442,117.201116659873
Monroe,2020-05-20T00:00:00.000,65,2530,1852,37819,37819,2530,2020-05-20,65,1852,0.035097192224622,0.0311533373615562,85.8026793999424
Monroe,2020-05-21T00:00:00.000,71,2601,2061,39880,39880,2601,2020-05-21,71,2061,0.0344492964580301,0.0294707918856278,94.0414197193827
Monroe,2020-05-22T00:00:00.000,60,2661,1198,41078,41078,2661,2020-05-22,60,1198,0.0500834724540902,0.0278539189072291,79.6657411729038
Monroe,2020-05-23T00:00:00.000,36,2697,846,41924,41924,2697,2020-05-23,36,846,0.0425531914893617,0.0263063899938411,47.8712787717179
Monroe,2020-05-24T00:00:00.000,36,2733,1729,43653,43653,2733,2020-05-24,36,1729,0.0208212839791787,0.0248312065321818,47.8994049872852
Monroe,2020-05-25T00:00:00.000,29,2762,1595,45248,45248,2762,2020-05-25,29,1595,0.0181818181818182,0.023430673808227,38.5741656545411
Monroe,2020-05-26T00:00:00.000,29,2791,1297,46545,46545,2791,2020-05-26,29,1297,0.0223592906707787,0.0221063950637252,38.5977099597899
Monroe,2020-05-27T00:00:00.000,33,2824,1632,48177,48177,2824,2020-05-27,33,1632,0.0202205882352941,0.0208592847074071,43.9443711157567
Monroe,2020-05-28T00:00:00.000,36,2860,1127,49304,49304,2860,2020-05-28,36,1127,0.0319432120674357,0.0196895989867498,47.9316651889282
Monroe,2020-05-29T00:00:00.000,49,2909,1322,50626,50626,2909,2020-05-29,49,1322,0.0370650529500756,0.0185969817475619,65.6710115377865
Monroe,2020-05-30T00:00:00.000,33,2942,2828,53454,53454,2942,2020-05-30,33,2828,0.0116690240452617,0.0175805224004273,44.44515824315
Monroe,2020-05-31T00:00:00.000,22,2964,1994,55448,55448,2964,2020-05-31,22,1994,0.0110330992978937,0.0166388229285331,29.721905784448
Monroe,2020-06-01T00:00:00.000,25,2989,2340,57788,57788,2989,2020-06-01,25,2340,0.0106837606837607,0.0157700706969624,33.8065275802613
Monroe,2020-06-02T00:00:00.000,59,3048,3979,61767,61767,3048,2020-06-02,59,3979,0.0148278461925107,0.0149721139194538,79.6483228515129
Monroe,2020-06-03T00:00:00.000,33,3081,2854,64621,64621,3081,2020-06-03,33,2854,0.01156271899089,0.0142425369028967,44.3883702437966
Monroe,2020-06-04T00:00:00.000,36,3117,2438,67059,67059,3117,2020-06-04,36,2438,0.014766201804758,0.0135787325569051,48.1621413886711
Monroe,2020-06-05T00:00:00.000,50,3167,4685,71744,71744,3167,2020-06-05,50,4685,0.0106723585912487,0.0129779700859033,66.5974619355931
Monroe,2020-06-06T00:00:00.000,23,3190,3231,74975,74975,3190,2020-06-06,23,3231,0.00711853915196534,0.0124374562539808,30.8007353203685
Monroe,2020-06-07T00:00:00.000,13,3203,2881,77856,77856,3203,2020-06-07,13,2881,0.00451232211037834,0.01195438905613,17.4359522286369
Monroe,2020-06-08T00:00:00.000,40,3243,3245,81101,81101,3243,2020-06-08,40,3245,0.012326656394453,0.0115260030513185,53.6903438851732
Monroe,2020-06-09T00:00:00.000,12,3255,2985,84086,84086,3255,2020-06-09,12,2985,0.00402010050251256,0.0111496059720531,16.1064767673786
Monroe,2020-06-10T00:00:00.000,38,3293,2680,86766,86766,3293,2020-06-10,38,2680,0.0141791044776119,0.0108226065167782,50.9606812760904
Monroe,2020-06-11T00:00:00.000,27,3320,3200,89966,89966,3320,2020-06-11,27,3200,0.0084375,0.0105425334553553,36.1493531385527
Monroe,2020-06-12T00:00:00.000,20,3340,2748,92714,92714,3340,2020-06-12,20,2748,0.00727802037845706,0.0103070463381059,26.6988600680629
Monroe,2020-06-13T00:00:00.000,30,3370,3306,96020,96020,3370,2020-06-13,30,3306,0.00907441016333938,0.0101139382005517,39.9083980326106
Monroe,2020-06-14T00:00:00.000,10,3380,2541,98561,98561,3380,2020-06-14,10,2541,0.00393545848091303,0.00996113071651396,13.264679550998
Monroe,2020-06-15T00:00:00.000,22,3402,2556,101117,101117,3402,2020-06-15,22,2556,0.00860719874804382,0.00984666229063202,29.3355675943359
Monroe,2020-06-16T00:00:00.000,16,3418,2668,103785,103785,3418,2020-06-16,16,2668,0.00599700149925037,0.00976866960299261,21.417842227237
Monroe,2020-06-17T00:00:00.000,21,3439,1704,105489,105489,3439,2020-06-17,21,1704,0.0123239436619718,0.00972536315900848,28.1794857725912
Monroe,2020-06-18T00:00:00.000,22,3461,1725,107214,107214,3461,2020-06-18,22,1725,0.0127536231884058,0.00971499744968266,29.4640909982465
Monroe,2020-06-19T00:00:00.000,26,3487,2028,109242,109242,3487,2020-06-19,26,2028,0.0128205128205128,0.00973583643338818,34.6700616139019
Monroe,2020-06-20T00:00:00.000,11,3498,2118,111360,111360,3498,2020-06-20,11,2118,0.00519357884796978,0.00978611518765231,14.5611320007884
Monroe,2020-06-21T00:00:00.000,14,3512,1708,113068,113068,3512,2020-06-21,14,1708,0.00819672131147541,0.00986399878532665,18.3848306405901
Monroe,2020-06-22T00:00:00.000,28,3540,2314,115382,115382,3540,2020-06-22,28,2314,0.0121002592912705,0.00996753970004713,36.4563587893483
Monroe,2020-06-23T00:00:00.000,27,3567,1882,117264,117264,3567,2020-06-23,27,1882,0.014346439957492,0.0100946353399989,34.8389049356515
Monroe,2020-06-24T00:00:00.000,35,3602,2174,119438,119438,3602,2020-06-24,35,2174,0.016099356025759,0.0102429876343192,44.7406999298741
Monroe,2020-06-25T00:00:00.000,39,3641,2194,121632,121632,3641,2020-06-25,39,2194,0.0177757520510483,0.0104100669053522,49.3772486939909
Monroe,2020-06-26T00:00:00.000,35,3676,2250,123882,123882,3676,2020-06-26,35,2250,0.0155555555555556,0.0105930825395298,43.8827581763462
Monroe,2020-06-27T00:00:00.000,14,3690,2107,125989,125989,3690,2020-06-27,14,2107,0.00664451827242525,0.0107889631423728,17.4513228726107
Monroe,2020-06-28T00:00:00.000,19,3709,2132,128121,128121,3709,2020-06-28,19,2132,0.00891181988742964,0.010994348903156,23.6032609062605
Monroe,2020-06-29T00:00:00.000,33,3742,2744,130865,130865,3742,2020-06-29,33,2744,0.0120262390670554,0.0112055987319503,40.8036684675063
Monroe,2020-06-30T00:00:00.000,38,3780,2184,133049,133049,3780,2020-06-30,38,2184,0.0173992673992674,0.0114188143314276,46.7688670855784
Monroe,2020-07-01T00:00:00.000,53,3833,2715,135764,135764,3833,2020-07-01,53,2715,0.0195211786372007,0.0116298826961716,64.7021018878808
Monroe,2020-07-02T00:00:00.000,52,3885,2605,138369,138369,3885,2020-07-02,52,2605,0.0199616122840691,0.0118345375995823,63.7367578442414
Monroe,2020-07-03T00:00:00.000,37,3922,4769,143138,143138,3922,2020-07-03,37,4769,0.00775843992451248,0.0120284394505942,45.613858571935
Monroe,2020-07-04T00:00:00.000,31,3953,2830,145968,145968,3953,2020-07-04,31,2830,0.0109540636042403,0.012207271560465,38.4008570541942
Monroe,2020-07-05T00:00:00.000,21,3974,1765,147733,147733,3974,2020-07-05,21,1765,0.0118980169971671,0.0123668494536466,26.0060447916092
Monroe,2020-07-06T00:00:00.000,30,4004,2481,150214,150214,4004,2020-07-06,30,2481,0.0120918984280532,0.0125032385089654,37.1291612683594
Monroe,2020-07-07T00:00:00.000,42,4046,2511,152725,152725,4046,2020-07-07,42,2511,0.016726403823178,0.0126128740906166,51.9314767252407
Monroe,2020-07-08T00:00:00.000,28,4074,2744,155469,155469,4074,2020-07-08,28,2744,0.0102040816326531,0.0126926775588902,34.5751022017851
Monroe,2020-07-09T00:00:00.000,46,4120,2501,157970,157970,4120,2020-07-09,46,2501,0.0183926429428229,0.0127401612605927,56.7041072263869
Monroe,2020-07-10T00:00:00.000,33,4153,2660,160630,160630,4153,2020-07-10,33,2660,0.012406015037594,0.0127535158677508,40.5921996187402
Monroe,2020-07-11T00:00:00.000,24,4177,2666,163296,163296,4177,2020-07-11,24,2666,0.00900225056264066,0.0127316742861942,29.4461926951773
Monroe,2020-07-12T00:00:00.000,23,4200,2037,165333,165333,4200,2020-07-12,23,2037,0.0112911143838979,0.0126743477348209,28.1353309629816
Monroe,2020-07-13T00:00:00.000,47,4247,3260,168593,168593,4247,2020-07-13,47,3260,0.0144171779141104,0.0125820313951153,57.2991557769655
Monroe,2020-07-14T00:00:00.000,34,4281,2854,171447,171447,4281,2020-07-14,34,2854,0.0119131044148563,0.0124559790829151,41.2934636280698
Monroe,2020-07-15T00:00:00.000,36,4317,3270,174717,174717,4317,2020-07-15,36,3270,0.0110091743119266,0.012298148495285,43.5403332375186
Monroe,2020-07-16T00:00:00.000,36,4353,3172,177889,177889,4353,2020-07-16,36,3172,0.0113493064312736,0.01211112053435,43.343625365211
Monroe,2020-07-17T00:00:00.000,30,4383,3061,180950,180950,4383,2020-07-17,30,3061,0.00980071871937275,0.0118979978154294,35.9519044482691
Monroe,2020-07-18T00:00:00.000,18,4401,1762,182712,182712,4401,2020-07-18,18,1762,0.0102156640181612,0.0116622885916748,21.5528671757071
Monroe,2020-07-19T00:00:00.000,21,4422,2383,185095,185095,4422,2020-07-19,21,2383,0.00881242131766681,0.0114077828894344,25.1852850780289
Monroe,2020-07-20T00:00:00.000,30,4452,3247,188342,188342,4452,2020-07-20,30,3247,0.00923929781336618,0.011138427630402,36.0122925702738
Monroe,2020-07-21T00:00:00.000,40,4492,2772,191114,191114,4492,2020-07-21,40,2772,0.0144300144300144,0.010858206976792,48.0269458037069
Monroe,2020-07-22T00:00:00.000,19,4511,2471,193585,193585,4511,2020-07-22,19,2471,0.00768919465803319,0.0105710331686859,22.8003315760673
Monroe,2020-07-23T00:00:00.000,26,4537,3625,197210,197210,4537,2020-07-23,26,3625,0.00717241379310345,0.010280651869666,31.1524391168209
Monroe,2020-07-24T00:00:00.000,32,4569,2654,199864,199864,4569,2020-07-24,32,2654,0.0120572720422005,0.00999056464363143,38.1709672028377
Monroe,2020-07-25T00:00:00.000,22,4591,2611,202475,202475,4591,2020-07-25,22,2611,0.00842589046342397,0.00970396979921913,25.9379846967861
Monroe,2020-07-26T00:00:00.000,29,4620,2887,205362,205362,4620,2020-07-26,29,2887,0.0100450294423277,0.00942372156445767,33.7500488140809
Monroe,2020-07-27T00:00:00.000,12,4632,3058,208420,208420,4632,2020-07-27,12,3058,0.0039241334205363,0.00915230650509704,13.9513963453005
Monroe,2020-07-28T00:00:00.000,24,4656,3644,212064,212064,4656,2020-07-28,24,3644,0.00658616904500549,0.00889183529418863,28.0115878178064
Monroe,2020-07-29T00:00:00.000,21,4677,2914,214978,214978,4677,2020-07-29,21,2914,0.00720658888126287,0.00864404742308874,24.5729715073382
Monroe,2020-07-30T00:00:00.000,33,4710,3785,218763,218763,4710,2020-07-30,33,3785,0.00871862615587847,0.00841032618379551,38.7038606549584
Monroe,2020-07-31T00:00:00.000,32,4742,2971,221734,221734,4742,2020-07-31,32,2971,0.010770784247728,0.00819172121921164,37.482420977404
Monroe,2020-08-01T00:00:00.000,26,4768,2679,224413,224413,4768,2020-08-01,26,2679,0.00970511384845092,0.00798897608969568,30.3839461850265
Monroe,2020-08-02T00:00:00.000,22,4790,2384,226797,226797,4790,2020-08-02,22,2384,0.00922818791946309,0.00780255858276835,25.7334441513847
Monroe,2020-08-03T00:00:00.000,31,4821,2308,229105,229105,4821,2020-08-03,31,2308,0.0134315424610052,0.00763269184989418,36.3780485944694
Monroe,2020-08-04T00:00:00.000,20,4841,3199,232304,232304,4841,2020-08-04,20,3199,0.00625195373554236,0.00747938485343214,23.7533416091484
Monroe,2020-08-05T00:00:00.000,27,4868,3627,235931,235931,4868,2020-08-05,27,3627,0.00744416873449132,0.00734246100007186,32.4439485797334
Monroe,2020-08-06T00:00:00.000,33,4901,3410,239341,239341,4901,2020-08-06,33,3410,0.00967741935483871,0.00722158421328253,40.097871092012
Monroe,2020-08-07T00:00:00.000,21,4922,2608,241949,241949,4922,2020-08-07,21,2608,0.0080521472392638,0.00711628203025926,25.7348073969472
Monroe,2020-08-08T00:00:00.000,34,4956,3016,244965,244965,4956,2020-08-08,34,3016,0.0112732095490716,0.00702596559243468,41.9620772363752
Monroe,2020-08-09T00:00:00.000,20,4976,2581,247546,247546,4976,2020-08-09,20,2581,0.00774893452150329,0.00694994663322135,24.8037038760163
Monroe,2020-08-10T00:00:00.000,26,5002,3833,251379,251379,5002,2020-08-10,26,3833,0.00678319853900339,0.00688745174507884,32.2300230890491
Monroe,2020-08-11T00:00:00.000,33,5035,4321,255700,255700,5035,2020-08-11,33,4321,0.00763712103679704,0.00683763434116925,40.8092538050301
Monroe,2020-08-12T00:00:00.000,44,5079,5806,261506,261506,5079,2020-08-12,44,5806,0.00757836720633827,0.00679958481462633,54.2207986690957
Monroe,2020-08-13T00:00:00.000,43,5122,4457,265963,265963,5122,2020-08-13,43,4457,0.0096477451200359,0.00677233944177822,52.7468367474927
Monroe,2020-08-14T00:00:00.000,21,5143,4144,270107,270107,5143,2020-08-14,21,4144,0.00506756756756757,0.00675488858893115,25.6508331602129
Monroe,2020-08-15T00:00:00.000,22,5165,3599,273706,273706,5165,2020-08-15,22,3599,0.00611280911364268,0.0067461847528084,26.8514672389714
Monroe,2020-08-16T00:00:00.000,18,5183,2882,276588,276588,5183,2020-08-16,18,2882,0.00624566273421235,0.00674515091301396,21.9268013450167
Monroe,2020-08-17T00:00:00.000,30,5213,3645,280233,280233,5213,2020-08-17,30,3645,0.00823045267489712,0.0067506895888709,36.4320981208402
Monroe,2020-08-18T00:00:00.000,28,5241,3503,283736,283736,5241,2020-08-18,28,3503,0.00799314872966029,0.00676169288722819,33.8609399874116
Monroe,2020-08-19T00:00:00.000,15,5256,2807,286543,286543,5256,2020-08-19,15,2807,0.00534378339864624,0.00677705370093643,18.0446937267137
Monroe,2020-08-20T00:00:00.000,17,5273,4549,291092,291092,5273,2020-08-20,17,4549,0.00373708507364256,0.00679567808004608,20.3231218941107
Monroe,2020-08-21T00:00:00.000,24,5297,3649,294741,294741,5297,2020-08-21,24,3649,0.00657714442312962,0.00681649865080538,28.4861193137538
Monroe,2020-08-22T00:00:00.000,20,5317,3748,298489,298489,5317,2020-08-22,20,3748,0.00533617929562433,0.00683848882217122,23.548593158216
Monroe,2020-08-23T00:00:00.000,13,5330,3752,302241,302241,5330,2020-08-23,13,3752,0.00346481876332623,0.00686067738725299,15.1726553533255
Monroe,2020-08-24T00:00:00.000,18,5348,2776,305017,305017,5348,2020-08-24,18,2776,0.00648414985590778,0.00688216302880521,20.8295989532516
Monroe,2020-08-25T00:00:00.000,16,5364,3000,308017,308017,5364,2020-08-25,16,3000,0.00533333333333333,0.00690212816375054,18.4591403317468
Monroe,2020-08-26T00:00:00.000,21,5385,2660,310677,310677,5385,2020-08-26,21,2660,0.00789473684210526,0.00691985153002111,24.1393586753074
Monroe,2020-08-27T00:00:00.000,13,5398,3205,313882,313882,5398,2020-08-27,13,3205,0.00405616224648986,0.00693471893043739,14.8795300801862
Monroe,2020-08-28T00:00:00.000,24,5422,3274,317156,317156,5422,2020-08-28,24,3274,0.00733048259010385,0.00694623160197178,27.2474088318816
Monroe,2020-08-29T00:00:00.000,21,5443,3244,320400,320400,5443,2020-08-29,21,3244,0.00647348951911221,0.00695401177177177,23.9038001023792
Monroe,2020-08-30T00:00:00.000,9,5452,2301,322701,322701,5452,2020-08-30,9,2301,0.00391134289439374,0.0069578050924696,10.2899039927748
Monroe,2020-08-31T00:00:00.000,10,5462,2325,325026,325026,5462,2020-08-31,10,2325,0.0043010752688172,0.00695747979477831,11.4597746295751
Monroe,2020-09-01T00:00:00.000,6,5468,2483,327509,327509,5468,2020-09-01,6,2483,0.00241643173580346,0.00695302256230378,6.89089824185848
Monroe,2020-09-02T00:00:00.000,34,5502,3345,330854,330854,5502,2020-09-02,34,3345,0.0101644245142003,0.00694453129060428,39.1283723824552
Monroe,2020-09-03T00:00:00.000,27,5529,3118,333972,333972,5529,2020-09-03,27,3118,0.00865939704939063,0.00693220503930703,31.1318115781269
Monroe,2020-09-04T00:00:00.000,22,5551,3310,337282,337282,5551,2020-09-04,22,3310,0.00664652567975831,0.0069163316094407,25.4115641666883
Monroe,2020-09-05T00:00:00.000,21,5572,3245,340527,340527,5572,2020-09-05,21,3245,0.00647149460708783,0.00689727326832821,24.2961969159348
Monroe,2020-09-06T00:00:00.000,13,5585,2535,343062,343062,5585,2020-09-06,13,2535,0.00512820512820513,0.00687545119655946,15.063213096384
Monroe,2020-09-07T00:00:00.000,17,5602,2068,345130,345130,5602,2020-09-07,17,2068,0.00822050290135396,0.00685132925280392,19.7254518579574
Monroe,2020-09-08T00:00:00.000,13,5615,2543,347673,347673,5615,2020-09-08,13,2543,0.00511207235548565,0.00682539763340289,15.1035063654451
Monroe,2020-09-09T00:00:00.000,33,5648,2860,350533,350533,5648,2020-09-09,33,2860,0.0115384615384615,0.00679815695763694,38.3850308236792
Monroe,2020-09-10T00:00:00.000,28,5676,1976,352509,352509,5676,2020-09-10,28,1976,0.01417004048583,0.00677010324574159,32.6442823086075
Monroe,2020-09-11T00:00:00.000,36,5712,3722,356231,356231,5712,2020-09-11,36,3722,0.00967221923696937,0.00674171417193897,42.0817260894297
Monroe,2020-09-12T00:00:00.000,15,5727,2553,358784,358784,5727,2020-09-12,15,2553,0.00587544065804935,0.00671343688960843,17.5737184142734
Monroe,2020-09-13T00:00:00.000,37,5764,3760,362544,362544,5764,2020-09-13,37,3760,0.00984042553191489,0.00668567764019939,43.553926246843
Monroe,2020-09-14T00:00:00.000,29,5793,2933,365477,365477,5793,2020-09-14,29,2933,0.00988748721445619,0.00665879327759698,34.3231587580979
Monroe,2020-09-15T00:00:00.000,16,5809,2678,368155,368155,5809,2020-09-15,16,2678,0.00597460791635549,0.00663308477100124,19.0294063747471
Monroe,2020-09-16T00:00:00.000,30,5839,3927,372082,372082,5839,2020-09-16,30,3927,0.00763941940412529,0.00660879269820599,35.8367937762198
Monroe,2020-09-17T00:00:00.000,18,5857,3330,375412,375412,5857,2020-09-17,18,3330,0.00540540540540541,0.00658609469532991,21.5851779866621
Monroe,2020-09-18T00:00:00.000,19,5876,4380,379792,379792,5876,2020-09-18,19,4380,0.004337899543379,0.00656510480511427,22.860012632562
Monroe,2020-09-19T00:00:00.000,18,5894,3621,383413,383413,5894,2020-09-19,18,3621,0.00497100248550124,0.00654587464842127,21.716875653813
Monroe,2020-09-20T00:00:00.000,17,5911,1855,385268,385268,5911,2020-09-20,17,1855,0.0091644204851752,0.00652839633254685,20.5561253828791
Monroe,2020-09-21T00:00:00.000,14,5925,3498,388766,388766,5925,2020-09-21,14,3498,0.00400228702115495,0.0065126070087051,16.9574965743643
Monroe,2020-09-22T00:00:00.000,15,5940,2959,391725,391725,5940,2020-09-22,15,2959,0.00506928016221697,0.00649839498992271,18.1908483899202
Monroe,2020-09-23T00:00:00.000,30,5970,3426,395151,395151,5970,2020-09-23,30,3426,0.00875656742556918,0.00648560733382052,36.4843636821584
Monroe,2020-09-24T00:00:00.000,15,5985,3473,398624,398624,5985,2020-09-24,15,3473,0.00431903253671178,0.00647405879653633,18.3036524435064
Monroe,2020-09-25T00:00:00.000,17,6002,4000,402624,402624,6002,2020-09-25,17,4000,0.00425,0.00646354204953388,20.8130055241657
Monroe,2020-09-26T00:00:00.000,24,6026,3194,405818,405818,6026,2020-09-26,24,3194,0.00751408891671885,0.00645383904349802,29.4793231414127
Monroe,2020-09-27T00:00:00.000,19,6045,2246,408064,408064,6045,2020-09-27,19,2246,0.00845948352626892,0.00644473338661907,23.642736080776
Monroe,2020-09-28T00:00:00.000,29,6074,2901,410965,410965,6074,2020-09-28,29,2901,0.00999655291278869,0.00643602359330644,36.9230949164682
Monroe,2020-09-29T00:00:00.000,11,6085,4323,415288,415288,6085,2020-09-29,11,4323,0.00254452926208651,0.00642753704530565,14.3125105112173
Monroe,2020-09-30T00:00:00.000,36,6121,4670,419958,419958,6121,2020-09-30,36,4670,0.00770877944325482,0.00641914450903781,47.8009527060384
Montgomery,2020-04-01T00:00:00.000,1,8,10,157,157,8,2020-04-01,8,157,0.0509554140127389,0.108775189659559,8.80902492332283
Montgomery,2020-04-02T00:00:00.000,2,10,8,165,165,10,2020-04-02,2,8,0.25,0.105909715012899,2.19475575665929
Montgomery,2020-04-03T00:00:00.000,3,13,11,176,176,13,2020-04-03,3,11,0.272727272727273,0.103108818078779,3.30700015827364
Montgomery,2020-04-04T00:00:00.000,2,15,14,190,190,15,2020-04-04,2,14,0.142857142857143,0.100368114219319,2.22067278622324
Montgomery,2020-04-05T00:00:00.000,0,15,8,198,198,15,2020-04-05,0,8,0,0.0976821644214803,0
Montgomery,2020-04-06T00:00:00.000,3,18,20,218,218,18,2020-04-06,3,20,0.15,0.095044838355679,3.37725375316917
Montgomery,2020-04-07T00:00:00.000,0,18,9,227,227,18,2020-04-07,0,9,0,0.092449637747156,0
Montgomery,2020-04-08T00:00:00.000,10,28,24,251,251,28,2020-04-08,10,24,0.416666666666667,0.0898899828023653,11.3127276067876
Montgomery,2020-04-09T00:00:00.000,1,29,13,264,264,29,2020-04-09,1,13,0.0769230769230769,0.0873594639231451,1.1330163303956
Montgomery,2020-04-10T00:00:00.000,0,29,8,272,272,29,2020-04-10,0,8,0,0.0848520603982093,0
Montgomery,2020-04-11T00:00:00.000,0,29,1,273,273,29,2020-04-11,0,1,0,0.0823623271866932,0
Montgomery,2020-04-12T00:00:00.000,0,29,2,275,275,29,2020-04-12,0,2,0,0.0798855504351067,0
Montgomery,2020-04-13T00:00:00.000,3,32,56,331,331,32,2020-04-13,3,56,0.0535714285714286,0.0774178720056056,3.41293822031228
Montgomery,2020-04-14T00:00:00.000,0,32,0,331,331,32,2020-04-14,0,0,0.0267857142857143,0.0749563830826404,0
Montgomery,2020-04-15T00:00:00.000,0,32,5,336,336,32,2020-04-15,0,5,0,0.0724991869146808,0
Montgomery,2020-04-16T00:00:00.000,1,33,10,346,346,33,2020-04-16,1,10,0.1,0.0700454308893612,1.15257010081514
Montgomery,2020-04-17T00:00:00.000,1,34,4,350,350,34,2020-04-17,1,4,0.25,0.0675953085000403,1.15697223038507
Montgomery,2020-04-18T00:00:00.000,1,35,4,354,354,35,2020-04-18,1,4,0.25,0.0651500322289848,1.16088997120918
Montgomery,2020-04-19T00:00:00.000,0,35,4,358,358,35,2020-04-19,0,4,0,0.0627117790013845,0
Montgomery,2020-04-20T00:00:00.000,2,37,3,361,361,37,2020-04-20,2,3,0.666666666666667,0.0602836105222875,2.3319329936867
Montgomery,2020-04-21T00:00:00.000,1,38,3,364,364,38,2020-04-21,1,3,0.333333333333333,0.0578693715171285,1.1669283470172
Montgomery,2020-04-22T00:00:00.000,1,39,7,371,371,39,2020-04-22,1,7,0.142857142857143,0.0554735695401668,1.16929825510594
Montgomery,2020-04-23T00:00:00.000,0,39,6,377,377,39,2020-04-23,0,6,0,0.0531012405818063,0
Montgomery,2020-04-24T00:00:00.000,7,46,226,603,603,46,2020-04-24,7,226,0.0309734513274336,0.0507578051164033,8.26313973578568
Montgomery,2020-04-25T00:00:00.000,1,47,35,638,638,47,2020-04-25,1,35,0.0285714285714286,0.0484489194696695,1.18552398287452
Montgomery,2020-04-26T00:00:00.000,0,47,9,647,647,47,2020-04-26,0,9,0,0.0461803274125833,0
Montgomery,2020-04-27T00:00:00.000,2,49,19,666,666,49,2020-04-27,2,19,0.105263157894737,0.0439577167023899,2.38620323000182
Montgomery,2020-04-28T00:00:00.000,2,51,18,684,684,51,2020-04-28,2,18,0.111111111111111,0.0417865848947541,2.38862142019184
Montgomery,2020-04-29T00:00:00.000,2,53,14,698,698,53,2020-04-29,2,14,0.142857142857143,0.0396721181814709,2.390138178056
Montgomery,2020-04-30T00:00:00.000,1,54,29,727,727,54,2020-04-30,1,29,0.0344827586206897,0.0376190862772196,1.19536563380834
Montgomery,2020-05-01T00:00:00.000,0,54,27,754,754,54,2020-05-01,0,27,0,0.0356317555622899,0
Montgomery,2020-05-02T00:00:00.000,2,56,53,807,807,56,2020-05-02,2,53,0.0377358490566038,0.0337138218145911,2.38909329214988
Montgomery,2020-05-03T00:00:00.000,0,56,19,826,826,56,2020-05-03,0,19,0,0.0318683629995217,0
Montgomery,2020-05-04T00:00:00.000,5,61,28,854,854,61,2020-05-04,5,28,0.178571428571429,0.0300978117704722,5.96016688795851
Montgomery,2020-05-05T00:00:00.000,2,63,46,900,900,63,2020-05-05,2,46,0.0434782608695652,0.0284039466162771,2.38429696400607
Montgomery,2020-05-06T00:00:00.000,0,63,34,934,934,63,2020-05-06,0,34,0,0.0267878999947072,0
Montgomery,2020-05-07T00:00:00.000,1,64,36,970,970,64,2020-05-07,1,36,0.0277777777777778,0.0252501813395935,1.1902185419043
Montgomery,2020-05-08T00:00:00.000,2,66,36,1006,1006,66,2020-05-08,2,36,0.0555555555555556,0.0237907125316235,2.38281859658806
Montgomery,2020-05-09T00:00:00.000,1,67,33,1039,1039,67,2020-05-09,1,33,0.0303030303030303,0.0224088732683528,1.19196812753173
Montgomery,2020-05-10T00:00:00.000,0,67,30,1069,1069,67,2020-05-10,0,30,0,0.0211035537522271,0
Montgomery,2020-05-11T00:00:00.000,0,67,62,1131,1131,67,2020-05-11,0,62,0,0.0198732122182348,0
Montgomery,2020-05-12T00:00:00.000,1,68,115,1246,1246,68,2020-05-12,1,115,0.00869565217391304,0.0187159350089483,1.18305331356606
Montgomery,2020-05-13T00:00:00.000,1,69,177,1423,1423,69,2020-05-13,1,177,0.00564971751412429,0.0176294971716201,1.18800035613137
Montgomery,2020-05-14T00:00:00.000,3,72,46,1469,1469,72,2020-05-14,3,46,0.0652173913043478,0.0166114218476209,3.55997873560268
Montgomery,2020-05-15T00:00:00.000,3,75,93,1562,1562,75,2020-05-15,3,93,0.032258064516129,0.0156590370522257,3.56078316865633
Montgomery,2020-05-16T00:00:00.000,0,75,52,1614,1614,75,2020-05-16,0,52,0,0.014769528760162,0
Montgomery,2020-05-17T00:00:00.000,0,75,38,1652,1652,75,2020-05-17,0,38,0,0.0139399895229534,0
Montgomery,2020-05-18T00:00:00.000,0,75,25,1677,1677,75,2020-05-18,0,25,0,0.0131674621209434,0
Montgomery,2020-05-19T00:00:00.000,0,75,43,1720,1720,75,2020-05-19,0,43,0,0.0124489779984738,0
Montgomery,2020-05-20T00:00:00.000,2,77,96,1816,1816,77,2020-05-20,2,96,0.0208333333333333,0.011781590437701,2.39545172650545
Montgomery,2020-05-21T00:00:00.000,0,77,130,1946,1946,77,2020-05-21,0,130,0,0.011162402590401,0
Montgomery,2020-05-22T00:00:00.000,0,77,79,2025,2025,77,2020-05-22,0,79,0,0.0105885906170524,0
Montgomery,2020-05-23T00:00:00.000,2,79,131,2156,2156,79,2020-05-23,2,131,0.0152671755725191,0.0100574222731581,2.41571150005272
Montgomery,2020-05-24T00:00:00.000,0,79,159,2315,2315,79,2020-05-24,0,159,0,0.00956627134313199,0
Montgomery,2020-05-25T00:00:00.000,1,80,41,2356,2356,80,2020-05-25,1,41,0.024390243902439,0.00911262835725002,1.21027602825191
Montgomery,2020-05-26T00:00:00.000,2,82,47,2403,2403,82,2020-05-26,2,47,0.0425531914893617,0.00869410803687005,2.42473480614919
Montgomery,2020-05-27T00:00:00.000,0,82,341,2744,2744,82,2020-05-27,0,341,0,0.00830845390939288,0
Montgomery,2020-05-28T00:00:00.000,2,84,182,2926,2926,84,2020-05-28,2,182,0.010989010989011,0.007953540513828,2.43210530247386
Montgomery,2020-05-29T00:00:00.000,5,89,222,3148,3148,89,2020-05-29,5,222,0.0225225225225225,0.00762737359149907,6.12972351067926
Montgomery,2020-05-30T00:00:00.000,2,91,95,3243,3243,91,2020-05-30,2,95,0.0210526315789474,0.00732808862125614,2.46795028141296
Montgomery,2020-05-31T00:00:00.000,0,91,186,3429,3429,91,2020-05-31,0,186,0,0.00705394802139945,0
Montgomery,2020-06-01T00:00:00.000,2,93,104,3533,3533,93,2020-06-01,2,104,0.0192307692307692,0.00680333730257537,2.48644803965409
Montgomery,2020-06-02T00:00:00.000,1,94,213,3746,3746,94,2020-06-02,1,213,0.00469483568075117,0.00657476041661097,1.24332396455898
Montgomery,2020-06-03T00:00:00.000,2,96,311,4057,4057,96,2020-06-03,2,311,0.00643086816720257,0.00636683451043591,2.48209772458167
Montgomery,2020-06-04T00:00:00.000,0,96,314,4371,4371,96,2020-06-04,0,314,0,0.00617828425992081,0
Montgomery,2020-06-05T00:00:00.000,2,98,370,4741,4741,98,2020-06-05,2,370,0.00540540540540541,0.00600793592644051,2.4664341330804
Montgomery,2020-06-06T00:00:00.000,2,100,226,4967,4967,100,2020-06-06,2,226,0.00884955752212389,0.00585471125219211,2.48393733868466
Montgomery,2020-06-07T00:00:00.000,0,100,246,5213,5213,100,2020-06-07,0,246,0,0.00571762128432916,0
Montgomery,2020-06-08T00:00:00.000,0,100,240,5453,5453,100,2020-06-08,0,240,0,0.00559576019725482,0
Montgomery,2020-06-09T00:00:00.000,0,100,149,5602,5602,100,2020-06-09,0,149,0,0.00548829916416297,0
Montgomery,2020-06-10T00:00:00.000,1,101,235,5837,5837,101,2020-06-10,1,235,0.00425531914893617,0.00539448031361987,1.2508735318253
Montgomery,2020-06-11T00:00:00.000,2,103,327,6164,6164,103,2020-06-11,2,327,0.00611620795107034,0.00531361079476095,2.50041005769106
Montgomery,2020-06-12T00:00:00.000,0,103,218,6382,6382,103,2020-06-12,0,218,0,0.00524505696533786,0
Montgomery,2020-06-13T00:00:00.000,1,104,178,6560,6560,104,2020-06-13,1,178,0.00561797752808989,0.00518823870955084,1.24437995230972
Montgomery,2020-06-14T00:00:00.000,0,104,137,6697,6697,104,2020-06-14,0,137,0,0.00514262388767036,0
Montgomery,2020-06-15T00:00:00.000,0,104,125,6822,6822,104,2020-06-15,0,125,0,0.00510772291715934,0
Montgomery,2020-06-16T00:00:00.000,0,104,76,6898,6898,104,2020-06-16,0,76,0,0.00508308348348201,0
Montgomery,2020-06-17T00:00:00.000,1,105,151,7049,7049,105,2020-06-17,1,151,0.00662251655629139,0.00506828538047431,1.25721424243972
Montgomery,2020-06-18T00:00:00.000,1,106,224,7273,7273,106,2020-06-18,1,224,0.00446428571428571,0.00506293548151269,1.25477638469328
Montgomery,2020-06-19T00:00:00.000,0,106,156,7429,7429,106,2020-06-19,0,156,0,0.00506666284767391,0
Montgomery,2020-06-20T00:00:00.000,0,106,221,7650,7650,106,2020-06-20,0,221,0,0.00507911398262731,0
Montgomery,2020-06-21T00:00:00.000,2,108,237,7887,7887,108,2020-06-21,2,237,0.00843881856540084,0.00509994825049657,2.4587414880895
Montgomery,2020-06-22T00:00:00.000,1,109,162,8049,8049,109,2020-06-22,1,162,0.00617283950617284,0.00512883347877467,1.21831143608316
Montgomery,2020-06-23T00:00:00.000,1,110,63,8112,8112,110,2020-06-23,1,63,0.0158730158730159,0.0051654417744456,1.20670862002687
Montgomery,2020-06-24T00:00:00.000,1,111,160,8272,8272,111,2020-06-24,1,160,0.00625,0.00520944558831472,1.19473397880871
Montgomery,2020-06-25T00:00:00.000,2,113,163,8435,8435,113,2020-06-25,2,163,0.0122699386503067,0.00526051406710443,2.36510127670223
Montgomery,2020-06-26T00:00:00.000,3,116,210,8645,8645,116,2020-06-26,3,210,0.0142857142857143,0.00531830973850024,3.51093067383191
Montgomery,2020-06-27T00:00:00.000,2,118,312,8957,8957,118,2020-06-27,2,312,0.00641025641025641,0.00538248557631286,2.32557649945014
Montgomery,2020-06-28T00:00:00.000,0,118,174,9131,9131,118,2020-06-28,0,174,0,0.00545268249466153,0
Montgomery,2020-06-29T00:00:00.000,0,118,127,9258,9258,118,2020-06-29,0,127,0,0.00552852731857555,0
Montgomery,2020-06-30T00:00:00.000,0,118,83,9341,9341,118,2020-06-30,0,83,0,0.00560963127464736,0
Montgomery,2020-07-01T00:00:00.000,1,119,179,9520,9520,119,2020-07-01,1,179,0.00558659217877095,0.00569558903847199,1.13668165450487
Montgomery,2020-07-02T00:00:00.000,0,119,169,9689,9689,119,2020-07-02,0,169,0,0.00578597836658842,0
Montgomery,2020-07-03T00:00:00.000,0,119,167,9856,9856,119,2020-07-03,0,167,0,0.00588036032776496,0
Montgomery,2020-07-04T00:00:00.000,0,119,242,10098,10098,119,2020-07-04,0,242,0,0.00597828013388286,0
Montgomery,2020-07-05T00:00:00.000,1,120,170,10268,10268,120,2020-07-05,1,170,0.00588235294117647,0.00607926855434745,1.15349107079316
Montgomery,2020-07-06T00:00:00.000,1,121,169,10437,10437,121,2020-07-06,1,169,0.00591715976331361,0.00618284387930502,1.15348104061145
Montgomery,2020-07-07T00:00:00.000,0,121,76,10513,10513,121,2020-07-07,0,76,0,0.00628851437882821,0
Montgomery,2020-07-08T00:00:00.000,4,125,174,10687,10687,125,2020-07-08,4,174,0.0229885057471264,0.00639578118737056,4.61210798976976
Montgomery,2020-07-09T00:00:00.000,3,128,202,10889,10889,128,2020-07-09,3,202,0.0148514851485149,0.00650414152626744,3.45763738990979
Montgomery,2020-07-10T00:00:00.000,2,130,202,11091,11091,130,2020-07-10,2,202,0.0099009900990099,0.0066130921629272,2.30375402086076
Montgomery,2020-07-11T00:00:00.000,2,132,229,11320,11320,132,2020-07-11,2,229,0.00873362445414847,0.00672213299543259,2.30202513819346
Montgomery,2020-07-12T00:00:00.000,1,133,131,11451,11451,133,2020-07-12,1,131,0.00763358778625954,0.0068307706449059,1.14994905511537
Montgomery,2020-07-13T00:00:00.000,8,141,230,11681,11681,141,2020-07-13,8,230,0.0347826086956522,0.00693852193665527,9.18950191210169
Montgomery,2020-07-14T00:00:00.000,0,141,94,11775,11775,141,2020-07-14,0,94,0,0.00704491715530105,0
Montgomery,2020-07-15T00:00:00.000,0,141,133,11908,11908,141,2020-07-15,0,133,0,0.0071495029680057,0
Montgomery,2020-07-16T00:00:00.000,0,141,380,12288,12288,141,2020-07-16,0,380,0,0.00725184492423111,0
Montgomery,2020-07-17T00:00:00.000,2,143,252,12540,12540,143,2020-07-17,2,252,0.00793650793650794,0.0073515294587106,2.2841310811259
Montgomery,2020-07-18T00:00:00.000,0,143,125,12665,12665,143,2020-07-18,0,125,0,0.00744816534641059,0
Montgomery,2020-07-19T00:00:00.000,0,143,123,12788,12788,143,2020-07-19,0,123,0,0.00754138458298661,0
Montgomery,2020-07-20T00:00:00.000,1,144,137,12925,12925,144,2020-07-20,1,137,0.0072992700729927,0.00763084268974527,1.15585771563723
Montgomery,2020-07-21T00:00:00.000,0,144,156,13081,13081,144,2020-07-21,0,156,0,0.00771621846851396,0
Montgomery,2020-07-22T00:00:00.000,1,145,124,13205,13205,145,2020-07-22,1,124,0.00806451612903226,0.00779721325651253,1.16404497275999
Montgomery,2020-07-23T00:00:00.000,1,146,190,13395,13395,146,2020-07-23,1,190,0.00526315789473684,0.00787354975408666,1.16663150460144
Montgomery,2020-07-24T00:00:00.000,1,147,188,13583,13583,147,2020-07-24,1,188,0.00531914893617021,0.00794497051745647,1.16582512800975
Montgomery,2020-07-25T00:00:00.000,1,148,187,13770,13770,148,2020-07-25,1,187,0.0053475935828877,0.00801123622469577,1.15661430412062
Montgomery,2020-07-26T00:00:00.000,0,148,150,13920,13920,148,2020-07-26,0,150,0,0.00807212383245066,0
Montgomery,2020-07-27T00:00:00.000,4,152,68,13988,13988,152,2020-07-27,4,68,0.0588235294117647,0.00812742474836756,4.59556234380023
Montgomery,2020-07-28T00:00:00.000,0,152,102,14090,14090,152,2020-07-28,0,102,0,0.00817694314275616,0
Montgomery,2020-07-29T00:00:00.000,0,152,142,14232,14232,152,2020-07-29,0,142,0,0.00822049451898951,0
Montgomery,2020-07-30T00:00:00.000,2,154,198,14430,14430,154,2020-07-30,2,198,0.0101010101010101,0.00825790465188452,2.3414023271057
Montgomery,2020-07-31T00:00:00.000,1,155,211,14641,14641,155,2020-07-31,1,211,0.004739336492891,0.00828900898791267,1.17270938404591
Montgomery,2020-08-01T00:00:00.000,2,157,293,14934,14934,157,2020-08-01,2,293,0.0068259385665529,0.00831365258244122,2.34655588074229
Montgomery,2020-08-02T00:00:00.000,3,160,202,15136,15136,160,2020-08-02,3,202,0.0148514851485149,0.00833169062623514,3.53220661455116
Montgomery,2020-08-03T00:00:00.000,0,160,196,15332,15332,160,2020-08-03,0,196,0,0.00834298958711847,0
Montgomery,2020-08-04T00:00:00.000,1,161,168,15500,15500,161,2020-08-04,1,168,0.00595238095238095,0.00834742896592799,1.20077988480726
Montgomery,2020-08-05T00:00:00.000,8,169,142,15642,15642,169,2020-08-05,8,142,0.0563380281690141,0.00834490363581047,9.73683689385567
Montgomery,2020-08-06T00:00:00.000,1,170,339,15981,15981,170,2020-08-06,1,339,0.00294985250737463,0.00833532670561947,1.23264037847676
Montgomery,2020-08-07T00:00:00.000,2,172,202,16183,16183,172,2020-08-07,2,202,0.0099009900990099,0.00831863282001078,2.48949640560512
Montgomery,2020-08-08T00:00:00.000,4,176,251,16434,16434,176,2020-08-08,4,251,0.0159362549800797,0.00829478178272407,5.01935540418841
Montgomery,2020-08-09T00:00:00.000,1,177,124,16558,16558,177,2020-08-09,1,124,0.00806451612903226,0.00826376236790933,1.26184548226673
Montgomery,2020-08-10T00:00:00.000,0,177,164,16722,16722,177,2020-08-10,0,164,0,0.00822559616586872,0
Montgomery,2020-08-11T00:00:00.000,0,177,122,16844,16844,177,2020-08-11,0,122,0,0.0081803412978654,0
Montgomery,2020-08-12T00:00:00.000,2,179,157,17001,17001,179,2020-08-12,2,157,0.0127388535031847,0.00812809582934661,2.50896077482901
Montgomery,2020-08-13T00:00:00.000,2,181,175,17176,17176,181,2020-08-13,2,175,0.0114285714285714,0.00806900071164258,2.49669828881212
Montgomery,2020-08-14T00:00:00.000,3,184,260,17436,17436,184,2020-08-14,3,260,0.0115384615384615,0.0080032420928495,3.72707568764268
Montgomery,2020-08-15T00:00:00.000,3,187,254,17690,17690,187,2020-08-15,3,254,0.0118110236220472,0.00793105285385835,3.72129292262062
Montgomery,2020-08-16T00:00:00.000,1,188,130,17820,17820,188,2020-08-16,1,130,0.00769230769230769,0.0078527132507213,1.23681739213792
Montgomery,2020-08-17T00:00:00.000,0,188,192,18012,18012,188,2020-08-17,0,192,0,0.00776855057383903,0
Montgomery,2020-08-18T00:00:00.000,1,189,166,18178,18178,189,2020-08-18,1,166,0.00602409638554217,0.00767893777008788,1.22480104823526
Montgomery,2020-08-19T00:00:00.000,1,190,145,18323,18323,190,2020-08-19,1,145,0.00689655172413793,0.00758429101229986,1.21659397758991
Montgomery,2020-08-20T00:00:00.000,3,193,362,18685,18685,193,2020-08-20,3,362,0.00828729281767956,0.00748506624090062,3.62125443726842
Montgomery,2020-08-21T00:00:00.000,0,193,199,18884,18884,193,2020-08-21,0,199,0,0.0073817547409928,0
Montgomery,2020-08-22T00:00:00.000,1,194,190,19074,19074,194,2020-08-22,1,190,0.00526315789473684,0.00727487785642104,1.18473584186779
Montgomery,2020-08-23T00:00:00.000,2,196,163,19237,19237,196,2020-08-23,2,163,0.0122699386503067,0.00716498097276165,2.34440716854267
Montgomery,2020-08-24T00:00:00.000,0,196,92,19329,19329,196,2020-08-24,0,92,0,0.0070526269286401,0
Montgomery,2020-08-25T00:00:00.000,1,197,169,19498,19498,197,2020-08-25,1,169,0.00591715976331361,0.00693838903227559,1.15430094592088
Montgomery,2020-08-26T00:00:00.000,1,198,138,19636,19636,198,2020-08-26,1,138,0.0072463768115942,0.0068228438704337,1.14787156763701
Montgomery,2020-08-27T00:00:00.000,2,200,263,19899,19899,200,2020-08-27,2,263,0.00760456273764259,0.00670656409870111,2.28151317320696
Montgomery,2020-08-28T00:00:00.000,2,202,218,20117,20117,202,2020-08-28,2,218,0.00917431192660551,0.00659011139509468,2.25869875099428
Montgomery,2020-08-29T00:00:00.000,0,202,217,20334,20334,202,2020-08-29,0,217,0,0.00647402974445619,0
Montgomery,2020-08-30T00:00:00.000,4,206,293,20627,20627,206,2020-08-30,4,293,0.0136518771331058,0.00635883920156179,4.53230745387829
Montgomery,2020-08-31T00:00:00.000,1,207,326,20953,20953,207,2020-08-31,1,326,0.00306748466257669,0.00624503025423479,1.13366394892043
Montgomery,2020-09-01T00:00:00.000,1,208,65,21018,21018,208,2020-09-01,1,65,0.0153846153846154,0.00613305888082378,1.13416159180575
Montgomery,2020-09-02T00:00:00.000,3,211,158,21176,21176,211,2020-09-02,3,158,0.0189873417721519,0.0060233423660377,3.40371808083209
Montgomery,2020-09-03T00:00:00.000,1,212,242,21418,21418,212,2020-09-03,1,242,0.00413223140495868,0.00591625591016214,1.13490153723295
Montgomery,2020-09-04T00:00:00.000,2,214,222,21640,21640,214,2020-09-04,2,222,0.00900900900900901,0.00581213003984434,2.27030739873471
Montgomery,2020-09-05T00:00:00.000,1,215,213,21853,21853,215,2020-09-05,1,213,0.00469483568075117,0.00571124880467465,1.13533589492742
Montgomery,2020-09-06T00:00:00.000,0,215,169,22022,22022,215,2020-09-06,0,169,0,0.00561384872354316,0
Montgomery,2020-09-07T00:00:00.000,0,215,163,22185,22185,215,2020-09-07,0,163,0,0.00552011843060843,0
Montgomery,2020-09-08T00:00:00.000,0,215,75,22260,22260,215,2020-09-08,0,75,0,0.00543019896013199,0
Montgomery,2020-09-09T00:00:00.000,0,215,137,22397,22397,215,2020-09-09,0,137,0,0.00534418460418187,0
Montgomery,2020-09-10T00:00:00.000,2,217,276,22673,22673,217,2020-09-10,2,276,0.0072463768115942,0.00526212427737282,2.27371313257958
Montgomery,2020-09-11T00:00:00.000,1,218,259,22932,22932,218,2020-09-11,1,259,0.00386100386100386,0.00518402332532284,1.13862497501876
Montgomery,2020-09-12T00:00:00.000,0,218,260,23192,23192,218,2020-09-12,0,260,0,0.005109845720456,0
Montgomery,2020-09-13T00:00:00.000,0,218,322,23514,23514,218,2020-09-13,0,322,0,0.00503951659766327,0
Montgomery,2020-09-14T00:00:00.000,0,218,169,23683,23683,218,2020-09-14,0,169,0,0.00497292509229113,0
Montgomery,2020-09-15T00:00:00.000,0,218,190,23873,23873,218,2020-09-15,0,190,0,0.00490992745336136,0
Montgomery,2020-09-16T00:00:00.000,1,219,177,24050,24050,219,2020-09-16,1,177,0.00564971751412429,0.00485035041572885,1.15817181395266
Montgomery,2020-09-17T00:00:00.000,0,219,213,24263,24263,219,2020-09-17,0,213,0,0.00479399482259059,0
Montgomery,2020-09-18T00:00:00.000,4,223,244,24507,24507,223,2020-09-18,4,244,0.0163934426229508,0.00474063949730904,4.65846013271518
Montgomery,2020-09-19T00:00:00.000,4,227,287,24794,24794,227,2020-09-19,4,287,0.0139372822299652,0.00469004536751801,4.66773043040468
Montgomery,2020-09-20T00:00:00.000,0,227,254,25048,25048,227,2020-09-20,0,254,0,0.00464195984518314,0
Montgomery,2020-09-21T00:00:00.000,2,229,434,25482,25482,229,2020-09-21,2,434,0.00460829493087558,0.00459612146478188,2.33952322298384
Montgomery,2020-09-22T00:00:00.000,1,230,86,25568,25568,230,2020-09-22,1,86,0.0116279069767442,0.00455226477675158,1.17031786903327
Montgomery,2020-09-23T00:00:00.000,2,232,155,25723,25723,232,2020-09-23,2,155,0.0129032258064516,0.00451012548453324,2.3455209401812
Montgomery,2020-09-24T00:00:00.000,0,232,251,25974,25974,232,2020-09-24,0,251,0,0.00446944580463801,0
Montgomery,2020-09-25T00:00:00.000,0,232,159,26133,26133,232,2020-09-25,0,159,0,0.00442998001628586,0
Montgomery,2020-09-26T00:00:00.000,0,232,144,26277,26277,232,2020-09-26,0,144,0,0.00439150015593047,0
Montgomery,2020-09-27T00:00:00.000,0,232,70,26347,26347,232,2020-09-27,0,70,0,0.00435380180020379,0
Montgomery,2020-09-28T00:00:00.000,2,234,217,26564,26564,234,2020-09-28,2,217,0.00921658986175115,0.00431670987235622,2.44671631426359
Montgomery,2020-09-29T00:00:00.000,1,235,75,26639,26639,235,2020-09-29,1,75,0.0133333333333333,0.00428008440138003,1.24929185338206
Montgomery,2020-09-30T00:00:00.000,0,235,100,26739,26739,235,2020-09-30,0,100,0,0.00424382616394033,0
Nassau,2020-04-01T00:00:00.000,1033,10587,1908,24308,24308,10587,2020-04-01,10587,24308,0.435535626131315,0.465516146666964,13481.904759973
Nassau,2020-04-02T00:00:00.000,1437,12024,2663,26971,26971,12024,2020-04-02,1437,2663,0.53961697333834,0.460805331826834,1826.71644656787
Nassau,2020-04-03T00:00:00.000,1322,13346,2694,29665,29665,13346,2020-04-03,1322,2694,0.49072011878248,0.456071183737874,1690.90067904306
Nassau,2020-04-04T00:00:00.000,1052,14398,2195,31860,31860,14398,2020-04-04,1052,2195,0.479271070615034,0.451266471131282,1357.54440703968
Nassau,2020-04-05T00:00:00.000,1218,15616,2363,34223,34223,15616,2020-04-05,1218,2363,0.515446466356327,0.446326125665002,1585.60819457412
Nassau,2020-04-06T00:00:00.000,994,16610,2097,36320,36320,16610,2020-04-06,994,2097,0.474010491177873,0.441171516293971,1304.65810175339
Nassau,2020-04-07T00:00:00.000,1938,18548,4179,40499,40499,18548,2020-04-07,1938,4179,0.463747307968414,0.435714642179995,2554.81627982991
Nassau,2020-04-08T00:00:00.000,1592,20140,3598,44097,44097,20140,2020-04-08,1592,3598,0.442468037798777,0.429862243444034,2106.06705163848
Nassau,2020-04-09T00:00:00.000,1372,21512,3021,47118,47118,21512,2020-04-09,1372,3021,0.454154253558424,0.423519828846336,1820.31546873267
Nassau,2020-04-10T00:00:00.000,1072,22584,2527,49645,49645,22584,2020-04-10,1072,2527,0.424218440838939,0.416595616880605,1425.70575336883
Nassau,2020-04-11T00:00:00.000,969,23553,2307,51952,51952,23553,2020-04-11,969,2307,0.420026007802341,0.409004378943862,1291.15294801502
Nassau,2020-04-12T00:00:00.000,805,24358,2072,54024,54024,24358,2020-04-12,805,2072,0.388513513513513,0.400671160940761,1074.09922697256
Nassau,2020-04-13T00:00:00.000,892,25250,2283,56307,56307,25250,2020-04-13,892,2283,0.390713972842751,0.391534840744214,1193.34205217234
Nassau,2020-04-14T00:00:00.000,1465,26715,3155,59462,59462,26715,2020-04-14,1465,3155,0.464342313787639,0.381551453001618,1970.08330557991
Nassau,2020-04-15T00:00:00.000,1057,27772,2814,62276,62276,27772,2020-04-15,1057,2814,0.375621890547264,0.370697181467926,1428.28198209081
Nassau,2020-04-16T00:00:00.000,767,28539,2386,64662,64662,28539,2020-04-16,767,2386,0.321458507963118,0.35897088357551,1040.95188137127
Nassau,2020-04-17T00:00:00.000,641,29180,1973,66635,66635,29180,2020-04-17,641,1973,0.324885960466295,0.346395979981289,873.266084482846
Nassau,2020-04-18T00:00:00.000,833,30013,2658,69293,69293,30013,2020-04-18,833,2658,0.31339352896915,0.333021518579982,1138.39197875742
Nassau,2020-04-19T00:00:00.000,664,30677,2196,71489,71489,30677,2020-04-19,664,2196,0.302367941712204,0.318922220270688,909.46494938906
Nassau,2020-04-20T00:00:00.000,402,31079,1385,72874,72874,31079,2020-04-20,402,1385,0.290252707581227,0.304197339174536,551.071232413408
Nassau,2020-04-21T00:00:00.000,476,31555,1697,74571,74571,31555,2020-04-21,476,1697,0.280494991160872,0.288968231834143,652.36593637067
Nassau,2020-04-22T00:00:00.000,569,32124,1980,76551,76551,32124,2020-04-22,569,1980,0.287373737373737,0.273374626771652,780.377568018304
Nassau,2020-04-23T00:00:00.000,641,32765,2787,79338,79338,32765,2020-04-23,641,2787,0.229996411912451,0.257569711340432,882.028315973889
Nassau,2020-04-24T00:00:00.000,1033,33798,4225,83563,83563,33798,2020-04-24,1033,4225,0.244497041420118,0.241714289569768,1425.36906082105
Nassau,2020-04-25T00:00:00.000,724,34522,3334,86897,86897,34522,2020-04-25,724,3334,0.217156568686263,0.225970390171646,1001.2110964476
Nassau,2020-04-26T00:00:00.000,343,34865,1871,88768,88768,34865,2020-04-26,343,1871,0.183324425440941,0.210494792482986,475.105660678757
Nassau,2020-04-27T00:00:00.000,220,35085,1499,90267,90267,35085,2020-04-27,220,1499,0.146764509673115,0.195432969308208,304.716790150807
Nassau,2020-04-28T00:00:00.000,420,35505,2509,92776,92776,35505,2020-04-28,420,2509,0.167397369469908,0.180913909152654,580.777957695582
Nassau,2020-04-29T00:00:00.000,349,35854,2424,95200,95200,35854,2020-04-29,349,2424,0.143976897689769,0.167046180646252,481.56349354742
Nassau,2020-04-30T00:00:00.000,307,36161,2108,97308,97308,36161,2020-04-30,307,2108,0.145635673624288,0.15391545574184,422.499831781612
Nassau,2020-05-01T00:00:00.000,358,36519,2384,99692,99692,36519,2020-05-01,358,2384,0.150167785234899,0.141583543149413,491.177533715383
Nassau,2020-05-02T00:00:00.000,261,36780,2194,101886,101886,36780,2020-05-02,261,2194,0.118960802187785,0.130088827304899,356.850920828614
Nassau,2020-05-03T00:00:00.000,185,36965,1736,103622,103622,36965,2020-05-03,185,1736,0.106566820276498,0.119447885198557,251.970846499282
Nassau,2020-05-04T00:00:00.000,187,37152,1822,105444,105444,37152,2020-05-04,187,1822,0.102634467618002,0.10965797738046,253.676684855266
Nassau,2020-05-05T00:00:00.000,198,37350,1765,107209,107209,37350,2020-05-05,198,1765,0.112181303116147,0.10070008364177,267.892561434784
Nassau,2020-05-06T00:00:00.000,243,37593,2658,109867,109867,37593,2020-05-06,243,2658,0.0914221218961625,0.0925421713117604,327.646774223545
Nassau,2020-05-07T00:00:00.000,219,37812,2050,111917,111917,37812,2020-05-07,219,2050,0.106829268292683,0.0851424325829786,294.346571629214
Nassau,2020-05-08T00:00:00.000,216,38028,2390,114307,114307,38028,2020-05-08,216,2390,0.0903765690376569,0.0784522924405914,289.957639303659
Nassau,2020-05-09T00:00:00.000,189,38217,2260,116567,116567,38217,2020-05-09,189,2260,0.0836283185840708,0.0724190574477643,253.32014720907
Nassau,2020-05-10T00:00:00.000,120,38337,1756,118323,118323,38337,2020-05-10,120,1756,0.0683371298405467,0.0669881384235241,160.352757980719
Nassau,2020-05-11T00:00:00.000,97,38434,1558,119881,119881,38434,2020-05-11,97,1558,0.0622593068035944,0.062104831256626,128.739920408107
Nassau,2020-05-12T00:00:00.000,153,38587,2374,122255,122255,38587,2020-05-12,153,2374,0.0644481887110362,0.0577156771909258,202.58345509454
Nassau,2020-05-13T00:00:00.000,156,38743,2633,124888,124888,38743,2020-05-13,156,2633,0.0592480060767186,0.0537694479566686,207.190927428139
Nassau,2020-05-14T00:00:00.000,121,38864,2363,127251,127251,38864,2020-05-14,121,2363,0.0512060939483707,0.0502178133268525,160.38236693025
Nassau,2020-05-15T00:00:00.000,169,39033,2478,129729,129729,39033,2020-05-15,169,2478,0.0682001614205004,0.0470157524317093,223.902432710836
Nassau,2020-05-16T00:00:00.000,103,39136,2020,131749,131749,39136,2020-05-16,103,2020,0.050990099009901,0.0441217675137316,136.327622133999
Nassau,2020-05-17T00:00:00.000,89,39225,1749,133498,133498,39225,2020-05-17,89,1749,0.0508862206975415,0.0414979526105491,117.843593066543
Nassau,2020-05-18T00:00:00.000,70,39295,1635,135133,135133,39295,2020-05-18,70,1635,0.0428134556574924,0.0391099613255093,93.0275990493848
Nassau,2020-05-19T00:00:00.000,73,39368,2281,137414,137414,39368,2020-05-19,73,2281,0.0320035072336694,0.0369269089774591,97.2485034506231
Nassau,2020-05-20T00:00:00.000,119,39487,3112,140526,140526,39487,2020-05-20,119,3112,0.0382390745501285,0.0349212357967576,158.888680096745
Nassau,2020-05-21T00:00:00.000,121,39608,3097,143623,143623,39608,2020-05-21,121,3097,0.0390700678075557,0.0330685498969532,162.124456456356
Nassau,2020-05-22T00:00:00.000,118,39726,4188,147811,147811,39726,2020-05-22,118,4188,0.0281757402101242,0.0313474620082733,158.538215569283
Nassau,2020-05-23T00:00:00.000,111,39837,3739,151550,151550,39837,2020-05-23,111,3739,0.0296870821075154,0.0297394183353181,149.424781144734
Nassau,2020-05-24T00:00:00.000,70,39907,2891,154441,154441,39907,2020-05-24,70,2891,0.0242130750605327,0.0282285335821202,94.3397470416649
Nassau,2020-05-25T00:00:00.000,67,39974,2269,156710,156710,39974,2020-05-25,67,2269,0.0295284266196562,0.0268014231834088,90.3255581344225
Nassau,2020-05-26T00:00:00.000,60,40034,2390,159100,159100,40034,2020-05-26,60,2390,0.0251046025104603,0.0254470319136891,80.9891258642992
Nassau,2020-05-27T00:00:00.000,106,40140,4664,163764,163764,40140,2020-05-27,106,4664,0.0227272727272727,0.0241564554260528,143.241400581046
Nassau,2020-05-28T00:00:00.000,86,40226,4760,168524,168524,40226,2020-05-28,86,4760,0.0180672268907563,0.0229227515610911,116.257627287064
Nassau,2020-05-29T00:00:00.000,81,40307,4710,173234,173234,40307,2020-05-29,81,4710,0.0171974522292994,0.0217407394695355,110.267068639594
Nassau,2020-05-30T00:00:00.000,89,40396,4112,177346,177346,40396,2020-05-30,89,4112,0.0216439688715953,0.0206067862987175,121.786282160005
Nassau,2020-05-31T00:00:00.000,83,40479,3878,181224,181224,40479,2020-05-31,83,3878,0.0214027849406911,0.0195185832293975,113.936961610657
Nassau,2020-06-01T00:00:00.000,93,40572,3851,185075,185075,40572,2020-06-01,93,3851,0.0241495715398598,0.0184749146871149,127.766907966614
Nassau,2020-06-02T00:00:00.000,72,40644,4433,189508,189508,40644,2020-06-02,72,4433,0.0162418226934356,0.0174754262459179,98.7123714779776
Nassau,2020-06-03T00:00:00.000,69,40713,5104,194612,194612,40713,2020-06-03,69,5104,0.0135188087774295,0.0165203979452075,94.1992978866072
Nassau,2020-06-04T00:00:00.000,84,40797,5177,199789,199789,40797,2020-06-04,84,5177,0.0162256132895499,0.0156105302196346,113.956319865248
Nassau,2020-06-05T00:00:00.000,56,40853,5533,205322,205322,40853,2020-06-05,56,5533,0.010121091632026,0.0147467493490899,75.5482926460053
Nassau,2020-06-06T00:00:00.000,51,40904,4119,209441,209441,40904,2020-06-06,51,4119,0.0123816460305899,0.0139300383801582,69.0757325786248
Nassau,2020-06-07T00:00:00.000,43,40947,4033,213474,213474,40947,2020-06-07,43,4033,0.010662038184974,0.0131612978850427,58.230149755957
Nassau,2020-06-08T00:00:00.000,33,40980,3159,216633,216633,40980,2020-06-08,33,3159,0.0104463437796771,0.0124412390233172,44.6342893541244
Nassau,2020-06-09T00:00:00.000,35,41015,4210,220843,220843,41015,2020-06-09,35,4210,0.00831353919239905,0.0117703093290795,47.2324185656757
Nassau,2020-06-10T00:00:00.000,45,41060,4869,225712,225712,41060,2020-06-10,45,4869,0.00924214417744917,0.0111486497090699,60.5275621873077
Nassau,2020-06-11T00:00:00.000,54,41114,4796,230508,230508,41114,2020-06-11,54,4796,0.0112593828190158,0.0105760795028777,72.3216786491766
Nassau,2020-06-12T00:00:00.000,58,41172,5228,235736,235736,41172,2020-06-12,58,5228,0.0110941086457536,0.0100521052514801,77.2330164059347
Nassau,2020-06-13T00:00:00.000,32,41204,4039,239775,239775,41204,2020-06-13,32,4039,0.00792275315672196,0.00957594809043337,42.3369109734336
Nassau,2020-06-14T00:00:00.000,36,41240,3939,243714,243714,41240,2020-06-14,36,3939,0.00913937547600914,0.00914658443126117,47.347199277997
Nassau,2020-06-15T00:00:00.000,50,41290,4585,248299,248299,41290,2020-06-15,50,4585,0.0109051254089422,0.00876279476273098,65.898750294047
Nassau,2020-06-16T00:00:00.000,30,41320,4270,252569,252569,41320,2020-06-16,30,4270,0.00702576112412178,0.00842321586721784,39.5677393446606
Nassau,2020-06-17T00:00:00.000,29,41349,5054,257623,257623,41349,2020-06-17,29,5054,0.00573802928373566,0.00812639243985375,38.2217848281335
Nassau,2020-06-18T00:00:00.000,38,41387,5646,263269,263269,41387,2020-06-18,38,5646,0.0067304286220333,0.00787082485630855,49.8323902205743
Nassau,2020-06-19T00:00:00.000,56,41443,4698,267967,267967,41443,2020-06-19,56,4698,0.0119199659429544,0.0076550106330708,72.8998350148233
Nassau,2020-06-20T00:00:00.000,36,41479,5000,272967,272967,41479,2020-06-20,36,5000,0.0072,0.00747747781992549,46.3894726474813
Nassau,2020-06-21T00:00:00.000,34,41513,4104,277071,277071,41513,2020-06-21,34,4104,0.00828460038986355,0.00733680918739021,43.3466896445803
Nassau,2020-06-22T00:00:00.000,31,41544,3374,280445,280445,41544,2020-06-22,31,3374,0.00918790752815649,0.00723165655539062,39.0878635961754
Nassau,2020-06-23T00:00:00.000,41,41585,3983,284428,284428,41585,2020-06-23,41,3983,0.010293748430831,0.00716074497833859,51.117704780706
Nassau,2020-06-24T00:00:00.000,61,41646,5618,290046,290046,41646,2020-06-24,61,5618,0.0108579565681737,0.00712286678875748,75.1947261501214
Nassau,2020-06-25T00:00:00.000,38,41684,3867,293913,293913,41684,2020-06-25,38,3867,0.00982673907421774,0.00711686570493721,46.3158247447223
Nassau,2020-06-26T00:00:00.000,41,41725,5282,299195,299195,41725,2020-06-26,41,5282,0.0077622112836047,0.00714161141643063,49.4182218776322
Nassau,2020-06-27T00:00:00.000,29,41754,5255,304450,304450,41754,2020-06-27,29,5255,0.0055185537583254,0.00719596525972629,34.7143670145887
Nassau,2020-06-28T00:00:00.000,26,41780,3856,308306,308306,41780,2020-06-28,26,3856,0.00674273858921162,0.00727873787157039,30.9941985261277
Nassau,2020-06-29T00:00:00.000,27,41807,3478,311784,311784,41807,2020-06-29,27,3478,0.00776308223116734,0.00738864005509389,32.0229973095876
Nassau,2020-06-30T00:00:00.000,46,41853,3842,315626,315626,41853,2020-06-30,46,3842,0.0119729307652264,0.0075242285475637,54.3019195035145
Nassau,2020-07-01T00:00:00.000,57,41910,5297,320923,320923,41910,2020-07-01,57,5297,0.0107608080045309,0.00768384892891048,66.760214536963
Nassau,2020-07-02T00:00:00.000,37,41947,4562,325485,325485,41947,2020-07-02,37,4562,0.00811047786058746,0.00786557854727803,43.5357756415208
Nassau,2020-07-03T00:00:00.000,41,41988,4709,330194,330194,41988,2020-07-03,41,4709,0.008706731790189,0.00806717299022169,48.5657558999908
Nassau,2020-07-04T00:00:00.000,43,42031,6290,336484,336484,42031,2020-07-04,43,6290,0.0068362480127186,0.00828602024410338,51.2413328185796
Nassau,2020-07-05T00:00:00.000,22,42053,3801,340285,340285,42053,2020-07-05,22,3801,0.00578795053933175,0.00851910715311282,26.2476963367145
Nassau,2020-07-06T00:00:00.000,35,42088,4066,344351,344351,42088,2020-07-06,35,4066,0.00860796851942941,0.00876300298000016,41.8046866798194
Nassau,2020-07-07T00:00:00.000,34,42122,3792,348143,348143,42122,2020-07-07,34,3792,0.0089662447257384,0.00901386468829746,40.6508842026535
Nassau,2020-07-08T00:00:00.000,42,42164,5038,353181,353181,42164,2020-07-08,42,5038,0.00833664152441445,0.00926746789242627,50.2568790982737
Nassau,2020-07-09T00:00:00.000,68,42232,6711,359892,359892,42232,2020-07-09,68,6711,0.0101326180897035,0.0095192661956962,81.4157546556522
Nassau,2020-07-10T00:00:00.000,35,42267,5718,365610,365610,42267,2020-07-10,35,5718,0.00612102133613151,0.00976447985790417,41.9178123128315
Nassau,2020-07-11T00:00:00.000,40,42307,5168,370778,370778,42307,2020-07-11,40,5168,0.00773993808049536,0.0099982124989273,47.9050815398931
Nassau,2020-07-12T00:00:00.000,47,42354,4319,375097,375097,42354,2020-07-12,47,4319,0.0108821486455198,0.010215592005602,56.2672697285598
Nassau,2020-07-13T00:00:00.000,69,42423,3898,378995,378995,42423,2020-07-13,69,3898,0.0177013853258081,0.0104119292314695,82.5424775725688
Nassau,2020-07-14T00:00:00.000,39,42462,4295,383290,383290,42462,2020-07-14,39,4295,0.00908032596041909,0.0105828857744013,46.6003980266745
Nassau,2020-07-15T00:00:00.000,44,42506,5979,389269,389269,42506,2020-07-15,44,5979,0.00735909014885432,0.0107246403977456,52.4923752703005
Nassau,2020-07-16T00:00:00.000,49,42555,5567,394836,394836,42555,2020-07-16,49,5567,0.00880186815160769,0.0108340428234181,58.3417477715495
Nassau,2020-07-17T00:00:00.000,39,42594,4695,399531,399531,42594,2020-07-17,39,4695,0.00830670926517572,0.0109087438521749,46.3335246794083
Nassau,2020-07-18T00:00:00.000,28,42622,3006,402537,402537,42622,2020-07-18,28,3006,0.00931470392548237,0.0109472921265782,33.3152342322281
Nassau,2020-07-19T00:00:00.000,56,42678,3987,406524,406524,42678,2020-07-19,56,3987,0.0140456483571608,0.0109491902487157,66.885761952479
Nassau,2020-07-20T00:00:00.000,51,42729,4724,411248,411248,42729,2020-07-20,51,4724,0.0107959356477561,0.0109149061434666,61.0969179876543
Nassau,2020-07-21T00:00:00.000,36,42765,3991,415239,415239,42765,2020-07-21,36,3991,0.0090202956652468,0.0108458391763249,43.2193253352619
Nassau,2020-07-22T00:00:00.000,51,42816,4594,419833,419833,42816,2020-07-22,51,4594,0.0111014366565085,0.0107442441517357,61.3004385157266
Nassau,2020-07-23T00:00:00.000,44,42860,5798,425631,425631,42860,2020-07-23,44,5798,0.00758882373232149,0.0106131195289156,52.887571403442
Nassau,2020-07-24T00:00:00.000,55,42915,5712,431343,431343,42915,2020-07-24,55,5712,0.00962885154061625,0.0104560686422737,65.9058119528016
Nassau,2020-07-25T00:00:00.000,45,42960,3752,435095,435095,42960,2020-07-25,45,3752,0.0119936034115139,0.0102771441869524,53.3603124580192
Nassau,2020-07-26T00:00:00.000,57,43017,4176,439271,439271,43017,2020-07-26,57,4176,0.0136494252873563,0.0100806866070058,66.7848615267145
Nassau,2020-07-27T00:00:00.000,42,43059,4208,443479,443479,43059,2020-07-27,42,4208,0.00998098859315589,0.00987116643067807,49.2004996197124
Nassau,2020-07-28T00:00:00.000,41,43100,4616,448095,448095,43100,2020-07-28,41,4616,0.00888214904679376,0.00965303913073846,48.2478103020221
Nassau,2020-07-29T00:00:00.000,58,43158,5731,453826,453826,43158,2020-07-29,58,5731,0.0101203978363287,0.00943061908521238,68.4618581277367
Nassau,2020-07-30T00:00:00.000,45,43203,5138,458964,458964,43203,2020-07-30,45,5138,0.00875827170105099,0.00920797691866137,53.2583858274854
Nassau,2020-07-31T00:00:00.000,68,43271,7106,466070,466070,43271,2020-07-31,68,7106,0.00956937799043062,0.0089888622039728,80.3932385996107
Nassau,2020-08-01T00:00:00.000,51,43322,4727,470797,470797,43322,2020-08-01,51,4727,0.0107890839856146,0.00877665144140952,60.1623482541698
Nassau,2020-08-02T00:00:00.000,58,43380,3808,474605,474605,43380,2020-08-02,58,3808,0.0152310924369748,0.00857431954418638,68.4856356853259
Nassau,2020-08-03T00:00:00.000,56,43436,4606,479211,479211,43436,2020-08-03,56,4606,0.0121580547112462,0.00838443183373705,66.3353955043211
Nassau,2020-08-04T00:00:00.000,46,43482,5492,484703,484703,43482,2020-08-04,46,5492,0.00837581937363438,0.00820915281527747,55.1436865165671
Nassau,2020-08-05T00:00:00.000,52,43534,5304,490007,490007,43534,2020-08-05,52,5304,0.00980392156862745,0.00805026768631386,63.0623500947106
Nassau,2020-08-06T00:00:00.000,46,43580,5019,495026,495026,43580,2020-08-06,46,5019,0.00916517234508866,0.0079092125902971,56.4046987456577
Nassau,2020-08-07T00:00:00.000,48,43628,6525,501551,501551,43628,2020-08-07,48,6525,0.00735632183908046,0.00778710994394284,59.3547090412362
Nassau,2020-08-08T00:00:00.000,27,43655,5314,506865,506865,43655,2020-08-08,27,5314,0.00508091832894242,0.00768480565353361,33.6228492127356
Nassau,2020-08-09T00:00:00.000,35,43690,3823,510688,510688,43690,2020-08-09,35,3823,0.00915511378498561,0.00760290561920158,43.7980121198576
Nassau,2020-08-10T00:00:00.000,34,43724,5273,515961,515961,43724,2020-08-10,34,5273,0.0064479423478096,0.00754180951808415,42.5312243264679
Nassau,2020-08-11T00:00:00.000,37,43761,5160,521121,521121,43761,2020-08-11,37,5160,0.00717054263565891,0.00750174043207632,46.1819273850734
Nassau,2020-08-12T00:00:00.000,34,43795,5534,526655,526655,43795,2020-08-12,34,5534,0.00614383809179617,0.00748276940313691,42.3009526004811
Nassau,2020-08-13T00:00:00.000,45,43840,6693,533348,533348,43840,2020-08-13,45,6693,0.00672344240251008,0.0074848344365753,55.755129153267
Nassau,2020-08-14T00:00:00.000,51,43891,6389,539737,539737,43891,2020-08-14,51,6389,0.00798246987008922,0.00750775385827377,62.9566398812005
Nassau,2020-08-15T00:00:00.000,38,43929,5833,545570,545570,43929,2020-08-15,38,5833,0.00651465798045603,0.00755123422649965,46.9056229990041
Nassau,2020-08-16T00:00:00.000,26,43955,4425,549995,549995,43955,2020-08-16,26,4425,0.00587570621468927,0.00761487326141422,32.0585020373057
Nassau,2020-08-17T00:00:00.000,46,44001,4460,554455,554455,44001,2020-08-17,46,4460,0.0103139013452915,0.00769815845346323,56.6010686143566
Nassau,2020-08-18T00:00:00.000,62,44063,7861,562316,562316,44063,2020-08-18,62,7861,0.00788703727261163,0.00780046218464225,76.0569941488273
Nassau,2020-08-19T00:00:00.000,49,44112,5928,568244,568244,44112,2020-08-19,49,5928,0.00826585695006748,0.00792103433261556,59.8726434232841
Nassau,2020-08-20T00:00:00.000,50,44162,7190,575434,575434,44162,2020-08-20,50,7190,0.00695410292072323,0.00805899344081114,60.8017816490877
Nassau,2020-08-21T00:00:00.000,43,44205,6974,582408,582408,44205,2020-08-21,43,6974,0.00616575853168913,0.00821331760767566,51.9979508626499
Nassau,2020-08-22T00:00:00.000,40,44245,5082,587490,587490,44245,2020-08-22,40,5082,0.00787091696182605,0.00838283630535112,48.0660071446111
Nassau,2020-08-23T00:00:00.000,39,44284,4386,591876,591876,44284,2020-08-23,39,4386,0.00889192886456908,0.00856622432020592,46.5398621061068
Nassau,2020-08-24T00:00:00.000,64,44348,5565,597441,597441,44348,2020-08-24,64,5565,0.0115004492362983,0.00876199896944198,75.8710686689895
Nassau,2020-08-25T00:00:00.000,55,44403,5589,603030,603030,44403,2020-08-25,55,5589,0.00984075863302916,0.00896852162617283,65.1370314728985
Nassau,2020-08-26T00:00:00.000,47,44450,6294,609324,609324,44450,2020-08-26,47,6294,0.00746742929774388,0.00918400440923536,55.5773482663011
Nassau,2020-08-27T00:00:00.000,53,44503,9814,619138,619138,44503,2020-08-27,53,9814,0.0054004483391074,0.00940652265409474,62.5405587820561
Nassau,2020-08-28T00:00:00.000,51,44554,6780,625918,625918,44554,2020-08-28,51,6780,0.00752212389380531,0.00963403347906619,59.8260089609192
Nassau,2020-08-29T00:00:00.000,56,44610,6719,632637,632637,44610,2020-08-29,56,6719,0.0083345735972615,0.00986440041053044,66.0114401483308
Nassau,2020-08-30T00:00:00.000,67,44677,5442,638079,638079,44677,2020-08-30,67,5442,0.0123116501286292,0.0100954236718335,79.5076367831649
Nassau,2020-08-31T00:00:00.000,84,44761,7238,645317,645317,44761,2020-08-31,84,7238,0.011605415860735,0.0103248753499672,100.137939119035
Nassau,2020-09-01T00:00:00.000,84,44845,10917,656234,656234,44845,2020-09-01,84,10917,0.00769442154438032,0.0105505383267105,100.580541745052
Nassau,2020-09-02T00:00:00.000,79,44924,6522,662756,662756,44924,2020-09-02,79,6522,0.0121128488193806,0.0107702475608192,94.9944498500754
Nassau,2020-09-03T00:00:00.000,84,45008,7265,670021,670021,45008,2020-09-03,84,7265,0.0115622849277357,0.0109819321009676,101.414639364178
Nassau,2020-09-04T00:00:00.000,107,45115,6642,676663,676663,45115,2020-09-04,107,6642,0.0161096055404998,0.0111836561068215,129.677101476386
Nassau,2020-09-05T00:00:00.000,78,45193,6573,683236,683236,45193,2020-09-05,78,6573,0.0118667275216796,0.0113736571606918,94.8715239326716
Nassau,2020-09-06T00:00:00.000,36,45229,4189,687425,687425,45229,2020-09-06,36,4189,0.00859393650035808,0.0115503802617403,43.934559493581
Nassau,2020-09-07T00:00:00.000,65,45294,4216,691641,691641,45294,2020-09-07,65,4216,0.0154174573055028,0.0117125061313801,79.5754118520019
Nassau,2020-09-08T00:00:00.000,78,45372,4238,695879,695879,45372,2020-09-08,78,4238,0.0184049079754601,0.0118589727563929,95.7681161931148
Nassau,2020-09-09T00:00:00.000,73,45445,6033,701912,701912,45445,2020-09-09,73,6033,0.0121001160285099,0.0119889894585711,89.869009069288
Nassau,2020-09-10T00:00:00.000,105,45550,7023,708935,708935,45550,2020-09-10,105,7023,0.0149508756941478,0.0121020431883265,129.737263530464
Nassau,2020-09-11T00:00:00.000,83,45633,5742,714677,714677,45633,2020-09-11,83,5742,0.0144548937652386,0.0121978971145645,102.948636697339
Nassau,2020-09-12T00:00:00.000,78,45711,5780,720457,720457,45711,2020-09-12,78,5780,0.0134948096885813,0.012276581949778,97.0689345330091
Nassau,2020-09-13T00:00:00.000,52,45763,4258,724715,724715,45763,2020-09-13,52,4258,0.0122123062470643,0.0123383807535808,65.0789001266366
Nassau,2020-09-14T00:00:00.000,77,45840,6928,731643,731643,45840,2020-09-14,77,6928,0.0111143187066975,0.0123838081825292,96.9674209466611
Nassau,2020-09-15T00:00:00.000,66,45906,4810,736453,736453,45906,2020-09-15,66,4810,0.0137214137214137,0.0124135852966655,83.5732635961162
Nassau,2020-09-16T00:00:00.000,83,45989,6284,742737,742737,45989,2020-09-16,83,6284,0.0132081476766391,0.0124286111112043,105.612672433242
Nassau,2020-09-17T00:00:00.000,63,46052,6037,748774,748774,46052,2020-09-17,63,6037,0.0104356468444592,0.0124299320408614,80.5022014231109
Nassau,2020-09-18T00:00:00.000,102,46154,8330,757104,757104,46154,2020-09-18,102,8330,0.0122448979591837,0.0124187103169277,130.79963141548
Nassau,2020-09-19T00:00:00.000,64,46218,6759,763863,763863,46218,2020-09-19,64,6759,0.00946885633969522,0.0123961923154092,82.3070195631287
Nassau,2020-09-20T00:00:00.000,41,46259,4905,768768,768768,46259,2020-09-20,41,4905,0.00835881753312946,0.0123636775467387,52.8457795970274
Nassau,2020-09-21T00:00:00.000,66,46325,6020,774788,774788,46325,2020-09-21,66,6020,0.0109634551495017,0.0123224888709707,85.2063563465463
Nassau,2020-09-22T00:00:00.000,63,46388,4360,779148,779148,46388,2020-09-22,63,4360,0.0144495412844037,0.0122739443005779,81.4179285819874
Nassau,2020-09-23T00:00:00.000,46,46434,5634,784782,784782,46434,2020-09-23,46,5634,0.00816471423500177,0.0122193305333488,59.6009290231015
Nassau,2020-09-24T00:00:00.000,71,46505,6406,791188,791188,46505,2020-09-24,71,6406,0.0110833593506088,0.0121598782080037,92.2741618110302
Nassau,2020-09-25T00:00:00.000,71,46576,6733,797921,797921,46576,2020-09-25,71,6733,0.0105450764889351,0.0120967386880629,92.5473523911256
Nassau,2020-09-26T00:00:00.000,67,46643,5975,803896,803896,46643,2020-09-26,67,5975,0.0112133891213389,0.0120309620712653,87.5849106886969
Nassau,2020-09-27T00:00:00.000,68,46711,4043,807939,807939,46711,2020-09-27,68,4043,0.0168191936680683,0.0119634760115469,90.0157053300154
Nassau,2020-09-28T00:00:00.000,80,46791,5621,813560,813560,46791,2020-09-28,80,5621,0.0142323429994663,0.0118950648906457,108.309114353628
Nassau,2020-09-29T00:00:00.000,66,46857,4876,818436,818436,46857,2020-09-29,66,4876,0.0135356849876948,0.0118263488324973,91.2741250824642
Nassau,2020-09-30T00:00:00.000,72,46929,5967,824403,824403,46929,2020-09-30,72,5967,0.0120663650075415,0.0117577620867517,101.566690098866
New York,2020-04-01T00:00:00.000,470,7843,1002,19599,19599,7843,2020-04-01,7843,19599,0.400173478238686,0.425016381703126,9897.09294492977
New York,2020-04-02T00:00:00.000,609,8452,1294,20893,20893,8452,2020-04-02,609,1294,0.470633693972179,0.419654395959029,766.953602123669
New York,2020-04-03T00:00:00.000,848,9300,1820,22713,22713,9300,2020-04-03,848,1820,0.465934065934066,0.414282514380411,1074.25873256248
New York,2020-04-04T00:00:00.000,598,9898,1278,23991,23991,9898,2020-04-04,598,1278,0.4679186228482,0.408856524060471,764.105411672147
New York,2020-04-05T00:00:00.000,542,10440,1162,25153,25153,10440,2020-04-05,542,1162,0.466437177280551,0.403315689122991,698.469040112999
New York,2020-04-06T00:00:00.000,572,11012,1249,26402,26402,11012,2020-04-06,572,1249,0.457966373098479,0.39758702132682,743.000033469961
New York,2020-04-07T00:00:00.000,492,11504,1257,27659,27659,11504,2020-04-07,492,1257,0.391408114558473,0.391589476300439,641.702735578166
New York,2020-04-08T00:00:00.000,602,12106,1424,29083,29083,12106,2020-04-08,602,1424,0.422752808988764,0.385238073790104,787.70864513761
New York,2020-04-09T00:00:00.000,616,12722,1659,30742,30742,12722,2020-04-09,616,1659,0.371308016877637,0.378447934698878,808.139806967395
New York,2020-04-10T00:00:00.000,715,13437,1685,32427,32427,13437,2020-04-10,715,1685,0.42433234421365,0.371138218501017,939.990050757542
New York,2020-04-11T00:00:00.000,708,14145,1783,34210,34210,14145,2020-04-11,708,1783,0.397083567021873,0.363235929385424,932.251854692085
New York,2020-04-12T00:00:00.000,356,14501,1033,35243,35243,14501,2020-04-12,356,1033,0.344627299128751,0.354679540635334,469.248968811671
New York,2020-04-13T00:00:00.000,379,14880,1206,36449,36449,14880,2020-04-13,379,1206,0.314262023217247,0.345422363299284,500.722727631045
New York,2020-04-14T00:00:00.000,1737,16617,4068,40517,40517,16617,2020-04-14,1737,4068,0.426991150442478,0.33543555849909,2305.96325856952
New York,2020-04-15T00:00:00.000,474,17091,1533,42050,42050,17091,2020-04-15,474,1533,0.309197651663405,0.324710666252099,632.069797927595
New York,2020-04-16T00:00:00.000,399,17490,1476,43526,43526,17490,2020-04-16,399,1476,0.270325203252033,0.31326149966126,534.186571033991
New York,2020-04-17T00:00:00.000,442,17932,1585,45111,45111,17932,2020-04-17,442,1585,0.278864353312303,0.301125240565016,593.783691080987
New York,2020-04-18T00:00:00.000,288,18220,1093,46204,46204,18220,2020-04-18,288,1093,0.263494967978042,0.288362575094256,387.959126806103
New York,2020-04-19T00:00:00.000,248,18468,954,47158,47158,18468,2020-04-19,248,954,0.259958071278826,0.275056735451996,334.690448174508
New York,2020-04-20T00:00:00.000,231,18699,1099,48257,48257,18699,2020-04-20,231,1099,0.210191082802548,0.261311368904798,311.884618185554
New York,2020-04-21T00:00:00.000,326,19025,1430,49687,49687,19025,2020-04-21,326,1430,0.227972027972028,0.247247239460003,439.875788636703
New York,2020-04-22T00:00:00.000,323,19348,1581,51268,51268,19348,2020-04-22,323,1581,0.204301075268817,0.232997873290748,435.96779434957
New York,2020-04-23T00:00:00.000,506,19854,2654,53922,53922,19854,2020-04-23,506,2654,0.190655614167295,0.218704374081924,684.969577050574
New York,2020-04-24T00:00:00.000,426,20280,2110,56032,56032,20280,2020-04-24,426,2110,0.201895734597156,0.204509739232051,578.066460461454
New York,2020-04-25T00:00:00.000,493,20773,2354,58386,58386,20773,2020-04-25,493,2354,0.209430756159728,0.190553082744783,670.240167734525
New York,2020-04-26T00:00:00.000,324,21097,2007,60393,60393,21097,2020-04-26,324,2007,0.161434977578475,0.176964198149901,441.067949569464
New York,2020-04-27T00:00:00.000,215,21312,1650,62043,62043,21312,2020-04-27,215,1650,0.13030303030303,0.163858866250275,292.589930297811
New York,2020-04-28T00:00:00.000,292,21604,2260,64303,64303,21604,2020-04-28,292,2260,0.129203539823009,0.151335230169687,396.634506735324
New York,2020-04-29T00:00:00.000,316,21920,2299,66602,66602,21920,2020-04-29,316,2299,0.137451065680731,0.139471438202133,428.232954271634
New York,2020-04-30T00:00:00.000,255,22175,2205,68807,68807,22175,2020-04-30,255,2205,0.115646258503401,0.128324613789704,344.61257320455
New York,2020-05-01T00:00:00.000,321,22496,2606,71413,71413,22496,2020-05-01,321,2606,0.123177283192632,0.117931076582109,432.436206162547
New York,2020-05-02T00:00:00.000,245,22741,2214,73627,73627,22741,2020-05-02,245,2214,0.110659439927733,0.10830762854821,328.892752612262
New York,2020-05-03T00:00:00.000,159,22900,1524,75151,75151,22900,2020-05-03,159,1524,0.104330708661417,0.0994536480333195,212.62773660953
New York,2020-05-04T00:00:00.000,154,23054,2246,77397,77397,23054,2020-05-04,154,2246,0.068566340160285,0.0913537059902894,205.129566268203
New York,2020-05-05T00:00:00.000,203,23257,2499,79896,79896,23257,2020-05-05,203,2499,0.0812324929971989,0.0839804283444059,269.715762460173
New York,2020-05-06T00:00:00.000,272,23529,2966,82862,82862,23529,2020-05-06,272,2966,0.0917060013486177,0.0772973663629836,360.206070955122
New York,2020-05-07T00:00:00.000,201,23730,3036,85898,85898,23730,2020-05-07,201,3036,0.066205533596838,0.0712616912751041,265.388397154576
New York,2020-05-08T00:00:00.000,151,23881,2633,88531,88531,23881,2020-05-08,151,2633,0.0573490315229776,0.0658265889387426,199.176145091885
New York,2020-05-09T00:00:00.000,96,23977,2336,90867,90867,23977,2020-05-09,96,2336,0.0410958904109589,0.0609432860648303,126.46969190328
New York,2020-05-10T00:00:00.000,85,24062,1496,92363,92363,24062,2020-05-10,85,1496,0.0568181818181818,0.0565626860998238,111.677922221408
New York,2020-05-11T00:00:00.000,129,24191,1984,94347,94347,24191,2020-05-11,129,1984,0.0650201612903226,0.0526366279032481,168.402090965363
New York,2020-05-12T00:00:00.000,157,24348,2825,97172,97172,24348,2020-05-12,157,2825,0.0555752212389381,0.0491188033623707,204.553819703722
New York,2020-05-13T00:00:00.000,177,24525,3697,100869,100869,24525,2020-05-13,177,3697,0.0478766567487152,0.0459653832180944,231.424286355288
New York,2020-05-14T00:00:00.000,307,24832,3933,104802,104802,24832,2020-05-14,307,3933,0.0780574624968218,0.0431354049590515,400.781099009833
New York,2020-05-15T00:00:00.000,150,24982,3469,108271,108271,24982,2020-05-15,150,3469,0.0432401268377054,0.040590975802806,195.831241310089
New York,2020-05-16T00:00:00.000,148,25130,3096,111367,111367,25130,2020-05-16,148,3096,0.0478036175710594,0.0382973389006564,193.134526853709
New York,2020-05-17T00:00:00.000,86,25216,2019,113386,113386,25216,2020-05-17,86,2019,0.0425953442298167,0.036222844237292,112.333685618109
New York,2020-05-18T00:00:00.000,77,25293,2830,116216,116216,25293,2020-05-18,77,2830,0.027208480565371,0.0343388580053864,101.007667808234
New York,2020-05-19T00:00:00.000,98,25391,3685,119901,119901,25391,2020-05-19,98,3685,0.0265943012211669,0.0326196366500825,128.943590329787
New York,2020-05-20T00:00:00.000,131,25522,4219,124120,124120,25522,2020-05-20,131,4219,0.0310500118511496,0.0310421847082711,172.863602315868
New York,2020-05-21T00:00:00.000,150,25672,4363,128483,128483,25672,2020-05-21,150,4363,0.0343800137520055,0.0295861091892748,198.756661024258
New York,2020-05-22T00:00:00.000,134,25806,4582,133065,133065,25806,2020-05-22,134,4582,0.0292448712352684,0.028233477938625,178.161129047774
New York,2020-05-23T00:00:00.000,103,25909,4187,137252,137252,25909,2020-05-23,103,4187,0.0245999522331025,0.0269686850011001,137.306028119157
New York,2020-05-24T00:00:00.000,100,26009,3356,140608,140608,26009,2020-05-24,100,3356,0.0297973778307509,0.0257783226199648,133.552893306077
New York,2020-05-25T00:00:00.000,83,26092,3635,144243,144243,26092,2020-05-25,83,3635,0.0228335625859697,0.0246510571891228,110.963900129856
New York,2020-05-26T00:00:00.000,121,26213,3599,147842,147842,26213,2020-05-26,121,3599,0.0336204501250347,0.0235775050321013,162.086521717288
New York,2020-05-27T00:00:00.000,134,26347,6888,154730,154730,26347,2020-05-27,134,6888,0.0194541231126597,0.0225501034983449,179.836989982786
New York,2020-05-28T00:00:00.000,133,26480,7418,162148,162148,26480,2020-05-28,133,7418,0.0179293610137503,0.0215629732121736,178.697647201584
New York,2020-05-29T00:00:00.000,96,26576,5678,167826,167826,26576,2020-05-29,96,5678,0.016907361747094,0.0206117684794382,129.991854006674
New York,2020-05-30T00:00:00.000,77,26653,4425,172251,172251,26653,2020-05-30,77,4425,0.0174011299435028,0.0196935144612415,104.88910680486
New York,2020-05-31T00:00:00.000,68,26721,4385,176636,176636,26721,2020-05-31,68,4385,0.0155074116305587,0.0188064316640988,92.9996395022931
New York,2020-06-01T00:00:00.000,93,26814,5161,181797,181797,26814,2020-06-01,93,5161,0.0180197636117032,0.0179497502855151,127.398989032298
New York,2020-06-02T00:00:00.000,72,26886,4211,186008,186008,26886,2020-06-02,72,4211,0.0170980764663975,0.0171235186687947,98.5117669843707
New York,2020-06-03T00:00:00.000,82,26968,4377,190385,190385,26968,2020-06-03,82,4377,0.0187342928946767,0.01632841145661,111.816210708535
New York,2020-06-04T00:00:00.000,69,27037,4416,194801,194801,27037,2020-06-04,69,4416,0.015625,0.0155655437424865,93.5799662964838
New York,2020-06-05T00:00:00.000,85,27122,5322,200123,200123,27122,2020-06-05,85,5322,0.0159714393085306,0.0148362975406279,114.740959228834
New York,2020-06-06T00:00:00.000,56,27178,4711,204834,204834,27178,2020-06-06,56,4711,0.011887072808321,0.0141421663257002,75.9625811263844
New York,2020-06-07T00:00:00.000,39,27217,4045,208879,208879,27217,2020-06-07,39,4045,0.00964153275648949,0.0134846221984217,52.9417222090193
New York,2020-06-08T00:00:00.000,41,27258,3953,212832,212832,27258,2020-06-08,41,3953,0.0103718694662282,0.0128650087118319,55.6407770446456
New York,2020-06-09T00:00:00.000,66,27324,5433,218265,218265,27324,2020-06-09,66,5433,0.0121479845389288,0.0122844606629254,89.4484660812017
New York,2020-06-10T00:00:00.000,60,27384,4991,223256,223256,27384,2020-06-10,60,4991,0.0120216389501102,0.0117438504373082,81.1242590803489
New York,2020-06-11T00:00:00.000,68,27452,5660,228916,228916,27452,2020-06-11,68,5660,0.0120141342756184,0.0112437589733872,91.6309803089327
New York,2020-06-12T00:00:00.000,77,27529,6296,235212,235212,27529,2020-06-12,77,6296,0.0122299872935197,0.0107844682128861,103.257094215573
New York,2020-06-13T00:00:00.000,44,27573,5525,240737,240737,27573,2020-06-13,44,5525,0.00796380090497738,0.0103659710792313,58.6765656471
New York,2020-06-14T00:00:00.000,54,27627,6036,246773,246773,27627,2020-06-14,54,6036,0.00894632206759443,0.00998799460312258,71.6485636632617
New York,2020-06-15T00:00:00.000,50,27677,6158,252931,252931,27677,2020-06-15,50,6158,0.00811951932445599,0.00965003177103176,66.5373942610486
New York,2020-06-16T00:00:00.000,31,27708,5830,258761,258761,27708,2020-06-16,31,5830,0.00531732418524871,0.00935137790049073,41.3163021584018
New York,2020-06-17T00:00:00.000,52,27760,6701,265462,265462,27760,2020-06-17,52,6701,0.00776003581554992,0.00909116782568937,69.3088187925401
New York,2020-06-18T00:00:00.000,64,27824,7866,273328,273328,27824,2020-06-18,64,7866,0.00813628273582507,0.00886841074477835,84.9357744683208
New York,2020-06-19T00:00:00.000,67,27891,7972,281300,281300,27891,2020-06-19,67,7972,0.00840441545408931,0.00868202025546437,88.3244253972783
New York,2020-06-20T00:00:00.000,75,27966,7602,288902,288902,27966,2020-06-20,75,7602,0.00986582478295185,0.0085308377236522,97.9268653394162
New York,2020-06-21T00:00:00.000,51,28017,4871,293773,293773,28017,2020-06-21,51,4871,0.0104701293368918,0.00841364775580946,65.9166162909379
New York,2020-06-22T00:00:00.000,58,28075,4887,298660,298660,28075,2020-06-22,58,4887,0.0118682218129732,0.00832918508917462,74.172805475443
New York,2020-06-23T00:00:00.000,57,28132,4933,303593,303593,28132,2020-06-23,57,4933,0.0115548347861342,0.00827613270261005,72.102324858857
New York,2020-06-24T00:00:00.000,60,28192,6494,310087,310087,28192,2020-06-24,60,6494,0.00923929781336618,0.00825311141375337,75.059399564515
New York,2020-06-25T00:00:00.000,58,28250,6504,316591,316591,28250,2020-06-25,58,6504,0.00891758917589176,0.0082586616321544,71.7523102872662
New York,2020-06-26T00:00:00.000,81,28331,8749,325340,325340,28331,2020-06-26,81,8749,0.00925820093724997,0.00829121837743778,99.0992781160198
New York,2020-06-27T00:00:00.000,49,28380,5886,331226,331226,28380,2020-06-27,49,5886,0.00832483860006796,0.00834908107877873,59.533620523829
New York,2020-06-28T00:00:00.000,21,28401,4009,335235,335235,28401,2020-06-28,21,4009,0.00523821401845847,0.00843038012657718,25.4041966007197
New York,2020-06-29T00:00:00.000,46,28447,5287,340522,340522,28447,2020-06-29,46,5287,0.0087005863438623,0.00853304259025238,55.3490264970167
New York,2020-06-30T00:00:00.000,71,28518,6206,346728,346728,28518,2020-06-30,71,6206,0.0114405414115372,0.00865475994685518,84.9953180669802
New York,2020-07-01T00:00:00.000,78,28596,7185,353913,353913,28596,2020-07-01,78,7185,0.0108559498956159,0.0087929610271242,92.5961870823383
New York,2020-07-02T00:00:00.000,102,28698,7062,360975,360975,28698,2020-07-02,102,7062,0.0144435004248088,0.00894479363846971,121.570638974858
New York,2020-07-03T00:00:00.000,62,28760,6201,367176,367176,28760,2020-07-03,62,6201,0.00999838735687792,0.00910711836339037,74.3368144853593
New York,2020-07-04T00:00:00.000,44,28804,5736,372912,372912,28804,2020-07-04,44,5736,0.00767085076708508,0.0092765178181236,53.028401726489
New York,2020-07-05T00:00:00.000,66,28870,7734,380646,380646,28870,2020-07-05,66,7734,0.00853374709076804,0.00944932411869531,79.563359799665
New York,2020-07-06T00:00:00.000,50,28920,6251,386897,386897,28920,2020-07-06,50,6251,0.00799872020476724,0.00962166638039795,60.2818630875616
New York,2020-07-07T00:00:00.000,53,28973,6976,393873,393873,28973,2020-07-07,53,6976,0.00759747706422018,0.00978953881386311,63.8928217737335
New York,2020-07-08T00:00:00.000,56,29029,6504,400377,400377,29029,2020-07-08,56,6504,0.00861008610086101,0.00994888841010878,67.4862970824819
New York,2020-07-09T00:00:00.000,80,29109,8363,408740,408740,29109,2020-07-09,80,8363,0.00956594523496353,0.0100957194434933,96.3480450932837
New York,2020-07-10T00:00:00.000,56,29165,8216,416956,416956,29165,2020-07-10,56,8216,0.0068159688412853,0.0102262102326734,67.3790916252291
New York,2020-07-11T00:00:00.000,72,29237,6860,423816,423816,29237,2020-07-11,72,6860,0.0104956268221574,0.010336836005896,86.5168333406054
New York,2020-07-12T00:00:00.000,65,29302,5419,429235,429235,29302,2020-07-12,65,5419,0.0119948329950175,0.0104244905061555,77.9741179796884
New York,2020-07-13T00:00:00.000,61,29363,5426,434661,434661,29363,2020-07-13,61,5426,0.0112421673424254,0.0104865983533707,73.0244992138549
New York,2020-07-14T00:00:00.000,79,29442,6910,441571,441571,29442,2020-07-14,79,6910,0.0114327062228654,0.0105212102937142,94.3405208534555
New York,2020-07-15T00:00:00.000,74,29516,7547,449118,449118,29516,2020-07-15,74,7547,0.00980522061746389,0.0105270743462169,88.1186354487948
New York,2020-07-16T00:00:00.000,74,29590,8266,457384,457384,29590,2020-07-16,74,8266,0.00895233486571498,0.0105036774688836,87.8355162165404
New York,2020-07-17T00:00:00.000,85,29675,7329,464713,464713,29675,2020-07-17,85,7329,0.0115977623140947,0.0104512545423998,100.551609324247
New York,2020-07-18T00:00:00.000,56,29731,5436,470149,470149,29731,2020-07-18,56,5436,0.0103016924208977,0.0103707639862137,66.2709614109685
New York,2020-07-19T00:00:00.000,65,29796,5935,476084,476084,29796,2020-07-19,65,5935,0.0109519797809604,0.0102638318924381,77.1350492796375
New York,2020-07-20T00:00:00.000,71,29867,6705,482789,482789,29867,2020-07-20,71,6705,0.0105891126025354,0.0101326688873838,84.4263201189964
New York,2020-07-21T00:00:00.000,76,29943,7540,490329,490329,29943,2020-07-21,76,7540,0.010079575596817,0.00997996578160131,90.4848068858653
New York,2020-07-22T00:00:00.000,90,30033,7521,497850,497850,30033,2020-07-22,90,7521,0.0119664938173115,0.00980877524840643,107.196302628094
New York,2020-07-23T00:00:00.000,64,30097,7406,505256,505256,30097,2020-07-23,64,7406,0.00864164191196327,0.00962238721414881,76.1771814165455
New York,2020-07-24T00:00:00.000,64,30161,7262,512518,512518,30161,2020-07-24,64,7262,0.00881299917378133,0.00942420536226946,75.897702735628
New York,2020-07-25T00:00:00.000,32,30193,4957,517475,517475,30193,2020-07-25,32,4957,0.00645551745007061,0.00921763126998114,37.5344897765174
New York,2020-07-26T00:00:00.000,57,30250,5377,522852,522852,30250,2020-07-26,57,5377,0.0106007067137809,0.00900596133737605,66.036192721134
New York,2020-07-27T00:00:00.000,30,30280,5657,528509,528509,30280,2020-07-27,30,5657,0.00530316422131872,0.0087923001098262,34.7388054297906
New York,2020-07-28T00:00:00.000,49,30329,6548,535057,535057,30329,2020-07-28,49,6548,0.00748320097739768,0.00857949193277168,56.9861847303399
New York,2020-07-29T00:00:00.000,70,30399,7387,542444,542444,30399,2020-07-29,70,7387,0.00947610667388656,0.00837007137394587,81.6465098060492
New York,2020-07-30T00:00:00.000,59,30458,7859,550303,550303,30458,2020-07-30,59,7859,0.00750731645247487,0.00816623157052085,68.9943050178297
New York,2020-07-31T00:00:00.000,60,30518,9505,559808,559808,30518,2020-07-31,60,9505,0.00631246712256707,0.00796980869410813,70.0867915832913
New York,2020-08-01T00:00:00.000,46,30564,6825,566633,566633,30564,2020-08-01,46,6825,0.00673992673992674,0.00778228011589501,53.615484594428
New York,2020-08-02T00:00:00.000,57,30621,6704,573337,573337,30621,2020-08-02,57,6704,0.00850238663484487,0.00760477355887433,66.5020473159417
New York,2020-08-03T00:00:00.000,56,30677,6757,580094,580094,30677,2020-08-03,56,6757,0.00828770164274086,0.00743808450287965,65.5456794597041
New York,2020-08-04T00:00:00.000,57,30734,6803,586897,586897,30734,2020-08-04,57,6803,0.00837865647508452,0.00728269932121201,67.51685815613
New York,2020-08-05T00:00:00.000,65,30799,7634,594531,594531,30799,2020-08-05,65,7634,0.0085145402148284,0.00713882196403249,77.8864280612781
New York,2020-08-06T00:00:00.000,60,30859,7423,601954,601954,30859,2020-08-06,60,7423,0.00808298531591001,0.00700640244479512,72.6850152282516
New York,2020-08-07T00:00:00.000,62,30921,7852,609806,609806,30921,2020-08-07,62,7852,0.00789607743250127,0.00688516584418442,75.7285153218186
New York,2020-08-08T00:00:00.000,43,30964,7178,616984,616984,30964,2020-08-08,43,7178,0.00599052660908331,0.00677464098587706,52.8767244373044
New York,2020-08-09T00:00:00.000,52,31016,6513,623497,623497,31016,2020-08-09,52,6513,0.00798403193612774,0.00667418833889059,64.2290627306498
New York,2020-08-10T00:00:00.000,55,31071,6639,630136,630136,31071,2020-08-10,55,6639,0.00828438017773761,0.00658302701505171,67.8713777139259
New York,2020-08-11T00:00:00.000,76,31147,11421,641557,641557,31147,2020-08-11,76,11421,0.0066544085456615,0.00650026097019661,93.5105902390423
New York,2020-08-12T00:00:00.000,70,31217,10009,651566,651566,31217,2020-08-12,70,10009,0.00699370566490159,0.00642490466550026,85.7728228353254
New York,2020-08-13T00:00:00.000,62,31279,9097,660663,660663,31279,2020-08-13,62,9097,0.00681543365944817,0.00635590849201221,75.5724576080879
New York,2020-08-14T00:00:00.000,63,31342,10048,670711,670711,31342,2020-08-14,63,10048,0.00626990445859873,0.00629218424675732,76.4083910446496
New York,2020-08-15T00:00:00.000,56,31398,8885,679596,679596,31398,2020-08-15,56,8885,0.00630275745638717,0.00623263083274737,67.810146904279
New York,2020-08-16T00:00:00.000,43,31441,6499,686095,686095,31441,2020-08-16,43,6499,0.00661640252346515,0.0061761602084293,51.9211042791743
New York,2020-08-17T00:00:00.000,64,31505,6304,692399,692399,31505,2020-08-17,64,6304,0.0101522842639594,0.00612172340588114,76.9653872141942
New York,2020-08-18T00:00:00.000,36,31541,7227,699626,699626,31541,2020-08-18,36,7227,0.0049813200498132,0.00606833622823398,43.0670276245079
New York,2020-08-19T00:00:00.000,62,31603,8868,708494,708494,31603,2020-08-19,62,8868,0.0069914298601714,0.00601510403124391,73.7004546857013
New York,2020-08-20T00:00:00.000,58,31661,13086,721580,721580,31661,2020-08-20,58,13086,0.00443221763716949,0.00596124483022233,68.4352582216274
New York,2020-08-21T00:00:00.000,47,31708,10873,732453,732453,31708,2020-08-21,47,10873,0.00432263404764095,0.00590610985674798,54.9912918227519
New York,2020-08-22T00:00:00.000,44,31752,8758,741211,741211,31752,2020-08-22,44,8758,0.00502397807718657,0.00584920067409105,51.0036533543789
New York,2020-08-23T00:00:00.000,44,31796,7076,748287,748287,31796,2020-08-23,44,7076,0.00621820237422272,0.00579018200308291,50.4897754096965
New York,2020-08-24T00:00:00.000,41,31837,6310,754597,754597,31837,2020-08-24,41,6310,0.00649762282091918,0.00572888957488177,46.5829308376647
New York,2020-08-25T00:00:00.000,48,31885,6958,761555,761555,31885,2020-08-25,48,6958,0.00689853406151193,0.0056653325492019,54.2946408888938
New York,2020-08-26T00:00:00.000,50,31935,8610,770165,770165,31935,2020-08-26,50,8610,0.00580720092915215,0.00559969032976965,56.2708092282335
New York,2020-08-27T00:00:00.000,42,31977,10799,780964,780964,31977,2020-08-27,42,10799,0.00388924900453746,0.00553230393458548,46.9983780745037
New York,2020-08-28T00:00:00.000,36,32013,10387,791351,791351,32013,2020-08-28,36,10387,0.00346587080003851,0.00546366240034748,39.9015647404062
New York,2020-08-29T00:00:00.000,62,32075,12710,804061,804061,32075,2020-08-29,62,12710,0.0048780487804878,0.00539438498646584,68.8034150186836
New York,2020-08-30T00:00:00.000,44,32119,8524,812585,812585,32119,2020-08-30,44,8524,0.00516189582355702,0.00532520017995476,48.9787681006964
New York,2020-08-31T00:00:00.000,46,32165,8300,820885,820885,32165,2020-08-31,46,8300,0.0055421686746988,0.00525692263021071,51.2580253600248
New York,2020-09-01T00:00:00.000,53,32218,9626,830511,830511,32218,2020-09-01,53,9626,0.00550592146270517,0.00519042920179599,59.1157793186927
New York,2020-09-02T00:00:00.000,33,32251,10431,840942,840942,32251,2020-09-02,33,10431,0.00316364682197297,0.00512663527539204,36.8422168177523
New York,2020-09-03T00:00:00.000,59,32310,11922,852864,852864,32310,2020-09-03,59,11922,0.00494883408824023,0.00506647229378287,65.9289361641586
New York,2020-09-04T00:00:00.000,62,32372,11623,864487,864487,32372,2020-09-04,62,11623,0.00533425105394476,0.00501086735243199,69.3432379034552
New York,2020-09-05T00:00:00.000,54,32426,10016,874503,874503,32426,2020-09-05,54,10016,0.00539137380191693,0.00496072539173049,60.4504501546422
New York,2020-09-06T00:00:00.000,16,32442,5522,880025,880025,32442,2020-09-06,16,5522,0.00289750090546903,0.00491691428479518,17.928063994026
New York,2020-09-07T00:00:00.000,19,32461,5232,885257,885257,32461,2020-09-07,19,5232,0.00363149847094801,0.00488025287345445,21.3107330455068
New York,2020-09-08T00:00:00.000,39,32500,6601,891858,891858,32500,2020-09-08,39,6601,0.00590819572792001,0.00485150177753457,43.789890720907
New York,2020-09-09T00:00:00.000,51,32551,7682,899540,899540,32551,2020-09-09,51,7682,0.00663889612080187,0.00483135662218806,57.3305252535002
New York,2020-09-10T00:00:00.000,52,32603,10273,909813,909813,32603,2020-09-10,52,10273,0.00506181251825173,0.00482044320918411,58.6005382645649
New York,2020-09-11T00:00:00.000,40,32643,11620,921433,921433,32643,2020-09-11,40,11620,0.00344234079173838,0.00481931407828495,45.2139578634463
New York,2020-09-12T00:00:00.000,34,32677,7538,928971,928971,32677,2020-09-12,34,7538,0.00451048023348368,0.00482844589385158,38.5422946510865
New York,2020-09-13T00:00:00.000,51,32728,8093,937064,937064,32728,2020-09-13,51,8093,0.00630174224638577,0.00484823712934073,58.135258171499
New York,2020-09-14T00:00:00.000,44,32772,6557,943621,943621,32772,2020-09-14,44,6557,0.00671038584718621,0.00487900560398193,50.4818783742128
New York,2020-09-15T00:00:00.000,63,32835,8840,952461,952461,32835,2020-09-15,63,8840,0.00712669683257919,0.00492098554953408,72.7242852538776
New York,2020-09-16T00:00:00.000,57,32892,8958,961419,961419,32892,2020-09-16,57,8958,0.00636302746148694,0.00497432405450188,66.1826180510635
New York,2020-09-17T00:00:00.000,46,32938,10383,971802,971802,32938,2020-09-17,46,10383,0.00443031879033035,0.00503907691184035,53.7048196289868
New York,2020-09-18T00:00:00.000,73,33011,11603,983405,983405,33011,2020-09-18,73,11603,0.00629147634232526,0.00511520411958899,85.6658751112246
New York,2020-09-19T00:00:00.000,59,33070,10763,994168,994168,33070,2020-09-19,59,10763,0.00548174300845489,0.00520256551231568,69.5667698560713
New York,2020-09-20T00:00:00.000,35,33105,7038,1001206,1001206,33105,2020-09-20,35,7038,0.00497300369423132,0.00530091723063492,41.4490739544795
New York,2020-09-21T00:00:00.000,41,33146,8274,1009480,1009480,33146,2020-09-21,41,8274,0.0049552816050278,0.00540990997020661,48.7484796468902
New York,2020-09-22T00:00:00.000,41,33187,6599,1016079,1016079,33187,2020-09-22,41,6599,0.00621306258524019,0.00552909015869117,48.9249407721481
New York,2020-09-23T00:00:00.000,50,33237,8567,1024646,1024646,33237,2020-09-23,50,8567,0.00583634878020311,0.00565790536069349,59.9827024622094
New York,2020-09-24T00:00:00.000,50,33287,9692,1034338,1034338,33287,2020-09-24,50,9692,0.00515889393314073,0.00579571533142619,60.3405892062257
New York,2020-09-25T00:00:00.000,48,33335,10299,1044637,1044637,33335,2020-09-25,48,10299,0.00466064666472473,0.00594181014670364,58.2736115639146
New York,2020-09-26T00:00:00.000,36,33371,9082,1053719,1053719,33371,2020-09-26,36,9082,0.00396388460691478,0.00609543678040458,43.9670610934808
New York,2020-09-27T00:00:00.000,47,33418,5700,1059419,1059419,33418,2020-09-27,47,5700,0.00824561403508772,0.00625583532922322,58.3109378589265
New York,2020-09-28T00:00:00.000,79,33497,10863,1070282,1070282,33497,2020-09-28,79,10863,0.00727239252508515,0.00642228584653733,100.562113087818
New York,2020-09-29T00:00:00.000,64,33561,11148,1081430,1081430,33561,2020-09-29,64,11148,0.00574094007893793,0.00659416643864035,83.4861894557994
New York,2020-09-30T00:00:00.000,65,33626,9545,1090975,1090975,33626,2020-09-30,65,9545,0.00680984808800419,0.00677102299718698,86.7691058255168
Niagara,2020-04-01T00:00:00.000,30,76,89,367,367,76,2020-04-01,76,367,0.20708446866485,0.216935447860256,89.6667670285887
Niagara,2020-04-02T00:00:00.000,18,94,61,428,428,94,2020-04-02,18,61,0.295081967213115,0.21305986264943,21.1828938825199
Niagara,2020-04-03T00:00:00.000,7,101,47,475,475,101,2020-04-03,7,47,0.148936170212766,0.209231176896694,8.28216846150573
Niagara,2020-04-04T00:00:00.000,15,116,54,529,529,116,2020-04-04,15,54,0.277777777777778,0.205443513822308,17.8918603944381
Niagara,2020-04-05T00:00:00.000,4,120,44,573,573,120,2020-04-05,4,44,0.0909090909090909,0.201689057227544,4.80962910878859
Niagara,2020-04-06T00:00:00.000,6,126,44,617,617,126,2020-04-06,6,44,0.136363636363636,0.197958716037071,7.26872599547392
Niagara,2020-04-07T00:00:00.000,8,134,39,656,656,134,2020-04-07,8,39,0.205128205128205,0.194242740958403,9.72769966192519
Niagara,2020-04-08T00:00:00.000,12,146,53,709,709,146,2020-04-08,12,53,0.226415094339623,0.19053128876946,14.6343715447818
Niagara,2020-04-09T00:00:00.000,10,156,79,788,788,156,2020-04-09,10,79,0.126582278481013,0.186814928856378,12.224928601117
Niagara,2020-04-10T00:00:00.000,11,167,46,834,834,167,2020-04-10,11,46,0.239130434782609,0.183085086611063,13.4747783263219
Niagara,2020-04-11T00:00:00.000,16,183,62,896,896,183,2020-04-11,16,62,0.258064516129032,0.179334417973324,19.6321320147239
Niagara,2020-04-12T00:00:00.000,6,189,29,925,925,189,2020-04-12,6,29,0.206896551724138,0.175557110041509,7.37161776362734
Niagara,2020-04-13T00:00:00.000,8,197,48,973,973,197,2020-04-13,8,48,0.166666666666667,0.171749103606839,9.85604060726221
Niagara,2020-04-14T00:00:00.000,7,204,57,1030,1030,204,2020-04-14,7,57,0.12280701754386,0.167908234800673,8.67155323464228
Niagara,2020-04-15T00:00:00.000,12,216,82,1112,1112,216,2020-04-15,12,82,0.146341463414634,0.164034295230973,14.9455448997646
Niagara,2020-04-16T00:00:00.000,11,227,56,1168,1168,227,2020-04-16,11,56,0.196428571428571,0.160129011932359,13.7711134344181
Niagara,2020-04-17T00:00:00.000,7,234,53,1221,1221,234,2020-04-17,7,53,0.132075471698113,0.156195951413188,8.80635719671023
Niagara,2020-04-18T00:00:00.000,12,246,69,1290,1290,246,2020-04-18,12,69,0.173913043478261,0.15224035426184,15.1646999078996
Niagara,2020-04-19T00:00:00.000,9,255,48,1338,1338,255,2020-04-19,9,48,0.1875,0.148268909682766,11.4181811194531
Niagara,2020-04-20T00:00:00.000,5,260,53,1391,1391,260,2020-04-20,5,53,0.0943396226415094,0.144289481140769,6.36150125888883
Niagara,2020-04-21T00:00:00.000,8,268,49,1440,1440,268,2020-04-21,8,49,0.163265306122449,0.140310796270536,10.1999586036795
Niagara,2020-04-22T00:00:00.000,27,295,195,1635,1635,295,2020-04-22,27,195,0.138461538461538,0.13634211508095,34.541680060285
Niagara,2020-04-23T00:00:00.000,37,332,192,1827,1827,332,2020-04-23,37,192,0.192708333333333,0.13239289100332,47.6346753446048
Niagara,2020-04-24T00:00:00.000,12,344,107,1934,1934,344,2020-04-24,12,107,0.11214953271028,0.128472438880992,15.5438650304633
Niagara,2020-04-25T00:00:00.000,24,368,142,2076,2076,368,2020-04-25,24,142,0.169014084507042,0.124589623037668,31.2709707556299
Niagara,2020-04-26T00:00:00.000,10,378,95,2171,2171,378,2020-04-26,10,95,0.105263157894737,0.120752576956069,13.1027239094832
Niagara,2020-04-27T00:00:00.000,8,386,89,2260,2260,386,2020-04-27,8,89,0.0898876404494382,0.116968464069539,10.5261798649845
Niagara,2020-04-28T00:00:00.000,15,401,130,2390,2390,401,2020-04-28,15,130,0.115384615384615,0.113243286794167,19.7927502501036
Niagara,2020-04-29T00:00:00.000,19,420,154,2544,2544,420,2020-04-29,19,154,0.123376623376623,0.10958174868414,25.1345953651949
Niagara,2020-04-30T00:00:00.000,20,440,239,2783,2783,440,2020-04-30,20,239,0.0836820083682008,0.105987172072861,26.516443107225
Niagara,2020-05-01T00:00:00.000,17,457,269,3052,3052,457,2020-05-01,17,269,0.0631970260223048,0.102461471546217,22.581831895909
Niagara,2020-05-02T00:00:00.000,17,474,184,3236,3236,474,2020-05-02,17,184,0.0923913043478261,0.0990051816457461,22.6171057378785
Niagara,2020-05-03T00:00:00.000,19,493,318,3554,3554,493,2020-05-03,19,318,0.059748427672956,0.0956175356658854,25.3085973083831
Niagara,2020-05-04T00:00:00.000,15,508,198,3752,3752,508,2020-05-04,15,198,0.0757575757575758,0.0922965910835588,20.000679428962
Niagara,2020-05-05T00:00:00.000,41,549,353,4105,4105,549,2020-05-05,41,353,0.11614730878187,0.0890393962354167,54.7941959790204
Niagara,2020-05-06T00:00:00.000,39,588,282,4387,4387,588,2020-05-06,39,282,0.138297872340426,0.085842192001273,52.1915676076208
Niagara,2020-05-07T00:00:00.000,17,605,257,4644,4644,605,2020-05-07,17,257,0.066147859922179,0.0827006415644391,22.7824313750265
Niagara,2020-05-08T00:00:00.000,22,627,273,4917,4917,627,2020-05-08,22,273,0.0805860805860806,0.0796100807688014,29.5760197481039
Niagara,2020-05-09T00:00:00.000,16,643,359,5276,5276,643,2020-05-09,16,359,0.0445682451253482,0.076565780925728,21.5648327900195
Niagara,2020-05-10T00:00:00.000,12,655,176,5452,5452,655,2020-05-10,12,176,0.0681818181818182,0.0735632153162664,16.1861184178938
Niagara,2020-05-11T00:00:00.000,16,671,186,5638,5638,671,2020-05-11,16,186,0.0860215053763441,0.0705983201616412,21.5094042995121
Niagara,2020-05-12T00:00:00.000,19,690,343,5981,5981,690,2020-05-12,19,343,0.0553935860058309,0.0676677401778008,25.5608288090567
Niagara,2020-05-13T00:00:00.000,20,710,330,6311,6311,710,2020-05-13,20,330,0.0606060606060606,0.0647690487762946,27.0619648636789
Niagara,2020-05-14T00:00:00.000,33,743,530,6841,6841,743,2020-05-14,33,530,0.0622641509433962,0.0619009328359204,44.6651840255943
Niagara,2020-05-15T00:00:00.000,27,770,383,7224,7224,770,2020-05-15,27,383,0.0704960835509138,0.059063332691093,36.596818111676
Niagara,2020-05-16T00:00:00.000,22,792,421,7645,7645,792,2020-05-16,22,421,0.0522565320665083,0.0562575289775618,29.8347285554496
Niagara,2020-05-17T00:00:00.000,26,818,325,7970,7970,818,2020-05-17,26,325,0.08,0.0534861699390973,35.3110636744284
Niagara,2020-05-18T00:00:00.000,27,845,271,8241,8241,845,2020-05-18,27,271,0.0996309963099631,0.0507532352491629,36.8294447209046
Niagara,2020-05-19T00:00:00.000,13,858,370,8611,8611,858,2020-05-19,13,370,0.0351351351351351,0.0480639355950095,17.7807901421682
Niagara,2020-05-20T00:00:00.000,22,880,540,9151,9151,880,2020-05-20,22,540,0.0407407407407407,0.0454245509360768,30.1570447608512
Niagara,2020-05-21T00:00:00.000,17,897,655,9806,9806,897,2020-05-21,17,655,0.0259541984732824,0.0428422140953991,23.375330486414
Niagara,2020-05-22T00:00:00.000,30,927,501,10307,10307,927,2020-05-22,30,501,0.0598802395209581,0.0403246501099465,41.3342474804136
Niagara,2020-05-23T00:00:00.000,14,941,355,10662,10662,941,2020-05-23,14,355,0.0394366197183099,0.0378798848937063,19.307911671383
Niagara,2020-05-24T00:00:00.000,14,955,501,11163,11163,955,2020-05-24,14,501,0.0279441117764471,0.0355159390671755,19.3062622630278
Niagara,2020-05-25T00:00:00.000,10,965,366,11529,11529,965,2020-05-25,10,366,0.0273224043715847,0.0332405240025741,13.7748491531435
Niagara,2020-05-26T00:00:00.000,7,972,247,11776,11776,972,2020-05-26,7,247,0.0283400809716599,0.0310607568766589,9.63897804689822
Niagara,2020-05-27T00:00:00.000,12,984,502,12278,12278,984,2020-05-27,12,502,0.0239043824701195,0.0289829100415815,16.5140964813733
Niagara,2020-05-28T00:00:00.000,24,1008,583,12861,12861,1008,2020-05-28,24,583,0.0411663807890223,0.027012207193936,32.9809816653673
Niagara,2020-05-29T00:00:00.000,12,1020,447,13308,13308,1020,2020-05-29,12,447,0.0268456375838926,0.0251526751766391,16.5757444897918
Niagara,2020-05-30T00:00:00.000,17,1037,495,13803,13803,1037,2020-05-30,17,495,0.0343434343434343,0.0234070559673403,23.5608492254937
Niagara,2020-05-31T00:00:00.000,9,1046,420,14223,14223,1046,2020-05-31,9,420,0.0214285714285714,0.0217767790745083,12.490608214592
Niagara,2020-06-01T00:00:00.000,2,1048,485,14708,14708,1048,2020-06-01,2,485,0.00412371134020619,0.0202619905717689,2.77316300925193
Niagara,2020-06-02T00:00:00.000,19,1067,655,15363,15363,1067,2020-06-02,19,655,0.0290076335877863,0.0188616316470946,26.2487023555578
Niagara,2020-06-03T00:00:00.000,18,1085,739,16102,16102,1085,2020-06-03,18,739,0.0243572395128552,0.017573557179072,24.7260644882456
Niagara,2020-06-04T00:00:00.000,14,1099,726,16828,16828,1099,2020-06-04,14,726,0.0192837465564738,0.0163946835003477,19.0860344532279
Niagara,2020-06-05T00:00:00.000,10,1109,999,17827,17827,1109,2020-06-05,10,999,0.01001001001001,0.0153211541616732,13.5424158401206
Niagara,2020-06-06T00:00:00.000,3,1112,521,18348,18348,1112,2020-06-06,3,521,0.00575815738963532,0.0143485131033795,4.07532301071756
Niagara,2020-06-07T00:00:00.000,4,1116,419,18767,18767,1116,2020-06-07,4,419,0.00954653937947494,0.0134718758516807,5.42940674459634
Niagara,2020-06-08T00:00:00.000,9,1125,942,19709,19709,1125,2020-06-08,9,942,0.00955414012738853,0.0126860910606897,12.1967357077415
Niagara,2020-06-09T00:00:00.000,4,1129,510,20219,20219,1129,2020-06-09,4,510,0.00784313725490196,0.011985886607316,5.40779674785219
Niagara,2020-06-10T00:00:00.000,7,1136,623,20842,20842,1136,2020-06-10,7,623,0.0112359550561798,0.0113659963259588,9.43359512215895
Niagara,2020-06-11T00:00:00.000,7,1143,718,21560,21560,1143,2020-06-11,7,718,0.00974930362116992,0.0108212651885225,9.39654312887668
Niagara,2020-06-12T00:00:00.000,11,1154,630,22190,22190,1154,2020-06-12,11,630,0.0174603174603175,0.0103467321853081,14.6900172781954
Niagara,2020-06-13T00:00:00.000,12,1166,745,22935,22935,1166,2020-06-13,12,745,0.0161073825503356,0.00993769127895158,15.9353206564902
Niagara,2020-06-14T00:00:00.000,3,1169,464,23399,23399,1169,2020-06-14,3,464,0.00646551724137931,0.00958973159180968,3.96431174100942
Niagara,2020-06-15T00:00:00.000,2,1171,424,23823,23823,1171,2020-06-15,2,424,0.00471698113207547,0.00929875848201676,2.6516451353414
Niagara,2020-06-16T00:00:00.000,6,1177,505,24328,24328,1177,2020-06-16,6,505,0.0118811881188119,0.00906099738620364,7.97151818520813
Niagara,2020-06-17T00:00:00.000,6,1183,850,25178,25178,1183,2020-06-17,6,850,0.00705882352941176,0.00887298236925299,7.9777679256659
Niagara,2020-06-18T00:00:00.000,2,1185,977,26155,26155,1185,2020-06-18,2,977,0.00204708290685773,0.00873153123347831,2.65011752510982
Niagara,2020-06-19T00:00:00.000,3,1188,621,26776,26776,1188,2020-06-19,3,621,0.00483091787439614,0.008633708939387,3.95261881558113
Niagara,2020-06-20T00:00:00.000,4,1192,531,27307,27307,1192,2020-06-20,4,531,0.00753295668549906,0.00857678095873738,5.22557210363785
Niagara,2020-06-21T00:00:00.000,1,1193,402,27709,27709,1193,2020-06-21,1,402,0.00248756218905473,0.00855815814751799,1.29468562974817
Niagara,2020-06-22T00:00:00.000,2,1195,371,28080,28080,1195,2020-06-22,2,371,0.00539083557951483,0.00857533477786718,2.56514290630445
Niagara,2020-06-23T00:00:00.000,4,1199,803,28883,28883,1199,2020-06-23,4,803,0.0049813200498132,0.00862582155159616,5.08079539734037
Niagara,2020-06-24T00:00:00.000,4,1203,963,29846,29846,1203,2020-06-24,4,963,0.00415368639667705,0.00870707575770255,5.03082590367136
Niagara,2020-06-25T00:00:00.000,10,1213,606,30452,30452,1213,2020-06-25,10,606,0.0165016501650165,0.00881643117989353,12.4522035255668
Niagara,2020-06-26T00:00:00.000,10,1223,820,31272,31272,1223,2020-06-26,10,820,0.0121951219512195,0.00895103093172593,12.3285199539943
Niagara,2020-06-27T00:00:00.000,3,1226,513,31785,31785,1226,2020-06-27,3,513,0.00584795321637427,0.00910776696776468,3.67675585543904
Niagara,2020-06-28T00:00:00.000,2,1228,385,32170,32170,1228,2020-06-28,2,385,0.00519480519480519,0.00928323055935453,2.44287566865975
Niagara,2020-06-29T00:00:00.000,6,1234,622,32792,32792,1234,2020-06-29,6,622,0.00964630225080386,0.00947367837970287,7.29532892569542
Niagara,2020-06-30T00:00:00.000,3,1237,517,33309,33309,1237,2020-06-30,3,517,0.00580270793036751,0.00967501890862794,3.63159650132681
Niagara,2020-07-01T00:00:00.000,11,1248,987,34296,34296,1248,2020-07-01,11,987,0.011144883485309,0.0098828235071252,13.2119151324091
Niagara,2020-07-02T00:00:00.000,14,1262,763,35059,35059,1262,2020-07-02,14,763,0.018348623853211,0.0100923656417681,16.8888013849335
Niagara,2020-07-03T00:00:00.000,15,1277,683,35742,35742,1277,2020-07-03,15,683,0.0219619326500732,0.0102986902769593,18.2072190730899
Niagara,2020-07-04T00:00:00.000,7,1284,476,36218,36218,1284,2020-07-04,7,476,0.0147058823529412,0.0104967134485391,8.54123629877954
Niagara,2020-07-05T00:00:00.000,6,1290,360,36578,36578,1290,2020-07-05,6,360,0.0166666666666667,0.0106813495884529,7.3222232716592
Niagara,2020-07-06T00:00:00.000,7,1297,442,37020,37020,1297,2020-07-06,7,442,0.0158371040723982,0.0108476614728637,8.54128640665614
Niagara,2020-07-07T00:00:00.000,10,1307,718,37738,37738,1307,2020-07-07,10,718,0.0139275766016713,0.0109910250381986,12.1956175240634
Niagara,2020-07-08T00:00:00.000,8,1315,826,38564,38564,1315,2020-07-08,8,826,0.00968523002421308,0.0111072990722111,9.74767296163967
Niagara,2020-07-09T00:00:00.000,12,1327,835,39399,39399,1327,2020-07-09,12,835,0.0143712574850299,0.0111929882844873,14.6020907730996
Niagara,2020-07-10T00:00:00.000,7,1334,533,39932,39932,1334,2020-07-10,7,533,0.0131332082551595,0.0112453877798364,8.50278380436933
Niagara,2020-07-11T00:00:00.000,6,1340,720,40652,40652,1340,2020-07-11,6,720,0.00833333333333333,0.0112626976852065,7.27184894973413
Niagara,2020-07-12T00:00:00.000,2,1342,266,40918,40918,1342,2020-07-12,2,266,0.0075187969924812,0.0112440986073053,2.41743102011267
Niagara,2020-07-13T00:00:00.000,9,1351,685,41603,41603,1351,2020-07-13,9,685,0.0131386861313869,0.011189781578944,10.8442609407893
Niagara,2020-07-14T00:00:00.000,5,1356,665,42268,42268,1356,2020-07-14,5,665,0.0075187969924812,0.0111009298693236,6.00303048020512
Niagara,2020-07-15T00:00:00.000,8,1364,930,43198,43198,1364,2020-07-15,8,930,0.00860215053763441,0.0109796540393329,9.56652315827237
Niagara,2020-07-16T00:00:00.000,7,1371,933,44131,44131,1371,2020-07-16,7,933,0.007502679528403,0.0108288854500964,8.33413855865268
Niagara,2020-07-17T00:00:00.000,4,1375,419,44550,44550,1375,2020-07-17,4,419,0.00954653937947494,0.0106522366182598,4.74086217081738
Niagara,2020-07-18T00:00:00.000,7,1382,509,45059,45059,1382,2020-07-18,7,509,0.0137524557956778,0.0104538390174569,8.29048217310524
Niagara,2020-07-19T00:00:00.000,2,1384,209,45268,45268,1384,2020-07-19,2,209,0.00956937799043062,0.0102381699534926,2.37279206189756
Niagara,2020-07-20T00:00:00.000,4,1388,640,45908,45908,1388,2020-07-20,4,640,0.00625,0.0100098799587917,4.75061684728869
Niagara,2020-07-21T00:00:00.000,7,1395,736,46644,46644,1395,2020-07-21,7,736,0.00951086956521739,0.00977363091556242,8.31673377913709
Niagara,2020-07-22T00:00:00.000,10,1405,586,47230,47230,1405,2020-07-22,10,586,0.0170648464163823,0.00953395306858175,11.8769005314356
Niagara,2020-07-23T00:00:00.000,3,1408,707,47937,47937,1408,2020-07-23,3,707,0.00424328147100424,0.00929512656877964,3.5584709777453
Niagara,2020-07-24T00:00:00.000,12,1420,1234,49171,49171,1420,2020-07-24,12,1234,0.00972447325769854,0.00906109053003372,14.1750133244826
Niagara,2020-07-25T00:00:00.000,2,1422,503,49674,49674,1422,2020-07-25,2,503,0.00397614314115308,0.00883538009482684,2.33599078180338
Niagara,2020-07-26T00:00:00.000,2,1424,335,50009,50009,1424,2020-07-26,2,335,0.00597014925373134,0.00862108988264473,2.30696165394245
Niagara,2020-07-27T00:00:00.000,0,1424,698,50707,50707,1424,2020-07-27,0,698,0,0.00842086063104297,0
Niagara,2020-07-28T00:00:00.000,6,1430,543,51250,51250,1430,2020-07-28,6,543,0.0110497237569061,0.00823688480377381,6.94952136070799
Niagara,2020-07-29T00:00:00.000,4,1434,860,52110,52110,1434,2020-07-29,4,860,0.00465116279069767,0.00807092647372099,4.64856597068793
Niagara,2020-07-30T00:00:00.000,6,1440,515,52625,52625,1440,2020-07-30,6,515,0.0116504854368932,0.00792435076862054,6.99530545614956
Niagara,2020-07-31T00:00:00.000,4,1444,748,53373,53373,1444,2020-07-31,4,748,0.0053475935828877,0.00779815849720932,4.66229056691915
Niagara,2020-08-01T00:00:00.000,2,1446,519,53892,53892,1446,2020-08-01,2,519,0.00385356454720617,0.00769302215178209,2.32842048806616
Niagara,2020-08-02T00:00:00.000,3,1449,314,54206,54206,1449,2020-08-02,3,314,0.00955414012738853,0.00760932019086665,3.50031695657143
Niagara,2020-08-03T00:00:00.000,9,1458,996,55202,55202,1458,2020-08-03,9,996,0.00903614457831325,0.00754716726295656,10.5494747974951
Niagara,2020-08-04T00:00:00.000,8,1466,1332,56534,56534,1466,2020-08-04,8,1332,0.00600600600600601,0.00750643879734276,9.50476782401504
Niagara,2020-08-05T00:00:00.000,4,1470,639,57173,57173,1470,2020-08-05,4,639,0.00625978090766823,0.00748678909168696,4.81587633855549
Niagara,2020-08-06T00:00:00.000,21,1491,646,57819,57819,1491,2020-08-06,21,646,0.0325077399380805,0.00748766268624475,25.6093201447058
Niagara,2020-08-07T00:00:00.000,3,1494,997,58816,58816,1494,2020-08-07,3,997,0.00300902708124373,0.00750829940319887,3.69616819217869
Niagara,2020-08-08T00:00:00.000,4,1498,462,59278,59278,1498,2020-08-08,4,462,0.00865800865800866,0.00754773395549406,4.97220595761071
Niagara,2020-08-09T00:00:00.000,2,1500,283,59561,59561,1500,2020-08-09,2,283,0.00706713780918728,0.0076047915057467,2.50280562286427
Niagara,2020-08-10T00:00:00.000,12,1512,925,60486,60486,1512,2020-08-10,12,925,0.012972972972973,0.00767808095941737,15.0379254158854
Niagara,2020-08-11T00:00:00.000,2,1514,652,61138,61138,1514,2020-08-11,2,652,0.00306748466257669,0.00776598811848072,2.50497729931006
Niagara,2020-08-12T00:00:00.000,4,1518,551,61689,61689,1518,2020-08-12,4,551,0.00725952813067151,0.00786667107172887,5.00154389758587
Niagara,2020-08-13T00:00:00.000,6,1524,821,62510,62510,1524,2020-08-13,6,821,0.00730816077953715,0.00797806031665674,7.48161015265689
Niagara,2020-08-14T00:00:00.000,5,1529,597,63107,63107,1529,2020-08-14,5,597,0.00837520938023451,0.00809786609150364,6.21909835980124
Niagara,2020-08-15T00:00:00.000,3,1532,573,63680,63680,1532,2020-08-15,3,573,0.00523560209424084,0.00822359516245558,3.73479651432152
Niagara,2020-08-16T00:00:00.000,0,1532,319,63999,63999,1532,2020-08-16,0,319,0,0.00835257888404262,0
Niagara,2020-08-17T00:00:00.000,3,1535,459,64458,64458,1535,2020-08-17,3,459,0.0065359477124183,0.00848201367420847,3.7273421964529
Niagara,2020-08-18T00:00:00.000,9,1544,590,65048,65048,1544,2020-08-18,9,590,0.0152542372881356,0.00860901416551551,11.1499594063008
Niagara,2020-08-19T00:00:00.000,3,1547,757,65805,65805,1547,2020-08-19,3,757,0.00396301188903567,0.00873067823688063,3.70152098968409
Niagara,2020-08-20T00:00:00.000,9,1556,768,66573,66573,1556,2020-08-20,9,768,0.01171875,0.0088441619875388,11.0465432971558
Niagara,2020-08-21T00:00:00.000,10,1566,683,67256,67256,1566,2020-08-21,10,683,0.0146412884333821,0.00894676157373256,12.1964235635139
Niagara,2020-08-22T00:00:00.000,9,1575,646,67902,67902,1575,2020-08-22,9,646,0.0139318885448916,0.00903599785516873,10.89630065958
Niagara,2020-08-23T00:00:00.000,1,1576,286,68188,68188,1576,2020-08-23,1,286,0.0034965034965035,0.00910969906124105,1.20069290369788
Niagara,2020-08-24T00:00:00.000,10,1586,591,68779,68779,1586,2020-08-24,10,591,0.0169204737732657,0.00916607636932889,11.9084230495464
Niagara,2020-08-25T00:00:00.000,4,1590,520,69299,69299,1590,2020-08-25,4,520,0.00769230769230769,0.00920378740238838,4.74952126009855
Niagara,2020-08-26T00:00:00.000,5,1595,913,70212,70212,1595,2020-08-26,5,913,0.00547645125958379,0.00922198326115383,5.91492432489961
Niagara,2020-08-27T00:00:00.000,5,1600,734,70946,70946,1600,2020-08-27,5,734,0.00681198910081744,0.00922033575758134,5.88826917461015
Niagara,2020-08-28T00:00:00.000,5,1605,605,71551,71551,1605,2020-08-28,5,605,0.00826446280991736,0.00919904290672737,5.83825835170885
Niagara,2020-08-29T00:00:00.000,7,1612,957,72508,72508,1612,2020-08-29,7,957,0.00731452455590387,0.00915881231901261,8.19041801437745
Niagara,2020-08-30T00:00:00.000,6,1618,532,73040,73040,1618,2020-08-30,6,532,0.0112781954887218,0.00910082375941935,7.04662090986807
Niagara,2020-08-31T00:00:00.000,8,1626,856,73896,73896,1626,2020-08-31,8,856,0.00934579439252336,0.00902667358181655,9.4096537359113
Niagara,2020-09-01T00:00:00.000,6,1632,895,74791,74791,1632,2020-09-01,6,895,0.00670391061452514,0.00893830491989089,7.06616850064244
Niagara,2020-09-02T00:00:00.000,3,1635,789,75580,75580,1635,2020-09-02,3,789,0.00380228136882129,0.00883792825167302,3.5367541671896
Niagara,2020-09-03T00:00:00.000,3,1638,767,76347,76347,1638,2020-09-03,3,767,0.00391134289439374,0.00872793724413772,3.53969551315645
Niagara,2020-09-04T00:00:00.000,5,1643,806,77153,77153,1643,2020-09-04,5,806,0.00620347394540943,0.00861082462944078,5.90331034578414
Niagara,2020-09-05T00:00:00.000,7,1650,503,77656,77656,1650,2020-09-05,7,503,0.0139165009940358,0.00848910232131823,8.26866653268742
Niagara,2020-09-06T00:00:00.000,4,1654,394,78050,78050,1654,2020-09-06,4,394,0.0101522842639594,0.00836522914852132,4.72663343657405
Niagara,2020-09-07T00:00:00.000,5,1659,547,78597,78597,1659,2020-09-07,5,547,0.00914076782449726,0.00824154860687658,5.90978174308789
Niagara,2020-09-08T00:00:00.000,4,1663,502,79099,79099,1663,2020-09-08,4,502,0.00796812749003984,0.00812023799516021,4.72866450247248
Niagara,2020-09-09T00:00:00.000,3,1666,637,79736,79736,1666,2020-09-09,3,637,0.00470957613814757,0.00800326933337909,3.54696442806042
Niagara,2020-09-10T00:00:00.000,5,1671,724,80460,80460,1671,2020-09-10,5,724,0.0069060773480663,0.00789238165230271,5.91943664374879
Niagara,2020-09-11T00:00:00.000,7,1678,743,81203,81203,1678,2020-09-11,7,743,0.00942126514131898,0.00778906360610573,8.30157653009849
Niagara,2020-09-12T00:00:00.000,7,1685,585,81788,81788,1685,2020-09-12,7,585,0.011965811965812,0.00769454495664362,8.31369805657087
Niagara,2020-09-13T00:00:00.000,4,1689,420,82208,82208,1689,2020-09-13,4,420,0.00952380952380952,0.00760979528131412,4.76988965919033
Niagara,2020-09-14T00:00:00.000,4,1693,679,82887,82887,1693,2020-09-14,4,679,0.00589101620029455,0.00753552824503426,4.79315043258917
Niagara,2020-09-15T00:00:00.000,1,1694,445,83332,83332,1694,2020-09-15,1,445,0.00224719101123596,0.00747220992090053,1.2035901077118
Niagara,2020-09-16T00:00:00.000,9,1703,1145,84477,84477,1703,2020-09-16,9,1145,0.00786026200873362,0.00742006991518643,10.8762451767991
Niagara,2020-09-17T00:00:00.000,4,1707,486,84963,84963,1707,2020-09-17,4,486,0.00823045267489712,0.00737911437309127,4.85155263482642
Niagara,2020-09-18T00:00:00.000,7,1714,772,85735,85735,1714,2020-09-18,7,772,0.00906735751295337,0.00734914032599903,8.51766181288404
Niagara,2020-09-19T00:00:00.000,10,1724,1161,86896,86896,1724,2020-09-19,10,1161,0.00861326442721792,0.00732975121608864,12.2021678445888
Niagara,2020-09-20T00:00:00.000,4,1728,444,87340,87340,1728,2020-09-20,4,444,0.00900900900900901,0.0073203737796035,4.89243430177827
Niagara,2020-09-21T00:00:00.000,5,1733,564,87904,87904,1733,2020-09-21,5,564,0.00886524822695036,0.00732027677974639,6.1274668397223
Niagara,2020-09-22T00:00:00.000,8,1741,711,88615,88615,1741,2020-09-22,8,711,0.0112517580872011,0.00732859231396612,9.81913266942678
Niagara,2020-09-23T00:00:00.000,15,1756,884,89499,89499,1756,2020-09-23,15,884,0.0169683257918552,0.00734434055191106,18.4704295725536
Niagara,2020-09-24T00:00:00.000,10,1766,981,90480,90480,1766,2020-09-24,10,981,0.0101936799184506,0.00736645882347834,12.3610315304713
Niagara,2020-09-25T00:00:00.000,7,1773,609,91089,91089,1773,2020-09-25,7,609,0.0114942528735632,0.00739383589516683,8.68608032098399
Niagara,2020-09-26T00:00:00.000,4,1777,990,92079,92079,1777,2020-09-26,4,990,0.00404040404040404,0.00742535211640591,4.98260144491123
Niagara,2020-09-27T00:00:00.000,3,1780,548,92627,92627,1780,2020-09-27,3,548,0.00547445255474453,0.00745992584767735,3.78807303367609
Niagara,2020-09-28T00:00:00.000,3,1783,1727,94354,94354,1783,2020-09-28,3,1727,0.00173711638679792,0.00749656626323228,3.87833955137202
Niagara,2020-09-29T00:00:00.000,5,1788,1119,95473,95473,1788,2020-09-29,5,1119,0.00446827524575514,0.00753443226142323,6.60988239171024
Niagara,2020-09-30T00:00:00.000,11,1799,1127,96600,96600,1799,2020-09-30,11,1127,0.00976042590949423,0.00757289691806722,14.8492741769149
Oneida,2020-04-01T00:00:00.000,11,61,82,587,587,61,2020-04-01,61,587,0.103918228279387,0.14213725421808,68.9898965921921
Oneida,2020-04-02T00:00:00.000,10,71,77,664,664,71,2020-04-02,10,77,0.12987012987013,0.142076631005022,11.300948251697
Oneida,2020-04-03T00:00:00.000,9,80,58,722,722,80,2020-04-03,9,58,0.155172413793103,0.142014564977846,10.243754892462
Oneida,2020-04-04T00:00:00.000,7,87,55,777,777,87,2020-04-04,7,55,0.127272727272727,0.141948453703434,8.04648312709664
Oneida,2020-04-05T00:00:00.000,13,100,87,864,864,100,2020-04-05,13,87,0.149425287356322,0.141874251725522,15.0909671290695
Oneida,2020-04-06T00:00:00.000,18,118,90,954,954,118,2020-04-06,18,90,0.2,0.141786383392573,21.0904352363534
Oneida,2020-04-07T00:00:00.000,7,125,59,1013,1013,125,2020-04-07,7,59,0.11864406779661,0.141677670836494,8.24733940550294
Oneida,2020-04-08T00:00:00.000,33,158,104,1117,1117,158,2020-04-08,33,104,0.317307692307692,0.141539282343514,39.0659004620192
Oneida,2020-04-09T00:00:00.000,14,172,85,1202,1202,172,2020-04-09,14,85,0.164705882352941,0.141360707418498,16.644320891576
Oneida,2020-04-10T00:00:00.000,9,181,42,1244,1244,181,2020-04-10,9,42,0.214285714285714,0.141129765412483,10.7415763224438
Oneida,2020-04-11T00:00:00.000,14,195,83,1327,1327,195,2020-04-11,14,83,0.168674698795181,0.140832655171918,16.7679314854348
Oneida,2020-04-12T00:00:00.000,11,206,61,1388,1388,206,2020-04-12,11,61,0.180327868852459,0.140454053189888,13.2164807585156
Oneida,2020-04-13T00:00:00.000,23,229,100,1488,1488,229,2020-04-13,23,100,0.23,0.139977267431279,27.7623762924746
Oneida,2020-04-14T00:00:00.000,17,246,79,1567,1567,246,2020-04-14,17,79,0.215189873417722,0.139384453247583,20.6710248904735
Oneida,2020-04-15T00:00:00.000,3,249,32,1599,1599,249,2020-04-15,3,32,0.09375,0.138656896279749,3.67411244865655
Oneida,2020-04-16T00:00:00.000,12,261,82,1681,1681,261,2020-04-16,12,82,0.146341463414634,0.137775365380518,14.7988432892353
Oneida,2020-04-17T00:00:00.000,7,268,85,1766,1766,268,2020-04-17,7,85,0.0823529411764706,0.136720535673238,8.68985830213222
Oneida,2020-04-18T00:00:00.000,7,275,52,1818,1818,275,2020-04-18,7,52,0.134615384615385,0.135473478685084,8.74345469799429
Oneida,2020-04-19T00:00:00.000,4,279,75,1893,1893,279,2020-04-19,4,75,0.0533333333333333,0.134016212276684,5.02371662623405
Oneida,2020-04-20T00:00:00.000,5,284,133,2026,2026,284,2020-04-20,5,133,0.037593984962406,0.132332298764349,6.30670817860733
Oneida,2020-04-21T00:00:00.000,17,301,117,2143,2143,301,2020-04-21,17,117,0.145299145299145,0.130407474671777,21.5168396381077
Oneida,2020-04-22T00:00:00.000,16,317,174,2317,2317,317,2020-04-22,16,174,0.0919540229885057,0.128230290803643,20.3439713592371
Oneida,2020-04-23T00:00:00.000,6,323,67,2384,2384,323,2020-04-23,6,67,0.0895522388059701,0.125792736733425,7.68514075186032
Oneida,2020-04-24T00:00:00.000,41,364,401,2785,2785,364,2020-04-24,41,401,0.102244389027431,0.123090820075048,52.8814307568039
Oneida,2020-04-25T00:00:00.000,20,384,112,2897,2897,384,2020-04-25,20,112,0.178571428571429,0.120125068319581,25.9642208732843
Oneida,2020-04-26T00:00:00.000,13,397,128,3025,3025,397,2020-04-26,13,128,0.1015625,0.116900920179982,16.9784130357242
Oneida,2020-04-27T00:00:00.000,14,411,132,3157,3157,411,2020-04-27,14,132,0.106060606060606,0.113428974716992,18.3642990918136
Oneida,2020-04-28T00:00:00.000,11,422,124,3281,3281,422,2020-04-28,11,124,0.0887096774193548,0.109725070429815,14.468946506297
Oneida,2020-04-29T00:00:00.000,17,439,145,3426,3426,439,2020-04-29,17,145,0.117241379310345,0.105810173004517,22.4102209418059
Oneida,2020-04-30T00:00:00.000,12,451,149,3575,3575,451,2020-04-30,12,149,0.0805369127516778,0.10171005976785,15.8444649682927
Oneida,2020-05-01T00:00:00.000,23,474,185,3760,3760,474,2020-05-01,23,185,0.124324324324324,0.0974548003522263,30.3992136354507
Oneida,2020-05-02T00:00:00.000,15,489,149,3909,3909,489,2020-05-02,15,149,0.100671140939597,0.0930780461956635,19.8334515423316
Oneida,2020-05-03T00:00:00.000,61,550,241,4150,4150,550,2020-05-03,61,241,0.253112033195021,0.0886161550464939,80.6383894715311
Oneida,2020-05-04T00:00:00.000,24,574,247,4397,4397,574,2020-05-04,24,247,0.097165991902834,0.0841071894170082,31.705125574941
Oneida,2020-05-05T00:00:00.000,5,579,234,4631,4631,579,2020-05-05,5,234,0.0213675213675214,0.0795898383947627,6.6076685185675
Oneida,2020-05-06T00:00:00.000,30,609,375,5006,5006,609,2020-05-06,30,375,0.08,0.0751023192134762,39.6143235193653
Oneida,2020-05-07T00:00:00.000,11,620,323,5329,5329,620,2020-05-07,11,323,0.0340557275541796,0.070681317415804,14.5118710359747
Oneida,2020-05-08T00:00:00.000,18,638,296,5625,5625,638,2020-05-08,18,296,0.0608108108108108,0.0663610218089938,23.7620580124809
Oneida,2020-05-09T00:00:00.000,22,660,329,5954,5954,660,2020-05-09,22,329,0.0668693009118541,0.0621723029688955,29.0405620241256
Oneida,2020-05-10T00:00:00.000,9,669,269,6223,6223,669,2020-05-10,9,269,0.033457249070632,0.0581420724680652,11.8573313765293
Oneida,2020-05-11T00:00:00.000,7,676,161,6384,6384,676,2020-05-11,7,161,0.0434782608695652,0.0542928455877456,9.16645190018117
Oneida,2020-05-12T00:00:00.000,10,686,397,6781,6781,686,2020-05-12,10,397,0.0251889168765743,0.0506425148446617,13.0687692492982
Oneida,2020-05-13T00:00:00.000,12,698,376,7157,7157,698,2020-05-13,12,376,0.0319148936170213,0.0472043266095127,15.7315677509092
Oneida,2020-05-14T00:00:00.000,15,713,268,7425,7425,713,2020-05-14,15,268,0.0559701492537313,0.0439870403093382,19.6204607423025
Oneida,2020-05-15T00:00:00.000,38,751,342,7767,7767,751,2020-05-15,38,342,0.111111111111111,0.0409952399272271,49.6597705281607
Oneida,2020-05-16T00:00:00.000,9,760,209,7976,7976,760,2020-05-16,9,209,0.0430622009569378,0.0382297616416317,11.7425931303928
Oneida,2020-05-17T00:00:00.000,12,772,318,8294,8294,772,2020-05-17,12,318,0.0377358490566038,0.035688199260076,15.6511773124993
Oneida,2020-05-18T00:00:00.000,13,785,326,8620,8620,785,2020-05-18,13,326,0.0398773006134969,0.0333654503959835,17.0042736400375
Oneida,2020-05-19T00:00:00.000,17,802,775,9395,9395,802,2020-05-19,17,775,0.0219354838709677,0.0312542702365403,22.2723287662988
Oneida,2020-05-20T00:00:00.000,15,817,779,10174,10174,817,2020-05-20,15,779,0.0192554557124519,0.0293458054068129,19.682619547145
Oneida,2020-05-21T00:00:00.000,11,828,815,10989,10989,828,2020-05-21,11,815,0.0134969325153374,0.0276300869967762,14.4761327833673
Oneida,2020-05-22T00:00:00.000,36,864,1305,12294,12294,864,2020-05-22,36,1305,0.0275862068965517,0.0260964683925577,47.4889311127677
Oneida,2020-05-23T00:00:00.000,14,878,659,12953,12953,878,2020-05-23,14,659,0.0212443095599393,0.0247339996479291,18.5022213938652
Oneida,2020-05-24T00:00:00.000,27,905,930,13883,13883,905,2020-05-24,27,930,0.0290322580645161,0.0235317352879973,35.7319728386012
Oneida,2020-05-25T00:00:00.000,12,917,427,14310,14310,917,2020-05-25,12,427,0.0281030444964871,0.0224789764554206,15.8956746378042
Oneida,2020-05-26T00:00:00.000,12,929,488,14798,14798,929,2020-05-26,12,488,0.0245901639344262,0.0215654512261078,15.9319468431032
Oneida,2020-05-27T00:00:00.000,30,959,927,15725,15725,959,2020-05-27,30,927,0.0323624595469256,0.020781438733035,39.9344942310521
Oneida,2020-05-28T00:00:00.000,29,988,1284,17009,17009,988,2020-05-28,29,1284,0.0225856697819315,0.0201178437094475,38.6947878616765
Oneida,2020-05-29T00:00:00.000,18,1006,757,17766,17766,1006,2020-05-29,18,757,0.023778071334214,0.0195662283028997,24.2469209225688
Oneida,2020-05-30T00:00:00.000,21,1027,1108,18874,18874,1027,2020-05-30,21,1108,0.0189530685920578,0.0191188078079446,28.5215231608482
Oneida,2020-05-31T00:00:00.000,9,1036,677,19551,19551,1036,2020-05-31,9,677,0.0132939438700148,0.0187684164553878,12.3062854617485
Oneida,2020-06-01T00:00:00.000,13,1049,613,20164,20164,1049,2020-06-01,13,613,0.0212071778140294,0.0185084487549973,17.8631294889706
Oneida,2020-06-02T00:00:00.000,9,1058,1128,21292,21292,1058,2020-06-02,9,1128,0.00797872340425532,0.018332781278208,12.398286177951
Oneida,2020-06-03T00:00:00.000,11,1069,892,22184,22184,1069,2020-06-03,11,892,0.0123318385650224,0.0182356792375517,15.1663615262932
Oneida,2020-06-04T00:00:00.000,8,1077,1050,23234,23234,1077,2020-06-04,8,1050,0.00761904761904762,0.0182116918731389,11.0215425199051
Oneida,2020-06-05T00:00:00.000,50,1127,1505,24739,24739,1127,2020-06-05,50,1505,0.0332225913621262,0.0182555405269458,68.9090830691011
Oneida,2020-06-06T00:00:00.000,16,1143,1276,26015,26015,1143,2020-06-06,16,1276,0.0125391849529781,0.018362003337851,22.277788726458
Oneida,2020-06-07T00:00:00.000,27,1170,1207,27222,27222,1170,2020-06-07,27,1207,0.0223695111847556,0.0185258007668206,37.8347651593256
Oneida,2020-06-08T00:00:00.000,15,1185,569,27791,27791,1185,2020-06-08,15,569,0.0263620386643234,0.0187414865433649,21.1368362980896
Oneida,2020-06-09T00:00:00.000,18,1203,806,28597,28597,1203,2020-06-09,18,806,0.0223325062034739,0.0190033490688451,25.4829013022858
Oneida,2020-06-10T00:00:00.000,13,1216,970,29567,29567,1216,2020-06-10,13,970,0.0134020618556701,0.019305328705336,18.4726632879607
Oneida,2020-06-11T00:00:00.000,21,1237,1900,31467,31467,1237,2020-06-11,21,1900,0.0110526315789474,0.0196409565924401,29.9211186114612
Oneida,2020-06-12T00:00:00.000,16,1253,1048,32515,32515,1253,2020-06-12,16,1048,0.0152671755725191,0.0200033205381441,22.8233553834287
Oneida,2020-06-13T00:00:00.000,20,1273,978,33493,33493,1273,2020-06-13,20,978,0.0204498977505112,0.02038506301543,28.5372560713476
Oneida,2020-06-14T00:00:00.000,7,1280,517,34010,34010,1280,2020-06-14,7,517,0.0135396518375242,0.0207784152639811,9.99367405984352
Oneida,2020-06-15T00:00:00.000,21,1301,719,34729,34729,1301,2020-06-15,21,719,0.0292072322670376,0.0211752698931689,30.2304840073336
Oneida,2020-06-16T00:00:00.000,6,1307,675,35404,35404,1307,2020-06-16,6,675,0.00888888888888889,0.0215672922677175,8.6936670393587
Oneida,2020-06-17T00:00:00.000,25,1332,1218,36622,36622,1332,2020-06-17,25,1218,0.0205254515599343,0.0219460683821678,36.3914087334417
Oneida,2020-06-18T00:00:00.000,25,1357,1010,37632,37632,1357,2020-06-18,25,1010,0.0247524752475248,0.0223032841492894,36.3833754155163
Oneida,2020-06-19T00:00:00.000,21,1378,786,38418,38418,1378,2020-06-19,21,786,0.0267175572519084,0.0226309282080772,30.4672650005179
Oneida,2020-06-20T00:00:00.000,15,1393,679,39097,39097,1393,2020-06-20,15,679,0.0220913107511046,0.0229215079009349,21.6200651788465
Oneida,2020-06-21T00:00:00.000,23,1416,1126,40223,40223,1416,2020-06-21,23,1126,0.0204262877442274,0.0231682661814232,32.8960297915117
Oneida,2020-06-22T00:00:00.000,5,1421,558,40781,40781,1421,2020-06-22,5,558,0.00896057347670251,0.0233653862332619,7.08898017443693
Oneida,2020-06-23T00:00:00.000,24,1445,802,41583,41583,1445,2020-06-23,24,802,0.029925187032419,0.0235081706687473,33.6996036662177
Oneida,2020-06-24T00:00:00.000,34,1479,1082,42665,42665,1479,2020-06-24,34,1082,0.0314232902033272,0.0235931833778357,47.2443236659885
Oneida,2020-06-25T00:00:00.000,41,1520,2025,44690,44690,1520,2020-06-25,41,2025,0.0202469135802469,0.0236183444163677,56.3411529593704
Oneida,2020-06-26T00:00:00.000,27,1547,664,45354,45354,1547,2020-06-26,27,664,0.0406626506024096,0.0235829714663601,36.6730688106326
Oneida,2020-06-27T00:00:00.000,39,1586,926,46280,46280,1586,2020-06-27,39,926,0.0421166306695464,0.0234877651664678,52.5473868421334
Oneida,2020-06-28T00:00:00.000,30,1616,748,47028,47028,1616,2020-06-28,30,748,0.0401069518716578,0.0233347395289198,40.1812094694348
Oneida,2020-06-29T00:00:00.000,11,1627,626,47654,47654,1627,2020-06-29,11,626,0.0175718849840256,0.0231271023971838,14.6233397817147
Oneida,2020-06-30T00:00:00.000,15,1642,746,48400,48400,1642,2020-06-30,15,746,0.0201072386058981,0.0228690940652094,19.7891575991202
Oneida,2020-07-01T00:00:00.000,30,1672,1005,49405,49405,1672,2020-07-01,30,1005,0.0298507462686567,0.0225657945105698,39.1337353628586
Oneida,2020-07-02T00:00:00.000,36,1708,894,50299,50299,1708,2020-07-02,36,894,0.0402684563758389,0.022222911000514,46.9952636609182
Oneida,2020-07-03T00:00:00.000,17,1725,855,51154,51154,1725,2020-07-03,17,855,0.0198830409356725,0.021846558111396,22.2464840602991
Oneida,2020-07-04T00:00:00.000,17,1742,790,51944,51944,1742,2020-07-04,17,790,0.0215189873417722,0.0214430414959935,22.2789604684021
Oneida,2020-07-05T00:00:00.000,7,1749,544,52488,52488,1749,2020-07-05,7,544,0.0128676470588235,0.0210186552291536,9.14087219382287
Oneida,2020-07-06T00:00:00.000,11,1760,593,53081,53081,1760,2020-07-06,11,593,0.0185497470489039,0.0205795005229285,14.3096101051463
Oneida,2020-07-07T00:00:00.000,16,1776,1015,54096,54096,1776,2020-07-07,16,1015,0.0157635467980296,0.020131331251677,20.730377377896
Oneida,2020-07-08T00:00:00.000,15,1791,1323,55419,55419,1791,2020-07-08,15,1323,0.0113378684807256,0.0196794293468505,19.3527472893656
Oneida,2020-07-09T00:00:00.000,15,1806,1226,56645,56645,1806,2020-07-09,15,1226,0.0122349102773246,0.0192285109239922,19.267484456444
Oneida,2020-07-10T00:00:00.000,12,1818,1388,58033,58033,1818,2020-07-10,12,1388,0.00864553314121038,0.0187826621494526,15.3434355620489
Oneida,2020-07-11T00:00:00.000,5,1823,635,58668,58668,1823,2020-07-11,5,635,0.0078740157480315,0.0183453024242102,6.36285238584662
Oneida,2020-07-12T00:00:00.000,7,1830,559,59227,59227,1830,2020-07-12,7,559,0.0125223613595707,0.0179191715161978,8.86464734383579
Oneida,2020-07-13T00:00:00.000,17,1847,947,60174,60174,1847,2020-07-13,17,947,0.0179514255543823,0.0175063367771168,21.4211971460053
Oneida,2020-07-14T00:00:00.000,13,1860,862,61036,61036,1860,2020-07-14,13,862,0.0150812064965197,0.0171082164778898,16.297779368763
Oneida,2020-07-15T00:00:00.000,8,1868,833,61869,61869,1868,2020-07-15,8,833,0.00960384153661465,0.0167256155199064,9.97776962768403
Oneida,2020-07-16T00:00:00.000,41,1909,1177,63046,63046,1909,2020-07-16,41,1177,0.0348343245539507,0.0163587702228982,50.8701739244423
Oneida,2020-07-17T00:00:00.000,28,1937,1086,64132,64132,1937,2020-07-17,28,1086,0.0257826887661142,0.0160073994756568,34.5655416909355
Oneida,2020-07-18T00:00:00.000,3,1940,274,64406,64406,1940,2020-07-18,3,274,0.0109489051094891,0.0156707601705286,3.69985266588182
Oneida,2020-07-19T00:00:00.000,2,1942,309,64715,64715,1942,2020-07-19,2,309,0.00647249190938511,0.0153477054591873,2.47082389625948
Oneida,2020-07-20T00:00:00.000,20,1962,942,65657,65657,1962,2020-07-20,20,942,0.0212314225053079,0.0150367449173891,24.7395904137049
Oneida,2020-07-21T00:00:00.000,13,1975,1016,66673,66673,1975,2020-07-21,13,1016,0.0127952755905512,0.0147361061340269,16.0927695701697
Oneida,2020-07-22T00:00:00.000,5,1980,903,67576,67576,1980,2020-07-22,5,903,0.00553709856035437,0.0144437975342428,6.19033228681616
Oneida,2020-07-23T00:00:00.000,10,1990,1110,68686,68686,1990,2020-07-23,10,1110,0.00900900900900901,0.0141576723839735,12.3713139568094
Oneida,2020-07-24T00:00:00.000,10,2000,980,69666,69666,2000,2020-07-24,10,980,0.0102040816326531,0.0138754939096062,12.326762483447
Oneida,2020-07-25T00:00:00.000,0,2000,526,70192,70192,2000,2020-07-25,0,526,0,0.013595001302945,0
Oneida,2020-07-26T00:00:00.000,10,2010,772,70964,70964,2010,2020-07-26,10,772,0.0129533678756477,0.0133139761189565,12.0471672643924
Oneida,2020-07-27T00:00:00.000,18,2028,830,71794,71794,2028,2020-07-27,18,830,0.0216867469879518,0.013030308195625,21.6796041948217
Oneida,2020-07-28T00:00:00.000,25,2053,990,72784,72784,2053,2020-07-28,25,990,0.0252525252525253,0.0127420598400231,30.2476275836463
Oneida,2020-07-29T00:00:00.000,9,2062,1033,73817,73817,2062,2020-07-29,9,1033,0.00871248789932236,0.0124475266242593,10.9223850829901
Oneida,2020-07-30T00:00:00.000,8,2070,609,74426,74426,2070,2020-07-30,8,609,0.013136288998358,0.012145292810429,9.73396655123806
Oneida,2020-07-31T00:00:00.000,11,2081,1031,75457,75457,2081,2020-07-31,11,1031,0.0106692531522793,0.0118342792203441,13.3674019026501
Oneida,2020-08-01T00:00:00.000,6,2087,523,75980,75980,2087,2020-08-01,6,523,0.011472275334608,0.011513781318961,7.27268480975193
Oneida,2020-08-02T00:00:00.000,3,2090,642,76622,76622,2090,2020-08-02,3,642,0.00467289719626168,0.0111834954371251,3.63773067650031
Oneida,2020-08-03T00:00:00.000,13,2103,816,77438,77438,2103,2020-08-03,13,816,0.0159313725490196,0.0108435314298515,15.8004828398855
Oneida,2020-08-04T00:00:00.000,11,2114,725,78163,78163,2114,2020-08-04,11,725,0.0151724137931034,0.0104944106260202,13.5143954046724
Oneida,2020-08-05T00:00:00.000,3,2117,721,78884,78884,2117,2020-08-05,3,721,0.00416088765603329,0.0101370486674752,3.72304412365285
Oneida,2020-08-06T00:00:00.000,12,2129,894,79778,79778,2129,2020-08-06,12,894,0.0134228187919463,0.00977272367222843,15.0288910256695
Oneida,2020-08-07T00:00:00.000,13,2142,681,80459,80459,2142,2020-08-07,13,681,0.0190895741556534,0.00940303103342941,16.3812278718015
Oneida,2020-08-08T00:00:00.000,4,2146,750,81209,81209,2146,2020-08-08,4,750,0.00533333333333333,0.00902982699269828,5.06215447932181
Oneida,2020-08-09T00:00:00.000,4,2150,455,81664,81664,2150,2020-08-09,4,455,0.00879120879120879,0.00865516381391659,5.07079339177907
Oneida,2020-08-10T00:00:00.000,25,2175,1194,82858,82858,2175,2020-08-10,25,1194,0.0209380234505863,0.008281219877314,31.5668213208729
Oneida,2020-08-11T00:00:00.000,5,2180,824,83682,83682,2180,2020-08-11,5,824,0.00606796116504854,0.00791022824942303,6.27397859333606
Oneida,2020-08-12T00:00:00.000,3,2183,960,84642,84642,2183,2020-08-12,3,960,0.003125,0.0075444072507335,3.73550017854659
Oneida,2020-08-13T00:00:00.000,6,2189,1079,85721,85721,2189,2020-08-13,6,1079,0.00556070435588508,0.00718589625433509,7.40377883780374
Oneida,2020-08-14T00:00:00.000,6,2195,1271,86992,86992,2195,2020-08-14,6,1271,0.004720692368214,0.00683669942508556,7.33763764547241
Oneida,2020-08-15T00:00:00.000,3,2198,978,87970,87970,2198,2020-08-15,3,978,0.00306748466257669,0.00649863943728396,3.64790077490444
Oneida,2020-08-16T00:00:00.000,3,2201,514,88484,88484,2201,2020-08-16,3,514,0.00583657587548638,0.00617332243231971,3.62223615024615
Oneida,2020-08-17T00:00:00.000,12,2213,746,89230,89230,2213,2020-08-17,12,746,0.0160857908847185,0.00586211469745048,14.3686111398106
Oneida,2020-08-18T00:00:00.000,5,2218,1326,90556,90556,2218,2020-08-18,5,1326,0.00377073906485671,0.00556613081420514,5.93008310660704
Oneida,2020-08-19T00:00:00.000,4,2222,1421,91977,91977,2222,2020-08-19,4,1421,0.00281491907107671,0.00528623240513848,4.69384538647984
Oneida,2020-08-20T00:00:00.000,11,2233,1688,93665,93665,2233,2020-08-20,11,1688,0.00651658767772512,0.00502303613155592,12.7587326209131
Oneida,2020-08-21T00:00:00.000,9,2242,1667,95332,95332,2242,2020-08-21,9,1667,0.00539892021595681,0.00477692928690412,10.3091605377261
Oneida,2020-08-22T00:00:00.000,2,2244,1184,96516,96516,2244,2020-08-22,2,1184,0.00168918918918919,0.00454809117487702,2.26074650794617
Oneida,2020-08-23T00:00:00.000,1,2245,1051,97567,97567,2245,2020-08-23,1,1051,0.000951474785918173,0.00433651846250714,1.11479666502568
Oneida,2020-08-24T00:00:00.000,11,2256,915,98482,98482,2256,2020-08-24,11,915,0.0120218579234973,0.00414205280527575,12.0990189185371
Oneida,2020-08-25T00:00:00.000,3,2259,1621,100103,100103,2259,2020-08-25,3,1621,0.00185070943861814,0.00396440924242932,3.2744042066596
Oneida,2020-08-26T00:00:00.000,5,2264,1067,101170,101170,2264,2020-08-26,5,1067,0.00468603561387067,0.00380320411015928,5.41354464955769
Oneida,2020-08-27T00:00:00.000,1,2265,2058,103228,103228,2265,2020-08-27,1,2058,0.000485908649173955,0.00365798149214241,1.07366087509902
Oneida,2020-08-28T00:00:00.000,3,2268,1563,104791,104791,2268,2020-08-28,3,1563,0.00191938579654511,0.00352823749712443,3.18284929977785
Oneida,2020-08-29T00:00:00.000,4,2272,1878,106669,106669,2272,2020-08-29,4,1878,0.00212992545260916,0.00341344190225921,4.240366104551
Oneida,2020-08-30T00:00:00.000,2,2274,1730,108399,108399,2274,2020-08-30,2,1730,0.00115606936416185,0.00331305691253012,2.12311966392228
Oneida,2020-08-31T00:00:00.000,7,2281,1095,109494,109494,2281,2020-08-31,7,1095,0.00639269406392694,0.00322655296502772,7.42852862640947
Oneida,2020-09-01T00:00:00.000,2,2283,1486,110980,110980,2283,2020-09-01,2,1486,0.00134589502018843,0.00315342163600767,2.12234226307254
Oneida,2020-09-02T00:00:00.000,3,2286,1878,112858,112858,2286,2020-09-02,3,1878,0.00159744408945687,0.00309318580481414,3.18427397663152
Oneida,2020-09-03T00:00:00.000,9,2295,1298,114156,114156,2295,2020-09-03,9,1298,0.00693374422187982,0.00304540728749332,9.5578571828531
Oneida,2020-09-04T00:00:00.000,3,2298,1822,115978,115978,2298,2020-09-04,3,1822,0.00164654226125137,0.00300969218253352,3.18856004155484
Oneida,2020-09-05T00:00:00.000,4,2302,1716,117694,117694,2302,2020-09-05,4,1716,0.00233100233100233,0.00298569417940582,4.2561388160061
Oneida,2020-09-06T00:00:00.000,3,2305,750,118444,118444,2305,2020-09-06,3,750,0.004,0.00297311607396036,3.19658743892039
Oneida,2020-09-07T00:00:00.000,4,2309,610,119054,119054,2309,2020-09-07,4,610,0.00655737704918033,0.00297170971413076,4.26934435140287
Oneida,2020-09-08T00:00:00.000,7,2316,1582,120636,120636,2316,2020-09-08,7,1582,0.00442477876106195,0.00298127457734979,7.48617323178551
Oneida,2020-09-09T00:00:00.000,6,2322,1166,121802,121802,2322,2020-09-09,6,1166,0.00514579759862779,0.00300165515688395,6.43126144778331
Oneida,2020-09-10T00:00:00.000,11,2333,1588,123390,123390,2333,2020-09-10,11,1588,0.00692695214105793,0.00303273730987658,11.8349309669887
Oneida,2020-09-11T00:00:00.000,8,2341,2315,125705,125705,2341,2020-09-11,8,2315,0.00345572354211663,0.00307444370506856,8.6453116270247
Oneida,2020-09-12T00:00:00.000,6,2347,1718,127423,127423,2347,2020-09-12,6,1718,0.00349243306169965,0.00312672849686707,6.512356711357
Oneida,2020-09-13T00:00:00.000,1,2348,899,128322,128322,2348,2020-09-13,1,899,0.00111234705228031,0.0031895713506621,1.09316136990835
Oneida,2020-09-14T00:00:00.000,8,2356,658,128980,128980,2356,2020-09-14,8,658,0.0121580547112462,0.00326297095293492,8.81659731990006
Oneida,2020-09-15T00:00:00.000,3,2359,1661,130641,130641,2359,2020-09-15,3,1661,0.00180614087898856,0.00334693815831267,3.33211304411712
Oneida,2020-09-16T00:00:00.000,4,2363,1889,132530,132530,2363,2020-09-16,4,1889,0.00211752249867655,0.00344148895131033,4.47641465814697
Oneida,2020-09-17T00:00:00.000,6,2369,1428,133958,133958,2369,2020-09-17,6,1428,0.00420168067226891,0.00354663744159681,6.76321606003382
Oneida,2020-09-18T00:00:00.000,4,2373,1812,135770,135770,2373,2020-09-18,4,1812,0.0022075055187638,0.00366238915485374,4.5397834679898
Oneida,2020-09-19T00:00:00.000,2,2375,2221,137991,137991,2375,2020-09-19,2,2221,0.00090049527239982,0.00378873493424331,2.28458588394222
Oneida,2020-09-20T00:00:00.000,3,2378,591,138582,138582,2378,2020-09-20,3,591,0.0050761421319797,0.00392564582660078,3.44765699483662
Oneida,2020-09-21T00:00:00.000,0,2378,799,139381,139381,2378,2020-09-21,0,799,0,0.00407306938475582,0
Oneida,2020-09-22T00:00:00.000,9,2387,1886,141267,141267,2387,2020-09-22,9,1886,0.00477200424178155,0.00423092787457265,10.456038081898
Oneida,2020-09-23T00:00:00.000,1,2388,1980,143247,143247,2388,2020-09-23,1,1980,0.000505050505050505,0.00439911893277034,1.16984150772993
Oneida,2020-09-24T00:00:00.000,12,2400,1178,144425,144425,2400,2020-09-24,12,1178,0.0101867572156197,0.00457751926152106,14.1440278156376
Oneida,2020-09-25T00:00:00.000,7,2407,1826,146251,146251,2407,2020-09-25,7,1826,0.00383351588170865,0.00476599198711609,8.31289301109493
Oneida,2020-09-26T00:00:00.000,5,2412,3062,149313,149313,2412,2020-09-26,5,3062,0.00163291966035271,0.00496439833034258,5.98247812672918
Oneida,2020-09-27T00:00:00.000,8,2420,554,149867,149867,2420,2020-09-27,8,554,0.0144404332129964,0.00517261425237647,9.73833328998886
Oneida,2020-09-28T00:00:00.000,12,2432,1073,150940,150940,2432,2020-09-28,12,1073,0.0111835973904939,0.00539055274277396,15.0100767216498
Oneida,2020-09-29T00:00:00.000,4,2436,1740,152680,152680,2436,2020-09-29,4,1740,0.00229885057471264,0.00561819242478894,5.13497492200486
Oneida,2020-09-30T00:00:00.000,24,2460,2195,154875,154875,2460,2020-09-30,24,2195,0.0109339407744875,0.00585561316267498,31.5758329652944
Onondaga,2020-04-01T00:00:00.000,17,234,191,3616,3616,234,2020-04-01,234,3616,0.064712389380531,0.0676591269564553,245.715958326397
Onondaga,2020-04-02T00:00:00.000,18,252,195,3811,3811,252,2020-04-02,18,195,0.0923076923076923,0.0684994577554664,18.9105360443376
Onondaga,2020-04-03T00:00:00.000,10,262,221,4032,4032,262,2020-04-03,10,221,0.0452488687782805,0.0693508308196954,10.5946971512311
Onondaga,2020-04-04T00:00:00.000,6,268,131,4163,4163,268,2020-04-04,6,131,0.0458015267175573,0.0702155110321608,6.42820258055716
Onondaga,2020-04-05T00:00:00.000,3,271,89,4252,4252,271,2020-04-05,3,89,0.0337078651685393,0.0710965048183206,3.25004550879008
Onondaga,2020-04-06T00:00:00.000,64,335,689,4941,4941,335,2020-04-06,64,689,0.0928882438316401,0.0719973031836276,70.074689412581
Onondaga,2020-04-07T00:00:00.000,12,347,126,5067,5067,347,2020-04-07,12,126,0.0952380952380952,0.0729216181966226,13.2297781792048
Onondaga,2020-04-08T00:00:00.000,11,358,245,5312,5312,358,2020-04-08,11,245,0.0448979591836735,0.073873115296289,12.2021828024888
Onondaga,2020-04-09T00:00:00.000,11,369,148,5460,5460,369,2020-04-09,11,148,0.0743243243243243,0.074855143762583,12.2721321568408
Onondaga,2020-04-10T00:00:00.000,11,380,116,5576,5576,380,2020-04-10,11,116,0.0948275862068965,0.0758704675672829,12.3385353136158
Onondaga,2020-04-11T00:00:00.000,17,397,169,5745,5745,397,2020-04-11,17,169,0.100591715976331,0.0769209988287923,19.1661344870443
Onondaga,2020-04-12T00:00:00.000,19,416,142,5887,5887,416,2020-04-12,19,142,0.133802816901408,0.0780075362500356,21.5246933154013
Onondaga,2020-04-13T00:00:00.000,15,431,120,6007,6007,431,2020-04-13,15,120,0.125,0.0791295113499981,17.1020494037631
Onondaga,2020-04-14T00:00:00.000,18,449,219,6226,6226,449,2020-04-14,18,219,0.0821917808219178,0.0802847460482135,20.7122587945059
Onondaga,2020-04-15T00:00:00.000,13,462,134,6360,6360,462,2020-04-15,13,134,0.0970149253731343,0.0814692261952626,15.0966210368444
Onondaga,2020-04-16T00:00:00.000,21,483,181,6541,6541,483,2020-04-16,21,181,0.116022099447514,0.082676897007711,24.6086097793808
Onondaga,2020-04-17T00:00:00.000,9,492,152,6693,6693,492,2020-04-17,9,152,0.0592105263157895,0.0838994878692373,10.640198256056
Onondaga,2020-04-18T00:00:00.000,6,498,118,6811,6811,498,2020-04-18,6,118,0.0508474576271186,0.0851263756093644,7.15413713279485
Onondaga,2020-04-19T00:00:00.000,11,509,113,6924,6924,509,2020-04-19,11,113,0.0973451327433628,0.0863444968495006,13.2210382076272
Onondaga,2020-04-20T00:00:00.000,5,514,101,7025,7025,514,2020-04-20,5,101,0.0495049504950495,0.0875383212466097,6.05140154301457
Onondaga,2020-04-21T00:00:00.000,12,526,152,7177,7177,526,2020-04-21,12,152,0.0789473684210526,0.0886898981004341,14.6139620395412
Onondaga,2020-04-22T00:00:00.000,74,600,705,7882,7882,600,2020-04-22,74,705,0.104964539007092,0.0897789886810779,90.7958253944034
Onondaga,2020-04-23T00:00:00.000,39,639,722,8604,8604,639,2020-04-23,39,722,0.054016620498615,0.0907832954698607,48.3504165939459
Onondaga,2020-04-24T00:00:00.000,25,664,530,9134,9134,664,2020-04-24,25,530,0.0471698113207547,0.0916787971614292,31.308601796001
Onondaga,2020-04-25T00:00:00.000,28,692,280,9414,9414,692,2020-04-25,28,280,0.1,0.0924401945952129,35.4100101267276
Onondaga,2020-04-26T00:00:00.000,34,726,256,9670,9670,726,2020-04-26,34,256,0.1328125,0.0930414677876418,43.4028773491709
Onondaga,2020-04-27T00:00:00.000,16,742,268,9938,9938,742,2020-04-27,16,268,0.0597014925373134,0.0934565380355765,20.5851896543515
Onondaga,2020-04-28T00:00:00.000,40,782,386,10324,10324,782,2020-04-28,40,386,0.103626943005181,0.0936600219319637,51.7879900457937
Onondaga,2020-04-29T00:00:00.000,50,832,343,10667,10667,832,2020-04-29,50,343,0.145772594752187,0.0936280564409635,65.1111070649774
Onondaga,2020-04-30T00:00:00.000,28,860,334,11001,11001,860,2020-04-30,28,334,0.0838323353293413,0.0933391665275115,36.6542522957635
Onondaga,2020-05-01T00:00:00.000,43,903,433,11434,11434,903,2020-05-01,43,433,0.0993071593533487,0.0927751397729396,56.5543229003308
Onondaga,2020-05-02T00:00:00.000,49,952,593,12027,12027,952,2020-05-02,49,593,0.0826306913996627,0.0919218666907126,64.7083428803869
Onondaga,2020-05-03T00:00:00.000,19,971,436,12463,12463,971,2020-05-03,19,436,0.0435779816513761,0.0907701017385205,25.1772680281036
Onondaga,2020-05-04T00:00:00.000,31,1002,176,12639,12639,1002,2020-05-04,31,176,0.176136363636364,0.0893160989727919,41.1992767732623
Onondaga,2020-05-05T00:00:00.000,54,1056,731,13370,13370,1056,2020-05-05,54,731,0.0738714090287278,0.0875620783898507,72.0473227630978
Onondaga,2020-05-06T00:00:00.000,59,1115,534,13904,13904,1115,2020-05-06,59,534,0.110486891385768,0.0855164846061635,78.9264646781307
Onondaga,2020-05-07T00:00:00.000,54,1169,407,14311,14311,1169,2020-05-07,54,407,0.132678132678133,0.0831940086755498,72.4107801315012
Onondaga,2020-05-08T00:00:00.000,49,1218,464,14775,14775,1218,2020-05-08,49,464,0.105603448275862,0.0806153562367914,65.9565753913518
Onondaga,2020-05-09T00:00:00.000,47,1265,507,15282,15282,1265,2020-05-09,47,507,0.0927021696252465,0.0778067602051185,63.448627482885
Onondaga,2020-05-10T00:00:00.000,22,1287,240,15522,15522,1287,2020-05-10,22,240,0.0916666666666667,0.0747992527915503,29.7240377213347
Onondaga,2020-05-11T00:00:00.000,21,1308,329,15851,15851,1308,2020-05-11,21,329,0.0638297872340425,0.0716277283631594,28.2719898305863
Onondaga,2020-05-12T00:00:00.000,87,1395,1066,16917,16917,1395,2020-05-12,87,1066,0.0816135084427767,0.0683298440052963,117.155709634856
Onondaga,2020-05-13T00:00:00.000,28,1423,683,17600,17600,1423,2020-05-13,28,683,0.04099560761347,0.064944816858581,37.8970198548257
Onondaga,2020-05-14T00:00:00.000,17,1440,385,17985,17985,1440,2020-05-14,17,385,0.0441558441558442,0.0615121850643068,22.9948459924662
Onondaga,2020-05-15T00:00:00.000,29,1469,1088,19073,19073,1469,2020-05-15,29,1088,0.0266544117647059,0.0580706013127192,39.2411204019755
Onondaga,2020-05-16T00:00:00.000,32,1501,648,19721,19721,1501,2020-05-16,32,648,0.0493827160493827,0.0546567242806879,43.2708755709856
Onondaga,2020-05-17T00:00:00.000,19,1520,483,20204,20204,1520,2020-05-17,19,483,0.0393374741200828,0.051304263919897,25.6969896206663
Onondaga,2020-05-18T00:00:00.000,145,1665,1578,21782,21782,1665,2020-05-18,145,1578,0.0918884664131812,0.0480432227622116,196.705384948463
Onondaga,2020-05-19T00:00:00.000,53,1718,1844,23626,23626,1718,2020-05-19,53,1844,0.0287418655097614,0.0448993587210474,71.9988657011763
Onondaga,2020-05-20T00:00:00.000,53,1771,1137,24763,24763,1771,2020-05-20,53,1137,0.0466138962181179,0.0418938772371632,72.0655923479423
Onondaga,2020-05-21T00:00:00.000,57,1828,1344,26107,26107,1828,2020-05-21,57,1344,0.0424107142857143,0.0390433439921747,77.6517422014798
Onondaga,2020-05-22T00:00:00.000,76,1904,2502,28609,28609,1904,2020-05-22,76,2502,0.0303756994404476,0.0363597953858094,103.635239462546
Onondaga,2020-05-23T00:00:00.000,49,1953,1352,29961,29961,1953,2020-05-23,49,1352,0.0362426035502959,0.0338510137129747,66.8220277698532
Onondaga,2020-05-24T00:00:00.000,28,1981,1175,31136,31136,1981,2020-05-24,28,1175,0.0238297872340426,0.0315209279706937,38.1544999766565
Onondaga,2020-05-25T00:00:00.000,31,2012,1129,32265,32265,2012,2020-05-25,31,1129,0.0274579273693534,0.0293700993887272,42.1766712926777
Onondaga,2020-05-26T00:00:00.000,21,2033,676,32941,32941,2033,2020-05-26,21,676,0.0310650887573964,0.0273962525709527,28.5561831413611
Onondaga,2020-05-27T00:00:00.000,21,2054,817,33758,33758,2054,2020-05-27,21,817,0.025703794369645,0.0255948176423359,28.5426223483215
Onondaga,2020-05-28T00:00:00.000,38,2092,1731,35489,35489,2092,2020-05-28,38,1731,0.0219526285384171,0.0239594550520443,51.5973763993643
Onondaga,2020-05-29T00:00:00.000,41,2133,2101,37590,37590,2133,2020-05-29,41,2101,0.0195145168967158,0.0224825416809706,56.0017729864717
Onondaga,2020-05-30T00:00:00.000,37,2170,1829,39419,39419,2170,2020-05-30,37,1829,0.0202296336796063,0.0211556038545808,50.7635056324713
Onondaga,2020-05-31T00:00:00.000,27,2197,1074,40493,40493,2197,2020-05-31,27,1074,0.0251396648044693,0.0199696891470135,37.1486133096043
Onondaga,2020-06-01T00:00:00.000,31,2228,1035,41528,41528,2228,2020-06-01,31,1035,0.029951690821256,0.0189156741128276,42.6895000014538
Onondaga,2020-06-02T00:00:00.000,28,2256,1522,43050,43050,2256,2020-06-02,28,1522,0.0183968462549277,0.0179845091446995,38.4985348401757
Onondaga,2020-06-03T00:00:00.000,39,2295,2189,45239,45239,2295,2020-06-03,39,2189,0.0178163544997716,0.017167404515229,53.4480168540757
Onondaga,2020-06-04T00:00:00.000,34,2329,1601,46840,46840,2329,2020-06-04,34,1601,0.0212367270455965,0.0164559634481538,46.3690942319965
Onondaga,2020-06-05T00:00:00.000,46,2375,2186,49026,49026,2375,2020-06-05,46,2186,0.0210430009149131,0.0158422689599018,62.5038209166079
Onondaga,2020-06-06T00:00:00.000,17,2392,1345,50371,50371,2392,2020-06-06,17,1345,0.012639405204461,0.0153189314146071,23.2451236470723
Onondaga,2020-06-07T00:00:00.000,16,2408,2040,52411,52411,2408,2020-06-07,16,2040,0.00784313725490196,0.0148791034681847,21.9344747245081
Onondaga,2020-06-08T00:00:00.000,19,2427,1004,53415,53415,2427,2020-06-08,19,1004,0.0189243027888446,0.0145164685052003,26.0980476564803
Onondaga,2020-06-09T00:00:00.000,6,2433,2197,55612,55612,2433,2020-06-09,6,2197,0.00273099681383705,0.0142252079595374,8.25183366685895
Onondaga,2020-06-10T00:00:00.000,21,2454,1222,56834,56834,2454,2020-06-10,21,1222,0.0171849427168576,0.0139999521721431,28.8968425579768
Onondaga,2020-06-11T00:00:00.000,20,2474,2072,58906,58906,2474,2020-06-11,20,2072,0.00965250965250965,0.013835718761623,27.5151849040487
Onondaga,2020-06-12T00:00:00.000,24,2498,1498,60404,60404,2498,2020-06-12,24,1498,0.0160213618157543,0.0137278419236758,32.9701383332174
Onondaga,2020-06-13T00:00:00.000,21,2519,2756,63160,63160,2519,2020-06-13,21,2756,0.00761973875181422,0.0136718956685412,28.790763303086
Onondaga,2020-06-14T00:00:00.000,12,2531,847,64007,64007,2531,2020-06-14,12,847,0.0141676505312869,0.013663613761482,16.4287190430468
Onondaga,2020-06-15T00:00:00.000,14,2545,1345,65352,65352,2545,2020-06-15,14,1345,0.0104089219330855,0.013698809041483,19.2947531710921
Onondaga,2020-06-16T00:00:00.000,13,2558,870,66222,66222,2558,2020-06-16,13,870,0.0149425287356322,0.0137732948416826,18.010232820412
Onondaga,2020-06-17T00:00:00.000,57,2615,1440,67662,67662,2615,2020-06-17,57,1440,0.0395833333333333,0.0138828113735608,79.2584881967001
Onondaga,2020-06-18T00:00:00.000,19,2634,1694,69356,69356,2634,2020-06-18,19,1694,0.0112160566706021,0.0140229601278582,26.397552853429
Onondaga,2020-06-19T00:00:00.000,10,2644,1270,70626,70626,2644,2020-06-19,10,1270,0.0078740157480315,0.0141891495098898,13.8464861329991
Onondaga,2020-06-20T00:00:00.000,22,2666,2328,72954,72954,2666,2020-06-20,22,2328,0.00945017182130584,0.0143765550145907,30.2642269661153
Onondaga,2020-06-21T00:00:00.000,9,2675,954,73908,73908,2675,2020-06-21,9,954,0.00943396226415094,0.0145800971664311,12.2898009263327
Onondaga,2020-06-22T00:00:00.000,27,2702,1060,74968,74968,2702,2020-06-22,27,1060,0.0254716981132075,0.0147944401474342,36.5704309952124
Onondaga,2020-06-23T00:00:00.000,32,2734,1234,76202,76202,2734,2020-06-23,32,1234,0.0259319286871961,0.0150140134551919,42.9626762143229
Onondaga,2020-06-24T00:00:00.000,17,2751,1183,77385,77385,2751,2020-06-24,17,1183,0.0143702451394759,0.0152330580390675,22.610996139519
Onondaga,2020-06-25T00:00:00.000,31,2782,1402,78787,78787,2782,2020-06-25,31,1402,0.0221112696148359,0.0154456971727025,40.828119162622
Onondaga,2020-06-26T00:00:00.000,9,2791,1517,80304,80304,2791,2020-06-26,9,1517,0.00593276203032301,0.0156460308631582,11.7329322882224
Onondaga,2020-06-27T00:00:00.000,25,2816,1721,82025,82025,2816,2020-06-27,25,1721,0.0145264381173736,0.0158282509778288,32.3806564159595
Onondaga,2020-06-28T00:00:00.000,6,2822,1257,83282,83282,2822,2020-06-28,6,1257,0.00477326968973747,0.0159867726005112,7.73800105684098
Onondaga,2020-06-29T00:00:00.000,20,2842,1288,84570,84570,2842,2020-06-29,20,1288,0.015527950310559,0.0161163755760069,25.6447516338822
Onondaga,2020-06-30T00:00:00.000,21,2863,1368,85938,85938,2863,2020-06-30,21,1368,0.0153508771929825,0.0162123489327016,26.7679456011611
Onondaga,2020-07-01T00:00:00.000,34,2897,1909,87847,87847,2897,2020-07-01,34,1909,0.0178103719224725,0.0162706300495671,42.9244105763324
Onondaga,2020-07-02T00:00:00.000,12,2909,968,88815,88815,2909,2020-07-02,12,968,0.012396694214876,0.0162879301841075,15.1858578753088
Onondaga,2020-07-03T00:00:00.000,19,2928,843,89658,89658,2928,2020-07-03,19,843,0.0225385527876631,0.0162618383875446,24.1404145648825
Onondaga,2020-07-04T00:00:00.000,21,2949,856,90514,90514,2949,2020-07-04,21,856,0.0245327102803738,0.0161908969056833,26.7586222315608
Onondaga,2020-07-05T00:00:00.000,14,2963,651,91165,91165,2963,2020-07-05,14,651,0.021505376344086,0.016074642837027,17.798002890932
Onondaga,2020-07-06T00:00:00.000,34,2997,1455,92620,92620,2997,2020-07-06,34,1455,0.0233676975945017,0.0159136129644199,43.1069631948827
Onondaga,2020-07-07T00:00:00.000,32,3029,1911,94531,94531,3029,2020-07-07,32,1911,0.0167451596023025,0.0157093110930059,40.445077159728
Onondaga,2020-07-08T00:00:00.000,21,3050,2070,96601,96601,3050,2020-07-08,21,2070,0.0101449275362319,0.0154641396962733,26.4485573130965
Onondaga,2020-07-09T00:00:00.000,28,3078,1155,97756,97756,3078,2020-07-09,28,1155,0.0242424242424242,0.0151812999626193,35.1259533649095
Onondaga,2020-07-10T00:00:00.000,22,3100,1161,98917,98917,3100,2020-07-10,22,1161,0.0189491817398794,0.0148646662397263,27.4791851372166
Onondaga,2020-07-11T00:00:00.000,24,3124,1344,100261,100261,3124,2020-07-11,24,1344,0.0178571428571429,0.0145186422308727,29.835491603173
Onondaga,2020-07-12T00:00:00.000,18,3142,1288,101549,101549,3142,2020-07-12,18,1288,0.0139751552795031,0.0141480070178928,22.2624861428497
Onondaga,2020-07-13T00:00:00.000,37,3179,2118,103667,103667,3179,2020-07-13,37,2118,0.0174693106704438,0.0137577590454186,45.5126143246779
Onondaga,2020-07-14T00:00:00.000,24,3203,1227,104894,104894,3203,2020-07-14,24,1227,0.019559902200489,0.0133529656491218,29.3517245488796
Onondaga,2020-07-15T00:00:00.000,22,3225,1697,106591,106591,3225,2020-07-15,22,1697,0.0129640542133176,0.0129386246565246,26.7434090352005
Onondaga,2020-07-16T00:00:00.000,15,3240,2153,108744,108744,3240,2020-07-16,15,2153,0.00696702275894101,0.0125195431758599,18.1198420576307
Onondaga,2020-07-17T00:00:00.000,22,3262,1912,110656,110656,3262,2020-07-17,22,1912,0.0115062761506276,0.0121002370832159,26.4092049167045
Onondaga,2020-07-18T00:00:00.000,16,3278,1100,111756,111756,3278,2020-07-18,16,1100,0.0145454545454545,0.0116848530795052,19.1618076907034
Onondaga,2020-07-19T00:00:00.000,12,3290,1758,113514,113514,3290,2020-07-19,12,1758,0.0068259385665529,0.0112771136574314,14.3750211866952
Onondaga,2020-07-20T00:00:00.000,22,3312,1918,115432,115432,3312,2020-07-20,22,1918,0.0114702815432742,0.0108802840033382,26.3471613033666
Onondaga,2020-07-21T00:00:00.000,14,3326,1844,117276,117276,3326,2020-07-21,14,1844,0.00759219088937093,0.0104971588246175,16.7526833142567
Onondaga,2020-07-22T00:00:00.000,18,3344,1965,119241,119241,3344,2020-07-22,18,1965,0.00916030534351145,0.0101300663731252,21.5084717064891
Onondaga,2020-07-23T00:00:00.000,16,3360,2174,121415,121415,3360,2020-07-23,16,2174,0.00735970561177553,0.00978088652178987,19.0754348617183
Onondaga,2020-07-24T00:00:00.000,18,3378,1868,123283,123283,3378,2020-07-24,18,1868,0.00963597430406852,0.00945107961539007,21.3523082307528
Onondaga,2020-07-25T00:00:00.000,11,3389,2415,125698,125698,3389,2020-07-25,11,2415,0.00455486542443064,0.00914172290675645,12.8918159218341
Onondaga,2020-07-26T00:00:00.000,9,3398,1790,127488,127488,3398,2020-07-26,9,1790,0.00502793296089385,0.0088535516548623,10.4089860093895
Onondaga,2020-07-27T00:00:00.000,21,3419,1744,129232,129232,3419,2020-07-27,21,1744,0.0120412844036697,0.0085870023336389,24.2597783131869
Onondaga,2020-07-28T00:00:00.000,18,3437,1664,130896,130896,3437,2020-07-28,18,1664,0.0108173076923077,0.00834225583984277,20.8750824799584
Onondaga,2020-07-29T00:00:00.000,22,3459,1408,132304,132304,3459,2020-07-29,22,1408,0.015625,0.008119279039054,25.5823888456241
Onondaga,2020-07-30T00:00:00.000,5,3464,1481,133785,133785,3464,2020-07-30,5,1481,0.00337609723160027,0.00791786342429263,5.82894380650305
Onondaga,2020-07-31T00:00:00.000,13,3477,1678,135463,135463,3477,2020-07-31,13,1678,0.00774731823599523,0.00773766005686317,15.1406477706431
Onondaga,2020-08-01T00:00:00.000,8,3485,1274,136737,136737,3485,2020-08-01,8,1274,0.00627943485086342,0.00757821029822662,9.29968782733137
Onondaga,2020-08-02T00:00:00.000,5,3490,689,137426,137426,3490,2020-08-02,5,689,0.00725689404934688,0.00743897212198597,5.82066800042019
Onondaga,2020-08-03T00:00:00.000,25,3515,3057,140483,140483,3515,2020-08-03,25,3057,0.00817795224075891,0.00731934201630849,29.2144116723791
Onondaga,2020-08-04T00:00:00.000,10,3525,2030,142513,142513,3525,2020-08-04,10,2030,0.00492610837438424,0.00721867265112498,11.8346076843138
Onondaga,2020-08-05T00:00:00.000,10,3535,1499,144012,144012,3535,2020-08-05,10,1499,0.0066711140760507,0.00713628660367917,11.9821017652569
Onondaga,2020-08-06T00:00:00.000,21,3556,2037,146049,146049,3556,2020-08-06,21,2037,0.0103092783505155,0.0070714865130352,25.4632886918016
Onondaga,2020-08-07T00:00:00.000,9,3565,1799,147848,147848,3565,2020-08-07,9,1799,0.00500277932184547,0.00702356208120516,11.0147479681145
Onondaga,2020-08-08T00:00:00.000,11,3576,1052,148900,148900,3576,2020-08-08,11,1052,0.0104562737642586,0.00699179436222552,13.569348911792
Onondaga,2020-08-09T00:00:00.000,9,3585,806,149706,149706,3585,2020-08-09,9,806,0.011166253101737,0.00697545778588675,11.1657571026062
Onondaga,2020-08-10T00:00:00.000,17,3602,4122,153828,153828,3602,2020-08-10,17,4122,0.00412421154779233,0.00697382035843505,21.0997548162723
Onondaga,2020-08-11T00:00:00.000,11,3613,1526,155354,155354,3613,2020-08-11,11,1526,0.0072083879423329,0.00698614246911048,13.6323445985251
Onondaga,2020-08-12T00:00:00.000,14,3627,1208,156562,156562,3627,2020-08-12,14,1208,0.0115894039735099,0.00701167471320798,17.3051435448879
Onondaga,2020-08-13T00:00:00.000,19,3646,1784,158346,158346,3646,2020-08-13,19,1784,0.0106502242152466,0.00704965512234294,23.4004646290339
Onondaga,2020-08-14T00:00:00.000,17,3663,1984,160330,160330,3663,2020-08-14,17,1984,0.00856854838709677,0.00709930616687596,20.8684827232463
Onondaga,2020-08-15T00:00:00.000,11,3674,1102,161432,161432,3674,2020-08-15,11,1102,0.00998185117967332,0.00715983187073744,13.5058675214924
Onondaga,2020-08-16T00:00:00.000,6,3680,1956,163388,163388,3680,2020-08-16,6,1956,0.00306748466257669,0.00723041534717576,7.35988764870531
Onondaga,2020-08-17T00:00:00.000,16,3696,1933,165321,165321,3696,2020-08-17,16,1933,0.008277289187791,0.00731021703101799,19.5857913720414
Onondaga,2020-08-18T00:00:00.000,16,3712,1885,167206,167206,3712,2020-08-18,16,1885,0.00848806366047745,0.00739837384349532,19.5240110368294
Onondaga,2020-08-19T00:00:00.000,7,3719,2150,169356,169356,3719,2020-08-19,7,2150,0.00325581395348837,0.0074939994817062,8.5059645677407
Onondaga,2020-08-20T00:00:00.000,24,3743,2297,171653,171653,3743,2020-08-20,24,2297,0.0104484109708315,0.0075961859743802,29.0127583963782
Onondaga,2020-08-21T00:00:00.000,13,3756,2177,173830,173830,3756,2020-08-21,13,2177,0.00597152044097382,0.00770400659199566,15.6199963785781
Onondaga,2020-08-22T00:00:00.000,2,3758,1402,175232,175232,3758,2020-08-22,2,1402,0.0014265335235378,0.00781652013793383,2.38654868097487
Onondaga,2020-08-23T00:00:00.000,10,3768,844,176076,176076,3768,2020-08-23,10,844,0.0118483412322275,0.00793277658826949,11.8419729086183
Onondaga,2020-08-24T00:00:00.000,24,3792,3288,179364,179364,3792,2020-08-24,24,3288,0.0072992700729927,0.00805182398328981,28.212175479111
Onondaga,2020-08-25T00:00:00.000,9,3801,1168,180532,180532,3801,2020-08-25,9,1168,0.00770547945205479,0.008172716415194,10.5602047627446
Onondaga,2020-08-26T00:00:00.000,31,3832,1590,182122,182122,3832,2020-08-26,31,1590,0.0194968553459119,0.00829452290115135,36.2858741740364
Onondaga,2020-08-27T00:00:00.000,15,3847,1959,184081,184081,3847,2020-08-27,15,1959,0.00765696784073507,0.00841633688342949,17.5043725189408
Onondaga,2020-08-28T00:00:00.000,19,3866,3709,187790,187790,3866,2020-08-28,19,3709,0.00512267457535724,0.00853728606199143,22.020370649736
Onondaga,2020-08-29T00:00:00.000,17,3883,1813,189603,189603,3883,2020-08-29,17,1813,0.00937672366243795,0.00865654224188205,19.7791433518606
Onondaga,2020-08-30T00:00:00.000,9,3892,820,190423,190423,3892,2020-08-30,9,820,0.0109756097560976,0.00877333086646583,10.531265157949
Onondaga,2020-08-31T00:00:00.000,20,3912,1531,191954,191954,3912,2020-08-31,20,1531,0.0130633572828217,0.00888693991594334,23.4874625946436
Onondaga,2020-09-01T00:00:00.000,10,3922,1352,193306,193306,3922,2020-09-01,10,1352,0.00739644970414201,0.00899672786862703,11.7846226541735
Onondaga,2020-09-02T00:00:00.000,15,3937,1535,194841,194841,3937,2020-09-02,15,1535,0.00977198697068404,0.00910213045846887,17.7359369685445
Onondaga,2020-09-03T00:00:00.000,10,3947,1606,196447,196447,3947,2020-09-03,10,1606,0.0062266500622665,0.00920266600847135,11.8616431709134
Onondaga,2020-09-04T00:00:00.000,17,3964,2611,199058,199058,3964,2020-09-04,17,2611,0.00651091535810034,0.00929793917441197,20.2259406256284
Onondaga,2020-09-05T00:00:00.000,19,3983,1554,200612,200612,3983,2020-09-05,19,1554,0.0122265122265122,0.0093876429947664,22.6704697034402
Onondaga,2020-09-06T00:00:00.000,10,3993,853,201465,201465,3993,2020-09-06,10,853,0.0117233294255569,0.00947155920784786,11.9642724768276
Onondaga,2020-09-07T00:00:00.000,9,4002,1305,202770,202770,4002,2020-09-07,9,1305,0.00689655172413793,0.00954955685813304,10.7954658173374
Onondaga,2020-09-08T00:00:00.000,10,4012,652,203422,203422,4012,2020-09-08,10,652,0.0153374233128834,0.00962158927380869,12.0239265952859
Onondaga,2020-09-09T00:00:00.000,11,4023,859,204281,204281,4023,2020-09-09,11,859,0.0128055878928987,0.00968768954991738,13.2563371655254
Onondaga,2020-09-10T00:00:00.000,20,4043,2201,206482,206482,4043,2020-09-10,20,2201,0.00908677873693776,0.00974796471234489,24.1830433825952
Onondaga,2020-09-11T00:00:00.000,17,4060,3386,209868,209868,4060,2020-09-11,17,3386,0.00502067336089781,0.0098025887724359,20.6298946714977
Onondaga,2020-09-12T00:00:00.000,21,4081,1703,211571,211571,4081,2020-09-12,21,1703,0.0123311802701116,0.00985179490216572,25.5651734845278
Onondaga,2020-09-13T00:00:00.000,15,4096,862,212433,212433,4096,2020-09-13,15,862,0.0174013921113689,0.00989586696964554,18.3631714014964
Onondaga,2020-09-14T00:00:00.000,18,4114,1186,213619,213619,4114,2020-09-14,18,1186,0.015177065767285,0.00993513067498186,22.173771173984
Onondaga,2020-09-15T00:00:00.000,19,4133,1471,215090,215090,4133,2020-09-15,19,1471,0.0129163834126445,0.00996994451735675,23.5372965055221
Onondaga,2020-09-16T00:00:00.000,25,4158,1673,216763,216763,4158,2020-09-16,25,1673,0.0149432157800359,0.0100006908047536,31.1271019834656
Onondaga,2020-09-17T00:00:00.000,27,4185,1588,218351,218351,4185,2020-09-17,27,1588,0.0170025188916877,0.0100277668976774,33.7679362368305
Onondaga,2020-09-18T00:00:00.000,16,4201,3815,222166,222166,4201,2020-09-18,16,3815,0.00419397116644823,0.010051576848582,20.0882498412444
Onondaga,2020-09-19T00:00:00.000,19,4220,2717,224883,224883,4220,2020-09-19,19,2717,0.00699300699300699,0.0100725235695707,23.9329096511522
Onondaga,2020-09-20T00:00:00.000,11,4231,1149,226032,226032,4231,2020-09-20,11,1149,0.00957354221061793,0.0100910016323928,13.8930563825625
Onondaga,2020-09-21T00:00:00.000,22,4253,1394,227426,227426,4253,2020-09-21,22,1394,0.0157819225251076,0.0101073907741197,27.8448448010252
Onondaga,2020-09-22T00:00:00.000,17,4270,1376,228802,228802,4270,2020-09-22,17,1376,0.0123546511627907,0.0101220501544748,21.5504753746098
Onondaga,2020-09-23T00:00:00.000,30,4300,1853,230655,230655,4300,2020-09-23,30,1853,0.0161899622234215,0.0101353133897066,38.1500779157383
Onondaga,2020-09-24T00:00:00.000,21,4321,2429,233084,233084,4321,2020-09-24,21,2429,0.00864553314121038,0.0101474843632479,26.8030348765502
Onondaga,2020-09-25T00:00:00.000,21,4342,2876,235960,235960,4342,2020-09-25,21,2876,0.00730180806675939,0.0101588338010367,26.8993942708255
Onondaga,2020-09-26T00:00:00.000,23,4365,2225,238185,238185,4365,2020-09-26,23,2225,0.0103370786516854,0.0101695965844608,29.5653252823769
Onondaga,2020-09-27T00:00:00.000,14,4379,1240,239425,239425,4379,2020-09-27,14,1240,0.0112903225806452,0.0101799697677986,18.2358630613778
Onondaga,2020-09-28T00:00:00.000,30,4409,1882,241307,241307,4409,2020-09-28,30,1882,0.0159404888416578,0.0101901112614385,39.9924014583622
Onondaga,2020-09-29T00:00:00.000,15,4424,3423,244730,244730,4424,2020-09-29,15,3423,0.00438212094653812,0.0102001391446336,20.439512971764
Onondaga,2020-09-30T00:00:00.000,32,4456,2579,247309,247309,4456,2020-09-30,32,2579,0.0124079100426522,0.0102101315723276,44.5081403263112
Ontario,2020-04-01T00:00:00.000,2,26,29,346,346,26,2020-04-01,26,346,0.0751445086705202,0.0897612218311842,28.0845254784822
Ontario,2020-04-02T00:00:00.000,2,28,29,375,375,28,2020-04-02,2,29,0.0689655172413793,0.0846689134570192,2.14617442629214
Ontario,2020-04-03T00:00:00.000,3,31,36,411,411,31,2020-04-03,3,36,0.0833333333333333,0.079845574702791,3.22351518180781
Ontario,2020-04-04T00:00:00.000,1,32,33,444,444,32,2020-04-04,1,33,0.0303030303030303,0.0752878282524599,1.07886592196336
Ontario,2020-04-05T00:00:00.000,0,32,26,470,470,32,2020-04-05,0,26,0,0.0709938991228887,0
Ontario,2020-04-06T00:00:00.000,1,33,32,502,502,33,2020-04-06,1,32,0.03125,0.066962523973148,1.08700806447895
Ontario,2020-04-07T00:00:00.000,6,39,50,552,552,39,2020-04-07,6,50,0.12,0.0631921528253865,6.52083561645275
Ontario,2020-04-08T00:00:00.000,4,43,38,590,590,43,2020-04-08,4,38,0.105263157894737,0.059680408069478,4.34349544189768
Ontario,2020-04-09T00:00:00.000,8,51,50,640,640,51,2020-04-09,8,50,0.16,0.0564237624756196,8.67643594124536
Ontario,2020-04-10T00:00:00.000,5,56,39,679,679,56,2020-04-10,5,39,0.128205128205128,0.0534173962614648,5.41504316731487
Ontario,2020-04-11T00:00:00.000,1,57,27,706,706,57,2020-04-11,1,27,0.037037037037037,0.050655193265471,1.08129331003977
Ontario,2020-04-12T00:00:00.000,0,57,12,718,718,57,2020-04-12,0,12,0,0.04812983821186,0
Ontario,2020-04-13T00:00:00.000,4,61,48,766,766,61,2020-04-13,4,48,0.0833333333333333,0.045832980520142,4.31818108370538
Ontario,2020-04-14T00:00:00.000,1,62,25,791,791,62,2020-04-14,1,25,0.04,0.0437554346959687,1.08291621147408
Ontario,2020-04-15T00:00:00.000,3,65,31,822,822,65,2020-04-15,3,31,0.0967741935483871,0.0418873926004825,3.25961741416606
Ontario,2020-04-16T00:00:00.000,2,67,34,856,856,67,2020-04-16,2,34,0.0588235294117647,0.0402186282053859,2.18073095885363
Ontario,2020-04-17T00:00:00.000,2,69,33,889,889,69,2020-04-17,2,33,0.0606060606060606,0.038738680603501,2.18864718470428
Ontario,2020-04-18T00:00:00.000,1,70,24,913,913,70,2020-04-18,1,24,0.0416666666666667,0.0374370055549818,1.09832205928839
Ontario,2020-04-19T00:00:00.000,1,71,20,933,933,71,2020-04-19,1,20,0.05,0.036303089788401,1.1021577728549
Ontario,2020-04-20T00:00:00.000,1,72,43,976,976,72,2020-04-20,1,43,0.0232558139534884,0.035326525380597,1.10528999363746
Ontario,2020-04-21T00:00:00.000,1,73,66,1042,1042,73,2020-04-21,1,66,0.0151515151515152,0.0344970440477921,1.10809629196169
Ontario,2020-04-22T00:00:00.000,0,73,31,1073,1073,73,2020-04-22,0,31,0,0.0338045130518993,0
Ontario,2020-04-23T00:00:00.000,0,73,37,1110,1110,73,2020-04-23,0,37,0,0.0332388959109816,0
Ontario,2020-04-24T00:00:00.000,9,82,239,1349,1349,82,2020-04-24,9,239,0.0376569037656904,0.0327901822796506,10.1698293656596
Ontario,2020-04-25T00:00:00.000,2,84,34,1383,1383,84,2020-04-25,2,34,0.0588235294117647,0.0324482924315588,2.27788143419377
Ontario,2020-04-26T00:00:00.000,2,86,40,1423,1423,86,2020-04-26,2,40,0.05,0.0322029628220769,2.29610385619033
Ontario,2020-04-27T00:00:00.000,4,90,50,1473,1473,90,2020-04-27,4,50,0.08,0.0320436203233239,4.62389613433394
Ontario,2020-04-28T00:00:00.000,0,90,60,1533,1533,90,2020-04-28,0,60,0,0.0319592539212405,0
Ontario,2020-04-29T00:00:00.000,0,90,78,1611,1611,90,2020-04-29,0,78,0,0.0319382939516174,0
Ontario,2020-04-30T00:00:00.000,1,91,91,1702,1702,91,2020-04-30,1,91,0.010989010989011,0.0319685101515694,1.17606731774175
Ontario,2020-05-01T00:00:00.000,1,92,62,1764,1764,92,2020-05-01,1,62,0.0161290322580645,0.0320369408311637,1.18254940454315
Ontario,2020-05-02T00:00:00.000,3,95,90,1854,1854,95,2020-05-02,3,90,0.0333333333333333,0.0321298660240401,3.56643621151418
Ontario,2020-05-03T00:00:00.000,1,96,81,1935,1935,96,2020-05-03,1,81,0.0123456790123457,0.0322328373206645,1.1947872342536
Ontario,2020-05-04T00:00:00.000,1,97,86,2021,2021,97,2020-05-04,1,86,0.0116279069767442,0.0323307759027271,1.20059501727623
Ontario,2020-05-05T00:00:00.000,2,99,105,2126,2126,99,2020-05-05,2,105,0.019047619047619,0.0324081478575531,2.41594975630188
Ontario,2020-05-06T00:00:00.000,2,101,121,2247,2247,101,2020-05-06,2,121,0.0165289256198347,0.0324492219390187,2.42837682124226
Ontario,2020-05-07T00:00:00.000,3,104,108,2355,2355,104,2020-05-07,3,108,0.0277777777777778,0.0324384095501334,3.66123387129462
Ontario,2020-05-08T00:00:00.000,0,104,69,2424,2424,104,2020-05-08,0,69,0,0.0323606800282614,0
Ontario,2020-05-09T00:00:00.000,2,106,109,2533,2533,106,2020-05-09,2,109,0.018348623853211,0.0322020366842863,2.47195733344141
Ontario,2020-05-10T00:00:00.000,1,107,92,2625,2625,107,2020-05-10,1,92,0.0108695652173913,0.0319500311612881,1.24091640387975
Ontario,2020-05-11T00:00:00.000,0,107,74,2699,2699,107,2020-05-11,0,74,0,0.0315942864097957,0
Ontario,2020-05-12T00:00:00.000,2,109,140,2839,2839,109,2020-05-12,2,140,0.0142857142857143,0.0311269928359547,2.48958452434473
Ontario,2020-05-13T00:00:00.000,20,129,334,3173,3173,129,2020-05-13,20,334,0.0598802395209581,0.0305433390982286,25.1023410243569
Ontario,2020-05-14T00:00:00.000,4,133,135,3308,3308,133,2020-05-14,4,135,0.0296296296296296,0.0298418392863529,5.03301260941051
Ontario,2020-05-15T00:00:00.000,6,139,136,3444,3444,139,2020-05-15,6,136,0.0441176470588235,0.0290245225080409,7.57487598988097
Ontario,2020-05-16T00:00:00.000,7,146,160,3604,3604,146,2020-05-16,7,160,0.04375,0.028096959152449,8.85615719979386
Ontario,2020-05-17T00:00:00.000,2,148,96,3700,3700,148,2020-05-17,2,96,0.0208333333333333,0.0270681099428815,2.53740090770151
Ontario,2020-05-18T00:00:00.000,4,152,157,3857,3857,152,2020-05-18,4,157,0.0254777070063694,0.0259499981775394,5.10221503545562
Ontario,2020-05-19T00:00:00.000,18,170,351,4208,4208,170,2020-05-19,18,351,0.0512820512820513,0.0247572208378217,23.0392567826041
Ontario,2020-05-20T00:00:00.000,6,176,264,4472,4472,176,2020-05-20,6,264,0.0227272727272727,0.0235063286919739,7.70028441414231
Ontario,2020-05-21T00:00:00.000,4,180,191,4663,4663,180,2020-05-21,4,191,0.0209424083769634,0.0222151172834708,5.15046570872052
Ontario,2020-05-22T00:00:00.000,2,182,125,4788,4788,182,2020-05-22,2,125,0.016,0.0209018782925243,2.58035967948152
Ontario,2020-05-23T00:00:00.000,2,184,201,4989,4989,184,2020-05-23,2,201,0.00995024875621891,0.0195846631386752,2.58218889397642
Ontario,2020-05-24T00:00:00.000,1,185,99,5088,5088,185,2020-05-24,1,99,0.0101010101010101,0.0182806076434353,1.29040755880922
Ontario,2020-05-25T00:00:00.000,10,195,218,5306,5306,195,2020-05-25,10,218,0.0458715596330275,0.0170053586373605,12.8818620797502
Ontario,2020-05-26T00:00:00.000,3,198,182,5488,5488,198,2020-05-26,3,182,0.0164835164835165,0.0157726317606631,3.86032099530467
Ontario,2020-05-27T00:00:00.000,3,201,246,5734,5734,201,2020-05-27,3,246,0.0121951219512195,0.0145939161159655,3.85476415543719
Ontario,2020-05-28T00:00:00.000,4,205,209,5943,5943,205,2020-05-28,4,209,0.0191387559808612,0.0134783276551349,5.12766827407363
Ontario,2020-05-29T00:00:00.000,1,206,126,6069,6069,206,2020-05-29,1,126,0.00793650793650794,0.0124326009443495,1.28732907675644
Ontario,2020-05-30T00:00:00.000,1,207,328,6397,6397,207,2020-05-30,1,328,0.00304878048780488,0.0114611994468279,1.29041780381541
Ontario,2020-05-31T00:00:00.000,1,208,188,6585,6585,208,2020-05-31,1,188,0.00531914893617021,0.0105665184063245,1.2910257476902
Ontario,2020-06-01T00:00:00.000,1,209,206,6791,6791,209,2020-06-01,1,206,0.00485436893203883,0.00974915189683136,1.28876542325161
Ontario,2020-06-02T00:00:00.000,6,215,485,7276,7276,215,2020-06-02,6,485,0.0123711340206186,0.00900819621830673,7.69859273506669
Ontario,2020-06-03T00:00:00.000,3,218,421,7697,7697,218,2020-06-03,3,421,0.00712589073634204,0.00834156486484334,3.82509770134344
Ontario,2020-06-04T00:00:00.000,1,219,379,8076,8076,219,2020-06-04,1,379,0.00263852242744063,0.00774629487633796,1.26481429856029
Ontario,2020-06-05T00:00:00.000,1,220,505,8581,8581,220,2020-06-05,1,505,0.00198019801980198,0.00721882965211634,1.25606951815996
Ontario,2020-06-06T00:00:00.000,1,221,236,8817,8817,221,2020-06-06,1,236,0.00423728813559322,0.00675526854457133,1.25986599462817
Ontario,2020-06-07T00:00:00.000,0,221,293,9110,9110,221,2020-06-07,0,293,0,0.00635157821106894,0
Ontario,2020-06-08T00:00:00.000,1,222,238,9348,9348,222,2020-06-08,1,238,0.00420168067226891,0.00600376449582408,1.25750779576024
Ontario,2020-06-09T00:00:00.000,0,222,403,9751,9751,222,2020-06-09,0,403,0,0.00570800640128089,0
Ontario,2020-06-10T00:00:00.000,7,229,520,10271,10271,229,2020-06-10,7,520,0.0134615384615385,0.00546075551729295,8.76681324581218
Ontario,2020-06-11T00:00:00.000,1,230,392,10663,10663,230,2020-06-11,1,392,0.00255102040816327,0.00525880522420602,1.24890951972946
Ontario,2020-06-12T00:00:00.000,0,230,337,11000,11000,230,2020-06-12,0,337,0,0.00509933423740058,0
Ontario,2020-06-13T00:00:00.000,3,233,420,11420,11420,233,2020-06-13,3,420,0.00714285714285714,0.00497992879002867,3.71787324216457
Ontario,2020-06-14T00:00:00.000,0,233,240,11660,11660,233,2020-06-14,0,240,0,0.00489858712493325,0
Ontario,2020-06-15T00:00:00.000,1,234,338,11998,11998,234,2020-06-15,1,338,0.0029585798816568,0.0048537091283639,1.24236808119796
Ontario,2020-06-16T00:00:00.000,0,234,319,12317,12317,234,2020-06-16,0,319,0,0.00484407299386282,0
Ontario,2020-06-17T00:00:00.000,1,235,214,12531,12531,235,2020-06-17,1,214,0.00467289719626168,0.00486879985580607,1.25217600831088
Ontario,2020-06-18T00:00:00.000,4,239,327,12858,12858,239,2020-06-18,4,327,0.0122324159021407,0.00492730643971536,5.00549516073049
Ontario,2020-06-19T00:00:00.000,0,239,354,13212,13212,239,2020-06-19,0,354,0,0.00501924502625659,0
Ontario,2020-06-20T00:00:00.000,1,240,271,13483,13483,240,2020-06-20,1,271,0.003690036900369,0.00514442947009311,1.24129539188924
Ontario,2020-06-21T00:00:00.000,2,242,271,13754,13754,242,2020-06-21,2,271,0.00738007380073801,0.00530274575350453,2.46834791090166
Ontario,2020-06-22T00:00:00.000,0,242,207,13961,13961,242,2020-06-22,0,207,0,0.00549404566787544,0
Ontario,2020-06-23T00:00:00.000,4,246,293,14254,14254,246,2020-06-23,4,293,0.0136518771331058,0.00571802280993881,4.87614091465397
Ontario,2020-06-24T00:00:00.000,2,248,261,14515,14515,248,2020-06-24,2,261,0.00766283524904215,0.00597407125584576,2.42241808583278
Ontario,2020-06-25T00:00:00.000,4,252,285,14800,14800,252,2020-06-25,4,285,0.0140350877192982,0.00626112909437656,4.81329173726486
Ontario,2020-06-26T00:00:00.000,2,254,408,15208,15208,254,2020-06-26,2,408,0.00490196078431373,0.00657751149228306,2.39089109158716
Ontario,2020-06-27T00:00:00.000,2,256,226,15434,15434,256,2020-06-27,2,226,0.00884955752212389,0.00692074102853038,2.38477605557643
Ontario,2020-06-28T00:00:00.000,1,257,302,15736,15736,257,2020-06-28,1,302,0.0033112582781457,0.00728738647119273,1.19222612655979
Ontario,2020-06-29T00:00:00.000,2,259,252,15988,15988,259,2020-06-29,2,252,0.00793650793650794,0.007672924588067,2.38104636530922
Ontario,2020-06-30T00:00:00.000,6,265,268,16256,16256,265,2020-06-30,6,268,0.0223880597014925,0.00807164243635747,7.13277613845253
Ontario,2020-07-01T00:00:00.000,3,268,288,16544,16544,268,2020-07-01,3,288,0.0104166666666667,0.00847659918063955,3.54836597109261
Ontario,2020-07-02T00:00:00.000,7,275,301,16845,16845,275,2020-07-02,7,301,0.0232558139534884,0.00887966611490418,8.33698842756705
Ontario,2020-07-03T00:00:00.000,3,278,385,17230,17230,278,2020-07-03,3,385,0.00779220779220779,0.00927166055706051,3.60338914586962
Ontario,2020-07-04T00:00:00.000,2,280,241,17471,17471,280,2020-07-04,2,241,0.00829875518672199,0.00964258326852901,2.41972882675435
Ontario,2020-07-05T00:00:00.000,2,282,223,17694,17694,282,2020-07-05,2,223,0.00896860986547085,0.00998196007944139,2.42426829988731
Ontario,2020-07-06T00:00:00.000,1,283,406,18100,18100,283,2020-07-06,1,406,0.00246305418719212,0.0102792770889217,1.21363443343125
Ontario,2020-07-07T00:00:00.000,3,286,321,18421,18421,286,2020-07-07,3,321,0.00934579439252336,0.0105244864082574,3.64285027652191
Ontario,2020-07-08T00:00:00.000,4,290,370,18791,18791,290,2020-07-08,4,370,0.0108108108108108,0.0107085476565257,4.85605017183537
Ontario,2020-07-09T00:00:00.000,3,293,296,19087,19087,293,2020-07-09,3,296,0.0101351351351351,0.010823961301236,3.63830472734568
Ontario,2020-07-10T00:00:00.000,3,296,474,19561,19561,296,2020-07-10,3,474,0.00632911392405063,0.0108652453451885,3.63154024576306
Ontario,2020-07-11T00:00:00.000,4,300,324,19885,19885,300,2020-07-11,4,324,0.0123456790123457,0.0108293081578577,4.82891341843864
Ontario,2020-07-12T00:00:00.000,2,302,241,20126,20126,302,2020-07-12,2,241,0.00829875518672199,0.010715677893419,2.40582254917857
Ontario,2020-07-13T00:00:00.000,5,307,359,20485,20485,307,2020-07-13,5,359,0.0139275766016713,0.0105265623125325,5.98789187825777
Ontario,2020-07-14T00:00:00.000,5,312,386,20871,20871,312,2020-07-14,5,386,0.0129533678756477,0.0102667302431949,5.95631733597108
Ontario,2020-07-15T00:00:00.000,5,317,423,21294,21294,317,2020-07-15,5,423,0.0118203309692671,0.00994322488222376,5.92008585554879
Ontario,2020-07-16T00:00:00.000,2,319,393,21687,21687,319,2020-07-16,2,393,0.00508905852417303,0.00956493682945768,2.35181148449847
Ontario,2020-07-17T00:00:00.000,5,324,437,22124,22124,324,2020-07-17,5,437,0.011441647597254,0.00914207853533747,5.83616762005825
Ontario,2020-07-18T00:00:00.000,0,324,200,22324,22324,324,2020-07-18,0,200,0,0.00868560983102529,0
Ontario,2020-07-19T00:00:00.000,2,326,262,22586,22586,326,2020-07-19,2,262,0.00763358778625954,0.00820666555651653,2.32088766750471
Ontario,2020-07-20T00:00:00.000,3,329,391,22977,22977,329,2020-07-20,3,391,0.00767263427109974,0.00771603132678659,3.47142493978812
Ontario,2020-07-21T00:00:00.000,4,333,377,23354,23354,333,2020-07-21,4,377,0.0106100795755968,0.00722370352252491,4.61089411333583
Ontario,2020-07-22T00:00:00.000,1,334,427,23781,23781,334,2020-07-22,1,427,0.00234192037470726,0.00673855664952122,1.14718248249283
Ontario,2020-07-23T00:00:00.000,3,337,433,24214,24214,337,2020-07-23,3,433,0.0069284064665127,0.00626812749088087,3.42098901382991
Ontario,2020-07-24T00:00:00.000,1,338,450,24664,24664,338,2020-07-24,1,450,0.00222222222222222,0.00581851296096629,1.13007009773996
Ontario,2020-07-25T00:00:00.000,3,341,329,24993,24993,341,2020-07-25,3,329,0.00911854103343465,0.00539436870836366,3.3352924679299
Ontario,2020-07-26T00:00:00.000,2,343,210,25203,25203,343,2020-07-26,2,210,0.00952380952380952,0.00499898905283547,2.18460225221907
Ontario,2020-07-27T00:00:00.000,2,345,295,25498,25498,345,2020-07-27,2,295,0.00677966101694915,0.00463444587776475,2.17226673787383
Ontario,2020-07-28T00:00:00.000,2,347,373,25871,25871,347,2020-07-28,2,373,0.00536193029490617,0.00430176416307465,2.17081093175719
Ontario,2020-07-29T00:00:00.000,2,349,397,26268,26268,349,2020-07-29,2,397,0.00503778337531486,0.00400111418346207,2.16677970163719
Ontario,2020-07-30T00:00:00.000,0,349,579,26847,26847,349,2020-07-30,0,579,0,0.00373200411793791,0
Ontario,2020-07-31T00:00:00.000,0,349,393,27240,27240,349,2020-07-31,0,393,0,0.00349346110151102,0
Ontario,2020-08-01T00:00:00.000,0,349,273,27513,27513,349,2020-08-01,0,273,0,0.00328419294880635,0
Ontario,2020-08-02T00:00:00.000,2,351,221,27734,27734,351,2020-08-02,2,221,0.00904977375565611,0.0031027264495887,2.13331936518062
Ontario,2020-08-03T00:00:00.000,1,352,255,27989,27989,352,2020-08-03,1,255,0.00392156862745098,0.0029475210471,1.06697838985801
Ontario,2020-08-04T00:00:00.000,0,352,370,28359,28359,352,2020-08-04,0,370,0,0.00281705880220666,0
Ontario,2020-08-05T00:00:00.000,3,355,414,28773,28773,355,2020-08-05,3,414,0.0072463768115942,0.00270991286780895,3.26289097631043
Ontario,2020-08-06T00:00:00.000,2,357,453,29226,29226,357,2020-08-06,2,453,0.00441501103752759,0.00262479737789323,2.19625974473011
Ontario,2020-08-07T00:00:00.000,0,357,273,29499,29499,357,2020-08-07,0,273,0,0.00256060183708037,0
Ontario,2020-08-08T00:00:00.000,3,360,365,29864,29864,360,2020-08-08,3,365,0.00821917808219178,0.00251641292622471,3.34123410211723
Ontario,2020-08-09T00:00:00.000,1,361,231,30095,30095,361,2020-08-09,1,231,0.00432900432900433,0.00249152624458899,1.11927020187453
Ontario,2020-08-10T00:00:00.000,1,362,346,30441,30441,362,2020-08-10,1,346,0.00289017341040462,0.00248544998512927,1.1194943719207
Ontario,2020-08-11T00:00:00.000,1,363,441,30882,30882,363,2020-08-11,1,441,0.00226757369614512,0.00249790196272649,1.11817985972169
Ontario,2020-08-12T00:00:00.000,2,365,471,31353,31353,365,2020-08-12,2,471,0.00424628450106157,0.00252880083466562,2.23247422108212
Ontario,2020-08-13T00:00:00.000,1,366,587,31940,31940,366,2020-08-13,1,587,0.00170357751277683,0.00257825180172474,1.11374720088335
Ontario,2020-08-14T00:00:00.000,1,367,417,32357,32357,367,2020-08-14,1,417,0.00239808153477218,0.00264652658711045,1.11221305452384
Ontario,2020-08-15T00:00:00.000,1,368,414,32771,32771,368,2020-08-15,1,414,0.00241545893719807,0.0027340370748581,1.11511577035256
Ontario,2020-08-16T00:00:00.000,1,369,306,33077,33077,369,2020-08-16,1,306,0.00326797385620915,0.00284130168160691,1.1172628146999
Ontario,2020-08-17T00:00:00.000,2,371,416,33493,33493,371,2020-08-17,2,416,0.00480769230769231,0.00296890335931064,2.23726648150203
Ontario,2020-08-18T00:00:00.000,0,371,499,33992,33992,371,2020-08-18,0,499,0,0.00311743812297708,0
Ontario,2020-08-19T00:00:00.000,2,373,535,34527,34527,373,2020-08-19,2,535,0.00373831775700935,0.00328745320587677,2.23805171205104
Ontario,2020-08-20T00:00:00.000,0,373,720,35247,35247,373,2020-08-20,0,720,0,0.00347937440892572,0
Ontario,2020-08-21T00:00:00.000,5,378,600,35847,35847,378,2020-08-21,5,600,0.00833333333333333,0.0036934229617618,5.58185847245879
Ontario,2020-08-22T00:00:00.000,3,381,466,36313,36313,381,2020-08-22,3,466,0.00643776824034335,0.00392952327176123,3.3419057535791
Ontario,2020-08-23T00:00:00.000,0,381,439,36752,36752,381,2020-08-23,0,439,0,0.00418720427473744,0
Ontario,2020-08-24T00:00:00.000,0,381,382,37134,37134,381,2020-08-24,0,382,0,0.0044654986635034,0
Ontario,2020-08-25T00:00:00.000,0,381,386,37520,37520,381,2020-08-25,0,386,0,0.00476284592227195,0
Ontario,2020-08-26T00:00:00.000,3,384,339,37859,37859,384,2020-08-26,3,339,0.00884955752212389,0.00507700665522763,3.34332644383044
Ontario,2020-08-27T00:00:00.000,1,385,456,38315,38315,385,2020-08-27,1,456,0.00219298245614035,0.00540499692232472,1.11640692607666
Ontario,2020-08-28T00:00:00.000,1,386,396,38711,38711,386,2020-08-28,1,396,0.00252525252525253,0.00574305190745403,1.11391823798663
Ontario,2020-08-29T00:00:00.000,3,389,394,39105,39105,389,2020-08-29,3,394,0.00761421319796954,0.00608662797273069,3.36963640763794
Ontario,2020-08-30T00:00:00.000,2,391,292,39397,39397,391,2020-08-30,2,292,0.00684931506849315,0.00643045078871307,2.26869296820737
Ontario,2020-08-31T00:00:00.000,2,393,218,39615,39615,393,2020-08-31,2,218,0.00917431192660551,0.00676861465848558,2.28565593734543
Ontario,2020-09-01T00:00:00.000,0,393,332,39947,39947,393,2020-09-01,0,332,0,0.00709473445240689,0
Ontario,2020-09-02T00:00:00.000,3,396,369,40316,40316,396,2020-09-02,3,369,0.00813008130081301,0.00740214697623599,3.47460625528156
Ontario,2020-09-03T00:00:00.000,2,398,626,40942,40942,398,2020-09-03,2,626,0.00319488817891374,0.00768415356452068,2.32993115339172
Ontario,2020-09-04T00:00:00.000,3,401,400,41342,41342,401,2020-09-04,3,400,0.0075,0.00793429081712331,3.51312176517606
Ontario,2020-09-05T00:00:00.000,4,405,450,41792,41792,405,2020-09-05,4,450,0.00888888888888889,0.00814661234237582,4.70553444859341
Ontario,2020-09-06T00:00:00.000,3,408,178,41970,41970,408,2020-09-06,3,178,0.0168539325842697,0.00831596176298357,3.54288169465417
Ontario,2020-09-07T00:00:00.000,5,413,211,42181,42181,413,2020-09-07,5,211,0.023696682464455,0.00843821656995556,5.92373505957464
Ontario,2020-09-08T00:00:00.000,8,421,452,42633,42633,421,2020-09-08,8,452,0.0176991150442478,0.00851048389218999,9.50182543217868
Ontario,2020-09-09T00:00:00.000,2,423,268,42901,42901,423,2020-09-09,2,268,0.00746268656716418,0.00853123282270835,2.3797975339577
Ontario,2020-09-10T00:00:00.000,4,427,311,43212,43212,427,2020-09-10,4,311,0.0128617363344051,0.00850035323315066,4.77082243765758
Ontario,2020-09-11T00:00:00.000,8,435,1003,44215,44215,435,2020-09-11,8,1003,0.00797607178464606,0.00841913736867777,9.56160409396486
Ontario,2020-09-12T00:00:00.000,4,439,284,44499,44499,439,2020-09-12,4,284,0.0140845070422535,0.00829018718156594,4.78623852597025
Ontario,2020-09-13T00:00:00.000,4,443,396,44895,44895,443,2020-09-13,4,396,0.0101010101010101,0.00811725651530241,4.80078174557556
Ontario,2020-09-14T00:00:00.000,1,444,311,45206,45206,444,2020-09-14,1,311,0.00321543408360129,0.00790504218636226,1.20403778788073
Ontario,2020-09-15T00:00:00.000,5,449,438,45644,45644,449,2020-09-15,5,438,0.0114155251141553,0.00765894123065527,6.03282296829938
Ontario,2020-09-16T00:00:00.000,3,452,373,46017,46017,452,2020-09-16,3,373,0.00804289544235925,0.00738479285805829,3.62368773800776
Ontario,2020-09-17T00:00:00.000,2,454,673,46690,46690,454,2020-09-17,2,673,0.00297176820208024,0.0070886230178704,2.4160533263012
Ontario,2020-09-18T00:00:00.000,2,456,520,47210,47210,456,2020-09-18,2,520,0.00384615384615385,0.00677640723129324,2.4139520776671
Ontario,2020-09-19T00:00:00.000,5,461,443,47653,47653,461,2020-09-19,5,443,0.0112866817155756,0.00645386392997751,6.02393193297694
Ontario,2020-09-20T00:00:00.000,3,464,266,47919,47919,464,2020-09-20,3,266,0.0112781954887218,0.00612628649355855,3.60456341451921
Ontario,2020-09-21T00:00:00.000,1,465,346,48265,48265,465,2020-09-21,1,346,0.00289017341040462,0.00579841804045204,1.19726191391454
Ontario,2020-09-22T00:00:00.000,1,466,414,48679,48679,466,2020-09-22,1,414,0.00241545893719807,0.00547436923495154,1.19210495552374
Ontario,2020-09-23T00:00:00.000,1,467,466,49145,49145,467,2020-09-23,1,466,0.00214592274678112,0.00515757625125632,1.18859807377029
Ontario,2020-09-24T00:00:00.000,2,469,562,49707,49707,469,2020-09-24,2,562,0.00355871886120996,0.00485079377842342,2.37104673610437
Ontario,2020-09-25T00:00:00.000,2,471,677,50384,50384,471,2020-09-25,2,677,0.00295420974889217,0.00455611657734059,2.36444000475807
Ontario,2020-09-26T00:00:00.000,2,473,542,50926,50926,473,2020-09-26,2,542,0.003690036900369,0.00427502257087132,2.35748148097047
Ontario,2020-09-27T00:00:00.000,1,474,294,51220,51220,474,2020-09-27,1,294,0.00340136054421769,0.00400843060257193,1.18664571329473
Ontario,2020-09-28T00:00:00.000,1,475,299,51519,51519,475,2020-09-28,1,299,0.00334448160535117,0.0037567666725026,1.20647897594192
Ontario,2020-09-29T00:00:00.000,0,475,453,51972,51972,475,2020-09-29,0,453,0,0.00352003345710253,0
Ontario,2020-09-30T00:00:00.000,6,481,798,52770,52770,481,2020-09-30,6,798,0.0075187969924812,0.00329787909064361,7.4535137976183
Orange,2020-04-01T00:00:00.000,237,1993,628,5752,5752,1993,2020-04-01,1993,5752,0.346488178025035,0.345944463747677,2463.7282539281
Orange,2020-04-02T00:00:00.000,404,2397,1114,6866,6866,2397,2020-04-02,404,1114,0.362657091561939,0.347280123510064,499.242994029834
Orange,2020-04-03T00:00:00.000,344,2741,1046,7912,7912,2741,2020-04-03,344,1046,0.32887189292543,0.348591710286914,428.325103205218
Orange,2020-04-04T00:00:00.000,361,3102,1077,8989,8989,3102,2020-04-04,361,1077,0.33519034354689,0.349836699450374,454.138934760245
Orange,2020-04-05T00:00:00.000,295,3397,827,9816,9816,3397,2020-04-05,295,827,0.35671100362757,0.350956029987812,374.913129107257
Orange,2020-04-06T00:00:00.000,202,3599,604,10420,10420,3599,2020-04-06,202,604,0.334437086092715,0.351877455446128,259.203044540034
Orange,2020-04-07T00:00:00.000,266,3865,711,11131,11131,3865,2020-04-07,266,711,0.374120956399437,0.352518915302496,343.309298078498
Orange,2020-04-08T00:00:00.000,225,4090,578,11709,11709,4090,2020-04-08,225,578,0.389273356401384,0.352791921819307,291.830434462135
Orange,2020-04-09T00:00:00.000,442,4532,1335,13044,13044,4532,2020-04-09,442,1335,0.331086142322097,0.352604943835576,575.779611739053
Orange,2020-04-10T00:00:00.000,315,4847,879,13923,13923,4847,2020-04-10,315,879,0.358361774744027,0.35186675730971,411.919190032127
Orange,2020-04-11T00:00:00.000,180,5027,563,14486,14486,5027,2020-04-11,180,563,0.319715808170515,0.350489721871695,236.168054579805
Orange,2020-04-12T00:00:00.000,155,5182,492,14978,14978,5182,2020-04-12,155,492,0.315040650406504,0.348392935931819,203.942785847229
Orange,2020-04-13T00:00:00.000,396,5578,1161,16139,16139,5578,2020-04-13,396,1161,0.341085271317829,0.345505218000603,523.195134085987
Orange,2020-04-14T00:00:00.000,138,5716,341,16480,16480,5716,2020-04-14,138,341,0.404692082111437,0.341767857605056,183.545551402986
Orange,2020-04-15T00:00:00.000,172,5888,521,17001,17001,5888,2020-04-15,172,521,0.330134357005758,0.337137075088354,230.221638364571
Orange,2020-04-16T00:00:00.000,196,6084,512,17513,17513,6084,2020-04-16,196,512,0.3828125,0.33158612254737,263.903453834834
Orange,2020-04-17T00:00:00.000,182,6266,575,18088,18088,6266,2020-04-17,182,575,0.316521739130435,0.325106951275024,246.379910563926
Orange,2020-04-18T00:00:00.000,113,6379,411,18499,18499,6379,2020-04-18,113,411,0.274939172749392,0.317711362480742,153.70263542494
Orange,2020-04-19T00:00:00.000,103,6482,278,18777,18777,6482,2020-04-19,103,278,0.370503597122302,0.309431554576026,140.651087184614
Orange,2020-04-20T00:00:00.000,79,6561,298,19075,19075,6561,2020-04-20,79,298,0.26510067114094,0.300319982537511,108.156259779853
Orange,2020-04-21T00:00:00.000,129,6690,430,19505,19505,6690,2020-04-21,129,430,0.3,0.290448460324278,176.887006133951
Orange,2020-04-22T00:00:00.000,126,6816,399,19904,19904,6816,2020-04-22,126,399,0.315789473684211,0.279906466746749,173.216208719462
Orange,2020-04-23T00:00:00.000,339,7155,1213,21117,21117,7155,2020-04-23,339,1213,0.279472382522671,0.268798661279021,468.46529980282
Orange,2020-04-24T00:00:00.000,818,7973,2748,23865,23865,7973,2020-04-24,818,2748,0.297671033478894,0.257241675115469,1135.75383051671
Orange,2020-04-25T00:00:00.000,133,8106,643,24508,24508,8106,2020-04-25,133,643,0.206842923794712,0.245360308862033,185.444520966481
Orange,2020-04-26T00:00:00.000,132,8238,587,25095,25095,8238,2020-04-26,132,587,0.224872231686542,0.233283331554077,184.7286478344
Orange,2020-04-27T00:00:00.000,136,8374,645,25740,25740,8374,2020-04-27,136,645,0.210852713178295,0.221139125435745,190.712600516865
Orange,2020-04-28T00:00:00.000,114,8488,602,26342,26342,8488,2020-04-28,114,602,0.18936877076412,0.209051446963898,159.935108071589
Orange,2020-04-29T00:00:00.000,162,8650,880,27222,27222,8650,2020-04-29,162,880,0.184090909090909,0.19713557107011,227.266795569574
Orange,2020-04-30T00:00:00.000,101,8751,787,28009,28009,8751,2020-04-30,101,787,0.128335451080051,0.185495050456574,141.61672540558
Orange,2020-05-01T00:00:00.000,159,8910,839,28848,28848,8910,2020-05-01,159,839,0.189511323003576,0.174219260852984,222.720878433207
Orange,2020-05-02T00:00:00.000,57,8967,510,29358,29358,8967,2020-05-02,57,510,0.111764705882353,0.163381825111145,79.7292253566521
Orange,2020-05-03T00:00:00.000,48,9015,421,29779,29779,9015,2020-05-03,48,421,0.114014251781473,0.153039926608175,67.0166064269715
Orange,2020-05-04T00:00:00.000,129,9144,869,30648,30648,9144,2020-05-04,129,869,0.148446490218642,0.143234447196522,179.733644961929
Orange,2020-05-05T00:00:00.000,71,9215,509,31157,31157,9215,2020-05-05,71,509,0.139489194499018,0.13399080673,98.8458249381909
Orange,2020-05-06T00:00:00.000,113,9328,1181,32338,32338,9328,2020-05-06,113,1181,0.0956816257408975,0.125320344672168,157.053007003292
Orange,2020-05-07T00:00:00.000,74,9402,842,33180,33180,9402,2020-05-07,74,842,0.0878859857482185,0.117222070664194,102.691127001728
Orange,2020-05-08T00:00:00.000,84,9486,690,33870,33870,9486,2020-05-08,84,690,0.121739130434783,0.109684617375485,116.604174522854
Orange,2020-05-09T00:00:00.000,57,9543,535,34405,34405,9543,2020-05-09,57,535,0.106542056074766,0.102688249888908,79.1133129929965
Orange,2020-05-10T00:00:00.000,41,9584,402,34807,34807,9584,2020-05-10,41,402,0.101990049751244,0.0962068156119087,56.8067361845727
Orange,2020-05-11T00:00:00.000,48,9632,516,35323,35323,9632,2020-05-11,48,516,0.0930232558139535,0.0902095516464219,66.1295326124513
Orange,2020-05-12T00:00:00.000,61,9693,614,35937,35937,9693,2020-05-12,61,614,0.0993485342019544,0.0846626975294095,83.9232335162755
Orange,2020-05-13T00:00:00.000,78,9771,939,36876,36876,9771,2020-05-13,78,939,0.0830670926517572,0.0795308884898726,107.731018169849
Orange,2020-05-14T00:00:00.000,54,9825,766,37642,37642,9825,2020-05-14,54,766,0.0704960835509138,0.0747783248961949,74.4829383929367
Orange,2020-05-15T00:00:00.000,54,9879,715,38357,38357,9879,2020-05-15,54,715,0.0755244755244755,0.0703697284453545,74.4869369968732
Orange,2020-05-16T00:00:00.000,64,9943,662,39019,39019,9943,2020-05-16,64,662,0.0966767371601208,0.0662711041622264,88.2254209994372
Orange,2020-05-17T00:00:00.000,22,9965,367,39386,39386,9965,2020-05-17,22,367,0.0599455040871935,0.0624503314392205,30.3451618102231
Orange,2020-05-18T00:00:00.000,23,9988,362,39748,39748,9988,2020-05-18,23,362,0.0635359116022099,0.0588776075279376,31.8425533542219
Orange,2020-05-19T00:00:00.000,55,10043,819,40567,40567,10043,2020-05-19,55,819,0.0671550671550672,0.0555257648362526,76.3199215802442
Orange,2020-05-20T00:00:00.000,49,10092,919,41486,41486,10092,2020-05-20,49,919,0.0533188248095756,0.0523704800075476,68.1305305628871
Orange,2020-05-21T00:00:00.000,50,10142,753,42239,42239,10142,2020-05-21,50,753,0.0664010624169987,0.0493903887979109,69.735817510274
Orange,2020-05-22T00:00:00.000,55,10197,764,43003,43003,10197,2020-05-22,55,764,0.0719895287958115,0.0465671173681243,76.8780475001892
Orange,2020-05-23T00:00:00.000,28,10225,638,43641,43641,10225,2020-05-23,28,638,0.0438871473354232,0.0438852378366622,39.1882869648268
Orange,2020-05-24T00:00:00.000,19,10244,478,44119,44119,10244,2020-05-24,19,478,0.0397489539748954,0.0413321543640333,26.6017520291359
Orange,2020-05-25T00:00:00.000,33,10277,617,44736,44736,10277,2020-05-25,33,617,0.053484602917342,0.0388979257780759,46.1770994365082
Orange,2020-05-26T00:00:00.000,15,10292,528,45264,45264,10292,2020-05-26,15,528,0.0284090909090909,0.0365750314414299,20.9952706540066
Orange,2020-05-27T00:00:00.000,33,10325,1013,46277,46277,10325,2020-05-27,33,1013,0.0325765054294176,0.0343580888358153,46.1930046766613
Orange,2020-05-28T00:00:00.000,36,10361,868,47145,47145,10361,2020-05-28,36,868,0.0414746543778802,0.0322435333948927,50.3550570917316
Orange,2020-05-29T00:00:00.000,28,10389,776,47921,47921,10389,2020-05-29,28,776,0.0360824742268041,0.0302292733828056,39.3943719867471
Orange,2020-05-30T00:00:00.000,17,10406,683,48604,48604,10406,2020-05-30,17,683,0.0248901903367496,0.0283143342895962,24.0135792110192
Orange,2020-05-31T00:00:00.000,16,10422,713,49317,49317,10422,2020-05-31,16,713,0.0224403927068724,0.0264985081173988,22.6456002853452
Orange,2020-06-01T00:00:00.000,27,10449,1027,50344,50344,10449,2020-06-01,27,1027,0.0262901655306719,0.024782022739178,38.1992319861149
Orange,2020-06-02T00:00:00.000,11,10460,842,51186,51186,10460,2020-06-02,11,842,0.0130641330166271,0.0231652450252934,15.5121746714446
Orange,2020-06-03T00:00:00.000,11,10471,941,52127,52127,10471,2020-06-03,11,941,0.0116896918172157,0.0216484289188332,15.4287892978884
Orange,2020-06-04T00:00:00.000,13,10484,978,53105,53105,10484,2020-06-04,13,978,0.0132924335378323,0.0202315162174063,18.0993742198126
Orange,2020-06-05T00:00:00.000,24,10508,1157,54262,54262,10508,2020-06-05,24,1157,0.020743301642178,0.0189139938872713,33.1937686846307
Orange,2020-06-06T00:00:00.000,6,10514,847,55109,55109,10514,2020-06-06,6,847,0.00708382526564345,0.0176948078350686,8.32330726699344
Orange,2020-06-07T00:00:00.000,9,10523,827,55936,55936,10523,2020-06-07,9,827,0.0108827085852479,0.0165723294106241,12.4718375312803
Orange,2020-06-08T00:00:00.000,10,10533,957,56893,56893,10533,2020-06-08,10,957,0.0104493207941484,0.0155443680338012,13.8301098068465
Orange,2020-06-09T00:00:00.000,8,10541,937,57830,57830,10541,2020-06-09,8,937,0.00853788687299893,0.0146082213208318,11.0317160154782
Orange,2020-06-10T00:00:00.000,9,10550,1056,58886,58886,10550,2020-06-10,9,1056,0.00852272727272727,0.0137607530352092,12.3630370655099
Orange,2020-06-11T00:00:00.000,8,10558,1048,59934,59934,10558,2020-06-11,8,1048,0.00763358778625954,0.0129984890609743,10.9375875340591
Orange,2020-06-12T00:00:00.000,5,10563,967,60901,60901,10563,2020-06-12,5,967,0.00517063081695967,0.0123177222362846,6.79473221614568
Orange,2020-06-13T00:00:00.000,8,10571,655,61556,61556,10571,2020-06-13,8,655,0.0122137404580153,0.011714618060222,10.7997527075511
Orange,2020-06-14T00:00:00.000,2,10573,810,62366,62366,10573,2020-06-14,2,810,0.00246913580246914,0.0111853147847175,2.68386530142658
Orange,2020-06-15T00:00:00.000,7,10580,758,63124,63124,10580,2020-06-15,7,758,0.00923482849604222,0.0107260130211412,9.41422952241063
Orange,2020-06-16T00:00:00.000,19,10599,744,63868,63868,10599,2020-06-16,19,744,0.0255376344086022,0.0103330515034541,25.5769438844241
Orange,2020-06-17T00:00:00.000,5,10604,793,64661,64661,10604,2020-06-17,5,793,0.00630517023959647,0.0100029670074278,6.72831125926217
Orange,2020-06-18T00:00:00.000,16,10620,1197,65858,65858,10620,2020-06-18,16,1197,0.0133667502088555,0.00973253746498132,21.4322954892537
Orange,2020-06-19T00:00:00.000,18,10638,646,66504,66504,10638,2020-06-19,18,646,0.0278637770897833,0.00951880812292879,23.9483006092466
Orange,2020-06-20T00:00:00.000,10,10648,698,67202,67202,10648,2020-06-20,10,698,0.0143266475644699,0.0093591010698601,13.1784652317401
Orange,2020-06-21T00:00:00.000,6,10654,577,67779,67779,10654,2020-06-21,6,577,0.0103986135181976,0.00925100875869799,7.82882267795855
Orange,2020-06-22T00:00:00.000,12,10666,1239,69018,69018,10666,2020-06-22,12,1239,0.00968523002421308,0.00919237226574411,15.4981716790062
Orange,2020-06-23T00:00:00.000,3,10669,502,69520,69520,10669,2020-06-23,3,502,0.00597609561752988,0.00918124505666796,3.83445001423371
Orange,2020-06-24T00:00:00.000,10,10679,912,70432,70432,10679,2020-06-24,10,912,0.0109649122807018,0.00921584307222814,12.6486906718454
Orange,2020-06-25T00:00:00.000,19,10698,887,71319,71319,10698,2020-06-25,19,887,0.0214205186020293,0.00929448201553961,23.7844464529863
Orange,2020-06-26T00:00:00.000,12,10710,1012,72331,72331,10710,2020-06-26,12,1012,0.0118577075098814,0.00941550296997071,14.869255879998
Orange,2020-06-27T00:00:00.000,3,10713,508,72839,72839,10713,2020-06-27,3,508,0.00590551181102362,0.00957718785822034,3.69528043270108
Orange,2020-06-28T00:00:00.000,3,10716,459,73298,73298,10716,2020-06-28,3,459,0.0065359477124183,0.00977766688609618,3.68337751814092
Orange,2020-06-29T00:00:00.000,7,10723,734,74032,74032,10723,2020-06-29,7,734,0.00953678474114441,0.0100148209438215,8.55862745601772
Orange,2020-06-30T00:00:00.000,7,10730,638,74670,74670,10730,2020-06-30,7,638,0.0109717868338558,0.0102861829591933,8.52578971112738
Orange,2020-07-01T00:00:00.000,14,10744,702,75372,75372,10744,2020-07-01,14,702,0.0199430199430199,0.0105888433181639,16.931595093163
Orange,2020-07-02T00:00:00.000,15,10759,1204,76576,76576,10759,2020-07-02,15,1204,0.0124584717607973,0.0109193655888832,18.2382218749473
Orange,2020-07-03T00:00:00.000,7,10766,923,77499,77499,10766,2020-07-03,7,923,0.0075839653304442,0.011273719693089,8.57391003560524
Orange,2020-07-04T00:00:00.000,9,10775,885,78384,78384,10775,2020-07-04,9,885,0.0101694915254237,0.0116472402012832,11.0964018363242
Orange,2020-07-05T00:00:00.000,6,10781,622,79006,79006,10781,2020-07-05,6,622,0.00964630225080386,0.0120346173608882,7.41009171208114
Orange,2020-07-06T00:00:00.000,17,10798,642,79648,79648,10798,2020-07-06,17,642,0.0264797507788162,0.0124299275778912,21.0274889643843
Orange,2020-07-07T00:00:00.000,8,10806,734,80382,80382,10806,2020-07-07,8,734,0.0108991825613079,0.0128267082843854,9.90835332245053
Orange,2020-07-08T00:00:00.000,4,10810,866,81248,81248,10810,2020-07-08,4,866,0.0046189376443418,0.0132180793905747,4.95937494211946
Orange,2020-07-09T00:00:00.000,10,10820,959,82207,82207,10820,2020-07-09,10,959,0.0104275286757039,0.0135969099650908,12.4074694658058
Orange,2020-07-10T00:00:00.000,10,10830,1007,83214,83214,10830,2020-07-10,10,1007,0.0099304865938431,0.0139560246922831,12.4120016873167
Orange,2020-07-11T00:00:00.000,5,10835,847,84061,84061,10835,2020-07-11,5,847,0.00590318772136954,0.0142884404662379,6.2058009765065
Orange,2020-07-12T00:00:00.000,6,10841,605,84666,84666,10841,2020-07-12,6,605,0.00991735537190083,0.0145876196823558,7.44357080762558
Orange,2020-07-13T00:00:00.000,9,10850,914,85580,85580,10850,2020-07-13,9,914,0.00984682713347921,0.0148477239444454,11.1553650500657
Orange,2020-07-14T00:00:00.000,28,10878,947,86527,86527,10878,2020-07-14,28,947,0.0295670538542767,0.0150638504986875,34.6590168557797
Orange,2020-07-15T00:00:00.000,17,10895,796,87323,87323,10895,2020-07-15,17,796,0.021356783919598,0.0152322340296788,21.0053806635627
Orange,2020-07-16T00:00:00.000,13,10908,1081,88404,88404,10908,2020-07-16,13,1081,0.0120259019426457,0.0153503986178531,16.0272724122966
Orange,2020-07-17T00:00:00.000,13,10921,796,89200,89200,10921,2020-07-17,13,796,0.0163316582914573,0.0154172484633547,15.9881162394139
Orange,2020-07-18T00:00:00.000,10,10931,596,89796,89796,10931,2020-07-18,10,596,0.0167785234899329,0.0154330910258573,12.3140088319275
Orange,2020-07-19T00:00:00.000,7,10938,417,90213,90213,10938,2020-07-19,7,417,0.0167865707434053,0.0153995919046691,8.65080281443562
Orange,2020-07-20T00:00:00.000,15,10953,864,91077,91077,10953,2020-07-20,15,864,0.0173611111111111,0.0153196663819525,18.5893119797774
Orange,2020-07-21T00:00:00.000,7,10960,670,91747,91747,10960,2020-07-21,7,670,0.0104477611940299,0.0151973174479319,8.69208370410167
Orange,2020-07-22T00:00:00.000,8,10968,831,92578,92578,10968,2020-07-22,8,831,0.00962695547533093,0.0150374337542676,9.9445051731339
Orange,2020-07-23T00:00:00.000,8,10976,974,93552,93552,10976,2020-07-23,8,974,0.0082135523613963,0.0148455629988494,9.94411863503371
Orange,2020-07-24T00:00:00.000,18,10994,972,94524,94524,10994,2020-07-24,18,972,0.0185185185185185,0.0146276766308897,22.3056160835491
Orange,2020-07-25T00:00:00.000,4,10998,418,94942,94942,10998,2020-07-25,4,418,0.00956937799043062,0.0143899406434942,4.90551374386891
Orange,2020-07-26T00:00:00.000,12,11010,634,95576,95576,11010,2020-07-26,12,634,0.0189274447949527,0.0141385048413862,14.5437284579033
Orange,2020-07-27T00:00:00.000,14,11024,792,96368,96368,11024,2020-07-27,14,792,0.0176767676767677,0.0138793198844191,16.9686866277755
Orange,2020-07-28T00:00:00.000,10,11034,648,97016,97016,11034,2020-07-28,10,648,0.0154320987654321,0.0136179879068416,12.1797574275485
Orange,2020-07-29T00:00:00.000,38,11072,2123,99139,99139,11072,2020-07-29,38,2123,0.0178991992463495,0.0133596491610052,46.4440164493934
Orange,2020-07-30T00:00:00.000,10,11082,712,99851,99851,11082,2020-07-30,10,712,0.0140449438202247,0.0131089041685065,12.2607123198557
Orange,2020-07-31T00:00:00.000,6,11088,986,100837,100837,11088,2020-07-31,6,986,0.00608519269776876,0.012869768514381,7.35272737169248
Orange,2020-08-01T00:00:00.000,5,11093,585,101422,101422,11093,2020-08-01,5,585,0.00854700854700855,0.0126456558145867,6.11766734624551
Orange,2020-08-02T00:00:00.000,3,11096,583,102005,102005,11096,2020-08-02,3,583,0.00514579759862779,0.012439383482251,3.67665323880849
Orange,2020-08-03T00:00:00.000,9,11105,1050,103055,103055,11105,2020-08-03,9,1050,0.00857142857142857,0.0122531956408033,11.0733079589176
Orange,2020-08-04T00:00:00.000,8,11113,659,103714,103714,11113,2020-08-04,8,659,0.0121396054628225,0.0120887977954801,9.96865186069674
Orange,2020-08-05T00:00:00.000,14,11127,848,104562,104562,11127,2020-08-05,14,848,0.0165094339622642,0.0119473984624492,17.6620514654266
Orange,2020-08-06T00:00:00.000,2,11129,734,105296,105296,11129,2020-08-06,2,734,0.00272479564032698,0.0118297538058671,2.5531227398145
Orange,2020-08-07T00:00:00.000,27,11156,1153,106449,106449,11156,2020-08-07,27,1153,0.023417172593235,0.0117362122730572,34.7850692384495
Orange,2020-08-08T00:00:00.000,3,11159,644,107093,107093,11159,2020-08-08,3,644,0.0046583850931677,0.0116667571659315,3.89514590752554
Orange,2020-08-09T00:00:00.000,9,11168,543,107636,107636,11168,2020-08-09,9,543,0.0165745856353591,0.0116210459940813,11.7504751017127
Orange,2020-08-10T00:00:00.000,12,11180,1202,108838,108838,11180,2020-08-10,12,1202,0.00998336106489185,0.0115984462307272,15.6712139256254
Orange,2020-08-11T00:00:00.000,11,11191,990,109828,109828,11191,2020-08-11,11,990,0.0111111111111111,0.0115980677541051,14.3411961551049
Orange,2020-08-12T00:00:00.000,19,11210,904,110732,110732,11210,2020-08-12,19,904,0.0210176991150442,0.011618792765951,24.702146663908
Orange,2020-08-13T00:00:00.000,7,11217,1055,111787,111787,11217,2020-08-13,7,1055,0.00663507109004739,0.0116593043101561,9.06607685504056
Orange,2020-08-14T00:00:00.000,12,11229,1349,113136,113136,11229,2020-08-14,12,1349,0.00889547813194959,0.0117181147293817,15.4877162295813
Orange,2020-08-15T00:00:00.000,25,11254,858,113994,113994,11254,2020-08-15,25,858,0.0291375291375291,0.0117935954036632,32.2659271545422
Orange,2020-08-16T00:00:00.000,2,11256,662,114656,114656,11256,2020-08-16,2,662,0.00302114803625378,0.011884009021921,2.57827894893612
Orange,2020-08-17T00:00:00.000,13,11269,942,115598,115598,11269,2020-08-17,13,942,0.0138004246284501,0.0119875453661805,16.7203164639106
Orange,2020-08-18T00:00:00.000,13,11282,1068,116666,116666,11282,2020-08-18,13,1068,0.0121722846441948,0.0121023612214704,16.6634835847865
Orange,2020-08-19T00:00:00.000,10,11292,1080,117746,117746,11292,2020-08-19,10,1080,0.00925925925925926,0.0122266245522269,12.7610033019336
Orange,2020-08-20T00:00:00.000,24,11316,1128,118874,118874,11316,2020-08-20,24,1128,0.0212765957446809,0.0123585625708377,30.45974467715
Orange,2020-08-21T00:00:00.000,12,11328,1315,120189,120189,11328,2020-08-21,12,1315,0.0091254752851711,0.0124965127726764,15.1330351826397
Orange,2020-08-22T00:00:00.000,6,11334,940,121129,121129,11334,2020-08-22,6,940,0.00638297872340425,0.0126389755507594,7.51210058774719
Orange,2020-08-23T00:00:00.000,9,11343,587,121716,121716,11343,2020-08-23,9,587,0.0153321976149915,0.0127846665701639,11.1787434910362
Orange,2020-08-24T00:00:00.000,11,11354,671,122387,122387,11354,2020-08-24,11,671,0.0163934426229508,0.0129325668572286,13.5580448403094
Orange,2020-08-25T00:00:00.000,12,11366,798,123185,123185,11366,2020-08-25,12,798,0.0150375939849624,0.0130819684595437,14.758483792224
Orange,2020-08-26T00:00:00.000,16,11382,873,124058,124058,11382,2020-08-26,16,873,0.0183276059564719,0.0132325136487912,19.6237034873068
Orange,2020-08-27T00:00:00.000,17,11399,1435,125493,125493,11399,2020-08-27,17,1435,0.0118466898954704,0.0133842259449896,20.7802718320835
Orange,2020-08-28T00:00:00.000,11,11410,1140,126633,126633,11410,2020-08-28,11,1140,0.00964912280701754,0.0135375317019497,13.3501355187673
Orange,2020-08-29T00:00:00.000,8,11418,1565,128198,128198,11418,2020-08-29,8,1565,0.00511182108626198,0.01369327156599,9.74461803581888
Orange,2020-08-30T00:00:00.000,15,11433,668,128866,128866,11433,2020-08-30,15,668,0.0224550898203593,0.0138527017812839,18.3724170368309
Orange,2020-08-31T00:00:00.000,12,11445,829,129695,129695,11445,2020-08-31,12,829,0.014475271411339,0.014017485905554,14.7495625596987
Orange,2020-09-01T00:00:00.000,15,11460,1787,131482,131482,11460,2020-09-01,15,1787,0.00839395635142697,0.0141896780828131,18.5010226916341
Orange,2020-09-02T00:00:00.000,18,11478,1105,132587,132587,11478,2020-09-02,18,1105,0.016289592760181,0.0143716994167911,22.2777789146065
Orange,2020-09-03T00:00:00.000,9,11487,1220,133807,133807,11487,2020-09-03,9,1220,0.00737704918032787,0.0145663092398528,11.1771467016334
Orange,2020-09-04T00:00:00.000,17,11504,1095,134902,134902,11504,2020-09-04,17,1095,0.0155251141552511,0.0147765731430291,21.1849493848031
Orange,2020-09-05T00:00:00.000,11,11515,944,135846,135846,11515,2020-09-05,11,944,0.0116525423728814,0.0150058295115079,13.7552961999248
Orange,2020-09-06T00:00:00.000,10,11525,654,136500,136500,11525,2020-09-06,10,654,0.0152905198776758,0.0152576560119569,12.54853219579
Orange,2020-09-07T00:00:00.000,10,11535,651,137151,137151,11535,2020-09-07,10,651,0.0153609831029186,0.0155358370966146,12.5931396995178
Orange,2020-09-08T00:00:00.000,17,11552,891,138042,138042,11552,2020-09-08,17,891,0.0190796857463524,0.0158443330836019,21.4861178081152
Orange,2020-09-09T00:00:00.000,20,11572,973,139015,139015,11572,2020-09-09,20,973,0.0205549845837616,0.0161872508445429,25.3720839910631
Orange,2020-09-10T00:00:00.000,22,11594,1354,140369,140369,11594,2020-09-10,22,1354,0.0162481536189069,0.0165688156488541,28.0505506965244
Orange,2020-09-11T00:00:00.000,17,11611,1222,141591,141591,11611,2020-09-11,17,1222,0.013911620294599,0.0169933432350752,21.7967034319671
Orange,2020-09-12T00:00:00.000,24,11635,798,142389,142389,11635,2020-09-12,24,798,0.0300751879699248,0.0174652108411941,30.9390189338402
Orange,2020-09-13T00:00:00.000,17,11652,759,143148,143148,11652,2020-09-13,17,759,0.0223978919631094,0.0179888257095573,22.0932825525432
Orange,2020-09-14T00:00:00.000,24,11676,1534,144682,144682,11676,2020-09-14,24,1534,0.015645371577575,0.01856858951852,31.473049967818
Orange,2020-09-15T00:00:00.000,35,11711,816,145498,145498,11711,2020-09-15,35,816,0.0428921568627451,0.0192088573231253,46.2968987858975
Orange,2020-09-16T00:00:00.000,23,11734,1112,146610,146610,11734,2020-09-16,23,1112,0.0206834532374101,0.0199138899786551,30.6788535489719
Orange,2020-09-17T00:00:00.000,26,11760,1228,147838,147838,11760,2020-09-17,26,1228,0.0211726384364821,0.0206877995779596,34.9594917329256
Orange,2020-09-18T00:00:00.000,30,11790,1413,149251,149251,11790,2020-09-18,30,1413,0.0212314225053079,0.021534488336906,40.6474597044119
Orange,2020-09-19T00:00:00.000,22,11812,916,150167,150167,11812,2020-09-19,22,916,0.0240174672489083,0.0224575824994219,30.0252790482204
Orange,2020-09-20T00:00:00.000,10,11822,724,150891,150891,11822,2020-09-20,10,724,0.0138121546961326,0.0234603642116213,13.7418486320611
Orange,2020-09-21T00:00:00.000,13,11835,1278,152169,152169,11835,2020-09-21,13,1278,0.0101721439749609,0.0245457059727421,17.9803905254118
Orange,2020-09-22T00:00:00.000,16,11851,845,153014,153014,11851,2020-09-22,16,845,0.0189349112426036,0.0257160140826322,22.2649350636754
Orange,2020-09-23T00:00:00.000,39,11890,1507,154521,154521,11890,2020-09-23,39,1507,0.0258792302587923,0.0269731893223775,54.6950839755554
Orange,2020-09-24T00:00:00.000,65,11955,1592,156113,156113,11955,2020-09-24,65,1592,0.0408291457286432,0.0283186150052442,91.9283352023723
Orange,2020-09-25T00:00:00.000,59,12014,1462,157575,157575,12014,2020-09-25,59,1462,0.0403556771545828,0.0297531840729519,84.1480733454748
Orange,2020-09-26T00:00:00.000,22,12036,1205,158780,158780,12036,2020-09-26,22,1205,0.0182572614107884,0.0312773782302861,31.6424547711723
Orange,2020-09-27T00:00:00.000,26,12062,566,159346,159346,12062,2020-09-27,26,566,0.0459363957597173,0.0328914128596288,38.0807276800991
Orange,2020-09-28T00:00:00.000,60,12122,1497,160843,160843,12122,2020-09-28,60,1497,0.0400801603206413,0.0345954617557097,90.3839879745378
Orange,2020-09-29T00:00:00.000,21,12143,1121,161964,161964,12143,2020-09-29,21,1121,0.0187332738626227,0.0363899754437973,32.4964668773068
Orange,2020-09-30T00:00:00.000,56,12199,1405,163369,163369,12199,2020-09-30,56,1405,0.0398576512455516,0.0382761064353994,88.8929131330195
Orleans,2020-04-01T00:00:00.000,0,6,11,127,127,6,2020-04-01,6,127,0.047244094488189,0.112089250857689,6.62662681967733
Orleans,2020-04-02T00:00:00.000,3,9,13,140,140,9,2020-04-02,3,13,0.230769230769231,0.114728050252164,3.31856888743376
Orleans,2020-04-03T00:00:00.000,1,10,11,151,151,10,2020-04-03,1,11,0.0909090909090909,0.117416389014449,1.1167507482347
Orleans,2020-04-04T00:00:00.000,1,11,9,160,160,11,2020-04-04,1,9,0.111111111111111,0.120147509840458,1.13048935102482
Orleans,2020-04-05T00:00:00.000,2,13,16,176,176,13,2020-04-05,2,16,0.125,0.122911092246272,2.28861355523471
Orleans,2020-04-06T00:00:00.000,2,15,17,193,193,15,2020-04-06,2,17,0.117647058823529,0.125693441062026,2.31531903298407
Orleans,2020-04-07T00:00:00.000,1,16,14,207,207,16,2020-04-07,1,14,0.0714285714285714,0.128477724060253,1.16672490968854
Orleans,2020-04-08T00:00:00.000,6,22,27,234,234,22,2020-04-08,6,27,0.222222222222222,0.131244263838516,7.04945404719204
Orleans,2020-04-09T00:00:00.000,2,24,14,248,248,24,2020-04-09,2,14,0.142857142857143,0.13397088723366,2.36502759522416
Orleans,2020-04-10T00:00:00.000,0,24,3,251,251,24,2020-04-10,0,3,0,0.136633332987791,0
Orleans,2020-04-11T00:00:00.000,1,25,7,258,258,25,2020-04-11,1,7,0.142857142857143,0.139205715204342,1.1963185170351
Orleans,2020-04-12T00:00:00.000,1,26,6,264,264,26,2020-04-12,1,6,0.166666666666667,0.141661036727566,1.20252678000462
Orleans,2020-04-13T00:00:00.000,5,31,18,282,282,31,2020-04-13,5,18,0.277777777777778,0.143971743159907,6.05230463932849
Orleans,2020-04-14T00:00:00.000,2,33,8,290,290,33,2020-04-14,2,8,0.25,0.146110305089825,2.4433728025278
Orleans,2020-04-15T00:00:00.000,1,34,5,295,295,34,2020-04-15,1,5,0.2,0.148049813563641,1.23275799651067
Orleans,2020-04-16T00:00:00.000,0,34,4,299,299,34,2020-04-16,0,4,0,0.149764571973255,0
Orleans,2020-04-17T00:00:00.000,7,41,14,313,313,41,2020-04-17,7,14,0.5,0.151230666676381,8.77795411622338
Orleans,2020-04-18T00:00:00.000,5,46,35,348,348,46,2020-04-18,5,35,0.142857142857143,0.1524264986571,6.31939711561669
Orleans,2020-04-19T00:00:00.000,0,46,3,351,351,46,2020-04-19,0,3,0,0.15333325959836,0
Orleans,2020-04-20T00:00:00.000,7,53,33,384,384,53,2020-04-20,7,33,0.212121212121212,0.153935337552478,8.96392096709826
Orleans,2020-04-21T00:00:00.000,3,56,11,395,395,56,2020-04-21,3,11,0.272727272727273,0.154220640033765,3.86131131892417
Orleans,2020-04-22T00:00:00.000,3,59,11,406,406,59,2020-04-22,3,11,0.272727272727273,0.154180825468414,3.88544693267381
Orleans,2020-04-23T00:00:00.000,1,60,13,419,419,60,2020-04-23,1,13,0.0769230769230769,0.153811437454177,1.30687449416624
Orleans,2020-04-24T00:00:00.000,15,75,98,517,517,75,2020-04-24,15,98,0.153061224489796,0.153111939912798,19.7737454262504
Orleans,2020-04-25T00:00:00.000,5,80,28,545,545,80,2020-04-25,5,28,0.178571428571429,0.15208565484546,6.64600653614497
Orleans,2020-04-26T00:00:00.000,0,80,14,559,559,80,2020-04-26,0,14,0,0.150739607821351,0
Orleans,2020-04-27T00:00:00.000,0,80,8,567,567,80,2020-04-27,0,8,0,0.149084289415313,0
Orleans,2020-04-28T00:00:00.000,5,85,26,593,593,85,2020-04-28,5,26,0.192307692307692,0.147133343430258,6.77258951214522
Orleans,2020-04-29T00:00:00.000,4,89,35,628,628,89,2020-04-29,4,35,0.114285714285714,0.144903194864379,5.44142016688836
Orleans,2020-04-30T00:00:00.000,3,92,23,651,651,92,2020-04-30,3,23,0.130434782608696,0.142412632041429,4.0967177886363
Orleans,2020-05-01T00:00:00.000,1,93,29,680,680,93,2020-05-01,1,29,0.0344827586206897,0.139682358201733,1.37015072760628
Orleans,2020-05-02T00:00:00.000,4,97,22,702,702,97,2020-05-02,4,22,0.181818181818182,0.136734528041502,5.49629615313729
Orleans,2020-05-03T00:00:00.000,0,97,21,723,723,97,2020-05-03,0,21,0,0.133592284264683,0
Orleans,2020-05-04T00:00:00.000,2,99,15,738,738,99,2020-05-04,2,15,0.133333333333333,0.130279308179194,2.76027571123269
Orleans,2020-05-05T00:00:00.000,4,103,36,774,774,103,2020-05-05,4,36,0.111111111111111,0.126819396849759,5.53823067822405
Orleans,2020-05-06T00:00:00.000,5,108,33,807,807,108,2020-05-06,5,33,0.151515151515152,0.12323607735324,6.93760302255313
Orleans,2020-05-07T00:00:00.000,13,121,62,869,869,121,2020-05-07,13,62,0.209677419354839,0.119552266422141,18.0758777389463
Orleans,2020-05-08T00:00:00.000,1,122,29,898,898,122,2020-05-08,1,29,0.0344827586206897,0.115789981345223,1.39568476760361
Orleans,2020-05-09T00:00:00.000,4,126,41,939,939,126,2020-05-09,4,41,0.0975609756097561,0.111970105507409,5.60006207200171
Orleans,2020-05-10T00:00:00.000,4,130,40,979,979,130,2020-05-10,4,40,0.1,0.108112209559803,5.6071588874341
Orleans,2020-05-11T00:00:00.000,3,133,31,1010,1010,133,2020-05-11,3,31,0.0967741935483871,0.104234427037347,4.19325560815908
Orleans,2020-05-12T00:00:00.000,9,142,61,1071,1071,142,2020-05-12,9,61,0.147540983606557,0.100353381288241,12.5944403515473
Orleans,2020-05-13T00:00:00.000,3,145,57,1128,1128,145,2020-05-13,3,57,0.0526315789473684,0.0964841590610364,4.22434553522948
Orleans,2020-05-14T00:00:00.000,2,147,38,1166,1166,147,2020-05-14,2,38,0.0526315789473684,0.0926403248649938,2.81835354023619
Orleans,2020-05-15T00:00:00.000,16,163,102,1268,1268,163,2020-05-15,16,102,0.156862745098039,0.0888339694667582,22.590490361262
Orleans,2020-05-16T00:00:00.000,4,167,59,1327,1327,167,2020-05-16,4,59,0.0677966101694915,0.0850757854385786,5.65355905288421
Orleans,2020-05-17T00:00:00.000,0,167,42,1369,1369,167,2020-05-17,0,42,0,0.0813751626376337,0
Orleans,2020-05-18T00:00:00.000,1,168,48,1417,1417,168,2020-05-18,1,48,0.0208333333333333,0.077740296715676,1.42347437373243
Orleans,2020-05-19T00:00:00.000,3,171,60,1477,1477,171,2020-05-19,3,60,0.05,0.0741783042560551,4.28523571480361
Orleans,2020-05-20T00:00:00.000,3,174,98,1575,1575,174,2020-05-20,3,98,0.0306122448979592,0.0706953388336753,4.29830637836794
Orleans,2020-05-21T00:00:00.000,1,175,50,1625,1625,175,2020-05-21,1,50,0.02,0.0672967031083875,1.43853696632478
Orleans,2020-05-22T00:00:00.000,21,196,85,1710,1710,196,2020-05-22,21,85,0.247058823529412,0.0639869530067986,30.3012230026354
Orleans,2020-05-23T00:00:00.000,6,202,129,1839,1839,202,2020-05-23,6,129,0.0465116279069767,0.060769991006694,8.67534131337242
Orleans,2020-05-24T00:00:00.000,3,205,63,1902,1902,205,2020-05-24,3,63,0.0476190476190476,0.0576491465094425,4.3423855272485
Orleans,2020-05-25T00:00:00.000,3,208,49,1951,1951,208,2020-05-25,3,49,0.0612244897959184,0.0546272422362168,4.34292418473705
Orleans,2020-05-26T00:00:00.000,2,210,44,1995,1995,210,2020-05-26,2,44,0.0454545454545455,0.0517066464379917,2.89798665015465
Orleans,2020-05-27T00:00:00.000,2,212,117,2112,2112,212,2020-05-27,2,117,0.0170940170940171,0.04888931150164,2.90008522299839
Orleans,2020-05-28T00:00:00.000,4,216,112,2224,2224,216,2020-05-28,4,112,0.0357142857142857,0.0461768001766571,5.79960885132524
Orleans,2020-05-29T00:00:00.000,12,228,83,2307,2307,228,2020-05-29,12,83,0.144578313253012,0.0435703011837842,17.5119166530786
Orleans,2020-05-30T00:00:00.000,1,229,101,2408,2408,229,2020-05-30,1,101,0.0099009900990099,0.041070636332158,1.46608949706105
Orleans,2020-05-31T00:00:00.000,7,236,105,2513,2513,236,2020-05-31,7,105,0.0666666666666667,0.0386782614957345,10.289314617482
Orleans,2020-06-01T00:00:00.000,5,241,89,2602,2602,241,2020-06-01,5,89,0.0561797752808989,0.0363932638757254,7.35104865063963
Orleans,2020-06-02T00:00:00.000,5,246,157,2759,2759,246,2020-06-02,5,157,0.0318471337579618,0.034215357894866,7.33142547800766
Orleans,2020-06-03T00:00:00.000,1,247,81,2840,2840,247,2020-06-03,1,81,0.0123456790123457,0.0321438818767386,1.45917156172666
Orleans,2020-06-04T00:00:00.000,0,247,102,2942,2942,247,2020-06-04,0,102,0,0.0301777973578546,0
Orleans,2020-06-05T00:00:00.000,7,254,183,3125,3125,254,2020-06-05,7,183,0.0382513661202186,0.0283156924920368,10.0801676641162
Orleans,2020-06-06T00:00:00.000,1,255,115,3240,3240,255,2020-06-06,1,115,0.00869565217391304,0.0265557905847674,1.44469448737038
Orleans,2020-06-07T00:00:00.000,1,256,69,3309,3309,256,2020-06-07,1,69,0.0144927536231884,0.0248959643369354,1.44331948563566
Orleans,2020-06-08T00:00:00.000,1,257,77,3386,3386,257,2020-06-08,1,77,0.012987012987013,0.0233337559453586,1.44034585243831
Orleans,2020-06-09T00:00:00.000,2,259,117,3503,3503,259,2020-06-09,2,117,0.0170940170940171,0.0218664028074658,2.87144883732184
Orleans,2020-06-10T00:00:00.000,1,260,89,3592,3592,260,2020-06-10,1,89,0.0112359550561798,0.0204908682360547,1.42946813217376
Orleans,2020-06-11T00:00:00.000,0,260,89,3681,3681,260,2020-06-11,0,89,0,0.0192038763237562,0
Orleans,2020-06-12T00:00:00.000,1,261,114,3795,3795,261,2020-06-12,1,114,0.0087719298245614,0.0180019499131934,1.41150121250709
Orleans,2020-06-13T00:00:00.000,6,267,92,3887,3887,267,2020-06-13,6,92,0.0652173913043478,0.0168814505255647,8.40123701582478
Orleans,2020-06-14T00:00:00.000,1,268,60,3947,3947,268,2020-06-14,1,60,0.0166666666666667,0.0158386190763991,1.38943306639173
Orleans,2020-06-15T00:00:00.000,0,268,117,4064,4064,268,2020-06-15,0,117,0,0.0148696162548098,0
Orleans,2020-06-16T00:00:00.000,2,270,81,4145,4145,270,2020-06-16,2,81,0.0246913580246914,0.0139705615408377,2.77474816092662
Orleans,2020-06-17T00:00:00.000,1,271,121,4266,4266,271,2020-06-17,1,121,0.00826446280991736,0.0131375699825087,1.38284877872518
Orleans,2020-06-18T00:00:00.000,3,274,110,4376,4376,274,2020-06-18,3,110,0.0272727272727273,0.0123667860194956,4.11597792227462
Orleans,2020-06-19T00:00:00.000,1,275,89,4465,4465,275,2020-06-19,1,89,0.0112359550561798,0.0116544138276113,1.35766612502741
Orleans,2020-06-20T00:00:00.000,1,276,97,4562,4562,276,2020-06-20,1,97,0.0103092783505155,0.0109967438351275,1.33926904899717
Orleans,2020-06-21T00:00:00.000,0,276,111,4673,4673,276,2020-06-21,0,111,0,0.0103901752369503,0
Orleans,2020-06-22T00:00:00.000,1,277,98,4771,4771,277,2020-06-22,1,98,0.0102040816326531,0.00983123448477376,1.30022127054144
Orleans,2020-06-23T00:00:00.000,0,277,53,4824,4824,277,2020-06-23,0,53,0,0.00931658986109581,0
Orleans,2020-06-24T00:00:00.000,2,279,85,4909,4909,279,2020-06-24,2,85,0.0235294117647059,0.00884306235198218,2.51931416876845
Orleans,2020-06-25T00:00:00.000,0,279,37,4946,4946,279,2020-06-25,0,37,0,0.00840763310944713,0
Orleans,2020-06-26T00:00:00.000,1,280,128,5074,5074,280,2020-06-26,1,128,0.0078125,0.00800744785145215,1.2191946507727
Orleans,2020-06-27T00:00:00.000,1,281,98,5172,5172,281,2020-06-27,1,98,0.0102040816326531,0.00763981857607746,1.204233353222
Orleans,2020-06-28T00:00:00.000,0,281,121,5293,5293,281,2020-06-28,0,121,0,0.00730222298003565,0
Orleans,2020-06-29T00:00:00.000,0,281,70,5363,5363,281,2020-06-29,0,70,0,0.00699230196665211,0
Orleans,2020-06-30T00:00:00.000,0,281,84,5447,5447,281,2020-06-30,0,84,0,0.00670785561172172,0
Orleans,2020-07-01T00:00:00.000,1,282,68,5515,5515,282,2020-07-01,1,68,0.0147058823529412,0.0064468379289984,1.15085248929274
Orleans,2020-07-02T00:00:00.000,0,282,78,5593,5593,282,2020-07-02,0,78,0,0.00620735074547599,0
Orleans,2020-07-03T00:00:00.000,0,282,152,5745,5745,282,2020-07-03,0,152,0,0.00598763695921509,0
Orleans,2020-07-04T00:00:00.000,0,282,138,5883,5883,282,2020-07-04,0,138,0,0.00578607341499145,0
Orleans,2020-07-05T00:00:00.000,2,284,95,5978,5978,284,2020-07-05,2,95,0.0210526315789474,0.00560116359582301,2.28816282506818
Orleans,2020-07-06T00:00:00.000,1,285,98,6076,6076,285,2020-07-06,1,98,0.0102040816326531,0.00543153029102581,1.13863322723917
Orleans,2020-07-07T00:00:00.000,1,286,115,6191,6191,286,2020-07-07,1,115,0.00869565217391304,0.00527590836801729,1.1332603662458
Orleans,2020-07-08T00:00:00.000,0,286,41,6232,6232,286,2020-07-08,0,41,0,0.00513313774411474,0
Orleans,2020-07-09T00:00:00.000,1,287,140,6372,6372,287,2020-07-09,1,140,0.00714285714285714,0.00500215662675906,1.12267724836108
Orleans,2020-07-10T00:00:00.000,0,287,105,6477,6477,287,2020-07-10,0,105,0,0.00488199506626214,0
Orleans,2020-07-11T00:00:00.000,0,287,144,6621,6621,287,2020-07-11,0,144,0,0.00477176884537125,0
Orleans,2020-07-12T00:00:00.000,0,287,66,6687,6687,287,2020-07-12,0,66,0,0.00467067371281462,0
Orleans,2020-07-13T00:00:00.000,1,288,65,6752,6752,288,2020-07-13,1,65,0.0153846153846154,0.00457797995460849,1.10190125468385
Orleans,2020-07-14T00:00:00.000,0,288,81,6833,6833,288,2020-07-14,0,81,0,0.0044930272871189,0
Orleans,2020-07-15T00:00:00.000,0,288,147,6980,6980,288,2020-07-15,0,147,0,0.00441522004857655,0
Orleans,2020-07-16T00:00:00.000,0,288,73,7053,7053,288,2020-07-16,0,73,0,0.00434402266161516,0
Orleans,2020-07-17T00:00:00.000,0,288,114,7167,7167,288,2020-07-17,0,114,0,0.0042789553372315,0
Orleans,2020-07-18T00:00:00.000,0,288,48,7215,7215,288,2020-07-18,0,48,0,0.00421958999069008,0
Orleans,2020-07-19T00:00:00.000,0,288,64,7279,7279,288,2020-07-19,0,64,0,0.00416554634173241,0
Orleans,2020-07-20T00:00:00.000,0,288,90,7369,7369,288,2020-07-20,0,90,0,0.00411648817404013,0
Orleans,2020-07-21T00:00:00.000,0,288,72,7441,7441,288,2020-07-21,0,72,0,0.00407211973303089,0
Orleans,2020-07-22T00:00:00.000,0,288,78,7519,7519,288,2020-07-22,0,78,0,0.00403218224517553,0
Orleans,2020-07-23T00:00:00.000,1,289,85,7604,7604,289,2020-07-23,1,85,0.0117647058823529,0.00399645054659206,1.09014454755948
Orleans,2020-07-24T00:00:00.000,0,289,71,7675,7675,289,2020-07-24,0,71,0,0.00396472981295371,0
Orleans,2020-07-25T00:00:00.000,1,290,70,7745,7745,290,2020-07-25,1,70,0.0142857142857143,0.00393685238732068,1.07729220733289
Orleans,2020-07-26T00:00:00.000,0,290,75,7820,7820,290,2020-07-26,0,75,0,0.00391267470501149,0
Orleans,2020-07-27T00:00:00.000,0,290,74,7894,7894,290,2020-07-27,0,74,0,0.00389207431897671,0
Orleans,2020-07-28T00:00:00.000,1,291,111,8005,8005,291,2020-07-28,1,111,0.00900900900900901,0.00387494703011472,1.07412276604235
Orleans,2020-07-29T00:00:00.000,0,291,80,8085,8085,291,2020-07-29,0,80,0,0.00386120412932259,0
Orleans,2020-07-30T00:00:00.000,2,293,100,8185,8185,293,2020-07-30,2,100,0.02,0.00385076975896805,2.16942087359047
Orleans,2020-07-31T00:00:00.000,2,295,170,8355,8355,295,2020-07-31,2,170,0.0117647058823529,0.00384357840160089,2.17191942451514
Orleans,2020-08-01T00:00:00.000,0,295,81,8436,8436,295,2020-08-01,0,81,0,0.00383957250416751,0
Orleans,2020-08-02T00:00:00.000,0,295,61,8497,8497,295,2020-08-02,0,61,0,0.00383870024567445,0
Orleans,2020-08-03T00:00:00.000,0,295,123,8620,8620,295,2020-08-03,0,123,0,0.00384091345546572,0
Orleans,2020-08-04T00:00:00.000,2,297,162,8782,8782,297,2020-08-04,2,162,0.0123456790123457,0.00384616568955758,2.22249568005281
Orleans,2020-08-05T00:00:00.000,0,297,66,8848,8848,297,2020-08-05,0,66,0,0.00385441047125926,0
Orleans,2020-08-06T00:00:00.000,0,297,111,8959,8959,297,2020-08-06,0,111,0,0.00386559970244195,0
Orleans,2020-08-07T00:00:00.000,1,298,199,9158,9158,298,2020-08-07,1,199,0.0050251256281407,0.00387968225141012,1.15333621236356
Orleans,2020-08-08T00:00:00.000,0,298,89,9247,9247,298,2020-08-08,0,89,0,0.00389660272287025,0
Orleans,2020-08-09T00:00:00.000,0,298,65,9312,9312,298,2020-08-09,0,65,0,0.00391630041577979,0
Orleans,2020-08-10T00:00:00.000,0,298,110,9422,9422,298,2020-08-10,0,110,0,0.00393870847410483,0
Orleans,2020-08-11T00:00:00.000,0,298,110,9532,9532,298,2020-08-11,0,110,0,0.00396375323537583,0
Orleans,2020-08-12T00:00:00.000,1,299,166,9698,9698,299,2020-08-12,1,166,0.00602409638554217,0.0039913537814529,1.16836090598965
Orleans,2020-08-13T00:00:00.000,0,299,113,9811,9811,299,2020-08-13,0,113,0,0.00402142169421598,0
Orleans,2020-08-14T00:00:00.000,1,300,104,9915,9915,300,2020-08-14,1,104,0.00961538461538462,0.00405386101842797,1.16066596009829
Orleans,2020-08-15T00:00:00.000,1,301,174,10089,10089,301,2020-08-15,1,174,0.00574712643678161,0.00408856843091231,1.1609049017651
Orleans,2020-08-16T00:00:00.000,1,302,75,10164,10164,302,2020-08-16,1,75,0.0133333333333333,0.0041254336135805,1.15971311899309
Orleans,2020-08-17T00:00:00.000,0,302,96,10260,10260,302,2020-08-17,0,96,0,0.0041643398240795,0
Orleans,2020-08-18T00:00:00.000,1,303,134,10394,10394,303,2020-08-18,1,134,0.00746268656716418,0.00420516465454472,1.1532241675551
Orleans,2020-08-19T00:00:00.000,0,303,95,10489,10489,303,2020-08-19,0,95,0,0.00424778096472775,0
Orleans,2020-08-20T00:00:00.000,0,303,94,10583,10583,303,2020-08-20,0,94,0,0.00429205797179215,0
Orleans,2020-08-21T00:00:00.000,1,304,130,10713,10713,304,2020-08-21,1,130,0.00769230769230769,0.00433786247392617,1.13447123826795
Orleans,2020-08-22T00:00:00.000,0,304,111,10824,10824,304,2020-08-22,0,111,0,0.00438506018192149,0
Orleans,2020-08-23T00:00:00.000,0,304,99,10923,10923,304,2020-08-23,0,99,0,0.00443351712753776,0
Orleans,2020-08-24T00:00:00.000,0,304,67,10990,10990,304,2020-08-24,0,67,0,0.00448310111553694,0
Orleans,2020-08-25T00:00:00.000,1,305,143,11133,11133,305,2020-08-25,1,143,0.00699300699300699,0.00453368318314547,1.10621184299053
Orleans,2020-08-26T00:00:00.000,0,305,105,11238,11238,305,2020-08-26,0,105,0,0.00458513902953511,0
Orleans,2020-08-27T00:00:00.000,1,306,97,11335,11335,306,2020-08-27,1,97,0.0103092783505155,0.00463735037801573,1.09943603713941
Orleans,2020-08-28T00:00:00.000,0,306,147,11482,11482,306,2020-08-28,0,147,0,0.00469020623472554,0
Orleans,2020-08-29T00:00:00.000,0,306,114,11596,11596,306,2020-08-29,0,114,0,0.00474360400981373,0
Orleans,2020-08-30T00:00:00.000,0,306,118,11714,11714,306,2020-08-30,0,118,0,0.00479745047200263,0
Orleans,2020-08-31T00:00:00.000,0,306,71,11785,11785,306,2020-08-31,0,71,0,0.00485166251103251,0
Orleans,2020-09-01T00:00:00.000,0,306,112,11897,11897,306,2020-09-01,0,112,0,0.00490616768996628,0
Orleans,2020-09-02T00:00:00.000,0,306,184,12081,12081,306,2020-09-02,0,184,0,0.00496090457528688,0
Orleans,2020-09-03T00:00:00.000,1,307,225,12306,12306,307,2020-09-03,1,225,0.00444444444444444,0.00501582284010749,1.11631743568069
Orleans,2020-09-04T00:00:00.000,3,310,161,12467,12467,310,2020-09-04,3,161,0.0186335403726708,0.00507088314360794,3.3593151730091
Orleans,2020-09-05T00:00:00.000,4,314,347,12814,12814,314,2020-09-05,4,347,0.0115273775216138,0.00512605679707671,4.4925155962345
Orleans,2020-09-06T00:00:00.000,1,315,66,12880,12880,315,2020-09-06,1,66,0.0151515151515152,0.00518132523312689,1.12638856456682
Orleans,2020-09-07T00:00:00.000,2,317,130,13010,13010,317,2020-09-07,2,130,0.0153846153846154,0.00523667930182968,2.25910360579849
Orleans,2020-09-08T00:00:00.000,0,317,86,13096,13096,317,2020-09-08,0,86,0,0.00529211842195442,0
Orleans,2020-09-09T00:00:00.000,1,318,99,13195,13195,318,2020-09-09,1,99,0.0101010101010101,0.00534764961921992,1.13559933489784
Orleans,2020-09-10T00:00:00.000,2,320,195,13390,13390,320,2020-09-10,2,195,0.0102564102564103,0.00540328648717996,2.27974021126009
Orleans,2020-09-11T00:00:00.000,1,321,123,13513,13513,321,2020-09-11,1,123,0.00813008130081301,0.00545904810647156,1.14452610564293
Orleans,2020-09-12T00:00:00.000,0,321,132,13645,13645,321,2020-09-12,0,132,0,0.00551495795861013,0
Orleans,2020-09-13T00:00:00.000,0,321,81,13726,13726,321,2020-09-13,0,81,0,0.00557104286913863,0
Orleans,2020-09-14T00:00:00.000,1,322,57,13783,13783,322,2020-09-14,1,57,0.0175438596491228,0.0056273320118198,1.16380428501551
Orleans,2020-09-15T00:00:00.000,0,322,165,13948,13948,322,2020-09-15,0,165,0,0.00568385600127563,0
Orleans,2020-09-16T00:00:00.000,0,322,251,14199,14199,322,2020-09-16,0,251,0,0.00574064609758426,0
Orleans,2020-09-17T00:00:00.000,0,322,160,14359,14359,322,2020-09-17,0,160,0,0.00579773353859859,0
Orleans,2020-09-18T00:00:00.000,1,323,240,14599,14599,323,2020-09-18,1,240,0.00416666666666667,0.00585514901031471,1.18946726367625
Orleans,2020-09-19T00:00:00.000,0,323,171,14770,14770,323,2020-09-19,0,171,0,0.0059129222581384,0
Orleans,2020-09-20T00:00:00.000,1,324,62,14832,14832,324,2020-09-20,1,62,0.0161290322580645,0.00597108183337568,1.19844190909047
Orleans,2020-09-21T00:00:00.000,1,325,278,15110,15110,325,2020-09-21,1,278,0.00359712230215827,0.00602965496229934,1.20195293200355
Orleans,2020-09-22T00:00:00.000,0,325,144,15254,15254,325,2020-09-22,0,144,0,0.00608866751759251,0
Orleans,2020-09-23T00:00:00.000,2,327,256,15510,15510,327,2020-09-23,2,256,0.0078125,0.00614814406274998,2.41932857824966
Orleans,2020-09-24T00:00:00.000,3,330,164,15674,15674,330,2020-09-24,3,164,0.0182926829268293,0.00620810793548126,3.64540695889238
Orleans,2020-09-25T00:00:00.000,2,332,149,15823,15823,332,2020-09-25,2,149,0.0134228187919463,0.00626858132751979,2.44110096501107
Orleans,2020-09-26T00:00:00.000,3,335,162,15985,15985,335,2020-09-26,3,162,0.0185185185185185,0.00632958531451212,3.67775871687807
Orleans,2020-09-27T00:00:00.000,0,335,80,16065,16065,335,2020-09-27,0,80,0,0.00639113978435785,0
Orleans,2020-09-28T00:00:00.000,0,335,131,16196,16196,335,2020-09-28,0,131,0,0.00645326321062616,0
Orleans,2020-09-29T00:00:00.000,1,336,135,16331,16331,336,2020-09-29,1,135,0.00740740740740741,0.00651597221499402,1.30291653910172
Orleans,2020-09-30T00:00:00.000,0,336,192,16523,16523,336,2020-09-30,0,192,0,0.00657928086508167,0
Oswego,2020-04-01T00:00:00.000,5,22,80,423,423,22,2020-04-01,22,423,0.0520094562647754,0.0528218451886907,22.5366263582515
Oswego,2020-04-02T00:00:00.000,4,26,82,505,505,26,2020-04-02,4,82,0.0487804878048781,0.0501050318726576,4.07296564438477
Oswego,2020-04-03T00:00:00.000,0,26,31,536,536,26,2020-04-03,0,31,0,0.0475303925200135,0
Oswego,2020-04-04T00:00:00.000,2,28,26,562,562,28,2020-04-04,2,26,0.0769230769230769,0.0451049165789625,2.04996941895331
Oswego,2020-04-05T00:00:00.000,1,29,39,601,601,29,2020-04-05,1,39,0.0256410256410256,0.0428379874408503,1.02983172919793
Oswego,2020-04-06T00:00:00.000,2,31,70,671,671,31,2020-04-06,2,70,0.0285714285714286,0.0407393688113216,2.06862138440916
Oswego,2020-04-07T00:00:00.000,2,33,27,698,698,33,2020-04-07,2,27,0.0740740740740741,0.0388178169440597,2.07023093166173
Oswego,2020-04-08T00:00:00.000,3,36,61,759,759,36,2020-04-08,3,61,0.0491803278688525,0.0370802310917207,3.10621632823928
Oswego,2020-04-09T00:00:00.000,0,36,32,791,791,36,2020-04-09,0,32,0,0.0355312390586003,0
Oswego,2020-04-10T00:00:00.000,1,37,12,803,803,37,2020-04-10,1,12,0.0833333333333333,0.0341731066185367,1.03569550970356
Oswego,2020-04-11T00:00:00.000,1,38,15,818,818,38,2020-04-11,1,15,0.0666666666666667,0.033005861676564,1.0359534137803
Oswego,2020-04-12T00:00:00.000,0,38,10,828,828,38,2020-04-12,0,10,0,0.0320275336663599,0
Oswego,2020-04-13T00:00:00.000,3,41,74,902,902,41,2020-04-13,3,74,0.0405405405405405,0.0312344239831359,3.11679080578648
Oswego,2020-04-14T00:00:00.000,1,42,17,919,919,42,2020-04-14,1,17,0.0588235294117647,0.0306213412258216,1.04494654860666
Oswego,2020-04-15T00:00:00.000,2,44,18,937,937,44,2020-04-15,2,18,0.111111111111111,0.0301817528600062,2.10301070497645
Oswego,2020-04-16T00:00:00.000,1,45,28,965,965,45,2020-04-16,1,28,0.0357142857142857,0.0299078222989541,1.05854139787424
Oswego,2020-04-17T00:00:00.000,0,45,14,979,979,45,2020-04-17,0,14,0,0.0297903155234926,0
Oswego,2020-04-18T00:00:00.000,2,47,18,997,997,47,2020-04-18,2,18,0.111111111111111,0.0298183763334476,2.14722715441595
Oswego,2020-04-19T00:00:00.000,1,48,18,1015,1015,48,2020-04-19,1,18,0.0555555555555556,0.0299791832697847,1.08126311583698
Oswego,2020-04-20T00:00:00.000,1,49,12,1027,1027,49,2020-04-20,1,12,0.0833333333333333,0.0302575168256143,1.08830211780559
Oswego,2020-04-21T00:00:00.000,0,49,4,1031,1031,49,2020-04-21,0,4,0,0.0306352818316637,0
Oswego,2020-04-22T00:00:00.000,0,49,21,1052,1052,49,2020-04-22,0,21,0,0.0310910478206105,0
Oswego,2020-04-23T00:00:00.000,2,51,18,1070,1070,51,2020-04-23,2,18,0.111111111111111,0.0315996874102931,2.2311732440856
Oswego,2020-04-24T00:00:00.000,6,57,298,1368,1368,57,2020-04-24,6,298,0.0201342281879195,0.0321322071252234,6.76615714014921
Oswego,2020-04-25T00:00:00.000,4,61,67,1435,1435,61,2020-04-25,4,67,0.0597014925373134,0.0326558719785115,4.55866894358351
Oswego,2020-04-26T00:00:00.000,0,61,33,1468,1468,61,2020-04-26,0,33,0,0.0331347198857479,0
Oswego,2020-04-27T00:00:00.000,2,63,40,1508,1508,63,2020-04-27,2,40,0.05,0.0335305397972028,2.32245854726173
Oswego,2020-04-28T00:00:00.000,0,63,39,1547,1547,63,2020-04-28,0,39,0,0.0338043455000006,0
Oswego,2020-04-29T00:00:00.000,0,63,45,1592,1592,63,2020-04-29,0,45,0,0.033918315356561,0
Oswego,2020-04-30T00:00:00.000,1,64,36,1628,1628,64,2020-04-30,1,36,0.0277777777777778,0.0338380928587413,1.18277062354091
Oswego,2020-05-01T00:00:00.000,2,66,30,1658,1658,66,2020-05-01,2,30,0.0666666666666667,0.0335352633045143,2.37593391872815
Oswego,2020-05-02T00:00:00.000,0,66,37,1695,1695,66,2020-05-02,0,37,0,0.0329897536985633,0
Oswego,2020-05-03T00:00:00.000,1,67,44,1739,1739,67,2020-05-03,1,44,0.0227272727272727,0.03219186228628,1.19463526353014
Oswego,2020-05-04T00:00:00.000,1,68,40,1779,1779,68,2020-05-04,1,40,0.025,0.0311436258887911,1.19611198290159
Oswego,2020-05-05T00:00:00.000,2,70,41,1820,1820,70,2020-05-05,2,41,0.0487804878048781,0.0298592853218441,2.39624057597877
Oswego,2020-05-06T00:00:00.000,0,70,48,1868,1868,70,2020-05-06,0,48,0,0.0283647105037543,0
Oswego,2020-05-07T00:00:00.000,2,72,54,1922,1922,72,2020-05-07,2,54,0.037037037037037,0.0266957838814649,2.39372648481497
Oswego,2020-05-08T00:00:00.000,3,75,52,1974,1974,75,2020-05-08,3,52,0.0576923076923077,0.0248958899893269,3.59049445711544
Oswego,2020-05-09T00:00:00.000,0,75,59,2033,2033,75,2020-05-09,0,59,0,0.0230127914998243,0
Oswego,2020-05-10T00:00:00.000,0,75,49,2082,2082,75,2020-05-10,0,49,0,0.0210952598761019,0
Oswego,2020-05-11T00:00:00.000,1,76,53,2135,2135,76,2020-05-11,1,53,0.0188679245283019,0.0191898528040559,1.18014705718396
Oswego,2020-05-12T00:00:00.000,0,76,59,2194,2194,76,2020-05-12,0,59,0,0.0173381873401447,0
Oswego,2020-05-13T00:00:00.000,2,78,64,2258,2258,78,2020-05-13,2,64,0.03125,0.0155749579182571,2.34674154663701
Oswego,2020-05-14T00:00:00.000,2,80,110,2368,2368,80,2020-05-14,2,110,0.0181818181818182,0.0139268175926721,2.33185022832611
Oswego,2020-05-15T00:00:00.000,3,83,241,2609,2609,83,2020-05-15,3,241,0.012448132780083,0.0124121074316178,3.47899316767189
Oswego,2020-05-16T00:00:00.000,1,84,81,2690,2690,84,2020-05-16,1,81,0.0123456790123457,0.0110413100355307,1.15234734428717
Oswego,2020-05-17T00:00:00.000,0,84,197,2887,2887,84,2020-05-17,0,197,0,0.00981803442307465,0
Oswego,2020-05-18T00:00:00.000,5,89,95,2982,2982,89,2020-05-18,5,95,0.0526315789473684,0.00874031593812683,5.72015439550191
Oswego,2020-05-19T00:00:00.000,1,90,129,3111,3111,90,2020-05-19,1,129,0.00775193798449612,0.00780202960091908,1.14037196066405
Oswego,2020-05-20T00:00:00.000,2,92,300,3411,3411,92,2020-05-20,2,300,0.00666666666666667,0.0069942558115975,2.27374199152772
Oswego,2020-05-21T00:00:00.000,4,96,215,3626,3626,96,2020-05-21,4,215,0.0186046511627907,0.00630648922225598,4.54109308972834
Oswego,2020-05-22T00:00:00.000,3,99,302,3928,3928,99,2020-05-22,3,302,0.00993377483443709,0.00572763253011212,3.40056037042196
Oswego,2020-05-23T00:00:00.000,1,100,479,4407,4407,100,2020-05-23,1,479,0.00208768267223382,0.00524675921566853,1.13176306334141
Oswego,2020-05-24T00:00:00.000,4,104,131,4538,4538,104,2020-05-24,4,131,0.0305343511450382,0.00485365915702404,4.52058619505204
Oswego,2020-05-25T00:00:00.000,0,104,175,4713,4713,104,2020-05-25,0,175,0,0.00453919854881669,0
Oswego,2020-05-26T00:00:00.000,1,105,337,5050,5050,105,2020-05-26,1,337,0.0029673590504451,0.00429553281671924,1.12983090952295
Oswego,2020-05-27T00:00:00.000,2,107,260,5310,5310,107,2020-05-27,2,260,0.00769230769230769,0.00411621095570136,2.26432692481984
Oswego,2020-05-28T00:00:00.000,1,108,252,5562,5562,108,2020-05-28,1,252,0.00396825396825397,0.00399620493259789,1.13517052052161
Oswego,2020-05-29T00:00:00.000,0,108,317,5879,5879,108,2020-05-29,0,317,0,0.00393189055498895,0
Oswego,2020-05-30T00:00:00.000,1,109,443,6322,6322,109,2020-05-30,1,443,0.00225733634311512,0.00392099819228257,1.15916965498456
Oswego,2020-05-31T00:00:00.000,1,110,138,6460,6460,110,2020-05-31,1,138,0.0072463768115942,0.0039625437174743,1.1704129517281
Oswego,2020-06-01T00:00:00.000,0,110,308,6768,6768,110,2020-06-01,0,308,0,0.00405674242762719,0
Oswego,2020-06-02T00:00:00.000,2,112,409,7177,7177,112,2020-06-02,2,409,0.00488997555012225,0.00420490166862362,2.37794547078548
Oswego,2020-06-03T00:00:00.000,0,112,185,7362,7362,112,2020-06-03,0,185,0,0.00440928141012117,0
Oswego,2020-06-04T00:00:00.000,0,112,609,7971,7971,112,2020-06-04,0,609,0,0.0046729063503149,0
Oswego,2020-06-05T00:00:00.000,2,114,475,8446,8446,114,2020-06-05,2,475,0.00421052631578947,0.0049993087896601,2.42151960206253
Oswego,2020-06-06T00:00:00.000,1,115,272,8718,8718,115,2020-06-06,1,272,0.00367647058823529,0.00539217936115032,1.23178957747384
Oswego,2020-06-07T00:00:00.000,0,115,414,9132,9132,115,2020-06-07,0,414,0,0.00585490430649188,0
Oswego,2020-06-08T00:00:00.000,0,115,149,9281,9281,115,2020-06-08,0,149,0,0.00638997500463962,0
Oswego,2020-06-09T00:00:00.000,0,115,489,9770,9770,115,2020-06-09,0,489,0,0.00699826977714655,0
Oswego,2020-06-10T00:00:00.000,4,119,297,10067,10067,119,2020-06-10,4,297,0.0134680134680135,0.00767823078180392,5.18327855912751
Oswego,2020-06-11T00:00:00.000,1,120,614,10681,10681,120,2020-06-11,1,614,0.00162866449511401,0.00842498967892771,1.30917952701698
Oswego,2020-06-12T00:00:00.000,2,122,246,10927,10927,122,2020-06-12,2,246,0.00813008130081301,0.0092295317691324,2.64056743625105
Oswego,2020-06-13T00:00:00.000,0,122,274,11201,11201,122,2020-06-13,0,274,0,0.0100780232774439,0
Oswego,2020-06-14T00:00:00.000,4,126,199,11400,11400,126,2020-06-14,4,199,0.0201005025125628,0.0109514509810711,5.35640067988023
Oswego,2020-06-15T00:00:00.000,13,139,197,11597,11597,139,2020-06-15,13,197,0.065989847715736,0.0118257262657279,17.6550537816362
Oswego,2020-06-16T00:00:00.000,0,139,117,11714,11714,139,2020-06-16,0,117,0,0.0126723771891256,0
Oswego,2020-06-17T00:00:00.000,5,144,417,12131,12131,144,2020-06-17,5,417,0.0119904076738609,0.0134598873095281,6.93102288725482
Oswego,2020-06-18T00:00:00.000,23,167,771,12902,12902,167,2020-06-18,23,771,0.0298313878080415,0.0141556434417888,31.9850397467936
Oswego,2020-06-19T00:00:00.000,2,169,351,13253,13253,169,2020-06-19,2,351,0.0056980056980057,0.0147283406126499,2.77964488658644
Oswego,2020-06-20T00:00:00.000,4,173,191,13444,13444,173,2020-06-20,4,191,0.0209424083769634,0.0151505856348836,5.53151831612167
Oswego,2020-06-21T00:00:00.000,0,173,258,13702,13702,173,2020-06-21,0,258,0,0.0154013676737231,0
Oswego,2020-06-22T00:00:00.000,6,179,176,13878,13878,179,2020-06-22,6,176,0.0340909090909091,0.0154680480682815,8.16302755848131
Oswego,2020-06-23T00:00:00.000,9,188,191,14069,14069,188,2020-06-23,9,191,0.0471204188481675,0.0153475729171092,12.1098328314327
Oswego,2020-06-24T00:00:00.000,3,191,343,14412,14412,191,2020-06-24,3,343,0.0087463556851312,0.0150467241647767,3.98526784820059
Oswego,2020-06-25T00:00:00.000,1,192,363,14775,14775,192,2020-06-25,1,363,0.00275482093663912,0.0145813760733493,1.30947369711886
Oswego,2020-06-26T00:00:00.000,2,194,401,15176,15176,194,2020-06-26,2,401,0.00498753117206983,0.0139748806995683,2.57803282774538
Oswego,2020-06-27T00:00:00.000,1,195,127,15303,15303,195,2020-06-27,1,127,0.0078740157480315,0.0132558348215249,1.27245682473211
Oswego,2020-06-28T00:00:00.000,1,196,272,15575,15575,196,2020-06-28,1,272,0.00367647058823529,0.0124555552295807,1.25787580532754
Oswego,2020-06-29T00:00:00.000,1,197,145,15720,15720,197,2020-06-29,1,145,0.00689655172413793,0.011605598591148,1.24081923789392
Oswego,2020-06-30T00:00:00.000,4,201,233,15953,15953,201,2020-06-30,4,233,0.0171673819742489,0.0107356113921751,4.89275896804798
Oswego,2020-07-01T00:00:00.000,5,206,218,16171,16171,206,2020-07-01,5,218,0.0229357798165138,0.00987170344773097,6.00473990317361
Oswego,2020-07-02T00:00:00.000,0,206,286,16457,16457,206,2020-07-02,0,286,0,0.00903543022918135,0
Oswego,2020-07-03T00:00:00.000,0,206,200,16657,16657,206,2020-07-03,0,200,0,0.00824336908828398,0
Oswego,2020-07-04T00:00:00.000,0,206,221,16878,16878,206,2020-07-04,0,221,0,0.00750719939928312,0
Oswego,2020-07-05T00:00:00.000,0,206,186,17064,17064,206,2020-07-05,0,186,0,0.00683415440343009,0
Oswego,2020-07-06T00:00:00.000,1,207,308,17372,17372,207,2020-07-06,1,308,0.00324675324675325,0.00622770187421817,1.15431519859565
Oswego,2020-07-07T00:00:00.000,3,210,367,17739,17739,210,2020-07-07,3,367,0.00817438692098093,0.00568832408964829,3.425466021025
Oswego,2020-07-08T00:00:00.000,1,211,358,18097,18097,211,2020-07-08,1,358,0.00279329608938547,0.00521429523541866,1.12971703669758
Oswego,2020-07-09T00:00:00.000,5,216,248,18345,18345,216,2020-07-09,5,248,0.0201612903225806,0.00480238694270495,5.59055484263292
Oswego,2020-07-10T00:00:00.000,3,219,208,18553,18553,219,2020-07-10,3,208,0.0144230769230769,0.0044484632518621,3.32129849338195
Oswego,2020-07-11T00:00:00.000,1,220,139,18692,18692,220,2020-07-11,1,139,0.00719424460431655,0.00414795087498721,1.09676281238798
Oswego,2020-07-12T00:00:00.000,2,222,322,19014,19014,222,2020-07-12,2,322,0.0062111801242236,0.00389618786708831,2.17433078602611
Oswego,2020-07-13T00:00:00.000,3,225,367,19381,19381,225,2020-07-13,3,367,0.00817438692098093,0.00368866407372368,3.23506830088275
Oswego,2020-07-14T00:00:00.000,1,226,349,19730,19730,226,2020-07-14,1,349,0.00286532951289398,0.00352117138445415,1.07036851211759
Oswego,2020-07-15T00:00:00.000,1,227,269,19999,19999,227,2020-07-15,1,269,0.00371747211895911,0.00338988258922303,1.06322147570069
Oswego,2020-07-16T00:00:00.000,0,227,510,20509,20509,227,2020-07-16,0,510,0,0.00329137604351702,0
Oswego,2020-07-17T00:00:00.000,2,229,391,20900,20900,229,2020-07-17,2,391,0.0051150895140665,0.00322262066105645,2.10331428778199
Oswego,2020-07-18T00:00:00.000,0,229,223,21123,21123,229,2020-07-18,0,223,0,0.00318093282582508,0
Oswego,2020-07-19T00:00:00.000,0,229,213,21336,21336,229,2020-07-19,0,213,0,0.00316391420128617,0
Oswego,2020-07-20T00:00:00.000,2,231,398,21734,21734,231,2020-07-20,2,398,0.0050251256281407,0.0031693774184379,2.11726158514351
Oswego,2020-07-21T00:00:00.000,1,232,640,22374,22374,232,2020-07-21,1,640,0.0015625,0.00319526532657758,1.0624288589786
Oswego,2020-07-22T00:00:00.000,2,234,402,22776,22776,234,2020-07-22,2,402,0.00497512437810945,0.0032395688942665,2.13233058384508
Oswego,2020-07-23T00:00:00.000,0,234,402,23178,23178,234,2020-07-23,0,402,0,0.0033002488104052,0
Oswego,2020-07-24T00:00:00.000,2,236,422,23600,23600,236,2020-07-24,2,422,0.004739336492891,0.00337516616203345,2.1403445654781
Oswego,2020-07-25T00:00:00.000,2,238,512,24112,24112,238,2020-07-25,2,512,0.00390625,0.00346202796339461,2.12706939101205
Oswego,2020-07-26T00:00:00.000,1,239,349,24461,24461,239,2020-07-26,1,349,0.00286532951289398,0.00355835351704,1.05579371423201
Oswego,2020-07-27T00:00:00.000,0,239,311,24772,24772,239,2020-07-27,0,311,0,0.00366146717432443,0
Oswego,2020-07-28T00:00:00.000,0,239,254,25026,25026,239,2020-07-28,0,254,0,0.00376852188697326,0
Oswego,2020-07-29T00:00:00.000,1,240,341,25367,25367,240,2020-07-29,1,341,0.00293255131964809,0.00387655573347956,1.07996895533566
Oswego,2020-07-30T00:00:00.000,1,241,253,25620,25620,241,2020-07-30,1,253,0.00395256916996047,0.00398258048559311,1.08836738722238
Oswego,2020-07-31T00:00:00.000,3,244,413,26033,26033,244,2020-07-31,3,413,0.00726392251815981,0.00408369753141211,3.27768150717267
Oswego,2020-08-01T00:00:00.000,2,246,307,26340,26340,246,2020-08-01,2,307,0.00651465798045603,0.00417723259186113,2.19048649277406
Oswego,2020-08-02T00:00:00.000,2,248,199,26539,26539,248,2020-08-02,2,199,0.0100502512562814,0.00426087738159102,2.2020715728594
Oswego,2020-08-03T00:00:00.000,1,249,459,26998,26998,249,2020-08-03,1,459,0.00217864923747277,0.00433282438211477,1.10888635807828
Oswego,2020-08-04T00:00:00.000,1,250,231,27229,27229,250,2020-08-04,1,231,0.00432900432900433,0.00439188071977253,1.12609021445532
Oswego,2020-08-05T00:00:00.000,1,251,372,27601,27601,251,2020-08-05,1,372,0.00268817204301075,0.00443754909506951,1.14261545101437
Oswego,2020-08-06T00:00:00.000,0,251,328,27929,27929,251,2020-08-06,0,328,0,0.00447006751837195,0
Oswego,2020-08-07T00:00:00.000,2,253,492,28421,28421,253,2020-08-07,2,492,0.0040650406504065,0.00449040474446667,2.34064126270703
Oswego,2020-08-08T00:00:00.000,0,253,218,28639,28639,253,2020-08-08,0,218,0,0.00450021387721713,0
Oswego,2020-08-09T00:00:00.000,0,253,236,28875,28875,253,2020-08-09,0,236,0,0.0045017516506891,0
Oswego,2020-08-10T00:00:00.000,2,255,540,29415,29415,255,2020-08-10,2,540,0.0037037037037037,0.00449777463024875,2.37580710325139
Oswego,2020-08-11T00:00:00.000,2,257,193,29608,29608,257,2020-08-11,2,193,0.0103626943005181,0.00449142545314531,2.37149679443364
Oswego,2020-08-12T00:00:00.000,1,258,330,29938,29938,258,2020-08-12,1,330,0.00303030303030303,0.00448612216736271,1.18209424784119
Oswego,2020-08-13T00:00:00.000,6,264,612,30550,30550,264,2020-08-13,6,612,0.00980392156862745,0.00448546201918001,7.06294885356521
Oswego,2020-08-14T00:00:00.000,7,271,350,30900,30900,271,2020-08-14,7,350,0.02,0.00449314811271187,8.2086828316752
Oswego,2020-08-15T00:00:00.000,0,271,259,31159,31159,271,2020-08-15,0,259,0,0.00451294396685776,0
Oswego,2020-08-16T00:00:00.000,1,272,276,31435,31435,272,2020-08-16,1,276,0.0036231884057971,0.00454865754563488,1.17109447995556
Oswego,2020-08-17T00:00:00.000,0,272,317,31752,31752,272,2020-08-17,0,317,0,0.00460415336755825,0
Oswego,2020-08-18T00:00:00.000,2,274,353,32105,32105,274,2020-08-18,2,353,0.0056657223796034,0.00468338891436152,2.33142501863528
Oswego,2020-08-19T00:00:00.000,2,276,368,32473,32473,276,2020-08-19,2,368,0.00543478260869565,0.00479046980357686,2.32392426050597
Oswego,2020-08-20T00:00:00.000,3,279,410,32883,32883,279,2020-08-20,3,410,0.00731707317073171,0.0049297168629012,3.47313506901923
Oswego,2020-08-21T00:00:00.000,2,281,710,33593,33593,281,2020-08-21,2,710,0.0028169014084507,0.00510573714355562,2.30622540997236
Oswego,2020-08-22T00:00:00.000,1,282,186,33779,33779,282,2020-08-22,1,186,0.00537634408602151,0.0053234896454965,1.14830854913849
Oswego,2020-08-23T00:00:00.000,0,282,180,33959,33959,282,2020-08-23,0,180,0,0.00558833501585376,0
Oswego,2020-08-24T00:00:00.000,3,285,354,34313,34313,285,2020-08-24,3,354,0.00847457627118644,0.00590605638382489,3.41890411640273
Oswego,2020-08-25T00:00:00.000,1,286,153,34466,34466,286,2020-08-25,1,153,0.0065359477124183,0.00628283598287389,1.14290138524622
Oswego,2020-08-26T00:00:00.000,1,287,203,34669,34669,287,2020-08-26,1,203,0.00492610837438424,0.00672516940760424,1.14621761463677
Oswego,2020-08-27T00:00:00.000,1,288,290,34959,34959,288,2020-08-27,1,290,0.00344827586206897,0.0072396967986151,1.14951598494059
Oswego,2020-08-28T00:00:00.000,3,291,489,35448,35448,291,2020-08-28,3,489,0.00613496932515337,0.00783292882698443,3.44709071982615
Oswego,2020-08-29T00:00:00.000,4,295,501,35949,35949,295,2020-08-29,4,501,0.00798403193612774,0.00851084631407029,4.64602323706116
Oswego,2020-08-30T00:00:00.000,8,303,215,36164,36164,303,2020-08-30,8,215,0.0372093023255814,0.00927835717287955,9.41366378329805
Oswego,2020-08-31T00:00:00.000,1,304,482,36646,36646,304,2020-08-31,1,482,0.0020746887966805,0.0101386050018715,1.18994996822095
Oswego,2020-09-01T00:00:00.000,3,307,203,36849,36849,307,2020-09-01,3,203,0.0147783251231527,0.0110921413044356,3.61018964778738
Oswego,2020-09-02T00:00:00.000,4,311,351,37200,37200,311,2020-09-02,4,351,0.0113960113960114,0.0121359987810555,4.86761382347195
Oswego,2020-09-03T00:00:00.000,3,314,294,37494,37494,314,2020-09-03,3,294,0.0102040816326531,0.0132627352114602,3.69094908012358
Oswego,2020-09-04T00:00:00.000,11,325,708,38202,38202,325,2020-09-04,11,708,0.0155367231638418,0.0144595526093508,13.6782112650012
Oswego,2020-09-05T00:00:00.000,0,325,416,38618,38618,325,2020-09-05,0,416,0,0.0157076282673658,0
Oswego,2020-09-06T00:00:00.000,4,329,240,38858,38858,329,2020-09-06,4,240,0.0166666666666667,0.0169818142046387,5.07344021641277
Oswego,2020-09-07T00:00:00.000,2,331,280,39138,39138,331,2020-09-07,2,280,0.00714285714285714,0.0182508592943875,2.5595220931827
Oswego,2020-09-08T00:00:00.000,0,331,149,39287,39287,331,2020-09-08,0,149,0,0.0194782759647992,0
Oswego,2020-09-09T00:00:00.000,2,333,135,39422,39422,333,2020-09-09,2,135,0.0148148148148148,0.0206239072422466,2.59941682363963
Oswego,2020-09-10T00:00:00.000,24,357,498,39920,39920,357,2020-09-10,24,498,0.0481927710843374,0.0216461542402528,31.4296019682125
Oswego,2020-09-11T00:00:00.000,5,362,735,40655,40655,362,2020-09-11,5,735,0.00680272108843537,0.0225047127325892,6.59342943453243
Oswego,2020-09-12T00:00:00.000,26,388,508,41163,41163,388,2020-09-12,26,508,0.0511811023622047,0.0231635607226739,34.4771845247811
Oswego,2020-09-13T00:00:00.000,2,390,293,41456,41456,390,2020-09-13,2,293,0.0068259385665529,0.0235938613255676,2.67067439066102
Oswego,2020-09-14T00:00:00.000,12,402,398,41854,41854,402,2020-09-14,12,398,0.0301507537688442,0.0237764179946634,16.1304166995353
Oswego,2020-09-15T00:00:00.000,7,409,226,42080,42080,409,2020-09-15,7,226,0.0309734513274336,0.023703353921032,9.45611452331299
Oswego,2020-09-16T00:00:00.000,3,412,320,42400,42400,412,2020-09-16,3,320,0.009375,0.0233787824055193,4.06629725668062
Oswego,2020-09-17T00:00:00.000,6,418,416,42816,42816,418,2020-09-17,6,416,0.0144230769230769,0.0228183748691426,8.14704384143419
Oswego,2020-09-18T00:00:00.000,6,424,543,43359,43359,424,2020-09-18,6,543,0.0110497237569061,0.0220478905425647,8.14866855873068
Oswego,2020-09-19T00:00:00.000,23,447,477,43836,43836,447,2020-09-19,23,477,0.0482180293501048,0.0211008763929121,31.1950694247624
Oswego,2020-09-20T00:00:00.000,9,456,348,44184,44184,456,2020-09-20,9,348,0.0258620689655172,0.0200158497287261,12.1728311531524
Oswego,2020-09-21T00:00:00.000,8,464,331,44515,44515,464,2020-09-21,8,331,0.0241691842900302,0.0188333212184755,10.7755859033129
Oswego,2020-09-22T00:00:00.000,4,468,287,44802,44802,468,2020-09-22,4,287,0.0139372822299652,0.0175929992050153,5.35889273679445
Oswego,2020-09-23T00:00:00.000,2,470,326,45128,45128,470,2020-09-23,2,326,0.00613496932515337,0.0163314471475203,2.66761357627208
Oswego,2020-09-24T00:00:00.000,9,479,457,45585,45585,479,2020-09-24,9,457,0.0196936542669584,0.0150803640521309,11.951227943419
Oswego,2020-09-25T00:00:00.000,4,483,520,46105,46105,483,2020-09-25,4,520,0.00769230769230769,0.0138655475757371,5.28557834045373
Oswego,2020-09-26T00:00:00.000,10,493,440,46545,46545,493,2020-09-26,10,440,0.0227272727272727,0.0127065017257292,13.1439849442418
Oswego,2020-09-27T00:00:00.000,0,493,297,46842,46842,493,2020-09-27,0,297,0,0.0116165808847092,0
Oswego,2020-09-28T00:00:00.000,6,499,482,47324,47324,499,2020-09-28,6,482,0.012448132780083,0.010603524585318,8.03035253227287
Oswego,2020-09-29T00:00:00.000,4,503,564,47888,47888,503,2020-09-29,4,564,0.00709219858156028,0.009670231222378,5.42153607365522
Oswego,2020-09-30T00:00:00.000,3,506,466,48354,48354,506,2020-09-30,3,466,0.00643776824034335,0.00881563598189943,4.11180922021917
Otsego,2020-04-01T00:00:00.000,2,21,17,194,194,21,2020-04-01,21,194,0.108247422680412,0.0865856216579816,22.6020972639266
Otsego,2020-04-02T00:00:00.000,0,21,12,206,206,21,2020-04-02,0,12,0,0.0847132297121325,0
Otsego,2020-04-03T00:00:00.000,5,26,53,259,259,26,2020-04-03,5,53,0.0943396226415094,0.0828592025632068,5.39246654471111
Otsego,2020-04-04T00:00:00.000,3,29,25,284,284,29,2020-04-04,3,25,0.12,0.0809955346062203,3.26033600956117
Otsego,2020-04-05T00:00:00.000,5,34,41,325,325,34,2020-04-05,5,41,0.121951219512195,0.0790863947311881,5.47474057453023
Otsego,2020-04-06T00:00:00.000,0,34,43,368,368,34,2020-04-06,0,43,0,0.0770918746773554,0
Otsego,2020-04-07T00:00:00.000,4,38,31,399,399,38,2020-04-07,4,31,0.129032258064516,0.0749715368746377,4.42216883342979
Otsego,2020-04-08T00:00:00.000,1,39,42,441,441,39,2020-04-08,1,42,0.0238095238095238,0.0726877880994152,1.10749645742699
Otsego,2020-04-09T00:00:00.000,2,41,40,481,481,41,2020-04-09,2,40,0.05,0.07020903589091,2.21704480521849
Otsego,2020-04-10T00:00:00.000,2,43,34,515,515,43,2020-04-10,2,34,0.0588235294117647,0.0675125166149642,2.2173388818396
Otsego,2020-04-11T00:00:00.000,0,43,15,530,530,43,2020-04-11,0,15,0,0.0645866293710011,0
Otsego,2020-04-12T00:00:00.000,0,43,35,565,565,43,2020-04-12,0,35,0,0.061432582118709,0
Otsego,2020-04-13T00:00:00.000,1,44,90,655,655,44,2020-04-13,1,90,0.0111111111111111,0.0580651641082425,1.10538766761537
Otsego,2020-04-14T00:00:00.000,0,44,14,669,669,44,2020-04-14,0,14,0,0.054512506680392,0
Otsego,2020-04-15T00:00:00.000,0,44,15,684,684,44,2020-04-15,0,15,0,0.0508147809617958,0
Otsego,2020-04-16T00:00:00.000,0,44,9,693,693,44,2020-04-16,0,9,0,0.0470218945524521,0
Otsego,2020-04-17T00:00:00.000,3,47,18,711,711,47,2020-04-17,3,18,0.166666666666667,0.043190373237423,3.31887755555898
Otsego,2020-04-18T00:00:00.000,1,48,18,729,729,48,2020-04-18,1,18,0.0555555555555556,0.0393797234947923,1.10389270194466
Otsego,2020-04-19T00:00:00.000,1,49,10,739,739,49,2020-04-19,1,10,0.1,0.0356486454458879,1.10015458251184
Otsego,2020-04-20T00:00:00.000,0,49,10,749,749,49,2020-04-20,0,10,0,0.032051485124301,0
Otsego,2020-04-21T00:00:00.000,0,49,15,764,764,49,2020-04-21,0,15,0,0.0286352744347151,0
Otsego,2020-04-22T00:00:00.000,1,50,22,786,786,50,2020-04-22,1,22,0.0454545454545455,0.0254376132850249,1.08159414205408
Otsego,2020-04-23T00:00:00.000,0,50,18,804,804,50,2020-04-23,0,18,0,0.0224855210385799,0
Otsego,2020-04-24T00:00:00.000,10,60,249,1053,1053,60,2020-04-24,10,249,0.0401606425702811,0.0197952493003164,10.7436752205171
Otsego,2020-04-25T00:00:00.000,0,60,43,1096,1096,60,2020-04-25,0,43,0,0.0173729310486734,0
Otsego,2020-04-26T00:00:00.000,2,62,38,1134,1134,62,2020-04-26,2,38,0.0526315789473684,0.0152158607692279,2.13025502025022
Otsego,2020-04-27T00:00:00.000,3,65,33,1167,1167,65,2020-04-27,3,33,0.0909090909090909,0.0133141645625378,3.17633695760693
Otsego,2020-04-28T00:00:00.000,1,66,34,1201,1201,66,2020-04-28,1,34,0.0294117647058824,0.0116526253540455,1.05112899806557
Otsego,2020-04-29T00:00:00.000,1,67,45,1246,1246,67,2020-04-29,1,45,0.0222222222222222,0.0102124657991474,1.04341610552875
Otsego,2020-04-30T00:00:00.000,0,67,40,1286,1286,67,2020-04-30,0,40,0,0.00897294596987363,0
Otsego,2020-05-01T00:00:00.000,0,67,88,1374,1374,67,2020-05-01,0,88,0,0.00791269121377199,0
Otsego,2020-05-02T00:00:00.000,0,67,42,1416,1416,67,2020-05-02,0,42,0,0.00701071742141571,0
Otsego,2020-05-03T00:00:00.000,0,67,36,1452,1452,67,2020-05-03,0,36,0,0.00624716072100751,0
Otsego,2020-05-04T00:00:00.000,0,67,87,1539,1539,67,2020-05-04,0,87,0,0.00560374458889273,0
Otsego,2020-05-05T00:00:00.000,0,67,70,1609,1609,67,2020-05-05,0,70,0,0.00506403076446407,0
Otsego,2020-05-06T00:00:00.000,0,67,43,1652,1652,67,2020-05-06,0,43,0,0.00461350388362728,0
Otsego,2020-05-07T00:00:00.000,0,67,44,1696,1696,67,2020-05-07,0,44,0,0.00423953664232038,0
Otsego,2020-05-08T00:00:00.000,0,67,39,1735,1735,67,2020-05-08,0,39,0,0.00393127548657753,0
Otsego,2020-05-09T00:00:00.000,0,67,46,1781,1781,67,2020-05-09,0,46,0,0.00367947853739459,0
Otsego,2020-05-10T00:00:00.000,0,67,40,1821,1821,67,2020-05-10,0,40,0,0.00347632926543358,0
Otsego,2020-05-11T00:00:00.000,0,67,62,1883,1883,67,2020-05-11,0,62,0,0.00331524222605339,0
Otsego,2020-05-12T00:00:00.000,0,67,82,1965,1965,67,2020-05-12,0,82,0,0.00319067130853366,0
Otsego,2020-05-13T00:00:00.000,0,67,45,2010,2010,67,2020-05-13,0,45,0,0.00309792661863362,0
Otsego,2020-05-14T00:00:00.000,0,67,27,2037,2037,67,2020-05-14,0,27,0,0.00303300310187464,0
Otsego,2020-05-15T00:00:00.000,0,67,181,2218,2218,67,2020-05-15,0,181,0,0.00299242224792086,0
Otsego,2020-05-16T00:00:00.000,0,67,50,2268,2268,67,2020-05-16,0,50,0,0.00297308739850083,0
Otsego,2020-05-17T00:00:00.000,0,67,79,2347,2347,67,2020-05-17,0,79,0,0.00297215317924099,0
Otsego,2020-05-18T00:00:00.000,0,67,129,2476,2476,67,2020-05-18,0,129,0,0.00298691011745783,0
Otsego,2020-05-19T00:00:00.000,0,67,124,2600,2600,67,2020-05-19,0,124,0,0.00301468641098154,0
Otsego,2020-05-20T00:00:00.000,0,67,65,2665,2665,67,2020-05-20,0,65,0,0.00305276981807576,0
Otsego,2020-05-21T00:00:00.000,0,67,102,2767,2767,67,2020-05-21,0,102,0,0.00309835344484806,0
Otsego,2020-05-22T00:00:00.000,1,68,90,2857,2857,68,2020-05-22,1,90,0.0111111111111111,0.0031485095535314,1.06768273851941
Otsego,2020-05-23T00:00:00.000,1,69,51,2908,2908,69,2020-05-23,1,51,0.0196078431372549,0.0032001950733493,1.07716949992065
Otsego,2020-05-24T00:00:00.000,0,69,38,2946,2946,69,2020-05-24,0,38,0,0.00325029107314097,0
Otsego,2020-05-25T00:00:00.000,0,69,17,2963,2963,69,2020-05-25,0,17,0,0.00329567599019963,0
Otsego,2020-05-26T00:00:00.000,0,69,243,3206,3206,69,2020-05-26,0,243,0,0.00333332901153687,0
Otsego,2020-05-27T00:00:00.000,1,70,191,3397,3397,70,2020-05-27,1,191,0.00523560209424084,0.00336045612000465,1.10942818653972
Otsego,2020-05-28T00:00:00.000,1,71,128,3525,3525,71,2020-05-28,1,128,0.0078125,0.00337462752017812,1.11614061931009
Otsego,2020-05-29T00:00:00.000,0,71,127,3652,3652,71,2020-05-29,0,127,0,0.00337391227053331,0
Otsego,2020-05-30T00:00:00.000,1,72,184,3836,3836,72,2020-05-30,1,184,0.00543478260869565,0.00335699466151086,1.14130679885993
Otsego,2020-05-31T00:00:00.000,0,72,93,3929,3929,72,2020-05-31,0,93,0,0.00332325775339007,0
Otsego,2020-06-01T00:00:00.000,1,73,189,4118,4118,73,2020-06-01,1,189,0.00529100529100529,0.00327282265653984,1.15549864176917
Otsego,2020-06-02T00:00:00.000,0,73,183,4301,4301,73,2020-06-02,0,183,0,0.00320653723309693,0
Otsego,2020-06-03T00:00:00.000,0,73,112,4413,4413,73,2020-06-03,0,112,0,0.00312591417107214,0
Otsego,2020-06-04T00:00:00.000,0,73,132,4545,4545,73,2020-06-04,0,132,0,0.00303302472556318,0
Otsego,2020-06-05T00:00:00.000,1,74,265,4810,4810,74,2020-06-05,1,265,0.00377358490566038,0.00293035972421294,1.14778115710061
Otsego,2020-06-06T00:00:00.000,0,74,163,4973,4973,74,2020-06-06,0,163,0,0.00282067283739178,0
Otsego,2020-06-07T00:00:00.000,1,75,144,5117,5117,75,2020-06-07,1,144,0.00694444444444444,0.00270682210431811,1.15610039880604
Otsego,2020-06-08T00:00:00.000,0,75,238,5355,5355,75,2020-06-08,0,238,0,0.00259162437630337,0
Otsego,2020-06-09T00:00:00.000,2,77,144,5499,5499,77,2020-06-09,2,144,0.0138888888888889,0.00247773414729204,2.30955771061832
Otsego,2020-06-10T00:00:00.000,1,78,187,5686,5686,78,2020-06-10,1,187,0.0053475935828877,0.00236755397213988,1.15198926117751
Otsego,2020-06-11T00:00:00.000,0,78,148,5834,5834,78,2020-06-11,0,148,0,0.00226317917824148,0
Otsego,2020-06-12T00:00:00.000,2,80,204,6038,6038,80,2020-06-12,2,204,0.00980392156862745,0.00216637558914134,2.28429753782542
Otsego,2020-06-13T00:00:00.000,0,80,54,6092,6092,80,2020-06-13,0,54,0,0.00207858598304836,0
Otsego,2020-06-14T00:00:00.000,0,80,172,6264,6264,80,2020-06-14,0,172,0,0.00200095921433014,0
Otsego,2020-06-15T00:00:00.000,1,81,260,6524,6524,81,2020-06-15,1,260,0.00384615384615385,0.00193439528420475,1.13317616958211
Otsego,2020-06-16T00:00:00.000,1,82,233,6757,6757,82,2020-06-16,1,233,0.00429184549356223,0.0018795999134736,1.13521659696428
Otsego,2020-06-17T00:00:00.000,0,82,165,6922,6922,82,2020-06-17,0,165,0,0.00183714305509133,0
Otsego,2020-06-18T00:00:00.000,0,82,237,7159,7159,82,2020-06-18,0,237,0,0.00180751693791721,0
Otsego,2020-06-19T00:00:00.000,0,82,122,7281,7281,82,2020-06-19,0,122,0,0.00179119042140569,0
Otsego,2020-06-20T00:00:00.000,0,82,163,7444,7444,82,2020-06-20,0,163,0,0.0017886574288334,0
Otsego,2020-06-21T00:00:00.000,1,83,138,7582,7582,83,2020-06-21,1,138,0.0072463768115942,0.00180047793747693,1.10780947996053
Otsego,2020-06-22T00:00:00.000,0,83,193,7775,7775,83,2020-06-22,0,193,0,0.00182731036160368,0
Otsego,2020-06-23T00:00:00.000,0,83,86,7861,7861,83,2020-06-23,0,86,0,0.00186993418189469,0
Otsego,2020-06-24T00:00:00.000,0,83,125,7986,7986,83,2020-06-24,0,125,0,0.00192926140095842,0
Otsego,2020-06-25T00:00:00.000,0,83,128,8114,8114,83,2020-06-25,0,128,0,0.00200633488803993,0
Otsego,2020-06-26T00:00:00.000,1,84,162,8276,8276,84,2020-06-26,1,162,0.00617283950617284,0.00210231104805103,1.06657974986818
Otsego,2020-06-27T00:00:00.000,0,84,141,8417,8417,84,2020-06-27,0,141,0,0.00221842361176693,0
Otsego,2020-06-28T00:00:00.000,0,84,158,8575,8575,84,2020-06-28,0,158,0,0.00235592490788661,0
Otsego,2020-06-29T00:00:00.000,0,84,155,8730,8730,84,2020-06-29,0,155,0,0.00251600095423831,0
Otsego,2020-06-30T00:00:00.000,0,84,150,8880,8880,84,2020-06-30,0,150,0,0.00269965738425254,0
Otsego,2020-07-01T00:00:00.000,0,84,120,9000,9000,84,2020-07-01,0,120,0,0.00290757489995198,0
Otsego,2020-07-02T00:00:00.000,0,84,195,9195,9195,84,2020-07-02,0,195,0,0.00313993589292339,0
Otsego,2020-07-03T00:00:00.000,2,86,112,9307,9307,86,2020-07-03,2,112,0.0178571428571429,0.00339622822685178,2.17272039659048
Otsego,2020-07-04T00:00:00.000,0,86,115,9422,9422,86,2020-07-04,0,115,0,0.00367503785266784,0
Otsego,2020-07-05T00:00:00.000,0,86,99,9521,9521,86,2020-07-05,0,99,0,0.00397384846615426,0
Otsego,2020-07-06T00:00:00.000,0,86,166,9687,9687,86,2020-07-06,0,166,0,0.00428887287749721,0
Otsego,2020-07-07T00:00:00.000,0,86,68,9755,9755,86,2020-07-07,0,68,0,0.00461494577895587,0
Otsego,2020-07-08T00:00:00.000,0,86,136,9891,9891,86,2020-07-08,0,136,0,0.00494550944826088,0
Otsego,2020-07-09T00:00:00.000,2,88,127,10018,10018,88,2020-07-09,2,127,0.015748031496063,0.00527272091124566,2.25721364540478
Otsego,2020-07-10T00:00:00.000,0,88,138,10156,10156,88,2020-07-10,0,138,0,0.00558770000803148,0
Otsego,2020-07-11T00:00:00.000,1,89,139,10295,10295,89,2020-07-11,1,139,0.00719424460431655,0.00588092253554189,1.13572687306734
Otsego,2020-07-12T00:00:00.000,0,89,75,10370,10370,89,2020-07-12,0,75,0,0.00614274249707653,0
Otsego,2020-07-13T00:00:00.000,1,90,175,10545,10545,90,2020-07-13,1,175,0.00571428571428571,0.00636400543889451,1.13880231969984
Otsego,2020-07-14T00:00:00.000,1,91,190,10735,10735,91,2020-07-14,1,190,0.00526315789473684,0.00653669508107325,1.13867669178667
Otsego,2020-07-15T00:00:00.000,1,92,171,10906,10906,92,2020-07-15,1,171,0.00584795321637427,0.0066545424901192,1.13741013777536
Otsego,2020-07-16T00:00:00.000,2,94,275,11181,11181,94,2020-07-16,2,275,0.00727272727272727,0.00671352464921369,2.27001828251915
Otsego,2020-07-17T00:00:00.000,0,94,255,11436,11436,94,2020-07-17,0,255,0,0.00671218920879529,0
Otsego,2020-07-18T00:00:00.000,4,98,90,11526,11526,98,2020-07-18,4,90,0.0444444444444444,0.00665176352853529,4.52801482883559
Otsego,2020-07-19T00:00:00.000,0,98,125,11651,11651,98,2020-07-19,0,125,0,0.00653603522006025,0
Otsego,2020-07-20T00:00:00.000,2,100,206,11857,11857,100,2020-07-20,2,206,0.00970873786407767,0.00637102272570649,2.27037730774755
Otsego,2020-07-21T00:00:00.000,1,101,126,11983,11983,101,2020-07-21,1,126,0.00793650793650794,0.00616448200293673,1.13458967022315
Otsego,2020-07-22T00:00:00.000,1,102,148,12131,12131,102,2020-07-22,1,148,0.00675675675675676,0.00592531406185094,1.13252280454179
Otsego,2020-07-23T00:00:00.000,0,102,112,12243,12243,102,2020-07-23,0,112,0,0.00566294511915925,0
Otsego,2020-07-24T00:00:00.000,1,103,160,12403,12403,103,2020-07-24,1,160,0.00625,0.0053867463790942,1.121390404582
Otsego,2020-07-25T00:00:00.000,0,103,104,12507,12507,103,2020-07-25,0,104,0,0.00510554630982756,0
Otsego,2020-07-26T00:00:00.000,0,103,102,12609,12609,103,2020-07-26,0,102,0,0.00482726863911966,0
Otsego,2020-07-27T00:00:00.000,2,105,171,12780,12780,105,2020-07-27,2,171,0.0116959064327485,0.00455870857719015,2.16869038396843
Otsego,2020-07-28T00:00:00.000,2,107,124,12904,12904,107,2020-07-28,2,124,0.0161290322580645,0.00430544158052633,2.17099643492302
Otsego,2020-07-29T00:00:00.000,0,107,175,13079,13079,107,2020-07-29,0,175,0,0.00407184578978624,0
Otsego,2020-07-30T00:00:00.000,5,112,249,13328,13328,112,2020-07-30,5,249,0.0200803212851406,0.00386121192866029,5.42502110229444
Otsego,2020-07-31T00:00:00.000,0,112,152,13480,13480,112,2020-07-31,0,152,0,0.00367591254785183,0
Otsego,2020-08-01T00:00:00.000,0,112,153,13633,13633,112,2020-08-01,0,153,0,0.00351760480883827,0
Otsego,2020-08-02T00:00:00.000,2,114,135,13768,13768,114,2020-08-02,2,135,0.0148148148148148,0.0033874459237347,2.15213130093197
Otsego,2020-08-03T00:00:00.000,1,115,218,13986,13986,115,2020-08-03,1,218,0.00458715596330275,0.00328630640118872,1.07865047057632
Otsego,2020-08-04T00:00:00.000,0,115,193,14179,14179,115,2020-08-04,0,193,0,0.00321497223326092,0
Otsego,2020-08-05T00:00:00.000,0,115,72,14251,14251,115,2020-08-05,0,72,0,0.00317433229280055,0
Otsego,2020-08-06T00:00:00.000,1,116,189,14440,14440,116,2020-08-06,1,189,0.00529100529100529,0.00316555115350644,1.1188942989852
Otsego,2020-08-07T00:00:00.000,0,116,271,14711,14711,116,2020-08-07,0,271,0,0.00319023017009766,0
Otsego,2020-08-08T00:00:00.000,0,116,141,14852,14852,116,2020-08-08,0,141,0,0.00325056103771776,0
Otsego,2020-08-09T00:00:00.000,0,116,145,14997,14997,116,2020-08-09,0,145,0,0.00334947631904277,0
Otsego,2020-08-10T00:00:00.000,2,118,432,15429,15429,118,2020-08-10,2,432,0.00462962962962963,0.00349080065751771,2.31634856263146
Otsego,2020-08-11T00:00:00.000,0,118,160,15589,15589,118,2020-08-11,0,160,0,0.00367940462434234,0
Otsego,2020-08-12T00:00:00.000,0,118,276,15865,15865,118,2020-08-12,0,276,0,0.00392136028204402,0
Otsego,2020-08-13T00:00:00.000,0,118,157,16022,16022,118,2020-08-13,0,157,0,0.00422409340141682,0
Otsego,2020-08-14T00:00:00.000,0,118,183,16205,16205,118,2020-08-14,0,183,0,0.00459652164552357,0
Otsego,2020-08-15T00:00:00.000,0,118,116,16321,16321,118,2020-08-15,0,116,0,0.005049160671033,0
Otsego,2020-08-16T00:00:00.000,0,118,92,16413,16413,118,2020-08-16,0,92,0,0.00559417099061222,0
Otsego,2020-08-17T00:00:00.000,2,120,203,16616,16616,120,2020-08-17,2,203,0.00985221674876847,0.00624530780684265,2.4099803127026
Otsego,2020-08-18T00:00:00.000,2,122,151,16767,16767,122,2020-08-18,2,151,0.0132450331125828,0.00701772475541569,2.42764435217504
Otsego,2020-08-19T00:00:00.000,1,123,219,16986,16986,123,2020-08-19,1,219,0.0045662100456621,0.00792757226520771,1.22199149814966
Otsego,2020-08-20T00:00:00.000,1,124,162,17148,17148,124,2020-08-20,1,162,0.00617283950617284,0.00899132488814764,1.22942089461121
Otsego,2020-08-21T00:00:00.000,0,124,181,17329,17329,124,2020-08-21,0,181,0,0.0102247734407138,0
Otsego,2020-08-22T00:00:00.000,0,124,277,17606,17606,124,2020-08-22,0,277,0,0.0116416321729075,0
Otsego,2020-08-23T00:00:00.000,0,124,199,17805,17805,124,2020-08-23,0,199,0,0.013251743414475,0
Otsego,2020-08-24T00:00:00.000,0,124,113,17918,17918,124,2020-08-24,0,113,0,0.0150589161533522,0
Otsego,2020-08-25T00:00:00.000,0,124,190,18108,18108,124,2020-08-25,0,190,0,0.0170585108735224,0
Otsego,2020-08-26T00:00:00.000,0,124,283,18391,18391,124,2020-08-26,0,283,0,0.0192349751178854,0
Otsego,2020-08-27T00:00:00.000,1,125,201,18592,18592,125,2020-08-27,1,201,0.00497512437810945,0.0215596292374836,1.28205632570771
Otsego,2020-08-28T00:00:00.000,9,134,272,18864,18864,134,2020-08-28,9,272,0.0330882352941176,0.0239890785533489,11.565992505857
Otsego,2020-08-29T00:00:00.000,9,143,286,19150,19150,143,2020-08-29,9,286,0.0314685314685315,0.0264646609254127,11.7093625842703
Otsego,2020-08-30T00:00:00.000,1,144,103,19253,19253,144,2020-08-30,1,103,0.00970873786407767,0.0289133034188841,1.3183519283513
Otsego,2020-08-31T00:00:00.000,35,179,233,19486,19486,179,2020-08-31,35,233,0.150214592274678,0.0312500437819929,46.6105243683005
Otsego,2020-09-01T00:00:00.000,10,189,240,19726,19726,189,2020-09-01,10,240,0.0416666666666667,0.0333822754447197,13.4356541515637
Otsego,2020-09-02T00:00:00.000,20,209,495,20221,20221,209,2020-09-02,20,495,0.0404040404040404,0.0352155227897376,27.0739723914491
Otsego,2020-09-03T00:00:00.000,26,235,568,20789,20789,235,2020-09-03,26,568,0.0457746478873239,0.0366602894475502,35.4116714408237
Otsego,2020-09-04T00:00:00.000,14,249,353,21142,21142,249,2020-09-04,14,353,0.0396600566572238,0.0376392978107576,19.1563747098969
Otsego,2020-09-05T00:00:00.000,19,268,495,21637,21637,268,2020-09-05,19,495,0.0383838383838384,0.0380943002993456,26.078995645053
Otsego,2020-09-06T00:00:00.000,17,285,512,22149,22149,285,2020-09-06,17,512,0.033203125,0.037991624069099,23.3701690894173
Otsego,2020-09-07T00:00:00.000,3,288,183,22332,22332,288,2020-09-07,3,183,0.0163934426229508,0.0373257209731482,4.12403773578633
Otsego,2020-09-08T00:00:00.000,3,291,164,22496,22496,291,2020-09-08,3,164,0.0182926829268293,0.0361202204757313,4.1173513519429
Otsego,2020-09-09T00:00:00.000,0,291,125,22621,22621,291,2020-09-09,0,125,0,0.0344262933642888,0
Otsego,2020-09-10T00:00:00.000,5,296,207,22828,22828,296,2020-09-10,5,207,0.0241545893719807,0.032318483269305,6.81560897098577
Otsego,2020-09-11T00:00:00.000,16,312,248,23076,23076,312,2020-09-11,16,248,0.0645161290322581,0.0298884975741743,21.7062300738192
Otsego,2020-09-12T00:00:00.000,2,314,337,23413,23413,314,2020-09-12,2,337,0.00593471810089021,0.0272377152046899,2.69541087575255
Otsego,2020-09-13T00:00:00.000,0,314,107,23520,23520,314,2020-09-13,0,107,0,0.0244693188124368,0
Otsego,2020-09-14T00:00:00.000,2,316,143,23663,23663,316,2020-09-14,2,143,0.013986013986014,0.0216809643730969,2.66371375419664
Otsego,2020-09-15T00:00:00.000,2,318,172,23835,23835,318,2020-09-15,2,172,0.0116279069767442,0.0189587614676379,2.64207228325965
Otsego,2020-09-16T00:00:00.000,4,322,491,24326,24326,322,2020-09-16,4,491,0.00814663951120163,0.0163730830900329,5.23201183607831
Otsego,2020-09-17T00:00:00.000,2,324,178,24504,24504,324,2020-09-17,2,178,0.0112359550561798,0.0139764102572912,2.58576999485393
Otsego,2020-09-18T00:00:00.000,1,325,180,24684,24684,325,2020-09-18,1,180,0.00555555555555556,0.011803110521683,1.27584626367087
Otsego,2020-09-19T00:00:00.000,7,332,199,24883,24883,332,2020-09-19,7,199,0.0351758793969849,0.00987080838897143,8.79956863987295
Otsego,2020-09-20T00:00:00.000,0,332,160,25043,25043,332,2020-09-20,0,160,0,0.00818286482525075,0
Otsego,2020-09-21T00:00:00.000,0,332,193,25236,25236,332,2020-09-21,0,193,0,0.00673144884474577,0
Otsego,2020-09-22T00:00:00.000,1,333,209,25445,25445,333,2020-09-22,1,209,0.00478468899521531,0.0055007380170729,1.1926779243204
Otsego,2020-09-23T00:00:00.000,2,335,301,25746,25746,335,2020-09-23,2,301,0.00664451827242525,0.00446989390779807,2.34342022371821
Otsego,2020-09-24T00:00:00.000,0,335,245,25991,25991,335,2020-09-24,0,245,0,0.00361558799598032,0
Otsego,2020-09-25T00:00:00.000,3,338,285,26276,26276,338,2020-09-25,3,285,0.0105263157894737,0.00291397494745358,3.39163147033169
Otsego,2020-09-26T00:00:00.000,0,338,231,26507,26507,338,2020-09-26,0,231,0,0.0023421060561832,0
Otsego,2020-09-27T00:00:00.000,2,340,152,26659,26659,340,2020-09-27,2,152,0.0131578947368421,0.00187883964298059,2.20010093178605
Otsego,2020-09-28T00:00:00.000,0,340,363,27022,27022,340,2020-09-28,0,363,0,0.00150533904907773,0
Otsego,2020-09-29T00:00:00.000,1,341,454,27476,27476,341,2020-09-29,1,454,0.00220264317180617,0.00120525890821825,1.10059290715718
Otsego,2020-09-30T00:00:00.000,1,342,160,27636,27636,342,2020-09-30,1,160,0.00625,0.000964714501167587,1.09856616036098
Putnam,2020-04-01T00:00:00.000,9,216,46,923,923,216,2020-04-01,216,923,0.234019501625135,0.259181507793459,259.417350337073
Putnam,2020-04-02T00:00:00.000,36,252,90,1013,1013,252,2020-04-02,36,90,0.4,0.26336093153277,43.2733240538151
Putnam,2020-04-03T00:00:00.000,31,283,96,1109,1109,283,2020-04-03,31,96,0.322916666666667,0.267547522015995,37.5911115046902
Putnam,2020-04-04T00:00:00.000,31,314,78,1187,1187,314,2020-04-04,31,78,0.397435897435897,0.271682200003562,38.0244385939003
Putnam,2020-04-05T00:00:00.000,31,345,122,1309,1309,345,2020-04-05,31,122,0.254098360655738,0.275681759664068,38.4579260037861
Putnam,2020-04-06T00:00:00.000,21,366,72,1381,1381,366,2020-04-06,21,72,0.291666666666667,0.279443100667816,26.3328714186609
Putnam,2020-04-07T00:00:00.000,37,403,115,1496,1496,403,2020-04-07,37,115,0.321739130434783,0.282847879230063,46.7135317889145
Putnam,2020-04-08T00:00:00.000,35,438,158,1654,1654,438,2020-04-08,35,158,0.221518987341772,0.285767565554595,44.4493626637441
Putnam,2020-04-09T00:00:00.000,49,487,169,1823,1823,487,2020-04-09,49,169,0.289940828402367,0.288068842206566,62.553394536487
Putnam,2020-04-10T00:00:00.000,7,494,18,1841,1841,494,2020-04-10,7,18,0.388888888888889,0.289619230002693,8.97727288282913
Putnam,2020-04-11T00:00:00.000,3,497,12,1853,1853,497,2020-04-11,3,12,0.25,0.290292788617536,3.86265569128051
Putnam,2020-04-12T00:00:00.000,5,502,8,1861,1861,502,2020-04-12,5,8,0.625,0.289975716083689,6.4591576190843
Putnam,2020-04-13T00:00:00.000,56,558,217,2078,2078,558,2020-04-13,56,217,0.258064516129032,0.288571660881996,72.6668683328008
Putnam,2020-04-14T00:00:00.000,13,571,43,2121,2121,571,2020-04-14,13,43,0.302325581395349,0.286006557753512,16.9852759256101
Putnam,2020-04-15T00:00:00.000,2,573,6,2127,2127,573,2020-04-15,2,6,0.333333333333333,0.282232799606013,2.62983066963821
Putnam,2020-04-16T00:00:00.000,5,578,11,2138,2138,578,2020-04-16,5,11,0.454545454545455,0.27723255460642,6.61277574696762
Putnam,2020-04-17T00:00:00.000,4,582,13,2151,2151,582,2020-04-17,4,13,0.307692307692308,0.271020035374744,5.31730302495349
Putnam,2020-04-18T00:00:00.000,10,592,37,2188,2188,592,2020-04-18,10,37,0.27027027027027,0.263642525381806,13.3506110080197
Putnam,2020-04-19T00:00:00.000,7,599,21,2209,2209,599,2020-04-19,7,21,0.333333333333333,0.25517998404864,9.37631327880011
Putnam,2020-04-20T00:00:00.000,6,605,30,2239,2239,605,2020-04-20,6,30,0.2,0.245743092990587,8.05129108524237
Putnam,2020-04-21T00:00:00.000,6,611,31,2270,2270,611,2020-04-21,6,31,0.193548387096774,0.235469687867048,8.05645646208333
Putnam,2020-04-22T00:00:00.000,4,615,19,2289,2289,615,2020-04-22,4,19,0.210526315789474,0.224519641226784,5.379007076973
Putnam,2020-04-23T00:00:00.000,4,619,25,2314,2314,619,2020-04-23,4,25,0.16,0.213068415561547,5.40066100630171
Putnam,2020-04-24T00:00:00.000,266,885,1134,3448,3448,885,2020-04-24,266,1134,0.234567901234568,0.201299667423135,360.381688718554
Putnam,2020-04-25T00:00:00.000,19,904,112,3560,3560,904,2020-04-25,19,112,0.169642857142857,0.189397422749014,25.8150483009216
Putnam,2020-04-26T00:00:00.000,21,925,127,3687,3687,925,2020-04-26,21,127,0.165354330708661,0.177538426174043,28.5970003393302
Putnam,2020-04-27T00:00:00.000,7,932,82,3769,3769,932,2020-04-27,7,82,0.0853658536585366,0.16588526889515,9.53789952464348
Putnam,2020-04-28T00:00:00.000,14,946,150,3919,3919,946,2020-04-28,14,150,0.0933333333333333,0.15458081307111,19.0571184530094
Putnam,2020-04-29T00:00:00.000,24,970,251,4170,4170,970,2020-04-29,24,251,0.0956175298804781,0.143744270515644,32.6223145134785
Putnam,2020-04-30T00:00:00.000,20,990,144,4314,4314,990,2020-04-30,20,144,0.138888888888889,0.133469088373546,27.1348863351853
Putnam,2020-05-01T00:00:00.000,13,1003,115,4429,4429,1003,2020-05-01,13,115,0.11304347826087,0.12382258648038,17.5985760515234
Putnam,2020-05-02T00:00:00.000,10,1013,90,4519,4519,1013,2020-05-02,10,90,0.111111111111111,0.114847114960072,13.503126105229
Putnam,2020-05-03T00:00:00.000,13,1026,114,4633,4633,1026,2020-05-03,13,114,0.114035087719298,0.106562382586958,17.5050947014947
Putnam,2020-05-04T00:00:00.000,5,1031,87,4720,4720,1031,2020-05-04,5,87,0.0574712643678161,0.0989685549785365,6.71358746246579
Putnam,2020-05-05T00:00:00.000,9,1040,96,4816,4816,1040,2020-05-05,9,96,0.09375,0.0920497318541171,12.0680539650691
Putnam,2020-05-06T00:00:00.000,26,1066,317,5133,5133,1066,2020-05-06,26,317,0.082018927444795,0.0857774676844237,34.7917540465981
Putnam,2020-05-07T00:00:00.000,8,1074,121,5254,5254,1074,2020-05-07,8,121,0.0661157024793388,0.0801140809140756,10.6871310270908
Putnam,2020-05-08T00:00:00.000,6,1080,161,5415,5415,1080,2020-05-08,6,161,0.0372670807453416,0.0750155851572455,8.01838012338361
Putnam,2020-05-09T00:00:00.000,9,1089,155,5570,5570,1089,2020-05-09,9,155,0.0580645161290323,0.0704341568700751,12.0293865935655
Putnam,2020-05-10T00:00:00.000,9,1098,122,5692,5692,1098,2020-05-10,9,122,0.0737704918032787,0.0663201203068191,12.0144096823697
Putnam,2020-05-11T00:00:00.000,0,1098,42,5734,5734,1098,2020-05-11,0,42,0,0.0626234789639214,0
Putnam,2020-05-12T00:00:00.000,10,1108,138,5872,5872,1108,2020-05-12,10,138,0.072463768115942,0.0592950527077403,13.2765430912562
Putnam,2020-05-13T00:00:00.000,7,1115,151,6023,6023,1115,2020-05-13,7,151,0.0463576158940397,0.0562872957445267,9.33967269224966
Putnam,2020-05-14T00:00:00.000,6,1121,149,6172,6172,1121,2020-05-14,6,149,0.0402684563758389,0.0535548737940584,8.00417580192595
Putnam,2020-05-15T00:00:00.000,6,1127,153,6325,6325,1127,2020-05-15,6,153,0.0392156862745098,0.0510550746371325,8.01498862735102
Putnam,2020-05-16T00:00:00.000,9,1136,131,6456,6456,1136,2020-05-16,9,131,0.0687022900763359,0.0487481155896991,12.0314961785166
Putnam,2020-05-17T00:00:00.000,5,1141,116,6572,6572,1141,2020-05-17,5,116,0.0431034482758621,0.0465973980549543,6.69760410853029
Putnam,2020-05-18T00:00:00.000,18,1159,125,6697,6697,1159,2020-05-18,18,125,0.144,0.0445697434556059,24.236033953899
Putnam,2020-05-19T00:00:00.000,9,1168,155,6852,6852,1168,2020-05-19,9,155,0.0580645161290323,0.0426356285790634,12.1631355719612
Putnam,2020-05-20T00:00:00.000,7,1175,165,7017,7017,1175,2020-05-20,7,165,0.0424242424242424,0.0407694225215658,9.49223609254076
Putnam,2020-05-21T00:00:00.000,12,1187,156,7173,7173,1187,2020-05-21,12,156,0.0769230769230769,0.038949612809813,16.3438063605421
Putnam,2020-05-22T00:00:00.000,13,1200,236,7409,7409,1200,2020-05-22,13,236,0.0550847457627119,0.0371589968024893,17.7656650709126
Putnam,2020-05-23T00:00:00.000,8,1208,161,7570,7570,1208,2020-05-23,8,161,0.0496894409937888,0.0353848066640187,10.9581709771735
Putnam,2020-05-24T00:00:00.000,6,1214,185,7755,7755,1214,2020-05-24,6,185,0.0324324324324324,0.0336187335656516,8.22881352741949
Putnam,2020-05-25T00:00:00.000,8,1222,184,7939,7939,1222,2020-05-25,8,184,0.0434782608695652,0.0318568200455847,10.9731241975465
Putnam,2020-05-26T00:00:00.000,5,1227,125,8064,8064,1227,2020-05-26,5,125,0.04,0.0300991982179004,6.86336735582589
Putnam,2020-05-27T00:00:00.000,9,1236,425,8489,8489,1236,2020-05-27,9,425,0.0211764705882353,0.0283496655797437,12.3582414523129
Putnam,2020-05-28T00:00:00.000,5,1241,194,8683,8683,1241,2020-05-28,5,194,0.0257731958762887,0.0266151071047344,6.86086944610452
Putnam,2020-05-29T00:00:00.000,7,1248,312,8995,8995,1248,2020-05-29,7,312,0.0224358974358974,0.0249047903238757,9.65961257709615
Putnam,2020-05-30T00:00:00.000,4,1252,264,9259,9259,1252,2020-05-30,4,264,0.0151515151515152,0.0232295758027479,5.53951137610807
Putnam,2020-05-31T00:00:00.000,5,1257,247,9506,9506,1257,2020-05-31,5,247,0.0202429149797571,0.0216010965609338,6.93360818959344
Putnam,2020-06-01T00:00:00.000,5,1262,248,9754,9754,1262,2020-06-01,5,248,0.0201612903225806,0.0200309645311679,6.92496180803482
Putnam,2020-06-02T00:00:00.000,2,1264,286,10040,10040,1264,2020-06-02,2,286,0.00699300699300699,0.0185300591635708,2.75812527222313
Putnam,2020-06-03T00:00:00.000,4,1268,311,10351,10351,1268,2020-06-03,4,311,0.0128617363344051,0.0171079435911416,5.47994622693334
Putnam,2020-06-04T00:00:00.000,2,1270,313,10664,10664,1270,2020-06-04,2,313,0.00638977635782748,0.0157724388862267,2.71604677564623
Putnam,2020-06-05T00:00:00.000,4,1274,306,10970,10970,1274,2020-06-05,4,306,0.0130718954248366,0.0145293694349397,5.38829872808391
Putnam,2020-06-06T00:00:00.000,3,1277,203,11173,11173,1277,2020-06-06,3,203,0.0147783251231527,0.0133824752882729,4.04701665638546
Putnam,2020-06-07T00:00:00.000,2,1279,252,11425,11425,1279,2020-06-07,2,252,0.00793650793650794,0.0123334726265498,2.690841472779
Putnam,2020-06-08T00:00:00.000,1,1280,228,11653,11653,1280,2020-06-08,1,228,0.0043859649122807,0.0113822331824836,1.3405748549894
Putnam,2020-06-09T00:00:00.000,2,1282,296,11949,11949,1282,2020-06-09,2,296,0.00675675675675676,0.0105270481077693,2.66903340223274
Putnam,2020-06-10T00:00:00.000,0,1282,319,12268,12268,1282,2020-06-10,0,319,0,0.00976494116547213,0
Putnam,2020-06-11T00:00:00.000,0,1282,253,12521,12521,1282,2020-06-11,0,253,0,0.009091999376083,0
Putnam,2020-06-12T00:00:00.000,3,1285,329,12850,12850,1285,2020-06-12,3,329,0.00911854103343465,0.00850369503214891,3.92854129889501
Putnam,2020-06-13T00:00:00.000,3,1288,209,13059,13059,1288,2020-06-13,3,209,0.0143540669856459,0.00799517993689985,3.89811897135991
Putnam,2020-06-14T00:00:00.000,3,1291,214,13273,13273,1291,2020-06-14,3,214,0.014018691588785,0.00756153967473923,3.8712228901463
Putnam,2020-06-15T00:00:00.000,1,1292,193,13466,13466,1292,2020-06-15,1,193,0.00518134715025907,0.00719800185034559,1.29230226574145
Putnam,2020-06-16T00:00:00.000,2,1294,324,13790,13790,1294,2020-06-16,2,324,0.00617283950617284,0.00690009698108224,2.5857569784132
Putnam,2020-06-17T00:00:00.000,1,1295,185,13975,13975,1295,2020-06-17,1,185,0.00540540540540541,0.00666377403262828,1.29209728048991
Putnam,2020-06-18T00:00:00.000,4,1299,432,14407,14407,1299,2020-06-18,4,432,0.00925925925925926,0.00648547438875073,5.14493939594163
Putnam,2020-06-19T00:00:00.000,2,1301,248,14655,14655,1301,2020-06-19,2,248,0.00806451612903226,0.0063621687192095,2.55584464750707
Putnam,2020-06-20T00:00:00.000,0,1301,241,14896,14896,1301,2020-06-20,0,241,0,0.00629136087396652,0
Putnam,2020-06-21T00:00:00.000,4,1305,253,15149,15149,1305,2020-06-21,4,253,0.0158102766798419,0.00627106206437541,5.02019281823937
Putnam,2020-06-22T00:00:00.000,0,1305,194,15343,15343,1305,2020-06-22,0,194,0,0.00629973737434775,0
Putnam,2020-06-23T00:00:00.000,1,1306,226,15569,15569,1306,2020-06-23,1,226,0.00442477876106195,0.00637622540025852,1.23238962681127
Putnam,2020-06-24T00:00:00.000,5,1311,343,15912,15912,1311,2020-06-24,5,343,0.0145772594752187,0.00649963083612781,6.10732368747326
Putnam,2020-06-25T00:00:00.000,6,1317,216,16128,16128,1317,2020-06-25,6,216,0.0277777777777778,0.00666918926652255,7.26566689073805
Putnam,2020-06-26T00:00:00.000,2,1319,376,16504,16504,1319,2020-06-26,2,376,0.00531914893617021,0.00688410366986104,2.40180847246592
Putnam,2020-06-27T00:00:00.000,4,1323,199,16703,16703,1323,2020-06-27,4,199,0.0201005025125628,0.00714335325829808,4.78467618451104
Putnam,2020-06-28T00:00:00.000,2,1325,213,16916,16916,1325,2020-06-28,2,213,0.00938967136150235,0.00744547758879538,2.38957522184955
Putnam,2020-06-29T00:00:00.000,1,1326,174,17090,17090,1326,2020-06-29,1,174,0.00574712643678161,0.00778834236644206,1.19230198542421
Putnam,2020-06-30T00:00:00.000,3,1329,271,17361,17361,1329,2020-06-30,3,271,0.011070110701107,0.00816889797129392,3.57066210093518
Putnam,2020-07-01T00:00:00.000,3,1332,373,17734,17734,1332,2020-07-01,3,373,0.00804289544235925,0.00858294710089116,3.55279283651581
Putnam,2020-07-02T00:00:00.000,1,1333,308,18042,18042,1333,2020-07-02,1,308,0.00324675324675325,0.00902494340586497,1.19293270101141
Putnam,2020-07-03T00:00:00.000,2,1335,219,18261,18261,1335,2020-07-03,2,219,0.0091324200913242,0.00948784754275172,2.40780285121238
Putnam,2020-07-04T00:00:00.000,1,1336,231,18492,18492,1336,2020-07-04,1,231,0.00432900432900433,0.00996306948844899,1.2138266793203
Putnam,2020-07-05T00:00:00.000,1,1337,217,18709,18709,1337,2020-07-05,1,217,0.00460829493087558,0.0104405249152303,1.21759074266251
Putnam,2020-07-06T00:00:00.000,3,1340,214,18923,18923,1340,2020-07-06,3,214,0.014018691588785,0.0109088277542499,3.66261015907357
Putnam,2020-07-07T00:00:00.000,4,1344,256,19179,19179,1344,2020-07-07,4,256,0.015625,0.0113556303426126,4.89419300452734
Putnam,2020-07-08T00:00:00.000,4,1348,422,19601,19601,1348,2020-07-08,4,422,0.00947867298578199,0.0117681071193742,4.90208422793479
Putnam,2020-07-09T00:00:00.000,7,1355,357,19958,19958,1355,2020-07-09,7,357,0.0196078431372549,0.0121335592576799,8.5868930637243
Putnam,2020-07-10T00:00:00.000,6,1361,438,20396,20396,1361,2020-07-10,6,438,0.0136986301369863,0.0124400985280331,7.36205886161785
Putnam,2020-07-11T00:00:00.000,0,1361,323,20719,20719,1361,2020-07-11,0,323,0,0.01267735247876,0
Putnam,2020-07-12T00:00:00.000,4,1365,293,21012,21012,1365,2020-07-12,4,293,0.0136518771331058,0.0128371230387908,4.89934916944997
Putnam,2020-07-13T00:00:00.000,11,1376,291,21303,21303,1376,2020-07-13,11,291,0.0378006872852234,0.0129139295999766,13.4454027406379
Putnam,2020-07-14T00:00:00.000,6,1382,236,21539,21539,1382,2020-07-14,6,236,0.0254237288135593,0.0129053767024592,7.31295544124035
Putnam,2020-07-15T00:00:00.000,3,1385,398,21937,21937,1385,2020-07-15,3,398,0.00753768844221105,0.0128123048207594,3.64325236541523
Putnam,2020-07-16T00:00:00.000,1,1386,539,22476,22476,1386,2020-07-16,1,539,0.00185528756957328,0.0126387077870323,1.20913437424663
Putnam,2020-07-17T00:00:00.000,4,1390,424,22900,22900,1390,2020-07-17,4,424,0.00943396226415094,0.0123914279532478,4.81310553700383
Putnam,2020-07-18T00:00:00.000,1,1391,286,23186,23186,1391,2020-07-18,1,286,0.0034965034965035,0.0120796656987512,1.20159928301535
Putnam,2020-07-19T00:00:00.000,1,1392,218,23404,23404,1392,2020-07-19,1,218,0.00458715596330275,0.011714359198477,1.20248399686044
Putnam,2020-07-20T00:00:00.000,1,1393,279,23683,23683,1393,2020-07-20,1,279,0.003584229390681,0.0113075006933141,1.20221955720629
Putnam,2020-07-21T00:00:00.000,1,1394,296,23979,23979,1394,2020-07-21,1,296,0.00337837837837838,0.0108714560182295,1.20082006933149
Putnam,2020-07-22T00:00:00.000,3,1397,320,24299,24299,1397,2020-07-22,3,320,0.009375,0.0104183457807079,3.59481834885025
Putnam,2020-07-23T00:00:00.000,2,1399,385,24684,24684,1399,2020-07-23,2,385,0.00519480519480519,0.00995953183858088,2.38874906869061
Putnam,2020-07-24T00:00:00.000,4,1403,299,24983,24983,1403,2020-07-24,4,299,0.0133779264214047,0.00950523479217587,4.74766928445123
Putnam,2020-07-25T00:00:00.000,1,1404,230,25213,25213,1404,2020-07-25,1,230,0.00434782608695652,0.00906429031998994,1.1709867634722
Putnam,2020-07-26T00:00:00.000,4,1408,256,25469,25469,1408,2020-07-26,4,256,0.015625,0.0086440368271874,4.61514993748894
Putnam,2020-07-27T00:00:00.000,4,1412,282,25751,25751,1412,2020-07-27,4,282,0.0141843971631206,0.00825031580102156,4.60246424928406
Putnam,2020-07-28T00:00:00.000,4,1416,295,26046,26046,1416,2020-07-28,4,295,0.0135593220338983,0.00788755978438998,4.61298032486575
Putnam,2020-07-29T00:00:00.000,2,1418,422,26468,26468,1418,2020-07-29,2,422,0.004739336492891,0.0075589408436303,2.30910009200774
Putnam,2020-07-30T00:00:00.000,3,1421,286,26754,26754,1421,2020-07-30,3,286,0.0104895104895105,0.00726655376753697,3.46747363384569
Putnam,2020-07-31T00:00:00.000,4,1425,309,27063,27063,1425,2020-07-31,4,309,0.0129449838187702,0.00701161185300227,4.61298367127764
Putnam,2020-08-01T00:00:00.000,3,1428,213,27276,27276,1428,2020-08-01,3,213,0.0140845070422535,0.00679463789946587,3.44952744427012
Putnam,2020-08-02T00:00:00.000,5,1433,222,27498,27498,1433,2020-08-02,5,222,0.0225225225225225,0.00661563797353228,5.75279248873689
Putnam,2020-08-03T00:00:00.000,4,1437,245,27743,27743,1437,2020-08-03,4,245,0.0163265306122449,0.0064742499858762,4.61730825959487
Putnam,2020-08-04T00:00:00.000,2,1439,292,28035,28035,1439,2020-08-04,2,292,0.00684931506849315,0.00636986283614472,2.33749739000008
Putnam,2020-08-05T00:00:00.000,5,1444,337,28372,28372,1444,2020-08-05,5,337,0.0148367952522255,0.00630170463686866,5.91700020237679
Putnam,2020-08-06T00:00:00.000,2,1446,288,28660,28660,1446,2020-08-06,2,288,0.00694444444444444,0.0062689004772325,2.39603556780897
Putnam,2020-08-07T00:00:00.000,1,1447,320,28980,28980,1447,2020-08-07,1,320,0.003125,0.00627050144017065,1.21005898170509
Putnam,2020-08-08T00:00:00.000,2,1449,276,29256,29256,1449,2020-08-08,2,276,0.0072463768115942,0.00630548737380587,2.44179568310987
Putnam,2020-08-09T00:00:00.000,0,1449,256,29512,29512,1449,2020-08-09,0,256,0,0.00637274648112411,0
Putnam,2020-08-10T00:00:00.000,0,1449,310,29822,29822,1449,2020-08-10,0,310,0,0.00647103527079731,0
Putnam,2020-08-11T00:00:00.000,1,1450,267,30089,30089,1450,2020-08-11,1,267,0.00374531835205993,0.00659892299889463,1.23225739403621
Putnam,2020-08-12T00:00:00.000,5,1455,360,30449,30449,1455,2020-08-12,5,360,0.0138888888888889,0.00675472548035155,6.15737733993435
Putnam,2020-08-13T00:00:00.000,2,1457,365,30814,30814,1457,2020-08-13,2,365,0.00547945205479452,0.00693643404272004,2.45922188106314
Putnam,2020-08-14T00:00:00.000,2,1459,498,31312,31312,1459,2020-08-14,2,498,0.00401606425702811,0.00714164643081511,2.45657593059583
Putnam,2020-08-15T00:00:00.000,2,1461,454,31766,31766,1461,2020-08-15,2,454,0.00440528634361234,0.00736750738202069,2.4626436413294
Putnam,2020-08-16T00:00:00.000,2,1463,266,32032,32032,1463,2020-08-16,2,266,0.0075187969924812,0.00761066727436606,2.46590237560059
Putnam,2020-08-17T00:00:00.000,0,1463,318,32350,32350,1463,2020-08-17,0,318,0,0.00786726732566569,0
Putnam,2020-08-18T00:00:00.000,3,1466,346,32696,32696,1466,2020-08-18,3,346,0.00867052023121387,0.00813295910135139,3.69557098026799
Putnam,2020-08-19T00:00:00.000,2,1468,354,33050,33050,1468,2020-08-19,2,354,0.00564971751412429,0.00840296431917203,2.45825771606833
Putnam,2020-08-20T00:00:00.000,2,1470,411,33461,33461,1470,2020-08-20,2,411,0.0048661800486618,0.00867217807561475,2.44997151625956
Putnam,2020-08-21T00:00:00.000,3,1473,401,33862,33862,1473,2020-08-21,3,401,0.00748129675810474,0.00893531471666716,3.65845866103201
Putnam,2020-08-22T00:00:00.000,0,1473,361,34223,34223,1473,2020-08-22,0,361,0,0.00918709106860178,0
Putnam,2020-08-23T00:00:00.000,2,1475,294,34517,34517,1475,2020-08-23,2,294,0.00680272108843537,0.00942243700539325,2.4095051605194
Putnam,2020-08-24T00:00:00.000,5,1480,233,34750,34750,1480,2020-08-24,5,233,0.0214592274678112,0.00963671922596492,5.98409986270692
Putnam,2020-08-25T00:00:00.000,2,1482,336,35086,35086,1482,2020-08-25,2,336,0.00595238095238095,0.0098259611833433,2.39034554751253
Putnam,2020-08-26T00:00:00.000,5,1487,403,35489,35489,1487,2020-08-26,5,403,0.0124069478908189,0.00998704104260822,5.96225358206008
Putnam,2020-08-27T00:00:00.000,5,1492,381,35870,35870,1492,2020-08-27,5,381,0.0131233595800525,0.0101178506551252,5.94322001408269
Putnam,2020-08-28T00:00:00.000,2,1494,426,36296,36296,1494,2020-08-28,2,426,0.00469483568075117,0.0102174017968458,2.35995153044037
Putnam,2020-08-29T00:00:00.000,6,1500,396,36692,36692,1500,2020-08-29,6,396,0.0151515151515152,0.0102858709474412,7.10230745810952
Putnam,2020-08-30T00:00:00.000,1,1501,230,36922,36922,1501,2020-08-30,1,230,0.00434782608695652,0.0103245800463912,1.18934767236708
Putnam,2020-08-31T00:00:00.000,4,1505,376,37298,37298,1505,2020-08-31,4,376,0.0106382978723404,0.0103359169209129,4.76898299357003
Putnam,2020-09-01T00:00:00.000,5,1510,420,37718,37718,1510,2020-09-01,5,420,0.0119047619047619,0.0103232047439898,5.97391007499457
Putnam,2020-09-02T00:00:00.000,8,1518,400,38118,38118,1518,2020-09-02,8,400,0.02,0.0102905340125122,9.57596059475372
Putnam,2020-09-03T00:00:00.000,5,1523,337,38455,38455,1523,2020-09-03,5,337,0.0148367952522255,0.0102425728025823,5.99465783613495
Putnam,2020-09-04T00:00:00.000,5,1528,360,38815,38815,1528,2020-09-04,5,360,0.0138888888888889,0.0101843713178599,6.00322420447742
Putnam,2020-09-05T00:00:00.000,3,1531,314,39129,39129,1531,2020-09-05,3,314,0.00955414012738853,0.0101211751813058,3.60658032933406
Putnam,2020-09-06T00:00:00.000,3,1534,240,39369,39369,1534,2020-09-06,3,240,0.0125,0.0100582589738597,3.61091847568969
Putnam,2020-09-07T00:00:00.000,5,1539,143,39512,39512,1539,2020-09-07,5,143,0.034965034965035,0.0100007878538836,6.02523487344502
Putnam,2020-09-08T00:00:00.000,2,1541,346,39858,39858,1541,2020-09-08,2,346,0.00578034682080925,0.0099537111565636,2.41296006301645
Putnam,2020-09-09T00:00:00.000,0,1541,312,40170,40170,1541,2020-09-09,0,312,0,0.0099216882480317,0
Putnam,2020-09-10T00:00:00.000,9,1550,377,40547,40547,1550,2020-09-10,9,377,0.0238726790450928,0.00990904396569359,10.9002196488657
Putnam,2020-09-11T00:00:00.000,4,1554,370,40917,40917,1554,2020-09-11,4,370,0.0108108108108108,0.00991974877862812,4.85986348025164
Putnam,2020-09-12T00:00:00.000,3,1557,348,41265,41265,1557,2020-09-12,3,348,0.00862068965517241,0.00995741751964906,3.65606442273722
Putnam,2020-09-13T00:00:00.000,4,1561,205,41470,41470,1561,2020-09-13,4,205,0.0195121951219512,0.0100253200257678,4.9032141296674
Putnam,2020-09-14T00:00:00.000,3,1564,334,41804,41804,1564,2020-09-14,3,334,0.00898203592814371,0.0101263971463717,3.70268228514391
Putnam,2020-09-15T00:00:00.000,1,1565,270,42074,42074,1565,2020-09-15,1,270,0.0037037037037037,0.0102632762053114,1.24240246639827
Putnam,2020-09-16T00:00:00.000,2,1567,364,42438,42438,1567,2020-09-16,2,364,0.00549450549450549,0.010438281046761,2.50085535789309
Putnam,2020-09-17T00:00:00.000,2,1569,347,42785,42785,1569,2020-09-17,2,347,0.00576368876080692,0.01065343302177,2.51651362186931
Putnam,2020-09-18T00:00:00.000,4,1573,391,43176,43176,1573,2020-09-18,4,391,0.010230179028133,0.0109104408188742,5.06340795833733
Putnam,2020-09-19T00:00:00.000,1,1574,431,43607,43607,1574,2020-09-19,1,431,0.00232018561484919,0.0112106787465421,1.27318426282039
Putnam,2020-09-20T00:00:00.000,3,1577,343,43950,43950,1577,2020-09-20,3,343,0.0087463556851312,0.0115551549622388,3.84070116849782
Putnam,2020-09-21T00:00:00.000,6,1583,357,44307,44307,1583,2020-09-21,6,357,0.0168067226890756,0.0119444732845241,7.72193543082212
Putnam,2020-09-22T00:00:00.000,4,1587,294,44601,44601,1587,2020-09-22,4,294,0.0136054421768707,0.0123787945161953,5.17379136202472
Putnam,2020-09-23T00:00:00.000,2,1589,346,44947,44947,1589,2020-09-23,2,346,0.00578034682080925,0.0128578055135489,2.60457661684045
Putnam,2020-09-24T00:00:00.000,5,1594,401,45348,45348,1594,2020-09-24,5,401,0.0124688279301746,0.0133807066212339,6.56064814788014
Putnam,2020-09-25T00:00:00.000,3,1597,396,45744,45744,1597,2020-09-25,3,396,0.00757575757575758,0.013946230032697,3.96648446255591
Putnam,2020-09-26T00:00:00.000,2,1599,323,46067,46067,1599,2020-09-26,2,323,0.00619195046439629,0.0145527031801854,2.6647030302588
Putnam,2020-09-27T00:00:00.000,5,1604,223,46290,46290,1604,2020-09-27,5,223,0.0224215246636771,0.0151981719258918,6.7791115057703
Putnam,2020-09-28T00:00:00.000,8,1612,397,46687,46687,1612,2020-09-28,8,397,0.0201511335012594,0.0158805981318383,11.148463302932
Putnam,2020-09-29T00:00:00.000,5,1617,292,46979,46979,1617,2020-09-29,5,292,0.0171232876712329,0.0165981449697516,7.15310556398162
Putnam,2020-09-30T00:00:00.000,12,1629,422,47401,47401,1629,2020-09-30,12,422,0.028436018957346,0.0173495616316792,17.5993420923735
Queens,2020-04-01T00:00:00.000,1366,16268,2157,28952,28952,16268,2020-04-01,16268,28952,0.561895551257253,0.589132165799951,21209.9822017973
Queens,2020-04-02T00:00:00.000,1899,18167,3048,32000,32000,18167,2020-04-02,1899,3048,0.623031496062992,0.576428420009722,2468.6647990856
Queens,2020-04-03T00:00:00.000,1947,20114,3407,35407,35407,20114,2020-04-03,1947,3407,0.571470501907837,0.563614382785455,2543.592515253
Queens,2020-04-04T00:00:00.000,1322,21436,2255,37662,37662,21436,2020-04-04,1322,2255,0.586252771618625,0.550692730063215,1740.2730222461
Queens,2020-04-05T00:00:00.000,1697,23133,2730,40392,40392,23133,2020-04-05,1697,2730,0.621611721611722,0.537661088222465,2250.69199046848
Queens,2020-04-06T00:00:00.000,1707,24840,2864,43256,43256,24840,2020-04-06,1707,2864,0.596019553072626,0.52451309642428,2279.60047811188
Queens,2020-04-07T00:00:00.000,1408,26248,2884,46140,46140,26248,2020-04-07,1408,2884,0.488210818307906,0.51123956581094,1886.03951385756
Queens,2020-04-08T00:00:00.000,1504,27752,2831,48971,48971,27752,2020-04-08,1504,2831,0.531261038502296,0.497829703820751,2019.07344623896
Queens,2020-04-09T00:00:00.000,1551,29303,2941,51912,51912,29303,2020-04-09,1551,2941,0.527371642298538,0.484272370433537,2085.57561547552
Queens,2020-04-10T00:00:00.000,1988,31291,3803,55715,55715,31291,2020-04-10,1988,3803,0.522745201156981,0.470557332426249,2676.33998005775
Queens,2020-04-11T00:00:00.000,1544,32835,3219,58934,58934,32835,2020-04-11,1544,3219,0.479652065858962,0.456676480772193,2080.12425909058
Queens,2020-04-12T00:00:00.000,1150,33985,2481,61415,61415,33985,2020-04-12,1150,2481,0.463522773075373,0.442624975695169,1549.78390809402
Queens,2020-04-13T00:00:00.000,1068,35053,2430,63845,63845,35053,2020-04-13,1068,2430,0.439506172839506,0.428402283354411,1441.71520788222
Queens,2020-04-14T00:00:00.000,1712,36765,3674,67519,67519,36765,2020-04-14,1712,3674,0.465977136635819,0.414013068033638,2321.11586624798
Queens,2020-04-15T00:00:00.000,1153,37918,3144,70663,70663,37918,2020-04-15,1153,3144,0.366730279898219,0.399467904752793,1569.69233773437
Queens,2020-04-16T00:00:00.000,1173,39091,3056,73719,73719,39091,2020-04-16,1173,3056,0.383835078534031,0.384783779388192,1603.05733571236
Queens,2020-04-17T00:00:00.000,1125,40216,3347,77066,77066,40216,2020-04-17,1125,3347,0.336121900209143,0.36998434795106,1542.77338237473
Queens,2020-04-18T00:00:00.000,1021,41237,3338,80404,80404,41237,2020-04-18,1021,3338,0.305871779508688,0.355099933149607,1404.30162063532
Queens,2020-04-19T00:00:00.000,786,42023,2428,82832,82832,42023,2020-04-19,786,2428,0.323723228995058,0.340167245882852,1083.53065866129
Queens,2020-04-20T00:00:00.000,799,42822,2498,85330,85330,42822,2020-04-20,799,2498,0.319855884707766,0.325228830850284,1102.63514029293
Queens,2020-04-21T00:00:00.000,891,43713,3058,88388,88388,43713,2020-04-21,891,3058,0.29136690647482,0.31033224932124,1229.87141668051
Queens,2020-04-22T00:00:00.000,1191,44904,4142,92530,92530,44904,2020-04-22,1191,4142,0.287542250120715,0.295529026754562,1646.22224619503
Queens,2020-04-23T00:00:00.000,1483,46387,5468,97998,97998,46387,2020-04-23,1483,5468,0.27121433796635,0.280873407633023,2058.38795721451
Queens,2020-04-24T00:00:00.000,1474,47861,5296,103294,103294,47861,2020-04-24,1474,5296,0.278323262839879,0.266420972794429,2053.76665396698
Queens,2020-04-25T00:00:00.000,884,48745,3676,106970,106970,48745,2020-04-25,884,3676,0.240478781284004,0.252227184478032,1235.98553667486
Queens,2020-04-26T00:00:00.000,654,49399,2829,109799,109799,49399,2020-04-26,654,2829,0.231177094379639,0.238345929864787,917.213570311513
Queens,2020-04-27T00:00:00.000,530,49929,2628,112427,112427,49929,2020-04-27,530,2628,0.201674277016743,0.224828134279356,744.448837798574
Queens,2020-04-28T00:00:00.000,812,50741,4061,116488,116488,50741,2020-04-28,812,4061,0.19995075104654,0.211720510135006,1140.63307692782
Queens,2020-04-29T00:00:00.000,890,51631,4201,120689,120689,51631,2020-04-29,890,4201,0.211854320399905,0.199064497702884,1249.78083989075
Queens,2020-04-30T00:00:00.000,643,52274,3689,124378,124378,52274,2020-04-30,643,3689,0.174301978856059,0.186895439576389,902.258090385266
Queens,2020-05-01T00:00:00.000,765,53039,4517,128895,128895,53039,2020-05-01,765,4517,0.169360194819571,0.175242014112812,1072.20900064386
Queens,2020-05-02T00:00:00.000,601,53640,3755,132650,132650,53640,2020-05-02,601,3755,0.160053262316911,0.164125935599051,841.035849225497
Queens,2020-05-03T00:00:00.000,450,54090,2696,135346,135346,54090,2020-05-03,450,2696,0.166913946587537,0.153561912278033,628.494649834743
Queens,2020-05-04T00:00:00.000,358,54448,2633,137979,137979,54448,2020-05-04,358,2633,0.135966578047854,0.14355783903875,498.908199700482
Queens,2020-05-05T00:00:00.000,432,54880,3591,141570,141570,54880,2020-05-05,432,3591,0.120300751879699,0.134115190674039,601.483925322034
Queens,2020-05-06T00:00:00.000,570,55450,4505,146075,146075,55450,2020-05-06,570,4505,0.126526082130966,0.125229574545377,792.156883942403
Queens,2020-05-07T00:00:00.000,494,55944,3992,150067,150067,55944,2020-05-07,494,3992,0.12374749498998,0.116891398393019,685.33903049412
Queens,2020-05-08T00:00:00.000,549,56493,4596,154663,154663,56493,2020-05-08,549,4596,0.119451697127937,0.109086609520941,761.675048865286
Queens,2020-05-09T00:00:00.000,369,56862,3416,158079,158079,56862,2020-05-09,369,3416,0.108021077283372,0.101797464898362,511.708584926269
Queens,2020-05-10T00:00:00.000,318,57180,2937,161016,161016,57180,2020-05-10,318,2937,0.108273748723187,0.0950032971127087,440.044284730677
Queens,2020-05-11T00:00:00.000,211,57391,2552,163568,163568,57391,2020-05-11,211,2552,0.0826802507836991,0.0886812477417759,290.198122411386
Queens,2020-05-12T00:00:00.000,357,57748,3829,167397,167397,57748,2020-05-12,357,3829,0.093235831809872,0.0828069466516049,490.069931164995
Queens,2020-05-13T00:00:00.000,336,58084,4439,171836,171836,58084,2020-05-13,336,4439,0.0756927235863933,0.0773551226258009,462.786587332143
Queens,2020-05-14T00:00:00.000,432,58516,4879,176715,176715,58516,2020-05-14,432,4879,0.0885427341668375,0.0723001367997269,593.858705309495
Queens,2020-05-15T00:00:00.000,325,58841,4644,181359,181359,58841,2020-05-15,325,4644,0.0699827734711456,0.0676164356578294,446.515312483427
Queens,2020-05-16T00:00:00.000,291,59132,4209,185568,185568,59132,2020-05-16,291,4209,0.0691375623663578,0.0632789244474839,399.300857330978
Queens,2020-05-17T00:00:00.000,192,59324,3226,188794,188794,59324,2020-05-17,192,3226,0.0595164290142591,0.0592632650046675,263.446897353398
Queens,2020-05-18T00:00:00.000,184,59508,3363,192157,192157,59508,2020-05-18,184,3363,0.0547130538209932,0.0555461040693069,253.260941529324
Queens,2020-05-19T00:00:00.000,244,59752,4581,196738,196738,59752,2020-05-19,244,4581,0.0532634795896093,0.0521052394520943,336.436988559991
Queens,2020-05-20T00:00:00.000,273,60025,5151,201889,201889,60025,2020-05-20,273,5151,0.0529994175888177,0.0489197320181275,377.005850247967
Queens,2020-05-21T00:00:00.000,211,60236,5181,207070,207070,60236,2020-05-21,211,5181,0.0407257286238178,0.0459699714954839,292.180700796674
Queens,2020-05-22T00:00:00.000,186,60422,5388,212458,212458,60422,2020-05-22,186,5388,0.0345211581291759,0.0432377038430729,258.066080825659
Queens,2020-05-23T00:00:00.000,214,60636,5270,217728,217728,60636,2020-05-23,214,5270,0.040607210626186,0.0407060273490614,297.266553512875
Queens,2020-05-24T00:00:00.000,192,60828,4448,222176,222176,60828,2020-05-24,192,4448,0.0431654676258993,0.0383593639419075,266.818663245185
Queens,2020-05-25T00:00:00.000,132,60960,3789,225965,225965,60960,2020-05-25,132,3789,0.0348376880443389,0.0361834114635433,183.377035588283
Queens,2020-05-26T00:00:00.000,165,61125,4201,230166,230166,61125,2020-05-26,165,4201,0.0392763627707689,0.0341650818752857,229.379149709475
Queens,2020-05-27T00:00:00.000,275,61400,9126,239292,239292,61400,2020-05-27,275,9126,0.0301336839798378,0.0322924296651428,382.562272610412
Queens,2020-05-28T00:00:00.000,244,61644,8480,247772,247772,61644,2020-05-28,244,8480,0.0287735849056604,0.0305545740315117,339.464042613825
Queens,2020-05-29T00:00:00.000,183,61827,7088,254860,254860,61827,2020-05-29,183,7088,0.0258182844243792,0.0289416178286883,256.352023273546
Queens,2020-05-30T00:00:00.000,148,61975,6226,261086,261086,61975,2020-05-30,148,6226,0.0237712817218118,0.0274445657028002,208.408146421394
Queens,2020-05-31T00:00:00.000,119,62094,5906,266992,266992,62094,2020-05-31,119,5906,0.020149001015916,0.0260552433686394,168.142765897411
Queens,2020-06-01T00:00:00.000,199,62293,7231,274223,274223,62293,2020-06-01,199,7231,0.0275203982851611,0.0247662195619452,281.524528844928
Queens,2020-06-02T00:00:00.000,132,62425,6319,280542,280542,62425,2020-06-02,132,6319,0.0208893812312075,0.0235707318181106,186.469389635058
Queens,2020-06-03T00:00:00.000,117,62542,6451,286993,286993,62542,2020-06-03,117,6451,0.0181367229886839,0.0224626169115747,164.713206368621
Queens,2020-06-04T00:00:00.000,150,62692,6695,293688,293688,62692,2020-06-04,150,6695,0.0224047796863331,0.0214362465041754,210.050392495677
Queens,2020-06-05T00:00:00.000,158,62850,7672,301360,301360,62850,2020-06-05,158,7672,0.0205943691345151,0.0204864682959679,220.277832088795
Queens,2020-06-06T00:00:00.000,113,62963,6497,307857,307857,62963,2020-06-06,113,6497,0.0173926427581961,0.0196085527732337,158.373709733173
Queens,2020-06-07T00:00:00.000,134,63097,6514,314371,314371,63097,2020-06-07,134,6514,0.0205710776788456,0.018798145456612,188.046770163719
Queens,2020-06-08T00:00:00.000,97,63194,5227,319598,319598,63194,2020-06-08,97,5227,0.0185574899559977,0.0180512244130128,136.172911155764
Queens,2020-06-09T00:00:00.000,132,63326,7770,327368,327368,63326,2020-06-09,132,7770,0.016988416988417,0.0173640626789394,185.196347936254
Queens,2020-06-10T00:00:00.000,106,63432,6796,334164,334164,63432,2020-06-10,106,6796,0.0155974102413184,0.0167331951562271,148.484867129119
Queens,2020-06-11T00:00:00.000,141,63573,7566,341730,341730,63573,2020-06-11,141,7566,0.0186360031720856,0.0161553894854601,197.012201196571
Queens,2020-06-12T00:00:00.000,154,63727,7817,349547,349547,63727,2020-06-12,154,7817,0.0197006524242037,0.0156276203751735,214.318325184017
Queens,2020-06-13T00:00:00.000,95,63822,6737,356284,356284,63822,2020-06-13,95,6737,0.0141012320023749,0.0151470468580559,131.585311519584
Queens,2020-06-14T00:00:00.000,110,63932,7488,363772,363772,63932,2020-06-14,110,7488,0.0146901709401709,0.0147109919611331,151.71299424559
Queens,2020-06-15T00:00:00.000,110,64042,7036,370808,370808,64042,2020-06-15,110,7036,0.0156338828880045,0.0143169243158323,152.272181082813
Queens,2020-06-16T00:00:00.000,134,64176,8317,379125,379125,64176,2020-06-16,134,8317,0.0161115786942407,0.0139624412780982,185.897318212718
Queens,2020-06-17T00:00:00.000,92,64268,8696,387821,387821,64268,2020-06-17,92,8696,0.0105795768169273,0.0136452531980111,127.705374045806
Queens,2020-06-18T00:00:00.000,112,64380,9082,396903,396903,64380,2020-06-18,112,9082,0.0123320854437349,0.0133631685410967,154.858505788428
Queens,2020-06-19T00:00:00.000,106,64486,9753,406656,406656,64486,2020-06-19,106,9753,0.0108684507331078,0.0131140796514998,145.620857995086
Queens,2020-06-20T00:00:00.000,135,64621,9115,415771,415771,64621,2020-06-20,135,9115,0.0148107515085025,0.0128959490185664,183.704807009664
Queens,2020-06-21T00:00:00.000,91,64712,8237,424008,424008,64712,2020-06-21,91,8237,0.0110477115454656,0.0127067959986254,122.566361808212
Queens,2020-06-22T00:00:00.000,85,64797,6537,430545,430545,64797,2020-06-22,85,6537,0.0130029065320483,0.0125446840236442,113.245605810793
Queens,2020-06-23T00:00:00.000,84,64881,6683,437228,437228,64881,2020-06-23,84,6683,0.0125692054466557,0.0124077084060263,110.647119406105
Queens,2020-06-24T00:00:00.000,106,64987,7723,444951,444951,64987,2020-06-24,106,7723,0.0137252363071345,0.0122939849280787,137.996222332422
Queens,2020-06-25T00:00:00.000,102,65089,6943,451894,451894,65089,2020-06-25,102,6943,0.0146910557395938,0.0122016394633789,131.207578006837
Queens,2020-06-26T00:00:00.000,86,65175,9718,461612,461612,65175,2020-06-26,86,9718,0.00884955752212389,0.0121287989400972,109.295899224014
Queens,2020-06-27T00:00:00.000,101,65276,7681,469293,469293,65276,2020-06-27,101,7681,0.0131493295143861,0.0120735839888414,127.323140302177
Queens,2020-06-28T00:00:00.000,49,65325,4737,474030,474030,65325,2020-06-28,49,4737,0.0103440996411231,0.012034103643735,61.4241152087138
Queens,2020-06-29T00:00:00.000,66,65391,5589,479619,479619,65391,2020-06-29,66,5589,0.011808910359635,0.012008452462721,82.1739954292413
Queens,2020-06-30T00:00:00.000,64,65455,6065,485684,485684,65455,2020-06-30,64,6065,0.0105523495465787,0.0119947104075126,79.1571415103103
Queens,2020-07-01T00:00:00.000,113,65568,8286,493970,493970,65568,2020-07-01,113,8286,0.0136374607772146,0.0119909457680402,138.37217694849
Queens,2020-07-02T00:00:00.000,137,65705,8116,502086,502086,65705,2020-07-02,137,8116,0.0168802365697388,0.0119952213363961,168.148457923832
Queens,2020-07-03T00:00:00.000,95,65800,7211,509297,509297,65800,2020-07-03,95,7211,0.0131743170156705,0.012005603919914,117.094410734057
Queens,2020-07-04T00:00:00.000,76,65876,7211,516508,516508,65876,2020-07-04,76,7211,0.0105394536125364,0.012020177147061,93.9987421278136
Queens,2020-07-05T00:00:00.000,52,65928,5745,522253,522253,65928,2020-07-05,52,5745,0.00905134899912968,0.0120370573649993,64.2220967881013
Queens,2020-07-06T00:00:00.000,96,66024,6329,528582,528582,66024,2020-07-06,96,6329,0.0151682730289145,0.0120544122544796,118.379763925124
Queens,2020-07-07T00:00:00.000,75,66099,6297,534879,534879,66099,2020-07-07,75,6297,0.0119104335397808,0.0120704816190309,92.3280576608661
Queens,2020-07-08T00:00:00.000,75,66174,7104,541983,541983,66174,2020-07-08,75,7104,0.0105574324324324,0.0120835996454496,92.1575695336123
Queens,2020-07-09T00:00:00.000,67,66241,7807,549790,549790,66241,2020-07-09,67,7807,0.00858204175739721,0.0120922177949538,82.1607872020189
Queens,2020-07-10T00:00:00.000,82,66323,7981,557771,557771,66323,2020-07-10,82,7981,0.0102744017040471,0.0120949273820137,100.33208373598
Queens,2020-07-11T00:00:00.000,87,66410,6788,564559,564559,66410,2020-07-11,87,6788,0.012816735415439,0.0120904808466874,106.19228504883
Queens,2020-07-12T00:00:00.000,56,66466,5880,570439,570439,66466,2020-07-12,56,5880,0.00952380952380952,0.012077810726112,68.1739533869074
Queens,2020-07-13T00:00:00.000,78,66544,5537,575976,575976,66544,2020-07-13,78,5537,0.0140870507495033,0.0120560453910041,94.6870048326599
Queens,2020-07-14T00:00:00.000,99,66643,7205,583181,583181,66643,2020-07-14,99,7205,0.0137404580152672,0.0120245207336268,119.813727713166
Queens,2020-07-15T00:00:00.000,92,66735,8387,591568,591568,66735,2020-07-15,92,8387,0.0109693573387385,0.0119827871646989,110.981064587054
Queens,2020-07-16T00:00:00.000,94,66829,8943,600511,600511,66829,2020-07-16,94,8943,0.0105110142010511,0.0119306114926217,113.005199020401
Queens,2020-07-17T00:00:00.000,92,66921,6870,607381,607381,66921,2020-07-17,92,6870,0.013391557496361,0.0118679735003961,110.224653372083
Queens,2020-07-18T00:00:00.000,86,67007,5405,612786,612786,67007,2020-07-18,86,5405,0.0159111933395005,0.0117950572904066,103.091444678923
Queens,2020-07-19T00:00:00.000,72,67079,5736,618522,618522,67079,2020-07-19,72,5736,0.0125523012552301,0.0117122377160376,86.5772796943621
Queens,2020-07-20T00:00:00.000,115,67194,7288,625810,625810,67194,2020-07-20,115,7288,0.0157793633369923,0.0116200624415091,138.632741890899
Queens,2020-07-21T00:00:00.000,71,67265,7508,633318,633318,67265,2020-07-21,71,7508,0.00945657964837507,0.011519230359133,85.7531064219181
Queens,2020-07-22T00:00:00.000,109,67374,7517,640835,640835,67374,2020-07-22,109,7517,0.0145004656112811,0.01141056722883,131.805350292972
Queens,2020-07-23T00:00:00.000,84,67458,8063,648898,648898,67458,2020-07-23,84,8063,0.0104179585762123,0.0112949994862317,101.597857649243
Queens,2020-07-24T00:00:00.000,74,67532,7012,655910,655910,67532,2020-07-24,74,7012,0.0105533371363377,0.0111735271889639,89.2637096740395
Queens,2020-07-25T00:00:00.000,63,67595,4878,660788,660788,67595,2020-07-25,63,4878,0.0129151291512915,0.0110471970434523,75.2461639910721
Queens,2020-07-26T00:00:00.000,84,67679,6560,667348,667348,67679,2020-07-26,84,6560,0.0128048780487805,0.0109170763714631,99.2074036127409
Queens,2020-07-27T00:00:00.000,60,67739,5574,672922,672922,67739,2020-07-27,60,5574,0.0107642626480086,0.0107842287693049,70.9109877212772
Queens,2020-07-28T00:00:00.000,81,67820,7112,680034,680034,67820,2020-07-28,81,7112,0.0113892013498313,0.0106496920655741,96.2600467937147
Queens,2020-07-29T00:00:00.000,74,67894,6889,686923,686923,67894,2020-07-29,74,6889,0.0107417622296415,0.0105144590344074,88.3033299575929
Queens,2020-07-30T00:00:00.000,74,67968,7561,694484,694484,67968,2020-07-30,74,7561,0.00978706520301547,0.0103794611653672,88.6356153564483
Queens,2020-07-31T00:00:00.000,73,68041,9722,704206,704206,68041,2020-07-31,73,9722,0.00750874305698416,0.0102455556417224,87.4412890052543
Queens,2020-08-01T00:00:00.000,60,68101,6641,710847,710847,68101,2020-08-01,60,6641,0.00903478391808463,0.0101135155488546,71.7898726808589
Queens,2020-08-02T00:00:00.000,65,68166,6268,717115,717115,68166,2020-08-02,65,6268,0.0103701340140396,0.00998402322234764,77.9283437604218
Queens,2020-08-03T00:00:00.000,59,68225,7005,724120,724120,68225,2020-08-03,59,7005,0.00842255531763026,0.00985766655491105,71.0295978799899
Queens,2020-08-04T00:00:00.000,72,68297,7698,731818,731818,68297,2020-08-04,72,7698,0.00935307872174591,0.00973493802057571,87.795841624937
Queens,2020-08-05T00:00:00.000,71,68368,7812,739630,739630,68368,2020-08-05,71,7812,0.00908858166922683,0.00961623612825041,87.648529863703
Queens,2020-08-06T00:00:00.000,84,68452,7539,747169,747169,68452,2020-08-06,84,7539,0.011142061281337,0.00950186899687057,104.906963659303
Queens,2020-08-07T00:00:00.000,96,68548,9235,756404,756404,68548,2020-08-07,96,9235,0.0103952355170547,0.00939205973724674,120.954945480291
Queens,2020-08-08T00:00:00.000,56,68604,7162,763566,763566,68604,2020-08-08,56,7162,0.00781904495950852,0.00928695333025863,71.0694268813697
Queens,2020-08-09T00:00:00.000,66,68670,6807,770373,770373,68670,2020-08-09,66,6807,0.00969590127809608,0.00918662470740799,84.1681784147704
Queens,2020-08-10T00:00:00.000,63,68733,7556,777929,777929,68733,2020-08-10,63,7556,0.00833774483853891,0.00909108775590787,80.2940836668512
Queens,2020-08-11T00:00:00.000,96,68829,11290,789219,789219,68829,2020-08-11,96,11290,0.00850310008857396,0.00900030499223269,122.025636706244
Queens,2020-08-12T00:00:00.000,96,68925,10584,799803,799803,68925,2020-08-12,96,10584,0.0090702947845805,0.00891419766880232,121.547058583817
Queens,2020-08-13T00:00:00.000,98,69023,9426,809229,809229,69023,2020-08-13,98,9426,0.010396774877997,0.0088326560934752,123.449490079984
Queens,2020-08-14T00:00:00.000,75,69098,9481,818710,818710,69098,2020-08-14,75,9481,0.0079105579580213,0.00875554996181777,94.0177748959549
Queens,2020-08-15T00:00:00.000,76,69174,8964,827674,827674,69174,2020-08-15,76,8964,0.00847835787594824,0.00868273851034702,95.13028160091
Queens,2020-08-16T00:00:00.000,71,69245,6531,834205,834205,69245,2020-08-16,71,6531,0.0108712295207472,0.00861408031479446,88.6304287374389
Queens,2020-08-17T00:00:00.000,63,69308,7562,841767,841767,69308,2020-08-17,63,7562,0.00833112933086485,0.00854944256536467,78.3361897408353
Queens,2020-08-18T00:00:00.000,76,69384,8697,850464,850464,69384,2020-08-18,76,8697,0.00873864550994596,0.00848870966382862,94.0228031375123
Queens,2020-08-19T00:00:00.000,67,69451,7919,858383,858383,69451,2020-08-19,67,7919,0.00846066422528097,0.00843179099958792,82.3798410034827
Queens,2020-08-20T00:00:00.000,87,69538,9593,867976,867976,69538,2020-08-20,87,9593,0.00906911289481914,0.00837862777902281,106.207396557869
Queens,2020-08-21T00:00:00.000,85,69623,9862,877838,877838,69623,2020-08-21,85,9862,0.00861894139119854,0.00832919879871615,102.930755502157
Queens,2020-08-22T00:00:00.000,71,69694,8018,885856,885856,69694,2020-08-22,71,8018,0.00885507607882265,0.00828352508120076,85.2155447580866
Queens,2020-08-23T00:00:00.000,51,69745,6730,892586,892586,69745,2020-08-23,51,6730,0.00757800891530461,0.00824167331261223,60.6252100784315
Queens,2020-08-24T00:00:00.000,60,69805,7615,900201,900201,69805,2020-08-24,60,7615,0.00787918581746553,0.0082037580561061,70.6624095056232
Queens,2020-08-25T00:00:00.000,65,69870,7377,907578,907578,69870,2020-08-25,65,7377,0.00881116985224346,0.00816994274275493,76.2655567101209
Queens,2020-08-26T00:00:00.000,90,69960,9322,916900,916900,69960,2020-08-26,90,9322,0.00965458056211113,0.0081404394730932,105.148734448922
Queens,2020-08-27T00:00:00.000,74,70034,10803,927703,927703,70034,2020-08-27,74,10803,0.00684994908821624,0.00811550769224941,86.0411618366597
Queens,2020-08-28T00:00:00.000,64,70098,9345,937048,937048,70098,2020-08-28,64,9345,0.00684858212948101,0.00809545182662537,73.7807598717999
Queens,2020-08-29T00:00:00.000,64,70162,9956,947004,947004,70162,2020-08-29,64,9956,0.00642828445158698,0.00808061798930114,73.9517648808145
Queens,2020-08-30T00:00:00.000,60,70222,7758,954762,954762,70222,2020-08-30,60,7758,0.00773395204949729,0.00807138987900391,69.6253947325914
Queens,2020-08-31T00:00:00.000,66,70288,7895,962657,962657,70288,2020-08-31,66,7895,0.00835972134262191,0.00806818399944085,76.7630808024578
Queens,2020-09-01T00:00:00.000,56,70344,8305,970962,970962,70344,2020-09-01,56,8305,0.00674292594822396,0.00807144433038723,65.2815376130559
Queens,2020-09-02T00:00:00.000,69,70413,8540,979502,979502,70413,2020-09-02,69,8540,0.00807962529274005,0.00808163657163746,80.62089116235
Queens,2020-09-03T00:00:00.000,83,70496,10286,989788,989788,70496,2020-09-03,83,10286,0.00806922029943613,0.00809924206801342,97.2021831936688
Queens,2020-09-04T00:00:00.000,53,70549,9134,998922,998922,70549,2020-09-04,53,9134,0.00580249616816291,0.00812475150687969,62.2125517292494
Queens,2020-09-05T00:00:00.000,76,70625,10158,1009080,1009080,70625,2020-09-05,76,10158,0.00748178775349478,0.00815865845885157,89.4183657686953
Queens,2020-09-06T00:00:00.000,50,70675,6321,1015401,1015401,70675,2020-09-06,50,6321,0.00791014080050625,0.0082014528090148,58.966212161584
Queens,2020-09-07T00:00:00.000,91,70766,6495,1021896,1021896,70766,2020-09-07,91,6495,0.0140107775211701,0.00825361410979759,107.573763693348
Queens,2020-09-08T00:00:00.000,58,70824,7078,1028974,1028974,70824,2020-09-08,58,7078,0.00819440519920882,0.00831560486854291,68.7288398340737
Queens,2020-09-09T00:00:00.000,93,70917,8086,1037060,1037060,70917,2020-09-09,93,8086,0.0115013603759584,0.00838786377218156,110.473196531748
Queens,2020-09-10T00:00:00.000,61,70978,8437,1045497,1045497,70978,2020-09-10,61,8437,0.0072300580775157,0.00847079885263076,72.7297067349961
Queens,2020-09-11T00:00:00.000,62,71040,10532,1056029,1056029,71040,2020-09-11,62,10532,0.00588682111659704,0.00856478060005418,74.2296349202299
Queens,2020-09-12T00:00:00.000,71,71111,7349,1063378,1063378,71111,2020-09-12,71,7349,0.00966117839161791,0.00867013505063095,85.3372902089996
Queens,2020-09-13T00:00:00.000,69,71180,6247,1069625,1069625,71180,2020-09-13,69,6247,0.0110453017448375,0.00878713690464568,83.4727793179632
Queens,2020-09-14T00:00:00.000,74,71254,6868,1076493,1076493,71254,2020-09-14,74,6868,0.010774606872452,0.00891600276960487,90.1775510846541
Queens,2020-09-15T00:00:00.000,55,71309,6732,1083225,1083225,71309,2020-09-15,55,6732,0.00816993464052288,0.00905688467257456,67.4829837259287
Queens,2020-09-16T00:00:00.000,83,71392,8034,1091259,1091259,71392,2020-09-16,83,8034,0.0103310928553647,0.0092098640491577,102.494153796867
Queens,2020-09-17T00:00:00.000,82,71474,9319,1100578,1100578,71474,2020-09-17,82,9319,0.00879922738491254,0.00937494647734953,101.866424797777
Queens,2020-09-18T00:00:00.000,103,71577,12199,1112777,1112777,71577,2020-09-18,103,12199,0.00844331502582179,0.00955205749889397,128.660613000395
Queens,2020-09-19T00:00:00.000,105,71682,11181,1123958,1123958,71682,2020-09-19,105,11181,0.00939093104373491,0.00974103994051412,131.8189665871
Queens,2020-09-20T00:00:00.000,70,71752,6174,1130132,1130132,71752,2020-09-20,70,6174,0.0113378684807256,0.00994165321039731,88.2786303480552
Queens,2020-09-21T00:00:00.000,66,71818,8528,1138660,1138660,71818,2020-09-21,66,8528,0.00773921200750469,0.0101535751042366,83.5726260989273
Queens,2020-09-22T00:00:00.000,63,71881,5881,1144541,1144541,71881,2020-09-22,63,5881,0.0107124638666893,0.0103764066974322,80.061981162726
Queens,2020-09-23T00:00:00.000,97,71978,9524,1154065,1154065,71978,2020-09-23,97,9524,0.0101847963040739,0.0106096809161306,123.917437180845
Queens,2020-09-24T00:00:00.000,73,72051,9253,1163318,1163318,72051,2020-09-24,73,9253,0.00788933318923592,0.010852875386429,93.8007216106138
Queens,2020-09-25T00:00:00.000,91,72142,9255,1172573,1172573,72142,2020-09-25,91,9255,0.00983252296056186,0.0111054301259152,117.60715683317
Queens,2020-09-26T00:00:00.000,91,72233,7316,1179889,1179889,72233,2020-09-26,91,7316,0.0124384909786769,0.0113667705946294,118.284967482099
Queens,2020-09-27T00:00:00.000,90,72323,5591,1185480,1185480,72323,2020-09-27,90,5591,0.0160972992309068,0.0116363365446401,118.808571612764
Queens,2020-09-28T00:00:00.000,142,72465,9734,1195214,1195214,72465,2020-09-28,142,9734,0.0145880419149373,0.0119136170233277,192.278641010909
Queens,2020-09-29T00:00:00.000,91,72556,7756,1202970,1202970,72556,2020-09-29,91,7756,0.0117328519855596,0.0121981917911675,126.237856799343
Queens,2020-09-30T00:00:00.000,136,72692,10673,1213643,1213643,72692,2020-09-30,136,10673,0.0127424341797058,0.0124897793485522,193.010404728626
Rensselaer,2020-04-01T00:00:00.000,10,53,42,1204,1204,53,2020-04-01,53,1204,0.0440199335548173,0.053241094565318,54.3357209651742
Rensselaer,2020-04-02T00:00:00.000,3,56,31,1235,1235,56,2020-04-02,3,31,0.0967741935483871,0.0565733800591996,3.09203989412362
Rensselaer,2020-04-03T00:00:00.000,2,58,18,1253,1253,58,2020-04-03,2,18,0.111111111111111,0.0600956082689107,2.08880380201401
Rensselaer,2020-04-04T00:00:00.000,2,60,48,1301,1301,60,2020-04-04,2,48,0.0416666666666667,0.0638073524559972,2.12232586299452
Rensselaer,2020-04-05T00:00:00.000,2,62,29,1330,1330,62,2020-04-05,2,29,0.0689655172413793,0.0677022198305755,2.15612357890994
Rensselaer,2020-04-06T00:00:00.000,5,67,30,1360,1360,67,2020-04-06,5,30,0.166666666666667,0.0717670886490371,5.4728320638279
Rensselaer,2020-04-07T00:00:00.000,8,75,53,1413,1413,75,2020-04-07,8,53,0.150943396226415,0.0759814264722179,8.85617965521607
Rensselaer,2020-04-08T00:00:00.000,4,79,52,1465,1465,79,2020-04-08,4,52,0.0769230769230769,0.0803167493324923,4.47442058139805
Rensselaer,2020-04-09T00:00:00.000,12,91,101,1566,1566,91,2020-04-09,12,101,0.118811881188119,0.0847362874432971,13.5548077635879
Rensselaer,2020-04-10T00:00:00.000,5,96,40,1606,1606,96,2020-04-10,5,40,0.125,0.0891949233237332,5.69990562747421
Rensselaer,2020-04-11T00:00:00.000,9,105,65,1671,1671,105,2020-04-11,9,65,0.138461538461538,0.0936394619564982,10.3483121096272
Rensselaer,2020-04-12T00:00:00.000,8,113,61,1732,1732,113,2020-04-12,8,61,0.131147540983607,0.0980092792871528,9.272277523212
Rensselaer,2020-04-13T00:00:00.000,7,120,79,1811,1811,120,2020-04-13,7,79,0.0886075949367089,0.102237375567634,8.18807964767999
Rensselaer,2020-04-14T00:00:00.000,4,124,42,1853,1853,124,2020-04-14,4,42,0.0952380952380952,0.106251835131045,4.73353170402705
Rensselaer,2020-04-15T00:00:00.000,13,137,106,1959,1959,137,2020-04-15,13,106,0.122641509433962,0.10997766625598,15.5564624180248
Rensselaer,2020-04-16T00:00:00.000,13,150,100,2059,2059,150,2020-04-16,13,100,0.13,0.113338966752592,15.7221032961151
Rensselaer,2020-04-17T00:00:00.000,14,164,135,2194,2194,164,2020-04-17,14,135,0.103703703703704,0.116261335273839,17.1002652128579
Rensselaer,2020-04-18T00:00:00.000,9,173,117,2311,2311,173,2020-04-18,9,117,0.0769230769230769,0.118674427859237,11.093735829825
Rensselaer,2020-04-19T00:00:00.000,4,177,51,2362,2362,177,2020-04-19,4,51,0.0784313725490196,0.120514545071282,4.97065186141932
Rensselaer,2020-04-20T00:00:00.000,6,183,50,2412,2412,183,2020-04-20,6,50,0.12,0.121727128306577,7.50509396402709
Rensselaer,2020-04-21T00:00:00.000,3,186,49,2461,2461,186,2020-04-21,3,49,0.0612244897959184,0.122269043835973,3.77269954413028
Rensselaer,2020-04-22T00:00:00.000,5,191,52,2513,2513,191,2020-04-22,5,52,0.0961538461538462,0.122110539265378,6.3264781092017
Rensselaer,2020-04-23T00:00:00.000,7,198,80,2593,2593,198,2020-04-23,7,80,0.0875,0.121236768142296,8.93298272348236
Rensselaer,2020-04-24T00:00:00.000,23,221,209,2802,2802,221,2020-04-24,23,209,0.110047846889952,0.11964879371527,29.5811764582636
Rensselaer,2020-04-25T00:00:00.000,21,242,151,2953,2953,242,2020-04-25,21,151,0.139072847682119,0.117364001973378,27.1991116795865
Rensselaer,2020-04-26T00:00:00.000,4,246,83,3036,3036,246,2020-04-26,4,83,0.0481927710843374,0.114415877349374,5.21291411826097
Rensselaer,2020-04-27T00:00:00.000,4,250,39,3075,3075,250,2020-04-27,4,39,0.102564102564103,0.110853122332535,5.23490380155314
Rensselaer,2020-04-28T00:00:00.000,12,262,91,3166,3166,262,2020-04-28,12,91,0.131868131868132,0.106738134974083,15.7408016380434
Rensselaer,2020-04-29T00:00:00.000,25,287,142,3308,3308,287,2020-04-29,25,142,0.176056338028169,0.102144895178819,32.8402269544667
Rensselaer,2020-04-30T00:00:00.000,11,298,101,3409,3409,298,2020-04-30,11,101,0.108910891089109,0.0971563500083398,14.4577178786533
Rensselaer,2020-05-01T00:00:00.000,13,311,112,3521,3521,311,2020-05-01,13,112,0.116071428571429,0.0918614263357185,17.0809043443838
Rensselaer,2020-05-02T00:00:00.000,11,322,170,3691,3691,322,2020-05-02,11,170,0.0647058823529412,0.0863518316148009,14.4358431641864
Rensselaer,2020-05-03T00:00:00.000,15,337,148,3839,3839,337,2020-05-03,15,148,0.101351351351351,0.0807188250843862,19.6448837112648
Rensselaer,2020-05-04T00:00:00.000,2,339,71,3910,3910,339,2020-05-04,2,71,0.028169014084507,0.0750501480736747,2.61216180481419
Rensselaer,2020-05-05T00:00:00.000,8,347,126,4036,4036,347,2020-05-05,8,126,0.0634920634920635,0.0694272905664206,10.4288276453248
Rensselaer,2020-05-06T00:00:00.000,20,367,159,4195,4195,367,2020-05-06,20,159,0.125786163522013,0.0639232420250429,25.9873221065048
Rensselaer,2020-05-07T00:00:00.000,13,380,194,4389,4389,380,2020-05-07,13,194,0.0670103092783505,0.0586008307086519,16.8319328963535
Rensselaer,2020-05-08T00:00:00.000,27,407,187,4576,4576,407,2020-05-08,27,187,0.144385026737968,0.0535117029370656,34.8842091477748
Rensselaer,2020-05-09T00:00:00.000,2,409,248,4824,4824,409,2020-05-09,2,248,0.00806451612903226,0.0486959390369806,2.57633249298954
Rensselaer,2020-05-10T00:00:00.000,2,411,62,4886,4886,411,2020-05-10,2,62,0.032258064516129,0.0441822530433901,2.56359950191796
Rensselaer,2020-05-11T00:00:00.000,5,416,91,4977,4977,416,2020-05-11,5,91,0.0549450549450549,0.0399886843271183,6.35027714066796
Rensselaer,2020-05-12T00:00:00.000,4,420,429,5406,5406,420,2020-05-12,4,429,0.00932400932400932,0.0361236647124118,5.05384985179809
Rensselaer,2020-05-13T00:00:00.000,3,423,278,5684,5684,423,2020-05-13,3,278,0.0107913669064748,0.0325873350458202,3.78982117133252
Rensselaer,2020-05-14T00:00:00.000,5,428,204,5888,5888,428,2020-05-14,5,204,0.0245098039215686,0.0293729892891293,6.28131086598348
Rensselaer,2020-05-15T00:00:00.000,10,438,225,6113,6113,438,2020-05-15,10,225,0.0444444444444444,0.0264685387576422,12.5089473657773
Rensselaer,2020-05-16T00:00:00.000,1,439,113,6226,6226,439,2020-05-16,1,113,0.00884955752212389,0.0238579103662203,1.24464238128839
Rensselaer,2020-05-17T00:00:00.000,5,444,198,6424,6424,444,2020-05-17,5,198,0.0252525252525253,0.0215223167054058,6.1997218902147
Rensselaer,2020-05-18T00:00:00.000,0,444,76,6500,6500,444,2020-05-18,0,76,0,0.0194413592988061,0
Rensselaer,2020-05-19T00:00:00.000,9,453,292,6792,6792,453,2020-05-19,9,292,0.0308219178082192,0.0175939471262139,11.1328051687902
Rensselaer,2020-05-20T00:00:00.000,3,456,403,7195,7195,456,2020-05-20,3,403,0.00744416873449132,0.0159590291441755,3.70389730655048
Rensselaer,2020-05-21T00:00:00.000,4,460,379,7574,7574,460,2020-05-21,4,379,0.0105540897097625,0.0145161516711736,4.93590495854136
Rensselaer,2020-05-22T00:00:00.000,3,463,386,7960,7960,463,2020-05-22,3,386,0.0077720207253886,0.0132458593032088,3.69794960507297
Rensselaer,2020-05-23T00:00:00.000,0,463,363,8323,8323,463,2020-05-23,0,363,0,0.0121299621441144,0
Rensselaer,2020-05-24T00:00:00.000,2,465,123,8446,8446,465,2020-05-24,2,123,0.016260162601626,0.0111516933563899,2.45635941490444
Rensselaer,2020-05-25T00:00:00.000,1,466,158,8604,8604,466,2020-05-25,1,158,0.00632911392405063,0.0102957801942049,1.22514076787732
Rensselaer,2020-05-26T00:00:00.000,0,466,150,8754,8754,466,2020-05-26,0,150,0,0.0095484495379673,0
Rensselaer,2020-05-27T00:00:00.000,3,469,405,9159,9159,469,2020-05-27,3,405,0.00740740740740741,0.00889738609267315,3.66865498625932
Rensselaer,2020-05-28T00:00:00.000,9,478,319,9478,9478,478,2020-05-28,9,319,0.0282131661442006,0.0083316583277368,10.995424068453
Rensselaer,2020-05-29T00:00:00.000,8,486,337,9815,9815,486,2020-05-29,8,337,0.0237388724035608,0.00784162421197169,9.83476459075994
Rensselaer,2020-05-30T00:00:00.000,5,491,313,10128,10128,491,2020-05-30,5,313,0.0159744408945687,0.00741882605023784,6.17747309395075
Rensselaer,2020-05-31T00:00:00.000,1,492,274,10402,10402,492,2020-05-31,1,274,0.00364963503649635,0.00705588134324341,1.23992906179533
Rensselaer,2020-06-01T00:00:00.000,1,493,168,10570,10570,493,2020-06-01,1,168,0.00595238095238095,0.0067463746061133,1.24217915560166
Rensselaer,2020-06-02T00:00:00.000,2,495,426,10996,10996,495,2020-06-02,2,426,0.00469483568075117,0.00648475349083598,2.48322261188091
Rensselaer,2020-06-03T00:00:00.000,0,495,312,11308,11308,495,2020-06-03,0,312,0,0.00626623131481462,0
Rensselaer,2020-06-04T00:00:00.000,2,497,592,11900,11900,497,2020-06-04,2,592,0.00337837837837838,0.00608669716281381,2.46936636966241
Rensselaer,2020-06-05T00:00:00.000,2,499,332,12232,12232,499,2020-06-05,2,332,0.00602409638554217,0.00594263404933576,2.46374009585352
Rensselaer,2020-06-06T00:00:00.000,3,502,421,12653,12653,502,2020-06-06,3,421,0.00712589073634204,0.00583104514477791,3.72439716334651
Rensselaer,2020-06-07T00:00:00.000,1,503,517,13170,13170,503,2020-06-07,1,517,0.00193423597678917,0.00574938775056889,1.24655584522061
Rensselaer,2020-06-08T00:00:00.000,2,505,182,13352,13352,505,2020-06-08,2,182,0.010989010989011,0.0056955145038365,2.5017943831899
Rensselaer,2020-06-09T00:00:00.000,2,507,316,13668,13668,507,2020-06-09,2,316,0.00632911392405063,0.00566762117755356,2.50878491454812
Rensselaer,2020-06-10T00:00:00.000,1,508,299,13967,13967,508,2020-06-10,1,299,0.00334448160535117,0.0056642003902104,1.2569913895479
Rensselaer,2020-06-11T00:00:00.000,2,510,665,14632,14632,510,2020-06-11,2,665,0.00300751879699248,0.00568400052918729,2.51731563991923
Rensselaer,2020-06-12T00:00:00.000,1,511,261,14893,14893,511,2020-06-12,1,261,0.00383141762452107,0.00572598920897801,1.25873513026959
Rensselaer,2020-06-13T00:00:00.000,2,513,262,15155,15155,513,2020-06-13,2,262,0.00763358778625954,0.00578932062010464,2.51619193880574
Rensselaer,2020-06-14T00:00:00.000,1,514,309,15464,15464,514,2020-06-14,1,309,0.00323624595469256,0.00587330616728248,1.25821298497778
Rensselaer,2020-06-15T00:00:00.000,0,514,252,15716,15716,514,2020-06-15,0,252,0,0.00597738783884847,0
Rensselaer,2020-06-16T00:00:00.000,1,515,199,15915,15915,515,2020-06-16,1,199,0.0050251256281407,0.00610111379582101,1.27706529491427
Rensselaer,2020-06-17T00:00:00.000,0,515,383,16298,16298,515,2020-06-17,0,383,0,0.00624411570711795,0
Rensselaer,2020-06-18T00:00:00.000,4,519,413,16711,16711,519,2020-06-18,4,413,0.00968523002421308,0.00640608739843934,5.13860664898478
Rensselaer,2020-06-19T00:00:00.000,2,521,374,17085,17085,521,2020-06-19,2,374,0.0053475935828877,0.00658676441165019,2.56472702046163
Rensselaer,2020-06-20T00:00:00.000,3,524,401,17486,17486,524,2020-06-20,3,401,0.00748129675810474,0.00678590410785201,3.82845412927337
Rensselaer,2020-06-21T00:00:00.000,4,528,361,17847,17847,528,2020-06-21,4,361,0.0110803324099723,0.00700326597574443,5.07593848476978
Rensselaer,2020-06-22T00:00:00.000,5,533,197,18044,18044,533,2020-06-22,5,197,0.0253807106598985,0.00723859184215741,6.30509847980575
Rensselaer,2020-06-23T00:00:00.000,1,534,277,18321,18321,534,2020-06-23,1,277,0.0036101083032491,0.00749158572277219,1.25241725776532
Rensselaer,2020-06-24T00:00:00.000,7,541,450,18771,18771,541,2020-06-24,7,450,0.0155555555555556,0.007761893097249,8.70335845166673
Rensselaer,2020-06-25T00:00:00.000,8,549,350,19121,19121,549,2020-06-25,8,350,0.0228571428571429,0.00804907945922726,9.87146333295822
Rensselaer,2020-06-26T00:00:00.000,1,550,468,19589,19589,550,2020-06-26,1,468,0.00213675213675214,0.00835260806498719,1.22435073686627
Rensselaer,2020-06-27T00:00:00.000,1,551,359,19948,19948,551,2020-06-27,1,359,0.00278551532033426,0.00867181690666602,1.21958860221286
Rensselaer,2020-06-28T00:00:00.000,2,553,375,20323,20323,553,2020-06-28,2,375,0.00533333333333333,0.00900589505199578,2.43547759352068
Rensselaer,2020-06-29T00:00:00.000,0,553,306,20629,20629,553,2020-06-29,0,306,0,0.0093538586351139,0
Rensselaer,2020-06-30T00:00:00.000,2,555,195,20824,20824,555,2020-06-30,2,195,0.0102564102564103,0.00971452694537118,2.42205116623932
Rensselaer,2020-07-01T00:00:00.000,1,556,287,21111,21111,556,2020-07-01,1,287,0.00348432055749129,0.0100864992433616,1.20353585274164
Rensselaer,2020-07-02T00:00:00.000,3,559,425,21536,21536,559,2020-07-02,3,425,0.00705882352941176,0.0104681331240899,3.63228296103954
Rensselaer,2020-07-03T00:00:00.000,4,563,612,22148,22148,563,2020-07-03,4,612,0.0065359477124183,0.010857525446795,4.88098233507287
Rensselaer,2020-07-04T00:00:00.000,2,565,475,22623,22623,565,2020-07-04,2,475,0.00421052631578947,0.011252497037513,2.45737960367889
Rensselaer,2020-07-05T00:00:00.000,3,568,389,23012,23012,568,2020-07-05,3,389,0.0077120822622108,0.0116505825300921,3.6930494497771
Rensselaer,2020-07-06T00:00:00.000,3,571,162,23174,23174,571,2020-07-06,3,162,0.0185185185185185,0.012049026832451,3.69920231669677
Rensselaer,2020-07-07T00:00:00.000,9,580,304,23478,23478,580,2020-07-07,9,304,0.0296052631578947,0.0124447897546345,11.1132540323112
Rensselaer,2020-07-08T00:00:00.000,6,586,399,23877,23877,586,2020-07-08,6,399,0.0150375939849624,0.0128345602982011,7.41719106184765
Rensselaer,2020-07-09T00:00:00.000,2,588,252,24129,24129,588,2020-07-09,2,252,0.00793650793650794,0.0132147819613908,2.47443009313963
Rensselaer,2020-07-10T00:00:00.000,5,593,331,24460,24460,593,2020-07-10,5,331,0.0151057401812689,0.0135816901440507,6.18915043921677
Rensselaer,2020-07-11T00:00:00.000,23,616,378,24838,24838,616,2020-07-11,23,378,0.0608465608465608,0.0139313623241415,28.4745291155415
Rensselaer,2020-07-12T00:00:00.000,1,617,317,25155,25155,617,2020-07-12,1,317,0.00315457413249211,0.0142597811319116,1.23777844744382
Rensselaer,2020-07-13T00:00:00.000,8,625,416,25571,25571,625,2020-07-13,8,416,0.0192307692307692,0.0145629097750261,9.89669284782159
Rensselaer,2020-07-14T00:00:00.000,7,632,409,25980,25980,632,2020-07-14,7,409,0.0171149144254279,0.0148367784934921,8.65160353769918
Rensselaer,2020-07-15T00:00:00.000,7,639,495,26475,26475,639,2020-07-15,7,495,0.0141414141414141,0.015077579894657,8.64045232845797
Rensselaer,2020-07-16T00:00:00.000,4,643,442,26917,26917,643,2020-07-16,4,442,0.00904977375565611,0.0152817701870622,4.92925922961111
Rensselaer,2020-07-17T00:00:00.000,7,650,358,27275,27275,650,2020-07-17,7,358,0.0195530726256983,0.0154461725718094,8.61059942655977
Rensselaer,2020-07-18T00:00:00.000,1,651,225,27500,27500,651,2020-07-18,1,225,0.00444444444444444,0.015568078432093,1.23247372699084
Rensselaer,2020-07-19T00:00:00.000,2,653,295,27795,27795,653,2020-07-19,2,295,0.00677966101694915,0.015645341561195,2.4755742244948
Rensselaer,2020-07-20T00:00:00.000,5,658,476,28271,28271,658,2020-07-20,5,476,0.0105042016806723,0.0156764605560932,6.21071973983428
Rensselaer,2020-07-21T00:00:00.000,10,668,558,28829,28829,668,2020-07-21,10,558,0.017921146953405,0.0156606447159517,12.4546099237472
Rensselaer,2020-07-22T00:00:00.000,1,669,486,29315,29315,669,2020-07-22,1,486,0.00205761316872428,0.0155978593510432,1.24761997183202
Rensselaer,2020-07-23T00:00:00.000,7,676,429,29744,29744,676,2020-07-23,7,429,0.0163170163170163,0.015488847309825,8.73809158945369
Rensselaer,2020-07-24T00:00:00.000,5,681,396,30140,30140,681,2020-07-24,5,396,0.0126262626262626,0.0153351247259363,6.22533774632505
Rensselaer,2020-07-25T00:00:00.000,3,684,364,30504,30504,684,2020-07-25,3,364,0.00824175824175824,0.0151389503858133,3.69785124413959
Rensselaer,2020-07-26T00:00:00.000,3,687,624,31128,31128,687,2020-07-26,3,624,0.00480769230769231,0.0149032696315628,3.65513627466059
Rensselaer,2020-07-27T00:00:00.000,3,690,356,31484,31484,690,2020-07-27,3,356,0.00842696629213483,0.0146316351866028,3.65539165692352
Rensselaer,2020-07-28T00:00:00.000,4,694,345,31829,31829,694,2020-07-28,4,345,0.0115942028985507,0.0143281086380242,4.89673072452832
Rensselaer,2020-07-29T00:00:00.000,24,718,309,32138,32138,718,2020-07-29,24,309,0.0776699029126214,0.0139971473763148,29.4701172342358
Rensselaer,2020-07-30T00:00:00.000,6,724,413,32551,32551,724,2020-07-30,6,413,0.0145278450363196,0.0136434825130511,7.38589004303172
Rensselaer,2020-07-31T00:00:00.000,10,734,478,33029,33029,734,2020-07-31,10,478,0.0209205020920502,0.013271993610692,12.292317119489
Rensselaer,2020-08-01T00:00:00.000,2,736,265,33294,33294,736,2020-08-01,2,265,0.00754716981132075,0.0128875859451599,2.45170871708374
Rensselaer,2020-08-02T00:00:00.000,4,740,293,33587,33587,740,2020-08-02,4,293,0.0136518771331058,0.0124950755196916,4.90439466221088
Rensselaer,2020-08-03T00:00:00.000,8,748,491,34078,34078,748,2020-08-03,8,491,0.0162932790224033,0.0120990862209275,9.83049023561826
Rensselaer,2020-08-04T00:00:00.000,7,755,480,34558,34558,755,2020-08-04,7,480,0.0145833333333333,0.011703962438328,8.69439691898875
Rensselaer,2020-08-05T00:00:00.000,3,758,431,34989,34989,758,2020-08-05,3,431,0.00696055684454756,0.0113136992816698,3.7641549547453
Rensselaer,2020-08-06T00:00:00.000,1,759,371,35360,35360,759,2020-08-06,1,371,0.00269541778975741,0.0109318913175274,1.26652468272969
Rensselaer,2020-08-07T00:00:00.000,2,761,241,35601,35601,761,2020-08-07,2,241,0.00829875518672199,0.0105616996160327,2.54964484494252
Rensselaer,2020-08-08T00:00:00.000,4,765,435,36036,36036,765,2020-08-08,4,435,0.00919540229885057,0.0102058359276045,5.1245095810419
Rensselaer,2020-08-09T00:00:00.000,1,766,282,36318,36318,766,2020-08-09,1,282,0.00354609929078014,0.00986656204362666,1.28441385088506
Rensselaer,2020-08-10T00:00:00.000,4,770,435,36753,36753,770,2020-08-10,4,435,0.00919540229885057,0.00954570187067614,5.12297444782639
Rensselaer,2020-08-11T00:00:00.000,10,780,608,37361,37361,780,2020-08-11,10,608,0.0164473684210526,0.00924466345457945,12.7450997036889
Rensselaer,2020-08-12T00:00:00.000,2,782,610,37971,37971,782,2020-08-12,2,610,0.00327868852459016,0.00896446811371958,2.53365479415987
Rensselaer,2020-08-13T00:00:00.000,3,785,520,38491,38491,785,2020-08-13,3,520,0.00576923076923077,0.00870578394952103,3.77360236829568
Rensselaer,2020-08-14T00:00:00.000,4,789,420,38911,38911,789,2020-08-14,4,420,0.00952380952380952,0.00846896124155023,4.99762157716072
Rensselaer,2020-08-15T00:00:00.000,6,795,637,39548,39548,795,2020-08-15,6,637,0.00941915227629513,0.00825406758057335,7.47235627151028
Rensselaer,2020-08-16T00:00:00.000,0,795,304,39852,39852,795,2020-08-16,0,304,0,0.00806092098477739,0
Rensselaer,2020-08-17T00:00:00.000,6,801,422,40274,40274,801,2020-08-17,6,422,0.014218009478673,0.00788911966631338,7.40086051544755
Rensselaer,2020-08-18T00:00:00.000,3,804,439,40713,40713,804,2020-08-18,3,439,0.00683371298405467,0.00773806752990824,3.67722277132213
Rensselaer,2020-08-19T00:00:00.000,5,809,475,41188,41188,809,2020-08-19,5,475,0.0105263157894737,0.00760699488289657,6.08478840032016
Rensselaer,2020-08-20T00:00:00.000,1,810,593,41781,41781,810,2020-08-20,1,593,0.00168634064080944,0.0074949742031669,1.2072444988219
Rensselaer,2020-08-21T00:00:00.000,3,813,498,42279,42279,813,2020-08-21,3,498,0.00602409638554217,0.00740093115132292,3.59017652683941
Rensselaer,2020-08-22T00:00:00.000,4,817,563,42842,42842,817,2020-08-22,4,563,0.00710479573712256,0.00732365131475392,4.74211098461482
Rensselaer,2020-08-23T00:00:00.000,1,818,310,43152,43152,818,2020-08-23,1,310,0.0032258064516129,0.00726178345412362,1.17377774311393
Rensselaer,2020-08-24T00:00:00.000,1,819,363,43515,43515,819,2020-08-24,1,363,0.00275482093663912,0.00721384026761097,1.16265954057235
Rensselaer,2020-08-25T00:00:00.000,3,822,392,43907,43907,822,2020-08-25,3,392,0.0076530612244898,0.00717819791123269,3.47468936009584
Rensselaer,2020-08-26T00:00:00.000,1,823,343,44250,44250,823,2020-08-26,1,343,0.00291545189504373,0.00715309569726922,1.15331026879859
Rensselaer,2020-08-27T00:00:00.000,3,826,564,44814,44814,826,2020-08-27,3,564,0.00531914893617021,0.00713663752875679,3.44360710899438
Rensselaer,2020-08-28T00:00:00.000,4,830,405,45219,45219,830,2020-08-28,4,405,0.00987654320987654,0.00712679670017998,4.5529037453712
Rensselaer,2020-08-29T00:00:00.000,3,833,708,45927,45927,833,2020-08-29,3,708,0.00423728813559322,0.00712142568089772,3.4229618656015
Rensselaer,2020-08-30T00:00:00.000,5,838,311,46238,46238,838,2020-08-30,5,311,0.0160771704180064,0.00711827237020244,5.7296626431562
Rensselaer,2020-08-31T00:00:00.000,3,841,309,46547,46547,841,2020-08-31,3,309,0.00970873786407767,0.00711500406192738,3.44563802374968
Rensselaer,2020-09-01T00:00:00.000,3,844,446,46993,46993,844,2020-09-01,3,446,0.00672645739910314,0.00710923995044517,3.45311303171257
Rensselaer,2020-09-02T00:00:00.000,4,848,501,47494,47494,848,2020-09-02,4,501,0.00798403193612774,0.00709859246203006,4.61344967684016
Rensselaer,2020-09-03T00:00:00.000,6,854,379,47873,47873,854,2020-09-03,6,379,0.0158311345646438,0.007080717009742,6.93286052673727
Rensselaer,2020-09-04T00:00:00.000,4,858,540,48413,48413,858,2020-09-04,4,540,0.00740740740740741,0.00705336898346912,4.62935822469948
Rensselaer,2020-09-05T00:00:00.000,1,859,485,48898,48898,859,2020-09-05,1,485,0.00206185567010309,0.0070144659586705,1.15891269954717
Rensselaer,2020-09-06T00:00:00.000,1,860,217,49115,49115,860,2020-09-06,1,217,0.00460829493087558,0.0069621523154755,1.16016163380132
Rensselaer,2020-09-07T00:00:00.000,5,865,284,49399,49399,865,2020-09-07,5,284,0.0176056338028169,0.00689486278830427,5.80527934431322
Rensselaer,2020-09-08T00:00:00.000,1,866,262,49661,49661,866,2020-09-08,1,262,0.00381679389312977,0.00681138101974551,1.16156937264798
Rensselaer,2020-09-09T00:00:00.000,1,867,295,49956,49956,867,2020-09-09,1,295,0.00338983050847458,0.00671088904847142,1.16168087873147
Rensselaer,2020-09-10T00:00:00.000,3,870,600,50556,50556,870,2020-09-10,3,600,0.005,0.0065930038766779,3.48834276586201
Rensselaer,2020-09-11T00:00:00.000,6,876,492,51048,51048,876,2020-09-11,6,492,0.0121951219512195,0.00645779786867,6.98350914142616
Rensselaer,2020-09-12T00:00:00.000,3,879,407,51455,51455,879,2020-09-12,3,407,0.00737100737100737,0.00630580069165656,3.4927957663441
Rensselaer,2020-09-13T00:00:00.000,0,879,501,51956,51956,879,2020-09-13,0,501,0,0.0061379817538445,0
Rensselaer,2020-09-14T00:00:00.000,5,884,498,52454,52454,884,2020-09-14,5,498,0.0100401606425703,0.00595571350521658,5.85211810274757
Rensselaer,2020-09-15T00:00:00.000,3,887,357,52811,52811,887,2020-09-15,3,357,0.00840336134453781,0.00576071739462573,3.51805492046119
Rensselaer,2020-09-16T00:00:00.000,5,892,260,53071,53071,892,2020-09-16,5,260,0.0192307692307692,0.00555499556450239,5.86994532231781
Rensselaer,2020-09-17T00:00:00.000,3,895,571,53642,53642,895,2020-09-17,3,571,0.00525394045534151,0.005340752379703,3.52291229190375
Rensselaer,2020-09-18T00:00:00.000,1,896,397,54039,54039,896,2020-09-18,1,397,0.00251889168765743,0.00512031050909278,1.17362223421053
Rensselaer,2020-09-19T00:00:00.000,3,899,808,54847,54847,899,2020-09-19,3,808,0.00371287128712871,0.00489602646157145,3.51587722868188
Rensselaer,2020-09-20T00:00:00.000,2,901,309,55156,55156,901,2020-09-20,2,309,0.00647249190938511,0.00467021022016849,2.33870435342805
Rensselaer,2020-09-21T00:00:00.000,0,901,445,55601,55601,901,2020-09-21,0,445,0,0.00444505296918147,0
Rensselaer,2020-09-22T00:00:00.000,1,902,286,55887,55887,902,2020-09-22,1,286,0.0034965034965035,0.0042225659732746,1.16155219290896
Rensselaer,2020-09-23T00:00:00.000,1,903,460,56347,56347,903,2020-09-23,1,460,0.00217391304347826,0.00400453256915864,1.15889913679773
Rensselaer,2020-09-24T00:00:00.000,2,905,505,56852,56852,905,2020-09-24,2,505,0.00396039603960396,0.00379247409063392,2.31340194069986
Rensselaer,2020-09-25T00:00:00.000,3,908,649,57501,57501,908,2020-09-25,3,649,0.00462249614791988,0.00358762949918401,3.46290704263066
Rensselaer,2020-09-26T00:00:00.000,3,911,585,58086,58086,911,2020-09-26,3,585,0.00512820512820513,0.00339094761359444,3.45523679391588
Rensselaer,2020-09-27T00:00:00.000,2,913,342,58428,58428,913,2020-09-27,2,342,0.00584795321637427,0.0032030901926782,2.32065483609802
Rensselaer,2020-09-28T00:00:00.000,3,916,369,58797,58797,916,2020-09-28,3,369,0.00813008130081301,0.00302444374272528,3.54180088276459
Rensselaer,2020-09-29T00:00:00.000,3,919,1882,60679,60679,919,2020-09-29,3,1882,0.00159404888416578,0.0028551377955698,3.5991722910749
Rensselaer,2020-09-30T00:00:00.000,4,923,2239,62918,62918,923,2020-09-30,4,2239,0.00178651183564091,0.00269506749862284,4.86971216944849
Richmond,2020-04-01T00:00:00.000,279,3467,559,7719,7719,3467,2020-04-01,3467,7719,0.449151444487628,0.465795651734778,4415.28001439929
Richmond,2020-04-02T00:00:00.000,287,3754,563,8282,8282,3754,2020-04-02,287,563,0.509769094138544,0.45787930473025,364.602480876984
Richmond,2020-04-03T00:00:00.000,319,4073,679,8961,8961,4073,2020-04-03,319,679,0.46980854197349,0.449963583350774,407.466397705516
Richmond,2020-04-04T00:00:00.000,218,4291,513,9474,9474,4291,2020-04-04,218,513,0.42495126705653,0.44201996537705,280.734431065123
Richmond,2020-04-05T00:00:00.000,288,4579,600,10074,10074,4579,2020-04-05,288,600,0.48,0.434008205327088,373.874326948497
Richmond,2020-04-06T00:00:00.000,218,4797,605,10679,10679,4797,2020-04-06,218,605,0.360330578512397,0.425879499672484,285.124641188122
Richmond,2020-04-07T00:00:00.000,546,5343,1262,11941,11941,5343,2020-04-07,546,1262,0.432646592709984,0.417579601618954,716.724510996526
Richmond,2020-04-08T00:00:00.000,641,5984,1528,13469,13469,5984,2020-04-08,641,1528,0.419502617801047,0.409051861803697,843.785518000414
Richmond,2020-04-09T00:00:00.000,500,6484,1212,14681,14681,6484,2020-04-09,500,1212,0.412541254125413,0.400240170464016,659.640398335075
Richmond,2020-04-10T00:00:00.000,376,6860,807,15488,15488,6860,2020-04-10,376,807,0.465923172242875,0.391091773576542,496.911857546585
Richmond,2020-04-11T00:00:00.000,456,7316,1030,16518,16518,7316,2020-04-11,456,1030,0.442718446601942,0.381559928556355,603.395736089083
Richmond,2020-04-12T00:00:00.000,352,7668,887,17405,17405,7668,2020-04-12,352,887,0.39684329199549,0.371606356254512,466.144637066684
Richmond,2020-04-13T00:00:00.000,292,7960,725,18130,18130,7960,2020-04-13,292,725,0.402758620689655,0.361203435224556,387.508370342228
Richmond,2020-04-14T00:00:00.000,338,8298,743,18873,18873,8298,2020-04-14,338,743,0.454912516823688,0.350336073073184,450.668123718925
Richmond,2020-04-15T00:00:00.000,386,8684,1184,20057,20057,8684,2020-04-15,386,1184,0.326013513513513,0.33900318076611,516.945457965203
Richmond,2020-04-16T00:00:00.000,347,9031,1084,21141,21141,9031,2020-04-16,347,1084,0.320110701107011,0.327218670183033,466.597760947475
Richmond,2020-04-17T00:00:00.000,302,9333,1106,22247,22247,9333,2020-04-17,302,1106,0.273056057866184,0.315011897502281,407.540635498206
Richmond,2020-04-18T00:00:00.000,341,9674,1288,23535,23535,9674,2020-04-18,341,1288,0.264751552795031,0.302427485610782,461.547178882844
Richmond,2020-04-19T00:00:00.000,239,9913,874,24409,24409,9913,2020-04-19,239,874,0.273455377574371,0.289524481695066,324.202111515601
Richmond,2020-04-20T00:00:00.000,208,10121,882,25291,25291,10121,2020-04-20,208,882,0.235827664399093,0.276374839731956,282.409519111386
Richmond,2020-04-21T00:00:00.000,224,10345,998,26289,26289,10345,2020-04-21,224,998,0.224448897795591,0.26306126201077,304.12562996188
Richmond,2020-04-22T00:00:00.000,245,10590,1031,27320,27320,10590,2020-04-22,245,1031,0.237633365664403,0.249674483660739,332.981565496481
Richmond,2020-04-23T00:00:00.000,293,10883,1272,28592,28592,10883,2020-04-23,293,1272,0.230345911949686,0.236310134497736,399.715393779366
Richmond,2020-04-24T00:00:00.000,246,11129,1011,29603,29603,11129,2020-04-24,246,1011,0.243323442136499,0.223065355279843,336.724791902269
Richmond,2020-04-25T00:00:00.000,154,11283,882,30485,30485,11283,2020-04-25,154,882,0.174603174603175,0.210035373999486,211.413102613521
Richmond,2020-04-26T00:00:00.000,140,11423,658,31143,31143,11423,2020-04-26,140,658,0.212765957446809,0.197310256240775,192.670378682852
Richmond,2020-04-27T00:00:00.000,93,11516,567,31710,31710,11516,2020-04-27,93,567,0.164021164021164,0.184972029422688,128.105411457508
Richmond,2020-04-28T00:00:00.000,144,11660,935,32645,32645,11660,2020-04-28,144,935,0.154010695187166,0.173092345030248,198.245764429905
Richmond,2020-04-29T00:00:00.000,151,11811,841,33486,33486,11811,2020-04-29,151,841,0.179548156956005,0.161730790947067,207.682877664953
Richmond,2020-04-30T00:00:00.000,126,11937,849,34335,34335,11937,2020-04-30,126,849,0.148409893992933,0.150933904636534,173.064968428413
Richmond,2020-05-01T00:00:00.000,157,12094,918,35253,35253,12094,2020-05-01,157,918,0.171023965141612,0.140734876600273,215.275207197845
Richmond,2020-05-02T00:00:00.000,101,12195,729,35982,35982,12195,2020-05-02,101,729,0.138545953360768,0.131153879626698,138.204378573454
Richmond,2020-05-03T00:00:00.000,60,12255,549,36531,36531,12255,2020-05-03,60,549,0.109289617486339,0.122198919067754,81.9065638769541
Richmond,2020-05-04T00:00:00.000,62,12317,573,37104,37104,12317,2020-05-04,62,573,0.108202443280977,0.113867075504736,84.4240981506302
Richmond,2020-05-05T00:00:00.000,84,12401,702,37806,37806,12401,2020-05-05,84,702,0.11965811965812,0.106146003973823,114.251558328196
Richmond,2020-05-06T00:00:00.000,105,12506,828,38634,38634,12506,2020-05-06,105,828,0.126811594202899,0.0990155607920938,142.536240139558
Richmond,2020-05-07T00:00:00.000,72,12578,672,39306,39306,12578,2020-05-07,72,672,0.107142857142857,0.0924494463394394,97.5715466896586
Richmond,2020-05-08T00:00:00.000,72,12650,832,40138,40138,12650,2020-05-08,72,832,0.0865384615384615,0.0864167756175313,97.5916234231751
Richmond,2020-05-09T00:00:00.000,52,12702,717,40855,40855,12702,2020-05-09,52,717,0.0725244072524407,0.080883513826494,70.4712516924479
Richmond,2020-05-10T00:00:00.000,45,12747,493,41348,41348,12747,2020-05-10,45,493,0.0912778904665314,0.0758137385698538,60.881129641295
Richmond,2020-05-11T00:00:00.000,22,12769,517,41865,41865,12769,2020-05-11,22,517,0.0425531914893617,0.0711707114934759,29.5993227998545
Richmond,2020-05-12T00:00:00.000,41,12810,806,42671,42671,12810,2020-05-12,41,806,0.0508684863523573,0.0669177587253686,55.0961381354769
Richmond,2020-05-13T00:00:00.000,51,12861,869,43540,43540,12861,2020-05-13,51,869,0.0586881472957422,0.0630189716825961,68.8192421221756
Richmond,2020-05-14T00:00:00.000,48,12909,812,44352,44352,12909,2020-05-14,48,812,0.0591133004926108,0.0594397472539616,64.7044874289757
Richmond,2020-05-15T00:00:00.000,65,12974,843,45195,45195,12974,2020-05-15,65,843,0.0771055753262159,0.0561471903591087,87.6584784553616
Richmond,2020-05-16T00:00:00.000,37,13011,713,45908,45908,13011,2020-05-16,37,713,0.0518934081346424,0.0531104026455802,49.8885668638727
Richmond,2020-05-17T00:00:00.000,36,13047,571,46479,46479,13047,2020-05-17,36,571,0.0630472854640981,0.050300679911275,48.5929414038347
Richmond,2020-05-18T00:00:00.000,22,13069,621,47100,47100,13069,2020-05-18,22,621,0.035426731078905,0.0476916380765015,29.82304188747
Richmond,2020-05-19T00:00:00.000,31,13100,751,47851,47851,13100,2020-05-19,31,751,0.0412782956058589,0.0452592840584136,42.1461814743009
Richmond,2020-05-20T00:00:00.000,40,13140,908,48759,48759,13140,2020-05-20,40,908,0.0440528634361234,0.0429820441433936,54.5287740144709
Richmond,2020-05-21T00:00:00.000,31,13171,877,49636,49636,13171,2020-05-21,31,877,0.0353477765108324,0.0408407587112143,42.4221545320025
Richmond,2020-05-22T00:00:00.000,44,13215,1232,50868,50868,13215,2020-05-22,44,1232,0.0357142857142857,0.0388186489401088,60.3932550943849
Richmond,2020-05-23T00:00:00.000,51,13266,1120,51988,51988,13266,2020-05-23,51,1120,0.0455357142857143,0.0369012584121972,70.1521032723077
Richmond,2020-05-24T00:00:00.000,21,13287,732,52720,52720,13287,2020-05-24,21,732,0.0286885245901639,0.0350763706102943,28.9233501570497
Richmond,2020-05-25T00:00:00.000,38,13325,1047,53767,53767,13325,2020-05-25,38,1047,0.0362941738299905,0.0333339022325909,52.3591126577232
Richmond,2020-05-26T00:00:00.000,23,13348,720,54487,54487,13348,2020-05-26,23,720,0.0319444444444444,0.0316657719155881,31.7320837365556
Richmond,2020-05-27T00:00:00.000,56,13404,1623,56110,56110,13404,2020-05-27,56,1623,0.0345040049291436,0.0300657444710911,77.3489808579827
Richmond,2020-05-28T00:00:00.000,51,13455,1731,57841,57841,13455,2020-05-28,51,1731,0.0294627383015598,0.0285292517656354,70.4685837683304
Richmond,2020-05-29T00:00:00.000,50,13505,1376,59217,59217,13505,2020-05-29,50,1376,0.0363372093023256,0.0270531928976088,69.5705179326439
Richmond,2020-05-30T00:00:00.000,17,13522,1214,60431,60431,13522,2020-05-30,17,1214,0.014003294892916,0.0256357179509315,23.7761104297102
Richmond,2020-05-31T00:00:00.000,15,13537,1200,61631,61631,13537,2020-05-31,15,1200,0.0125,0.024276001181645,21.0450851078898
Richmond,2020-06-01T00:00:00.000,25,13562,972,62603,62603,13562,2020-06-01,25,972,0.0257201646090535,0.0229740107603232,35.1027291191585
Richmond,2020-06-02T00:00:00.000,23,13585,991,63594,63594,13585,2020-06-02,23,991,0.0232088799192735,0.0217302828994585,32.2278019009797
Richmond,2020-06-03T00:00:00.000,36,13621,1784,65378,65378,13621,2020-06-03,36,1784,0.0201793721973094,0.0205457083125686,50.2309205414105
Richmond,2020-06-04T00:00:00.000,42,13663,1576,66954,66954,13663,2020-06-04,42,1576,0.0266497461928934,0.0194213383726381,58.2364066536828
Richmond,2020-06-05T00:00:00.000,28,13691,1886,68840,68840,13691,2020-06-05,28,1886,0.0148462354188759,0.0183582171268904,38.610735855877
Richmond,2020-06-06T00:00:00.000,26,13717,1379,70219,70219,13717,2020-06-06,26,1379,0.018854242204496,0.0173572436783136,35.9982605609474
Richmond,2020-06-07T00:00:00.000,10,13727,1182,71401,71401,13727,2020-06-07,10,1182,0.00846023688663283,0.0164190674419028,13.8447280136265
Richmond,2020-06-08T00:00:00.000,20,13747,896,72297,72297,13747,2020-06-08,20,896,0.0223214285714286,0.0155440167453341,27.6601571034968
Richmond,2020-06-09T00:00:00.000,14,13761,1144,73441,73441,13761,2020-06-09,14,1144,0.0122377622377622,0.0147320593102484,19.321806744699
Richmond,2020-06-10T00:00:00.000,19,13780,1290,74731,74731,13780,2020-06-10,19,1290,0.0147286821705426,0.0139827915095512,26.1415558097189
Richmond,2020-06-11T00:00:00.000,20,13800,1547,76278,76278,13800,2020-06-11,20,1547,0.0129282482223659,0.01329545207129,27.4058056750283
Richmond,2020-06-12T00:00:00.000,17,13817,1596,77874,77874,13817,2020-06-12,17,1596,0.0106516290726817,0.0126689551439702,23.1671335313874
Richmond,2020-06-13T00:00:00.000,40,13857,1365,79239,79239,13857,2020-06-13,40,1365,0.0293040293040293,0.012101937334049,54.1746971384597
Richmond,2020-06-14T00:00:00.000,21,13878,1391,80630,80630,13878,2020-06-14,21,1391,0.01509705248023,0.0115928134310155,28.2816066849647
Richmond,2020-06-15T00:00:00.000,10,13888,2387,83017,83017,13888,2020-06-15,10,2387,0.00418935902806871,0.0111398359681272,13.4999074128412
Richmond,2020-06-16T00:00:00.000,5,13893,1328,84345,84345,13893,2020-06-16,5,1328,0.00376506024096386,0.0107411543951169,6.75689687266759
Richmond,2020-06-17T00:00:00.000,7,13900,1579,85924,85924,13900,2020-06-17,7,1579,0.00443318556048132,0.0103948704058111,9.45590573623621
Richmond,2020-06-18T00:00:00.000,17,13917,2306,88230,88230,13917,2020-06-18,17,2306,0.00737207285342585,0.0100990867214005,22.8561579570959
Richmond,2020-06-19T00:00:00.000,27,13944,1882,90112,90112,13944,2020-06-19,27,1882,0.014346439957492,0.00985194737657843,36.046235114764
Richmond,2020-06-20T00:00:00.000,14,13958,1749,91861,91861,13958,2020-06-20,14,1749,0.00800457404230989,0.00965166816829385,18.5067302696257
Richmond,2020-06-21T00:00:00.000,13,13971,1507,93368,93368,13971,2020-06-21,13,1507,0.0086264100862641,0.00949655645584812,17.0069433311679
Richmond,2020-06-22T00:00:00.000,12,13983,1121,94489,94489,13983,2020-06-22,12,1121,0.0107047279214987,0.00938501989299862,15.5303494090914
Richmond,2020-06-23T00:00:00.000,11,13994,1894,96383,96383,13994,2020-06-23,11,1894,0.0058078141499472,0.00931556396339747,14.0800847346472
Richmond,2020-06-24T00:00:00.000,26,14020,2032,98415,98415,14020,2020-06-24,26,2032,0.0127952755905512,0.00928677841991454,32.9118216654995
Richmond,2020-06-25T00:00:00.000,17,14037,1707,100122,100122,14037,2020-06-25,17,1707,0.00995899238429994,0.00929731289596341,21.2814685854432
Richmond,2020-06-26T00:00:00.000,15,14052,1697,101819,101819,14052,2020-06-26,15,1697,0.00883912787271656,0.00934584215462311,18.5727725351044
Richmond,2020-06-27T00:00:00.000,21,14073,1581,103400,103400,14073,2020-06-27,21,1581,0.0132827324478178,0.00943102165058813,25.8272113160387
Richmond,2020-06-28T00:00:00.000,9,14082,979,104379,104379,14082,2020-06-28,9,979,0.00919305413687436,0.00955143438735878,11.0242949399522
Richmond,2020-06-29T00:00:00.000,11,14093,1749,106128,106128,14093,2020-06-29,11,1749,0.00628930817610063,0.00970553044852878,13.4071471656755
Richmond,2020-06-30T00:00:00.000,16,14109,1304,107432,107432,14109,2020-06-30,16,1304,0.0122699386503067,0.00989156109769806,19.4114339493366
Richmond,2020-07-01T00:00:00.000,16,14125,1787,109219,109219,14125,2020-07-01,16,1787,0.0089535534415221,0.0101075099618881,19.2605811362785
Richmond,2020-07-02T00:00:00.000,39,14164,1955,111174,111174,14164,2020-07-02,39,1955,0.0199488491048593,0.0103510245240486,47.1665852857173
Richmond,2020-07-03T00:00:00.000,26,14190,1613,112787,112787,14190,2020-07-03,26,1613,0.0161190328580285,0.0106193518730883,31.6560926315608
Richmond,2020-07-04T00:00:00.000,12,14202,1578,114365,114365,14202,2020-07-04,12,1578,0.00760456273764259,0.0109092833373057,14.6986764791925
Richmond,2020-07-05T00:00:00.000,11,14213,1362,115727,115727,14213,2020-07-05,11,1362,0.00807635829662261,0.0112171131475553,13.4899363121119
Richmond,2020-07-06T00:00:00.000,12,14225,1707,117434,117434,14225,2020-07-06,12,1707,0.0070298769771529,0.0115386165017405,14.7329003875958
Richmond,2020-07-07T00:00:00.000,18,14243,1406,118840,118840,14243,2020-07-07,18,1406,0.0128022759601707,0.0118690522355611,22.1214752033627
Richmond,2020-07-08T00:00:00.000,19,14262,1592,120432,120432,14262,2020-07-08,19,1592,0.0119346733668342,0.0122031946231645,23.3695888180877
Richmond,2020-07-09T00:00:00.000,23,14285,1874,122306,122306,14285,2020-07-09,23,1874,0.012273212379936,0.0125353975689378,28.3061523740763
Richmond,2020-07-10T00:00:00.000,23,14308,1837,124143,124143,14308,2020-07-10,23,1837,0.0125204137180185,0.0128596926029711,28.3149988151249
Richmond,2020-07-11T00:00:00.000,21,14329,1681,125824,125824,14329,2020-07-11,21,1681,0.0124925639500297,0.0131699197450208,25.8527629278794
Richmond,2020-07-12T00:00:00.000,12,14341,1495,127319,127319,14341,2020-07-12,12,1495,0.00802675585284281,0.0134598875975418,14.7678414058028
Richmond,2020-07-13T00:00:00.000,31,14372,1891,129210,129210,14372,2020-07-13,31,1891,0.0163934426229508,0.0137235562247886,38.122699809401
Richmond,2020-07-14T00:00:00.000,17,14389,1604,130814,130814,14389,2020-07-14,17,1604,0.0105985037406484,0.0139552337798811,20.8827284551766
Richmond,2020-07-15T00:00:00.000,28,14417,1878,132692,132692,14417,2020-07-15,28,1878,0.0149094781682641,0.0141497757713208,34.3430025166772
Richmond,2020-07-16T00:00:00.000,22,14439,2004,134696,134696,14439,2020-07-16,22,2004,0.0109780439121756,0.0143027746304407,26.9320251219828
Richmond,2020-07-17T00:00:00.000,20,14459,1566,136262,136262,14459,2020-07-17,20,1566,0.0127713920817369,0.014410727066173,24.4315962406287
Richmond,2020-07-18T00:00:00.000,21,14480,1301,137563,137563,14480,2020-07-18,21,1301,0.016141429669485,0.0144711676910043,25.6935327102508
Richmond,2020-07-19T00:00:00.000,23,14503,1213,138776,138776,14503,2020-07-19,23,1213,0.0189612530915087,0.0144827595314478,28.2501279817287
Richmond,2020-07-20T00:00:00.000,36,14539,2050,140826,140826,14539,2020-07-20,36,2050,0.0175609756097561,0.0144453350997134,44.3529375692831
Richmond,2020-07-21T00:00:00.000,18,14557,1252,142078,142078,14557,2020-07-21,18,1252,0.0143769968051118,0.014359885404061,22.2247440868906
Richmond,2020-07-22T00:00:00.000,30,14587,1890,143968,143968,14587,2020-07-22,30,1890,0.0158730158730159,0.0142284981938698,37.0862549321506
Richmond,2020-07-23T00:00:00.000,26,14613,2065,146033,146033,14613,2020-07-23,26,2065,0.012590799031477,0.0140542504592132,32.1418418226036
Richmond,2020-07-24T00:00:00.000,20,14633,1908,147941,147941,14633,2020-07-24,20,1908,0.010482180293501,0.0138410633362838,24.6474006132003
Richmond,2020-07-25T00:00:00.000,16,14649,1116,149057,149057,14649,2020-07-25,16,1116,0.014336917562724,0.0135935298234162,19.5106533296265
Richmond,2020-07-26T00:00:00.000,32,14681,1401,150458,150458,14681,2020-07-26,32,1401,0.0228408279800143,0.0133167268763708,38.5517316603804
Richmond,2020-07-27T00:00:00.000,17,14698,1571,152029,152029,14698,2020-07-27,17,1571,0.0108211330362826,0.013016023564229,20.472936015158
Richmond,2020-07-28T00:00:00.000,29,14727,1531,153560,153560,14727,2020-07-28,29,1531,0.0189418680600914,0.0126968960390458,35.074791559345
Richmond,2020-07-29T00:00:00.000,21,14748,1720,155280,155280,14748,2020-07-29,21,1720,0.0122093023255814,0.0123647583907067,25.4685679719919
Richmond,2020-07-30T00:00:00.000,16,14764,1562,156842,156842,14764,2020-07-30,16,1562,0.0102432778489117,0.0120248162410095,19.4485349235371
Richmond,2020-07-31T00:00:00.000,17,14781,2229,159071,159071,14781,2020-07-31,17,2229,0.00762673844773441,0.0116819474777135,20.6319646797738
Richmond,2020-08-01T00:00:00.000,24,14805,1599,160670,160670,14805,2020-08-01,24,1599,0.0150093808630394,0.011340612123387,29.0466873058
Richmond,2020-08-02T00:00:00.000,17,14822,1421,162091,162091,14822,2020-08-02,17,1421,0.011963406052076,0.0110047911726048,20.5806284944757
Richmond,2020-08-03T00:00:00.000,18,14840,1840,163931,163931,14840,2020-08-03,18,1840,0.00978260869565217,0.0106779524681828,21.8439531010743
Richmond,2020-08-04T00:00:00.000,14,14854,1492,165423,165423,14854,2020-08-04,14,1492,0.00938337801608579,0.0103630404203027,17.1784860192406
Richmond,2020-08-05T00:00:00.000,23,14877,1916,167339,167339,14877,2020-08-05,23,1916,0.0120041753653445,0.0100624855739776,28.5222734012208
Richmond,2020-08-06T00:00:00.000,14,14891,1679,169018,169018,14891,2020-08-06,14,1679,0.0083382966051221,0.00977822970157166,17.5346938090383
Richmond,2020-08-07T00:00:00.000,18,14909,2154,171172,171172,14909,2020-08-07,18,2154,0.00835654596100279,0.0095117621342577,22.707792423487
Richmond,2020-08-08T00:00:00.000,12,14921,1395,172567,172567,14921,2020-08-08,12,1395,0.00860215053763441,0.00926416336549534,15.2254215690625
Richmond,2020-08-09T00:00:00.000,13,14934,1656,174223,174223,14934,2020-08-09,13,1656,0.00785024154589372,0.00903615247572087,16.5512234729747
Richmond,2020-08-10T00:00:00.000,19,14953,2137,176360,176360,14953,2020-08-10,19,2137,0.00889096864763687,0.00882813553164898,24.1447054636042
Richmond,2020-08-11T00:00:00.000,21,14974,2162,178522,178522,14974,2020-08-11,21,2162,0.00971322849213691,0.00864025275638541,26.5843512295553
Richmond,2020-08-12T00:00:00.000,24,14998,2896,181418,181418,14998,2020-08-12,24,2896,0.00828729281767956,0.00847242288202752,30.2327044551454
Richmond,2020-08-13T00:00:00.000,19,15017,2232,183650,183650,15017,2020-08-13,19,2232,0.00851254480286738,0.00832438364060578,23.7926547245296
Richmond,2020-08-14T00:00:00.000,29,15046,2189,185839,185839,15046,2020-08-14,29,2189,0.0132480584741891,0.00819572782931631,36.1141263208984
Richmond,2020-08-15T00:00:00.000,20,15066,1946,187785,187785,15066,2020-08-15,20,1946,0.0102774922918808,0.00808593475203737,24.8566465428957
Richmond,2020-08-16T00:00:00.000,7,15073,1454,189239,189239,15073,2020-08-16,7,1454,0.00481430536451169,0.00799439713787864,8.67321718553546
Richmond,2020-08-17T00:00:00.000,14,15087,1440,190679,190679,15087,2020-08-17,14,1440,0.00972222222222222,0.00792044383662112,17.2755189350123
Richmond,2020-08-18T00:00:00.000,14,15101,2347,193026,193026,15101,2020-08-18,14,2347,0.00596506178099702,0.00786335872851165,17.1879578154793
Richmond,2020-08-19T00:00:00.000,17,15118,2464,195490,195490,15118,2020-08-19,17,2464,0.00689935064935065,0.00782239635786529,20.7461286433614
Richmond,2020-08-20T00:00:00.000,11,15129,2418,197908,197908,15129,2020-08-20,11,2418,0.00454921422663358,0.00779679482836691,13.3322213842623
Richmond,2020-08-21T00:00:00.000,13,15142,2419,200327,200327,15142,2020-08-21,13,2419,0.00537412153782555,0.00778578647867305,15.6364987045114
Richmond,2020-08-22T00:00:00.000,20,15162,2047,202374,202374,15162,2020-08-22,20,2047,0.00977039570102589,0.00778860682816857,23.8569505601787
Richmond,2020-08-23T00:00:00.000,15,15177,1899,204273,204273,15177,2020-08-23,15,1899,0.00789889415481832,0.00780450220920735,17.7340251771376
Richmond,2020-08-24T00:00:00.000,12,15189,1977,206250,206250,15189,2020-08-24,12,1977,0.00606980273141123,0.00783273644134275,14.0672273008383
Richmond,2020-08-25T00:00:00.000,17,15206,2296,208546,208546,15206,2020-08-25,17,2296,0.00740418118466899,0.00787259681661836,19.8725642268098
Richmond,2020-08-26T00:00:00.000,18,15224,1950,210496,210496,15224,2020-08-26,18,1950,0.00923076923076923,0.00792339958522789,20.9729932133769
Richmond,2020-08-27T00:00:00.000,15,15239,2716,213212,213212,15239,2020-08-27,15,2716,0.00552282768777614,0.00798449505416276,17.4124138904268
Richmond,2020-08-28T00:00:00.000,13,15252,2633,215845,215845,15252,2020-08-28,13,2633,0.00493733383972655,0.00805527233846382,14.9792619501128
Richmond,2020-08-29T00:00:00.000,17,15269,2346,218191,218191,15269,2020-08-29,17,2346,0.0072463768115942,0.00813516373961303,19.6566571444621
Richmond,2020-08-30T00:00:00.000,19,15288,1528,219719,219719,15288,2020-08-30,19,1528,0.012434554973822,0.00822364868462732,22.0892842197907
Richmond,2020-08-31T00:00:00.000,20,15308,2469,222188,222188,15308,2020-08-31,20,2469,0.00810044552450385,0.00832025711143955,23.3332133332465
Richmond,2020-09-01T00:00:00.000,24,15332,2045,224233,224233,15332,2020-09-01,24,2045,0.0117359413202934,0.00842457217774181,28.097860353737
Richmond,2020-09-02T00:00:00.000,18,15350,2887,227120,227120,15350,2020-09-02,18,2887,0.00623484586075511,0.00853623215768676,21.1469480765246
Richmond,2020-09-03T00:00:00.000,19,15369,2641,229761,229761,15369,2020-09-03,19,2641,0.00719424460431655,0.00865493140055302,22.3992487676434
Richmond,2020-09-04T00:00:00.000,24,15393,2553,232314,232314,15393,2020-09-04,24,2553,0.00940070505287897,0.008780420249981,28.3912104245552
Richmond,2020-09-05T00:00:00.000,27,15420,2668,234982,234982,15420,2020-09-05,27,2668,0.010119940029985,0.00891250385413167,32.0490379956727
Richmond,2020-09-06T00:00:00.000,31,15451,1846,236828,236828,15451,2020-09-06,31,1846,0.0167930660888407,0.00905103983111817,36.921189876067
Richmond,2020-09-07T00:00:00.000,15,15466,1483,238311,238311,15466,2020-09-07,15,1483,0.0101146325016858,0.00919593480771784,17.9246796505503
Richmond,2020-09-08T00:00:00.000,20,15486,1827,240138,240138,15486,2020-09-08,20,1827,0.0109469074986316,0.00934713988965678,23.9783615782767
Richmond,2020-09-09T00:00:00.000,24,15510,2525,242663,242663,15510,2020-09-09,24,2525,0.0095049504950495,0.00950464516477241,28.8677986569615
Richmond,2020-09-10T00:00:00.000,27,15537,1967,244630,244630,15537,2020-09-10,27,1967,0.0137264870360956,0.00966847339159774,32.6203877634692
Richmond,2020-09-11T00:00:00.000,28,15565,3042,247672,247672,15565,2020-09-11,28,3042,0.00920447074293228,0.00983867305257249,33.9911372468199
Richmond,2020-09-12T00:00:00.000,17,15582,1740,249412,249412,15582,2020-09-12,17,1740,0.00977011494252874,0.0100153109866678,20.7297124824548
Richmond,2020-09-13T00:00:00.000,22,15604,1601,251013,251013,15604,2020-09-13,22,1601,0.0137414116177389,0.0101984648409355,27.013894855792
Richmond,2020-09-14T00:00:00.000,27,15631,2318,253331,253331,15631,2020-09-14,27,2318,0.0116479723899914,0.0103882155937577,33.4093139444331
Richmond,2020-09-15T00:00:00.000,11,15642,1532,254863,254863,15642,2020-09-15,11,1532,0.00718015665796345,0.0105846404084777,13.708628243029
Richmond,2020-09-16T00:00:00.000,24,15666,2426,257289,257289,15666,2020-09-16,24,2426,0.00989282769991756,0.010787806087884,30.1092705946719
Richmond,2020-09-17T00:00:00.000,23,15689,2017,259306,259306,15689,2020-09-17,23,2017,0.0114030738720873,0.0109977633773345,29.0321102931125
Richmond,2020-09-18T00:00:00.000,24,15713,2718,262024,262024,15713,2020-09-18,24,2718,0.00883002207505519,0.0112145423619483,30.464082023964
Richmond,2020-09-19T00:00:00.000,17,15730,2408,264432,264432,15730,2020-09-19,17,2408,0.00705980066445183,0.0114381491797899,21.6876536086533
Richmond,2020-09-20T00:00:00.000,23,15753,1329,265761,265761,15753,2020-09-20,23,1329,0.017306245297216,0.0116685642349705,29.4741482471416
Richmond,2020-09-21T00:00:00.000,33,15786,2287,268048,268048,15786,2020-09-21,33,2287,0.0144293834717971,0.0119057420645715,42.4568531765692
Richmond,2020-09-22T00:00:00.000,13,15799,1076,269124,269124,15799,2020-09-22,13,1076,0.0120817843866171,0.0121496129699563,16.783428446092
Richmond,2020-09-23T00:00:00.000,24,15823,2677,271801,271801,15823,2020-09-23,24,2677,0.00896525961897647,0.0124000864529954,31.1418328523607
Richmond,2020-09-24T00:00:00.000,14,15837,2118,273919,273919,15837,2020-09-24,14,2118,0.00661000944287063,0.0126570564623564,18.2679639158843
Richmond,2020-09-25T00:00:00.000,30,15867,2524,276443,276443,15867,2020-09-25,30,2524,0.0118858954041204,0.0129204083679844,39.3629554803371
Richmond,2020-09-26T00:00:00.000,23,15890,2226,278669,278669,15890,2020-09-26,23,2226,0.0103324348607367,0.013190027531812,30.3442815421488
Richmond,2020-09-27T00:00:00.000,23,15913,1743,280412,280412,15913,2020-09-27,23,1743,0.0131956397016638,0.0134658092671901,30.8087955141647
Richmond,2020-09-28T00:00:00.000,37,15950,2385,282797,282797,15950,2020-09-28,37,2385,0.0155136268343816,0.013747669931705,50.8233127616607
Richmond,2020-09-29T00:00:00.000,39,15989,1763,284560,284560,15989,2020-09-29,39,1763,0.0221213840045377,0.0140355588351479,54.8663731162858
Richmond,2020-09-30T00:00:00.000,36,16025,2281,286841,286841,16025,2020-09-30,36,2281,0.0157825515124945,0.014329470632071,51.7978641039913
Rockland,2020-04-01T00:00:00.000,430,3751,904,9111,9111,3751,2020-04-01,3751,9111,0.411700142684667,0.441583732836847,4751.52739579115
Rockland,2020-04-02T00:00:00.000,538,4289,997,10108,10108,4289,2020-04-02,538,997,0.539618856569709,0.440243023122068,680.791531892205
Rockland,2020-04-03T00:00:00.000,583,4872,1124,11232,11232,4872,2020-04-03,583,1124,0.518683274021352,0.438869845793443,742.823285227081
Rockland,2020-04-04T00:00:00.000,454,5326,880,12112,12112,5326,2020-04-04,454,880,0.515909090909091,0.437411061153653,584.036281648281
Rockland,2020-04-05T00:00:00.000,377,5703,732,12844,12844,5703,2020-04-05,377,732,0.515027322404372,0.435793281943688,489.612802977638
Rockland,2020-04-06T00:00:00.000,287,5990,662,13506,13506,5990,2020-04-06,287,662,0.433534743202417,0.433927253417358,376.073882874362
Rockland,2020-04-07T00:00:00.000,423,6413,1027,14533,14533,6413,2020-04-07,423,1027,0.411879259980526,0.431712166932049,557.115809727807
Rockland,2020-04-08T00:00:00.000,252,6665,648,15181,15181,6665,2020-04-08,252,648,0.388888888888889,0.429039907844857,333.308592926656
Rockland,2020-04-09T00:00:00.000,457,7122,1013,16194,16194,7122,2020-04-09,457,1013,0.451135241855874,0.425799235127595,606.655111537585
Rockland,2020-04-10T00:00:00.000,355,7477,785,16979,16979,7477,2020-04-10,355,785,0.452229299363057,0.42187988855878,472.727516588458
Rockland,2020-04-11T00:00:00.000,244,7721,569,17548,17548,7721,2020-04-11,244,569,0.428822495606327,0.417176616580084,325.763888583606
Rockland,2020-04-12T00:00:00.000,244,7965,586,18134,18134,7965,2020-04-12,244,586,0.416382252559727,0.411593114520366,326.442241791638
Rockland,2020-04-13T00:00:00.000,370,8335,779,18913,18913,8335,2020-04-13,370,779,0.474967907573813,0.405045854625226,496.67830744432
Rockland,2020-04-14T00:00:00.000,139,8474,371,19284,19284,8474,2020-04-14,139,371,0.37466307277628,0.397467773151667,187.68806088232
Rockland,2020-04-15T00:00:00.000,278,8752,830,20114,20114,8752,2020-04-15,278,830,0.334939759036145,0.388811754240592,377.446824838905
Rockland,2020-04-16T00:00:00.000,235,8987,678,20792,20792,8987,2020-04-16,235,678,0.346607669616519,0.379053812584886,320.676634692216
Rockland,2020-04-17T00:00:00.000,184,9171,610,21402,21402,9171,2020-04-17,184,610,0.301639344262295,0.368195832533858,252.206914827516
Rockland,2020-04-18T00:00:00.000,193,9364,547,21949,21949,9364,2020-04-18,193,547,0.352833638025594,0.356267673078007,265.542809966618
Rockland,2020-04-19T00:00:00.000,93,9457,316,22265,22265,9457,2020-04-19,93,316,0.294303797468354,0.343328410307456,128.322653537906
Rockland,2020-04-20T00:00:00.000,111,9568,407,22672,22672,9568,2020-04-20,111,407,0.272727272727273,0.329466471218962,153.380534610076
Rockland,2020-04-21T00:00:00.000,131,9699,478,23150,23150,9699,2020-04-21,131,478,0.274058577405858,0.314798432355335,181.081408970431
Rockland,2020-04-22T00:00:00.000,129,9828,584,23734,23734,9828,2020-04-22,129,584,0.220890410958904,0.299466321867787,178.542330600336
Rockland,2020-04-23T00:00:00.000,263,10091,1255,24989,24989,10091,2020-04-23,263,1255,0.209561752988048,0.283633379177436,365.398282241697
Rockland,2020-04-24T00:00:00.000,1000,11091,2606,27595,27595,11091,2020-04-24,1000,2606,0.383729854182655,0.267478382801243,1393.88082111651
Rockland,2020-04-25T00:00:00.000,165,11256,677,28272,28272,11256,2020-04-25,165,677,0.243722304283604,0.25118883401733,230.6035091252
Rockland,2020-04-26T00:00:00.000,110,11366,565,28837,28837,11366,2020-04-26,110,565,0.194690265486726,0.234953450032544,154.050395288098
Rockland,2020-04-27T00:00:00.000,87,11453,537,29374,29374,11453,2020-04-27,87,537,0.162011173184358,0.218954540456984,121.878912142226
Rockland,2020-04-28T00:00:00.000,133,11586,528,29902,29902,11586,2020-04-28,133,528,0.251893939393939,0.203360885770805,186.076711593913
Rockland,2020-04-29T00:00:00.000,122,11708,691,30593,30593,11708,2020-04-29,122,691,0.176555716353111,0.188321692203637,170.370477221615
Rockland,2020-04-30T00:00:00.000,104,11812,823,31416,31416,11812,2020-04-30,104,823,0.12636695018226,0.173962068156228,144.890108335148
Rockland,2020-05-01T00:00:00.000,133,11945,779,32195,32195,11945,2020-05-01,133,779,0.170731707317073,0.160380278816694,184.765519399413
Rockland,2020-05-02T00:00:00.000,80,12025,598,32793,32793,12025,2020-05-02,80,598,0.133779264214047,0.147646823529135,110.773202706971
Rockland,2020-05-03T00:00:00.000,70,12095,476,33269,33269,12095,2020-05-03,70,476,0.147058823529412,0.135805184217727,96.5718152802691
Rockland,2020-05-04T00:00:00.000,49,12144,437,33706,33706,12144,2020-05-04,49,437,0.112128146453089,0.124873943342526,67.3407868347603
Rockland,2020-05-05T00:00:00.000,60,12204,401,34107,34107,12204,2020-05-05,60,401,0.149625935162095,0.114849883787172,82.2539547195161
Rockland,2020-05-06T00:00:00.000,76,12280,852,34959,34959,12280,2020-05-06,76,852,0.0892018779342723,0.105711661676941,103.846421773548
Rockland,2020-05-07T00:00:00.000,69,12349,740,35699,35699,12349,2020-05-07,69,740,0.0932432432432432,0.0974236757987358,93.9973918571758
Rockland,2020-05-08T00:00:00.000,51,12400,669,36368,36368,12400,2020-05-08,51,669,0.0762331838565022,0.0899398261717641,69.4041789282463
Rockland,2020-05-09T00:00:00.000,51,12451,582,36950,36950,12451,2020-05-09,51,582,0.0876288659793814,0.0832069398586068,69.3120544617329
Rockland,2020-05-10T00:00:00.000,33,12484,564,37514,37514,12484,2020-05-10,33,564,0.0585106382978723,0.0771677283086209,44.725263554642
Rockland,2020-05-11T00:00:00.000,20,12504,368,37882,37882,12504,2020-05-11,20,368,0.0543478260869565,0.0717632161367561,26.9307934150474
Rockland,2020-05-12T00:00:00.000,39,12543,637,38519,38519,12543,2020-05-12,39,637,0.0612244897959184,0.0669346398112714,52.4098435806447
Rockland,2020-05-13T00:00:00.000,53,12596,1096,39615,39615,12596,2020-05-13,53,1096,0.0483576642335766,0.0626248557416255,71.4731827114138
Rockland,2020-05-14T00:00:00.000,41,12637,851,40466,40466,12637,2020-05-14,41,851,0.0481786133960047,0.0587793211516071,55.2066992280389
Rockland,2020-05-15T00:00:00.000,51,12688,1035,41501,41501,12688,2020-05-15,51,1035,0.0492753623188406,0.0553467221464633,68.6795016465905
Rockland,2020-05-16T00:00:00.000,70,12758,779,42280,42280,12758,2020-05-16,70,779,0.0898587933247754,0.0522793242350745,94.2350317742583
Rockland,2020-05-17T00:00:00.000,19,12777,486,42766,42766,12777,2020-05-17,19,486,0.0390946502057613,0.0495331154263536,25.6068682749376
Rockland,2020-05-18T00:00:00.000,21,12798,338,43104,43104,12798,2020-05-18,21,338,0.0621301775147929,0.0470678030195077,28.42999093304
Rockland,2020-05-19T00:00:00.000,33,12831,577,43681,43681,12831,2020-05-19,33,577,0.0571923743500867,0.0448467147965761,44.8242234428406
Rockland,2020-05-20T00:00:00.000,46,12877,1091,44772,44772,12877,2020-05-20,46,1091,0.0421631530705774,0.0428366447296079,62.6868448989
Rockland,2020-05-21T00:00:00.000,28,12905,790,45562,45562,12905,2020-05-21,28,790,0.0354430379746835,0.0410076732045687,38.3324159238769
Rockland,2020-05-22T00:00:00.000,29,12934,814,46376,46376,12934,2020-05-22,29,814,0.0356265356265356,0.0393329828933609,39.8570733709326
Rockland,2020-05-23T00:00:00.000,29,12963,735,47111,47111,12963,2020-05-23,29,735,0.0394557823129252,0.0377886836103963,39.9853200788241
Rockland,2020-05-24T00:00:00.000,33,12996,634,47745,47745,12996,2020-05-24,33,634,0.0520504731861199,0.0363536530133856,45.613834370035
Rockland,2020-05-25T00:00:00.000,23,13019,652,48397,48397,13019,2020-05-25,23,652,0.0352760736196319,0.0350093948566372,31.8468411689473
Rockland,2020-05-26T00:00:00.000,28,13047,554,48951,48951,13047,2020-05-26,28,554,0.0505415162454874,0.033739912426298,38.8762328034919
Rockland,2020-05-27T00:00:00.000,29,13076,1115,50066,50066,13076,2020-05-27,29,1115,0.0260089686098655,0.0325315920693672,40.3727100103746
Rockland,2020-05-28T00:00:00.000,24,13100,1097,51163,51163,13100,2020-05-28,24,1097,0.0218778486782133,0.0313730900024922,33.4782925718535
Rockland,2020-05-29T00:00:00.000,28,13128,807,51970,51970,13128,2020-05-29,28,807,0.0346964064436183,0.0302552151294659,39.3977513745496
Rockland,2020-05-30T00:00:00.000,23,13151,616,52586,52586,13151,2020-05-30,23,616,0.0373376623376623,0.029170801039244,32.5859217940095
Rockland,2020-05-31T00:00:00.000,34,13185,682,53268,53268,13185,2020-05-31,34,682,0.0498533724340176,0.0281145617455367,48.4076233971035
Rockland,2020-06-01T00:00:00.000,38,13223,785,54053,54053,13223,2020-06-01,38,785,0.0484076433121019,0.0270829278245782,54.2413324940228
Rockland,2020-06-02T00:00:00.000,36,13259,1088,55141,55141,13259,2020-06-02,36,1088,0.0330882352941176,0.026073862046861,51.37115715733
Rockland,2020-06-03T00:00:00.000,21,13280,969,56110,56110,13280,2020-06-03,21,969,0.021671826625387,0.0250866562531519,29.89235265802
Rockland,2020-06-04T00:00:00.000,17,13297,1191,57301,57301,13297,2020-06-04,17,1191,0.0142737195633921,0.0241217136595348,24.0883526875989
Rockland,2020-06-05T00:00:00.000,18,13315,1030,58331,58331,13315,2020-06-05,18,1030,0.0174757281553398,0.0231803227263882,25.4068866476346
Rockland,2020-06-06T00:00:00.000,10,13325,795,59126,59126,13325,2020-06-06,10,795,0.0125786163522013,0.0222644301019609,14.1945376278631
Rockland,2020-06-07T00:00:00.000,15,13340,761,59887,59887,13340,2020-06-07,15,761,0.0197109067017083,0.0213764206189977,21.3223141288333
Rockland,2020-06-08T00:00:00.000,13,13353,847,60734,60734,13353,2020-06-08,13,847,0.0153482880755608,0.0205189120712076,18.4853256846147
Rockland,2020-06-09T00:00:00.000,19,13372,843,61577,61577,13372,2020-06-09,19,843,0.0225385527876631,0.0196945714819468,26.9948927894338
Rockland,2020-06-10T00:00:00.000,13,13385,976,62553,62553,13385,2020-06-10,13,976,0.0133196721311475,0.0189059579962436,18.4340882799413
Rockland,2020-06-11T00:00:00.000,11,13396,905,63458,63458,13396,2020-06-11,11,905,0.0121546961325967,0.0181553956098037,15.5501837138719
Rockland,2020-06-12T00:00:00.000,15,13411,885,64343,64343,13411,2020-06-12,15,885,0.0169491525423729,0.0174448769275351,21.1060688585119
Rockland,2020-06-13T00:00:00.000,12,13423,876,65219,65219,13423,2020-06-13,12,876,0.0136986301369863,0.0167759972105947,16.7919484127276
Rockland,2020-06-14T00:00:00.000,18,13441,797,66016,66016,13441,2020-06-14,18,797,0.0225846925972397,0.0161499163245088,25.0585208272903
Rockland,2020-06-15T00:00:00.000,19,13460,770,66786,66786,13460,2020-06-15,19,770,0.0246753246753247,0.0155673449741848,26.5227142468334
Rockland,2020-06-16T00:00:00.000,7,13467,683,67469,67469,13467,2020-06-16,7,683,0.0102489019033675,0.0150285507933421,9.78277219799832
Rockland,2020-06-17T00:00:00.000,7,13474,918,68387,68387,13474,2020-06-17,7,918,0.00762527233115468,0.0145333795437142,9.77817685128966
Rockland,2020-06-18T00:00:00.000,12,13486,1081,69468,69468,13486,2020-06-18,12,1081,0.0111008325624422,0.0140812866982315,16.6790602452162
Rockland,2020-06-19T00:00:00.000,9,13495,804,70272,70272,13495,2020-06-19,9,804,0.0111940298507463,0.0136713751053566,12.415598734368
Rockland,2020-06-20T00:00:00.000,9,13504,628,70900,70900,13504,2020-06-20,9,628,0.0143312101910828,0.0133024349966748,12.2850533092168
Rockland,2020-06-21T00:00:00.000,10,13514,603,71503,71503,13514,2020-06-21,10,603,0.0165837479270315,0.0129729833798728,13.4967835477909
Rockland,2020-06-22T00:00:00.000,15,13529,575,72078,72078,13529,2020-06-22,15,575,0.0260869565217391,0.0126813006570449,20.006176685517
Rockland,2020-06-23T00:00:00.000,5,13534,498,72576,72576,13534,2020-06-23,5,498,0.0100401606425703,0.0124254631047634,6.5870798910805
Rockland,2020-06-24T00:00:00.000,15,13549,686,73262,73262,13549,2020-06-24,15,686,0.021865889212828,0.0122033706249193,19.5133261710206
Rockland,2020-06-25T00:00:00.000,8,13557,881,74143,74143,13557,2020-06-25,8,881,0.00908059023836549,0.0120127698123227,10.2747492217414
Rockland,2020-06-26T00:00:00.000,9,13566,951,75094,75094,13566,2020-06-26,9,951,0.00946372239747634,0.0118512729796681,11.4114976783234
Rockland,2020-06-27T00:00:00.000,10,13576,795,75889,75889,13576,2020-06-27,10,795,0.0125786163522013,0.0117163741953506,12.5684485123382
Rockland,2020-06-28T00:00:00.000,4,13580,627,76516,76516,13580,2020-06-28,4,627,0.00637958532695375,0.0116054637291,4.99606057953659
Rockland,2020-06-29T00:00:00.000,10,13590,728,77244,77244,13590,2020-06-29,10,728,0.0137362637362637,0.0115158424831025,12.3985624910968
Rockland,2020-06-30T00:00:00.000,12,13602,999,78243,78243,13602,2020-06-30,12,999,0.012012012012012,0.0114447380447157,14.7724654791647
Rockland,2020-07-01T00:00:00.000,10,13612,980,79223,79223,13612,2020-07-01,10,980,0.0102040816326531,0.0113893239084303,12.1824540121136
Rockland,2020-07-02T00:00:00.000,11,13623,1109,80332,80332,13623,2020-07-02,11,1109,0.00991884580703336,0.0113467432043304,13.4261440610893
Rockland,2020-07-03T00:00:00.000,6,13629,636,80968,80968,13629,2020-07-03,6,636,0.00943396226415094,0.0113141378959892,7.35169626878107
Rockland,2020-07-04T00:00:00.000,19,13648,1043,82011,82011,13648,2020-07-04,19,1043,0.0182166826462128,0.0112886839314787,23.3526029428192
Rockland,2020-07-05T00:00:00.000,8,13656,759,82770,82770,13656,2020-07-05,8,759,0.0105401844532279,0.0112676322565492,9.81527241327704
Rockland,2020-07-06T00:00:00.000,12,13668,895,83665,83665,13668,2020-07-06,12,895,0.0134078212290503,0.0112483549386496,14.6954124505635
Rockland,2020-07-07T00:00:00.000,11,13679,744,84409,84409,13679,2020-07-07,11,744,0.0147849462365591,0.0112283950029586,13.4438738716357
Rockland,2020-07-08T00:00:00.000,4,13683,932,85341,85341,13683,2020-07-08,4,932,0.00429184549356223,0.0112055179783869,4.87812923116087
Rockland,2020-07-09T00:00:00.000,8,13691,927,86268,86268,13691,2020-07-09,8,927,0.00862998921251348,0.0111777626613038,9.73340217313991
Rockland,2020-07-10T00:00:00.000,9,13700,949,87217,87217,13700,2020-07-10,9,949,0.00948366701791359,0.0111434882914831,10.9222038679818
Rockland,2020-07-11T00:00:00.000,16,13716,1039,88256,88256,13716,2020-07-11,16,1039,0.0153994225216554,0.0111014152666139,19.3636477477259
Rockland,2020-07-12T00:00:00.000,3,13719,555,88811,88811,13719,2020-07-12,3,555,0.00540540540540541,0.0110506566963267,3.61985932932149
Rockland,2020-07-13T00:00:00.000,14,13733,1001,89812,89812,13733,2020-07-13,14,1001,0.013986013986014,0.0109907385343015,16.8386012325744
Rockland,2020-07-14T00:00:00.000,10,13743,1127,90939,90939,13743,2020-07-14,10,1127,0.00887311446317657,0.0109216066993335,11.986524062238
Rockland,2020-07-15T00:00:00.000,20,13763,975,91914,91914,13763,2020-07-15,20,975,0.0205128205128205,0.0108436204273735,23.8865100146394
Rockland,2020-07-16T00:00:00.000,12,13775,1034,92948,92948,13775,2020-07-16,12,1034,0.011605415860735,0.0107575320219486,14.2776526235426
Rockland,2020-07-17T00:00:00.000,9,13784,1038,93986,93986,13784,2020-07-17,9,1038,0.00867052023121387,0.0106644540789064,10.6681626857955
Rockland,2020-07-18T00:00:00.000,9,13793,497,94483,94483,13793,2020-07-18,9,497,0.0181086519114688,0.0105658160725674,10.6705543705339
Rockland,2020-07-19T00:00:00.000,5,13798,497,94980,94980,13798,2020-07-19,5,497,0.0100603621730382,0.0104633128202909,5.94489758057014
Rockland,2020-07-20T00:00:00.000,8,13806,651,95631,95631,13806,2020-07-20,8,651,0.0122887864823349,0.0103588477233147,9.53384875925428
Rockland,2020-07-21T00:00:00.000,6,13812,900,96531,96531,13812,2020-07-21,6,900,0.00666666666666667,0.0102544738112681,7.16294728066323
Rockland,2020-07-22T00:00:00.000,8,13820,719,97250,97250,13820,2020-07-22,8,719,0.0111265646731572,0.0101523354783728,9.5614201249922
Rockland,2020-07-23T00:00:00.000,10,13830,1114,98364,98364,13830,2020-07-23,10,1114,0.00897666068222621,0.0100546134417389,11.9550991001879
Rockland,2020-07-24T00:00:00.000,7,13837,844,99208,99208,13837,2020-07-24,7,844,0.00829383886255924,0.00996347492301779,8.34763220764644
Rockland,2020-07-25T00:00:00.000,2,13839,520,99728,99728,13839,2020-07-25,2,520,0.00384615384615385,0.00988103043768209,2.36226613814848
Rockland,2020-07-26T00:00:00.000,2,13841,580,100308,100308,13841,2020-07-26,2,580,0.00344827586206897,0.00980929789633308,2.33694209137277
Rockland,2020-07-27T00:00:00.000,4,13845,772,101080,101080,13845,2020-07-27,4,772,0.00518134715025907,0.00975017412363884,4.67998653569728
Rockland,2020-07-28T00:00:00.000,7,13852,646,101726,101726,13852,2020-07-28,7,646,0.0108359133126935,0.00970541332821757,8.24188950997302
Rockland,2020-07-29T00:00:00.000,8,13860,642,102368,102368,13860,2020-07-29,8,642,0.0124610591900312,0.00967661164114825,9.46736206577127
Rockland,2020-07-30T00:00:00.000,4,13864,789,103157,103157,13864,2020-07-30,4,789,0.00506970849176172,0.00966519654150118,4.75707637294945
Rockland,2020-07-31T00:00:00.000,16,13880,898,104055,104055,13880,2020-07-31,16,898,0.0178173719376392,0.00967241982088541,19.0552054592968
Rockland,2020-08-01T00:00:00.000,2,13882,573,104628,104628,13882,2020-08-01,2,573,0.00349040139616056,0.00969935271811981,2.38301068155604
Rockland,2020-08-02T00:00:00.000,3,13885,525,105153,105153,13885,2020-08-02,3,525,0.00571428571428571,0.00974688194186803,3.58805718900097
Rockland,2020-08-03T00:00:00.000,8,13893,948,106101,106101,13893,2020-08-03,8,948,0.00843881856540084,0.00981570547954552,9.62702436304792
Rockland,2020-08-04T00:00:00.000,10,13903,867,106968,106968,13903,2020-08-04,10,867,0.0115340253748558,0.0099063273753139,12.2151667096365
Rockland,2020-08-05T00:00:00.000,15,13918,841,107809,107809,13918,2020-08-05,15,841,0.0178359096313912,0.0100190509768777,18.5934377064593
Rockland,2020-08-06T00:00:00.000,7,13925,744,108553,108553,13925,2020-08-06,7,744,0.00940860215053763,0.0101539705392676,8.80046778215462
Rockland,2020-08-07T00:00:00.000,11,13936,784,109337,109337,13936,2020-08-07,11,784,0.014030612244898,0.010310961477564,13.9893943888693
Rockland,2020-08-08T00:00:00.000,6,13942,785,110122,110122,13942,2020-08-08,6,785,0.00764331210191083,0.010489669970556,7.70787907716014
Rockland,2020-08-09T00:00:00.000,7,13949,617,110739,110739,13949,2020-08-09,7,617,0.0113452188006483,0.0106895030297361,9.06321299812845
Rockland,2020-08-10T00:00:00.000,5,13954,1150,111889,111889,13954,2020-08-10,5,1150,0.00434782608695652,0.0109096205006785,6.48981594976658
Rockland,2020-08-11T00:00:00.000,12,13966,1261,113150,113150,13966,2020-08-11,12,1261,0.00951625693893735,0.0111489307629926,15.5832735578073
Rockland,2020-08-12T00:00:00.000,7,13973,1042,114192,114192,13973,2020-08-12,7,1042,0.00671785028790787,0.0114060920894196,9.08399155456448
Rockland,2020-08-13T00:00:00.000,8,13981,959,115151,115151,13981,2020-08-13,8,959,0.00834202294056309,0.01167952166133,10.3630259389239
Rockland,2020-08-14T00:00:00.000,16,13997,1160,116311,116311,13997,2020-08-14,16,1160,0.0137931034482759,0.0119674141423965,20.6938061662183
Rockland,2020-08-15T00:00:00.000,10,14007,852,117163,117163,14007,2020-08-15,10,852,0.0117370892018779,0.0122677713767806,12.9573468755673
Rockland,2020-08-16T00:00:00.000,4,14011,638,117801,117801,14011,2020-08-16,4,638,0.00626959247648903,0.0125784442896346,5.18592574674685
Rockland,2020-08-17T00:00:00.000,42,14053,911,118712,118712,14053,2020-08-17,42,911,0.0461031833150384,0.0128971873562152,54.4160364671737
Rockland,2020-08-18T00:00:00.000,14,14067,1153,119865,119865,14067,2020-08-18,14,1153,0.0121422376409367,0.0132217251687162,18.1047396019767
Rockland,2020-08-19T00:00:00.000,22,14089,1063,120928,120928,14089,2020-08-19,22,1063,0.0206961429915334,0.0135498296952381,28.364179682687
Rockland,2020-08-20T00:00:00.000,17,14106,1229,122157,122157,14106,2020-08-20,17,1229,0.0138323840520749,0.0138794059029997,21.8275117113493
Rockland,2020-08-21T00:00:00.000,12,14118,1382,123539,123539,14118,2020-08-21,12,1382,0.00868306801736614,0.0142085825666923,15.3285908975444
Rockland,2020-08-22T00:00:00.000,11,14129,997,124536,124536,14129,2020-08-22,11,997,0.0110330992978937,0.0145358044819881,13.9661129233067
Rockland,2020-08-23T00:00:00.000,10,14139,782,125318,125318,14139,2020-08-23,10,782,0.0127877237851662,0.0148599219221208,12.6090740027351
Rockland,2020-08-24T00:00:00.000,10,14149,837,126155,126155,14149,2020-08-24,10,837,0.01194743130227,0.0151802732142425,12.5246000490095
Rockland,2020-08-25T00:00:00.000,12,14161,1016,127171,127171,14161,2020-08-25,12,1016,0.0118110236220472,0.0154967566717671,15.0106159749414
Rockland,2020-08-26T00:00:00.000,22,14183,963,128134,128134,14183,2020-08-26,22,963,0.0228452751817238,0.0158098888538823,27.4670689602433
Rockland,2020-08-27T00:00:00.000,14,14197,1165,129299,129299,14197,2020-08-27,14,1165,0.0120171673819742,0.0161208471474039,17.4345121187833
Rockland,2020-08-28T00:00:00.000,21,14218,1251,130550,130550,14218,2020-08-28,21,1251,0.0167865707434053,0.0164314958664892,25.9851988987804
Rockland,2020-08-29T00:00:00.000,15,14233,1733,132283,132283,14233,2020-08-29,15,1733,0.00865551067512983,0.0167443963190946,18.642421368341
Rockland,2020-08-30T00:00:00.000,22,14255,723,133006,133006,14255,2020-08-30,22,723,0.0304287690179806,0.0170628025088169,27.5137194529622
Rockland,2020-08-31T00:00:00.000,16,14271,900,133906,133906,14271,2020-08-31,16,900,0.0177777777777778,0.0173906450996867,20.0947419405363
Rockland,2020-09-01T00:00:00.000,34,14305,2290,136196,136196,14305,2020-09-01,34,2290,0.0148471615720524,0.0177325070231605,42.8808270980329
Rockland,2020-09-02T00:00:00.000,29,14334,1283,137479,137479,14334,2020-09-02,29,1283,0.0226032735775526,0.0180935944503708,36.7281501413195
Rockland,2020-09-03T00:00:00.000,24,14358,1148,138627,138627,14358,2020-09-03,24,1148,0.0209059233449477,0.0184797068598246,30.5234935190345
Rockland,2020-09-04T00:00:00.000,24,14382,1299,139926,139926,14382,2020-09-04,24,1299,0.0184757505773672,0.0188972096012426,30.6529407877328
Rockland,2020-09-05T00:00:00.000,14,14396,950,140876,140876,14396,2020-09-05,14,950,0.0147368421052632,0.0193530117205705,17.9578422586725
Rockland,2020-09-06T00:00:00.000,22,14418,607,141483,141483,14418,2020-09-06,22,607,0.0362438220757825,0.0198545509277858,28.3434580292784
Rockland,2020-09-07T00:00:00.000,21,14439,505,141988,141988,14439,2020-09-07,21,505,0.0415841584158416,0.0204097866025949,27.1771365454991
Rockland,2020-09-08T00:00:00.000,20,14459,1253,143241,143241,14459,2020-09-08,20,1253,0.0159616919393456,0.0210272006137104,26.0033784304287
Rockland,2020-09-09T00:00:00.000,21,14480,1169,144410,144410,14480,2020-09-09,21,1169,0.0179640718562874,0.0217158046027214,27.435047870667
Rockland,2020-09-10T00:00:00.000,30,14510,1434,145844,145844,14510,2020-09-10,30,1434,0.0209205020920502,0.0224851513374168,39.4366849223307
Rockland,2020-09-11T00:00:00.000,20,14530,1225,147069,147069,14530,2020-09-11,20,1225,0.0163265306122449,0.023345346708278,26.4706154766619
Rockland,2020-09-12T00:00:00.000,17,14547,745,147814,147814,14547,2020-09-12,17,745,0.0228187919463087,0.0243070580910408,22.6516620992683
Rockland,2020-09-13T00:00:00.000,34,14581,715,148529,148529,14581,2020-09-13,34,715,0.0475524475524476,0.0253815141107439,45.7342660307414
Rockland,2020-09-14T00:00:00.000,36,14617,1571,150100,150100,14617,2020-09-14,36,1571,0.022915340547422,0.0265804903782256,48.9337498612763
Rockland,2020-09-15T00:00:00.000,43,14660,1135,151235,151235,14660,2020-09-15,43,1135,0.0378854625550661,0.0279162756255156,59.0456498189503
Rockland,2020-09-16T00:00:00.000,38,14698,1256,152491,152491,14698,2020-09-16,38,1256,0.0302547770700637,0.0294016130077866,52.700701020981
Rockland,2020-09-17T00:00:00.000,49,14747,1402,153893,153893,14747,2020-09-17,49,1402,0.0349500713266762,0.0310496121402949,68.615468009941
Rockland,2020-09-18T00:00:00.000,54,14801,1453,155346,155346,14801,2020-09-18,54,1453,0.037164487267722,0.0328736290706676,76.3268296390059
Rockland,2020-09-19T00:00:00.000,22,14823,946,156292,156292,14823,2020-09-19,22,946,0.0232558139534884,0.0348871138485174,31.3774218229261
Rockland,2020-09-20T00:00:00.000,10,14833,654,156946,156946,14833,2020-09-20,10,654,0.0152905198776758,0.0371034287964221,14.3864317576786
Rockland,2020-09-21T00:00:00.000,58,14891,1763,158709,158709,14891,2020-09-21,58,1763,0.0328984685195689,0.0395356451897198,84.1366259069248
Rockland,2020-09-22T00:00:00.000,63,14954,1341,160050,160050,14954,2020-09-22,63,1341,0.0469798657718121,0.0421963317118713,92.1189764749921
Rockland,2020-09-23T00:00:00.000,44,14998,1308,161358,161358,14998,2020-09-23,44,1308,0.0336391437308868,0.0450973545262152,64.9618283295419
Rockland,2020-09-24T00:00:00.000,47,15045,1070,162428,162428,15045,2020-09-24,47,1070,0.0439252336448598,0.0482497160859662,70.1093873121647
Rockland,2020-09-25T00:00:00.000,55,15100,1477,163905,163905,15100,2020-09-25,55,1477,0.037237643872715,0.0516634669626853,82.893383049042
Rockland,2020-09-26T00:00:00.000,67,15167,993,164898,164898,15167,2020-09-26,67,993,0.067472306143001,0.0553477318357164,102.025619031285
Rockland,2020-09-27T00:00:00.000,110,15277,859,165757,165757,15277,2020-09-27,110,859,0.128055878928987,0.0593108963453073,170.895163403426
Rockland,2020-09-28T00:00:00.000,65,15342,1811,167568,167568,15342,2020-09-28,65,1811,0.0358917725013805,0.0635610054676473,104.056872459787
Rockland,2020-09-29T00:00:00.000,110,15452,1680,169248,169248,15452,2020-09-29,110,1680,0.0654761904761905,0.0681064258137175,181.230032666235
Rockland,2020-09-30T00:00:00.000,184,15636,2143,171391,171391,15636,2020-09-30,184,2143,0.0858609426038264,0.0729568242998502,311.537802088901
Saratoga,2020-04-01T00:00:00.000,10,132,69,1789,1789,132,2020-04-01,132,1789,0.0737842370039128,0.0772265919710107,140.454444033634
Saratoga,2020-04-02T00:00:00.000,9,141,53,1842,1842,141,2020-04-02,9,53,0.169811320754717,0.077361490872619,9.57100655602954
Saratoga,2020-04-03T00:00:00.000,0,141,57,1899,1899,141,2020-04-03,0,57,0,0.0774913493614396,0
Saratoga,2020-04-04T00:00:00.000,7,148,110,2009,2009,148,2020-04-04,7,110,0.0636363636363636,0.0776077151051898,7.57501553909566
Saratoga,2020-04-05T00:00:00.000,5,153,34,2043,2043,153,2020-04-05,5,34,0.147058823529412,0.0776988150065062,5.46505838853899
Saratoga,2020-04-06T00:00:00.000,2,155,40,2083,2083,155,2020-04-06,2,40,0.05,0.077750196646789,2.2067326966832
Saratoga,2020-04-07T00:00:00.000,7,162,73,2156,2156,162,2020-04-07,7,73,0.0958904109589041,0.0777453809050419,7.7669621063856
Saratoga,2020-04-08T00:00:00.000,10,172,113,2269,2269,172,2020-04-08,10,113,0.0884955752212389,0.0776665318304874,11.148580949625
Saratoga,2020-04-09T00:00:00.000,10,182,154,2423,2423,182,2020-04-09,10,154,0.0649350649350649,0.0774951453630031,11.1952197614898
Saratoga,2020-04-10T00:00:00.000,5,187,68,2491,2491,187,2020-04-10,5,68,0.0735294117647059,0.0772127529132806,5.61826933696537
Saratoga,2020-04-11T00:00:00.000,9,196,88,2579,2579,196,2020-04-11,9,88,0.102272727272727,0.0768016297088826,10.1452013627505
Saratoga,2020-04-12T00:00:00.000,5,201,61,2640,2640,201,2020-04-12,5,61,0.0819672131147541,0.076245491947058,5.65146622736286
Saratoga,2020-04-13T00:00:00.000,23,224,193,2833,2833,224,2020-04-13,23,193,0.119170984455959,0.0755301617616403,26.1013473838002
Saratoga,2020-04-14T00:00:00.000,3,227,71,2904,2904,227,2020-04-14,3,71,0.0422535211267606,0.0746441754006855,3.42698735651905
Saratoga,2020-04-15T00:00:00.000,4,231,92,2996,2996,231,2020-04-15,4,92,0.0434782608695652,0.0735793083454659,4.59803849939173
Saratoga,2020-04-16T00:00:00.000,5,236,77,3073,3073,236,2020-04-16,5,77,0.0649350649350649,0.0723309916213729,5.78138397518786
Saratoga,2020-04-17T00:00:00.000,8,244,98,3171,3171,244,2020-04-17,8,98,0.0816326530612245,0.0708985965067113,9.30004458307924
Saratoga,2020-04-18T00:00:00.000,7,251,105,3276,3276,251,2020-04-18,7,105,0.0666666666666667,0.069285570010994,8.17639596707212
Saratoga,2020-04-19T00:00:00.000,3,254,32,3308,3308,254,2020-04-19,3,32,0.09375,0.06749941069774,3.51803909772315
Saratoga,2020-04-20T00:00:00.000,3,257,42,3350,3350,257,2020-04-20,3,42,0.0714285714285714,0.0655514829983108,3.52732643234161
Saratoga,2020-04-21T00:00:00.000,7,264,101,3451,3451,264,2020-04-21,7,101,0.0693069306930693,0.0634566775212408,8.24413483625591
Saratoga,2020-04-22T00:00:00.000,1,265,52,3503,3503,265,2020-04-22,1,52,0.0192307692307692,0.0612329340920237,1.18090564159068
Saratoga,2020-04-23T00:00:00.000,13,278,127,3630,3630,278,2020-04-23,13,127,0.102362204724409,0.0589006525869276,15.4344224124604
Saratoga,2020-04-24T00:00:00.000,42,320,642,4272,4272,320,2020-04-24,42,642,0.0654205607476635,0.0564820232168585,50.1114637416733
Saratoga,2020-04-25T00:00:00.000,10,330,217,4489,4489,330,2020-04-25,10,217,0.0460829493087558,0.0540003121841899,11.9845453068905
Saratoga,2020-04-26T00:00:00.000,6,336,114,4603,4603,336,2020-04-26,6,114,0.0526315789473684,0.0514791401655881,7.21915436093648
Saratoga,2020-04-27T00:00:00.000,7,343,116,4719,4719,343,2020-04-27,7,116,0.0603448275862069,0.048941789772907,8.44189499261967
Saratoga,2020-04-28T00:00:00.000,3,346,125,4844,4844,346,2020-04-28,3,125,0.024,0.0464105742054885,3.62073373060115
Saratoga,2020-04-29T00:00:00.000,8,354,195,5039,5039,354,2020-04-29,8,195,0.041025641025641,0.0439062932298849,9.65799861473911
Saratoga,2020-04-30T00:00:00.000,4,358,171,5210,5210,358,2020-04-30,4,171,0.0233918128654971,0.0414477950447039,4.82803129089705
Saratoga,2020-05-01T00:00:00.000,3,361,173,5383,5383,361,2020-05-01,3,173,0.0173410404624277,0.0390516543546615,3.61859007948743
Saratoga,2020-05-02T00:00:00.000,2,363,203,5586,5586,363,2020-05-02,2,203,0.00985221674876847,0.0367319688463615,2.40966534012279
Saratoga,2020-05-03T00:00:00.000,4,367,103,5689,5689,367,2020-05-03,4,103,0.0388349514563107,0.0345002689572339,4.81174894202626
Saratoga,2020-05-04T00:00:00.000,1,368,115,5804,5804,368,2020-05-04,1,115,0.00869565217391304,0.0323655298760678,1.20072401287265
Saratoga,2020-05-05T00:00:00.000,3,371,173,5977,5977,371,2020-05-05,3,173,0.0173410404624277,0.0303342704443734,3.60003805420686
Saratoga,2020-05-06T00:00:00.000,3,374,157,6134,6134,374,2020-05-06,3,157,0.0191082802547771,0.0284107211211512,3.59447224798916
Saratoga,2020-05-07T00:00:00.000,14,388,174,6308,6308,388,2020-05-07,14,174,0.0804597701149425,0.0265970423453254,16.7498773649421
Saratoga,2020-05-08T00:00:00.000,11,399,179,6487,6487,399,2020-05-08,11,179,0.0614525139664804,0.024893575235692,13.1650239316058
Saratoga,2020-05-09T00:00:00.000,3,402,183,6670,6670,402,2020-05-09,3,183,0.0163934426229508,0.0232991082596696,3.5898625908222
Saratoga,2020-05-10T00:00:00.000,1,403,170,6840,6840,403,2020-05-10,1,170,0.00588235294117647,0.0218111459237184,1.19443699257305
Saratoga,2020-05-11T00:00:00.000,4,407,154,6994,6994,407,2020-05-11,4,154,0.025974025974026,0.0204261683389561,4.75015351591085
Saratoga,2020-05-12T00:00:00.000,3,410,196,7190,7190,410,2020-05-12,3,196,0.0153061224489796,0.0191398733716376,3.55711842536468
Saratoga,2020-05-13T00:00:00.000,5,415,280,7470,7470,415,2020-05-13,5,280,0.0178571428571429,0.0179473958043613,5.95062697558014
Saratoga,2020-05-14T00:00:00.000,6,421,266,7736,7736,421,2020-05-14,6,266,0.0225563909774436,0.0168435003065441,7.12984278550286
Saratoga,2020-05-15T00:00:00.000,2,423,358,8094,8094,423,2020-05-15,2,358,0.00558659217877095,0.0158227469972759,2.37632563240871
Saratoga,2020-05-16T00:00:00.000,5,428,560,8654,8654,428,2020-05-16,5,560,0.00892857142857143,0.0148796299127492,5.93622784974254
Saratoga,2020-05-17T00:00:00.000,6,434,242,8896,8896,434,2020-05-17,6,242,0.0247933884297521,0.0140086898105169,7.12695972097332
Saratoga,2020-05-18T00:00:00.000,2,436,139,9035,9035,436,2020-05-18,2,139,0.0143884892086331,0.0132046034727627,2.38444640785994
Saratoga,2020-05-19T00:00:00.000,2,438,267,9302,9302,438,2020-05-19,2,267,0.00749063670411985,0.0124622520879215,2.3900964117344
Saratoga,2020-05-20T00:00:00.000,2,440,458,9760,9760,440,2020-05-20,2,458,0.00436681222707424,0.01177677145551,2.39535372815315
Saratoga,2020-05-21T00:00:00.000,8,448,351,10111,10111,448,2020-05-21,8,351,0.0227920227920228,0.0111435867325262,9.61422174098015
Saratoga,2020-05-22T00:00:00.000,4,452,254,10365,10365,452,2020-05-22,4,254,0.015748031496063,0.0105584342924866,4.82005133221273
Saratoga,2020-05-23T00:00:00.000,4,456,316,10681,10681,456,2020-05-23,4,316,0.0126582278481013,0.0100173730362512,4.82949564332943
Saratoga,2020-05-24T00:00:00.000,5,461,185,10866,10866,461,2020-05-24,5,185,0.027027027027027,0.00951678722451561,6.04431202633687
Saratoga,2020-05-25T00:00:00.000,2,463,312,11178,11178,463,2020-05-25,2,312,0.00641025641025641,0.00905338262549926,2.4189737119121
Saratoga,2020-05-26T00:00:00.000,2,465,285,11463,11463,465,2020-05-26,2,285,0.00701754385964912,0.00862417750045554,2.42277738980206
Saratoga,2020-05-27T00:00:00.000,3,468,292,11755,11755,468,2020-05-27,3,292,0.0102739726027397,0.00822648970895653,3.64000586353529
Saratoga,2020-05-28T00:00:00.000,5,473,511,12266,12266,473,2020-05-28,5,511,0.00978473581213307,0.00785792099987442,6.07291355682868
Saratoga,2020-05-29T00:00:00.000,4,477,518,12784,12784,477,2020-05-29,4,518,0.00772200772200772,0.0075163393763758,4.89659301533027
Saratoga,2020-05-30T00:00:00.000,3,480,399,13183,13183,480,2020-05-30,3,399,0.0075187969924812,0.00719986027238762,3.69539614036328
Saratoga,2020-05-31T00:00:00.000,3,483,487,13670,13670,483,2020-05-31,3,487,0.00616016427104723,0.00690682715682368,3.71185348960794
Saratoga,2020-06-01T00:00:00.000,1,484,317,13987,13987,484,2020-06-01,1,317,0.00315457413249211,0.00663579208376955,1.24012787373777
Saratoga,2020-06-02T00:00:00.000,5,489,609,14596,14596,489,2020-06-02,5,609,0.00821018062397373,0.00638549662290625,6.19848827004613
Saratoga,2020-06-03T00:00:00.000,4,493,741,15337,15337,493,2020-06-03,4,741,0.00539811066126856,0.00615485353511294,4.94741439329256
Saratoga,2020-06-04T00:00:00.000,3,496,574,15911,15911,496,2020-06-04,3,574,0.00522648083623693,0.00594292949444295,3.69520618869254
Saratoga,2020-06-05T00:00:00.000,5,501,610,16521,16521,501,2020-06-05,5,610,0.00819672131147541,0.00574892909643892,6.13897262331995
Saratoga,2020-06-06T00:00:00.000,1,502,520,17041,17041,502,2020-06-06,1,520,0.00192307692307692,0.00557218033574724,1.23584102632503
Saratoga,2020-06-07T00:00:00.000,2,504,654,17695,17695,504,2020-06-07,2,654,0.00305810397553517,0.00541212167490621,2.47808575044992
Saratoga,2020-06-08T00:00:00.000,7,511,396,18091,18091,511,2020-06-08,7,396,0.0176767676767677,0.00526829076766174,8.68827052373478
Saratoga,2020-06-09T00:00:00.000,0,511,495,18586,18586,511,2020-06-09,0,495,0,0.00514031484046708,0
Saratoga,2020-06-10T00:00:00.000,2,513,577,19163,19163,513,2020-06-10,2,577,0.00346620450606586,0.00502790267686449,2.48420323916665
Saratoga,2020-06-11T00:00:00.000,1,514,693,19856,19856,514,2020-06-11,1,693,0.00144300144300144,0.00493083809268251,1.24089302000285
Saratoga,2020-06-12T00:00:00.000,0,514,357,20213,20213,514,2020-06-12,0,357,0,0.00484897473624708,0
Saratoga,2020-06-13T00:00:00.000,1,515,437,20650,20650,515,2020-06-13,1,437,0.0022883295194508,0.0047822319966608,1.23428108861257
Saratoga,2020-06-14T00:00:00.000,2,517,568,21218,21218,517,2020-06-14,2,568,0.00352112676056338,0.00473059175553764,2.46256351948607
Saratoga,2020-06-15T00:00:00.000,5,522,425,21643,21643,522,2020-06-15,5,425,0.0117647058823529,0.00469409567370442,6.19110412711878
Saratoga,2020-06-16T00:00:00.000,1,523,435,22078,22078,523,2020-06-16,1,435,0.00229885057471264,0.00467284266116362,1.24345566741906
Saratoga,2020-06-17T00:00:00.000,3,526,488,22566,22566,526,2020-06-17,3,488,0.00614754098360656,0.00466698613918425,3.74065876327559
Saratoga,2020-06-18T00:00:00.000,2,528,546,23112,23112,528,2020-06-18,2,546,0.00366300366300366,0.00467673066225285,2.48971897260681
Saratoga,2020-06-19T00:00:00.000,3,531,561,23673,23673,531,2020-06-19,3,561,0.0053475935828877,0.00470232743084151,3.71960206347552
Saratoga,2020-06-20T00:00:00.000,2,533,492,24165,24165,533,2020-06-20,2,492,0.0040650406504065,0.00474406818743391,2.46255823365454
Saratoga,2020-06-21T00:00:00.000,2,535,543,24708,24708,535,2020-06-21,2,543,0.00368324125230203,0.00480227695706122,2.44399893783288
Saratoga,2020-06-22T00:00:00.000,3,538,273,24981,24981,538,2020-06-22,3,273,0.010989010989011,0.00487729906890709,3.63660100481587
Saratoga,2020-06-23T00:00:00.000,0,538,470,25451,25451,538,2020-06-23,0,470,0,0.00496948688519218,0
Saratoga,2020-06-24T00:00:00.000,2,540,389,25840,25840,540,2020-06-24,2,389,0.0051413881748072,0.00507918167736898,2.38342469703476
Saratoga,2020-06-25T00:00:00.000,0,540,564,26404,26404,540,2020-06-25,0,564,0,0.00520669113430156,0
Saratoga,2020-06-26T00:00:00.000,6,546,589,26993,26993,546,2020-06-26,6,589,0.0101867572156197,0.00535226208105259,7.02633131095183
Saratoga,2020-06-27T00:00:00.000,2,548,517,27510,27510,548,2020-06-27,2,517,0.00386847195357834,0.00551604813759633,2.33128380867128
Saratoga,2020-06-28T00:00:00.000,1,549,531,28041,28041,549,2020-06-28,1,531,0.00188323917137476,0.00569807227406195,1.16325318394829
Saratoga,2020-06-29T00:00:00.000,0,549,283,28324,28324,549,2020-06-29,0,283,0,0.00589818453098256,0
Saratoga,2020-06-30T00:00:00.000,1,550,246,28570,28570,550,2020-06-30,1,246,0.0040650406504065,0.00611601557889844,1.15626667880202
Saratoga,2020-07-01T00:00:00.000,5,555,444,29014,29014,555,2020-07-01,5,444,0.0112612612612613,0.00635092728997417,5.74564388072844
Saratoga,2020-07-02T00:00:00.000,6,561,512,29526,29526,561,2020-07-02,6,512,0.01171875,0.00660196207487732,6.93729316621427
Saratoga,2020-07-03T00:00:00.000,1,562,518,30044,30044,562,2020-07-03,1,518,0.00193050193050193,0.00686779337077907,1.16561702199325
Saratoga,2020-07-04T00:00:00.000,4,566,516,30560,30560,566,2020-07-04,4,516,0.00775193798449612,0.00714668030906144,4.69664559337393
Saratoga,2020-07-05T00:00:00.000,6,572,431,30991,30991,572,2020-07-05,6,431,0.0139211136890951,0.00743643017947688,7.06182262419716
Saratoga,2020-07-06T00:00:00.000,6,578,267,31258,31258,578,2020-07-06,6,267,0.0224719101123595,0.00773437275743195,7.0775898722167
Saratoga,2020-07-07T00:00:00.000,4,582,539,31797,31797,582,2020-07-07,4,539,0.00742115027829314,0.0080373507831684,4.72793241326826
Saratoga,2020-07-08T00:00:00.000,3,585,555,32352,32352,585,2020-07-08,3,555,0.00540540540540541,0.00834173077799345,3.55219654956799
Saratoga,2020-07-09T00:00:00.000,2,587,419,32771,32771,587,2020-07-09,2,419,0.00477326968973747,0.00864343786872785,2.37158033219344
Saratoga,2020-07-10T00:00:00.000,8,595,524,33295,33295,595,2020-07-10,8,524,0.0152671755725191,0.00893801731014607,9.49685395067009
Saratoga,2020-07-11T00:00:00.000,7,602,506,33801,33801,602,2020-07-11,7,506,0.0138339920948617,0.00922072393616306,8.31579736419707
Saratoga,2020-07-12T00:00:00.000,8,610,480,34281,34281,610,2020-07-12,8,480,0.0166666666666667,0.00948663887864257,9.506767093934
Saratoga,2020-07-13T00:00:00.000,6,616,577,34858,34858,616,2020-07-13,6,577,0.0103986135181976,0.00973081068608379,7.1292105585703
Saratoga,2020-07-14T00:00:00.000,7,623,531,35389,35389,623,2020-07-14,7,531,0.0131826741996234,0.00994841563763032,8.31262215573418
Saratoga,2020-07-15T00:00:00.000,1,624,483,35872,35872,624,2020-07-15,1,483,0.0020703933747412,0.0101349298180247,1.18628038413009
Saratoga,2020-07-16T00:00:00.000,6,630,494,36366,36366,630,2020-07-16,6,494,0.0121457489878543,0.0102863036666969,7.10692095333613
Saratoga,2020-07-17T00:00:00.000,5,635,893,37259,37259,635,2020-07-17,5,893,0.00559910414333707,0.0103991284997037,5.91184387645425
Saratoga,2020-07-18T00:00:00.000,2,637,479,37738,37738,637,2020-07-18,2,479,0.00417536534446764,0.0104707841440484,2.36909286791381
Saratoga,2020-07-19T00:00:00.000,2,639,412,38150,38150,639,2020-07-19,2,412,0.00485436893203883,0.0104995574500451,2.37878146954785
Saratoga,2020-07-20T00:00:00.000,7,646,782,38932,38932,646,2020-07-20,7,782,0.00895140664961637,0.0104847230727533,8.35219956598898
Saratoga,2020-07-21T00:00:00.000,4,650,556,39488,39488,650,2020-07-21,4,556,0.00719424460431655,0.0104265804287964,4.78325294358809
Saratoga,2020-07-22T00:00:00.000,13,663,890,40378,40378,663,2020-07-22,13,890,0.0146067415730337,0.010326443903869,15.5637501256707
Saratoga,2020-07-23T00:00:00.000,2,665,546,40924,40924,665,2020-07-23,2,546,0.00366300366300366,0.0101865868848933,2.39413980719912
Saratoga,2020-07-24T00:00:00.000,14,679,889,41813,41813,679,2020-07-24,14,889,0.015748031496063,0.0100101436430124,16.7030680099552
Saratoga,2020-07-25T00:00:00.000,6,685,795,42608,42608,685,2020-07-25,6,795,0.00754716981132075,0.00980097613126485,7.08103577877166
Saratoga,2020-07-26T00:00:00.000,3,688,521,43129,43129,688,2020-07-26,3,521,0.00575815738963532,0.00956351506490901,3.49652930247015
Saratoga,2020-07-27T00:00:00.000,3,691,639,43768,43768,691,2020-07-27,3,639,0.00469483568075117,0.00930258602126026,3.49353420131512
Saratoga,2020-07-28T00:00:00.000,10,701,462,44230,44230,701,2020-07-28,10,462,0.0216450216450216,0.00902323162840698,11.6886284859427
Saratoga,2020-07-29T00:00:00.000,8,709,537,44767,44767,709,2020-07-29,8,537,0.0148975791433892,0.00873054026429368,9.3704568951206
Saratoga,2020-07-30T00:00:00.000,6,715,540,45307,45307,715,2020-07-30,6,540,0.0111111111111111,0.00842949020812649,7.03866741891352
Saratoga,2020-07-31T00:00:00.000,11,726,1028,46335,46335,726,2020-07-31,11,1028,0.0107003891050584,0.00812481611484377,12.8740199728405
Saratoga,2020-08-01T00:00:00.000,6,732,603,46938,46938,732,2020-08-01,6,603,0.00995024875621891,0.00782090230094581,6.99678702334785
Saratoga,2020-08-02T00:00:00.000,1,733,426,47364,47364,733,2020-08-02,1,426,0.00234741784037559,0.00752170490919147,1.16542186104224
Saratoga,2020-08-03T00:00:00.000,6,739,841,48205,48205,739,2020-08-03,6,841,0.00713436385255648,0.00723070279938184,7.00292110344414
Saratoga,2020-08-04T00:00:00.000,5,744,681,48886,48886,744,2020-08-04,5,681,0.00734214390602056,0.00695087517146137,5.89497658151602
Saratoga,2020-08-05T00:00:00.000,3,747,576,49462,49462,747,2020-08-05,3,576,0.00520833333333333,0.00668470256201588,3.57120876580971
Saratoga,2020-08-06T00:00:00.000,5,752,826,50288,50288,752,2020-08-06,5,826,0.00605326876513317,0.00643418700272993,6.00569813855199
Saratoga,2020-08-07T00:00:00.000,3,755,506,50794,50794,755,2020-08-07,3,506,0.00592885375494071,0.00620088675529431,3.62612647004546
Saratoga,2020-08-08T00:00:00.000,2,757,685,51479,51479,757,2020-08-08,2,685,0.00291970802919708,0.00598596106968971,2.42913048526188
Saratoga,2020-08-09T00:00:00.000,3,760,451,51930,51930,760,2020-08-09,3,451,0.00665188470066519,0.00579022075552352,3.65324805757469
Saratoga,2020-08-10T00:00:00.000,7,767,749,52679,52679,767,2020-08-10,7,749,0.00934579439252336,0.00561418090144604,8.5017453395631
Saratoga,2020-08-11T00:00:00.000,1,768,601,53280,53280,768,2020-08-11,1,601,0.00166389351081531,0.0054581127310873,1.20908929719707
Saratoga,2020-08-12T00:00:00.000,6,774,831,54111,54111,774,2020-08-12,6,831,0.0072202166064982,0.0053220922619189,7.21480312462563
Saratoga,2020-08-13T00:00:00.000,8,782,728,54839,54839,782,2020-08-13,8,728,0.010989010989011,0.00520604407367318,9.55861266862439
Saratoga,2020-08-14T00:00:00.000,1,783,789,55628,55628,783,2020-08-14,1,789,0.00126742712294043,0.00510977905935519,1.18784718922299
Saratoga,2020-08-15T00:00:00.000,9,792,720,56348,56348,792,2020-08-15,9,720,0.0125,0.00503302549822321,10.6675562200319
Saratoga,2020-08-16T00:00:00.000,3,795,498,56846,56846,795,2020-08-16,3,498,0.00602409638554217,0.0049754531581927,3.54493379450319
Saratoga,2020-08-17T00:00:00.000,5,800,934,57780,57780,800,2020-08-17,5,934,0.00535331905781585,0.00493669040705493,5.88493550898262
Saratoga,2020-08-18T00:00:00.000,0,800,1088,58868,58868,800,2020-08-18,0,1088,0,0.00491633450698625,0
Saratoga,2020-08-19T00:00:00.000,2,802,1221,60089,60089,802,2020-08-19,2,1221,0.00163800163800164,0.0049139554029957,2.32984634604932
Saratoga,2020-08-20T00:00:00.000,6,808,1254,61343,61343,808,2020-08-20,6,1254,0.00478468899521531,0.00492909341644614,6.94618228565078
Saratoga,2020-08-21T00:00:00.000,5,813,1228,62571,62571,813,2020-08-21,5,1228,0.00407166123778502,0.00496125133892954,5.74903614627022
Saratoga,2020-08-22T00:00:00.000,2,815,981,63552,63552,815,2020-08-22,2,981,0.00203873598369011,0.00500988151267804,2.28271502774101
Saratoga,2020-08-23T00:00:00.000,1,816,438,63990,63990,816,2020-08-23,1,438,0.00228310502283105,0.00507436859103251,1.13245184033339
Saratoga,2020-08-24T00:00:00.000,8,824,679,64669,64669,824,2020-08-24,8,679,0.0117820324005891,0.00515400881384883,8.99374169427925
Saratoga,2020-08-25T00:00:00.000,0,824,1137,65806,65806,824,2020-08-25,0,1137,0,0.0052479868066802,0
Saratoga,2020-08-26T00:00:00.000,5,829,1175,66981,66981,829,2020-08-26,5,1175,0.00425531914893617,0.00535535112009661,5.60203160612567
Saratoga,2020-08-27T00:00:00.000,3,832,661,67642,67642,832,2020-08-27,3,661,0.00453857791225416,0.00547498995453029,3.3535328464621
Saratoga,2020-08-28T00:00:00.000,0,832,1292,68934,68934,832,2020-08-28,0,1292,0,0.00560560874623213,0
Saratoga,2020-08-29T00:00:00.000,10,842,1102,70036,70036,842,2020-08-29,10,1102,0.00907441016333938,0.00574571149284122,11.1675651034347
Saratoga,2020-08-30T00:00:00.000,2,844,800,70836,70836,844,2020-08-30,2,800,0.0025,0.00589358783895131,2.24900053697725
Saratoga,2020-08-31T00:00:00.000,2,846,379,71215,71215,846,2020-08-31,2,379,0.00527704485488127,0.00604730797761885,2.26004499608898
Saratoga,2020-09-01T00:00:00.000,6,852,1239,72454,72454,852,2020-09-01,6,1239,0.00484261501210654,0.00620472731947035,6.81288005334109
Saratoga,2020-09-02T00:00:00.000,11,863,1102,73556,73556,863,2020-09-02,11,1102,0.00998185117967332,0.00636350259582622,12.5490508687097
Saratoga,2020-09-03T00:00:00.000,5,868,1151,74707,74707,868,2020-09-03,5,1151,0.00434404865334492,0.00652112057856984,5.73001444148154
Saratoga,2020-09-04T00:00:00.000,9,877,1075,75782,75782,877,2020-09-04,9,1075,0.00837209302325581,0.0066749399146392,10.3587745725544
Saratoga,2020-09-05T00:00:00.000,12,889,1108,76890,76890,889,2020-09-05,12,1108,0.0108303249097473,0.00682224570988753,13.8683643363688
Saratoga,2020-09-06T00:00:00.000,4,893,420,77310,77310,893,2020-09-06,4,420,0.00952380952380952,0.00696031550745675,4.64052408759801
Saratoga,2020-09-07T00:00:00.000,7,900,470,77780,77780,900,2020-09-07,7,470,0.0148936170212766,0.00708649427292026,8.1497021991233
Saratoga,2020-09-08T00:00:00.000,11,911,910,78690,78690,911,2020-09-08,11,910,0.0120879120879121,0.00719827501887384,12.8480483885077
Saratoga,2020-09-09T00:00:00.000,7,918,376,79066,79066,918,2020-09-09,7,376,0.0186170212765957,0.00729338089075875,8.19973400931098
Saratoga,2020-09-10T00:00:00.000,25,943,1731,80797,80797,943,2020-09-10,25,1731,0.0144425187752744,0.00736984400347437,29.3951311824247
Saratoga,2020-09-11T00:00:00.000,12,955,1702,82499,82499,955,2020-09-11,12,1702,0.00705052878965922,0.00742607614793071,14.163519888515
Saratoga,2020-09-12T00:00:00.000,6,961,958,83457,83457,961,2020-09-12,6,958,0.00626304801670146,0.00746092673652001,7.10408977748837
Saratoga,2020-09-13T00:00:00.000,3,964,642,84099,84099,964,2020-09-13,3,642,0.00467289719626168,0.00747372402881491,3.57096837865459
Saratoga,2020-09-14T00:00:00.000,1,965,471,84570,84570,965,2020-09-14,1,471,0.00212314225053079,0.00746429672692577,1.19715004866918
Saratoga,2020-09-15T00:00:00.000,5,970,1298,85868,85868,970,2020-09-15,5,1298,0.00385208012326656,0.00743297435920594,6.01478310276069
Saratoga,2020-09-16T00:00:00.000,6,976,1190,87058,87058,976,2020-09-16,6,1190,0.00504201680672269,0.00738056635035071,7.24696058313103
Saratoga,2020-09-17T00:00:00.000,9,985,1305,88363,88363,985,2020-09-17,9,1305,0.00689655172413793,0.00730832114629221,10.9054754312882
Saratoga,2020-09-18T00:00:00.000,5,990,1188,89551,89551,990,2020-09-18,5,1188,0.00420875420875421,0.00721786808075518,6.07308832090124
Saratoga,2020-09-19T00:00:00.000,8,998,1375,90926,90926,998,2020-09-19,8,1375,0.00581818181818182,0.00711114570076365,9.73222219805488
Saratoga,2020-09-20T00:00:00.000,6,1004,511,91437,91437,1004,2020-09-20,6,511,0.0117416829745597,0.00699032092155895,7.30487261999381
Saratoga,2020-09-21T00:00:00.000,2,1006,728,92165,92165,1006,2020-09-21,2,728,0.00274725274725275,0.00685770361886219,2.4350399003314
Saratoga,2020-09-22T00:00:00.000,8,1014,690,92855,92855,1014,2020-09-22,8,690,0.0115942028985507,0.00671566109444847,9.73374464588556
Saratoga,2020-09-23T00:00:00.000,3,1017,1849,94704,94704,1017,2020-09-23,3,1849,0.00162249864791779,0.00656653632334712,3.65296361243666
Saratoga,2020-09-24T00:00:00.000,14,1031,1044,95748,95748,1031,2020-09-24,14,1044,0.0134099616858238,0.00641257310435246,17.0671146636034
Saratoga,2020-09-25T00:00:00.000,5,1036,1322,97070,97070,1036,2020-09-25,5,1322,0.0037821482602118,0.00625585028675262,6.10151185292657
Saratoga,2020-09-26T00:00:00.000,8,1044,1862,98932,98932,1044,2020-09-26,8,1862,0.00429645542427497,0.00609822625805324,9.77090505786401
Saratoga,2020-09-27T00:00:00.000,8,1052,650,99582,99582,1052,2020-09-27,8,650,0.0123076923076923,0.00594129394415598,9.87419566221676
Saratoga,2020-09-28T00:00:00.000,8,1060,643,100225,100225,1060,2020-09-28,8,643,0.0124416796267496,0.0057863457846526,10.0778702204543
Saratoga,2020-09-29T00:00:00.000,6,1066,1286,101511,101511,1066,2020-09-29,6,1286,0.0046656298600311,0.00563434755745326,7.70467436810477
Saratoga,2020-09-30T00:00:00.000,7,1073,1305,102816,102816,1073,2020-09-30,7,1305,0.0053639846743295,0.00548591958360735,9.14975194333671
Schenectady,2020-04-01T00:00:00.000,8,101,31,1194,1194,101,2020-04-01,101,1194,0.0845896147403685,0.100866249401781,110.377569784107
Schenectady,2020-04-02T00:00:00.000,9,110,42,1236,1236,110,2020-04-02,9,42,0.214285714285714,0.105417312006674,9.87179946293279
Schenectady,2020-04-03T00:00:00.000,7,117,38,1274,1274,117,2020-04-03,7,38,0.184210526315789,0.110131299765589,7.76734323097408
Schenectady,2020-04-04T00:00:00.000,11,128,64,1338,1338,128,2020-04-04,11,64,0.171875,0.114982313532732,12.3808592883799
Schenectady,2020-04-05T00:00:00.000,10,138,64,1402,1402,138,2020-04-05,10,64,0.15625,0.119928341008065,11.4149902540401
Schenectady,2020-04-06T00:00:00.000,7,145,35,1437,1437,145,2020-04-06,7,35,0.2,0.124911381168274,8.09856040246056
Schenectady,2020-04-07T00:00:00.000,4,149,23,1460,1460,149,2020-04-07,4,23,0.173913043478261,0.129858166363571,4.67188995646639
Schenectady,2020-04-08T00:00:00.000,18,167,104,1564,1564,167,2020-04-08,18,104,0.173076923076923,0.134681604341843,21.2031083960117
Schenectady,2020-04-09T00:00:00.000,24,191,183,1747,1747,191,2020-04-09,24,183,0.131147540983607,0.139283020244552,28.4909042193538
Schenectady,2020-04-10T00:00:00.000,3,194,24,1771,1771,194,2020-04-10,3,24,0.125,0.143555216214615,3.58663184084138
Schenectady,2020-04-11T00:00:00.000,5,199,27,1798,1798,199,2020-04-11,5,27,0.185185185185185,0.147386290040841,6.01584767887306
Schenectady,2020-04-12T00:00:00.000,5,204,27,1825,1825,204,2020-04-12,5,27,0.185185185185185,0.150664075968624,6.04979544784604
Schenectady,2020-04-13T00:00:00.000,31,235,232,2057,2057,235,2020-04-13,31,232,0.133620689655172,0.153281000325868,37.7601382474592
Schenectady,2020-04-14T00:00:00.000,2,237,18,2075,2075,237,2020-04-14,2,18,0.111111111111111,0.155139091010522,2.45806733119529
Schenectady,2020-04-15T00:00:00.000,8,245,45,2120,2120,245,2020-04-15,8,45,0.177777777777778,0.156154849481217,9.9147684575902
Schenectady,2020-04-16T00:00:00.000,5,250,35,2155,2155,250,2020-04-16,5,35,0.142857142857143,0.156263686559578,6.24432040206276
Schenectady,2020-04-17T00:00:00.000,9,259,38,2193,2193,259,2020-04-17,9,38,0.236842105263158,0.155423639204693,11.3168483575693
Schenectady,2020-04-18T00:00:00.000,9,268,36,2229,2229,268,2020-04-18,9,36,0.25,0.153618118072091,11.3837762068305
Schenectady,2020-04-19T00:00:00.000,1,269,23,2252,2252,269,2020-04-19,1,23,0.0434782608695652,0.150857484256004,1.27088453500145
Schenectady,2020-04-20T00:00:00.000,4,273,23,2275,2275,273,2020-04-20,4,23,0.173913043478261,0.147179313381151,5.09930295385714
Schenectady,2020-04-21T00:00:00.000,7,280,24,2299,2299,280,2020-04-21,7,24,0.291666666666667,0.142647278222282,8.93971558914279
Schenectady,2020-04-22T00:00:00.000,8,288,47,2346,2346,288,2020-04-22,8,47,0.170212765957447,0.13734866541783,10.2421025930859
Schenectady,2020-04-23T00:00:00.000,9,297,33,2379,2379,297,2020-04-23,9,33,0.272727272727273,0.131390637366757,11.5780113334414
Schenectady,2020-04-24T00:00:00.000,134,431,964,3343,3343,431,2020-04-24,134,964,0.139004149377593,0.124895450456975,173.083725256034
Schenectady,2020-04-25T00:00:00.000,18,449,186,3529,3529,449,2020-04-25,18,186,0.0967741935483871,0.117994935711427,23.326027130374
Schenectady,2020-04-26T00:00:00.000,8,457,96,3625,3625,457,2020-04-26,8,96,0.0833333333333333,0.110824623121194,10.3926323160252
Schenectady,2020-04-27T00:00:00.000,12,469,119,3744,3744,469,2020-04-27,12,119,0.100840336134454,0.103517931580587,15.5975621793359
Schenectady,2020-04-28T00:00:00.000,10,479,184,3928,3928,479,2020-04-28,10,184,0.0543478260869565,0.0962008410149372,12.9816987232335
Schenectady,2020-04-29T00:00:00.000,22,501,246,4174,4174,501,2020-04-29,22,246,0.0894308943089431,0.0889874088891001,28.5036194654556
Schenectady,2020-04-30T00:00:00.000,13,514,195,4369,4369,514,2020-04-30,13,195,0.0666666666666667,0.0819763951291942,16.7985646688023
Schenectady,2020-05-01T00:00:00.000,7,521,194,4563,4563,521,2020-05-01,7,194,0.0360824742268041,0.0752491338967878,9.0157607921182
Schenectady,2020-05-02T00:00:00.000,6,527,146,4709,4709,527,2020-05-02,6,146,0.0410958904109589,0.0688686574729104,7.69796135658296
Schenectady,2020-05-03T00:00:00.000,8,535,126,4835,4835,535,2020-05-03,8,126,0.0634920634920635,0.0628799581985447,10.2188478168936
Schenectady,2020-05-04T00:00:00.000,2,537,98,4933,4933,537,2020-05-04,2,98,0.0204081632653061,0.0573111850328836,2.54266332210868
Schenectady,2020-05-05T00:00:00.000,14,551,178,5111,5111,551,2020-05-05,14,178,0.0786516853932584,0.0521755207469502,17.7364703100984
Schenectady,2020-05-06T00:00:00.000,0,551,194,5305,5305,551,2020-05-06,0,194,0,0.0474734739522082,0
Schenectady,2020-05-07T00:00:00.000,7,558,144,5449,5449,558,2020-05-07,7,144,0.0486111111111111,0.0431953407981573,8.79107513801065
Schenectady,2020-05-08T00:00:00.000,13,571,204,5653,5653,571,2020-05-08,13,204,0.0637254901960784,0.0393236338475402,16.2865447507782
Schenectady,2020-05-09T00:00:00.000,0,571,199,5852,5852,571,2020-05-09,0,199,0,0.0358353288665201,0
Schenectady,2020-05-10T00:00:00.000,4,575,113,5965,5965,575,2020-05-10,4,113,0.0353982300884956,0.0327038344991938,4.97525398196092
Schenectady,2020-05-11T00:00:00.000,6,581,102,6067,6067,581,2020-05-11,6,102,0.0588235294117647,0.0299006380702037,7.4019860012457
Schenectady,2020-05-12T00:00:00.000,6,587,164,6231,6231,587,2020-05-12,6,164,0.0365853658536585,0.0273966188856308,7.37401659522629
Schenectady,2020-05-13T00:00:00.000,10,597,276,6507,6507,597,2020-05-13,10,276,0.036231884057971,0.0251630477676776,12.3103075325465
Schenectady,2020-05-14T00:00:00.000,6,603,170,6677,6677,603,2020-05-14,6,170,0.0352941176470588,0.0231723081789614,7.36094628164188
Schenectady,2020-05-15T00:00:00.000,10,613,272,6949,6949,613,2020-05-15,10,272,0.0367647058823529,0.0213983826147059,12.2457633777478
Schenectady,2020-05-16T00:00:00.000,7,620,175,7124,7124,620,2020-05-16,7,175,0.04,0.0198171496007886,8.55231135901984
Schenectady,2020-05-17T00:00:00.000,9,629,233,7357,7357,629,2020-05-17,9,233,0.0386266094420601,0.0184065342162775,10.9863394561927
Schenectady,2020-05-18T00:00:00.000,2,631,83,7440,7440,631,2020-05-18,2,83,0.0240963855421687,0.0171465499990248,2.44755637859401
Schenectady,2020-05-19T00:00:00.000,2,633,392,7832,7832,633,2020-05-19,2,392,0.00510204081632653,0.0160192639965258,2.45086857050354
Schenectady,2020-05-20T00:00:00.000,5,638,378,8210,8210,638,2020-05-20,5,378,0.0132275132275132,0.0150087104615292,6.13537874995583
Schenectady,2020-05-21T00:00:00.000,7,645,667,8877,8877,645,2020-05-21,7,667,0.0104947526236882,0.0141007727857195,8.61279239773673
Schenectady,2020-05-22T00:00:00.000,3,648,248,9125,9125,648,2020-05-22,3,248,0.0120967741935484,0.013283048200859,3.69898652707622
Schenectady,2020-05-23T00:00:00.000,10,658,641,9766,9766,658,2020-05-23,10,641,0.015600624024961,0.0125447055072193,12.3484500596251
Schenectady,2020-05-24T00:00:00.000,6,664,340,10106,10106,664,2020-05-24,6,340,0.0176470588235294,0.0118763427230515,7.41561814041381
Schenectady,2020-05-25T00:00:00.000,4,668,143,10249,10249,668,2020-05-25,4,143,0.027972027972028,0.0112698490246466,4.94506343005436
Schenectady,2020-05-26T00:00:00.000,5,673,243,10492,10492,673,2020-05-26,5,243,0.0205761316872428,0.0107182734583431,6.19005111634653
Schenectady,2020-05-27T00:00:00.000,3,676,485,10977,10977,676,2020-05-27,3,485,0.00618556701030928,0.0102157016835028,3.71969599904889
Schenectady,2020-05-28T00:00:00.000,4,680,792,11769,11769,680,2020-05-28,4,792,0.00505050505050505,0.00975714117390081,4.96464934300654
Schenectady,2020-05-29T00:00:00.000,6,686,477,12246,12246,686,2020-05-29,6,477,0.0125786163522013,0.00933841489870896,7.50605852392528
Schenectady,2020-05-30T00:00:00.000,3,689,324,12570,12570,689,2020-05-30,3,324,0.00925925925925926,0.00895606329341424,3.77694194579863
Schenectady,2020-05-31T00:00:00.000,4,693,482,13052,13052,693,2020-05-31,4,482,0.00829875518672199,0.00860725430917538,5.0592736110173
Schenectady,2020-06-01T00:00:00.000,3,696,481,13533,13533,696,2020-06-01,3,481,0.00623700623700624,0.00828970140196423,3.80410359643806
Schenectady,2020-06-02T00:00:00.000,5,701,406,13939,13939,701,2020-06-02,5,406,0.0123152709359606,0.00800158938707094,6.33992239496854
Schenectady,2020-06-03T00:00:00.000,0,701,565,14504,14504,701,2020-06-03,0,565,0,0.00774150816773205,0
Schenectady,2020-06-04T00:00:00.000,5,706,802,15306,15306,706,2020-06-04,5,802,0.00623441396508728,0.00750839436536336,6.30437554805445
Schenectady,2020-06-05T00:00:00.000,4,710,497,15803,15803,710,2020-06-05,4,497,0.00804828973843058,0.00730148082567223,5.0300011380145
Schenectady,2020-06-06T00:00:00.000,1,711,579,16382,16382,711,2020-06-06,1,579,0.00172711571675302,0.00712025390109756,1.26651296564245
Schenectady,2020-06-07T00:00:00.000,1,712,533,16915,16915,712,2020-06-07,1,533,0.00187617260787992,0.00696441823546875,1.27068547021537
Schenectady,2020-06-08T00:00:00.000,3,715,402,17317,17317,715,2020-06-08,3,402,0.00746268656716418,0.00683386860331846,3.82169688556509
Schenectady,2020-06-09T00:00:00.000,1,716,211,17528,17528,716,2020-06-09,1,211,0.004739336492891,0.00672866814772637,1.27610456847062
Schenectady,2020-06-10T00:00:00.000,1,717,550,18078,18078,717,2020-06-10,1,550,0.00181818181818182,0.00664903214476981,1.27730403776963
Schenectady,2020-06-11T00:00:00.000,4,721,990,19068,19068,721,2020-06-11,4,990,0.00404040404040404,0.00659531621692751,5.11005790085557
Schenectady,2020-06-12T00:00:00.000,2,723,372,19440,19440,723,2020-06-12,2,372,0.00537634408602151,0.00656800772899484,2.55224676390666
Schenectady,2020-06-13T00:00:00.000,2,725,421,19861,19861,725,2020-06-13,2,421,0.00475059382422803,0.00656771891784684,2.54813517055847
Schenectady,2020-06-14T00:00:00.000,7,732,329,20190,20190,732,2020-06-14,7,329,0.0212765957446809,0.0065951801411292,8.91018261555971
Schenectady,2020-06-15T00:00:00.000,3,735,495,20685,20685,735,2020-06-15,3,495,0.00606060606060606,0.00665123148767196,3.84639933938651
Schenectady,2020-06-16T00:00:00.000,2,737,350,21035,21035,737,2020-06-16,2,350,0.00571428571428571,0.00673681084058606,2.57957180417273
Schenectady,2020-06-17T00:00:00.000,1,738,540,21575,21575,738,2020-06-17,1,540,0.00185185185185185,0.00685293638229883,1.29571908676707
Schenectady,2020-06-18T00:00:00.000,8,746,763,22338,22338,746,2020-06-18,8,763,0.0104849279161206,0.00700068142495149,10.3688386324589
Schenectady,2020-06-19T00:00:00.000,3,749,478,22816,22816,749,2020-06-19,3,478,0.00627615062761506,0.00718113945172359,3.88047177914849
Schenectady,2020-06-20T00:00:00.000,5,754,549,23365,23365,754,2020-06-20,5,549,0.00910746812386157,0.0073953773029783,6.43587290850592
Schenectady,2020-06-21T00:00:00.000,7,761,594,23959,23959,761,2020-06-21,7,594,0.0117845117845118,0.00764437468533938,8.96104242471021
Schenectady,2020-06-22T00:00:00.000,9,770,347,24306,24306,770,2020-06-22,9,347,0.0259365994236311,0.00792894861446696,11.4530334932295
Schenectady,2020-06-23T00:00:00.000,2,772,391,24697,24697,772,2020-06-23,2,391,0.0051150895140665,0.00824966211455426,2.52909579694888
Schenectady,2020-06-24T00:00:00.000,6,778,812,25509,25509,778,2020-06-24,6,812,0.00738916256157635,0.0086067175753583,7.53749557824827
Schenectady,2020-06-25T00:00:00.000,3,781,403,25912,25912,781,2020-06-25,3,403,0.00744416873449132,0.00899983658778517,3.74336043094381
Schenectady,2020-06-26T00:00:00.000,5,786,454,26366,26366,786,2020-06-26,5,454,0.0110132158590308,0.00942812993775693,6.19635365322368
Schenectady,2020-06-27T00:00:00.000,6,792,385,26751,26751,792,2020-06-27,6,385,0.0155844155844156,0.0098899635705218,7.4143497129866
Schenectady,2020-06-28T00:00:00.000,7,799,393,27144,27144,799,2020-06-28,7,393,0.0178117048346056,0.0103828287015039,8.646315197174
Schenectady,2020-06-29T00:00:00.000,1,800,295,27439,27439,800,2020-06-29,1,295,0.00338983050847458,0.0109032265453099,1.2330970742084
Schenectady,2020-06-30T00:00:00.000,5,805,247,27686,27686,805,2020-06-30,5,247,0.0202429149797571,0.0114465800674204,6.15529300990012
Schenectady,2020-07-01T00:00:00.000,11,816,690,28376,28376,816,2020-07-01,11,690,0.0159420289855072,0.0120071863135692,13.4716811806034
Schenectady,2020-07-02T00:00:00.000,8,824,395,28771,28771,824,2020-07-02,8,395,0.020253164556962,0.0125782228474439,9.86559789782978
Schenectady,2020-07-03T00:00:00.000,7,831,418,29189,29189,831,2020-07-03,7,418,0.0167464114832536,0.0131518201901319,8.70704492482611
Schenectady,2020-07-04T00:00:00.000,3,834,559,29748,29748,834,2020-07-04,3,559,0.00536672629695885,0.0137192087187518,3.75985870027507
Schenectady,2020-07-05T00:00:00.000,4,838,471,30219,30219,838,2020-07-05,4,471,0.00849256900212314,0.0142709432236636,5.0249802973009
Schenectady,2020-07-06T00:00:00.000,5,843,340,30559,30559,843,2020-07-06,5,340,0.0147058823529412,0.014797201487199,6.29331681884641
Schenectady,2020-07-07T00:00:00.000,1,844,297,30856,30856,844,2020-07-07,1,297,0.00336700336700337,0.0152881455228919,1.26047854190534
Schenectady,2020-07-08T00:00:00.000,4,848,413,31269,31269,848,2020-07-08,4,413,0.00968523002421308,0.0157343263713864,5.04655398225962
Schenectady,2020-07-09T00:00:00.000,4,852,436,31705,31705,852,2020-07-09,4,436,0.00917431192660551,0.0161271066746616,5.04841246183726
Schenectady,2020-07-10T00:00:00.000,4,856,447,32152,32152,856,2020-07-10,4,447,0.00894854586129754,0.0164590707332034,5.04738201075102
Schenectady,2020-07-11T00:00:00.000,8,864,385,32537,32537,864,2020-07-11,8,385,0.0207792207792208,0.0167243903136846,10.086822361385
Schenectady,2020-07-12T00:00:00.000,4,868,488,33025,33025,868,2020-07-12,4,488,0.00819672131147541,0.0169191165525818,5.03650639745926
Schenectady,2020-07-13T00:00:00.000,15,883,495,33520,33520,883,2020-07-13,15,495,0.0303030303030303,0.0170413738954874,18.8502454034801
Schenectady,2020-07-14T00:00:00.000,8,891,476,33996,33996,891,2020-07-14,8,476,0.0168067226890756,0.017091440539678,10.0284187932206
Schenectady,2020-07-15T00:00:00.000,5,896,445,34441,34441,896,2020-07-15,5,445,0.0112359550561798,0.0170717102082899,6.2488914692838
Schenectady,2020-07-16T00:00:00.000,6,902,489,34930,34930,902,2020-07-16,6,489,0.0122699386503067,0.016986540946761,7.47250210322832
Schenectady,2020-07-17T00:00:00.000,8,910,639,35569,35569,910,2020-07-17,8,639,0.0125195618153365,0.0168420065353478,9.92619100271741
Schenectady,2020-07-18T00:00:00.000,5,915,203,35772,35772,915,2020-07-18,5,203,0.0246305418719212,0.0166455738442242,6.20374660421099
Schenectady,2020-07-19T00:00:00.000,0,915,249,36021,36021,915,2020-07-19,0,249,0,0.0164057341646785,0
Schenectady,2020-07-20T00:00:00.000,11,926,661,36682,36682,926,2020-07-20,11,661,0.0166414523449319,0.0161316178643532,13.7027458894282
Schenectady,2020-07-21T00:00:00.000,10,936,497,37179,37179,936,2020-07-21,10,497,0.0201207243460765,0.0158326198614719,12.4682196573807
Schenectady,2020-07-22T00:00:00.000,10,946,476,37655,37655,946,2020-07-22,10,476,0.0210084033613445,0.0155180589488707,12.4698020112937
Schenectady,2020-07-23T00:00:00.000,9,955,441,38096,38096,955,2020-07-23,9,441,0.0204081632653061,0.0151968878414483,11.2133303771293
Schenectady,2020-07-24T00:00:00.000,20,975,590,38686,38686,975,2020-07-24,20,590,0.0338983050847458,0.0148774639309263,24.8260181791153
Schenectady,2020-07-25T00:00:00.000,12,987,466,39152,39152,987,2020-07-25,12,466,0.0257510729613734,0.0145673840492264,14.7345883873953
Schenectady,2020-07-26T00:00:00.000,3,990,260,39412,39412,990,2020-07-26,3,260,0.0115384615384615,0.0142733806859881,3.63938585200421
Schenectady,2020-07-27T00:00:00.000,8,998,543,39955,39955,998,2020-07-27,8,543,0.0147329650092081,0.0140012726885598,9.70487874346971
Schenectady,2020-07-28T00:00:00.000,12,1010,450,40405,40405,1010,2020-07-28,12,450,0.0266666666666667,0.0137559604622152,14.6304499399889
Schenectady,2020-07-29T00:00:00.000,8,1018,512,40917,40917,1018,2020-07-29,8,512,0.015625,0.0135414542302285,9.79091287235082
Schenectady,2020-07-30T00:00:00.000,5,1023,563,41480,41480,1023,2020-07-30,5,563,0.0088809946714032,0.013360923681698,6.14204107197293
Schenectady,2020-07-31T00:00:00.000,9,1032,666,42146,42146,1032,2020-07-31,9,666,0.0135135135135135,0.013216758065472,11.0584725134288
Schenectady,2020-08-01T00:00:00.000,3,1035,332,42478,42478,1035,2020-08-01,3,332,0.00903614457831325,0.0131106272095105,3.6838786833501
Schenectady,2020-08-02T00:00:00.000,2,1037,298,42776,42776,1037,2020-08-02,2,298,0.00671140939597315,0.0130435357362578,2.46275415314746
Schenectady,2020-08-03T00:00:00.000,4,1041,482,43258,43258,1041,2020-08-03,4,482,0.00829875518672199,0.0130158647038505,4.95127702508982
Schenectady,2020-08-04T00:00:00.000,4,1045,518,43776,43776,1045,2020-08-04,4,518,0.00772200772200772,0.0130273969443742,5.02173610829353
Schenectady,2020-08-05T00:00:00.000,5,1050,719,44495,44495,1050,2020-08-05,5,719,0.00695410292072323,0.0130773243261299,6.36513573359553
Schenectady,2020-08-06T00:00:00.000,5,1055,662,45157,45157,1055,2020-08-06,5,662,0.00755287009063444,0.0131642371203836,6.45139601208702
Schenectady,2020-08-07T00:00:00.000,3,1058,352,45509,45509,1058,2020-08-07,3,352,0.00852272727272727,0.0132860975407858,3.91324744856793
Schenectady,2020-08-08T00:00:00.000,0,1058,399,45908,45908,1058,2020-08-08,0,399,0,0.0134402013730923,0
Schenectady,2020-08-09T00:00:00.000,2,1060,274,46182,46182,1060,2020-08-09,2,274,0.0072992700729927,0.0136231334398657,2.65305401354515
Schenectady,2020-08-10T00:00:00.000,15,1075,523,46705,46705,1075,2020-08-10,15,523,0.0286806883365201,0.0138307243264561,19.9368785519168
Schenectady,2020-08-11T00:00:00.000,4,1079,448,47153,47153,1079,2020-08-11,4,448,0.00892857142857143,0.0140580172759289,5.31626382730374
Schenectady,2020-08-12T00:00:00.000,5,1084,749,47902,47902,1084,2020-08-12,5,749,0.00667556742323097,0.0142992552294788,6.6369162980801
Schenectady,2020-08-13T00:00:00.000,8,1092,558,48460,48460,1092,2020-08-13,8,558,0.014336917562724,0.0145478983823416,10.5931252050949
Schenectady,2020-08-14T00:00:00.000,9,1101,647,49107,49107,1101,2020-08-14,9,647,0.0139103554868624,0.0147966821847067,11.8899302291734
Schenectady,2020-08-15T00:00:00.000,18,1119,536,49643,49643,1119,2020-08-15,18,536,0.0335820895522388,0.0150377240653901,23.8029198424053
Schenectady,2020-08-16T00:00:00.000,2,1121,324,49967,49967,1121,2020-08-16,2,324,0.00617283950617284,0.01526268430297,2.64360580927726
Schenectady,2020-08-17T00:00:00.000,9,1130,515,50482,50482,1130,2020-08-17,9,515,0.0174757281553398,0.0154629822702659,11.8740794253951
Schenectady,2020-08-18T00:00:00.000,3,1133,386,50868,50868,1133,2020-08-18,3,386,0.0077720207253886,0.0156300640308774,3.94505229937547
Schenectady,2020-08-19T00:00:00.000,10,1143,885,51753,51753,1143,2020-08-19,10,885,0.0112994350282486,0.0157557113392816,13.088743742084
Schenectady,2020-08-20T00:00:00.000,16,1159,825,52578,52578,1159,2020-08-20,16,825,0.0193939393939394,0.0158323761738996,20.8157859567433
Schenectady,2020-08-21T00:00:00.000,13,1172,905,53483,53483,1172,2020-08-21,13,905,0.0143646408839779,0.0158535197501727,16.7888842182397
Schenectady,2020-08-22T00:00:00.000,7,1179,567,54050,54050,1179,2020-08-22,7,567,0.0123456790123457,0.0158139314809433,8.96274379543742
Schenectady,2020-08-23T00:00:00.000,3,1182,148,54198,54198,1182,2020-08-23,3,148,0.0202702702702703,0.0157100021190329,3.80382404973096
Schenectady,2020-08-24T00:00:00.000,24,1206,542,54740,54740,1206,2020-08-24,24,542,0.044280442804428,0.0155399270230603,30.1295084732184
Schenectady,2020-08-25T00:00:00.000,5,1211,536,55276,55276,1211,2020-08-25,5,536,0.00932835820895522,0.0153038200260878,6.24659251076845
Schenectady,2020-08-26T00:00:00.000,20,1231,813,56089,56089,1231,2020-08-26,20,813,0.02460024600246,0.0150037255130158,24.8397180564949
Schenectady,2020-08-27T00:00:00.000,2,1233,626,56715,56715,1233,2020-08-27,2,626,0.00319488817891374,0.0146435252005497,2.46682043024407
Schenectady,2020-08-28T00:00:00.000,22,1255,949,57664,57664,1255,2020-08-28,22,949,0.0231822971548999,0.0142287456404704,26.8335654784247
Schenectady,2020-08-29T00:00:00.000,5,1260,751,58415,58415,1260,2020-08-29,5,751,0.0066577896138482,0.0137662813953219,6.09362578148259
Schenectady,2020-08-30T00:00:00.000,3,1263,440,58855,58855,1263,2020-08-30,3,440,0.00681818181818182,0.0132640560518067,3.65856248637938
Schenectady,2020-08-31T00:00:00.000,8,1271,442,59297,59297,1271,2020-08-31,8,442,0.0180995475113122,0.0127306477286027,9.73881057118257
Schenectady,2020-09-01T00:00:00.000,7,1278,769,60066,60066,1278,2020-09-01,7,769,0.00910273081924577,0.0121749072230302,8.5026015683528
Schenectady,2020-09-02T00:00:00.000,12,1290,826,60892,60892,1290,2020-09-02,12,826,0.0145278450363196,0.0116055952807297,14.5377287114847
Schenectady,2020-09-03T00:00:00.000,8,1298,829,61721,61721,1298,2020-09-03,8,829,0.00965018094089264,0.0110310612475954,9.66284928450593
Schenectady,2020-09-04T00:00:00.000,1,1299,855,62576,62576,1299,2020-09-04,1,855,0.00116959064327485,0.0104589793427753,1.20384359672653
Schenectady,2020-09-05T00:00:00.000,11,1310,778,63354,63354,1310,2020-09-05,11,778,0.0141388174807198,0.00989615191554287,13.1944284157882
Schenectady,2020-09-06T00:00:00.000,4,1314,489,63843,63843,1314,2020-09-06,4,489,0.0081799591002045,0.00934838225674659,4.77944848459309
Schenectady,2020-09-07T00:00:00.000,8,1322,536,64379,64379,1322,2020-09-07,8,536,0.0149253731343284,0.00882041365281824,9.52005456412209
Schenectady,2020-09-08T00:00:00.000,2,1324,652,65031,65031,1324,2020-09-08,2,652,0.00306748466257669,0.00831592683226537,2.36996917013343
Schenectady,2020-09-09T00:00:00.000,11,1335,520,65551,65551,1335,2020-09-09,11,520,0.0211538461538462,0.00783758505256954,12.9783579152823
Schenectady,2020-09-10T00:00:00.000,8,1343,1235,66786,66786,1343,2020-09-10,8,1235,0.00647773279352227,0.00738711478907592,9.40864400026577
Schenectady,2020-09-11T00:00:00.000,8,1351,1410,68196,68196,1351,2020-09-11,8,1410,0.00567375886524823,0.00696541003267922,9.38206994925402
Schenectady,2020-09-12T00:00:00.000,5,1356,550,68746,68746,1356,2020-09-12,5,550,0.00909090909090909,0.0065726493192604,5.84550402271223
Schenectady,2020-09-13T00:00:00.000,1,1357,219,68965,68965,1357,2020-09-13,1,219,0.0045662100456621,0.00620841638193127,1.16844729540402
Schenectady,2020-09-14T00:00:00.000,1,1358,329,69294,69294,1358,2020-09-14,1,329,0.00303951367781155,0.00587181739295867,1.16876433903145
Schenectady,2020-09-15T00:00:00.000,4,1362,884,70178,70178,1362,2020-09-15,4,884,0.00452488687782805,0.0055615898678071,4.67426779899947
Schenectady,2020-09-16T00:00:00.000,10,1372,1199,71377,71377,1372,2020-09-16,10,1199,0.00834028356964137,0.00527620024635175,11.6795956285885
Schenectady,2020-09-17T00:00:00.000,2,1374,1111,72488,72488,1374,2020-09-17,2,1111,0.0018001800180018,0.0050139287699862,2.33382422549513
Schenectady,2020-09-18T00:00:00.000,3,1377,1213,73701,73701,1377,2020-09-18,3,1213,0.00247320692497939,0.00477294155408137,3.49621848857528
Schenectady,2020-09-19T00:00:00.000,3,1380,1112,74813,74813,1380,2020-09-19,3,1112,0.00269784172661871,0.00455135065137393,3.49030480774195
Schenectady,2020-09-20T00:00:00.000,3,1383,326,75139,75139,1383,2020-09-20,3,326,0.00920245398773006,0.0043472634594543,3.48300851524406
Schenectady,2020-09-21T00:00:00.000,0,1383,451,75590,75590,1383,2020-09-21,0,451,0,0.0041588231133278,0
Schenectady,2020-09-22T00:00:00.000,5,1388,1006,76596,76596,1388,2020-09-22,5,1006,0.00497017892644135,0.00398424155341447,5.77411800264669
Schenectady,2020-09-23T00:00:00.000,7,1395,1193,77789,77789,1395,2020-09-23,7,1193,0.00586756077116513,0.00382182682085613,8.07449921723565
Schenectady,2020-09-24T00:00:00.000,3,1398,1096,78885,78885,1398,2020-09-24,3,1096,0.00273722627737226,0.0036700059042386,3.45873085863897
Schenectady,2020-09-25T00:00:00.000,1,1399,1364,80249,80249,1399,2020-09-25,1,1364,0.000733137829912023,0.0035273441223066,1.15234786985066
Schenectady,2020-09-26T00:00:00.000,3,1402,1461,81710,81710,1402,2020-09-26,3,1461,0.00205338809034908,0.00339256168777154,3.45540122624859
Schenectady,2020-09-27T00:00:00.000,1,1403,310,82020,82020,1403,2020-09-27,1,310,0.0032258064516129,0.00326454774796821,1.16253474141627
Schenectady,2020-09-28T00:00:00.000,2,1405,481,82501,82501,1405,2020-09-28,2,481,0.00415800415800416,0.00314237191098085,2.3702496446175
Schenectady,2020-09-29T00:00:00.000,5,1410,941,83442,83442,1410,2020-09-29,5,941,0.0053134962805526,0.00302529304487863,6.03344591334908
Schenectady,2020-09-30T00:00:00.000,7,1417,1243,84685,84685,1417,2020-09-30,7,1243,0.00563153660498793,0.00291276504591594,8.58845257596207
Schoharie,2020-04-01T00:00:00.000,0,8,10,101,101,8,2020-04-01,8,101,0.0792079207920792,0.0568004377210131,8.25486589068156
Schoharie,2020-04-02T00:00:00.000,1,9,5,106,106,9,2020-04-02,1,5,0.2,0.0591086377827621,1.03520823062717
Schoharie,2020-04-03T00:00:00.000,1,10,21,127,127,10,2020-04-03,1,21,0.0476190476190476,0.0614955444915165,1.04680971679147
Schoharie,2020-04-04T00:00:00.000,1,11,16,143,143,11,2020-04-04,1,16,0.0625,0.0639481335371228,1.0613968285978
Schoharie,2020-04-05T00:00:00.000,0,11,17,160,160,11,2020-04-05,0,17,0,0.0664452958716155,0
Schoharie,2020-04-06T00:00:00.000,1,12,19,179,179,12,2020-04-06,1,19,0.0526315789473684,0.0689579047511464,1.09020455028768
Schoharie,2020-04-07T00:00:00.000,0,12,20,199,199,12,2020-04-07,0,20,0,0.0714491044038943,0
Schoharie,2020-04-08T00:00:00.000,0,12,8,207,207,12,2020-04-08,0,8,0,0.07387488748035,0
Schoharie,2020-04-09T00:00:00.000,0,12,16,223,223,12,2020-04-09,0,16,0,0.0761850193558259,0
Schoharie,2020-04-10T00:00:00.000,0,12,5,228,228,12,2020-04-10,0,5,0,0.0783243475653123,0
Schoharie,2020-04-11T00:00:00.000,0,12,2,230,230,12,2020-04-11,0,2,0,0.0802345069996216,0
Schoharie,2020-04-12T00:00:00.000,0,12,4,234,234,12,2020-04-12,0,4,0,0.0818559968296293,0
Schoharie,2020-04-13T00:00:00.000,8,20,59,293,293,20,2020-04-13,8,59,0.135593220338983,0.0831305674429219,9.16619539286408
Schoharie,2020-04-14T00:00:00.000,0,20,1,294,294,20,2020-04-14,0,1,0,0.0840038186321596,0
Schoharie,2020-04-15T00:00:00.000,0,20,5,299,299,20,2020-04-15,0,5,0,0.0844278769664866,0
Schoharie,2020-04-16T00:00:00.000,0,20,0,299,299,20,2020-04-16,0,0,0,0.0843639957805808,0
Schoharie,2020-04-17T00:00:00.000,0,20,1,300,300,20,2020-04-17,0,1,0,0.0837849063534626,0
Schoharie,2020-04-18T00:00:00.000,0,20,2,302,302,20,2020-04-18,0,2,0,0.0826767482936858,0
Schoharie,2020-04-19T00:00:00.000,0,20,4,306,306,20,2020-04-19,0,4,0,0.0810404195002121,0
Schoharie,2020-04-20T00:00:00.000,0,20,4,310,310,20,2020-04-20,0,4,0,0.0788922144556344,0
Schoharie,2020-04-21T00:00:00.000,0,20,0,310,310,20,2020-04-21,0,0,0.0625,0.0762636611674726,0
Schoharie,2020-04-22T00:00:00.000,1,21,8,318,318,21,2020-04-22,1,8,0.125,0.0732005220133814,1.20217615126954
Schoharie,2020-04-23T00:00:00.000,0,21,13,331,331,21,2020-04-23,0,13,0,0.0697609873646403,0
Schoharie,2020-04-24T00:00:00.000,12,33,177,508,508,33,2020-04-24,12,177,0.0677966101694915,0.0660131589622273,14.5425669308002
Schoharie,2020-04-25T00:00:00.000,2,35,29,537,537,35,2020-04-25,2,29,0.0689655172413793,0.0620319847958723,2.43037616801954
Schoharie,2020-04-26T00:00:00.000,0,35,15,552,552,35,2020-04-26,0,15,0,0.0578958607578701,0
Schoharie,2020-04-27T00:00:00.000,3,38,19,571,571,38,2020-04-27,3,19,0.157894736842105,0.053683148211464,3.65156447580564
Schoharie,2020-04-28T00:00:00.000,1,39,21,592,592,39,2020-04-28,1,21,0.0476190476190476,0.0494688645398913,1.21463791414379
Schoharie,2020-04-29T00:00:00.000,3,42,17,609,609,42,2020-04-29,3,17,0.176470588235294,0.0453217824946815,3.63325958015438
Schoharie,2020-04-30T00:00:00.000,1,43,24,633,633,43,2020-04-30,1,24,0.0416666666666667,0.0413021265722067,1.20658294686541
Schoharie,2020-05-01T00:00:00.000,0,43,16,649,649,43,2020-05-01,0,16,0,0.0374599865329437,0
Schoharie,2020-05-02T00:00:00.000,2,45,20,669,669,45,2020-05-02,2,20,0.1,0.0338344906729901,2.38994702472344
Schoharie,2020-05-03T00:00:00.000,0,45,21,690,690,45,2020-05-03,0,21,0,0.0304537058177291,0
Schoharie,2020-05-04T00:00:00.000,0,45,29,719,719,45,2020-05-04,0,29,0,0.0273351680283113,0
Schoharie,2020-05-05T00:00:00.000,0,45,29,748,748,45,2020-05-05,0,29,0,0.0244869047100205,0
Schoharie,2020-05-06T00:00:00.000,0,45,20,768,768,45,2020-05-06,0,20,0,0.0219087884520345,0
Schoharie,2020-05-07T00:00:00.000,0,45,15,783,783,45,2020-05-07,0,15,0,0.0195940640013246,0
Schoharie,2020-05-08T00:00:00.000,1,46,32,815,815,46,2020-05-08,1,32,0.03125,0.0175309077911772,1.15558176693366
Schoharie,2020-05-09T00:00:00.000,0,46,23,838,838,46,2020-05-09,0,23,0,0.0157039084100978,0
Schoharie,2020-05-10T00:00:00.000,0,46,19,857,857,46,2020-05-10,0,19,0,0.0140953898110812,0
Schoharie,2020-05-11T00:00:00.000,0,46,32,889,889,46,2020-05-11,0,32,0,0.0126865316209422,0
Schoharie,2020-05-12T00:00:00.000,1,47,27,916,916,47,2020-05-12,1,27,0.037037037037037,0.0114582691654954,1.12640628605112
Schoharie,2020-05-13T00:00:00.000,0,47,32,948,948,47,2020-05-13,0,32,0,0.0103919773881944,0
Schoharie,2020-05-14T00:00:00.000,0,47,8,956,956,47,2020-05-14,0,8,0,0.00946995775966335,0
Schoharie,2020-05-15T00:00:00.000,0,47,22,978,978,47,2020-05-15,0,22,0,0.00867575565671223,0
Schoharie,2020-05-16T00:00:00.000,0,47,39,1017,1017,47,2020-05-16,0,39,0,0.00799433912652494,0
Schoharie,2020-05-17T00:00:00.000,1,48,36,1053,1053,48,2020-05-17,1,36,0.0277777777777778,0.00741216951294298,1.11457124988118
Schoharie,2020-05-18T00:00:00.000,0,48,21,1074,1074,48,2020-05-18,0,21,0,0.00691719169781468,0
Schoharie,2020-05-19T00:00:00.000,0,48,34,1108,1108,48,2020-05-19,0,34,0,0.0064987676554422,0
Schoharie,2020-05-20T00:00:00.000,1,49,33,1141,1141,49,2020-05-20,1,33,0.0303030303030303,0.00614757253373812,1.12229596546367
Schoharie,2020-05-21T00:00:00.000,0,49,27,1168,1168,49,2020-05-21,0,27,0,0.0058554681837085,0
Schoharie,2020-05-22T00:00:00.000,0,49,23,1191,1191,49,2020-05-22,0,23,0,0.00561536519245435,0
Schoharie,2020-05-23T00:00:00.000,0,49,29,1220,1220,49,2020-05-23,0,29,0,0.00542108132628824,0
Schoharie,2020-05-24T00:00:00.000,0,49,21,1241,1241,49,2020-05-24,0,21,0,0.00526720184013374,0
Schoharie,2020-05-25T00:00:00.000,0,49,12,1253,1253,49,2020-05-25,0,12,0,0.00514894532450074,0
Schoharie,2020-05-26T00:00:00.000,0,49,46,1299,1299,49,2020-05-26,0,46,0,0.00506203764297657,0
Schoharie,2020-05-27T00:00:00.000,0,49,74,1373,1373,49,2020-05-27,0,74,0,0.00500259585673614,0
Schoharie,2020-05-28T00:00:00.000,0,49,32,1405,1405,49,2020-05-28,0,32,0,0.00496702383864975,0
Schoharie,2020-05-29T00:00:00.000,1,50,32,1437,1437,50,2020-05-29,1,32,0.03125,0.0049519213130911,1.17411531460003
Schoharie,2020-05-30T00:00:00.000,0,50,41,1478,1478,50,2020-05-30,0,41,0,0.00495400827919446,0
Schoharie,2020-05-31T00:00:00.000,0,50,47,1525,1525,50,2020-05-31,0,47,0,0.00497006697786833,0
Schoharie,2020-06-01T00:00:00.000,1,51,39,1564,1564,51,2020-06-01,1,39,0.0256410256410256,0.00499690360755094,1.20544469271958
Schoharie,2020-06-02T00:00:00.000,0,51,46,1610,1610,51,2020-06-02,0,46,0,0.00503133178167593,0
Schoharie,2020-06-03T00:00:00.000,0,51,63,1673,1673,51,2020-06-03,0,63,0,0.00507017907473674,0
Schoharie,2020-06-04T00:00:00.000,0,51,60,1733,1733,51,2020-06-04,0,60,0,0.00511031691038651,0
Schoharie,2020-06-05T00:00:00.000,3,54,85,1818,1818,54,2020-06-05,3,85,0.0352941176470588,0.00514871252036013,3.6429911496151
Schoharie,2020-06-06T00:00:00.000,0,54,59,1877,1877,54,2020-06-06,0,59,0,0.00518249979941184,0
Schoharie,2020-06-07T00:00:00.000,0,54,65,1942,1942,54,2020-06-07,0,65,0,0.00520906390467851,0
Schoharie,2020-06-08T00:00:00.000,0,54,60,2002,2002,54,2020-06-08,0,60,0,0.00522613259484617,0
Schoharie,2020-06-09T00:00:00.000,0,54,41,2043,2043,54,2020-06-09,0,41,0,0.00523186596008156,0
Schoharie,2020-06-10T00:00:00.000,0,54,74,2117,2117,54,2020-06-10,0,74,0,0.00522493565321281,0
Schoharie,2020-06-11T00:00:00.000,0,54,33,2150,2150,54,2020-06-11,0,33,0,0.00520458520230623,0
Schoharie,2020-06-12T00:00:00.000,0,54,40,2190,2190,54,2020-06-12,0,40,0,0.00517066452368832,0
Schoharie,2020-06-13T00:00:00.000,0,54,37,2227,2227,54,2020-06-13,0,37,0,0.00512363425258725,0
Schoharie,2020-06-14T00:00:00.000,0,54,42,2269,2269,54,2020-06-14,0,42,0,0.00506453864479503,0
Schoharie,2020-06-15T00:00:00.000,0,54,83,2352,2352,54,2020-06-15,0,83,0,0.0049949491246412,0
Schoharie,2020-06-16T00:00:00.000,1,55,87,2439,2439,55,2020-06-16,1,87,0.0114942528735632,0.00491688362009433,1.2498019075075
Schoharie,2020-06-17T00:00:00.000,0,55,38,2477,2477,55,2020-06-17,0,38,0,0.00483270912625362,0
Schoharie,2020-06-18T00:00:00.000,0,55,45,2522,2522,55,2020-06-18,0,45,0,0.00474503625853419,0
Schoharie,2020-06-19T00:00:00.000,1,56,35,2557,2557,56,2020-06-19,1,35,0.0285714285714286,0.00465661467011351,1.23865673613876
Schoharie,2020-06-20T00:00:00.000,1,57,55,2612,2612,57,2020-06-20,1,55,0.0181818181818182,0.00457023731830267,1.22669133237609
Schoharie,2020-06-21T00:00:00.000,0,57,84,2696,2696,57,2020-06-21,0,84,0,0.00448865978831899,0
Schoharie,2020-06-22T00:00:00.000,0,57,61,2757,2757,57,2020-06-22,0,61,0,0.00441453864035053,0
Schoharie,2020-06-23T00:00:00.000,0,57,37,2794,2794,57,2020-06-23,0,37,0,0.00435039035513286,0
Schoharie,2020-06-24T00:00:00.000,0,57,45,2839,2839,57,2020-06-24,0,45,0,0.00429857019618017,0
Schoharie,2020-06-25T00:00:00.000,0,57,19,2858,2858,57,2020-06-25,0,19,0,0.00426126845402485,0
Schoharie,2020-06-26T00:00:00.000,0,57,47,2905,2905,57,2020-06-26,0,47,0,0.00424052009588144,0
Schoharie,2020-06-27T00:00:00.000,1,58,61,2966,2966,58,2020-06-27,1,61,0.0163934426229508,0.00423822290568086,1.13532637309007
Schoharie,2020-06-28T00:00:00.000,0,58,48,3014,3014,58,2020-06-28,0,48,0,0.00425615859304595,0
Schoharie,2020-06-29T00:00:00.000,0,58,68,3082,3082,58,2020-06-29,0,68,0,0.00429601101446874,0
Schoharie,2020-06-30T00:00:00.000,0,58,46,3128,3128,58,2020-06-30,0,46,0,0.00435937543427735,0
Schoharie,2020-07-01T00:00:00.000,0,58,49,3177,3177,58,2020-07-01,0,49,0,0.00444775258607276,0
Schoharie,2020-07-02T00:00:00.000,0,58,25,3202,3202,58,2020-07-02,0,25,0,0.00456252113454257,0
Schoharie,2020-07-03T00:00:00.000,0,58,39,3241,3241,58,2020-07-03,0,39,0,0.00470488209283503,0
Schoharie,2020-07-04T00:00:00.000,1,59,49,3290,3290,59,2020-07-04,1,49,0.0204081632653061,0.00487576896551783,1.13011249001877
Schoharie,2020-07-05T00:00:00.000,0,59,39,3329,3329,59,2020-07-05,0,39,0,0.00507571817543904,0
Schoharie,2020-07-06T00:00:00.000,0,59,29,3358,3358,59,2020-07-06,0,29,0,0.0053046961416003,0
Schoharie,2020-07-07T00:00:00.000,1,60,48,3406,3406,60,2020-07-07,1,48,0.0208333333333333,0.00556188266221834,1.13925818693141
Schoharie,2020-07-08T00:00:00.000,1,61,45,3451,3451,61,2020-07-08,1,45,0.0222222222222222,0.00584541554828516,1.14269849523557
Schoharie,2020-07-09T00:00:00.000,1,62,42,3493,3493,62,2020-07-09,1,42,0.0238095238095238,0.00615210910007874,1.14615036163503
Schoharie,2020-07-10T00:00:00.000,0,62,53,3546,3546,62,2020-07-10,0,53,0,0.00647716901146546,0
Schoharie,2020-07-11T00:00:00.000,0,62,42,3588,3588,62,2020-07-11,0,42,0,0.00681393795363316,0
Schoharie,2020-07-12T00:00:00.000,0,62,32,3620,3620,62,2020-07-12,0,32,0,0.00715371791271028,0
Schoharie,2020-07-13T00:00:00.000,0,62,35,3655,3655,62,2020-07-13,0,35,0,0.00748572470299644,0
Schoharie,2020-07-14T00:00:00.000,0,62,73,3728,3728,62,2020-07-14,0,73,0,0.00779723338467037,0
Schoharie,2020-07-15T00:00:00.000,0,62,52,3780,3780,62,2020-07-15,0,52,0,0.00807396663241698,0
Schoharie,2020-07-16T00:00:00.000,0,62,77,3857,3857,62,2020-07-16,0,77,0,0.00830075805182382,0
Schoharie,2020-07-17T00:00:00.000,0,62,81,3938,3938,62,2020-07-17,0,81,0,0.00846248774678316,0
Schoharie,2020-07-18T00:00:00.000,0,62,28,3966,3966,62,2020-07-18,0,28,0,0.00854524031987398,0
Schoharie,2020-07-19T00:00:00.000,0,62,42,4008,4008,62,2020-07-19,0,42,0,0.00853758266727075,0
Schoharie,2020-07-20T00:00:00.000,2,64,71,4079,4079,64,2020-07-20,2,71,0.028169014084507,0.00843181139417982,2.3349049739188
Schoharie,2020-07-21T00:00:00.000,0,64,86,4165,4165,64,2020-07-21,0,86,0,0.00822499066495717,0
Schoharie,2020-07-22T00:00:00.000,2,66,43,4208,4208,66,2020-07-22,2,43,0.0465116279069767,0.00791960294650531,2.33171869539339
Schoharie,2020-07-23T00:00:00.000,1,67,32,4240,4240,67,2020-07-23,1,32,0.03125,0.00752367399699005,1.16134068156788
Schoharie,2020-07-24T00:00:00.000,0,67,32,4272,4272,67,2020-07-24,0,32,0,0.00705030718077917,0
Schoharie,2020-07-25T00:00:00.000,1,68,48,4320,4320,68,2020-07-25,1,48,0.0208333333333333,0.00651665801572723,1.13297701234143
Schoharie,2020-07-26T00:00:00.000,0,68,28,4348,4348,68,2020-07-26,0,28,0,0.00594247707162191,0
Schoharie,2020-07-27T00:00:00.000,0,68,36,4384,4384,68,2020-07-27,0,36,0,0.00534842445474218,0
Schoharie,2020-07-28T00:00:00.000,0,68,44,4428,4428,68,2020-07-28,0,44,0,0.00475439356560053,0
Schoharie,2020-07-29T00:00:00.000,0,68,62,4490,4490,68,2020-07-29,0,62,0,0.00417806748473623,0
Schoharie,2020-07-30T00:00:00.000,0,68,55,4545,4545,68,2020-07-30,0,55,0,0.00363387378647928,0
Schoharie,2020-07-31T00:00:00.000,0,68,61,4606,4606,68,2020-07-31,0,61,0,0.00313241957837281,0
Schoharie,2020-08-01T00:00:00.000,0,68,56,4662,4662,68,2020-08-01,0,56,0,0.00268040030816503,0
Schoharie,2020-08-02T00:00:00.000,0,68,39,4701,4701,68,2020-08-02,0,39,0,0.00228090373839649,0
Schoharie,2020-08-03T00:00:00.000,0,68,72,4773,4773,68,2020-08-03,0,72,0,0.00193398719836182,0
Schoharie,2020-08-04T00:00:00.000,0,68,82,4855,4855,68,2020-08-04,0,82,0,0.00163739469582339,0
Schoharie,2020-08-05T00:00:00.000,1,69,37,4892,4892,69,2020-08-05,1,37,0.027027027027027,0.00138729523463723,1.01719136522942
Schoharie,2020-08-06T00:00:00.000,0,69,42,4934,4934,69,2020-08-06,0,42,0,0.00117895445696039,0
Schoharie,2020-08-07T00:00:00.000,0,69,65,4999,4999,69,2020-08-07,0,65,0,0.00100728765836956,0
Schoharie,2020-08-08T00:00:00.000,0,69,62,5061,5061,69,2020-08-08,0,62,0,0.000867274800586352,0
Schoharie,2020-08-09T00:00:00.000,0,69,33,5094,5094,69,2020-08-09,0,33,0,0.00075424255335185,0
Schoharie,2020-08-10T00:00:00.000,0,69,121,5215,5215,69,2020-08-10,0,121,0,0.00066403332428494,0
Schoharie,2020-08-11T00:00:00.000,0,69,68,5283,5283,69,2020-08-11,0,68,0,0.000593087795398824,0
Schoharie,2020-08-12T00:00:00.000,0,69,65,5348,5348,69,2020-08-12,0,65,0,0.000538467999861989,0
Schoharie,2020-08-13T00:00:00.000,0,69,38,5386,5386,69,2020-08-13,0,38,0,0.000497844943776829,0
Schoharie,2020-08-14T00:00:00.000,0,69,75,5461,5461,69,2020-08-14,0,75,0,0.00046947028275059,0
Schoharie,2020-08-15T00:00:00.000,0,69,55,5516,5516,69,2020-08-15,0,55,0,0.000452147054931583,0
Schoharie,2020-08-16T00:00:00.000,0,69,52,5568,5568,69,2020-08-16,0,52,0,0.000445210762506052,0
Schoharie,2020-08-17T00:00:00.000,0,69,65,5633,5633,69,2020-08-17,0,65,0,0.000448529537545442,0
Schoharie,2020-08-18T00:00:00.000,0,69,64,5697,5697,69,2020-08-18,0,64,0,0.000462530744979012,0
Schoharie,2020-08-19T00:00:00.000,0,69,61,5758,5758,69,2020-08-19,0,61,0,0.000488260994922162,0
Schoharie,2020-08-20T00:00:00.000,0,69,55,5813,5813,69,2020-08-20,0,55,0,0.000527486836284394,0
Schoharie,2020-08-21T00:00:00.000,0,69,64,5877,5877,69,2020-08-21,0,64,0,0.000582843903408523,0
Schoharie,2020-08-22T00:00:00.000,0,69,86,5963,5963,69,2020-08-22,0,86,0,0.000658042246188202,0
Schoharie,2020-08-23T00:00:00.000,0,69,50,6013,6013,69,2020-08-23,0,50,0,0.000758133865734521,0
Schoharie,2020-08-24T00:00:00.000,0,69,47,6060,6060,69,2020-08-24,0,47,0,0.00088984336937237,0
Schoharie,2020-08-25T00:00:00.000,0,69,84,6144,6144,69,2020-08-25,0,84,0,0.00106195170336396,0
Schoharie,2020-08-26T00:00:00.000,0,69,30,6174,6174,69,2020-08-26,0,30,0,0.00128570294685309,0
Schoharie,2020-08-27T00:00:00.000,0,69,53,6227,6227,69,2020-08-27,0,53,0,0.00157517174876561,0
Schoharie,2020-08-28T00:00:00.000,0,69,53,6280,6280,69,2020-08-28,0,53,0,0.00194748180161201,0
Schoharie,2020-08-29T00:00:00.000,0,69,68,6348,6348,69,2020-08-29,0,68,0,0.00242270499166126,0
Schoharie,2020-08-30T00:00:00.000,0,69,46,6394,6394,69,2020-08-30,0,46,0,0.00302320525831241,0
Schoharie,2020-08-31T00:00:00.000,1,70,86,6480,6480,70,2020-08-31,1,86,0.0116279069767442,0.00377214166622492,1.07792782049387
Schoharie,2020-09-01T00:00:00.000,0,70,56,6536,6536,70,2020-09-01,0,56,0,0.00469084793291352,0
Schoharie,2020-09-02T00:00:00.000,0,70,65,6601,6601,70,2020-09-02,0,65,0,0.00579490952789607,0
Schoharie,2020-09-03T00:00:00.000,1,71,50,6651,6651,71,2020-09-03,1,50,0.02,0.007089011747231,1.1556120419933
Schoharie,2020-09-04T00:00:00.000,1,72,54,6705,6705,72,2020-09-04,1,54,0.0185185185185185,0.00856104979144663,1.17997780609815
Schoharie,2020-09-05T00:00:00.000,1,73,66,6771,6771,73,2020-09-05,1,66,0.0151515151515152,0.0101765230788625,1.20284925335004
Schoharie,2020-09-06T00:00:00.000,0,73,60,6831,6831,73,2020-09-06,0,60,0,0.0118747318648103,0
Schoharie,2020-09-07T00:00:00.000,0,73,55,6886,6886,73,2020-09-07,0,55,0,0.0135685204154055,0
Schoharie,2020-09-08T00:00:00.000,0,73,26,6912,6912,73,2020-09-08,0,26,0,0.0151490247059763,0
Schoharie,2020-09-09T00:00:00.000,1,74,40,6952,6952,74,2020-09-09,1,40,0.025,0.0164959627462128,1.27100307649858
Schoharie,2020-09-10T00:00:00.000,1,75,57,7009,7009,75,2020-09-10,1,57,0.0175438596491228,0.0174925757964569,1.28196137692088
Schoharie,2020-09-11T00:00:00.000,2,77,66,7075,7075,77,2020-09-11,2,66,0.0303030303030303,0.0180427860550489,2.57973066709591
Schoharie,2020-09-12T00:00:00.000,1,78,63,7138,7138,78,2020-09-12,1,63,0.0158730158730159,0.0180870341026187,1.29364361403436
Schoharie,2020-09-13T00:00:00.000,4,82,57,7195,7195,82,2020-09-13,4,57,0.0701754385964912,0.0176130821266248,5.18745773587099
Schoharie,2020-09-14T00:00:00.000,1,83,56,7251,7251,83,2020-09-14,1,56,0.0178571428571429,0.0166590090521684,1.29722292292684
Schoharie,2020-09-15T00:00:00.000,0,83,46,7297,7297,83,2020-09-15,0,46,0,0.0153074717875645,0
Schoharie,2020-09-16T00:00:00.000,0,83,51,7348,7348,83,2020-09-16,0,51,0,0.013672505452297,0
Schoharie,2020-09-17T00:00:00.000,0,83,48,7396,7396,83,2020-09-17,0,48,0,0.0118819739777996,0
Schoharie,2020-09-18T00:00:00.000,0,83,47,7443,7443,83,2020-09-18,0,47,0,0.010059661939648,0
Schoharie,2020-09-19T00:00:00.000,0,83,86,7529,7529,83,2020-09-19,0,86,0,0.00831067220726981,0
Schoharie,2020-09-20T00:00:00.000,0,83,47,7576,7576,83,2020-09-20,0,47,0,0.00671246881716305,0
Schoharie,2020-09-21T00:00:00.000,0,83,63,7639,7639,83,2020-09-21,0,63,0,0.00531213878818412,0
Schoharie,2020-09-22T00:00:00.000,0,83,53,7692,7692,83,2020-09-22,0,53,0,0.00412888452496993,0
Schoharie,2020-09-23T00:00:00.000,0,83,54,7746,7746,83,2020-09-23,0,54,0,0.00315984699788197,0
Schoharie,2020-09-24T00:00:00.000,0,83,43,7789,7789,83,2020-09-24,0,43,0,0.00238720511228504,0
Schoharie,2020-09-25T00:00:00.000,1,84,82,7871,7871,84,2020-09-25,1,82,0.0121951219512195,0.00178491066819258,1.07646637560659
Schoharie,2020-09-26T00:00:00.000,1,85,64,7935,7935,85,2020-09-26,1,64,0.015625,0.00132408403411217,1.04837343537568
Schoharie,2020-09-27T00:00:00.000,0,85,45,7980,7980,85,2020-09-27,0,45,0,0.000976732712221741,0
Schoharie,2020-09-28T00:00:00.000,0,85,107,8087,8087,85,2020-09-28,0,107,0,0.00071790569085596,0
Schoharie,2020-09-29T00:00:00.000,0,85,49,8136,8136,85,2020-09-29,0,49,0,0.000526627419951808,0
Schoharie,2020-09-30T00:00:00.000,0,85,596,8732,8732,85,2020-09-30,0,596,0,0.00038601084951634,0
Schuyler,2020-04-01T00:00:00.000,1,3,8,75,75,3,2020-04-01,3,75,0.04,0.0422842119106484,3.00554991950563
Schuyler,2020-04-02T00:00:00.000,0,3,13,88,88,3,2020-04-02,0,13,0,0.0386803110740086,0
Schuyler,2020-04-03T00:00:00.000,1,4,5,93,93,4,2020-04-03,1,5,0.2,0.0353725674490447,0.990489870457678
Schuyler,2020-04-04T00:00:00.000,0,4,2,95,95,4,2020-04-04,0,2,0,0.0323390905416784,0
Schuyler,2020-04-05T00:00:00.000,0,4,9,104,104,4,2020-04-05,0,9,0,0.0295595784257342,0
Schuyler,2020-04-06T00:00:00.000,0,4,4,108,108,4,2020-04-06,0,4,0,0.0270152319983604,0
Schuyler,2020-04-07T00:00:00.000,0,4,12,120,120,4,2020-04-07,0,12,0,0.0246886550216844,0
Schuyler,2020-04-08T00:00:00.000,0,4,20,140,140,4,2020-04-08,0,20,0,0.0225637462395261,0
Schuyler,2020-04-09T00:00:00.000,1,5,4,144,144,5,2020-04-09,1,4,0.25,0.0206255889326555,0.980721755102885
Schuyler,2020-04-10T00:00:00.000,0,5,7,151,151,5,2020-04-10,0,7,0,0.0188603426447805,0
Schuyler,2020-04-11T00:00:00.000,0,5,1,152,152,5,2020-04-11,0,1,0,0.0172551408354972,0
Schuyler,2020-04-12T00:00:00.000,0,5,1,153,153,5,2020-04-12,0,1,0,0.0157979974044066,0
Schuyler,2020-04-13T00:00:00.000,1,6,11,164,164,6,2020-04-13,1,11,0.0909090909090909,0.0144777240749021,0.962039887298264
Schuyler,2020-04-14T00:00:00.000,0,6,0,164,164,6,2020-04-14,0,0,0.0454545454545455,0.0132838596480966,0
Schuyler,2020-04-15T00:00:00.000,0,6,5,169,169,6,2020-04-15,0,5,0,0.01220661132241,0
Schuyler,2020-04-16T00:00:00.000,0,6,8,177,177,6,2020-04-16,0,8,0,0.0112368073856719,0
Schuyler,2020-04-17T00:00:00.000,0,6,4,181,181,6,2020-04-17,0,4,0,0.0103658600610695,0
Schuyler,2020-04-18T00:00:00.000,0,6,0,181,181,6,2020-04-18,0,0,0.125,0.00958573671701258,0
Schuyler,2020-04-19T00:00:00.000,1,7,4,185,185,7,2020-04-19,1,4,0.25,0.00888893748214354,0.957490324317821
Schuyler,2020-04-20T00:00:00.000,0,7,4,189,189,7,2020-04-20,0,4,0,0.00826847713177797,0
Schuyler,2020-04-21T00:00:00.000,0,7,10,199,199,7,2020-04-21,0,10,0,0.00771786924235342,0
Schuyler,2020-04-22T00:00:00.000,0,7,108,307,307,7,2020-04-22,0,108,0,0.00723111075496312,0
Schuyler,2020-04-23T00:00:00.000,0,7,18,325,325,7,2020-04-23,0,18,0,0.00680266538240002,0
Schuyler,2020-04-24T00:00:00.000,0,7,38,363,363,7,2020-04-24,0,38,0,0.00642744457495752,0
Schuyler,2020-04-25T00:00:00.000,0,7,10,373,373,7,2020-04-25,0,10,0,0.0061007850724052,0
Schuyler,2020-04-26T00:00:00.000,0,7,9,382,382,7,2020-04-26,0,9,0,0.00581842234182889,0
Schuyler,2020-04-27T00:00:00.000,0,7,8,390,390,7,2020-04-27,0,8,0,0.00557645943465556,0
Schuyler,2020-04-28T00:00:00.000,0,7,15,405,405,7,2020-04-28,0,15,0,0.00537133097642078,0
Schuyler,2020-04-29T00:00:00.000,0,7,7,412,412,7,2020-04-29,0,7,0,0.00519976218560745,0
Schuyler,2020-04-30T00:00:00.000,0,7,6,418,418,7,2020-04-30,0,6,0,0.00505872294279211,0
Schuyler,2020-05-01T00:00:00.000,0,7,7,425,425,7,2020-05-01,0,7,0,0.0049453771278189,0
Schuyler,2020-05-02T00:00:00.000,0,7,2,427,427,7,2020-05-02,0,2,0,0.00485702767165954,0
Schuyler,2020-05-03T00:00:00.000,0,7,12,439,439,7,2020-05-03,0,12,0,0.00479105811720774,0
Schuyler,2020-05-04T00:00:00.000,0,7,5,444,444,7,2020-05-04,0,5,0,0.00474487195549132,0
Schuyler,2020-05-05T00:00:00.000,0,7,31,475,475,7,2020-05-05,0,31,0,0.00471583165853993,0
Schuyler,2020-05-06T00:00:00.000,0,7,12,487,487,7,2020-05-06,0,12,0,0.00470120012760094,0
Schuyler,2020-05-07T00:00:00.000,0,7,9,496,496,7,2020-05-07,0,9,0,0.00469808820383474,0
Schuyler,2020-05-08T00:00:00.000,0,7,38,534,534,7,2020-05-08,0,38,0,0.00470341286884056,0
Schuyler,2020-05-09T00:00:00.000,0,7,31,565,565,7,2020-05-09,0,31,0,0.00471387161621474,0
Schuyler,2020-05-10T00:00:00.000,0,7,14,579,579,7,2020-05-10,0,14,0,0.00472593902312502,0
Schuyler,2020-05-11T00:00:00.000,1,8,17,596,596,8,2020-05-11,1,17,0.0588235294117647,0.00473589154828599,1.02605144957859
Schuyler,2020-05-12T00:00:00.000,0,8,32,628,628,8,2020-05-12,0,32,0,0.00473986568549527,0
Schuyler,2020-05-13T00:00:00.000,0,8,46,674,674,8,2020-05-13,0,46,0,0.00473395269813135,0
Schuyler,2020-05-14T00:00:00.000,0,8,18,692,692,8,2020-05-14,0,18,0,0.00471432998104903,0
Schuyler,2020-05-15T00:00:00.000,0,8,52,744,744,8,2020-05-15,0,52,0,0.00467742487283758,0
Schuyler,2020-05-16T00:00:00.000,1,9,32,776,776,9,2020-05-16,1,32,0.03125,0.00462010168751853,1.05620081490491
Schuyler,2020-05-17T00:00:00.000,1,10,55,831,831,10,2020-05-17,1,55,0.0181818181818182,0.00453985762346985,1.0612495652591
Schuyler,2020-05-18T00:00:00.000,0,10,57,888,888,10,2020-05-18,0,57,0,0.00443500883923651,0
Schuyler,2020-05-19T00:00:00.000,0,10,44,932,932,10,2020-05-19,0,44,0,0.00430484545009225,0
Schuyler,2020-05-20T00:00:00.000,0,10,42,974,974,10,2020-05-20,0,42,0,0.00414973439857708,0
Schuyler,2020-05-21T00:00:00.000,1,11,49,1023,1023,11,2020-05-21,1,49,0.0204081632653061,0.00397115261518284,1.08396012267936
Schuyler,2020-05-22T00:00:00.000,0,11,78,1101,1101,11,2020-05-22,0,78,0,0.00377163965055479,0
Schuyler,2020-05-23T00:00:00.000,0,11,45,1146,1146,11,2020-05-23,0,45,0,0.00355466821476446,0
Schuyler,2020-05-24T00:00:00.000,0,11,52,1198,1198,11,2020-05-24,0,52,0,0.00332444144397915,0
Schuyler,2020-05-25T00:00:00.000,0,11,14,1212,1212,11,2020-05-25,0,14,0,0.00308563543038849,0
Schuyler,2020-05-26T00:00:00.000,0,11,68,1280,1280,11,2020-05-26,0,68,0,0.00284311273997574,0
Schuyler,2020-05-27T00:00:00.000,0,11,41,1321,1321,11,2020-05-27,0,41,0,0.00260163599855226,0
Schuyler,2020-05-28T00:00:00.000,0,11,52,1373,1373,11,2020-05-28,0,52,0,0.00236560949636919,0
Schuyler,2020-05-29T00:00:00.000,0,11,64,1437,1437,11,2020-05-29,0,64,0,0.00213887156123776,0
Schuyler,2020-05-30T00:00:00.000,0,11,76,1513,1513,11,2020-05-30,0,76,0,0.00192455229962359,0
Schuyler,2020-05-31T00:00:00.000,0,11,30,1543,1543,11,2020-05-31,0,30,0,0.00172500191825325,0
Schuyler,2020-06-01T00:00:00.000,1,12,26,1569,1569,12,2020-06-01,1,26,0.0384615384615385,0.00154178594924404,1.07171571841349
Schuyler,2020-06-02T00:00:00.000,0,12,40,1609,1609,12,2020-06-02,0,40,0,0.00137573670501937,0
Schuyler,2020-06-03T00:00:00.000,0,12,22,1631,1631,12,2020-06-03,0,22,0,0.0012270460239349,0
Schuyler,2020-06-04T00:00:00.000,0,12,32,1663,1663,12,2020-06-04,0,32,0,0.00109538296040273,0
Schuyler,2020-06-05T00:00:00.000,0,12,139,1802,1802,12,2020-06-05,0,139,0,0.000980021119712617,0
Schuyler,2020-06-06T00:00:00.000,0,12,47,1849,1849,12,2020-06-06,0,47,0,0.000879963098127079,0
Schuyler,2020-06-07T00:00:00.000,0,12,45,1894,1894,12,2020-06-07,0,45,0,0.000794053087027255,0
Schuyler,2020-06-08T00:00:00.000,0,12,81,1975,1975,12,2020-06-08,0,81,0,0.000721072401917268,0
Schuyler,2020-06-09T00:00:00.000,0,12,46,2021,2021,12,2020-06-09,0,46,0,0.00065981594418607,0
Schuyler,2020-06-10T00:00:00.000,0,12,47,2068,2068,12,2020-06-10,0,47,0,0.000609150102261878,0
Schuyler,2020-06-11T00:00:00.000,0,12,51,2119,2119,12,2020-06-11,0,51,0,0.000568054269548316,0
Schuyler,2020-06-12T00:00:00.000,0,12,67,2186,2186,12,2020-06-12,0,67,0,0.000535649072501021,0
Schuyler,2020-06-13T00:00:00.000,0,12,30,2216,2216,12,2020-06-13,0,30,0,0.000511214719305144,0
Schuyler,2020-06-14T00:00:00.000,0,12,43,2259,2259,12,2020-06-14,0,43,0,0.000494202781773009,0
Schuyler,2020-06-15T00:00:00.000,0,12,68,2327,2327,12,2020-06-15,0,68,0,0.000484244376467429,0
Schuyler,2020-06-16T00:00:00.000,0,12,59,2386,2386,12,2020-06-16,0,59,0,0.000481157237823098,0
Schuyler,2020-06-17T00:00:00.000,0,12,42,2428,2428,12,2020-06-17,0,42,0,0.000484953662555989,0
Schuyler,2020-06-18T00:00:00.000,0,12,67,2495,2495,12,2020-06-18,0,67,0,0.000495850776813303,0
Schuyler,2020-06-19T00:00:00.000,0,12,57,2552,2552,12,2020-06-19,0,57,0,0.000514284040318881,0
Schuyler,2020-06-20T00:00:00.000,0,12,31,2583,2583,12,2020-06-20,0,31,0,0.000540924306124461,0
Schuyler,2020-06-21T00:00:00.000,0,12,33,2616,2616,12,2020-06-21,0,33,0,0.000576698049465066,0
Schuyler,2020-06-22T00:00:00.000,0,12,63,2679,2679,12,2020-06-22,0,63,0,0.000622809478553386,0
Schuyler,2020-06-23T00:00:00.000,0,12,63,2742,2742,12,2020-06-23,0,63,0,0.00068076206478086,0
Schuyler,2020-06-24T00:00:00.000,0,12,26,2768,2768,12,2020-06-24,0,26,0,0.000752375516843965,0
Schuyler,2020-06-25T00:00:00.000,0,12,31,2799,2799,12,2020-06-25,0,31,0,0.000839792345699295,0
Schuyler,2020-06-26T00:00:00.000,0,12,69,2868,2868,12,2020-06-26,0,69,0,0.000945466008277267,0
Schuyler,2020-06-27T00:00:00.000,0,12,56,2924,2924,12,2020-06-27,0,56,0,0.0010721203838362,0
Schuyler,2020-06-28T00:00:00.000,0,12,36,2960,2960,12,2020-06-28,0,36,0,0.00122266846834375,0
Schuyler,2020-06-29T00:00:00.000,0,12,61,3021,3021,12,2020-06-29,0,61,0,0.00140007734168202,0
Schuyler,2020-06-30T00:00:00.000,1,13,44,3065,3065,13,2020-06-30,1,44,0.0227272727272727,0.00160716760055791,1.01161967868896
Schuyler,2020-07-01T00:00:00.000,0,13,33,3098,3098,13,2020-07-01,0,33,0,0.00184633962206863,0
Schuyler,2020-07-02T00:00:00.000,0,13,27,3125,3125,13,2020-07-02,0,27,0,0.00211922720431534,0
Schuyler,2020-07-03T00:00:00.000,0,13,74,3199,3199,13,2020-07-03,0,74,0,0.00242629178033887,0
Schuyler,2020-07-04T00:00:00.000,0,13,47,3246,3246,13,2020-07-04,0,47,0,0.00276638699779476,0
Schuyler,2020-07-05T00:00:00.000,0,13,51,3297,3297,13,2020-07-05,0,51,0,0.00313634199013191,0
Schuyler,2020-07-06T00:00:00.000,0,13,38,3335,3335,13,2020-07-06,0,38,0,0.0035306284225064,0
Schuyler,2020-07-07T00:00:00.000,0,13,46,3381,3381,13,2020-07-07,0,46,0,0.00394118632887676,0
Schuyler,2020-07-08T00:00:00.000,0,13,15,3396,3396,13,2020-07-08,0,15,0,0.0043574814577595,0
Schuyler,2020-07-09T00:00:00.000,0,13,47,3443,3443,13,2020-07-09,0,47,0,0.00476684826795276,0
Schuyler,2020-07-10T00:00:00.000,2,15,52,3495,3495,15,2020-07-10,2,52,0.0384615384615385,0.00515513709816303,2.24708587941753
Schuyler,2020-07-11T00:00:00.000,0,15,93,3588,3588,15,2020-07-11,0,93,0,0.00550763534481382,0
Schuyler,2020-07-12T00:00:00.000,0,15,27,3615,3615,15,2020-07-12,0,27,0,0.00581017950322687,0
Schuyler,2020-07-13T00:00:00.000,0,15,70,3685,3685,15,2020-07-13,0,70,0,0.0060503297085301,0
Schuyler,2020-07-14T00:00:00.000,0,15,48,3733,3733,15,2020-07-14,0,48,0,0.00621845304738637,0
Schuyler,2020-07-15T00:00:00.000,0,15,134,3867,3867,15,2020-07-15,0,134,0,0.00630856472914983,0
Schuyler,2020-07-16T00:00:00.000,0,15,63,3930,3930,15,2020-07-16,0,63,0,0.00631880882159988,0
Schuyler,2020-07-17T00:00:00.000,1,16,67,3997,3997,16,2020-07-17,1,67,0.0149253731343284,0.00625151651300053,1.12370366125761
Schuyler,2020-07-18T00:00:00.000,0,16,67,4064,4064,16,2020-07-18,0,67,0,0.00611284742237352,0
Schuyler,2020-07-19T00:00:00.000,4,20,19,4083,4083,20,2020-07-19,4,19,0.210526315789474,0.00591208333280193,4.49201810151126
Schuyler,2020-07-20T00:00:00.000,0,20,35,4118,4118,20,2020-07-20,0,35,0,0.00566069049559691,0
Schuyler,2020-07-21T00:00:00.000,0,20,99,4217,4217,20,2020-07-21,0,99,0,0.00537128821060667,0
Schuyler,2020-07-22T00:00:00.000,0,20,142,4359,4359,20,2020-07-22,0,142,0,0.00505665638227486,0
Schuyler,2020-07-23T00:00:00.000,0,20,69,4428,4428,20,2020-07-23,0,69,0,0.00472888816896924,0
Schuyler,2020-07-24T00:00:00.000,0,20,83,4511,4511,20,2020-07-24,0,83,0,0.00439875463698498,0
Schuyler,2020-07-25T00:00:00.000,0,20,51,4562,4562,20,2020-07-25,0,51,0,0.00407530647582081,0
Schuyler,2020-07-26T00:00:00.000,0,20,20,4582,4582,20,2020-07-26,0,20,0,0.00376570159022502,0
Schuyler,2020-07-27T00:00:00.000,0,20,23,4605,4605,20,2020-07-27,0,23,0,0.00347522191340424,0
Schuyler,2020-07-28T00:00:00.000,0,20,56,4661,4661,20,2020-07-28,0,56,0,0.00320742951079466,0
Schuyler,2020-07-29T00:00:00.000,0,20,99,4760,4760,20,2020-07-29,0,99,0,0.00296440972856125,0
Schuyler,2020-07-30T00:00:00.000,1,21,98,4858,4858,21,2020-07-30,1,98,0.0102040816326531,0.00274705472310823,1.04868678353848
Schuyler,2020-07-31T00:00:00.000,1,22,66,4924,4924,22,2020-07-31,1,66,0.0151515151515152,0.00255535072658163,1.04252190987553
Schuyler,2020-08-01T00:00:00.000,0,22,82,5006,5006,22,2020-08-01,0,82,0,0.00238864380585115,0
Schuyler,2020-08-02T00:00:00.000,0,22,9,5015,5015,22,2020-08-02,0,9,0,0.00224586945116663,0
Schuyler,2020-08-03T00:00:00.000,0,22,34,5049,5049,22,2020-08-03,0,34,0,0.00212573986534789,0
Schuyler,2020-08-04T00:00:00.000,0,22,43,5092,5092,22,2020-08-04,0,43,0,0.00202688891141553,0
Schuyler,2020-08-05T00:00:00.000,0,22,91,5183,5183,22,2020-08-05,0,91,0,0.00194797842174605,0
Schuyler,2020-08-06T00:00:00.000,0,22,116,5299,5299,22,2020-08-06,0,116,0,0.00188777143553587,0
Schuyler,2020-08-07T00:00:00.000,0,22,48,5347,5347,22,2020-08-07,0,48,0,0.00184517841789513,0
Schuyler,2020-08-08T00:00:00.000,0,22,101,5448,5448,22,2020-08-08,0,101,0,0.0018192821253312,0
Schuyler,2020-08-09T00:00:00.000,0,22,27,5475,5475,22,2020-08-09,0,27,0,0.00180934592831425,0
Schuyler,2020-08-10T00:00:00.000,0,22,44,5519,5519,22,2020-08-10,0,44,0,0.00181480936317692,0
Schuyler,2020-08-11T00:00:00.000,0,22,53,5572,5572,22,2020-08-11,0,53,0,0.00183527367641443,0
Schuyler,2020-08-12T00:00:00.000,0,22,43,5615,5615,22,2020-08-12,0,43,0,0.00187047926069588,0
Schuyler,2020-08-13T00:00:00.000,0,22,107,5722,5722,22,2020-08-13,0,107,0,0.00192027622939389,0
Schuyler,2020-08-14T00:00:00.000,1,23,69,5791,5791,23,2020-08-14,1,69,0.0144927536231884,0.00198458899296366,1.08065587778865
Schuyler,2020-08-15T00:00:00.000,0,23,91,5882,5882,23,2020-08-15,0,91,0,0.00206337557082576,0
Schuyler,2020-08-16T00:00:00.000,0,23,56,5938,5938,23,2020-08-16,0,56,0,0.00215658252646982,0
Schuyler,2020-08-17T00:00:00.000,0,23,23,5961,5961,23,2020-08-17,0,23,0,0.00226409679809972,0
Schuyler,2020-08-18T00:00:00.000,0,23,58,6019,6019,23,2020-08-18,0,58,0,0.00238569628386104,0
Schuyler,2020-08-19T00:00:00.000,0,23,28,6047,6047,23,2020-08-19,0,28,0,0.00252100173645507,0
Schuyler,2020-08-20T00:00:00.000,1,24,157,6204,6204,24,2020-08-20,1,157,0.00636942675159236,0.00266943322186885,1.08883012206468
Schuyler,2020-08-21T00:00:00.000,0,24,70,6274,6274,24,2020-08-21,0,70,0,0.00283017494283872,0
Schuyler,2020-08-22T00:00:00.000,0,24,65,6339,6339,24,2020-08-22,0,65,0,0.00300215249404658,0
Schuyler,2020-08-23T00:00:00.000,0,24,33,6372,6372,24,2020-08-23,0,33,0,0.00318402641041328,0
Schuyler,2020-08-24T00:00:00.000,0,24,19,6391,6391,24,2020-08-24,0,19,0,0.00337420514724996,0
Schuyler,2020-08-25T00:00:00.000,0,24,54,6445,6445,24,2020-08-25,0,54,0,0.00357087931743393,0
Schuyler,2020-08-26T00:00:00.000,0,24,97,6542,6542,24,2020-08-26,0,97,0,0.00377207721374866,0
Schuyler,2020-08-27T00:00:00.000,1,25,88,6630,6630,25,2020-08-27,1,88,0.0113636363636364,0.0039757395422029,1.08264174690657
Schuyler,2020-08-28T00:00:00.000,1,26,62,6692,6692,26,2020-08-28,1,62,0.0161290322580645,0.00417980915448295,1.0790825902468
Schuyler,2020-08-29T00:00:00.000,0,26,58,6750,6750,26,2020-08-29,0,58,0,0.00438232971662453,0
Schuyler,2020-08-30T00:00:00.000,0,26,20,6770,6770,26,2020-08-30,0,20,0,0.00458154601904984,0
Schuyler,2020-08-31T00:00:00.000,0,26,28,6798,6798,26,2020-08-31,0,28,0,0.00477599819096621,0
Schuyler,2020-09-01T00:00:00.000,0,26,47,6845,6845,26,2020-09-01,0,47,0,0.00496460260469753,0
Schuyler,2020-09-02T00:00:00.000,1,27,127,6972,6972,27,2020-09-02,1,127,0.0078740157480315,0.0051467136052893,1.11686729109603
Schuyler,2020-09-03T00:00:00.000,0,27,68,7040,7040,27,2020-09-03,0,68,0,0.00532216221764256,0
Schuyler,2020-09-04T00:00:00.000,0,27,82,7122,7122,27,2020-09-04,0,82,0,0.00549127034797215,0
Schuyler,2020-09-05T00:00:00.000,1,28,127,7249,7249,28,2020-09-05,1,127,0.0078740157480315,0.00565484134625605,1.13420955922495
Schuyler,2020-09-06T00:00:00.000,0,28,17,7266,7266,28,2020-09-06,0,17,0,0.00581412980214746,0
Schuyler,2020-09-07T00:00:00.000,1,29,42,7308,7308,29,2020-09-07,1,42,0.0238095238095238,0.00597079491396146,1.144468307385
Schuyler,2020-09-08T00:00:00.000,0,29,34,7342,7342,29,2020-09-08,0,34,0,0.00612684251272355,0
Schuyler,2020-09-09T00:00:00.000,0,29,84,7426,7426,29,2020-09-09,0,84,0,0.00628456087822447,0
Schuyler,2020-09-10T00:00:00.000,1,30,100,7526,7526,30,2020-09-10,1,100,0.01,0.00644645497104316,1.16017007650621
Schuyler,2020-09-11T00:00:00.000,2,32,114,7640,7640,32,2020-09-11,2,114,0.0175438596491228,0.00661518272153872,2.33344834246301
Schuyler,2020-09-12T00:00:00.000,0,32,29,7669,7669,32,2020-09-12,0,29,0,0.00679349583629264,0
Schuyler,2020-09-13T00:00:00.000,0,32,63,7732,7732,32,2020-09-13,0,63,0,0.00698418635172167,0
Schuyler,2020-09-14T00:00:00.000,1,33,87,7819,7819,33,2020-09-14,1,87,0.0114942528735632,0.00719003904099674,1.19267694116358
Schuyler,2020-09-15T00:00:00.000,0,33,85,7904,7904,33,2020-09-15,0,85,0,0.00741378888994534,0
Schuyler,2020-09-16T00:00:00.000,0,33,150,8054,8054,33,2020-09-16,0,150,0,0.00765808230657339,0
Schuyler,2020-09-17T00:00:00.000,4,37,99,8153,8153,37,2020-09-17,4,99,0.0404040404040404,0.00792544045983529,4.88632853920196
Schuyler,2020-09-18T00:00:00.000,0,37,132,8285,8285,37,2020-09-18,0,132,0,0.00821822329701044,0
Schuyler,2020-09-19T00:00:00.000,1,38,109,8394,8394,38,2020-09-19,1,109,0.00917431192660551,0.00853859326324718,1.23898686927947
Schuyler,2020-09-20T00:00:00.000,0,38,26,8420,8420,38,2020-09-20,0,26,0,0.00888847853658518,0
Schuyler,2020-09-21T00:00:00.000,1,39,52,8472,8472,39,2020-09-21,1,52,0.0192307692307692,0.0092695367235021,1.25476968602562
Schuyler,2020-09-22T00:00:00.000,1,40,106,8578,8578,40,2020-09-22,1,106,0.00943396226415094,0.0096831213382215,1.26206761303332
Schuyler,2020-09-23T00:00:00.000,0,40,130,8708,8708,40,2020-09-23,0,130,0,0.0101302549071205,0
Schuyler,2020-09-24T00:00:00.000,1,41,137,8845,8845,41,2020-09-24,1,137,0.0072992700729927,0.0106116142643775,1.28205596350684
Schuyler,2020-09-25T00:00:00.000,0,41,112,8957,8957,41,2020-09-25,0,112,0,0.011127535183489,0
Schuyler,2020-09-26T00:00:00.000,0,41,60,9017,9017,41,2020-09-26,0,60,0,0.011678045006289,0
Schuyler,2020-09-27T00:00:00.000,0,41,23,9040,9040,41,2020-09-27,0,23,0,0.0122629330655402,0
Schuyler,2020-09-28T00:00:00.000,2,43,29,9069,9069,43,2020-09-28,2,29,0.0689655172413793,0.0128818694719701,2.72939392863512
Schuyler,2020-09-29T00:00:00.000,0,43,86,9155,9155,43,2020-09-29,0,86,0,0.0135345830803312,0
Schuyler,2020-09-30T00:00:00.000,4,47,141,9296,9296,47,2020-09-30,4,141,0.0283687943262411,0.014221109451205,5.7509511110877
Seneca,2020-04-01T00:00:00.000,2,4,14,95,95,4,2020-04-01,4,95,0.0421052631578947,0.0752808614970443,4.24534819679536
Seneca,2020-04-02T00:00:00.000,2,6,13,108,108,6,2020-04-02,2,13,0.153846153846154,0.077208563971281,2.1264695311854
Seneca,2020-04-03T00:00:00.000,0,6,7,115,115,6,2020-04-03,0,7,0,0.0791728316703083,0
Seneca,2020-04-04T00:00:00.000,3,9,15,130,130,9,2020-04-04,3,15,0.2,0.0811597734956806,3.26099652249041
Seneca,2020-04-05T00:00:00.000,0,9,11,141,141,9,2020-04-05,0,11,0,0.0831484347084997,0
Seneca,2020-04-06T00:00:00.000,1,10,8,149,149,10,2020-04-06,1,8,0.125,0.0851111878032474,1.11339239304922
Seneca,2020-04-07T00:00:00.000,2,12,14,163,163,12,2020-04-07,2,14,0.142857142857143,0.0870142994244765,2.24426814515437
Seneca,2020-04-08T00:00:00.000,3,15,20,183,183,15,2020-04-08,3,20,0.15,0.0888187113571747,3.38975181445256
Seneca,2020-04-09T00:00:00.000,0,15,8,191,191,15,2020-04-09,0,8,0,0.0904810641431195,0
Seneca,2020-04-10T00:00:00.000,1,16,5,196,196,16,2020-04-10,1,5,0.2,0.0919549762746831,1.14346051064548
Seneca,2020-04-11T00:00:00.000,0,16,3,199,199,16,2020-04-11,0,3,0,0.0931925711258707,0
Seneca,2020-04-12T00:00:00.000,0,16,1,200,200,16,2020-04-12,0,1,0,0.0941462199623694,0
Seneca,2020-04-13T00:00:00.000,2,18,33,233,233,18,2020-04-13,2,33,0.0606060606060606,0.0947704446186765,2.32177610208438
Seneca,2020-04-14T00:00:00.000,0,18,1,234,234,18,2020-04-14,0,1,0,0.0950239002857304,0
Seneca,2020-04-15T00:00:00.000,0,18,2,236,236,18,2020-04-15,0,2,0,0.0948713399927649,0
Seneca,2020-04-16T00:00:00.000,0,18,3,239,239,18,2020-04-16,0,3,0,0.0942854496913169,0
Seneca,2020-04-17T00:00:00.000,0,18,2,241,241,18,2020-04-17,0,2,0,0.0932484385456025,0
Seneca,2020-04-18T00:00:00.000,0,18,5,246,246,18,2020-04-18,0,5,0,0.0917532736521614,0
Seneca,2020-04-19T00:00:00.000,0,18,2,248,248,18,2020-04-19,0,2,0,0.089804462914185,0
Seneca,2020-04-20T00:00:00.000,0,18,0,248,248,18,2020-04-20,0,0,0,0.0874183132531192,0
Seneca,2020-04-21T00:00:00.000,0,18,3,251,251,18,2020-04-21,0,3,0,0.0846226231038431,0
Seneca,2020-04-22T00:00:00.000,0,18,15,266,266,18,2020-04-22,0,15,0,0.0814558058224907,0
Seneca,2020-04-23T00:00:00.000,0,18,5,271,271,18,2020-04-23,0,5,0,0.077965481690607,0
Seneca,2020-04-24T00:00:00.000,18,36,135,406,406,36,2020-04-24,18,135,0.133333333333333,0.0742066167826695,22.0705696150444
Seneca,2020-04-25T00:00:00.000,2,38,11,417,417,38,2020-04-25,2,11,0.181818181818182,0.0702393230616426,2.46076398471252
Seneca,2020-04-26T00:00:00.000,0,38,12,429,429,38,2020-04-26,0,12,0,0.0661264613594146,0
Seneca,2020-04-27T00:00:00.000,0,38,9,438,438,38,2020-04-27,0,9,0,0.0619312037748137,0
Seneca,2020-04-28T00:00:00.000,0,38,13,451,451,38,2020-04-28,0,13,0,0.0577147121272247,0
Seneca,2020-04-29T00:00:00.000,1,39,24,475,475,39,2020-04-29,1,24,0.0416666666666667,0.0535340741194891,1.23142368934512
Seneca,2020-04-30T00:00:00.000,2,41,22,497,497,41,2020-04-30,2,22,0.0909090909090909,0.0494406103650502,2.45696132134511
Seneca,2020-05-01T00:00:00.000,1,42,26,523,523,42,2020-05-01,1,26,0.0384615384615385,0.0454786273756414,1.22471468322369
Seneca,2020-05-02T00:00:00.000,3,45,51,574,574,45,2020-05-02,3,51,0.0588235294117647,0.0416846489115703,3.66050651431775
Seneca,2020-05-03T00:00:00.000,0,45,19,593,593,45,2020-05-03,0,19,0,0.0380871163707906,0
Seneca,2020-05-04T00:00:00.000,1,46,26,619,619,46,2020-05-04,1,26,0.0384615384615385,0.0347065129989842,1.20913842305933
Seneca,2020-05-05T00:00:00.000,0,46,20,639,639,46,2020-05-05,0,20,0,0.0315558402348757,0
Seneca,2020-05-06T00:00:00.000,0,46,24,663,663,46,2020-05-06,0,24,0,0.0286413590980408,0
Seneca,2020-05-07T00:00:00.000,0,46,19,682,682,46,2020-05-07,0,19,0,0.0259635051024908,0
Seneca,2020-05-08T00:00:00.000,2,48,46,728,728,48,2020-05-08,2,46,0.0434782608695652,0.023517890127531,2.38007187101203
Seneca,2020-05-09T00:00:00.000,1,49,42,770,770,49,2020-05-09,1,42,0.0238095238095238,0.0212963164238958,1.18591371002391
Seneca,2020-05-10T00:00:00.000,0,49,41,811,811,49,2020-05-10,0,41,0,0.019287743676404,0
Seneca,2020-05-11T00:00:00.000,0,49,25,836,836,49,2020-05-11,0,25,0,0.0174791671367839,0
Seneca,2020-05-12T00:00:00.000,0,49,49,885,885,49,2020-05-12,0,49,0,0.0158563811088649,0
Seneca,2020-05-13T00:00:00.000,0,49,40,925,925,49,2020-05-13,0,40,0,0.0144046162003889,0
Seneca,2020-05-14T00:00:00.000,0,49,30,955,955,49,2020-05-14,0,30,0,0.0131090498706634,0
Seneca,2020-05-15T00:00:00.000,1,50,29,984,984,50,2020-05-15,1,29,0.0344827586206897,0.0119551978441778,1.15532306914448
Seneca,2020-05-16T00:00:00.000,1,51,48,1032,1032,51,2020-05-16,1,48,0.0208333333333333,0.0109291990417377,1.15117189564644
Seneca,2020-05-17T00:00:00.000,0,51,122,1154,1154,51,2020-05-17,0,122,0,0.010018009348142,0
Seneca,2020-05-18T00:00:00.000,0,51,65,1219,1219,51,2020-05-18,0,65,0,0.00920952028073891,0
Seneca,2020-05-19T00:00:00.000,1,52,50,1269,1269,52,2020-05-19,1,50,0.02,0.00849261804680437,1.15008497628973
Seneca,2020-05-20T00:00:00.000,0,52,79,1348,1348,52,2020-05-20,0,79,0,0.00785719705606812,0
Seneca,2020-05-21T00:00:00.000,2,54,54,1402,1402,54,2020-05-21,2,54,0.037037037037037,0.0072941400728768,2.30382270041001
Seneca,2020-05-22T00:00:00.000,0,54,51,1453,1453,54,2020-05-22,0,51,0,0.00679527517406859,0
Seneca,2020-05-23T00:00:00.000,1,55,103,1556,1556,55,2020-05-23,1,103,0.00970873786407767,0.00635331769424456,1.15362978373783
Seneca,2020-05-24T00:00:00.000,0,55,56,1612,1612,55,2020-05-24,0,56,0,0.00596180353176405,0
Seneca,2020-05-25T00:00:00.000,0,55,86,1698,1698,55,2020-05-25,0,86,0,0.00561501862082203,0
Seneca,2020-05-26T00:00:00.000,0,55,50,1748,1748,55,2020-05-26,0,50,0,0.00530792805246591,0
Seneca,2020-05-27T00:00:00.000,1,56,77,1825,1825,56,2020-05-27,1,77,0.012987012987013,0.00503610726861546,1.15523109416013
Seneca,2020-05-28T00:00:00.000,1,57,140,1965,1965,57,2020-05-28,1,140,0.00714285714285714,0.00479567691021777,1.15606251839202
Seneca,2020-05-29T00:00:00.000,1,58,68,2033,2033,58,2020-05-29,1,68,0.0147058823529412,0.00458324226708185,1.16506635485599
Seneca,2020-05-30T00:00:00.000,0,58,138,2171,2171,58,2020-05-30,0,138,0,0.00439583779944053,0
Seneca,2020-05-31T00:00:00.000,1,59,81,2252,2252,59,2020-05-31,1,81,0.0123456790123457,0.00423087686170815,1.17810703918832
Seneca,2020-06-01T00:00:00.000,0,59,60,2312,2312,59,2020-06-01,0,60,0,0.00408610652569984,0
Seneca,2020-06-02T00:00:00.000,1,60,157,2469,2469,60,2020-06-02,1,157,0.00636942675159236,0.003959567242525,1.18184652796444
Seneca,2020-06-03T00:00:00.000,0,60,106,2575,2575,60,2020-06-03,0,106,0,0.00384955699046445,0
Seneca,2020-06-04T00:00:00.000,1,61,141,2716,2716,61,2020-06-04,1,141,0.00709219858156028,0.003754599505324,1.17645068229375
Seneca,2020-06-05T00:00:00.000,0,61,165,2881,2881,61,2020-06-05,0,165,0,0.00367341616805016,0
Seneca,2020-06-06T00:00:00.000,0,61,162,3043,3043,61,2020-06-06,0,162,0,0.00360490113024271,0
Seneca,2020-06-07T00:00:00.000,0,61,118,3161,3161,61,2020-06-07,0,118,0,0.00354809927007021,0
Seneca,2020-06-08T00:00:00.000,0,61,91,3252,3252,61,2020-06-08,0,91,0,0.00350218659753258,0
Seneca,2020-06-09T00:00:00.000,0,61,98,3350,3350,61,2020-06-09,0,98,0,0.003466452756907,0
Seneca,2020-06-10T00:00:00.000,1,62,198,3548,3548,62,2020-06-10,1,198,0.00505050505050505,0.0034402853050364,1.19585324911285
Seneca,2020-06-11T00:00:00.000,1,63,198,3746,3746,63,2020-06-11,1,198,0.00505050505050505,0.00342315547629522,1.19642348652833
Seneca,2020-06-12T00:00:00.000,0,63,86,3832,3832,63,2020-06-12,0,86,0,0.00341460517784243,0
Seneca,2020-06-13T00:00:00.000,0,63,127,3959,3959,63,2020-06-13,0,127,0,0.00341423498978353,0
Seneca,2020-06-14T00:00:00.000,1,64,103,4062,4062,64,2020-06-14,1,103,0.00970873786407767,0.00342169297590907,1.19203773236357
Seneca,2020-06-15T00:00:00.000,0,64,105,4167,4167,64,2020-06-15,0,105,0,0.00343666414377523,0
Seneca,2020-06-16T00:00:00.000,0,64,81,4248,4248,64,2020-06-16,0,81,0,0.00345886042287041,0
Seneca,2020-06-17T00:00:00.000,0,64,34,4282,4282,64,2020-06-17,0,34,0,0.00348801106597716,0
Seneca,2020-06-18T00:00:00.000,0,64,80,4362,4362,64,2020-06-18,0,80,0,0.00352385341062593,0
Seneca,2020-06-19T00:00:00.000,0,64,80,4442,4442,64,2020-06-19,0,80,0,0.00356612397934078,0
Seneca,2020-06-20T00:00:00.000,0,64,123,4565,4565,64,2020-06-20,0,123,0,0.0036145499325539,0
Seneca,2020-06-21T00:00:00.000,0,64,80,4645,4645,64,2020-06-21,0,80,0,0.00366884093236869,0
Seneca,2020-06-22T00:00:00.000,0,64,78,4723,4723,64,2020-06-22,0,78,0,0.00372868151629823,0
Seneca,2020-06-23T00:00:00.000,0,64,62,4785,4785,64,2020-06-23,0,62,0,0.00379372412031286,0
Seneca,2020-06-24T00:00:00.000,2,66,61,4846,4846,66,2020-06-24,2,61,0.0327868852459016,0.00386358293146271,2.31910858891694
Seneca,2020-06-25T00:00:00.000,3,69,89,4935,4935,69,2020-06-25,3,89,0.0337078651685393,0.00393782877934911,3.44638559051858
Seneca,2020-06-26T00:00:00.000,0,69,82,5017,5017,69,2020-06-26,0,82,0,0.00401598530383485,0
Seneca,2020-06-27T00:00:00.000,0,69,93,5110,5110,69,2020-06-27,0,93,0,0.00409752664403465,0
Seneca,2020-06-28T00:00:00.000,0,69,118,5228,5228,69,2020-06-28,0,118,0,0.00418187689181737,0
Seneca,2020-06-29T00:00:00.000,0,69,60,5288,5288,69,2020-06-29,0,60,0,0.00426841152878393,0
Seneca,2020-06-30T00:00:00.000,1,70,109,5397,5397,70,2020-06-30,1,109,0.00917431192660551,0.00435646102167692,1.11769815832176
Seneca,2020-07-01T00:00:00.000,0,70,44,5441,5441,70,2020-07-01,0,44,0,0.00444531668389817,0
Seneca,2020-07-02T00:00:00.000,0,70,47,5488,5488,70,2020-07-02,0,47,0,0.00453423882542541,0
Seneca,2020-07-03T00:00:00.000,0,70,98,5586,5586,70,2020-07-03,0,98,0,0.00462246710555764,0
Seneca,2020-07-04T00:00:00.000,1,71,42,5628,5628,71,2020-07-04,1,42,0.0238095238095238,0.00470923288512147,1.12619184893621
Seneca,2020-07-05T00:00:00.000,0,71,60,5688,5688,71,2020-07-05,0,60,0,0.00479377325245313,0
Seneca,2020-07-06T00:00:00.000,0,71,82,5770,5770,71,2020-07-06,0,82,0,0.00487534627451001,0
Seneca,2020-07-07T00:00:00.000,0,71,105,5875,5875,71,2020-07-07,0,105,0,0.00495324691919984,0
Seneca,2020-07-08T00:00:00.000,2,73,115,5990,5990,73,2020-07-08,2,115,0.0173913043478261,0.00502682301258743,2.25117611144776
Seneca,2020-07-09T00:00:00.000,0,73,85,6075,6075,73,2020-07-09,0,85,0,0.00509549054441598,0
Seneca,2020-07-10T00:00:00.000,1,74,176,6251,6251,74,2020-07-10,1,176,0.00568181818181818,0.00515874762442192,1.12362160499486
Seneca,2020-07-11T00:00:00.000,0,74,110,6361,6361,74,2020-07-11,0,110,0,0.00521618642760979,0
Seneca,2020-07-12T00:00:00.000,0,74,84,6445,6445,74,2020-07-12,0,84,0,0.0052675025430023,0
Seneca,2020-07-13T00:00:00.000,0,74,104,6549,6549,74,2020-07-13,0,104,0,0.00531250125693113,0
Seneca,2020-07-14T00:00:00.000,2,76,139,6688,6688,76,2020-07-14,2,139,0.0143884892086331,0.00535110045138089,2.23222986506444
Seneca,2020-07-15T00:00:00.000,0,76,116,6804,6804,76,2020-07-15,0,116,0,0.00538332996599601,0
Seneca,2020-07-16T00:00:00.000,1,77,109,6913,6913,77,2020-07-16,1,109,0.00917431192660551,0.00540932744982769,1.11075589735471
Seneca,2020-07-17T00:00:00.000,1,78,108,7021,7021,78,2020-07-17,1,108,0.00925925925925926,0.00542933089886845,1.10796971268982
Seneca,2020-07-18T00:00:00.000,2,80,89,7110,7110,80,2020-07-18,2,89,0.0224719101123595,0.00544366822806763,2.21908189182664
Seneca,2020-07-19T00:00:00.000,0,80,79,7189,7189,80,2020-07-19,0,79,0,0.00545274435079957,0
Seneca,2020-07-20T00:00:00.000,0,80,79,7268,7268,80,2020-07-20,0,79,0,0.00545702632483942,0
Seneca,2020-07-21T00:00:00.000,0,80,70,7338,7338,80,2020-07-21,0,70,0,0.00545702717349376,0
Seneca,2020-07-22T00:00:00.000,0,80,145,7483,7483,80,2020-07-22,0,145,0,0.00545328899877272,0
Seneca,2020-07-23T00:00:00.000,3,83,145,7628,7628,83,2020-07-23,3,145,0.0206896551724138,0.00544636597773009,3.37325039185197
Seneca,2020-07-24T00:00:00.000,0,83,173,7801,7801,83,2020-07-24,0,173,0,0.0054368077778516,0
Seneca,2020-07-25T00:00:00.000,0,83,145,7946,7946,83,2020-07-25,0,145,0,0.00542514385477335,0
Seneca,2020-07-26T00:00:00.000,0,83,48,7994,7994,83,2020-07-26,0,48,0,0.00541186900427711,0
Seneca,2020-07-27T00:00:00.000,1,84,36,8030,8030,84,2020-07-27,1,36,0.0277777777777778,0.00539743045830827,1.10281351733243
Seneca,2020-07-28T00:00:00.000,0,84,68,8098,8098,84,2020-07-28,0,68,0,0.00538221672477355,0
Seneca,2020-07-29T00:00:00.000,0,84,102,8200,8200,84,2020-07-29,0,102,0,0.0053665483016162,0
Seneca,2020-07-30T00:00:00.000,0,84,137,8337,8337,84,2020-07-30,0,137,0,0.00535067033724255,0
Seneca,2020-07-31T00:00:00.000,1,85,124,8461,8461,85,2020-07-31,1,124,0.00806451612903226,0.00533474726633457,1.12215157743971
Seneca,2020-08-01T00:00:00.000,1,86,77,8538,8538,86,2020-08-01,1,77,0.012987012987013,0.00531885942668032,1.12202767583373
Seneca,2020-08-02T00:00:00.000,0,86,43,8581,8581,86,2020-08-02,0,43,0,0.00530300165082641,0
Seneca,2020-08-03T00:00:00.000,0,86,101,8682,8682,86,2020-08-03,0,101,0,0.00528708382322698,0
Seneca,2020-08-04T00:00:00.000,0,86,55,8737,8737,86,2020-08-04,0,55,0,0.00527093340115839,0
Seneca,2020-08-05T00:00:00.000,0,86,135,8872,8872,86,2020-08-05,0,135,0,0.00525429989786037,0
Seneca,2020-08-06T00:00:00.000,1,87,136,9008,9008,87,2020-08-06,1,136,0.00735294117647059,0.00523686132716556,1.17666066313993
Seneca,2020-08-07T00:00:00.000,2,89,106,9114,9114,89,2020-08-07,2,106,0.0188679245283019,0.00521823259602464,2.37606682888116
Seneca,2020-08-08T00:00:00.000,0,89,98,9212,9212,89,2020-08-08,0,98,0,0.00519797580324569,0
Seneca,2020-08-09T00:00:00.000,1,90,38,9250,9250,90,2020-08-09,1,38,0.0263157894736842,0.00517561236082352,1.20416103325267
Seneca,2020-08-10T00:00:00.000,1,91,93,9343,9343,91,2020-08-10,1,93,0.010752688172043,0.00515063678961786,1.20411371838215
Seneca,2020-08-11T00:00:00.000,0,91,89,9432,9432,91,2020-08-11,0,89,0,0.00512253196374511,0
Seneca,2020-08-12T00:00:00.000,1,92,100,9532,9532,92,2020-08-12,1,100,0.01,0.00509078548777898,1.19713595353059
Seneca,2020-08-13T00:00:00.000,1,93,133,9665,9665,93,2020-08-13,1,133,0.0075187969924812,0.00505490679076033,1.19131170191837
Seneca,2020-08-14T00:00:00.000,0,93,83,9748,9748,93,2020-08-14,0,83,0,0.00501444443115616,0
Seneca,2020-08-15T00:00:00.000,0,93,133,9881,9881,93,2020-08-15,0,133,0,0.00496900302012259,0
Seneca,2020-08-16T00:00:00.000,1,94,85,9966,9966,94,2020-08-16,1,85,0.0117647058823529,0.00491825911610293,1.18027919098138
Seneca,2020-08-17T00:00:00.000,1,95,67,10033,10033,95,2020-08-17,1,67,0.0149253731343284,0.00486197541547511,1.17519352570186
Seneca,2020-08-18T00:00:00.000,0,95,66,10099,10099,95,2020-08-18,0,66,0,0.00480001258118712,0
Seneca,2020-08-19T00:00:00.000,0,95,107,10206,10206,95,2020-08-19,0,107,0,0.00473233811221773,0
Seneca,2020-08-20T00:00:00.000,0,95,131,10337,10337,95,2020-08-20,0,131,0,0.00465903176621499,0
Seneca,2020-08-21T00:00:00.000,0,95,143,10480,10480,95,2020-08-21,0,143,0,0.00458028719523615,0
Seneca,2020-08-22T00:00:00.000,0,95,69,10549,10549,95,2020-08-22,0,69,0,0.00449640964327725,0
Seneca,2020-08-23T00:00:00.000,0,95,84,10633,10633,95,2020-08-23,0,84,0,0.00440780975268337,0
Seneca,2020-08-24T00:00:00.000,1,96,100,10733,10733,96,2020-08-24,1,100,0.01,0.00431499373974419,1.10441914001388
Seneca,2020-08-25T00:00:00.000,2,98,59,10792,10792,98,2020-08-25,2,59,0.0338983050847458,0.00421855039197219,2.19654197392781
Seneca,2020-08-26T00:00:00.000,0,98,97,10889,10889,98,2020-08-26,0,97,0,0.00411913550576828,0
Seneca,2020-08-27T00:00:00.000,0,98,167,11056,11056,98,2020-08-27,0,167,0,0.00401745450615951,0
Seneca,2020-08-28T00:00:00.000,0,98,137,11193,11193,98,2020-08-28,0,137,0,0.00391424405949719,0
Seneca,2020-08-29T00:00:00.000,2,100,111,11304,11304,100,2020-08-29,2,111,0.018018018018018,0.00381025350199416,2.1436283605407
Seneca,2020-08-30T00:00:00.000,0,100,61,11365,11365,100,2020-08-30,0,61,0,0.00370622686787144,0
Seneca,2020-08-31T00:00:00.000,0,100,48,11413,11413,100,2020-08-31,0,48,0,0.00360288620595356,0
Seneca,2020-09-01T00:00:00.000,0,100,61,11474,11474,100,2020-09-01,0,61,0,0.00350091674944576,0
Seneca,2020-09-02T00:00:00.000,1,101,80,11554,11554,101,2020-09-02,1,80,0.0125,0.00340095434849644,1.07154065289862
Seneca,2020-09-03T00:00:00.000,1,102,122,11676,11676,102,2020-09-03,1,122,0.00819672131147541,0.0033035754130838,1.07066082335104
Seneca,2020-09-04T00:00:00.000,0,102,121,11797,11797,102,2020-09-04,0,121,0,0.0032092894558356,0
Seneca,2020-09-05T00:00:00.000,0,102,175,11972,11972,102,2020-09-05,0,175,0,0.00311853418072027,0
Seneca,2020-09-06T00:00:00.000,0,102,30,12002,12002,102,2020-09-06,0,30,0,0.00303167294269858,0
Seneca,2020-09-07T00:00:00.000,0,102,38,12040,12040,102,2020-09-07,0,38,0,0.00294899431590358,0
Seneca,2020-09-08T00:00:00.000,0,102,76,12116,12116,102,2020-09-08,0,76,0,0.00287071344779968,0
Seneca,2020-09-09T00:00:00.000,1,103,72,12188,12188,103,2020-09-09,1,72,0.0138888888888889,0.00279697484867698,1.06433340035948
Seneca,2020-09-10T00:00:00.000,0,103,79,12267,12267,103,2020-09-10,0,79,0,0.00272785626775056,0
Seneca,2020-09-11T00:00:00.000,1,104,196,12463,12463,104,2020-09-11,1,196,0.00510204081632653,0.00266337332757034,1.06526391401723
Seneca,2020-09-12T00:00:00.000,0,104,79,12542,12542,104,2020-09-12,0,79,0,0.00260348462991539,0
Seneca,2020-09-13T00:00:00.000,0,104,104,12646,12646,104,2020-09-13,0,104,0,0.00254809709853802,0
Seneca,2020-09-14T00:00:00.000,0,104,89,12735,12735,104,2020-09-14,0,89,0,0.00249707138196459,0
Seneca,2020-09-15T00:00:00.000,0,104,128,12863,12863,104,2020-09-15,0,128,0,0.00245022719914676,0
Seneca,2020-09-16T00:00:00.000,0,104,104,12967,12967,104,2020-09-16,0,104,0,0.00240734857002899,0
Seneca,2020-09-17T00:00:00.000,1,105,152,13119,13119,105,2020-09-17,1,152,0.00657894736842105,0.00236818892185107,1.08258490307069
Seneca,2020-09-18T00:00:00.000,0,105,204,13323,13323,105,2020-09-18,0,204,0,0.00233247610721805,0
Seneca,2020-09-19T00:00:00.000,0,105,97,13420,13420,105,2020-09-19,0,97,0,0.00229991740230716,0
Seneca,2020-09-20T00:00:00.000,0,105,64,13484,13484,105,2020-09-20,0,64,0,0.00227020457342331,0
Seneca,2020-09-21T00:00:00.000,0,105,129,13613,13613,105,2020-09-21,0,129,0,0.00224301910995571,0
Seneca,2020-09-22T00:00:00.000,0,105,88,13701,13701,105,2020-09-22,0,88,0,0.00221803771796588,0
Seneca,2020-09-23T00:00:00.000,0,105,134,13835,13835,105,2020-09-23,0,134,0,0.00219493815020704,0
Seneca,2020-09-24T00:00:00.000,1,106,203,14038,14038,106,2020-09-24,1,203,0.00492610837438424,0.0021734054245971,1.09406446466874
Seneca,2020-09-25T00:00:00.000,0,106,168,14206,14206,106,2020-09-25,0,168,0,0.00215313844424853,0
Seneca,2020-09-26T00:00:00.000,0,106,84,14290,14290,106,2020-09-26,0,84,0,0.00213385699276043,0
Seneca,2020-09-27T00:00:00.000,0,106,122,14412,14412,106,2020-09-27,0,122,0,0.00211530903392022,0
Seneca,2020-09-28T00:00:00.000,1,107,41,14453,14453,107,2020-09-28,1,41,0.024390243902439,0.00209727820636222,1.13816162996581
Seneca,2020-09-29T00:00:00.000,0,107,148,14601,14601,107,2020-09-29,0,148,0,0.00207959137091078,0
Seneca,2020-09-30T00:00:00.000,1,108,151,14752,14752,108,2020-09-30,1,151,0.00662251655629139,0.0020621260540131,1.18527154237257
St. Lawrence,2020-04-01T00:00:00.000,5,39,30,448,448,39,2020-04-01,39,448,0.0870535714285714,0.0661634782941166,40.8612178748378
St. Lawrence,2020-04-02T00:00:00.000,4,43,54,502,502,43,2020-04-02,4,54,0.0740740740740741,0.0740329695274315,4.23511423817572
St. Lawrence,2020-04-03T00:00:00.000,9,52,81,583,583,52,2020-04-03,9,81,0.111111111111111,0.0827157405595483,9.70475790159769
St. Lawrence,2020-04-04T00:00:00.000,3,55,46,629,629,55,2020-04-04,3,46,0.0652173913043478,0.0922015202730141,3.3028592077421
St. Lawrence,2020-04-05T00:00:00.000,4,59,43,672,672,59,2020-04-05,4,43,0.0930232558139535,0.102422360010234,4.49451497345307
St. Lawrence,2020-04-06T00:00:00.000,1,60,64,736,736,60,2020-04-06,1,64,0.015625,0.113241145057787,1.1456448570601
St. Lawrence,2020-04-07T00:00:00.000,9,69,69,805,805,69,2020-04-07,9,69,0.130434782608696,0.124443915681565,10.4670804691541
St. Lawrence,2020-04-08T00:00:00.000,7,76,50,855,855,76,2020-04-08,7,50,0.14,0.135738405371442,8.25210061757993
St. Lawrence,2020-04-09T00:00:00.000,2,78,24,879,879,78,2020-04-09,2,24,0.0833333333333333,0.146760715742431,2.38669075707604
St. Lawrence,2020-04-10T00:00:00.000,2,80,19,898,898,80,2020-04-10,2,19,0.105263157894737,0.157090955968395,2.41273020463217
St. Lawrence,2020-04-11T00:00:00.000,5,85,65,963,963,85,2020-04-11,5,65,0.0769230769230769,0.166277208946533,6.08883766280483
St. Lawrence,2020-04-12T00:00:00.000,4,89,47,1010,1010,89,2020-04-12,4,47,0.0851063829787234,0.173865764604519,4.90965656651818
St. Lawrence,2020-04-13T00:00:00.000,3,92,29,1039,1039,92,2020-04-13,3,29,0.103448275862069,0.179434604253549,3.71223040985673
St. Lawrence,2020-04-14T00:00:00.000,0,92,7,1046,1046,92,2020-04-14,0,7,0,0.182626851330724,0
St. Lawrence,2020-04-15T00:00:00.000,1,93,48,1094,1094,93,2020-04-15,1,48,0.0208333333333333,0.183181232991647,1.25928821674613
St. Lawrence,2020-04-16T00:00:00.000,3,96,16,1110,1110,96,2020-04-16,3,16,0.1875,0.180957172576641,3.80196577449799
St. Lawrence,2020-04-17T00:00:00.000,2,98,6,1116,1116,98,2020-04-17,2,6,0.333333333333333,0.175952566332306,2.54624879174676
St. Lawrence,2020-04-18T00:00:00.000,7,105,25,1141,1141,105,2020-04-18,7,25,0.28,0.168312384912962,8.93530215835855
St. Lawrence,2020-04-19T00:00:00.000,5,110,24,1165,1165,110,2020-04-19,5,24,0.208333333333333,0.158326138457948,6.38520250166831
St. Lawrence,2020-04-20T00:00:00.000,10,120,17,1182,1182,120,2020-04-20,10,17,0.588235294117647,0.146412416581851,12.7415991135188
St. Lawrence,2020-04-21T00:00:00.000,3,123,6,1188,1188,123,2020-04-21,3,6,0.5,0.133089728576051,3.80482793842788
St. Lawrence,2020-04-22T00:00:00.000,16,139,94,1282,1282,139,2020-04-22,16,94,0.170212765957447,0.118935002484492,20.1914562192952
St. Lawrence,2020-04-23T00:00:00.000,5,144,37,1319,1319,144,2020-04-23,5,37,0.135135135135135,0.10453402398309,6.28681658478063
St. Lawrence,2020-04-24T00:00:00.000,12,156,64,1383,1383,156,2020-04-24,12,64,0.1875,0.0904307962583757,15.0075450320939
St. Lawrence,2020-04-25T00:00:00.000,11,167,36,1419,1419,167,2020-04-25,11,36,0.305555555555556,0.0770839956796922,13.6606398434838
St. Lawrence,2020-04-26T00:00:00.000,2,169,27,1446,1446,169,2020-04-26,2,27,0.0740740740740741,0.0648375425052072,2.46254740428134
St. Lawrence,2020-04-27T00:00:00.000,1,170,19,1465,1465,170,2020-04-27,1,19,0.0526315789473684,0.0539089956307512,1.21769926826248
St. Lawrence,2020-04-28T00:00:00.000,0,170,84,1549,1549,170,2020-04-28,0,84,0,0.0443952333572538,0
St. Lawrence,2020-04-29T00:00:00.000,3,173,277,1826,1826,173,2020-04-29,3,277,0.0108303249097473,0.0362912837505076,3.55341525324895
St. Lawrence,2020-04-30T00:00:00.000,3,176,157,1983,1983,176,2020-04-30,3,157,0.0191082802547771,0.0295163316058775,3.50015626913248
St. Lawrence,2020-05-01T00:00:00.000,0,176,130,2113,2113,176,2020-05-01,0,130,0,0.0239410514513881,0
St. Lawrence,2020-05-02T00:00:00.000,1,177,125,2238,2238,177,2020-05-02,1,125,0.008,0.0194119127021572,1.13039218802851
St. Lawrence,2020-05-03T00:00:00.000,1,178,85,2323,2323,178,2020-05-03,1,85,0.0117647058823529,0.0157700979236558,1.11235691535783
St. Lawrence,2020-05-04T00:00:00.000,0,178,38,2361,2361,178,2020-05-04,0,38,0,0.0128644490194003,0
St. Lawrence,2020-05-05T00:00:00.000,2,180,34,2395,2395,180,2020-05-05,2,34,0.0588235294117647,0.0105590494041248,2.15965788454012
St. Lawrence,2020-05-06T00:00:00.000,1,181,53,2448,2448,181,2020-05-06,1,53,0.0188679245283019,0.00873662742305253,1.06487844438506
St. Lawrence,2020-05-07T00:00:00.000,6,187,845,3293,3293,187,2020-05-07,6,845,0.00710059171597633,0.0072990756301618,6.30780556971722
St. Lawrence,2020-05-08T00:00:00.000,0,187,164,3457,3457,187,2020-05-08,0,164,0,0.00616621770920466,0
St. Lawrence,2020-05-09T00:00:00.000,0,187,51,3508,3508,187,2020-05-09,0,51,0,0.00527368306117249,0
St. Lawrence,2020-05-10T00:00:00.000,3,190,47,3555,3555,190,2020-05-10,3,47,0.0638297872340425,0.00457047297918823,3.06487499752622
St. Lawrence,2020-05-11T00:00:00.000,1,191,18,3573,3573,191,2020-05-11,1,18,0.0555555555555556,0.00401657296477915,1.00928665159177
St. Lawrence,2020-05-12T00:00:00.000,1,192,151,3724,3724,192,2020-05-12,1,151,0.00662251655629139,0.00358079785091231,1.00272338593497
St. Lawrence,2020-05-13T00:00:00.000,0,192,105,3829,3829,192,2020-05-13,0,105,0,0.00323894549930646,0
St. Lawrence,2020-05-14T00:00:00.000,0,192,332,4161,4161,192,2020-05-14,0,332,0,0.00297226832930056,0
St. Lawrence,2020-05-15T00:00:00.000,0,192,1456,5617,5617,192,2020-05-15,0,1456,0,0.00276623675739752,0
St. Lawrence,2020-05-16T00:00:00.000,0,192,205,5822,5822,192,2020-05-16,0,205,0,0.00260955344281059,0
St. Lawrence,2020-05-17T00:00:00.000,0,192,239,6061,6061,192,2020-05-17,0,239,0,0.00249337398058213,0
St. Lawrence,2020-05-18T00:00:00.000,0,192,71,6132,6132,192,2020-05-18,0,71,0,0.00241069275364352,0
St. Lawrence,2020-05-19T00:00:00.000,3,195,173,6305,6305,195,2020-05-19,3,173,0.0173410404624277,0.00235585871571673,3.03502274356377
St. Lawrence,2020-05-20T00:00:00.000,0,195,504,6809,6809,195,2020-05-20,0,504,0,0.00232419294644209,0
St. Lawrence,2020-05-21T00:00:00.000,0,195,349,7158,7158,195,2020-05-21,0,349,0,0.00231168681838904,0
St. Lawrence,2020-05-22T00:00:00.000,1,196,333,7491,7491,196,2020-05-22,1,333,0.003003003003003,0.00231476603875539,1.03533865769072
St. Lawrence,2020-05-23T00:00:00.000,1,197,301,7792,7792,197,2020-05-23,1,301,0.00332225913621262,0.00233011129337156,1.0435279099747
St. Lawrence,2020-05-24T00:00:00.000,0,197,114,7906,7906,197,2020-05-24,0,114,0,0.00235453050080392,0
St. Lawrence,2020-05-25T00:00:00.000,0,197,60,7966,7966,197,2020-05-25,0,60,0,0.00238488053611769,0
St. Lawrence,2020-05-26T00:00:00.000,3,200,78,8044,8044,200,2020-05-26,3,78,0.0384615384615385,0.00241803743666024,3.20021609040004
St. Lawrence,2020-05-27T00:00:00.000,1,201,227,8271,8271,201,2020-05-27,1,227,0.00440528634361234,0.00245091349050872,1.07495967009563
St. Lawrence,2020-05-28T00:00:00.000,1,202,447,8718,8718,202,2020-05-28,1,447,0.00223713646532438,0.00248051725303762,1.08230721691357
St. Lawrence,2020-05-29T00:00:00.000,0,202,136,8854,8854,202,2020-05-29,0,136,0,0.00250404890525374,0
St. Lawrence,2020-05-30T00:00:00.000,2,204,303,9157,9157,204,2020-05-30,2,303,0.0066006600660066,0.00251901914653294,2.21799458665648
St. Lawrence,2020-05-31T00:00:00.000,1,205,472,9629,9629,205,2020-05-31,1,472,0.00211864406779661,0.00252337606159241,1.11876767652483
St. Lawrence,2020-06-01T00:00:00.000,0,205,106,9735,9735,205,2020-06-01,0,106,0,0.00251562220701005,0
St. Lawrence,2020-06-02T00:00:00.000,1,206,324,10059,10059,206,2020-06-02,1,324,0.00308641975308642,0.00249490438642721,1.12850036025104
St. Lawrence,2020-06-03T00:00:00.000,1,207,293,10352,10352,207,2020-06-03,1,293,0.00341296928327645,0.00246106167048273,1.128518737341
St. Lawrence,2020-06-04T00:00:00.000,0,207,451,10803,10803,207,2020-06-04,0,451,0,0.0024146228652889,0
St. Lawrence,2020-06-05T00:00:00.000,2,209,477,11280,11280,209,2020-06-05,2,477,0.00419287211740042,0.00235675190844318,2.24609633647956
St. Lawrence,2020-06-06T00:00:00.000,0,209,382,11662,11662,209,2020-06-06,0,382,0,0.00228914722853655,0
St. Lawrence,2020-06-07T00:00:00.000,0,209,539,12201,12201,209,2020-06-07,0,539,0,0.00221390740687752,0
St. Lawrence,2020-06-08T00:00:00.000,0,209,220,12421,12421,209,2020-06-08,0,220,0,0.00213337942619429,0
St. Lawrence,2020-06-09T00:00:00.000,0,209,170,12591,12591,209,2020-06-09,0,170,0,0.00205000677589524,0
St. Lawrence,2020-06-10T00:00:00.000,3,212,256,12847,12847,212,2020-06-10,3,256,0.01171875,0.00196619284602992,3.39236292111204
St. Lawrence,2020-06-11T00:00:00.000,2,214,427,13274,13274,214,2020-06-11,2,427,0.00468384074941452,0.00188419110383284,2.25416009869967
St. Lawrence,2020-06-12T00:00:00.000,0,214,368,13642,13642,214,2020-06-12,0,368,0,0.00180602855192246,0
St. Lawrence,2020-06-13T00:00:00.000,1,215,383,14025,14025,215,2020-06-13,1,383,0.00261096605744125,0.00173346397489864,1.11517363392389
St. Lawrence,2020-06-14T00:00:00.000,0,215,222,14247,14247,215,2020-06-14,0,222,0,0.00166797833900322,0
St. Lawrence,2020-06-15T00:00:00.000,0,215,190,14437,14437,215,2020-06-15,0,190,0,0.00161079189819999,0
St. Lawrence,2020-06-16T00:00:00.000,0,215,226,14663,14663,215,2020-06-16,0,226,0,0.00156290115816133,0
St. Lawrence,2020-06-17T00:00:00.000,0,215,246,14909,14909,215,2020-06-17,0,246,0,0.00152512869529754,0
St. Lawrence,2020-06-18T00:00:00.000,0,215,216,15125,15125,215,2020-06-18,0,216,0,0.00149817951717514,0
St. Lawrence,2020-06-19T00:00:00.000,1,216,352,15477,15477,216,2020-06-19,1,352,0.00284090909090909,0.0014826988220187,1.10471241021532
St. Lawrence,2020-06-20T00:00:00.000,0,216,266,15743,15743,216,2020-06-20,0,266,0,0.00147932724647084,0
St. Lawrence,2020-06-21T00:00:00.000,1,217,271,16014,16014,217,2020-06-21,1,271,0.003690036900369,0.00148875075889956,1.08694732091226
St. Lawrence,2020-06-22T00:00:00.000,0,217,153,16167,16167,217,2020-06-22,0,153,0,0.00151174304874549,0
St. Lawrence,2020-06-23T00:00:00.000,0,217,99,16266,16266,217,2020-06-23,0,99,0,0.00154919851192697,0
St. Lawrence,2020-06-24T00:00:00.000,0,217,249,16515,16515,217,2020-06-24,0,249,0,0.00160215373701386,0
St. Lawrence,2020-06-25T00:00:00.000,1,218,282,16797,16797,218,2020-06-25,1,282,0.00354609929078014,0.00167179477440714,1.05447241862561
St. Lawrence,2020-06-26T00:00:00.000,0,218,315,17112,17112,218,2020-06-26,0,315,0,0.00175944656142156,0
St. Lawrence,2020-06-27T00:00:00.000,0,218,435,17547,17547,218,2020-06-27,0,435,0,0.00186653979440468,0
St. Lawrence,2020-06-28T00:00:00.000,1,219,220,17767,17767,219,2020-06-28,1,220,0.00454545454545455,0.00199454956957028,1.04733577382803
St. Lawrence,2020-06-29T00:00:00.000,0,219,144,17911,17911,219,2020-06-29,0,144,0,0.00214489957583425,0
St. Lawrence,2020-06-30T00:00:00.000,0,219,121,18032,18032,219,2020-06-30,0,121,0,0.0023188259944097,0
St. Lawrence,2020-07-01T00:00:00.000,1,220,137,18169,18169,220,2020-07-01,1,137,0.0072992700729927,0.00251719709558514,1.04755469680354
St. Lawrence,2020-07-02T00:00:00.000,2,222,183,18352,18352,222,2020-07-02,2,183,0.0109289617486339,0.00274028842676812,2.1177813447731
St. Lawrence,2020-07-03T00:00:00.000,1,223,416,18768,18768,223,2020-07-03,1,416,0.00240384615384615,0.00298751989523393,1.07251960504779
St. Lawrence,2020-07-04T00:00:00.000,1,224,143,18911,18911,224,2020-07-04,1,143,0.00699300699300699,0.00325717009361702,1.08542896521181
St. Lawrence,2020-07-05T00:00:00.000,2,226,242,19153,19153,226,2020-07-05,2,242,0.00826446280991736,0.00354609434798673,2.1859193191552
St. Lawrence,2020-07-06T00:00:00.000,0,226,141,19294,19294,226,2020-07-06,0,141,0,0.00384948469332434,0
St. Lawrence,2020-07-07T00:00:00.000,1,227,278,19572,19572,227,2020-07-07,1,278,0.00359712230215827,0.00416071981696044,1.10666665163712
St. Lawrence,2020-07-08T00:00:00.000,0,227,215,19787,19787,227,2020-07-08,0,215,0,0.00447135756117019,0
St. Lawrence,2020-07-09T00:00:00.000,0,227,247,20034,20034,227,2020-07-09,0,247,0,0.00477131823231729,0
St. Lawrence,2020-07-10T00:00:00.000,3,230,555,20589,20589,230,2020-07-10,3,555,0.00540540540540541,0.00504929096246423,3.36364340067583
St. Lawrence,2020-07-11T00:00:00.000,0,230,385,20974,20974,230,2020-07-11,0,385,0,0.00529336713947761,0
St. Lawrence,2020-07-12T00:00:00.000,1,231,489,21463,21463,231,2020-07-12,1,489,0.00204498977505112,0.0054918671218424,1.12513240359274
St. Lawrence,2020-07-13T00:00:00.000,2,233,321,21784,21784,233,2020-07-13,2,321,0.00623052959501558,0.0056342854507198,2.25003445813844
St. Lawrence,2020-07-14T00:00:00.000,1,234,345,22129,22129,234,2020-07-14,1,345,0.00289855072463768,0.00571224471530106,1.12342811586708
St. Lawrence,2020-07-15T00:00:00.000,3,237,384,22513,22513,237,2020-07-15,3,384,0.0078125,0.00572032888387701,3.36100090314137
St. Lawrence,2020-07-16T00:00:00.000,1,238,227,22740,22740,238,2020-07-16,1,227,0.00440528634361234,0.00565667077979264,1.1157332889865
St. Lawrence,2020-07-17T00:00:00.000,4,242,307,23047,23047,242,2020-07-17,4,307,0.0130293159609121,0.00552319779141172,4.43948209283325
St. Lawrence,2020-07-18T00:00:00.000,0,242,149,23196,23196,242,2020-07-18,0,149,0,0.00532549061943562,0
St. Lawrence,2020-07-19T00:00:00.000,4,246,274,23470,23470,246,2020-07-19,4,274,0.0145985401459854,0.00507227157218893,4.42372063487261
St. Lawrence,2020-07-20T00:00:00.000,1,247,315,23785,23785,247,2020-07-20,1,315,0.00317460317460317,0.00477459791567362,1.10291185961835
St. Lawrence,2020-07-21T00:00:00.000,3,250,301,24086,24086,250,2020-07-21,3,301,0.00996677740863787,0.0044448789737185,3.29424894183228
St. Lawrence,2020-07-22T00:00:00.000,3,253,427,24513,24513,253,2020-07-22,3,427,0.00702576112412178,0.00409585423675957,3.27439842160549
St. Lawrence,2020-07-23T00:00:00.000,1,254,276,24789,24789,254,2020-07-23,1,276,0.0036231884057971,0.00373966159366956,1.08292872353387
St. Lawrence,2020-07-24T00:00:00.000,3,257,414,25203,25203,257,2020-07-24,3,414,0.0072463768115942,0.0033870945687296,3.21164969854859
St. Lawrence,2020-07-25T00:00:00.000,1,258,605,25808,25808,258,2020-07-25,1,605,0.00165289256198347,0.00304710448626988,1.05004361847678
St. Lawrence,2020-07-26T00:00:00.000,0,258,488,26296,26296,258,2020-07-26,0,488,0,0.00272655859777359,0
St. Lawrence,2020-07-27T00:00:00.000,0,258,248,26544,26544,258,2020-07-27,0,248,0,0.00243022771065384,0
St. Lawrence,2020-07-28T00:00:00.000,1,259,298,26842,26842,259,2020-07-28,1,298,0.00335570469798658,0.00216095220553157,1.01319225355772
St. Lawrence,2020-07-29T00:00:00.000,1,260,313,27155,27155,260,2020-07-29,1,313,0.00319488817891374,0.0019199250078283,1.0066884707451
St. Lawrence,2020-07-30T00:00:00.000,0,260,270,27425,27425,260,2020-07-30,0,270,0,0.00170703199245618,0
St. Lawrence,2020-07-31T00:00:00.000,1,261,603,28028,28028,261,2020-07-31,1,603,0.00165837479270315,0.00152120050590685,0.98982583617054
St. Lawrence,2020-08-01T00:00:00.000,1,262,418,28446,28446,262,2020-08-01,1,418,0.00239234449760766,0.00136072083083121,0.979035909671989
St. Lawrence,2020-08-02T00:00:00.000,0,262,221,28667,28667,262,2020-08-02,0,221,0,0.00122351981956333,0
St. Lawrence,2020-08-03T00:00:00.000,0,262,228,28895,28895,262,2020-08-03,0,228,0,0.00110737818604468,0
St. Lawrence,2020-08-04T00:00:00.000,0,262,292,29187,29187,262,2020-08-04,0,292,0,0.0010100919587935,0
St. Lawrence,2020-08-05T00:00:00.000,1,263,182,29369,29369,263,2020-08-05,1,182,0.00549450549450549,0.000929584221816242,0.977270186042583
St. Lawrence,2020-08-06T00:00:00.000,0,263,254,29623,29623,263,2020-08-06,0,254,0,0.000863976033454407,0
St. Lawrence,2020-08-07T00:00:00.000,0,263,216,29839,29839,263,2020-08-07,0,216,0,0.000811626060429751,0
St. Lawrence,2020-08-08T00:00:00.000,0,263,419,30258,30258,263,2020-08-08,0,419,0,0.000771147772930894,0
St. Lawrence,2020-08-09T00:00:00.000,0,263,122,30380,30380,263,2020-08-09,0,122,0,0.000741411657985249,0
St. Lawrence,2020-08-10T00:00:00.000,0,263,422,30802,30802,263,2020-08-10,0,422,0,0.00072153826830712,0
St. Lawrence,2020-08-11T00:00:00.000,0,263,315,31117,31117,263,2020-08-11,0,315,0,0.000710886323315061,0
St. Lawrence,2020-08-12T00:00:00.000,0,263,416,31533,31533,263,2020-08-12,0,416,0,0.00070903865505321,0
St. Lawrence,2020-08-13T00:00:00.000,0,263,283,31816,31816,263,2020-08-13,0,283,0,0.000715787588772107,0
St. Lawrence,2020-08-14T00:00:00.000,0,263,716,32532,32532,263,2020-08-14,0,716,0,0.000731120368144657,0
St. Lawrence,2020-08-15T00:00:00.000,0,263,429,32961,32961,263,2020-08-15,0,429,0,0.000755204426752534,0
St. Lawrence,2020-08-16T00:00:00.000,0,263,283,33244,33244,263,2020-08-16,0,283,0,0.000788371651049657,0
St. Lawrence,2020-08-17T00:00:00.000,0,263,321,33565,33565,263,2020-08-17,0,321,0,0.000831100232170438,0
St. Lawrence,2020-08-18T00:00:00.000,1,264,652,34217,34217,264,2020-08-18,1,652,0.00153374233128834,0.000883992270336552,0.986688988140802
St. Lawrence,2020-08-19T00:00:00.000,0,264,1001,35218,35218,264,2020-08-19,0,1001,0,0.000947744990511771,0
St. Lawrence,2020-08-20T00:00:00.000,1,265,1052,36270,36270,265,2020-08-20,1,1052,0.000950570342205323,0.00102311330628802,0.989260330487683
St. Lawrence,2020-08-21T00:00:00.000,0,265,1220,37490,37490,265,2020-08-21,0,1220,0,0.00111086159827211,0
St. Lawrence,2020-08-22T00:00:00.000,2,267,1003,38493,38493,267,2020-08-22,2,1003,0.00199401794616152,0.00121170306236054,1.98065380680502
St. Lawrence,2020-08-23T00:00:00.000,0,267,959,39452,39452,267,2020-08-23,0,959,0,0.00132622589687533,0
St. Lawrence,2020-08-24T00:00:00.000,0,267,408,39860,39860,267,2020-08-24,0,408,0,0.00145480702763497,0
St. Lawrence,2020-08-25T00:00:00.000,0,267,505,40365,40365,267,2020-08-25,0,505,0,0.00159751598734562,0
St. Lawrence,2020-08-26T00:00:00.000,2,269,423,40788,40788,269,2020-08-26,2,423,0.00472813238770686,0.0017540138847521,2.00414921862281
St. Lawrence,2020-08-27T00:00:00.000,1,270,529,41317,41317,270,2020-08-27,1,529,0.00189035916824197,0.00192345488695614,1.00681847805392
St. Lawrence,2020-08-28T00:00:00.000,3,273,915,42232,42232,273,2020-08-28,3,915,0.00327868852459016,0.00210439992825384,3.02254741929574
St. Lawrence,2020-08-29T00:00:00.000,1,274,464,42696,42696,274,2020-08-29,1,464,0.0021551724137931,0.00229475397883087,1.01882061645409
St. Lawrence,2020-08-30T00:00:00.000,1,275,230,42926,42926,275,2020-08-30,1,230,0.00434782608695652,0.00249173866592166,1.03174372579825
St. Lawrence,2020-08-31T00:00:00.000,0,275,357,43283,43283,275,2020-08-31,0,357,0,0.0026919108571814,0
St. Lawrence,2020-09-01T00:00:00.000,4,279,324,43607,43607,279,2020-09-01,4,324,0.0123456790123457,0.00289123480211281,4.20799824568509
St. Lawrence,2020-09-02T00:00:00.000,8,287,313,43920,43920,287,2020-09-02,8,313,0.0255591054313099,0.00308521059400994,8.48920537604312
St. Lawrence,2020-09-03T00:00:00.000,4,291,1157,45077,45077,291,2020-09-03,4,1157,0.00345721694036301,0.00326905553850551,4.27814707108584
St. Lawrence,2020-09-04T00:00:00.000,2,293,1004,46081,46081,293,2020-09-04,2,1004,0.00199203187250996,0.00343792829517785,2.15417416778931
St. Lawrence,2020-09-05T00:00:00.000,3,296,1005,47086,47086,296,2020-09-05,3,1005,0.00298507462686567,0.00358717943567706,3.25123098792875
St. Lawrence,2020-09-06T00:00:00.000,1,297,698,47784,47784,297,2020-09-06,1,698,0.00143266475644699,0.00371260742522963,1.08946190820028
St. Lawrence,2020-09-07T00:00:00.000,0,297,421,48205,48205,297,2020-09-07,0,421,0,0.00381069693382053,0
St. Lawrence,2020-09-08T00:00:00.000,4,301,254,48459,48459,301,2020-09-08,4,254,0.015748031496063,0.00387881726895583,4.39189105268569
St. Lawrence,2020-09-09T00:00:00.000,1,302,300,48759,48759,302,2020-09-09,1,300,0.00333333333333333,0.0039153626009928,1.10074325742817
St. Lawrence,2020-09-10T00:00:00.000,1,303,1032,49791,49791,303,2020-09-10,1,1032,0.000968992248062015,0.00391982197562319,1.10386559811454
St. Lawrence,2020-09-11T00:00:00.000,1,304,591,50382,50382,304,2020-09-11,1,591,0.00169204737732657,0.00389277481825389,1.10647075360455
St. Lawrence,2020-09-12T00:00:00.000,0,304,551,50933,50933,304,2020-09-12,0,551,0,0.00383581559596727,0
St. Lawrence,2020-09-13T00:00:00.000,3,307,278,51211,51211,307,2020-09-13,3,278,0.0107913669064748,0.0037514183008854,3.33312689569465
St. Lawrence,2020-09-14T00:00:00.000,1,308,338,51549,51549,308,2020-09-14,1,338,0.0029585798816568,0.00364275653418142,1.11427583593184
St. Lawrence,2020-09-15T00:00:00.000,2,310,267,51816,51816,310,2020-09-15,2,267,0.00749063670411985,0.0035134976933003,2.2322234497617
St. Lawrence,2020-09-16T00:00:00.000,3,313,1027,52843,52843,313,2020-09-16,3,1027,0.00292112950340798,0.00336759004276071,3.35003123465644
St. Lawrence,2020-09-17T00:00:00.000,1,314,560,53403,53403,314,2020-09-17,1,560,0.00178571428571429,0.003209059527548,1.11598436268312
St. Lawrence,2020-09-18T00:00:00.000,1,315,459,53862,53862,315,2020-09-18,1,459,0.00217864923747277,0.00304182975929761,1.11406925507821
St. Lawrence,2020-09-19T00:00:00.000,3,318,616,54478,54478,318,2020-09-19,3,616,0.00487012987012987,0.0028695743053023,3.33296745777751
St. Lawrence,2020-09-20T00:00:00.000,0,318,274,54752,54752,318,2020-09-20,0,274,0,0.00269560595412753,0
St. Lawrence,2020-09-21T00:00:00.000,1,319,231,54983,54983,319,2020-09-21,1,231,0.00432900432900433,0.00252280361739369,1.10165740909274
St. Lawrence,2020-09-22T00:00:00.000,1,320,339,55322,55322,320,2020-09-22,1,339,0.00294985250737463,0.0023535742991466,1.09560467308633
St. Lawrence,2020-09-23T00:00:00.000,2,322,598,55920,55920,322,2020-09-23,2,598,0.00334448160535117,0.00218984529786323,2.18203541759667
St. Lawrence,2020-09-24T00:00:00.000,0,322,804,56724,56724,322,2020-09-24,0,804,0,0.00203308057451789,0
St. Lawrence,2020-09-25T00:00:00.000,0,322,844,57568,57568,322,2020-09-25,0,844,0,0.00188431480632778,0
St. Lawrence,2020-09-26T00:00:00.000,0,322,475,58043,58043,322,2020-09-26,0,475,0,0.00174419895296981,0
St. Lawrence,2020-09-27T00:00:00.000,2,324,345,58388,58388,324,2020-09-27,2,345,0.00579710144927536,0.00161305190448598,2.16679820769235
St. Lawrence,2020-09-28T00:00:00.000,1,325,210,58598,58598,325,2020-09-28,1,210,0.00476190476190476,0.0014909137996832,1.09997696240209
St. Lawrence,2020-09-29T00:00:00.000,2,327,1949,60547,60547,327,2020-09-29,2,1949,0.00102616726526424,0.00137759769467472,2.23080141367091
St. Lawrence,2020-09-30T00:00:00.000,3,330,1096,61643,61643,330,2020-09-30,3,1096,0.00273722627737226,0.00127273734166723,3.38829698863491
Steuben,2020-04-01T00:00:00.000,5,43,25,309,309,43,2020-04-01,43,309,0.13915857605178,0.179763397596799,49.7878587976738
Steuben,2020-04-02T00:00:00.000,3,46,36,345,345,46,2020-04-02,3,36,0.0833333333333333,0.176309105016145,3.46426694563626
Steuben,2020-04-03T00:00:00.000,9,55,27,372,372,55,2020-04-03,9,27,0.333333333333333,0.172885055299316,10.4472415201116
Steuben,2020-04-04T00:00:00.000,8,63,31,403,403,63,2020-04-04,8,31,0.258064516129032,0.169457248261618,9.36032655512718
Steuben,2020-04-05T00:00:00.000,12,75,40,443,443,75,2020-04-05,12,40,0.3,0.165980833565304,14.1504549356174
Steuben,2020-04-06T00:00:00.000,0,75,22,465,465,75,2020-04-06,0,22,0,0.162404030677518,0
Steuben,2020-04-07T00:00:00.000,7,82,67,532,532,82,2020-04-07,7,67,0.104477611940299,0.158671868749842,8.3412996017935
Steuben,2020-04-08T00:00:00.000,7,89,50,582,582,89,2020-04-08,7,50,0.14,0.15472978151005,8.36087309578356
Steuben,2020-04-09T00:00:00.000,28,117,97,679,679,117,2020-04-09,28,97,0.288659793814433,0.150527055952855,33.4984460823206
Steuben,2020-04-10T00:00:00.000,2,119,28,707,707,119,2020-04-10,2,28,0.0714285714285714,0.146020091705824,2.39516206458016
Steuben,2020-04-11T00:00:00.000,2,121,12,719,719,121,2020-04-11,2,12,0.166666666666667,0.141175385435991,2.39600109518652
Steuben,2020-04-12T00:00:00.000,2,123,10,729,729,123,2020-04-12,2,10,0.2,0.135972118133511,2.3952160721525
Steuben,2020-04-13T00:00:00.000,24,147,90,819,819,147,2020-04-13,24,90,0.266666666666667,0.130404197777411,28.7649383869022
Steuben,2020-04-14T00:00:00.000,4,151,24,843,843,151,2020-04-14,4,24,0.166666666666667,0.124481601202746,4.80908178479618
Steuben,2020-04-15T00:00:00.000,3,154,20,863,863,154,2020-04-15,3,20,0.15,0.118230871790853,3.61602467852928
Steuben,2020-04-16T00:00:00.000,0,154,25,888,888,154,2020-04-16,0,25,0,0.111694666103483,0
Steuben,2020-04-17T00:00:00.000,6,160,92,980,980,160,2020-04-17,6,92,0.0652173913043478,0.104930303661473,7.25391768519854
Steuben,2020-04-18T00:00:00.000,7,167,100,1080,1080,167,2020-04-18,7,100,0.07,0.0980073548380913,8.46493256540583
Steuben,2020-04-19T00:00:00.000,0,167,4,1084,1084,167,2020-04-19,0,4,0,0.0910043948468425,0
Steuben,2020-04-20T00:00:00.000,3,170,33,1117,1117,170,2020-04-20,3,33,0.0909090909090909,0.0840051433811143,3.61591313109328
Steuben,2020-04-21T00:00:00.000,1,171,41,1158,1158,171,2020-04-21,1,41,0.024390243902439,0.0770942851928273,1.20088530886625
Steuben,2020-04-22T00:00:00.000,0,171,24,1182,1182,171,2020-04-22,0,24,0,0.0703533113442917,0
Steuben,2020-04-23T00:00:00.000,0,171,28,1210,1210,171,2020-04-23,0,28,0,0.0638567238281427,0
Steuben,2020-04-24T00:00:00.000,33,204,556,1766,1766,204,2020-04-24,33,556,0.0593525179856115,0.0576689041050754,39.4552576162218
Steuben,2020-04-25T00:00:00.000,3,207,35,1801,1801,207,2020-04-25,3,35,0.0857142857142857,0.0518418646898237,3.58072732684536
Steuben,2020-04-26T00:00:00.000,2,209,10,1811,1811,209,2020-04-26,2,10,0.2,0.046413995778197,2.38158913705849
Steuben,2020-04-27T00:00:00.000,1,210,58,1869,1869,210,2020-04-27,1,58,0.0172413793103448,0.0414098046439353,1.18599877148318
Steuben,2020-04-28T00:00:00.000,4,214,105,1974,1974,214,2020-04-28,4,105,0.0380952380952381,0.0368405429982635,4.71743834269439
Steuben,2020-04-29T00:00:00.000,2,216,63,2037,2037,216,2020-04-29,2,63,0.0317460317460317,0.032705541626508,2.34442640781762
Steuben,2020-04-30T00:00:00.000,0,216,42,2079,2079,216,2020-04-30,0,42,0,0.0289940301170387,0
Steuben,2020-05-01T00:00:00.000,1,217,62,2141,2141,217,2020-05-01,1,62,0.0161290322580645,0.0256872128815571,1.15671372388661
Steuben,2020-05-02T00:00:00.000,1,218,41,2182,2182,218,2020-05-02,1,41,0.024390243902439,0.0227603947901244,1.14852457869295
Steuben,2020-05-03T00:00:00.000,1,219,70,2252,2252,219,2020-05-03,1,70,0.0142857142857143,0.0201849910656601,1.14015416019093
Steuben,2020-05-04T00:00:00.000,2,221,90,2342,2342,221,2020-05-04,2,90,0.0222222222222222,0.0179303060678445,2.26372511846291
Steuben,2020-05-05T00:00:00.000,2,223,114,2456,2456,223,2020-05-05,2,114,0.0175438596491228,0.0159650152324482,2.2508129787084
Steuben,2020-05-06T00:00:00.000,1,224,66,2522,2522,224,2020-05-06,1,66,0.0151515151515152,0.0142583272890878,1.11833653311476
Steuben,2020-05-07T00:00:00.000,1,225,101,2623,2623,225,2020-05-07,1,101,0.0099009900990099,0.012780836619185,1.11187557454344
Steuben,2020-05-08T00:00:00.000,1,226,228,2851,2851,226,2020-05-08,1,228,0.0043859649122807,0.0115050974348127,1.10792221462472
Steuben,2020-05-09T00:00:00.000,1,227,73,2924,2924,227,2020-05-09,1,73,0.0136986301369863,0.0104059633443841,1.10395372677337
Steuben,2020-05-10T00:00:00.000,1,228,58,2982,2982,228,2020-05-10,1,58,0.0172413793103448,0.00946073986258294,1.09872221887366
Steuben,2020-05-11T00:00:00.000,1,229,90,3072,3072,229,2020-05-11,1,90,0.0111111111111111,0.00864919583551098,1.08974914380262
Steuben,2020-05-12T00:00:00.000,1,230,306,3378,3378,230,2020-05-12,1,306,0.00326797385620915,0.00795347470814514,1.08602257727223
Steuben,2020-05-13T00:00:00.000,0,230,103,3481,3481,230,2020-05-13,0,103,0,0.00735793989685924,0
Steuben,2020-05-14T00:00:00.000,1,231,110,3591,3591,231,2020-05-14,1,110,0.00909090909090909,0.00684898142896864,1.08604561709144
Steuben,2020-05-15T00:00:00.000,2,233,68,3659,3659,233,2020-05-15,2,68,0.0294117647058824,0.0064148043829213,2.17118138046214
Steuben,2020-05-16T00:00:00.000,1,234,97,3756,3756,234,2020-05-16,1,97,0.0103092783505155,0.0060452138831151,1.08498194667757
Steuben,2020-05-17T00:00:00.000,1,235,67,3823,3823,235,2020-05-17,1,67,0.0149253731343284,0.00573140671204516,1.08627410013016
Steuben,2020-05-18T00:00:00.000,1,236,126,3949,3949,236,2020-05-18,1,126,0.00793650793650794,0.00546577595203802,1.0915665439946
Steuben,2020-05-19T00:00:00.000,1,237,314,4263,4263,237,2020-05-19,1,314,0.00318471337579618,0.00524173238657084,1.09590587585644
Steuben,2020-05-20T00:00:00.000,1,238,133,4396,4396,238,2020-05-20,1,133,0.0075187969924812,0.00505354451340382,1.10051671987557
Steuben,2020-05-21T00:00:00.000,2,240,161,4557,4557,240,2020-05-21,2,161,0.0124223602484472,0.00489619777022434,2.21379569463911
Steuben,2020-05-22T00:00:00.000,0,240,114,4671,4671,240,2020-05-22,0,114,0,0.00476527281065595,0
Steuben,2020-05-23T00:00:00.000,0,240,83,4754,4754,240,2020-05-23,0,83,0,0.00465684222549718,0
Steuben,2020-05-24T00:00:00.000,0,240,72,4826,4826,240,2020-05-24,0,72,0,0.00456738487331788,0
Steuben,2020-05-25T00:00:00.000,0,240,79,4905,4905,240,2020-05-25,0,79,0,0.00449371686931166,0
Steuben,2020-05-26T00:00:00.000,1,241,221,5126,5126,241,2020-05-26,1,221,0.00452488687782805,0.00443293818882851,1.13339401580298
Steuben,2020-05-27T00:00:00.000,0,241,132,5258,5258,241,2020-05-27,0,132,0,0.00438239374319029,0
Steuben,2020-05-28T00:00:00.000,0,241,98,5356,5356,241,2020-05-28,0,98,0,0.00433964762322625,0
Steuben,2020-05-29T00:00:00.000,0,241,133,5489,5489,241,2020-05-29,0,133,0,0.00430246899689176,0
Steuben,2020-05-30T00:00:00.000,0,241,122,5611,5611,241,2020-05-30,0,122,0,0.00426882788082229,0
Steuben,2020-05-31T00:00:00.000,0,241,91,5702,5702,241,2020-05-31,0,91,0,0.00423689872627179,0
Steuben,2020-06-01T00:00:00.000,1,242,133,5835,5835,242,2020-06-01,1,133,0.0075187969924812,0.00420506950860435,1.18482582016642
Steuben,2020-06-02T00:00:00.000,1,243,332,6167,6167,243,2020-06-02,1,332,0.00301204819277108,0.00417195382672156,1.18803780500805
Steuben,2020-06-03T00:00:00.000,2,245,187,6354,6354,245,2020-06-03,2,187,0.0106951871657754,0.00413640346723268,2.37732638049253
Steuben,2020-06-04T00:00:00.000,1,246,148,6502,6502,246,2020-06-04,1,148,0.00675675675675676,0.00409751899332765,1.18677793077055
Steuben,2020-06-05T00:00:00.000,5,251,360,6862,6862,251,2020-06-05,5,360,0.0138888888888889,0.00405465619799285,5.92833046890336
Steuben,2020-06-06T00:00:00.000,0,251,120,6982,6982,251,2020-06-06,0,120,0,0.00400742672132745,0
Steuben,2020-06-07T00:00:00.000,0,251,162,7144,7144,251,2020-06-07,0,162,0,0.00395569171885485,0
Steuben,2020-06-08T00:00:00.000,1,252,196,7340,7340,252,2020-06-08,1,196,0.00510204081632653,0.00389954814818391,1.20439723543738
Steuben,2020-06-09T00:00:00.000,1,253,238,7578,7578,253,2020-06-09,1,238,0.00420168067226891,0.00383930793417746,1.20647588900948
Steuben,2020-06-10T00:00:00.000,1,254,374,7952,7952,254,2020-06-10,1,374,0.00267379679144385,0.00377547090822357,1.20702302472278
Steuben,2020-06-11T00:00:00.000,0,254,239,8191,8191,254,2020-06-11,0,239,0,0.00370869293179311,0
Steuben,2020-06-12T00:00:00.000,1,255,278,8469,8469,255,2020-06-12,1,278,0.00359712230215827,0.00363975096038853,1.20297462763579
Steuben,2020-06-13T00:00:00.000,0,255,158,8627,8627,255,2020-06-13,0,158,0,0.00356950695367326,0
Steuben,2020-06-14T00:00:00.000,1,256,198,8825,8825,256,2020-06-14,1,198,0.00505050505050505,0.00349887249506144,1.19469957841744
Steuben,2020-06-15T00:00:00.000,1,257,346,9171,9171,257,2020-06-15,1,346,0.00289017341040462,0.00342877577621094,1.19993250722051
Steuben,2020-06-16T00:00:00.000,0,257,306,9477,9477,257,2020-06-16,0,306,0,0.00336013226212721,0
Steuben,2020-06-17T00:00:00.000,0,257,359,9836,9836,257,2020-06-17,0,359,0,0.00329381994518135,0
Steuben,2020-06-18T00:00:00.000,0,257,257,10093,10093,257,2020-06-18,0,257,0,0.00323065965693884,0
Steuben,2020-06-19T00:00:00.000,4,261,133,10226,10226,261,2020-06-19,4,133,0.0300751879699248,0.00317140050146493,4.76792086872372
Steuben,2020-06-20T00:00:00.000,0,261,172,10398,10398,261,2020-06-20,0,172,0,0.00311671011489995,0
Steuben,2020-06-21T00:00:00.000,2,263,204,10602,10602,263,2020-06-21,2,204,0.00980392156862745,0.00306716918777123,2.33684585365521
Steuben,2020-06-22T00:00:00.000,0,263,163,10765,10765,263,2020-06-22,0,163,0,0.0030232695019143,0
Steuben,2020-06-23T00:00:00.000,0,263,263,11028,11028,263,2020-06-23,0,263,0,0.00298541463711641,0
Steuben,2020-06-24T00:00:00.000,1,264,245,11273,11273,264,2020-06-24,1,245,0.00408163265306122,0.00295392248755877,1.12883891927099
Steuben,2020-06-25T00:00:00.000,0,264,220,11493,11493,264,2020-06-25,0,220,0,0.00292902876885655,0
Steuben,2020-06-26T00:00:00.000,0,264,178,11671,11671,264,2020-06-26,0,178,0,0.0029108907933226,0
Steuben,2020-06-27T00:00:00.000,2,266,236,11907,11907,266,2020-06-27,2,236,0.00847457627118644,0.00289959091063938,2.18607982198927
Steuben,2020-06-28T00:00:00.000,0,266,171,12078,12078,266,2020-06-28,0,171,0,0.00289513915683034,0
Steuben,2020-06-29T00:00:00.000,0,266,165,12243,12243,266,2020-06-29,0,165,0,0.00289747480544679,0
Steuben,2020-06-30T00:00:00.000,2,268,402,12645,12645,268,2020-06-30,2,402,0.00497512437810945,0.00290646666987503,2.14673127006317
Steuben,2020-07-01T00:00:00.000,0,268,213,12858,12858,268,2020-07-01,0,213,0,0.00292191215744206,0
Steuben,2020-07-02T00:00:00.000,0,268,201,13059,13059,268,2020-07-02,0,201,0,0.00294353522562846,0
Steuben,2020-07-03T00:00:00.000,1,269,282,13341,13341,269,2020-07-03,1,282,0.00354609929078014,0.00297098352861684,1.07192446561509
Steuben,2020-07-04T00:00:00.000,1,270,209,13550,13550,270,2020-07-04,1,209,0.00478468899521531,0.00300382517246334,1.07667549368523
Steuben,2020-07-05T00:00:00.000,1,271,252,13802,13802,271,2020-07-05,1,252,0.00396825396825397,0.00304154561268646,1.07631288012835
Steuben,2020-07-06T00:00:00.000,0,271,195,13997,13997,271,2020-07-06,0,195,0,0.00308354531800548,0
Steuben,2020-07-07T00:00:00.000,0,271,223,14220,14220,271,2020-07-07,0,223,0,0.00312913888743548,0
Steuben,2020-07-08T00:00:00.000,1,272,199,14419,14419,272,2020-07-08,1,199,0.0050251256281407,0.00317755633062386,1.0751261922218
Steuben,2020-07-09T00:00:00.000,0,272,182,14601,14601,272,2020-07-09,0,182,0,0.00322794719350584,0
Steuben,2020-07-10T00:00:00.000,2,274,183,14784,14784,274,2020-07-10,2,183,0.0109289617486339,0.00327938812446683,2.14770649573276
Steuben,2020-07-11T00:00:00.000,0,274,247,15031,15031,274,2020-07-11,0,247,0,0.00333089432792486,0
Steuben,2020-07-12T00:00:00.000,2,276,101,15132,15132,276,2020-07-12,2,101,0.0198019801980198,0.00338143513717627,2.14373812748152
Steuben,2020-07-13T00:00:00.000,2,278,292,15424,15424,278,2020-07-13,2,292,0.00684931506849315,0.00342995366658126,2.14108599094494
Steuben,2020-07-14T00:00:00.000,1,279,402,15826,15826,279,2020-07-14,1,402,0.00248756218905473,0.00347539019028969,1.06896864173197
Steuben,2020-07-15T00:00:00.000,0,279,299,16125,16125,279,2020-07-15,0,299,0,0.0035167085609971,0
Steuben,2020-07-16T00:00:00.000,0,279,254,16379,16379,279,2020-07-16,0,254,0,0.00355292466089315,0
Steuben,2020-07-17T00:00:00.000,1,280,228,16607,16607,280,2020-07-17,1,228,0.0043859649122807,0.00358313559889616,1.06286861219067
Steuben,2020-07-18T00:00:00.000,1,281,178,16785,16785,281,2020-07-18,1,178,0.00561797752808989,0.00360654816981533,1.06478847716446
Steuben,2020-07-19T00:00:00.000,1,282,172,16957,16957,282,2020-07-19,1,172,0.00581395348837209,0.00362250500077606,1.06932162825522
Steuben,2020-07-20T00:00:00.000,1,283,119,17076,17076,283,2020-07-20,1,119,0.00840336134453781,0.00363050684525811,1.07310903720444
Steuben,2020-07-21T00:00:00.000,0,283,324,17400,17400,283,2020-07-21,0,324,0,0.00363022965654459,0
Steuben,2020-07-22T00:00:00.000,1,284,359,17759,17759,284,2020-07-22,1,359,0.00278551532033426,0.00362153536649078,1.0781150071673
Steuben,2020-07-23T00:00:00.000,1,285,226,17985,17985,285,2020-07-23,1,226,0.00442477876106195,0.0036044756914117,1.0789488407713
Steuben,2020-07-24T00:00:00.000,3,288,297,18282,18282,288,2020-07-24,3,297,0.0101010101010101,0.00357928874595865,3.22942431626738
Steuben,2020-07-25T00:00:00.000,0,288,179,18461,18461,288,2020-07-25,0,179,0,0.00354638872689065,0
Steuben,2020-07-26T00:00:00.000,0,288,187,18648,18648,288,2020-07-26,0,187,0,0.00350634937515532,0
Steuben,2020-07-27T00:00:00.000,1,289,161,18809,18809,289,2020-07-27,1,161,0.0062111801242236,0.00345988231162541,1.05484708669352
Steuben,2020-07-28T00:00:00.000,1,290,330,19139,19139,290,2020-07-28,1,330,0.00303030303030303,0.00340781161326833,1.06041265603561
Steuben,2020-07-29T00:00:00.000,0,290,393,19532,19532,290,2020-07-29,0,393,0,0.003351046153495,0
Steuben,2020-07-30T00:00:00.000,0,290,266,19798,19798,290,2020-07-30,0,266,0,0.00329055125527638,0
Steuben,2020-07-31T00:00:00.000,0,290,216,20014,20014,290,2020-07-31,0,216,0,0.00322732111052527,0
Steuben,2020-08-01T00:00:00.000,2,292,147,20161,20161,292,2020-08-01,2,147,0.0136054421768707,0.00316235322935883,2.13035878567434
Steuben,2020-08-02T00:00:00.000,0,292,95,20256,20256,292,2020-08-02,0,95,0,0.0030966259217189,0
Steuben,2020-08-03T00:00:00.000,2,294,171,20427,20427,294,2020-08-03,2,171,0.0116959064327485,0.00303107951442821,2.13993046012017
Steuben,2020-08-04T00:00:00.000,3,297,423,20850,20850,297,2020-08-04,3,423,0.00709219858156028,0.00296660170569992,3.24829384959552
Steuben,2020-08-05T00:00:00.000,0,297,253,21103,21103,297,2020-08-05,0,253,0,0.00290401717230767,0
Steuben,2020-08-06T00:00:00.000,0,297,221,21324,21324,297,2020-08-06,0,221,0,0.00284408130331059,0
Steuben,2020-08-07T00:00:00.000,1,298,203,21527,21527,298,2020-08-07,1,203,0.00492610837438424,0.00278747774300758,1.1158285088588
Steuben,2020-08-08T00:00:00.000,0,298,298,21825,21825,298,2020-08-08,0,298,0,0.0027348192919419,0
Steuben,2020-08-09T00:00:00.000,0,298,218,22043,22043,298,2020-08-09,0,218,0,0.00268665163993268,0
Steuben,2020-08-10T00:00:00.000,2,300,380,22423,22423,300,2020-08-10,2,380,0.00526315789473684,0.00264345937705838,2.25283130036214
Steuben,2020-08-11T00:00:00.000,0,300,325,22748,22748,300,2020-08-11,0,325,0,0.00260567374464288,0
Steuben,2020-08-12T00:00:00.000,1,301,320,23068,23068,301,2020-08-12,1,320,0.003125,0.00257368163498159,1.11820254601527
Steuben,2020-08-13T00:00:00.000,2,303,275,23343,23343,303,2020-08-13,2,275,0.00727272727272727,0.00254783541317396,2.2248525058856
Steuben,2020-08-14T00:00:00.000,3,306,348,23691,23691,306,2020-08-14,3,348,0.00862068965517241,0.00252846321585062,3.32144664829397
Steuben,2020-08-15T00:00:00.000,0,306,388,24079,24079,306,2020-08-15,0,388,0,0.00251587945975637,0
Steuben,2020-08-16T00:00:00.000,1,307,237,24316,24316,307,2020-08-16,1,237,0.00421940928270042,0.00251039537558477,1.1035139366562
Steuben,2020-08-17T00:00:00.000,0,307,156,24472,24472,307,2020-08-17,0,156,0,0.00251232945342937,0
Steuben,2020-08-18T00:00:00.000,0,307,286,24758,24758,307,2020-08-18,0,286,0,0.00252201775146589,0
Steuben,2020-08-19T00:00:00.000,0,307,204,24962,24962,307,2020-08-19,0,204,0,0.00253982407319376,0
Steuben,2020-08-20T00:00:00.000,1,308,380,25342,25342,308,2020-08-20,1,380,0.00263157894736842,0.00256615006379744,1.0845421264128
Steuben,2020-08-21T00:00:00.000,1,309,316,25658,25658,309,2020-08-21,1,316,0.00316455696202532,0.00260144530885312,1.0779221145783
Steuben,2020-08-22T00:00:00.000,1,310,241,25899,25899,310,2020-08-22,1,241,0.004149377593361,0.00264621754875097,1.07078310773245
Steuben,2020-08-23T00:00:00.000,0,310,295,26194,26194,310,2020-08-23,0,295,0,0.00270104313723661,0
Steuben,2020-08-24T00:00:00.000,0,310,156,26350,26350,310,2020-08-24,0,156,0,0.00276657788959949,0
Steuben,2020-08-25T00:00:00.000,0,310,299,26649,26649,310,2020-08-25,0,299,0,0.00284356847221108,0
Steuben,2020-08-26T00:00:00.000,1,311,263,26912,26912,311,2020-08-26,1,263,0.00380228136882129,0.00293286448981308,1.05493561643153
Steuben,2020-08-27T00:00:00.000,1,312,337,27249,27249,312,2020-08-27,1,337,0.0029673590504451,0.0030354314283244,1.05381656184099
Steuben,2020-08-28T00:00:00.000,1,313,360,27609,27609,313,2020-08-28,1,360,0.00277777777777778,0.00315236460821964,1.04906569299622
Steuben,2020-08-29T00:00:00.000,2,315,213,27822,27822,315,2020-08-29,2,213,0.00938967136150235,0.00328490429694133,2.11206062069241
Steuben,2020-08-30T00:00:00.000,0,315,246,28068,28068,315,2020-08-30,0,246,0,0.00343445212349342,0
Steuben,2020-08-31T00:00:00.000,0,315,230,28298,28298,315,2020-08-31,0,230,0,0.00360258892163814,0
Steuben,2020-09-01T00:00:00.000,0,315,273,28571,28571,315,2020-09-01,0,273,0,0.00379109411662726,0
Steuben,2020-09-02T00:00:00.000,1,316,286,28857,28857,316,2020-09-02,1,286,0.0034965034965035,0.0040019667470517,1.08912046731726
Steuben,2020-09-03T00:00:00.000,3,319,163,29020,29020,319,2020-09-03,3,163,0.0184049079754601,0.00423744818779757,3.29295036018719
Steuben,2020-09-04T00:00:00.000,0,319,237,29257,29257,319,2020-09-04,0,237,0,0.00450004660993641,0
Steuben,2020-09-05T00:00:00.000,1,320,150,29407,29407,320,2020-09-05,1,150,0.00666666666666667,0.00479256317615583,1.11559881791266
Steuben,2020-09-06T00:00:00.000,0,320,134,29541,29541,320,2020-09-06,0,134,0,0.00511811992425419,0
Steuben,2020-09-07T00:00:00.000,3,323,139,29680,29680,323,2020-09-07,3,139,0.0215827338129496,0.00548018924705405,3.40409260097287
Steuben,2020-09-08T00:00:00.000,2,325,338,30018,30018,325,2020-09-08,2,338,0.00591715976331361,0.00588262482174597,2.28933182515774
Steuben,2020-09-09T00:00:00.000,0,325,401,30419,30419,325,2020-09-09,0,401,0,0.0063296937852414,0
Steuben,2020-09-10T00:00:00.000,1,326,83,30502,30502,326,2020-09-10,1,83,0.0120481927710843,0.0068261099038065,1.16682813406561
Steuben,2020-09-11T00:00:00.000,0,326,307,30809,30809,326,2020-09-11,0,307,0,0.00737706743132655,0
Steuben,2020-09-12T00:00:00.000,0,326,132,30941,30941,326,2020-09-12,0,132,0,0.00798827531622015,0
Steuben,2020-09-13T00:00:00.000,0,326,277,31218,31218,326,2020-09-13,0,277,0,0.0086659913996855,0
Steuben,2020-09-14T00:00:00.000,5,331,339,31557,31557,331,2020-09-14,5,339,0.0147492625368732,0.00941705625457747,6.12648280291365
Steuben,2020-09-15T00:00:00.000,3,334,273,31830,31830,334,2020-09-15,3,273,0.010989010989011,0.0102489263560325,3.72668594245242
Steuben,2020-09-16T00:00:00.000,5,339,346,32176,32176,339,2020-09-16,5,346,0.0144508670520231,0.0111697063746332,6.29462496544934
Steuben,2020-09-17T00:00:00.000,3,342,265,32441,32441,342,2020-09-17,3,265,0.0113207547169811,0.0121881805153,3.82591638581058
Steuben,2020-09-18T00:00:00.000,2,344,316,32757,32757,344,2020-09-18,2,316,0.00632911392405063,0.0133138430437422,2.58261124512929
Steuben,2020-09-19T00:00:00.000,6,350,373,33130,33130,350,2020-09-19,6,373,0.0160857908847185,0.0145569284206876,7.84126797605778
Steuben,2020-09-20T00:00:00.000,3,353,195,33325,33325,353,2020-09-20,3,195,0.0153846153846154,0.0159284418041419,3.96597771409498
Steuben,2020-09-21T00:00:00.000,7,360,317,33642,33642,360,2020-09-21,7,317,0.0220820189274448,0.0174401911034837,9.35645598830632
Steuben,2020-09-22T00:00:00.000,6,366,440,34082,34082,366,2020-09-22,6,440,0.0136363636363636,0.0191048222475222,8.10488086019249
Steuben,2020-09-23T00:00:00.000,10,376,347,34429,34429,376,2020-09-23,10,347,0.0288184438040346,0.0209358598180999,13.6734950117189
Steuben,2020-09-24T00:00:00.000,11,387,305,34734,34734,387,2020-09-24,11,305,0.0360655737704918,0.0229477557596989,15.2333543565663
Steuben,2020-09-25T00:00:00.000,17,404,488,35222,35222,404,2020-09-25,17,488,0.0348360655737705,0.0251559493518668,23.8425011805545
Steuben,2020-09-26T00:00:00.000,12,416,387,35609,35609,416,2020-09-26,12,387,0.0310077519379845,0.0275769421041477,17.0435598403077
Steuben,2020-09-27T00:00:00.000,4,420,170,35779,35779,420,2020-09-27,4,170,0.0235294117647059,0.0302283915649069,5.80931776978716
Steuben,2020-09-28T00:00:00.000,30,450,517,36296,36296,450,2020-09-28,30,517,0.058027079303675,0.0331292282586333,44.9967060459231
Steuben,2020-09-29T00:00:00.000,3,453,407,36703,36703,453,2020-09-29,3,407,0.00737100737100737,0.0362997999511047,4.64120073682327
Steuben,2020-09-30T00:00:00.000,11,464,440,37143,37143,464,2020-09-30,11,440,0.025,0.0397620472674024,17.5277389060456
Suffolk,2020-04-01T00:00:00.000,1141,8746,2148,21453,21453,8746,2020-04-01,8746,21453,0.407681909290076,0.442163931567604,11080.3293924563
Suffolk,2020-04-02T00:00:00.000,1408,10154,2575,24028,24028,10154,2020-04-02,1408,2575,0.546796116504854,0.438111146119315,1780.83509710722
Suffolk,2020-04-03T00:00:00.000,1216,11370,2463,26491,26491,11370,2020-04-03,1216,2463,0.493706861550954,0.43404603019252,1547.64209544727
Suffolk,2020-04-04T00:00:00.000,1035,12405,2200,28691,28691,12405,2020-04-04,1035,2200,0.470454545454545,0.429936404996155,1329.15543106483
Suffolk,2020-04-05T00:00:00.000,1082,13487,2211,30902,30902,13487,2020-04-05,1082,2211,0.489371325192221,0.425737757233994,1401.92519230765
Suffolk,2020-04-06T00:00:00.000,1030,14517,2323,33225,33225,14517,2020-04-06,1030,2323,0.443392165303487,0.421395988707047,1345.72353909038
Suffolk,2020-04-07T00:00:00.000,1327,15844,3139,36364,36364,15844,2020-04-07,1327,3139,0.422746097483275,0.416850096921907,1741.62480012655
Suffolk,2020-04-08T00:00:00.000,1569,17413,3889,40253,40253,17413,2020-04-08,1569,3889,0.403445615839547,0.412034785479362,2066.86700429505
Suffolk,2020-04-09T00:00:00.000,1279,18692,2942,43195,43195,18692,2020-04-09,1279,2942,0.434738273283481,0.406883001736505,1690.1399705287
Suffolk,2020-04-10T00:00:00.000,1191,19883,2556,45751,45751,19883,2020-04-10,1191,2556,0.465962441314554,0.401328397174557,1578.06685331105
Suffolk,2020-04-11T00:00:00.000,933,20816,2215,47966,47966,20816,2020-04-11,933,2215,0.421218961625282,0.395307701965997,1238.9571596167
Suffolk,2020-04-12T00:00:00.000,827,21643,2164,50130,50130,21643,2020-04-12,827,2164,0.382162661737523,0.388763000301936,1100.12926398734
Suffolk,2020-04-13T00:00:00.000,819,22462,2246,52376,52376,22462,2020-04-13,819,2246,0.364648263579697,0.381643886379365,1092.88076409813
Suffolk,2020-04-14T00:00:00.000,816,23278,2135,54511,54511,23278,2020-04-14,816,2135,0.382201405152225,0.373909472546995,1095.1118047898
Suffolk,2020-04-15T00:00:00.000,904,24182,2536,57047,57047,24182,2020-04-15,904,2536,0.356466876971609,0.365530211556604,1219.82575906018
Suffolk,2020-04-16T00:00:00.000,853,25035,2496,59543,59543,25035,2020-04-16,853,2496,0.341746794871795,0.356489483846842,1156.86603759773
Suffolk,2020-04-17T00:00:00.000,1108,26143,3385,62928,62928,26143,2020-04-17,1108,3385,0.327326440177253,0.346784890656542,1509.65273036157
Suffolk,2020-04-18T00:00:00.000,745,26888,2392,65320,65320,26888,2020-04-18,745,2392,0.311454849498328,0.336429184838521,1019.16672297296
Suffolk,2020-04-19T00:00:00.000,774,27662,2278,67598,67598,27662,2020-04-19,774,2278,0.339771729587357,0.325450767333747,1062.27974218068
Suffolk,2020-04-20T00:00:00.000,492,28154,1482,69080,69080,28154,2020-04-20,492,1482,0.331983805668016,0.313893679431092,676.564966742846
Suffolk,2020-04-21T00:00:00.000,700,28854,2188,71268,71268,28854,2020-04-21,700,2188,0.319926873857404,0.30181703281254,963.544391391867
Suffolk,2020-04-22T00:00:00.000,713,29567,2428,73696,73696,29567,2020-04-22,713,2428,0.293657331136738,0.289293841420148,983.422496959343
Suffolk,2020-04-23T00:00:00.000,1039,30606,3858,77554,77554,30606,2020-04-23,1039,3858,0.269310523587351,0.27640925218419,1439.81211701126
Suffolk,2020-04-24T00:00:00.000,762,31368,2860,80414,80414,31368,2020-04-24,762,2860,0.266433566433566,0.263258213157277,1060.44936873606
Suffolk,2020-04-25T00:00:00.000,691,32059,2830,83244,83244,32059,2020-04-25,691,2830,0.24416961130742,0.249942663993591,965.259359360375
Suffolk,2020-04-26T00:00:00.000,411,32470,1826,85070,85070,32470,2020-04-26,411,1826,0.225082146768894,0.236568379000478,575.982701583178
Suffolk,2020-04-27T00:00:00.000,254,32724,1429,86499,86499,32724,2020-04-27,254,1429,0.177746675997201,0.223241630564857,356.521033013324
Suffolk,2020-04-28T00:00:00.000,541,33265,2669,89168,89168,33265,2020-04-28,541,2669,0.20269763956538,0.210065864194349,759.357790064476
Suffolk,2020-04-29T00:00:00.000,399,33664,2193,91361,91361,33664,2020-04-29,399,2193,0.181942544459644,0.197138581363037,559.750554940356
Suffolk,2020-04-30T00:00:00.000,373,34037,2207,93568,93568,34037,2020-04-30,373,2207,0.169007702763933,0.184548610512326,522.732920016875
Suffolk,2020-05-01T00:00:00.000,441,34478,2660,96228,96228,34478,2020-05-01,441,2660,0.165789473684211,0.172373912111649,617.077815078115
Suffolk,2020-05-02T00:00:00.000,377,34855,2521,98749,98749,34855,2020-05-02,377,2521,0.149543831812773,0.160680014881073,526.453298469427
Suffolk,2020-05-03T00:00:00.000,222,35077,1640,100389,100389,35077,2020-05-03,222,1640,0.135365853658537,0.149519124296697,309.231245041656
Suffolk,2020-05-04T00:00:00.000,198,35275,1586,101975,101975,35275,2020-05-04,198,1586,0.12484237074401,0.138929888813329,275.029755634567
Suffolk,2020-05-05T00:00:00.000,268,35543,2112,104087,104087,35543,2020-05-05,268,2112,0.126893939393939,0.128937760953787,371.676658313143
Suffolk,2020-05-06T00:00:00.000,349,35892,2668,106755,106755,35892,2020-05-06,349,2668,0.130809595202399,0.119555854297563,482.778772441702
Suffolk,2020-05-07T00:00:00.000,331,36223,2357,109112,109112,36223,2020-05-07,331,2357,0.140432753500212,0.110786176073951,456.748166371365
Suffolk,2020-05-08T00:00:00.000,238,36461,2227,111339,111339,36461,2020-05-08,238,2227,0.106870229007634,0.102621108483609,328.186617248691
Suffolk,2020-05-09T00:00:00.000,241,36702,2556,113895,113895,36702,2020-05-09,241,2556,0.0942879499217527,0.0950450178078448,331.919386399457
Suffolk,2020-05-10T00:00:00.000,209,36911,2014,115909,115909,36911,2020-05-10,209,2014,0.10377358490566,0.0880358856422885,287.017023886197
Suffolk,2020-05-11T00:00:00.000,151,37062,1964,117873,117873,37062,2020-05-11,151,1964,0.0768839103869654,0.0815668774790482,205.947865144772
Suffolk,2020-05-12T00:00:00.000,243,37305,2950,120823,120823,37305,2020-05-12,243,2950,0.0823728813559322,0.0756077866103109,330.556795331767
Suffolk,2020-05-13T00:00:00.000,239,37544,3229,124052,124052,37544,2020-05-13,239,3229,0.0740167234437906,0.0701263135757703,325.970711309569
Suffolk,2020-05-14T00:00:00.000,175,37719,2777,126829,126829,37719,2020-05-14,175,2777,0.0630176449405834,0.0650891606699916,238.053397566152
Suffolk,2020-05-15T00:00:00.000,223,37942,3048,129877,129877,37942,2020-05-15,223,3048,0.0731627296587927,0.060462936824819,302.971345329048
Suffolk,2020-05-16T00:00:00.000,175,38117,2818,132695,132695,38117,2020-05-16,175,2818,0.0621007806955287,0.0562148797267264,237.303706742824
Suffolk,2020-05-17T00:00:00.000,107,38224,1948,134643,134643,38224,2020-05-17,107,1948,0.0549281314168378,0.0523134098999138,144.996788298635
Suffolk,2020-05-18T00:00:00.000,103,38327,2118,136761,136761,38327,2020-05-18,103,2118,0.0486307837582625,0.0487285359284174,139.926700896112
Suffolk,2020-05-19T00:00:00.000,84,38411,2416,139177,139177,38411,2020-05-19,84,2416,0.0347682119205298,0.0454321318842418,114.246096096042
Suffolk,2020-05-20T00:00:00.000,142,38553,3623,142800,142800,38553,2020-05-20,142,3623,0.0391940380899807,0.042398108017565,193.31254017324
Suffolk,2020-05-21T00:00:00.000,119,38672,3022,145822,145822,38672,2020-05-21,119,3022,0.0393778954334878,0.0396024944337225,162.345727333125
Suffolk,2020-05-22T00:00:00.000,130,38802,4005,149827,149827,38802,2020-05-22,130,4005,0.0324594257178527,0.0370234555078024,177.591741989302
Suffolk,2020-05-23T00:00:00.000,162,38964,3865,153692,153692,38964,2020-05-23,162,3865,0.0419146183699871,0.0346412504353133,221.432199117359
Suffolk,2020-05-24T00:00:00.000,126,39090,4010,157702,157702,39090,2020-05-24,126,4010,0.0314214463840399,0.0324381529688816,172.188440419063
Suffolk,2020-05-25T00:00:00.000,109,39199,3241,160943,160943,39199,2020-05-25,109,3241,0.0336315951866708,0.0303983412389341,148.809806522668
Suffolk,2020-05-26T00:00:00.000,59,39258,2492,163435,163435,39258,2020-05-26,59,2492,0.0236757624398074,0.0285077666174146,80.5489862232735
Suffolk,2020-05-27T00:00:00.000,101,39359,4482,167917,167917,39359,2020-05-27,101,4482,0.0225345827755466,0.0267540090182512,137.885828619706
Suffolk,2020-05-28T00:00:00.000,86,39445,4591,172508,172508,39445,2020-05-28,86,4591,0.0187323023306469,0.0251261246960358,117.329530136655
Suffolk,2020-05-29T00:00:00.000,87,39532,4388,176896,176896,39532,2020-05-29,87,4388,0.0198268003646308,0.0236144915868765,119.418192072722
Suffolk,2020-05-30T00:00:00.000,111,39643,5138,182034,182034,39643,2020-05-30,111,5138,0.0216037368625924,0.0222106563722129,153.033481114209
Suffolk,2020-05-31T00:00:00.000,62,39705,4294,186328,186328,39705,2020-05-31,62,4294,0.0144387517466232,0.0209071867472415,85.6964756870593
Suffolk,2020-06-01T00:00:00.000,275,39980,4365,190693,190693,39980,2020-06-01,275,4365,0.0630011454753723,0.0196975317693636,380.23410378384
Suffolk,2020-06-02T00:00:00.000,82,40062,4840,195533,195533,40062,2020-06-02,82,4840,0.0169421487603306,0.0185758925738733,113.111075768833
Suffolk,2020-06-03T00:00:00.000,91,40153,5178,200711,200711,40153,2020-06-03,91,5178,0.0175743530320587,0.0175371052008052,124.978039483693
Suffolk,2020-06-04T00:00:00.000,86,40239,5202,205913,205913,40239,2020-06-04,86,5202,0.0165321030372933,0.0165765367225574,117.372186580658
Suffolk,2020-06-05T00:00:00.000,39,40278,5505,211418,211418,40278,2020-06-05,39,5505,0.00708446866485014,0.0156899953044672,52.9412127249754
Suffolk,2020-06-06T00:00:00.000,51,40329,4582,216000,216000,40329,2020-06-06,51,4582,0.0111305106940201,0.0148736543176202,69.5299691304512
Suffolk,2020-06-07T00:00:00.000,48,40377,4833,220833,220833,40377,2020-06-07,48,4833,0.00993171942892613,0.0141239901112295,65.4615911639779
Suffolk,2020-06-08T00:00:00.000,49,40426,4098,224931,224931,40426,2020-06-08,49,4098,0.0119570522205954,0.0134377326232894,66.7877789111469
Suffolk,2020-06-09T00:00:00.000,38,40464,4099,229030,229030,40464,2020-06-09,38,4099,0.0092705537936082,0.012811827644015,51.7175636765865
Suffolk,2020-06-10T00:00:00.000,48,40512,5079,234109,234109,40512,2020-06-10,48,5079,0.00945067926757236,0.0122434092700974,65.170329366831
Suffolk,2020-06-11T00:00:00.000,47,40559,5206,239315,239315,40559,2020-06-11,47,5206,0.00902804456396466,0.0117297809087446,63.6017573209292
Suffolk,2020-06-12T00:00:00.000,56,40615,5879,245194,245194,40615,2020-06-12,56,5879,0.00952542949481204,0.0112684031064553,75.426432164591
Suffolk,2020-06-13T00:00:00.000,44,40659,4243,249437,249437,40659,2020-06-13,44,4243,0.010370021211407,0.0108568864724239,58.9486979533666
Suffolk,2020-06-14T00:00:00.000,33,40692,4110,253547,253547,40692,2020-06-14,33,4110,0.00802919708029197,0.0104929880327154,44.001730468071
Suffolk,2020-06-15T00:00:00.000,46,40738,4866,258413,258413,40738,2020-06-15,46,4866,0.00945334977394164,0.0101746094754924,61.539295045729
Suffolk,2020-06-16T00:00:00.000,32,40770,4086,262499,262499,40770,2020-06-16,32,4086,0.00783162016642193,0.00989979589359307,42.8928390310193
Suffolk,2020-06-17T00:00:00.000,40,40810,5476,267975,267975,40810,2020-06-17,40,5476,0.00730460189919649,0.00966673380903887,53.6427647769888
Suffolk,2020-06-18T00:00:00.000,54,40864,5570,273545,273545,40864,2020-06-18,54,5570,0.00969479353680431,0.00947374742611194,72.1393188384368
Suffolk,2020-06-19T00:00:00.000,44,40908,4391,277936,277936,40908,2020-06-19,44,4391,0.0100204964700524,0.00931929223696286,58.4164159732678
Suffolk,2020-06-20T00:00:00.000,64,40972,5243,283179,283179,40972,2020-06-20,64,5243,0.0122067518596224,0.00920194524436219,84.1994703964417
Suffolk,2020-06-21T00:00:00.000,38,41010,3952,287131,287131,41010,2020-06-21,38,3952,0.00961538461538462,0.00912039121528582,49.5120878465158
Suffolk,2020-06-22T00:00:00.000,46,41056,3530,290661,290661,41056,2020-06-22,46,3530,0.0130311614730878,0.00907340450914681,59.3323185814386
Suffolk,2020-06-23T00:00:00.000,45,41101,3941,294602,294602,41101,2020-06-23,45,3941,0.0114184217203755,0.00905982615666277,57.4402297395748
Suffolk,2020-06-24T00:00:00.000,50,41151,5529,300131,300131,41151,2020-06-24,50,5529,0.00904322662325918,0.00907853601913724,63.1485890218975
Suffolk,2020-06-25T00:00:00.000,57,41208,5076,305207,305207,41208,2020-06-25,57,5076,0.0112293144208038,0.00912842002323271,71.224817546206
Suffolk,2020-06-26T00:00:00.000,45,41253,4615,309822,309822,41253,2020-06-26,45,4615,0.00975081256771398,0.0092083326901973,55.6357888955779
Suffolk,2020-06-27T00:00:00.000,53,41306,5095,314917,314917,41306,2020-06-27,53,5095,0.0104023552502453,0.00931705543478809,65.1037619520621
Suffolk,2020-06-28T00:00:00.000,33,41339,4481,319398,319398,41339,2020-06-28,33,4481,0.00736442758312877,0.00945325143861596,40.3806695227116
Suffolk,2020-06-29T00:00:00.000,46,41385,3312,322710,322710,41385,2020-06-29,46,3312,0.0138888888888889,0.00961541828271006,56.0139776182255
Suffolk,2020-06-30T00:00:00.000,42,41427,4047,326757,326757,41427,2020-06-30,42,4047,0.0103780578206079,0.00980183995707249,50.9086057656034
Suffolk,2020-07-01T00:00:00.000,64,41491,5730,332487,332487,41491,2020-07-01,64,5730,0.0111692844677138,0.0100105403241284,76.9680904695306
Suffolk,2020-07-02T00:00:00.000,47,41538,4791,337278,337278,41538,2020-07-02,47,4791,0.00981006053016072,0.0102392405735112,56.7800966797076
Suffolk,2020-07-03T00:00:00.000,47,41585,4110,341388,341388,41585,2020-07-03,47,4110,0.0114355231143552,0.0104853236041977,57.1518378567258
Suffolk,2020-07-04T00:00:00.000,57,41642,5933,347321,347321,41642,2020-07-04,57,5933,0.00960728130793865,0.0107458085634494,69.7133782067803
Suffolk,2020-07-05T00:00:00.000,43,41685,3812,351133,351133,41685,2020-07-05,43,3812,0.0112801678908709,0.0110173388899711,52.6387091379785
Suffolk,2020-07-06T00:00:00.000,45,41730,4226,355359,355359,41730,2020-07-06,45,4226,0.0106483672503549,0.0112961870737355,55.1311858262542
Suffolk,2020-07-07T00:00:00.000,69,41799,4108,359467,359467,41799,2020-07-07,69,4108,0.0167964946445959,0.0115782789183635,84.5889175350964
Suffolk,2020-07-08T00:00:00.000,50,41849,5372,364839,364839,41849,2020-07-08,50,5372,0.00930752047654505,0.011859239327504,61.3233404627344
Suffolk,2020-07-09T00:00:00.000,62,41911,6245,371084,371084,41911,2020-07-09,62,6245,0.00992794235388311,0.0121344605316043,76.0559034802893
Suffolk,2020-07-10T00:00:00.000,76,41987,5490,376574,376574,41987,2020-07-10,76,5490,0.0138433515482696,0.012399192264298,93.2220361955349
Suffolk,2020-07-11T00:00:00.000,41,42028,4260,380834,380834,42028,2020-07-11,41,4260,0.00962441314553991,0.0126486517814173,50.2710129762365
Suffolk,2020-07-12T00:00:00.000,84,42112,4517,385351,385351,42112,2020-07-12,84,4517,0.0185964135488156,0.0128781499066129,102.919167372815
Suffolk,2020-07-13T00:00:00.000,102,42214,4795,390146,390146,42214,2020-07-13,102,4795,0.0212721584984359,0.0130832276585574,124.838042599856
Suffolk,2020-07-14T00:00:00.000,53,42267,4756,394902,394902,42267,2020-07-14,53,4756,0.0111438183347351,0.0132597966500182,64.7730226855092
Suffolk,2020-07-15T00:00:00.000,66,42333,6205,401107,401107,42333,2020-07-15,66,6205,0.0106365834004835,0.0134042755183462,80.5143970021735
Suffolk,2020-07-16T00:00:00.000,49,42382,4822,405929,405929,42382,2020-07-16,49,4822,0.0101617586063874,0.0135137143041668,59.6455233905793
Suffolk,2020-07-17T00:00:00.000,58,42440,4671,410600,410600,42440,2020-07-17,58,4671,0.0124170413187754,0.01358589902178,70.435254704647
Suffolk,2020-07-18T00:00:00.000,26,42466,2755,413355,413355,42466,2020-07-18,26,2755,0.00943738656987296,0.0136194296825956,31.6186562541303
Suffolk,2020-07-19T00:00:00.000,30,42496,4235,417590,417590,42496,2020-07-19,30,4235,0.00708382526564345,0.0136137666733606,36.6206911574966
Suffolk,2020-07-20T00:00:00.000,79,42575,4508,422098,422098,42575,2020-07-20,79,4508,0.0175244010647737,0.0135692425030148,96.7230043840681
Suffolk,2020-07-21T00:00:00.000,46,42621,4070,426168,426168,42621,2020-07-21,46,4070,0.0113022113022113,0.0134870383229383,56.44151430296
Suffolk,2020-07-22T00:00:00.000,94,42715,5525,431693,431693,42715,2020-07-22,94,5525,0.0170135746606335,0.0133691270436416,115.481914975174
Suffolk,2020-07-23T00:00:00.000,58,42773,6010,437703,437703,42773,2020-07-23,58,6010,0.00965058236272879,0.0132181870844789,71.2626266169009
Suffolk,2020-07-24T00:00:00.000,49,42822,5594,443297,443297,42822,2020-07-24,49,5594,0.00875938505541652,0.0130374925867921,60.0260368185587
Suffolk,2020-07-25T00:00:00.000,61,42883,4214,447511,447511,42883,2020-07-25,61,4214,0.0144755576649264,0.0128307871505753,73.956060712976
Suffolk,2020-07-26T00:00:00.000,84,42967,5292,452803,452803,42967,2020-07-26,84,5292,0.0158730158730159,0.0126021487163577,100.641687213658
Suffolk,2020-07-27T00:00:00.000,57,43024,4926,457729,457729,43024,2020-07-27,57,4926,0.0115712545676005,0.0123558531505849,68.2881747230207
Suffolk,2020-07-28T00:00:00.000,60,43084,4399,462128,462128,43084,2020-07-28,60,4399,0.0136394635144351,0.0120962434174397,72.2176989793081
Suffolk,2020-07-29T00:00:00.000,86,43170,6247,468375,468375,43170,2020-07-29,86,6247,0.0137666079718265,0.0118276101103902,103.837642505107
Suffolk,2020-07-30T00:00:00.000,54,43224,5371,473746,473746,43224,2020-07-30,54,5371,0.0100539936697077,0.0115540876988667,65.3772109689101
Suffolk,2020-07-31T00:00:00.000,76,43300,6595,480341,480341,43300,2020-07-31,76,6595,0.0115238817285823,0.0112795692940395,91.9142786737839
Suffolk,2020-08-01T00:00:00.000,45,43345,4797,485138,485138,43345,2020-08-01,45,4797,0.00938086303939963,0.0110076412178238,54.3004787237651
Suffolk,2020-08-02T00:00:00.000,50,43395,4339,489477,489477,43395,2020-08-02,50,4339,0.0115233924867481,0.0107415372851276,60.3848761075224
Suffolk,2020-08-03T00:00:00.000,73,43468,5697,495174,495174,43468,2020-08-03,73,5697,0.0128137616289275,0.0104841115727261,88.42721669622
Suffolk,2020-08-04T00:00:00.000,85,43553,5570,500744,500744,43553,2020-08-04,85,5570,0.0152603231597846,0.0102378276109398,104.171240969359
Suffolk,2020-08-05T00:00:00.000,77,43630,7082,507826,507826,43630,2020-08-05,77,7082,0.0108726348489127,0.0100047613821862,95.4326918576629
Suffolk,2020-08-06T00:00:00.000,51,43681,5537,513363,513363,43681,2020-08-06,51,5537,0.00921076395159834,0.00978661525133598,63.881860346141
Suffolk,2020-08-07T00:00:00.000,68,43749,6401,519764,519764,43749,2020-08-07,68,6401,0.0106233401031089,0.00958473992761972,85.8505849113122
Suffolk,2020-08-08T00:00:00.000,37,43786,6048,525812,525812,43786,2020-08-08,37,6048,0.00611772486772487,0.0094001617199903,47.0135143227338
Suffolk,2020-08-09T00:00:00.000,58,43844,4029,529841,529841,43844,2020-08-09,58,4029,0.0143956316703897,0.00923361264882886,74.0037204467718
Suffolk,2020-08-10T00:00:00.000,49,43893,4999,534840,534840,43893,2020-08-10,49,4999,0.00980196039207842,0.00908556134982648,62.4471565761696
Suffolk,2020-08-11T00:00:00.000,55,43948,5030,539870,539870,43948,2020-08-11,55,5030,0.010934393638171,0.00895624312117794,69.8762200183181
Suffolk,2020-08-12T00:00:00.000,39,43987,6363,546233,546233,43987,2020-08-12,39,6363,0.00612918434700613,0.00884568788014769,49.3404109730238
Suffolk,2020-08-13T00:00:00.000,58,44045,6154,552387,552387,44045,2020-08-13,58,6154,0.00942476438089048,0.00875374517932531,72.9964056843814
Suffolk,2020-08-14T00:00:00.000,64,44109,6312,558699,558699,44109,2020-08-14,64,6312,0.0101394169835234,0.00868010579032592,80.1591010183342
Suffolk,2020-08-15T00:00:00.000,50,44159,5886,564585,564585,44159,2020-08-15,50,5886,0.00849473326537547,0.00862431965638967,62.5434748742473
Suffolk,2020-08-16T00:00:00.000,26,44185,3839,568424,568424,44185,2020-08-16,26,3839,0.00677259703047669,0.0085858102749977,32.445545964742
Suffolk,2020-08-17T00:00:00.000,50,44235,4631,573055,573055,44235,2020-08-17,50,4631,0.0107968041459728,0.0085638857714431,62.1820742882784
Suffolk,2020-08-18T00:00:00.000,70,44305,7334,580389,580389,44305,2020-08-18,70,7334,0.00954458685574039,0.00855774708747661,86.6701242801098
Suffolk,2020-08-19T00:00:00.000,48,44353,6779,587168,587168,44353,2020-08-19,48,6779,0.00708069036731081,0.0085664938290098,59.1120078766759
Suffolk,2020-08-20T00:00:00.000,47,44400,6908,594076,594076,44400,2020-08-20,47,6908,0.00680370584829184,0.00858912840493336,57.5189551452482
Suffolk,2020-08-21T00:00:00.000,56,44456,7213,601289,601289,44456,2020-08-21,56,7213,0.00776375987799806,0.00862455913762895,68.0499216364112
Suffolk,2020-08-22T00:00:00.000,42,44498,5256,606545,606545,44498,2020-08-22,42,5256,0.00799086757990868,0.00867160305772179,50.64052345147
Suffolk,2020-08-23T00:00:00.000,21,44519,4910,611455,611455,44519,2020-08-23,21,4910,0.00427698574338086,0.00872898907991744,25.107139211038
Suffolk,2020-08-24T00:00:00.000,42,44561,4505,615960,615960,44561,2020-08-24,42,4505,0.00932297447280799,0.00879536223054401,49.8093152053693
Suffolk,2020-08-25T00:00:00.000,44,44605,4955,620915,620915,44605,2020-08-25,44,4955,0.00887991927346115,0.00886928952788362,52.0516794455734
Suffolk,2020-08-26T00:00:00.000,36,44641,6990,627905,627905,44641,2020-08-26,36,6990,0.00515021459227468,0.00894926802362649,42.4598062067445
Suffolk,2020-08-27T00:00:00.000,37,44678,7132,635037,635037,44678,2020-08-27,37,7132,0.00518788558609086,0.00903373539315084,43.4841953046095
Suffolk,2020-08-28T00:00:00.000,34,44712,6415,641452,641452,44712,2020-08-28,34,6415,0.00530007794232268,0.00912108331409758,39.6663828972542
Suffolk,2020-08-29T00:00:00.000,51,44763,7199,648651,648651,44763,2020-08-29,51,7199,0.00708431726628698,0.00920967370232771,59.7061010823269
Suffolk,2020-08-30T00:00:00.000,57,44820,5198,653849,653849,44820,2020-08-30,57,5198,0.0109657560600231,0.00929785769915631,67.0864378848603
Suffolk,2020-08-31T00:00:00.000,65,44885,8045,661894,661894,44885,2020-08-31,65,8045,0.00807955251709136,0.00938399710768367,76.7508200764074
Suffolk,2020-09-01T00:00:00.000,55,44940,5761,667655,667655,44940,2020-09-01,55,5761,0.00954695365387953,0.009466487804373,65.1461567529561
Suffolk,2020-09-02T00:00:00.000,66,45006,6644,674299,674299,45006,2020-09-02,66,6644,0.00993377483443709,0.00954378448277772,78.4087571474378
Suffolk,2020-09-03T00:00:00.000,96,45102,6039,680338,680338,45102,2020-09-03,96,6039,0.0158966716343766,0.0096144259520582,114.37130013992
Suffolk,2020-09-04T00:00:00.000,98,45200,6619,686957,686957,45200,2020-09-04,98,6619,0.0148058619126756,0.00967706011929839,117.063513887503
Suffolk,2020-09-05T00:00:00.000,58,45258,5274,692231,692231,45258,2020-09-05,58,5274,0.0109973454683352,0.00973046773577758,69.4532584870391
Suffolk,2020-09-06T00:00:00.000,46,45304,4364,696595,696595,45304,2020-09-06,46,4364,0.0105407882676444,0.0097735839867638,55.2086800457306
Suffolk,2020-09-07T00:00:00.000,52,45356,3680,700275,700275,45356,2020-09-07,52,3680,0.0141304347826087,0.00980551706837517,62.5390023507499
Suffolk,2020-09-08T00:00:00.000,55,45411,3080,703355,703355,45411,2020-09-08,55,3080,0.0178571428571429,0.00982556299829143,66.2704727701005
Suffolk,2020-09-09T00:00:00.000,52,45463,6741,710096,710096,45463,2020-09-09,52,6741,0.00771398902240024,0.00983321605708807,62.7598268694873
Suffolk,2020-09-10T00:00:00.000,71,45534,6839,716935,716935,45534,2020-09-10,71,6839,0.0103816347419213,0.009828174448673,85.9201840850518
Suffolk,2020-09-11T00:00:00.000,81,45615,6077,723012,723012,45615,2020-09-11,81,6077,0.0133289452032253,0.00981034096687211,98.3031512353706
Suffolk,2020-09-12T00:00:00.000,68,45683,6000,729012,729012,45683,2020-09-12,68,6000,0.0113333333333333,0.00977981867172268,82.7217867149141
Suffolk,2020-09-13T00:00:00.000,31,45714,4905,733917,733917,45714,2020-09-13,31,4905,0.00632008154943935,0.00973690178536147,37.8891460151884
Suffolk,2020-09-14T00:00:00.000,71,45785,5634,739551,739551,45785,2020-09-14,71,5634,0.0126020589279375,0.00968206220079505,87.2378258528032
Suffolk,2020-09-15T00:00:00.000,58,45843,4753,744304,744304,45843,2020-09-15,58,4753,0.0122028192720387,0.00961593214965909,71.5913967812657
Suffolk,2020-09-16T00:00:00.000,72,45915,8319,752623,752623,45915,2020-09-16,72,8319,0.00865488640461594,0.0095392836973221,89.2236021785057
Suffolk,2020-09-17T00:00:00.000,41,45956,5925,758548,758548,45956,2020-09-17,41,5925,0.00691983122362869,0.00945300579529441,50.9754632327564
Suffolk,2020-09-18T00:00:00.000,54,46010,8053,766601,766601,46010,2020-09-18,54,8053,0.0067055755619024,0.00935807965586579,67.3148887419033
Suffolk,2020-09-19T00:00:00.000,51,46061,6712,773313,773313,46061,2020-09-19,51,6712,0.00759833134684148,0.00925555319726847,63.6998611027939
Suffolk,2020-09-20T00:00:00.000,48,46109,5208,778521,778521,46109,2020-09-20,48,5208,0.00921658986175115,0.00914651524992007,60.031402401036
Suffolk,2020-09-21T00:00:00.000,67,46176,5863,784384,784384,46176,2020-09-21,67,5863,0.0114275967934505,0.00903207013490878,83.8516760698108
Suffolk,2020-09-22T00:00:00.000,32,46208,5254,789638,789638,46208,2020-09-22,32,5254,0.00609059763989341,0.00891331311960342,40.0529934257977
Suffolk,2020-09-23T00:00:00.000,33,46241,6408,796046,796046,46241,2020-09-23,33,6408,0.0051498127340824,0.00879130712498113,41.3723072680608
Suffolk,2020-09-24T00:00:00.000,52,46293,5646,801692,801692,46293,2020-09-24,52,5646,0.00921006021962451,0.00866706094454043,65.3310091006384
Suffolk,2020-09-25T00:00:00.000,52,46345,6759,808451,808451,46345,2020-09-25,52,6759,0.00769344577600237,0.00854150909745129,65.4629578936415
Suffolk,2020-09-26T00:00:00.000,42,46387,5435,813886,813886,46387,2020-09-26,42,5435,0.00772769089236431,0.00841549333071633,52.976309589612
Suffolk,2020-09-27T00:00:00.000,41,46428,4697,818583,818583,46428,2020-09-27,41,4697,0.0087289759420907,0.00828974567913208,52.3192627089167
Suffolk,2020-09-28T00:00:00.000,36,46464,4300,822883,822883,46464,2020-09-28,36,4300,0.00837209302325581,0.00816487291692789,46.9392104056925
Suffolk,2020-09-29T00:00:00.000,53,46517,3988,826871,826871,46517,2020-09-29,53,3988,0.0132898696088265,0.00804134217391798,70.5224511208527
Suffolk,2020-09-30T00:00:00.000,46,46563,5924,832795,832795,46563,2020-09-30,46,5924,0.00776502363268062,0.00791946747235607,62.3754606656248
Sullivan,2020-04-01T00:00:00.000,22,143,96,857,857,143,2020-04-01,143,857,0.166861143523921,0.180820633956236,165.670698394367
Sullivan,2020-04-02T00:00:00.000,25,168,140,997,997,168,2020-04-02,25,140,0.178571428571429,0.186422637916232,29.0303649008766
Sullivan,2020-04-03T00:00:00.000,25,193,133,1130,1130,193,2020-04-03,25,133,0.18796992481203,0.19214623323901,29.328278812269
Sullivan,2020-04-04T00:00:00.000,41,234,153,1283,1283,234,2020-04-04,41,153,0.26797385620915,0.197972759729344,48.7236033205447
Sullivan,2020-04-05T00:00:00.000,19,253,91,1374,1374,253,2020-04-05,19,91,0.208791208791209,0.203874259941094,22.8703706528902
Sullivan,2020-04-06T00:00:00.000,17,270,77,1451,1451,270,2020-04-06,17,77,0.220779220779221,0.20981410356986,20.7148586309425
Sullivan,2020-04-07T00:00:00.000,9,279,56,1507,1507,279,2020-04-07,9,56,0.160714285714286,0.215747826289983,11.0591777673687
Sullivan,2020-04-08T00:00:00.000,15,294,60,1567,1567,294,2020-04-08,15,60,0.25,0.221624187239662,18.5715937511462
Sullivan,2020-04-09T00:00:00.000,24,318,115,1682,1682,318,2020-04-09,24,115,0.208695652173913,0.227386435410156,29.9221551527848
Sullivan,2020-04-10T00:00:00.000,22,340,99,1781,1781,340,2020-04-10,22,99,0.222222222222222,0.232973760459486,27.606861025362
Sullivan,2020-04-11T00:00:00.000,18,358,65,1846,1846,358,2020-04-11,18,65,0.276923076923077,0.238322887808964,22.7232370312734
Sullivan,2020-04-12T00:00:00.000,22,380,73,1919,1919,380,2020-04-12,22,73,0.301369863013699,0.243369765192539,27.9266639042481
Sullivan,2020-04-13T00:00:00.000,35,415,133,2052,2052,415,2020-04-13,35,133,0.263157894736842,0.248051278563382,44.7347732735492
Sullivan,2020-04-14T00:00:00.000,9,424,37,2089,2089,424,2020-04-14,9,37,0.243243243243243,0.252306930581279,11.6125362424199
Sullivan,2020-04-15T00:00:00.000,13,437,39,2128,2128,437,2020-04-15,13,39,0.333333333333333,0.256080416191751,16.9284825763451
Sullivan,2020-04-16T00:00:00.000,68,505,192,2320,2320,505,2020-04-16,68,192,0.354166666666667,0.259321034754054,89.335085088439
Sullivan,2020-04-17T00:00:00.000,19,524,92,2412,2412,524,2020-04-17,19,92,0.206521739130435,0.261984888681255,25.1716975497898
Sullivan,2020-04-18T00:00:00.000,13,537,38,2450,2450,537,2020-04-18,13,38,0.342105263157895,0.264035830017182,17.3583817292031
Sullivan,2020-04-19T00:00:00.000,7,544,30,2480,2480,544,2020-04-19,7,30,0.233333333333333,0.265446130984842,9.41336912218097
Sullivan,2020-04-20T00:00:00.000,11,555,44,2524,2524,555,2020-04-20,11,44,0.25,0.26619686749506,14.8791843685588
Sullivan,2020-04-21T00:00:00.000,6,561,45,2569,2569,561,2020-04-21,6,45,0.133333333333333,0.266278018086441,8.15612917152483
Sullivan,2020-04-22T00:00:00.000,19,580,52,2621,2621,580,2020-04-22,19,52,0.365384615384615,0.265688291587766,25.9840912654216
Sullivan,2020-04-23T00:00:00.000,48,628,253,2874,2874,628,2020-04-23,48,253,0.189723320158103,0.264434706591649,66.2228857589994
Sullivan,2020-04-24T00:00:00.000,61,689,296,3170,3170,689,2020-04-24,61,296,0.206081081081081,0.262531953183528,84.8681676501814
Sullivan,2020-04-25T00:00:00.000,35,724,160,3330,3330,724,2020-04-25,35,160,0.21875,0.260001573440017,49.084862243007
Sullivan,2020-04-26T00:00:00.000,24,748,120,3450,3450,748,2020-04-26,24,120,0.2,0.256871001608424,33.9121011434805
Sullivan,2020-04-27T00:00:00.000,21,769,77,3527,3527,769,2020-04-27,21,77,0.272727272727273,0.253172507924682,29.8493494324498
Sullivan,2020-04-28T00:00:00.000,42,811,114,3641,3641,811,2020-04-28,42,114,0.368421052631579,0.248942091495924,59.9615378523977
Sullivan,2020-04-29T00:00:00.000,27,838,102,3743,3743,838,2020-04-29,27,102,0.264705882352941,0.244218368365397,38.6977817675901
Sullivan,2020-04-30T00:00:00.000,42,880,122,3865,3865,880,2020-04-30,42,122,0.344262295081967,0.239041499095883,60.4027292615926
Sullivan,2020-05-01T00:00:00.000,51,931,128,3993,3993,931,2020-05-01,51,128,0.3984375,0.233452197667184,73.5604136266404
Sullivan,2020-05-02T00:00:00.000,20,951,105,4098,4098,951,2020-05-02,20,105,0.19047619047619,0.227490858675303,28.9166983913824
Sullivan,2020-05-03T00:00:00.000,25,976,106,4204,4204,976,2020-05-03,25,106,0.235849056603774,0.221196833677384,36.2141769539112
Sullivan,2020-05-04T00:00:00.000,8,984,111,4315,4315,984,2020-05-04,8,111,0.0720720720720721,0.214607879639399,11.6061846898856
Sullivan,2020-05-05T00:00:00.000,12,996,99,4414,4414,996,2020-05-05,12,99,0.121212121212121,0.207759793831641,17.455402917881
Sullivan,2020-05-06T00:00:00.000,25,1021,150,4564,4564,1021,2020-05-06,25,150,0.166666666666667,0.200686239743433,36.4214660080351
Sullivan,2020-05-07T00:00:00.000,18,1039,90,4654,4654,1039,2020-05-07,18,90,0.2,0.193418758612993,26.2616872963448
Sullivan,2020-05-08T00:00:00.000,32,1071,143,4797,4797,1071,2020-05-08,32,143,0.223776223776224,0.185986951562183,46.8293862808377
Sullivan,2020-05-09T00:00:00.000,22,1093,115,4912,4912,1093,2020-05-09,22,115,0.191304347826087,0.178418807854598,32.2692881336881
Sullivan,2020-05-10T00:00:00.000,16,1109,78,4990,4990,1109,2020-05-10,16,78,0.205128205128205,0.17074114645023,23.477356731264
Sullivan,2020-05-11T00:00:00.000,10,1119,95,5085,5085,1119,2020-05-11,10,95,0.105263157894737,0.162980131372159,14.6164676523146
Sullivan,2020-05-12T00:00:00.000,16,1135,89,5174,5174,1135,2020-05-12,16,89,0.179775280898876,0.155161815565255,23.3873831880699
Sullivan,2020-05-13T00:00:00.000,33,1168,178,5352,5352,1168,2020-05-13,33,178,0.185393258426966,0.14731266553556,48.4764185936188
Sullivan,2020-05-14T00:00:00.000,21,1189,127,5479,5479,1189,2020-05-14,21,127,0.165354330708661,0.139460017897532,30.8283112307797
Sullivan,2020-05-15T00:00:00.000,28,1217,176,5655,5655,1217,2020-05-15,28,176,0.159090909090909,0.131632422047334,41.1189567214734
Sullivan,2020-05-16T00:00:00.000,14,1231,138,5793,5793,1231,2020-05-16,14,138,0.101449275362319,0.123859828565811,20.5448241302517
Sullivan,2020-05-17T00:00:00.000,15,1246,133,5926,5926,1246,2020-05-17,15,133,0.112781954887218,0.116173592774333,22.0148283270462
Sullivan,2020-05-18T00:00:00.000,12,1258,111,6037,6037,1258,2020-05-18,12,111,0.108108108108108,0.108606275367568,17.6624836064414
Sullivan,2020-05-19T00:00:00.000,9,1267,116,6153,6153,1267,2020-05-19,9,116,0.0775862068965517,0.101191237727807,13.2611922533059
Sullivan,2020-05-20T00:00:00.000,14,1281,157,6310,6310,1281,2020-05-20,14,157,0.089171974522293,0.0939620469994668,20.6376535779933
Sullivan,2020-05-21T00:00:00.000,6,1287,158,6468,6468,1287,2020-05-21,6,158,0.0379746835443038,0.086951723361694,8.85524777370485
Sullivan,2020-05-22T00:00:00.000,10,1297,148,6616,6616,1297,2020-05-22,10,148,0.0675675675675676,0.0801918781734018,14.758586275205
Sullivan,2020-05-23T00:00:00.000,13,1310,155,6771,6771,1310,2020-05-23,13,155,0.0838709677419355,0.0737118038839897,19.1629982031458
Sullivan,2020-05-24T00:00:00.000,14,1324,170,6941,6941,1324,2020-05-24,14,170,0.0823529411764706,0.0675375835624759,20.5878228692364
Sullivan,2020-05-25T00:00:00.000,14,1338,238,7179,7179,1338,2020-05-25,14,238,0.0588235294117647,0.0616912883880841,20.5149510577547
Sullivan,2020-05-26T00:00:00.000,2,1340,77,7256,7256,1340,2020-05-26,2,77,0.025974025974026,0.0561903245584111,2.92218628052264
Sullivan,2020-05-27T00:00:00.000,11,1351,209,7465,7465,1351,2020-05-27,11,209,0.0526315789473684,0.0510469781549441,16.0195038668957
Sullivan,2020-05-28T00:00:00.000,13,1364,160,7625,7625,1364,2020-05-28,13,160,0.08125,0.0462681883509273,18.8524557871574
Sullivan,2020-05-29T00:00:00.000,11,1375,254,7879,7879,1375,2020-05-29,11,254,0.0433070866141732,0.041855558950032,15.9882665145772
Sullivan,2020-05-30T00:00:00.000,12,1387,237,8116,8116,1387,2020-05-30,12,237,0.0506329113924051,0.0378055976151349,17.4479414876219
Sullivan,2020-05-31T00:00:00.000,2,1389,145,8261,8261,1389,2020-05-31,2,145,0.0137931034482759,0.034110154175711,2.90308716879879
Sullivan,2020-06-01T00:00:00.000,3,1392,108,8369,8369,1392,2020-06-01,3,108,0.0277777777777778,0.030757015924723,4.3370343964817
Sullivan,2020-06-02T00:00:00.000,1,1393,155,8524,8524,1393,2020-06-02,1,155,0.00645161290322581,0.0277306098093039,1.43579439427456
Sullivan,2020-06-03T00:00:00.000,12,1405,186,8710,8710,1405,2020-06-03,12,186,0.0645161290322581,0.0250127593760152,17.0763061026479
Sullivan,2020-06-04T00:00:00.000,4,1409,167,8877,8877,1409,2020-06-04,4,167,0.0239520958083832,0.022583447415865,5.63062208308603
Sullivan,2020-06-05T00:00:00.000,2,1411,176,9053,9053,1411,2020-06-05,2,176,0.0113636363636364,0.0204215423113143,2.78744204541847
Sullivan,2020-06-06T00:00:00.000,4,1415,177,9230,9230,1415,2020-06-06,4,177,0.0225988700564972,0.0185054557490557,5.57378306825876
Sullivan,2020-06-07T00:00:00.000,2,1417,123,9353,9353,1417,2020-06-07,2,123,0.016260162601626,0.0168137099438348,2.7755300285251
Sullivan,2020-06-08T00:00:00.000,1,1418,152,9505,9505,1418,2020-06-08,1,152,0.00657894736842105,0.0153254027718428,1.38105034590863
Sullivan,2020-06-09T00:00:00.000,7,1425,499,10004,10004,1425,2020-06-09,7,499,0.0140280561122244,0.0140205681154124,9.61319946585441
Sullivan,2020-06-10T00:00:00.000,1,1426,272,10276,10276,1426,2020-06-10,1,272,0.00367647058823529,0.0128804357558966,1.36461926262872
Sullivan,2020-06-11T00:00:00.000,2,1428,112,10388,10388,1428,2020-06-11,2,112,0.0178571428571429,0.0118876001282822,2.71007732112631
Sullivan,2020-06-12T00:00:00.000,2,1430,299,10687,10687,1430,2020-06-12,2,299,0.00668896321070234,0.0110261102491756,2.68795212577528
Sullivan,2020-06-13T00:00:00.000,0,1430,287,10974,10974,1430,2020-06-13,0,287,0,0.0102814944048704,0
Sullivan,2020-06-14T00:00:00.000,2,1432,76,11050,11050,1432,2020-06-14,2,76,0.0263157894736842,0.00964073313749911,2.64427671446026
Sullivan,2020-06-15T00:00:00.000,1,1433,163,11213,11213,1433,2020-06-15,1,163,0.00613496932515337,0.00909219310310714,1.32284748337787
Sullivan,2020-06-16T00:00:00.000,0,1433,189,11402,11402,1433,2020-06-16,0,189,0,0.00862553281743127,0
Sullivan,2020-06-17T00:00:00.000,1,1434,176,11578,11578,1434,2020-06-17,1,176,0.00568181818181818,0.00823158954081294,1.31968887894446
Sullivan,2020-06-18T00:00:00.000,0,1434,206,11784,11784,1434,2020-06-18,0,206,0,0.00790225472809434,0
Sullivan,2020-06-19T00:00:00.000,1,1435,84,11868,11868,1435,2020-06-19,1,84,0.0119047619047619,0.00763034386088834,1.30136268462919
Sullivan,2020-06-20T00:00:00.000,2,1437,139,12007,12007,1437,2020-06-20,2,139,0.0143884892086331,0.00740946507259086,2.57483914227805
Sullivan,2020-06-21T00:00:00.000,1,1438,103,12110,12110,1438,2020-06-21,1,103,0.00970873786407767,0.00723388994226519,1.27310283883644
Sullivan,2020-06-22T00:00:00.000,2,1440,262,12372,12372,1440,2020-06-22,2,262,0.00763358778625954,0.00709842910486137,2.51711282001954
Sullivan,2020-06-23T00:00:00.000,7,1447,197,12569,12569,1447,2020-06-23,7,197,0.0355329949238579,0.00699831491820082,8.70741124166037
Sullivan,2020-06-24T00:00:00.000,1,1448,176,12745,12745,1448,2020-06-24,1,176,0.00568181818181818,0.00692909331552038,1.22930516346176
Sullivan,2020-06-25T00:00:00.000,1,1449,132,12877,12877,1449,2020-06-25,1,132,0.00757575757575758,0.00688652703582636,1.21483404403182
Sullivan,2020-06-26T00:00:00.000,2,1451,142,13019,13019,1451,2020-06-26,2,142,0.0140845070422535,0.00686651265228386,2.40119402911968
Sullivan,2020-06-27T00:00:00.000,0,1451,82,13101,13101,1451,2020-06-27,0,82,0,0.00686501401803705,0
Sullivan,2020-06-28T00:00:00.000,0,1451,89,13190,13190,1451,2020-06-28,0,89,0,0.0068780148740638,0
Sullivan,2020-06-29T00:00:00.000,0,1451,282,13472,13472,1451,2020-06-29,0,282,0,0.00690149323651004,0
Sullivan,2020-06-30T00:00:00.000,1,1452,205,13677,13677,1452,2020-06-30,1,205,0.0048780487804878,0.00693141971157256,1.1708287329146
Sullivan,2020-07-01T00:00:00.000,1,1453,158,13835,13835,1453,2020-07-01,1,158,0.00632911392405063,0.0069637809771315,1.15976366020072
Sullivan,2020-07-02T00:00:00.000,2,1455,288,14123,14123,1455,2020-07-02,2,288,0.00694444444444444,0.0069946283119451,2.3258299294184
Sullivan,2020-07-03T00:00:00.000,1,1456,93,14216,14216,1456,2020-07-03,1,93,0.010752688172043,0.00702014925874943,1.16817738280985
Sullivan,2020-07-04T00:00:00.000,0,1456,129,14345,14345,1456,2020-07-04,0,129,0,0.00703675844743286,0
Sullivan,2020-07-05T00:00:00.000,1,1457,113,14458,14458,1457,2020-07-05,1,113,0.00884955752212389,0.00704120149389049,1.17056027457899
Sullivan,2020-07-06T00:00:00.000,2,1459,122,14580,14580,1459,2020-07-06,2,122,0.0163934426229508,0.00703066400061914,2.33679848556068
Sullivan,2020-07-07T00:00:00.000,1,1460,123,14703,14703,1460,2020-07-07,1,123,0.00813008130081301,0.00700287637235231,1.16580958562747
Sullivan,2020-07-08T00:00:00.000,0,1460,138,14841,14841,1460,2020-07-08,0,138,0,0.00695620469123738,0
Sullivan,2020-07-09T00:00:00.000,4,1464,144,14985,14985,1464,2020-07-09,4,144,0.0277777777777778,0.00688971846991294,4.63681033550759
Sullivan,2020-07-10T00:00:00.000,0,1464,164,15149,15149,1464,2020-07-10,0,164,0,0.00680322776926429,0
Sullivan,2020-07-11T00:00:00.000,1,1465,127,15276,15276,1465,2020-07-11,1,127,0.0078740157480315,0.00669728481963462,1.15058639114269
Sullivan,2020-07-12T00:00:00.000,0,1465,70,15346,15346,1465,2020-07-12,0,70,0,0.00657314860072107,0
Sullivan,2020-07-13T00:00:00.000,1,1466,113,15459,15459,1466,2020-07-13,1,113,0.00884955752212389,0.00643271440782845,1.14002589440074
Sullivan,2020-07-14T00:00:00.000,1,1467,217,15676,15676,1467,2020-07-14,1,217,0.00460829493087558,0.0062784137827055,1.1340954334618
Sullivan,2020-07-15T00:00:00.000,2,1469,159,15835,15835,1469,2020-07-15,2,159,0.0125786163522013,0.00611309285626036,2.25559627915101
Sullivan,2020-07-16T00:00:00.000,0,1469,161,15996,15996,1469,2020-07-16,0,161,0,0.00593987881663611,0
Sullivan,2020-07-17T00:00:00.000,4,1473,333,16329,16329,1473,2020-07-17,4,333,0.012012012012012,0.00576204470266725,4.45831665469878
Sullivan,2020-07-18T00:00:00.000,0,1473,124,16453,16453,1473,2020-07-18,0,124,0,0.00558288206421693,0
Sullivan,2020-07-19T00:00:00.000,0,1473,124,16577,16577,1473,2020-07-19,0,124,0,0.00540558941926937,0
Sullivan,2020-07-20T00:00:00.000,0,1473,166,16743,16743,1473,2020-07-20,0,166,0,0.00523318217918669,0
Sullivan,2020-07-21T00:00:00.000,0,1473,132,16875,16875,1473,2020-07-21,0,132,0,0.00506842718800327,0
Sullivan,2020-07-22T00:00:00.000,2,1475,258,17133,17133,1475,2020-07-22,2,258,0.00775193798449612,0.00491380255964118,2.2230415714695
Sullivan,2020-07-23T00:00:00.000,0,1475,214,17347,17347,1475,2020-07-23,0,214,0,0.00477148138442463,0
Sullivan,2020-07-24T00:00:00.000,1,1476,170,17517,17517,1476,2020-07-24,1,170,0.00588235294117647,0.00464333628061886,1.10485986196221
Sullivan,2020-07-25T00:00:00.000,0,1476,72,17589,17589,1476,2020-07-25,0,72,0,0.00453096076267551,0
Sullivan,2020-07-26T00:00:00.000,0,1476,87,17676,17676,1476,2020-07-26,0,87,0,0.00443570293140399,0
Sullivan,2020-07-27T00:00:00.000,0,1476,174,17850,17850,1476,2020-07-27,0,174,0,0.00435870701408374,0
Sullivan,2020-07-28T00:00:00.000,0,1476,179,18029,18029,1476,2020-07-28,0,179,0,0.00430095860317759,0
Sullivan,2020-07-29T00:00:00.000,3,1479,446,18475,18475,1479,2020-07-29,3,446,0.00672645739910314,0.004263329977717,3.27086649219719
Sullivan,2020-07-30T00:00:00.000,1,1480,99,18574,18574,1480,2020-07-30,1,99,0.0101010101010101,0.00424662248389598,1.09537652433701
Sullivan,2020-07-31T00:00:00.000,3,1483,119,18693,18693,1483,2020-07-31,3,119,0.0252100840336134,0.00425160351268423,3.29091503485119
Sullivan,2020-08-01T00:00:00.000,0,1483,62,18755,18755,1483,2020-08-01,0,62,0,0.00427903609032914,0
Sullivan,2020-08-02T00:00:00.000,0,1483,58,18813,18813,1483,2020-08-02,0,58,0,0.00432969945110031,0
Sullivan,2020-08-03T00:00:00.000,1,1484,260,19073,19073,1484,2020-08-03,1,260,0.00384615384615385,0.00440439919495861,1.11070467404163
Sullivan,2020-08-04T00:00:00.000,1,1485,144,19217,19217,1485,2020-08-04,1,144,0.00694444444444444,0.00450396578972677,1.12893162502817
Sullivan,2020-08-05T00:00:00.000,0,1485,116,19333,19333,1485,2020-08-05,0,116,0,0.00462924027818041,0
Sullivan,2020-08-06T00:00:00.000,3,1488,84,19417,19417,1488,2020-08-06,3,84,0.0357142857142857,0.00478104619068338,3.49798285189376
Sullivan,2020-08-07T00:00:00.000,0,1488,103,19520,19520,1488,2020-08-07,0,103,0,0.00496014689814364,0
Sullivan,2020-08-08T00:00:00.000,1,1489,135,19655,19655,1489,2020-08-08,1,135,0.00740740740740741,0.00516718805219179,1.19683115704591
Sullivan,2020-08-09T00:00:00.000,0,1489,63,19718,19718,1489,2020-08-09,0,63,0,0.00540262543359798,0
Sullivan,2020-08-10T00:00:00.000,1,1490,167,19885,19885,1490,2020-08-10,1,167,0.00598802395209581,0.00566663950100343,1.21566515966036
Sullivan,2020-08-11T00:00:00.000,1,1491,243,20128,20128,1491,2020-08-11,1,243,0.00411522633744856,0.00595903924251704,1.21975259642345
Sullivan,2020-08-12T00:00:00.000,0,1491,284,20412,20412,1491,2020-08-12,0,284,0,0.00627915954303877,0
Sullivan,2020-08-13T00:00:00.000,0,1491,240,20652,20652,1491,2020-08-13,0,240,0,0.00662575807794218,0
Sullivan,2020-08-14T00:00:00.000,2,1493,195,20847,20847,1493,2020-08-14,2,195,0.0102564102564103,0.00699691958464242,2.45155164180252
Sullivan,2020-08-15T00:00:00.000,0,1493,101,20948,20948,1493,2020-08-15,0,101,0,0.0073899769304702,0
Sullivan,2020-08-16T00:00:00.000,0,1493,75,21023,21023,1493,2020-08-16,0,75,0,0.00780145942489942,0
Sullivan,2020-08-17T00:00:00.000,0,1493,125,21148,21148,1493,2020-08-17,0,125,0,0.00822707891439852,0
Sullivan,2020-08-18T00:00:00.000,1,1494,187,21335,21335,1494,2020-08-18,1,187,0.0053475935828877,0.00866176308141064,1.23964137943586
Sullivan,2020-08-19T00:00:00.000,1,1495,179,21514,21514,1495,2020-08-19,1,179,0.00558659217877095,0.00909974282987618,1.23895940074861
Sullivan,2020-08-20T00:00:00.000,0,1495,169,21683,21683,1495,2020-08-20,0,169,0,0.00953469669699755,0
Sullivan,2020-08-21T00:00:00.000,0,1495,146,21829,21829,1495,2020-08-21,0,146,0,0.00995995009967572,0
Sullivan,2020-08-22T00:00:00.000,0,1495,82,21911,21911,1495,2020-08-22,0,82,0,0.0103687214745469,0
Sullivan,2020-08-23T00:00:00.000,0,1495,89,22000,22000,1495,2020-08-23,0,89,0,0.0107544016284792,0
Sullivan,2020-08-24T00:00:00.000,4,1499,142,22142,22142,1499,2020-08-24,4,142,0.028169014084507,0.0111108478340178,4.85590988778831
Sullivan,2020-08-25T00:00:00.000,0,1499,164,22306,22306,1499,2020-08-25,0,164,0,0.0114326710839146,0
Sullivan,2020-08-26T00:00:00.000,7,1506,192,22498,22498,1506,2020-08-26,7,192,0.0364583333333333,0.0117154941322266,8.48146465289492
Sullivan,2020-08-27T00:00:00.000,9,1515,399,22897,22897,1515,2020-08-27,9,399,0.0225563909774436,0.0119561597571359,10.8778898652544
Sullivan,2020-08-28T00:00:00.000,1,1516,138,23035,23035,1516,2020-08-28,1,138,0.0072463768115942,0.0121528729395116,1.20062376700584
Sullivan,2020-08-29T00:00:00.000,5,1521,276,23311,23311,1521,2020-08-29,5,276,0.0181159420289855,0.0123052668264836,6.02564052705125
Sullivan,2020-08-30T00:00:00.000,8,1529,123,23434,23434,1529,2020-08-30,8,123,0.0650406504065041,0.0124143896335798,9.69179259364051
Sullivan,2020-08-31T00:00:00.000,1,1530,146,23580,23580,1530,2020-08-31,1,146,0.00684931506849315,0.0124826169325455,1.21495850548193
Sullivan,2020-09-01T00:00:00.000,4,1534,244,23824,23824,1534,2020-09-01,4,244,0.0163934426229508,0.012513500234904,4.87197548588189
Sullivan,2020-09-02T00:00:00.000,3,1537,224,24048,24048,1537,2020-09-02,3,224,0.0133928571428571,0.0125115675106283,3.66185378376526
Sullivan,2020-09-03T00:00:00.000,3,1540,415,24463,24463,1540,2020-09-03,3,415,0.0072289156626506,0.0124820939012397,3.66862641190318
Sullivan,2020-09-04T00:00:00.000,3,1543,199,24662,24662,1543,2020-09-04,3,199,0.0150753768844221,0.0124308612838641,3.6744514483967
Sullivan,2020-09-05T00:00:00.000,0,1543,222,24884,24884,1543,2020-09-05,0,222,0,0.0123639237384821,0
Sullivan,2020-09-06T00:00:00.000,1,1544,77,24961,24961,1544,2020-09-06,1,77,0.012987012987013,0.0122873928432188,1.2279766865274
Sullivan,2020-09-07T00:00:00.000,0,1544,107,25068,25068,1544,2020-09-07,0,107,0,0.0122072527395229,0
Sullivan,2020-09-08T00:00:00.000,0,1544,137,25205,25205,1544,2020-09-08,0,137,0,0.0121292106066081,0
Sullivan,2020-09-09T00:00:00.000,4,1548,265,25470,25470,1548,2020-09-09,4,265,0.0150943396226415,0.0120585841520171,4.92718034042858
Sullivan,2020-09-10T00:00:00.000,0,1548,455,25925,25925,1548,2020-09-10,0,455,0,0.0120002243672802,0
Sullivan,2020-09-11T00:00:00.000,1,1549,160,26085,26085,1549,2020-09-11,1,160,0.00625,0.011958469255512,1.23788861867742
Sullivan,2020-09-12T00:00:00.000,4,1553,160,26245,26245,1553,2020-09-12,4,160,0.025,0.0119371226694168,4.96395539375145
Sullivan,2020-09-13T00:00:00.000,4,1557,81,26326,26326,1557,2020-09-13,4,81,0.0493827160493827,0.0119394516987509,4.98964299899658
Sullivan,2020-09-14T00:00:00.000,2,1559,254,26580,26580,1559,2020-09-14,2,254,0.0078740157480315,0.011968196088543,2.51005110138928
Sullivan,2020-09-15T00:00:00.000,2,1561,122,26702,26702,1561,2020-09-15,2,122,0.0163934426229508,0.0120255838009924,2.52449384263715
Sullivan,2020-09-16T00:00:00.000,4,1565,277,26979,26979,1565,2020-09-16,4,277,0.0144404332129964,0.0121133479206128,5.07670689873692
Sullivan,2020-09-17T00:00:00.000,3,1568,214,27193,27193,1568,2020-09-17,3,214,0.014018691588785,0.012232741410777,3.82731287331757
Sullivan,2020-09-18T00:00:00.000,2,1570,199,27392,27392,1570,2020-09-18,2,199,0.0100502512562814,0.0123845477743254,2.56399225917115
Sullivan,2020-09-19T00:00:00.000,1,1571,111,27503,27503,1571,2020-09-19,1,111,0.00900900900900901,0.0125690872731754,1.2878297258321
Sullivan,2020-09-20T00:00:00.000,2,1573,98,27601,27601,1573,2020-09-20,2,98,0.0204081632653061,0.0127862199767472,2.58652034172988
Sullivan,2020-09-21T00:00:00.000,0,1573,218,27819,27819,1573,2020-09-21,0,218,0,0.0130353485280532,0
Sullivan,2020-09-22T00:00:00.000,3,1576,179,27998,27998,1576,2020-09-22,3,179,0.0167597765363128,0.0133154250286355,3.90874953672326
Sullivan,2020-09-23T00:00:00.000,4,1580,356,28354,28354,1580,2020-09-23,4,356,0.0112359550561798,0.0136249677404578,5.2394294390665
Sullivan,2020-09-24T00:00:00.000,1,1581,199,28553,28553,1581,2020-09-24,1,199,0.0050251256281407,0.0139620944128471,1.31772229720433
Sullivan,2020-09-25T00:00:00.000,2,1583,263,28816,28816,1583,2020-09-25,2,263,0.00760456273764259,0.0143245796632102,2.6514107002867
Sullivan,2020-09-26T00:00:00.000,8,1591,186,29002,29002,1591,2020-09-26,8,186,0.043010752688172,0.0147099440465441,10.6702732707952
Sullivan,2020-09-27T00:00:00.000,3,1594,170,29172,29172,1594,2020-09-27,3,170,0.0176470588235294,0.0151155820233109,4.06525113685959
Sullivan,2020-09-28T00:00:00.000,6,1600,295,29467,29467,1600,2020-09-28,6,295,0.0203389830508475,0.0155389350790565,8.34318188833661
Sullivan,2020-09-29T00:00:00.000,4,1604,306,29773,29773,1604,2020-09-29,4,306,0.0130718954248366,0.0159777147688927,5.70072553803352
Sullivan,2020-09-30T00:00:00.000,3,1607,219,29992,29992,1607,2020-09-30,3,219,0.0136986301369863,0.0164301788513353,4.37594465168038
Tioga,2020-04-01T00:00:00.000,0,7,14,154,154,7,2020-04-01,7,154,0.0454545454545455,0.0406540100650205,6.98543162237883
Tioga,2020-04-02T00:00:00.000,0,7,18,172,172,7,2020-04-02,0,18,0,0.0460598520405918,0
Tioga,2020-04-03T00:00:00.000,0,7,9,181,181,7,2020-04-03,0,9,0,0.0521267255197161,0
Tioga,2020-04-04T00:00:00.000,0,7,8,189,189,7,2020-04-04,0,8,0,0.0588887930191367,0
Tioga,2020-04-05T00:00:00.000,1,8,10,199,199,8,2020-04-05,1,10,0.1,0.066353715982066,1.07589499542674
Tioga,2020-04-06T00:00:00.000,0,8,10,209,209,8,2020-04-06,0,10,0,0.074493879737765,0
Tioga,2020-04-07T00:00:00.000,4,12,29,238,238,12,2020-04-07,4,29,0.137931034482759,0.083238187686338,4.46866645381708
Tioga,2020-04-08T00:00:00.000,5,17,32,270,270,17,2020-04-08,5,32,0.15625,0.0924657603238092,5.67236670539075
Tioga,2020-04-09T00:00:00.000,1,18,16,286,286,18,2020-04-09,1,16,0.0625,0.102003002419318,1.15071154132954
Tioga,2020-04-10T00:00:00.000,1,19,10,296,296,19,2020-04-10,1,10,0.1,0.111625332247935,1.16584260863146
Tioga,2020-04-11T00:00:00.000,0,19,8,304,304,19,2020-04-11,0,8,0,0.121064357221125,0
Tioga,2020-04-12T00:00:00.000,1,20,3,307,307,20,2020-04-12,1,3,0.333333333333333,0.130020498703112,1.19225979197918
Tioga,2020-04-13T00:00:00.000,4,24,52,359,359,24,2020-04-13,4,52,0.0769230769230769,0.138180184720067,4.8220045679504
Tioga,2020-04-14T00:00:00.000,1,25,14,373,373,25,2020-04-14,1,14,0.0714285714285714,0.145235966872242,1.22095335614041
Tioga,2020-04-15T00:00:00.000,2,27,16,389,389,27,2020-04-15,2,16,0.125,0.150907470680178,2.47023409403859
Tioga,2020-04-16T00:00:00.000,3,30,13,402,402,30,2020-04-16,3,13,0.230769230769231,0.154961034984182,3.74345721356968
Tioga,2020-04-17T00:00:00.000,2,32,16,418,418,32,2020-04-17,2,16,0.125,0.157226189256826,2.51775672242836
Tioga,2020-04-18T00:00:00.000,3,35,10,428,428,35,2020-04-18,3,10,0.3,0.15760760400125,3.8043333750151
Tioga,2020-04-19T00:00:00.000,2,37,6,434,434,37,2020-04-19,2,6,0.333333333333333,0.156091674160876,2.55045331504427
Tioga,2020-04-20T00:00:00.000,0,37,5,439,439,37,2020-04-20,0,5,0,0.152747347832236,0
Tioga,2020-04-21T00:00:00.000,2,39,10,449,449,39,2020-04-21,2,10,0.2,0.147721187163401,2.56314743421158
Tioga,2020-04-22T00:00:00.000,1,40,13,462,462,40,2020-04-22,1,13,0.0769230769230769,0.14122699751196,1.28383278797675
Tioga,2020-04-23T00:00:00.000,0,40,10,472,472,40,2020-04-23,0,10,0,0.133530759532031,0
Tioga,2020-04-24T00:00:00.000,31,71,173,645,645,71,2020-04-24,31,173,0.179190751445087,0.124932064241641,40.0429310265514
Tioga,2020-04-25T00:00:00.000,0,71,8,653,653,71,2020-04-25,0,8,0,0.115743720772,0
Tioga,2020-04-26T00:00:00.000,0,71,8,661,661,71,2020-04-26,0,8,0,0.106271542760812,0
Tioga,2020-04-27T00:00:00.000,11,82,86,747,747,82,2020-04-27,11,86,0.127906976744186,0.0967963739922681,14.2020983243773
Tioga,2020-04-28T00:00:00.000,2,84,68,815,815,84,2020-04-28,2,68,0.0294117647058824,0.0875601027542286,2.57201952382406
Tioga,2020-04-29T00:00:00.000,4,88,69,884,884,88,2020-04-29,4,69,0.0579710144927536,0.0787567729071724,5.1195673064512
Tioga,2020-04-30T00:00:00.000,2,90,19,903,903,90,2020-04-30,2,19,0.105263157894737,0.0705290748055609,2.54581450144574
Tioga,2020-05-01T00:00:00.000,0,90,20,923,923,90,2020-05-01,0,20,0,0.0629697011120316,0
Tioga,2020-05-02T00:00:00.000,0,90,25,948,948,90,2020-05-02,0,25,0,0.0561264625610266,0
Tioga,2020-05-03T00:00:00.000,0,90,50,998,998,90,2020-05-03,0,50,0,0.0500097762902904,0
Tioga,2020-05-04T00:00:00.000,2,92,67,1065,1065,92,2020-05-04,2,67,0.0298507462686567,0.0446011590002285,2.47970223794764
Tioga,2020-05-05T00:00:00.000,4,96,76,1141,1141,96,2020-05-05,4,76,0.0526315789473684,0.0398615979586852,4.93296396669397
Tioga,2020-05-06T00:00:00.000,1,97,40,1181,1181,97,2020-05-06,1,40,0.025,0.0357390213405195,1.2259702176139
Tioga,2020-05-07T00:00:00.000,2,99,40,1221,1221,99,2020-05-07,2,40,0.05,0.0321744447883947,2.43882907168711
Tioga,2020-05-08T00:00:00.000,5,104,83,1304,1304,104,2020-05-08,5,83,0.0602409638554217,0.0291066664119273,6.07840301261565
Tioga,2020-05-09T00:00:00.000,1,105,31,1335,1335,105,2020-05-09,1,31,0.032258064516129,0.0264755885342131,1.21201279060436
Tioga,2020-05-10T00:00:00.000,2,107,40,1375,1375,107,2020-05-10,2,40,0.05,0.0242243626388165,2.41407427765283
Tioga,2020-05-11T00:00:00.000,0,107,35,1410,1410,107,2020-05-11,0,35,0,0.0223006015370945,0
Tioga,2020-05-12T00:00:00.000,1,108,92,1502,1502,108,2020-05-12,1,92,0.0108695652173913,0.0206569018140476,1.1947847809343
Tioga,2020-05-13T00:00:00.000,0,108,59,1561,1561,108,2020-05-13,0,59,0,0.0192508922730879,0
Tioga,2020-05-14T00:00:00.000,2,110,42,1603,1603,110,2020-05-14,2,42,0.0476190476190476,0.0180449846679748,2.39304637995728
Tioga,2020-05-15T00:00:00.000,2,112,57,1660,1660,112,2020-05-15,2,57,0.0350877192982456,0.0170059630420675,2.39352455529196
Tioga,2020-05-16T00:00:00.000,1,113,59,1719,1719,113,2020-05-16,1,59,0.0169491525423729,0.0161045116495958,1.19667467649862
Tioga,2020-05-17T00:00:00.000,0,113,82,1801,1801,113,2020-05-17,0,82,0,0.0153147517072493,0
Tioga,2020-05-18T00:00:00.000,0,113,113,1914,1914,113,2020-05-18,0,113,0,0.014613833234883,0
Tioga,2020-05-19T00:00:00.000,1,114,106,2020,2020,114,2020-05-19,1,106,0.00943396226415094,0.0139816093904621,1.20887525388563
Tioga,2020-05-20T00:00:00.000,3,117,89,2109,2109,117,2020-05-20,3,89,0.0337078651685393,0.0134004054136585,3.63973767429615
Tioga,2020-05-21T00:00:00.000,1,118,105,2214,2214,118,2020-05-21,1,105,0.00952380952380952,0.0128548811849328,1.21906946798359
Tioga,2020-05-22T00:00:00.000,3,121,96,2310,2310,121,2020-05-22,3,96,0.03125,0.0123319752008274,3.67160742024178
Tioga,2020-05-23T00:00:00.000,1,122,79,2389,2389,122,2020-05-23,1,79,0.0126582278481013,0.0118209079766633,1.22752822350768
Tioga,2020-05-24T00:00:00.000,0,122,54,2443,2443,122,2020-05-24,0,54,0,0.0113132153125944,0
Tioga,2020-05-25T00:00:00.000,0,122,45,2488,2488,122,2020-05-25,0,45,0,0.0108027774850577,0
Tioga,2020-05-26T00:00:00.000,2,124,195,2683,2683,124,2020-05-26,2,195,0.0102564102564103,0.010285810003526,2.46584397384339
Tioga,2020-05-27T00:00:00.000,2,126,132,2815,2815,126,2020-05-27,2,132,0.0151515151515152,0.00976078619186461,2.46852680968042
Tioga,2020-05-28T00:00:00.000,0,126,110,2925,2925,126,2020-05-28,0,110,0,0.00922827105289006,0
Tioga,2020-05-29T00:00:00.000,2,128,141,3066,3066,128,2020-05-29,2,141,0.0141843971631206,0.0086906590590573,2.48409754851245
Tioga,2020-05-30T00:00:00.000,2,130,107,3173,3173,130,2020-05-30,2,107,0.0186915887850467,0.00815182339347378,2.49438112318098
Tioga,2020-05-31T00:00:00.000,0,130,44,3217,3217,130,2020-05-31,0,44,0,0.00761669842718206,0
Tioga,2020-06-01T00:00:00.000,1,131,143,3360,3360,131,2020-06-01,1,143,0.00699300699300699,0.00709082820317089,1.24838024734472
Tioga,2020-06-02T00:00:00.000,2,133,123,3483,3483,133,2020-06-02,2,123,0.016260162601626,0.00657991927236604,2.4868429739543
Tioga,2020-06-03T00:00:00.000,0,133,101,3584,3584,133,2020-06-03,0,101,0,0.00608943566915483,0
Tioga,2020-06-04T00:00:00.000,1,134,140,3724,3724,134,2020-06-04,1,140,0.00714285714285714,0.00562426737839618,1.22496578937443
Tioga,2020-06-05T00:00:00.000,0,134,302,4026,4026,134,2020-06-05,0,302,0,0.00518849294483851,0
Tioga,2020-06-06T00:00:00.000,0,134,146,4172,4172,134,2020-06-06,0,146,0,0.00478524433264606,0
Tioga,2020-06-07T00:00:00.000,0,134,79,4251,4251,134,2020-06-07,0,79,0,0.00441666996713822,0
Tioga,2020-06-08T00:00:00.000,0,134,166,4417,4417,134,2020-06-08,0,166,0,0.00408398225205349,0
Tioga,2020-06-09T00:00:00.000,1,135,247,4664,4664,135,2020-06-09,1,247,0.00404858299595142,0.00378756977449385,1.20484010892329
Tioga,2020-06-10T00:00:00.000,0,135,159,4823,4823,135,2020-06-10,0,159,0,0.00352715216275658,0
Tioga,2020-06-11T00:00:00.000,2,137,106,4929,4929,137,2020-06-11,2,106,0.0188679245283019,0.00330195664337114,2.38423687046217
Tioga,2020-06-12T00:00:00.000,0,137,162,5091,5091,137,2020-06-12,0,162,0,0.00311089876734787,0
Tioga,2020-06-13T00:00:00.000,2,139,71,5162,5162,139,2020-06-13,2,71,0.028169014084507,0.00295275439685868,2.35235974530759
Tioga,2020-06-14T00:00:00.000,0,139,71,5233,5233,139,2020-06-14,0,71,0,0.00282631487018129,0
Tioga,2020-06-15T00:00:00.000,1,140,174,5407,5407,140,2020-06-15,1,174,0.00574712643678161,0.00273052155613992,1.1729175142352
Tioga,2020-06-16T00:00:00.000,0,140,70,5477,5477,140,2020-06-16,0,70,0,0.00266457928261248,0
Tioga,2020-06-17T00:00:00.000,0,140,175,5652,5652,140,2020-06-17,0,175,0,0.00262805027417287,0
Tioga,2020-06-18T00:00:00.000,0,140,123,5775,5775,140,2020-06-18,0,123,0,0.00262093118625297,0
Tioga,2020-06-19T00:00:00.000,0,140,77,5852,5852,140,2020-06-19,0,77,0,0.00264371579639421,0
Tioga,2020-06-20T00:00:00.000,0,140,60,5912,5912,140,2020-06-20,0,60,0,0.00269744492982925,0
Tioga,2020-06-21T00:00:00.000,0,140,70,5982,5982,140,2020-06-21,0,70,0,0.00278374349962806,0
Tioga,2020-06-22T00:00:00.000,1,141,186,6168,6168,141,2020-06-22,1,186,0.00537634408602151,0.00290484215288876,1.15098248494399
Tioga,2020-06-23T00:00:00.000,0,141,128,6296,6296,141,2020-06-23,0,128,0,0.00306357806131887,0
Tioga,2020-06-24T00:00:00.000,0,141,151,6447,6447,141,2020-06-24,0,151,0,0.00326336604239473,0
Tioga,2020-06-25T00:00:00.000,0,141,68,6515,6515,141,2020-06-25,0,68,0,0.00350812763321452,0
Tioga,2020-06-26T00:00:00.000,1,142,131,6646,6646,142,2020-06-26,1,131,0.00763358778625954,0.00380216252057459,1.13168798297413
Tioga,2020-06-27T00:00:00.000,0,142,77,6723,6723,142,2020-06-27,0,77,0,0.0041499444857782,0
Tioga,2020-06-28T00:00:00.000,0,142,51,6774,6774,142,2020-06-28,0,51,0,0.0045558239312676,0
Tioga,2020-06-29T00:00:00.000,1,143,175,6949,6949,143,2020-06-29,1,175,0.00571428571428571,0.00502362242009384,1.14115191319171
Tioga,2020-06-30T00:00:00.000,0,143,107,7056,7056,143,2020-06-30,0,107,0,0.00555611300364797,0
Tioga,2020-07-01T00:00:00.000,0,143,130,7186,7186,143,2020-07-01,0,130,0,0.00615439463772566,0
Tioga,2020-07-02T00:00:00.000,0,143,108,7294,7294,143,2020-07-02,0,108,0,0.00681719010466126,0
Tioga,2020-07-03T00:00:00.000,2,145,101,7395,7395,145,2020-07-03,2,101,0.0198019801980198,0.00754012327882265,2.35310875286945
Tioga,2020-07-04T00:00:00.000,1,146,101,7496,7496,146,2020-07-04,1,101,0.0099009900990099,0.00831505992481659,1.19207588144962
Tioga,2020-07-05T00:00:00.000,2,148,126,7622,7622,148,2020-07-05,2,126,0.0158730158730159,0.00912962060032292,2.40272669055686
Tioga,2020-07-06T00:00:00.000,2,150,105,7727,7727,150,2020-07-06,2,105,0.019047619047619,0.00996698677571549,2.4197918874439
Tioga,2020-07-07T00:00:00.000,0,150,61,7788,7788,150,2020-07-07,0,61,0,0.0108061140146965,0
Tioga,2020-07-08T00:00:00.000,1,151,110,7898,7898,151,2020-07-08,1,110,0.00909090909090909,0.0116224331105197,1.22399550237546
Tioga,2020-07-09T00:00:00.000,8,159,160,8058,8058,159,2020-07-09,8,160,0.05,0.0123890607254337,9.83406372203298
Tioga,2020-07-10T00:00:00.000,1,160,126,8184,8184,160,2020-07-10,1,126,0.00793650793650794,0.0130784618072821,1.23316536886486
Tioga,2020-07-11T00:00:00.000,1,161,151,8335,8335,161,2020-07-11,1,151,0.00662251655629139,0.0136644207524878,1.23563009869986
Tioga,2020-07-12T00:00:00.000,0,161,83,8418,8418,161,2020-07-12,0,83,0,0.0141241055279303,0
Tioga,2020-07-13T00:00:00.000,0,161,121,8539,8539,161,2020-07-13,0,121,0,0.0144399676454594,0
Tioga,2020-07-14T00:00:00.000,2,163,208,8747,8747,163,2020-07-14,2,208,0.00961538461538462,0.0146012243124574,2.46793394332028
Tioga,2020-07-15T00:00:00.000,0,163,165,8912,8912,163,2020-07-15,0,165,0,0.0146047203415422,0
Tioga,2020-07-16T00:00:00.000,5,168,101,9013,9013,168,2020-07-16,5,101,0.0495049504950495,0.0144550578912428,6.12740079238498
Tioga,2020-07-17T00:00:00.000,1,169,141,9154,9154,169,2020-07-17,1,141,0.00709219858156028,0.0141639931534936,1.21947198708584
Tioga,2020-07-18T00:00:00.000,1,170,104,9258,9258,170,2020-07-18,1,104,0.00961538461538462,0.0137492072843794,1.21725603085314
Tioga,2020-07-19T00:00:00.000,3,173,131,9389,9389,173,2020-07-19,3,131,0.0229007633587786,0.0132326421976377,3.65168546888778
Tioga,2020-07-20T00:00:00.000,1,174,110,9499,9499,174,2020-07-20,1,110,0.00909090909090909,0.0126386354491047,1.21567404651851
Tioga,2020-07-21T00:00:00.000,1,175,128,9627,9627,175,2020-07-21,1,128,0.0078125,0.011992088041387,1.21265886835636
Tioga,2020-07-22T00:00:00.000,0,175,129,9756,9756,175,2020-07-22,0,129,0,0.0113168603653714,0
Tioga,2020-07-23T00:00:00.000,1,176,187,9943,9943,176,2020-07-23,1,187,0.0053475935828877,0.0106345280972942,1.20223250238371
Tioga,2020-07-24T00:00:00.000,2,178,131,10074,10074,178,2020-07-24,2,131,0.0152671755725191,0.00996355792394624,2.38503976046634
Tioga,2020-07-25T00:00:00.000,1,179,89,10163,10163,179,2020-07-25,1,89,0.0112359550561798,0.00931889729402868,1.17423509916135
Tioga,2020-07-26T00:00:00.000,1,180,145,10308,10308,180,2020-07-26,1,145,0.00689655172413793,0.00871192290667756,1.15469042669625
Tioga,2020-07-27T00:00:00.000,0,180,85,10393,10393,180,2020-07-27,0,85,0,0.00815066395286394,0
Tioga,2020-07-28T00:00:00.000,3,183,129,10522,10522,183,2020-07-28,3,129,0.0232558139534884,0.00764020686369076,3.44872933373639
Tioga,2020-07-29T00:00:00.000,1,184,118,10640,10640,184,2020-07-29,1,118,0.00847457627118644,0.00718319449126171,1.14867833715039
Tioga,2020-07-30T00:00:00.000,3,187,150,10790,10790,187,2020-07-30,3,150,0.02,0.00678034820094793,3.44354306023606
Tioga,2020-07-31T00:00:00.000,1,188,133,10923,10923,188,2020-07-31,1,133,0.0075187969924812,0.0064309608132392,1.14331980264412
Tioga,2020-08-01T00:00:00.000,1,189,70,10993,10993,189,2020-08-01,1,70,0.0142857142857143,0.00613332750043913,1.13812859149505
Tioga,2020-08-02T00:00:00.000,1,190,75,11068,11068,190,2020-08-02,1,75,0.0133333333333333,0.00588509792880406,1.1371739451878
Tioga,2020-08-03T00:00:00.000,1,191,171,11239,11239,191,2020-08-03,1,171,0.00584795321637427,0.0056835450518745,1.13938858116645
Tioga,2020-08-04T00:00:00.000,2,193,230,11469,11469,193,2020-08-04,2,230,0.00869565217391304,0.00552575406858466,2.30450302091784
Tioga,2020-08-05T00:00:00.000,0,193,100,11569,11569,193,2020-08-05,0,100,0,0.00540873968320188,0
Tioga,2020-08-06T00:00:00.000,0,193,135,11704,11704,193,2020-08-06,0,135,0,0.00532950202568304,0
Tioga,2020-08-07T00:00:00.000,0,193,153,11857,11857,193,2020-08-07,0,153,0,0.00528503226811742,0
Tioga,2020-08-08T00:00:00.000,0,193,120,11977,11977,193,2020-08-08,0,120,0,0.00527227895456814,0
Tioga,2020-08-09T00:00:00.000,0,193,103,12080,12080,193,2020-08-09,0,103,0,0.00528808599009704,0
Tioga,2020-08-10T00:00:00.000,1,194,197,12277,12277,194,2020-08-10,1,197,0.0050761421319797,0.00532911340479052,1.20822246912251
Tioga,2020-08-11T00:00:00.000,0,194,124,12401,12401,194,2020-08-11,0,124,0,0.00539175262271123,0
Tioga,2020-08-12T00:00:00.000,0,194,160,12561,12561,194,2020-08-12,0,160,0,0.00547204887222285,0
Tioga,2020-08-13T00:00:00.000,1,195,204,12765,12765,195,2020-08-13,1,204,0.00490196078431373,0.00556564420313007,1.20283383633247
Tioga,2020-08-14T00:00:00.000,0,195,134,12899,12899,195,2020-08-14,0,134,0,0.0056677549142855,0
Tioga,2020-08-15T00:00:00.000,0,195,95,12994,12994,195,2020-08-15,0,95,0,0.00577319625399395,0
Tioga,2020-08-16T00:00:00.000,1,196,102,13096,13096,196,2020-08-16,1,102,0.00980392156862745,0.00587646461601896,1.20147633835392
Tioga,2020-08-17T00:00:00.000,2,198,130,13226,13226,198,2020-08-17,2,130,0.0153846153846154,0.0059718825660556,2.39921537523606
Tioga,2020-08-18T00:00:00.000,1,199,98,13324,13324,199,2020-08-18,1,98,0.0102040816326531,0.00605380501808892,1.19601954678213
Tioga,2020-08-19T00:00:00.000,4,203,165,13489,13489,203,2020-08-19,4,165,0.0242424242424242,0.00611687623656242,4.76285241178805
Tioga,2020-08-20T00:00:00.000,0,203,220,13709,13709,203,2020-08-20,0,220,0,0.00615631828227861,0
Tioga,2020-08-21T00:00:00.000,1,204,205,13914,13914,204,2020-08-21,1,205,0.0048780487804878,0.00616822362045672,1.17511920221424
Tioga,2020-08-22T00:00:00.000,2,206,103,14017,14017,206,2020-08-22,2,103,0.0194174757281553,0.00614981981807735,2.32999608670741
Tioga,2020-08-23T00:00:00.000,0,206,99,14116,14116,206,2020-08-23,0,99,0,0.0060996738813997,0
Tioga,2020-08-24T00:00:00.000,0,206,93,14209,14209,206,2020-08-24,0,93,0,0.00601780882979578,0
Tioga,2020-08-25T00:00:00.000,0,206,110,14319,14319,206,2020-08-25,0,110,0,0.00590571500813446,0
Tioga,2020-08-26T00:00:00.000,0,206,137,14456,14456,206,2020-08-26,0,137,0,0.00576625204118371,0
Tioga,2020-08-27T00:00:00.000,1,207,199,14655,14655,207,2020-08-27,1,199,0.0050251256281407,0.00560345180846572,1.12043983568883
Tioga,2020-08-28T00:00:00.000,1,208,174,14829,14829,208,2020-08-28,1,174,0.00574712643678161,0.00542224564782405,1.10753372438399
Tioga,2020-08-29T00:00:00.000,0,208,117,14946,14946,208,2020-08-29,0,117,0,0.00522814784032126,0
Tioga,2020-08-30T00:00:00.000,1,209,103,15049,15049,209,2020-08-30,1,103,0.00970873786407767,0.00502693092871575,1.10675598499943
Tioga,2020-08-31T00:00:00.000,0,209,68,15117,15117,209,2020-08-31,0,68,0,0.00482432624806461,0
Tioga,2020-09-01T00:00:00.000,0,209,74,15191,15191,209,2020-09-01,0,74,0,0.0046257763884895,0
Tioga,2020-09-02T00:00:00.000,1,210,96,15287,15287,210,2020-09-02,1,96,0.0104166666666667,0.00443625677269133,1.10039913309124
Tioga,2020-09-03T00:00:00.000,1,211,118,15405,15405,211,2020-09-03,1,118,0.00847457627118644,0.00426017331299608,1.09823736598541
Tioga,2020-09-04T00:00:00.000,0,211,232,15637,15637,211,2020-09-04,0,232,0,0.0041013340207764,0
Tioga,2020-09-05T00:00:00.000,1,212,186,15823,15823,212,2020-09-05,1,186,0.00537634408602151,0.00396298570594366,1.09459512943797
Tioga,2020-09-06T00:00:00.000,2,214,79,15902,15902,214,2020-09-06,2,79,0.0253164556962025,0.00384790305192415,2.18673700903434
Tioga,2020-09-07T00:00:00.000,2,216,133,16035,16035,216,2020-09-07,2,133,0.0150375939849624,0.00375851631570135,2.18540632121032
Tioga,2020-09-08T00:00:00.000,1,217,81,16116,16116,217,2020-09-08,1,81,0.0123456790123457,0.00369706501605692,1.09271610429762
Tioga,2020-09-09T00:00:00.000,1,218,118,16234,16234,218,2020-09-09,1,118,0.00847457627118644,0.00366576751713321,1.09351646589114
Tioga,2020-09-10T00:00:00.000,0,218,198,16432,16432,218,2020-09-10,0,198,0,0.00366699961601563,0
Tioga,2020-09-11T00:00:00.000,1,219,267,16699,16699,219,2020-09-11,1,267,0.00374531835205993,0.00370347837025976,1.10096875005632
Tioga,2020-09-12T00:00:00.000,0,219,115,16814,16814,219,2020-09-12,0,115,0,0.00377845007718237,0
Tioga,2020-09-13T00:00:00.000,2,221,118,16932,16932,221,2020-09-13,2,118,0.0169491525423729,0.00389588319808393,2.23049694367007
Tioga,2020-09-14T00:00:00.000,0,221,198,17130,17130,221,2020-09-14,0,198,0,0.00406066795400225,0
Tioga,2020-09-15T00:00:00.000,0,221,190,17320,17320,221,2020-09-15,0,190,0,0.00427882424249767,0
Tioga,2020-09-16T00:00:00.000,0,221,249,17569,17569,221,2020-09-16,0,249,0,0.00455771844614618,0
Tioga,2020-09-17T00:00:00.000,1,222,249,17818,17818,222,2020-09-17,1,249,0.00401606425702811,0.00490628753982485,1.16438239815393
Tioga,2020-09-18T00:00:00.000,0,222,287,18105,18105,222,2020-09-18,0,287,0,0.00533526587083611,0
Tioga,2020-09-19T00:00:00.000,2,224,144,18249,18249,224,2020-09-19,2,144,0.0138888888888889,0.00585740620867379,2.38631956036637
Tioga,2020-09-20T00:00:00.000,0,224,65,18314,18314,224,2020-09-20,0,65,0,0.00648768261966838,0
Tioga,2020-09-21T00:00:00.000,1,225,181,18495,18495,225,2020-09-21,1,181,0.00552486187845304,0.00724345934149357,1.22420124763276
Tioga,2020-09-22T00:00:00.000,0,225,223,18718,18718,225,2020-09-22,0,223,0,0.00814460845438081,0
Tioga,2020-09-23T00:00:00.000,4,229,218,18936,18936,229,2020-09-23,4,218,0.018348623853211,0.00921356170187029,5.03840648817855
Tioga,2020-09-24T00:00:00.000,0,229,346,19282,19282,229,2020-09-24,0,346,0,0.010475291103094,0
Tioga,2020-09-25T00:00:00.000,5,234,271,19553,19553,234,2020-09-25,5,271,0.018450184501845,0.0119572316076242,6.50986359668795
Tioga,2020-09-26T00:00:00.000,1,235,142,19695,19695,235,2020-09-26,1,142,0.00704225352112676,0.0136891900436156,1.32422635871928
Tioga,2020-09-27T00:00:00.000,2,237,101,19796,19796,237,2020-09-27,2,101,0.0198019801980198,0.0157033296549311,2.72052554540235
Tioga,2020-09-28T00:00:00.000,5,242,172,19968,19968,242,2020-09-28,5,172,0.0290697674418605,0.0180343792613607,7.05697307205891
Tioga,2020-09-29T00:00:00.000,7,249,283,20251,20251,249,2020-09-29,7,283,0.0247349823321555,0.0207202889525638,10.2389705865106
Tioga,2020-09-30T00:00:00.000,7,256,309,20560,20560,256,2020-09-30,7,309,0.0226537216828479,0.0238036384392724,10.5961649657273
Tompkins,2020-04-01T00:00:00.000,6,74,126,1292,1292,74,2020-04-01,74,1292,0.0572755417956656,0.0547788699573744,76.0812945107488
Tompkins,2020-04-02T00:00:00.000,10,84,160,1452,1452,84,2020-04-02,10,160,0.0625,0.0519384537411258,10.2190735005826
Tompkins,2020-04-03T00:00:00.000,1,85,81,1533,1533,85,2020-04-03,1,81,0.0123456790123457,0.0492267194816777,1.02377252359784
Tompkins,2020-04-04T00:00:00.000,3,88,52,1585,1585,88,2020-04-04,3,52,0.0576923076923077,0.0466229998696019,3.08514993009102
Tompkins,2020-04-05T00:00:00.000,6,94,94,1679,1679,94,2020-04-05,6,94,0.0638297872340425,0.044104663235637,6.19702236967474
Tompkins,2020-04-06T00:00:00.000,3,97,23,1702,1702,97,2020-04-06,3,23,0.130434782608696,0.0416498001003677,3.10979765318856
Tompkins,2020-04-07T00:00:00.000,2,99,85,1787,1787,99,2020-04-07,2,85,0.0235294117647059,0.0392393218162378,2.07246799109109
Tompkins,2020-04-08T00:00:00.000,6,105,299,2086,2086,105,2020-04-08,6,299,0.020066889632107,0.0368585319099452,6.20870827046168
Tompkins,2020-04-09T00:00:00.000,0,105,24,2110,2110,105,2020-04-09,0,24,0,0.0344981908132765,0
Tompkins,2020-04-10T00:00:00.000,3,108,135,2245,2245,108,2020-04-10,3,135,0.0222222222222222,0.0321550710407198,3.08823150562003
Tompkins,2020-04-11T00:00:00.000,1,109,77,2322,2322,109,2020-04-11,1,77,0.012987012987013,0.0298319956155423,1.02553231326275
Tompkins,2020-04-12T00:00:00.000,1,110,31,2353,2353,110,2020-04-12,1,31,0.032258064516129,0.0275373703552657,1.02085006734565
Tompkins,2020-04-13T00:00:00.000,2,112,104,2457,2457,112,2020-04-13,2,104,0.0192307692307692,0.0252842554036443,2.03440803181862
Tompkins,2020-04-14T00:00:00.000,3,115,44,2501,2501,115,2020-04-14,3,44,0.0681818181818182,0.0230890653034408,3.04756898334011
Tompkins,2020-04-15T00:00:00.000,1,116,73,2574,2574,116,2020-04-15,1,73,0.0136986301369863,0.020970029648123,1.01390425656199
Tompkins,2020-04-16T00:00:00.000,1,117,36,2610,2610,117,2020-04-16,1,36,0.0277777777777778,0.0189455755059826,1.01130032853587
Tompkins,2020-04-17T00:00:00.000,0,117,44,2654,2654,117,2020-04-17,0,44,0,0.0170328013210468,0
Tompkins,2020-04-18T00:00:00.000,0,117,41,2695,2695,117,2020-04-18,0,41,0,0.0152461943529648,0
Tompkins,2020-04-19T00:00:00.000,2,119,47,2742,2742,119,2020-04-19,2,47,0.0425531914893617,0.0135967041926178,1.99812553280331
Tompkins,2020-04-20T00:00:00.000,0,119,4,2746,2746,119,2020-04-20,0,4,0,0.012091229779747,0
Tompkins,2020-04-21T00:00:00.000,0,119,12,2758,2758,119,2020-04-21,0,12,0,0.0107325191226241,0
Tompkins,2020-04-22T00:00:00.000,0,119,95,2853,2853,119,2020-04-22,0,95,0,0.00951942966404691,0
Tompkins,2020-04-23T00:00:00.000,2,121,108,2961,2961,121,2020-04-23,2,108,0.0185185185185185,0.00844746187648491,1.95540913030919
Tompkins,2020-04-24T00:00:00.000,5,126,308,3269,3269,126,2020-04-24,5,308,0.0162337662337662,0.00750946241960466,4.87559544695376
Tompkins,2020-04-25T00:00:00.000,0,126,44,3313,3313,126,2020-04-25,0,44,0,0.00669639534718189,0
Tompkins,2020-04-26T00:00:00.000,0,126,47,3360,3360,126,2020-04-26,0,47,0,0.0059980957635543,0
Tompkins,2020-04-27T00:00:00.000,0,126,13,3373,3373,126,2020-04-27,0,13,0,0.00540394396548715,0
Tompkins,2020-04-28T00:00:00.000,1,127,119,3492,3492,127,2020-04-28,1,119,0.00840336134453781,0.00490342350647087,0.963970135786894
Tompkins,2020-04-29T00:00:00.000,1,128,19,3511,3511,128,2020-04-29,1,19,0.0526315789473684,0.00448654937261405,0.961027288209002
Tompkins,2020-04-30T00:00:00.000,0,128,61,3572,3572,128,2020-04-30,0,61,0,0.00414416973303949,0
Tompkins,2020-05-01T00:00:00.000,0,128,118,3690,3690,128,2020-05-01,0,118,0,0.00386815592731045,0
Tompkins,2020-05-02T00:00:00.000,1,129,27,3717,3717,129,2020-05-02,1,27,0.037037037037037,0.00365150074164161,0.95646581792079
Tompkins,2020-05-03T00:00:00.000,0,129,126,3843,3843,129,2020-05-03,0,126,0,0.00348834589014247,0
Tompkins,2020-05-04T00:00:00.000,0,129,52,3895,3895,129,2020-05-04,0,52,0,0.00337395727687679,0
Tompkins,2020-05-05T00:00:00.000,0,129,104,3999,3999,129,2020-05-05,0,104,0,0.00330466239907136,0
Tompkins,2020-05-06T00:00:00.000,1,130,188,4187,4187,130,2020-05-06,1,188,0.00531914893617021,0.00327775907248616,0.965435706869433
Tompkins,2020-05-07T00:00:00.000,1,131,187,4374,4374,131,2020-05-07,1,187,0.0053475935828877,0.00329139926132511,0.970819113764567
Tompkins,2020-05-08T00:00:00.000,1,132,619,4993,4993,132,2020-05-08,1,619,0.00161550888529887,0.00334444667059309,0.979157754742991
Tompkins,2020-05-09T00:00:00.000,0,132,95,5088,5088,132,2020-05-09,0,95,0,0.00343630226320527,0
Tompkins,2020-05-10T00:00:00.000,0,132,86,5174,5174,132,2020-05-10,0,86,0,0.00356668852209734,0
Tompkins,2020-05-11T00:00:00.000,0,132,91,5265,5265,132,2020-05-11,0,91,0,0.00373538178820017,0
Tompkins,2020-05-12T00:00:00.000,4,136,175,5440,5440,136,2020-05-12,4,175,0.0228571428571429,0.00394188319229459,4.04961307344222
Tompkins,2020-05-13T00:00:00.000,0,136,103,5543,5543,136,2020-05-13,0,103,0,0.00418502395579569,0
Tompkins,2020-05-14T00:00:00.000,0,136,112,5655,5655,136,2020-05-14,0,112,0,0.00446251108074875,0
Tompkins,2020-05-15T00:00:00.000,2,138,331,5986,5986,138,2020-05-15,2,331,0.00604229607250755,0.00477043569079202,2.10782023184811
Tompkins,2020-05-16T00:00:00.000,1,139,421,6407,6407,139,2020-05-16,1,421,0.00237529691211401,0.00510278783270864,1.06674863526424
Tompkins,2020-05-17T00:00:00.000,2,141,412,6819,6819,141,2020-05-17,2,412,0.00485436893203883,0.0054510462280071,2.16167940154344
Tompkins,2020-05-18T00:00:00.000,1,142,446,7265,7265,142,2020-05-18,1,446,0.00224215246636771,0.0058039339849808,1.09813891024694
Tompkins,2020-05-19T00:00:00.000,3,145,219,7484,7484,145,2020-05-19,3,219,0.0136986301369863,0.00614744403948493,3.34053852105543
Tompkins,2020-05-20T00:00:00.000,0,145,199,7683,7683,145,2020-05-20,0,199,0,0.0064652318452253,0
Tompkins,2020-05-21T00:00:00.000,2,147,291,7974,7974,147,2020-05-21,2,291,0.00687285223367698,0.00673943944228183,2.28567259330007
Tompkins,2020-05-22T00:00:00.000,2,149,410,8384,8384,149,2020-05-22,2,410,0.0048780487804878,0.00695195172692564,2.31138553111487
Tompkins,2020-05-23T00:00:00.000,2,151,246,8630,8630,151,2020-05-23,2,246,0.00813008130081301,0.00708599818902841,2.33257975514568
Tompkins,2020-05-24T00:00:00.000,3,154,267,8897,8897,154,2020-05-24,3,267,0.0112359550561798,0.00712791826453128,3.52326542062415
Tompkins,2020-05-25T00:00:00.000,0,154,48,8945,8945,154,2020-05-25,0,48,0,0.00706883109921049,0
Tompkins,2020-05-26T00:00:00.000,1,155,264,9209,9209,155,2020-05-26,1,264,0.00378787878787879,0.00690591807427848,1.18476956675549
Tompkins,2020-05-27T00:00:00.000,1,156,110,9319,9319,156,2020-05-27,1,110,0.00909090909090909,0.00664305888409533,1.18767108380845
Tompkins,2020-05-28T00:00:00.000,1,157,425,9744,9744,157,2020-05-28,1,425,0.00235294117647059,0.00629066160286147,1.18786192382573
Tompkins,2020-05-29T00:00:00.000,4,161,264,10008,10008,161,2020-05-29,4,264,0.0151515151515152,0.00586467553252289,4.77658784977126
Tompkins,2020-05-30T00:00:00.000,3,164,389,10397,10397,164,2020-05-30,3,389,0.0077120822622108,0.00538493564064875,3.58960487032612
Tompkins,2020-05-31T00:00:00.000,0,164,149,10546,10546,164,2020-05-31,0,149,0,0.00487311595335734,0
Tompkins,2020-06-01T00:00:00.000,0,164,168,10714,10714,164,2020-06-01,0,168,0,0.00435063148210028,0
Tompkins,2020-06-02T00:00:00.000,1,165,203,10917,10917,165,2020-06-02,1,203,0.00492610837438424,0.00383681006834449,1.17813034305814
Tompkins,2020-06-03T00:00:00.000,0,165,206,11123,11123,165,2020-06-03,0,206,0,0.00334756824030865,0
Tompkins,2020-06-04T00:00:00.000,2,167,171,11294,11294,167,2020-06-04,2,171,0.0116959064327485,0.00289469925742259,2.29249134495401
Tompkins,2020-06-05T00:00:00.000,4,171,1067,12361,12361,171,2020-06-05,4,1067,0.00374882849109653,0.00248575457878028,4.51619632705736
Tompkins,2020-06-06T00:00:00.000,0,171,518,12879,12879,171,2020-06-06,0,518,0,0.00212440326986261,0
Tompkins,2020-06-07T00:00:00.000,0,171,148,13027,13027,171,2020-06-07,0,148,0,0.00181110328349044,0
Tompkins,2020-06-08T00:00:00.000,0,171,452,13479,13479,171,2020-06-08,0,452,0,0.00154391386296063,0
Tompkins,2020-06-09T00:00:00.000,0,171,333,13812,13812,171,2020-06-09,0,333,0,0.00131930714930453,0
Tompkins,2020-06-10T00:00:00.000,0,171,235,14047,14047,171,2020-06-10,0,235,0,0.00113288254889402,0
Tompkins,2020-06-11T00:00:00.000,1,172,191,14238,14238,172,2020-06-11,1,191,0.00523560209424084,0.000979934326101706,1.05575212566676
Tompkins,2020-06-12T00:00:00.000,1,173,328,14566,14566,173,2020-06-12,1,328,0.00304878048780488,0.000855861250949242,1.04085357225193
Tompkins,2020-06-13T00:00:00.000,0,173,72,14638,14638,173,2020-06-13,0,72,0,0.000756432802491799,0
Tompkins,2020-06-14T00:00:00.000,0,173,61,14699,14699,173,2020-06-14,0,61,0,0.000677939756218408,0
Tompkins,2020-06-15T00:00:00.000,0,173,378,15077,15077,173,2020-06-15,0,378,0,0.000617260777484445,0
Tompkins,2020-06-16T00:00:00.000,0,173,295,15372,15372,173,2020-06-16,0,295,0,0.00057187439633814,0
Tompkins,2020-06-17T00:00:00.000,0,173,210,15582,15582,173,2020-06-17,0,210,0,0.000539840563972219,0
Tompkins,2020-06-18T00:00:00.000,0,173,779,16361,16361,173,2020-06-18,0,779,0,0.000519770047165413,0
Tompkins,2020-06-19T00:00:00.000,1,174,395,16756,16756,174,2020-06-19,1,395,0.00253164556962025,0.000510794497656774,0.993044155261882
Tompkins,2020-06-20T00:00:00.000,1,175,139,16895,16895,175,2020-06-20,1,139,0.00719424460431655,0.000512545623283451,0.985631726011884
Tompkins,2020-06-21T00:00:00.000,0,175,239,17134,17134,175,2020-06-21,0,239,0,0.000525148541485313,0
Tompkins,2020-06-22T00:00:00.000,0,175,267,17401,17401,175,2020-06-22,0,267,0,0.000549231815040052,0
Tompkins,2020-06-23T00:00:00.000,0,175,237,17638,17638,175,2020-06-23,0,237,0,0.000585954427025295,0
Tompkins,2020-06-24T00:00:00.000,0,175,267,17905,17905,175,2020-06-24,0,267,0,0.000637047530851878,0
Tompkins,2020-06-25T00:00:00.000,0,175,170,18075,18075,175,2020-06-25,0,170,0,0.000704865634604187,0
Tompkins,2020-06-26T00:00:00.000,0,175,231,18306,18306,175,2020-06-26,0,231,0,0.000792437429016277,0
Tompkins,2020-06-27T00:00:00.000,1,176,328,18634,18634,176,2020-06-27,1,328,0.00304878048780488,0.000903500300599097,0.972736421416625
Tompkins,2020-06-28T00:00:00.000,1,177,111,18745,18745,177,2020-06-28,1,111,0.00900900900900901,0.00104249463008198,0.981541885891903
Tompkins,2020-06-29T00:00:00.000,0,177,200,18945,18945,177,2020-06-29,0,200,0,0.00121448482891785,0
Tompkins,2020-06-30T00:00:00.000,0,177,238,19183,19183,177,2020-06-30,0,238,0,0.00142496541228307,0
Tompkins,2020-07-01T00:00:00.000,1,178,309,19492,19492,178,2020-07-01,1,309,0.00323624595469256,0.00167950545668484,1.00601192349843
Tompkins,2020-07-02T00:00:00.000,0,178,233,19725,19725,178,2020-07-02,0,233,0,0.00198318844899991,0
Tompkins,2020-07-03T00:00:00.000,0,178,270,19995,19995,178,2020-07-03,0,270,0,0.00233982278879375,0
Tompkins,2020-07-04T00:00:00.000,1,179,103,20098,20098,179,2020-07-04,1,103,0.00970873786407767,0.00275093651139503,1.06724817210158
Tompkins,2020-07-05T00:00:00.000,0,179,179,20277,20277,179,2020-07-05,0,179,0,0.0032146299724252,0
Tompkins,2020-07-06T00:00:00.000,0,179,200,20477,20477,179,2020-07-06,0,200,0,0.00372443655630674,0
Tompkins,2020-07-07T00:00:00.000,1,180,408,20885,20885,180,2020-07-07,1,408,0.00245098039215686,0.00426841767435535,1.1094983658361
Tompkins,2020-07-08T00:00:00.000,0,180,95,20980,20980,180,2020-07-08,0,95,0,0.00482876762759899,0
Tompkins,2020-07-09T00:00:00.000,1,181,340,21320,21320,181,2020-07-09,1,340,0.00294117647058824,0.00538219501388959,1.1309284666994
Tompkins,2020-07-10T00:00:00.000,2,183,353,21673,21673,183,2020-07-10,2,353,0.0056657223796034,0.00590125641472011,2.27766630609126
Tompkins,2020-07-11T00:00:00.000,3,186,482,22155,22155,186,2020-07-11,3,482,0.00622406639004149,0.00635664349547428,3.4337873498904
Tompkins,2020-07-12T00:00:00.000,0,186,104,22259,22259,186,2020-07-12,0,104,0,0.00672019707826175,0
Tompkins,2020-07-13T00:00:00.000,0,186,354,22613,22613,186,2020-07-13,0,354,0,0.00696820228590861,0
Tompkins,2020-07-14T00:00:00.000,12,198,438,23051,23051,198,2020-07-14,12,438,0.0273972602739726,0.00708438118131486,13.7745064383221
Tompkins,2020-07-15T00:00:00.000,0,198,307,23358,23358,198,2020-07-15,0,307,0,0.00706200131750719,0
Tompkins,2020-07-16T00:00:00.000,0,198,688,24046,24046,198,2020-07-16,0,688,0,0.00690467602525393,0
Tompkins,2020-07-17T00:00:00.000,1,199,645,24691,24691,199,2020-07-17,1,645,0.00155038759689922,0.00662570747643551,1.13025512096775
Tompkins,2020-07-18T00:00:00.000,9,208,466,25157,25157,208,2020-07-18,9,466,0.01931330472103,0.0062461370773633,10.124132713103
Tompkins,2020-07-19T00:00:00.000,1,209,59,25216,25216,209,2020-07-19,1,59,0.0169491525423729,0.00579192751735336,1.12070101037854
Tompkins,2020-07-20T00:00:00.000,0,209,221,25437,25437,209,2020-07-20,0,221,0,0.00529083655432401,0
Tompkins,2020-07-21T00:00:00.000,0,209,828,26265,26265,209,2020-07-21,0,828,0,0.00476952977840119,0
Tompkins,2020-07-22T00:00:00.000,4,213,729,26994,26994,213,2020-07-22,4,729,0.00548696844993141,0.0042513426850714,4.38216192354535
Tompkins,2020-07-23T00:00:00.000,8,221,635,27629,27629,221,2020-07-23,8,635,0.0125984251968504,0.00375489959625368,8.66695342064501
Tompkins,2020-07-24T00:00:00.000,2,223,793,28422,28422,223,2020-07-24,2,793,0.00252206809583859,0.00329359418241999,2.13511458464197
Tompkins,2020-07-25T00:00:00.000,1,224,298,28720,28720,224,2020-07-25,1,298,0.00335570469798658,0.00287578396683006,1.04398493339099
Tompkins,2020-07-26T00:00:00.000,1,225,91,28811,28811,225,2020-07-26,1,91,0.010989010989011,0.0025054719009379,1.01939644910988
Tompkins,2020-07-27T00:00:00.000,0,225,202,29013,29013,225,2020-07-27,0,202,0,0.00218323815171036,0
Tompkins,2020-07-28T00:00:00.000,0,225,534,29547,29547,225,2020-07-28,0,534,0,0.00190722367413026,0
Tompkins,2020-07-29T00:00:00.000,2,227,740,30287,30287,227,2020-07-29,2,740,0.0027027027027027,0.00167402847707259,1.98597120866587
Tompkins,2020-07-30T00:00:00.000,1,228,734,31021,31021,228,2020-07-30,1,734,0.00136239782016349,0.00147945013431805,0.985755245470912
Tompkins,2020-07-31T00:00:00.000,2,230,589,31610,31610,230,2020-07-31,2,589,0.0033955857385399,0.00131903891491292,1.95162285709905
Tompkins,2020-08-01T00:00:00.000,0,230,329,31939,31939,230,2020-08-01,0,329,0,0.00118847997454695,0
Tompkins,2020-08-02T00:00:00.000,0,230,42,31981,31981,230,2020-08-02,0,42,0,0.0010838311985591,0
Tompkins,2020-08-03T00:00:00.000,0,230,320,32301,32301,230,2020-08-03,0,320,0,0.00100165131528358,0
Tompkins,2020-08-04T00:00:00.000,1,231,514,32815,32815,231,2020-08-04,1,514,0.00194552529182879,0.000939051260331618,0.965110545090587
Tompkins,2020-08-05T00:00:00.000,1,232,721,33536,33536,232,2020-08-05,1,721,0.0013869625520111,0.000893696216529318,0.973430091401741
Tompkins,2020-08-06T00:00:00.000,1,233,609,34145,34145,233,2020-08-06,1,609,0.00164203612479475,0.000863778960200685,0.98261726267749
Tompkins,2020-08-07T00:00:00.000,1,234,740,34885,34885,234,2020-08-07,1,740,0.00135135135135135,0.000847978621495669,0.990637588498203
Tompkins,2020-08-08T00:00:00.000,0,234,405,35290,35290,234,2020-08-08,0,405,0,0.000845413418326872,0
Tompkins,2020-08-09T00:00:00.000,0,234,31,35321,35321,234,2020-08-09,0,31,0,0.000855591521317242,0
Tompkins,2020-08-10T00:00:00.000,0,234,303,35624,35624,234,2020-08-10,0,303,0,0.000878360830010397,0
Tompkins,2020-08-11T00:00:00.000,0,234,610,36234,36234,234,2020-08-11,0,610,0,0.000913855916831149,0
Tompkins,2020-08-12T00:00:00.000,0,234,659,36893,36893,234,2020-08-12,0,659,0,0.000962438565065604,0
Tompkins,2020-08-13T00:00:00.000,2,236,1099,37992,37992,236,2020-08-13,2,1099,0.00181983621474067,0.00102462713730164,2.03114381007611
Tompkins,2020-08-14T00:00:00.000,2,238,1203,39195,39195,238,2020-08-14,2,1203,0.00166251039068994,0.00110100957689169,2.03764943056143
Tompkins,2020-08-15T00:00:00.000,0,238,433,39628,39628,238,2020-08-15,0,433,0,0.00119213535755112,0
Tompkins,2020-08-16T00:00:00.000,0,238,165,39793,39793,238,2020-08-16,0,165,0,0.00129838351201128,0
Tompkins,2020-08-17T00:00:00.000,0,238,186,39979,39979,238,2020-08-17,0,186,0,0.00141980726140231,0
Tompkins,2020-08-18T00:00:00.000,0,238,749,40728,40728,238,2020-08-18,0,749,0,0.00155596089959459,0
Tompkins,2020-08-19T00:00:00.000,2,240,1401,42129,42129,240,2020-08-19,2,1401,0.00142755174875089,0.00170572121682402,2.09592126612631
Tompkins,2020-08-20T00:00:00.000,4,244,2018,44147,44147,244,2020-08-20,4,2018,0.00198216055500496,0.00186712309320829,4.20238180285551
Tompkins,2020-08-21T00:00:00.000,0,244,1364,45511,45511,244,2020-08-21,0,1364,0,0.00203723546746951,0
Tompkins,2020-08-22T00:00:00.000,0,244,837,46348,46348,244,2020-08-22,0,837,0,0.00221210770854567,0
Tompkins,2020-08-23T00:00:00.000,0,244,653,47001,47001,244,2020-08-23,0,653,0,0.00238681520451185,0
Tompkins,2020-08-24T00:00:00.000,1,245,1342,48343,48343,245,2020-08-24,1,1342,0.000745156482861401,0.00255562512206531,1.04805873610638
Tompkins,2020-08-25T00:00:00.000,3,248,2713,51056,51056,248,2020-08-25,3,2713,0.00110578695171397,0.00271228830783662,3.15244869102797
Tompkins,2020-08-26T00:00:00.000,1,249,1237,52293,52293,249,2020-08-26,1,1237,0.000808407437348424,0.00285044282484261,1.05193278029836
Tompkins,2020-08-27T00:00:00.000,2,251,906,53199,53199,251,2020-08-27,2,906,0.0022075055187638,0.00296409230979071,2.1026265557783
Tompkins,2020-08-28T00:00:00.000,10,261,1782,54981,54981,261,2020-08-28,10,1782,0.00561167227833894,0.00304810334251485,10.4554326592735
Tompkins,2020-08-29T00:00:00.000,3,264,2081,57062,57062,264,2020-08-29,3,2081,0.00144161460836136,0.00309865561402458,3.14965290902953
Tompkins,2020-08-30T00:00:00.000,1,265,829,57891,57891,265,2020-08-30,1,829,0.00120627261761158,0.0031135806127259,1.05498819207509
Tompkins,2020-08-31T00:00:00.000,5,270,236,58127,58127,270,2020-08-31,5,236,0.0211864406779661,0.00309253943787065,5.28363015833303
Tompkins,2020-09-01T00:00:00.000,10,280,1707,59834,59834,280,2020-09-01,10,1707,0.00585823081429408,0.00303701556274906,10.5718726811864
Tompkins,2020-09-02T00:00:00.000,23,303,480,60314,60314,303,2020-09-02,23,480,0.0479166666666667,0.00295012816983406,24.2974387777975
Tompkins,2020-09-03T00:00:00.000,5,308,530,60844,60844,308,2020-09-03,5,530,0.00943396226415094,0.00283629937741157,5.27228283764281
Tompkins,2020-09-04T00:00:00.000,13,321,7425,68269,68269,321,2020-09-04,13,7425,0.00175084175084175,0.00270082832180777,13.6682900669757
Tompkins,2020-09-05T00:00:00.000,11,332,2868,71137,71137,332,2020-09-05,11,2868,0.00383542538354254,0.0025494331844781,11.5209504654182
Tompkins,2020-09-06T00:00:00.000,7,339,3091,74228,74228,339,2020-09-06,7,3091,0.00226463927531543,0.00238781859463073,7.29696596077721
Tompkins,2020-09-07T00:00:00.000,5,344,4157,78385,78385,344,2020-09-07,5,4157,0.00120279047389945,0.00222131300122738,5.18360064773667
Tompkins,2020-09-08T00:00:00.000,2,346,3619,82004,82004,346,2020-09-08,2,3619,0.000552638850511191,0.00205460272735087,2.0607457677173
Tompkins,2020-09-09T00:00:00.000,15,361,3995,85999,85999,361,2020-09-09,15,3995,0.00375469336670839,0.00189157101718003,15.3526150015363
Tompkins,2020-09-10T00:00:00.000,8,369,4186,90185,90185,369,2020-09-10,8,4186,0.00191113234591495,0.00173523500695671,8.13983087636024
Tompkins,2020-09-11T00:00:00.000,6,375,4884,95069,95069,375,2020-09-11,6,4884,0.00122850122850123,0.00158776313215316,6.06937305908037
Tompkins,2020-09-12T00:00:00.000,6,381,3264,98333,98333,381,2020-09-12,6,3264,0.00183823529411765,0.00145055051442535,6.03090447150408
Tompkins,2020-09-13T00:00:00.000,1,382,3013,101346,101346,382,2020-09-13,1,3013,0.000331895121141719,0.00132432953125945,1.0011765075089
Tompkins,2020-09-14T00:00:00.000,2,384,4744,106090,106090,384,2020-09-14,2,4744,0.000421585160202361,0.00120929565287263,1.99587318242408
Tompkins,2020-09-15T00:00:00.000,2,386,5383,111473,111473,386,2020-09-15,2,5383,0.000371540033438603,0.00110523321584099,1.98842443646024
Tompkins,2020-09-16T00:00:00.000,2,388,5657,117130,117130,388,2020-09-16,2,5657,0.000353544281421248,0.00101163081347956,1.98028583271074
Tompkins,2020-09-17T00:00:00.000,2,390,5661,122791,122791,390,2020-09-17,2,5661,0.00035329447094153,0.000927780498165827,1.97149123927708
Tompkins,2020-09-18T00:00:00.000,4,394,5411,128202,128202,394,2020-09-18,4,5411,0.000739234891886897,0.000852858603107478,3.92415717147619
Tompkins,2020-09-19T00:00:00.000,3,397,2274,130476,130476,397,2020-09-19,3,2274,0.00131926121372032,0.000785988519047077,2.92813399092125
Tompkins,2020-09-20T00:00:00.000,1,398,1354,131830,131830,398,2020-09-20,1,1354,0.000738552437223043,0.000726287303682019,0.970783822892528
Tompkins,2020-09-21T00:00:00.000,1,399,4504,136334,136334,399,2020-09-21,1,4504,0.00022202486678508,0.000672898763452165,0.965279733615763
Tompkins,2020-09-22T00:00:00.000,6,405,5351,141685,141685,405,2020-09-22,6,5351,0.00112128574098299,0.000625015832321025,5.75733415961216
Tompkins,2020-09-23T00:00:00.000,1,406,4729,146414,146414,406,2020-09-23,1,4729,0.000211461196870374,0.000581894882059389,0.955597291446599
Tompkins,2020-09-24T00:00:00.000,2,408,5548,151962,151962,408,2020-09-24,2,5548,0.000360490266762797,0.00054286422407796,1.90470602468645
Tompkins,2020-09-25T00:00:00.000,1,409,3228,155190,155190,409,2020-09-25,1,3228,0.000309789343246592,0.000507328577724232,0.949221907520465
Tompkins,2020-09-26T00:00:00.000,4,413,2389,157579,157579,413,2020-09-26,4,2389,0.00167434072833822,0.000474770806689953,3.78471206792416
Tompkins,2020-09-27T00:00:00.000,1,414,73,157652,157652,414,2020-09-27,1,73,0.0136986301369863,0.000444751783718235,0.952435134218881
Tompkins,2020-09-28T00:00:00.000,3,417,2631,160283,160283,417,2020-09-28,3,2631,0.00114025085518814,0.000416908886628601,2.90511752359513
Tompkins,2020-09-29T00:00:00.000,4,421,8648,168931,168931,421,2020-09-29,4,8648,0.000462534690101758,0.000390953358130358,3.93360874471593
Tompkins,2020-09-30T00:00:00.000,5,426,10801,179732,179732,426,2020-09-30,5,10801,0.000462920099990742,0.000366666606861938,4.98635823996396
Ulster,2020-04-01T00:00:00.000,19,240,118,1503,1503,240,2020-04-01,240,1503,0.159680638722555,0.1699603779262,276.331807227863
Ulster,2020-04-02T00:00:00.000,23,263,125,1628,1628,263,2020-04-02,23,125,0.184,0.169997887422289,26.4627399909585
Ulster,2020-04-03T00:00:00.000,27,290,141,1769,1769,290,2020-04-03,27,141,0.191489361702128,0.170028496652195,31.2895498927648
Ulster,2020-04-04T00:00:00.000,42,332,188,1957,1957,332,2020-04-04,42,188,0.223404255319149,0.17004099315457,49.1586165261655
Ulster,2020-04-05T00:00:00.000,40,372,182,2139,2139,372,2020-04-05,40,182,0.21978021978022,0.170019565934331,47.2817175253912
Ulster,2020-04-06T00:00:00.000,26,398,117,2256,2256,398,2020-04-06,26,117,0.222222222222222,0.169944516595697,31.0208467511025
Ulster,2020-04-07T00:00:00.000,24,422,108,2364,2364,422,2020-04-07,24,108,0.222222222222222,0.16979297796902,28.7931315191551
Ulster,2020-04-08T00:00:00.000,38,460,227,2591,2591,460,2020-04-08,38,227,0.167400881057269,0.169539645965805,45.8043710557041
Ulster,2020-04-09T00:00:00.000,70,530,436,3027,3027,530,2020-04-09,70,436,0.160550458715596,0.169157528135802,84.7290518450665
Ulster,2020-04-10T00:00:00.000,59,589,358,3385,3385,589,2020-04-10,59,358,0.164804469273743,0.168618709402501,71.6813597343106
Ulster,2020-04-11T00:00:00.000,23,612,239,3624,3624,612,2020-04-11,23,239,0.096234309623431,0.167895131821036,28.0357878359368
Ulster,2020-04-12T00:00:00.000,18,630,242,3866,3866,630,2020-04-12,18,242,0.0743801652892562,0.166959381451976,22.0040844478679
Ulster,2020-04-13T00:00:00.000,60,690,424,4290,4290,690,2020-04-13,60,424,0.141509433962264,0.165785471740416,73.6595305322038
Ulster,2020-04-14T00:00:00.000,43,733,259,4549,4549,733,2020-04-14,43,259,0.166023166023166,0.164349609404652,53.1541255860675
Ulster,2020-04-15T00:00:00.000,28,761,189,4738,4738,761,2020-04-15,28,189,0.148148148148148,0.162630926087964,34.842987627702
Ulster,2020-04-16T00:00:00.000,27,788,142,4880,4880,788,2020-04-16,27,142,0.190140845070423,0.160612156907327,33.8120088283385
Ulster,2020-04-17T00:00:00.000,32,820,239,5119,5119,820,2020-04-17,32,239,0.133891213389121,0.158280245948712,40.3110332094517
Ulster,2020-04-18T00:00:00.000,34,854,170,5289,5289,854,2020-04-18,34,170,0.2,0.155626858511942,43.0612832635736
Ulster,2020-04-19T00:00:00.000,23,877,167,5456,5456,877,2020-04-19,23,167,0.137724550898204,0.152648780896225,29.2648686279015
Ulster,2020-04-20T00:00:00.000,16,893,85,5541,5541,893,2020-04-20,16,85,0.188235294117647,0.149348190466754,20.4270722554662
Ulster,2020-04-21T00:00:00.000,20,913,110,5651,5651,913,2020-04-21,20,110,0.181818181818182,0.145732781935674,25.5967622415732
Ulster,2020-04-22T00:00:00.000,29,942,152,5803,5803,942,2020-04-22,29,152,0.190789473684211,0.1418157399635,37.2466426112293
Ulster,2020-04-23T00:00:00.000,34,976,208,6011,6011,976,2020-04-23,34,208,0.163461538461538,0.137615553403561,43.9420878610895
Ulster,2020-04-24T00:00:00.000,190,1166,928,6939,6939,1166,2020-04-24,190,928,0.204741379310345,0.133155672479821,246.993964944918
Ulster,2020-04-25T00:00:00.000,24,1190,207,7146,7146,1190,2020-04-25,24,207,0.115942028985507,0.128464016732815,31.3668802517357
Ulster,2020-04-26T00:00:00.000,29,1219,198,7344,7344,1219,2020-04-26,29,198,0.146464646464646,0.123572348293148,38.0857118341272
Ulster,2020-04-27T00:00:00.000,11,1230,94,7438,7438,1230,2020-04-27,11,94,0.117021276595745,0.118515531536246,14.4925274963414
Ulster,2020-04-28T00:00:00.000,22,1252,335,7773,7773,1252,2020-04-28,22,335,0.0656716417910448,0.113330705939138,29.0316072027616
Ulster,2020-04-29T00:00:00.000,27,1279,309,8082,8082,1279,2020-04-29,27,309,0.087378640776699,0.10805640357299,35.6675508829869
Ulster,2020-04-30T00:00:00.000,19,1298,336,8418,8418,1298,2020-04-30,19,336,0.056547619047619,0.102731645574803,25.1121540611779
Ulster,2020-05-01T00:00:00.000,29,1327,362,8780,8780,1327,2020-05-01,29,362,0.0801104972375691,0.097395052947583,38.3270927366708
Ulster,2020-05-02T00:00:00.000,14,1341,256,9036,9036,1341,2020-05-02,14,256,0.0546875,0.0920840058700565,18.4913564596142
Ulster,2020-05-03T00:00:00.000,13,1354,198,9234,9234,1354,2020-05-03,13,198,0.0656565656565657,0.0868338824458267,17.150350271896
Ulster,2020-05-04T00:00:00.000,3,1357,104,9338,9338,1357,2020-05-04,3,104,0.0288461538461538,0.0816774026858699,3.95153989065543
Ulster,2020-05-05T00:00:00.000,26,1383,272,9610,9610,1383,2020-05-05,26,272,0.0955882352941176,0.0766440969637488,34.2305360687538
Ulster,2020-05-06T00:00:00.000,33,1416,298,9908,9908,1416,2020-05-06,33,298,0.110738255033557,0.0717599107182714,43.3778260945099
Ulster,2020-05-07T00:00:00.000,13,1429,276,10184,10184,1429,2020-05-07,13,276,0.0471014492753623,0.0670469494642668,17.0600977847732
Ulster,2020-05-08T00:00:00.000,11,1440,195,10379,10379,1440,2020-05-08,11,195,0.0564102564102564,0.0625233608309499,14.4350122541783
Ulster,2020-05-09T00:00:00.000,10,1450,210,10589,10589,1450,2020-05-09,10,210,0.0476190476190476,0.0582033438828455,13.1134641828055
Ulster,2020-05-10T00:00:00.000,4,1454,135,10724,10724,1454,2020-05-10,4,135,0.0296296296296296,0.0540972708277347,5.23206250802028
Ulster,2020-05-11T00:00:00.000,11,1465,96,10820,10820,1465,2020-05-11,11,96,0.114583333333333,0.0502119026214051,14.292306343563
Ulster,2020-05-12T00:00:00.000,16,1481,314,11134,11134,1481,2020-05-12,16,314,0.0509554140127389,0.0465506779481943,20.734604082068
Ulster,2020-05-13T00:00:00.000,14,1495,536,11670,11670,1495,2020-05-13,14,536,0.0261194029850746,0.0431140546036732,18.1878976121955
Ulster,2020-05-14T00:00:00.000,16,1511,431,12101,12101,1511,2020-05-14,16,431,0.037122969837587,0.039899883100231,20.7253853118357
Ulster,2020-05-15T00:00:00.000,26,1537,398,12499,12499,1537,2020-05-15,26,398,0.0653266331658292,0.0369037941896979,33.6223619012569
Ulster,2020-05-16T00:00:00.000,15,1552,345,12844,12844,1552,2020-05-16,15,345,0.0434782608695652,0.0341195845294983,19.3496439154395
Ulster,2020-05-17T00:00:00.000,5,1557,227,13071,13071,1557,2020-05-17,5,227,0.0220264317180617,0.0315395876811989,6.44123149118797
Ulster,2020-05-18T00:00:00.000,8,1565,177,13248,13248,1565,2020-05-18,8,177,0.0451977401129944,0.0291550206773912,10.3239610194676
Ulster,2020-05-19T00:00:00.000,6,1571,284,13532,13532,1571,2020-05-19,6,284,0.0211267605633803,0.0269562993433793,7.74538568359913
Ulster,2020-05-20T00:00:00.000,13,1584,799,14331,14331,1584,2020-05-20,13,799,0.016270337922403,0.0249333182352138,16.7825672386426
Ulster,2020-05-21T00:00:00.000,11,1595,552,14883,14883,1595,2020-05-21,11,552,0.0199275362318841,0.0230756933388652,14.2177151418699
Ulster,2020-05-22T00:00:00.000,11,1606,418,15301,15301,1606,2020-05-22,11,418,0.0263157894736842,0.0213729675486115,14.2236444511304
Ulster,2020-05-23T00:00:00.000,11,1617,470,15771,15771,1617,2020-05-23,11,470,0.0234042553191489,0.0198147803671572,14.2186385451189
Ulster,2020-05-24T00:00:00.000,15,1632,590,16361,16361,1632,2020-05-24,15,590,0.0254237288135593,0.0183910042916559,19.3677709002847
Ulster,2020-05-25T00:00:00.000,6,1638,162,16523,16523,1638,2020-05-25,6,162,0.037037037037037,0.0170918510161107,7.73303945018505
Ulster,2020-05-26T00:00:00.000,7,1645,355,16878,16878,1645,2020-05-26,7,355,0.0197183098591549,0.0159079509315675,9.01511377303081
Ulster,2020-05-27T00:00:00.000,13,1658,556,17434,17434,1658,2020-05-27,13,556,0.0233812949640288,0.0148304095286427,16.7308513006047
Ulster,2020-05-28T00:00:00.000,5,1663,683,18117,18117,1663,2020-05-28,5,683,0.00732064421669107,0.0138508442339524,6.42708373328648
Ulster,2020-05-29T00:00:00.000,15,1678,746,18863,18863,1678,2020-05-29,15,746,0.0201072386058981,0.0129614050214479,19.3905374458226
Ulster,2020-05-30T00:00:00.000,7,1685,529,19392,19392,1685,2020-05-30,7,529,0.0132325141776938,0.0121547818551705,9.0861540607171
Ulster,2020-05-31T00:00:00.000,6,1691,538,19930,19930,1691,2020-05-31,6,538,0.0111524163568773,0.0114242016925995,7.80684485840548
Ulster,2020-06-01T00:00:00.000,5,1696,327,20257,20257,1696,2020-06-01,5,327,0.0152905198776758,0.0107634174324847,6.50792013618431
Ulster,2020-06-02T00:00:00.000,5,1701,504,20761,20761,1701,2020-06-02,5,504,0.00992063492063492,0.0101666908424811,6.49358122783612
Ulster,2020-06-03T00:00:00.000,3,1704,617,21378,21378,1704,2020-06-03,3,617,0.00486223662884927,0.00962877117559775,3.88038543621319
Ulster,2020-06-04T00:00:00.000,7,1711,1121,22499,22499,1711,2020-06-04,7,1121,0.00624442462087422,0.00914487088098929,9.00187881084462
Ulster,2020-06-05T00:00:00.000,3,1714,776,23275,23275,1714,2020-06-05,3,776,0.0038659793814433,0.00871063954036651,3.83966430144575
Ulster,2020-06-06T00:00:00.000,4,1718,600,23875,23875,1718,2020-06-06,4,600,0.00666666666666667,0.00832213692535428,5.14568941187587
Ulster,2020-06-07T00:00:00.000,3,1721,644,24519,24519,1721,2020-06-07,3,644,0.0046583850931677,0.00797580586074735,3.8640994181833
Ulster,2020-06-08T00:00:00.000,3,1724,403,24922,24922,1724,2020-06-08,3,403,0.00744416873449132,0.00766844540438402,3.86598628493518
Ulster,2020-06-09T00:00:00.000,2,1726,402,25324,25324,1726,2020-06-09,2,402,0.00497512437810945,0.00739718470615293,2.5764990961524
Ulster,2020-06-10T00:00:00.000,3,1729,609,25933,25933,1729,2020-06-10,3,609,0.00492610837438424,0.00715945778532958,3.86035913649579
Ulster,2020-06-11T00:00:00.000,5,1734,731,26664,26664,1734,2020-06-11,5,731,0.00683994528043776,0.00695297936454904,6.42139470825064
Ulster,2020-06-12T00:00:00.000,5,1739,666,27330,27330,1739,2020-06-12,5,666,0.00750750750750751,0.00677572181706959,6.40051414533148
Ulster,2020-06-13T00:00:00.000,2,1741,506,27836,27836,1741,2020-06-13,2,506,0.00395256916996047,0.00662589321722544,2.55038326333004
Ulster,2020-06-14T00:00:00.000,0,1741,502,28338,28338,1741,2020-06-14,0,502,0,0.00650191643097477,0
Ulster,2020-06-15T00:00:00.000,1,1742,546,28884,28884,1742,2020-06-15,1,546,0.00183150183150183,0.00640240914318834,1.27725394508025
Ulster,2020-06-16T00:00:00.000,2,1744,578,29462,29462,1744,2020-06-16,2,578,0.00346020761245675,0.00632616468533623,2.56339914599147
Ulster,2020-06-17T00:00:00.000,2,1746,740,30202,30202,1746,2020-06-17,2,740,0.0027027027027027,0.00627213350650293,2.56858954971668
Ulster,2020-06-18T00:00:00.000,3,1749,820,31022,31022,1749,2020-06-18,3,820,0.00365853658536585,0.00623940511386712,3.84380785906213
Ulster,2020-06-19T00:00:00.000,1,1750,560,31582,31582,1750,2020-06-19,1,560,0.00178571428571429,0.0062271903050875,1.27518487354968
Ulster,2020-06-20T00:00:00.000,4,1754,706,32288,32288,1754,2020-06-20,4,706,0.0056657223796034,0.00623480351382625,5.0615518477113
Ulster,2020-06-21T00:00:00.000,2,1756,583,32871,32871,1756,2020-06-21,2,583,0.00343053173241852,0.00626164510177983,2.50971922465155
Ulster,2020-06-22T00:00:00.000,1,1757,312,33183,33183,1757,2020-06-22,1,312,0.00320512820512821,0.00630718344935088,1.24376979944296
Ulster,2020-06-23T00:00:00.000,3,1760,262,33445,33445,1760,2020-06-23,3,262,0.0114503816793893,0.00637093672601052,3.69686210922372
Ulster,2020-06-24T00:00:00.000,5,1765,762,34207,34207,1765,2020-06-24,5,762,0.00656167979002625,0.00645245426325696,6.10287623438805
Ulster,2020-06-25T00:00:00.000,3,1768,715,34922,34922,1768,2020-06-25,3,715,0.0041958041958042,0.00655129750248699,3.62635999553654
Ulster,2020-06-26T00:00:00.000,5,1773,902,35824,35824,1773,2020-06-26,5,902,0.00554323725055432,0.00666702055556069,5.98531236263534
Ulster,2020-06-27T00:00:00.000,5,1778,541,36365,36365,1778,2020-06-27,5,541,0.00924214417744917,0.00679915048725833,5.95138185708944
Ulster,2020-06-28T00:00:00.000,0,1778,359,36724,36724,1778,2020-06-28,0,359,0,0.00694716751322399,0
Ulster,2020-06-29T00:00:00.000,3,1781,367,37091,37091,1781,2020-06-29,3,367,0.00817438692098093,0.00711048539596039,3.54448337191738
Ulster,2020-06-30T00:00:00.000,1,1782,617,37708,37708,1782,2020-06-30,1,617,0.00162074554294976,0.00728843241407454,1.17672387511578
Ulster,2020-07-01T00:00:00.000,8,1790,581,38289,38289,1790,2020-07-01,8,581,0.0137693631669535,0.00748023336965964,9.34472419502141
Ulster,2020-07-02T00:00:00.000,25,1815,768,39057,39057,1815,2020-07-02,25,768,0.0325520833333333,0.00768499318166257,29.3478203796777
Ulster,2020-07-03T00:00:00.000,10,1825,564,39621,39621,1825,2020-07-03,10,564,0.0177304964539007,0.00790168267785642,11.8207795329556
Ulster,2020-07-04T00:00:00.000,9,1834,698,40319,40319,1834,2020-07-04,9,698,0.0128939828080229,0.0081291272411076,10.7044476966096
Ulster,2020-07-05T00:00:00.000,6,1840,507,40826,40826,1840,2020-07-05,6,507,0.0118343195266272,0.00836599897825012,7.14549196483788
Ulster,2020-07-06T00:00:00.000,3,1843,472,41298,41298,1843,2020-07-06,3,472,0.00635593220338983,0.00861081305211225,3.5769865182132
Ulster,2020-07-07T00:00:00.000,2,1845,371,41669,41669,1845,2020-07-07,2,371,0.00539083557951483,0.00886192874872301,2.38716697153737
Ulster,2020-07-08T00:00:00.000,6,1851,690,42359,42359,1851,2020-07-08,6,690,0.00869565217391304,0.00911755573688042,7.16785497028587
Ulster,2020-07-09T00:00:00.000,2,1853,659,43018,43018,1853,2020-07-09,2,659,0.00303490136570561,0.00937576581676725,2.39094652907754
Ulster,2020-07-10T00:00:00.000,2,1855,636,43654,43654,1855,2020-07-10,2,636,0.00314465408805031,0.00963451025257703,2.39209604502844
Ulster,2020-07-11T00:00:00.000,4,1859,430,44084,44084,1859,2020-07-11,4,430,0.00930232558139535,0.00989164255186067,4.7853773409401
Ulster,2020-07-12T00:00:00.000,3,1862,447,44531,44531,1862,2020-07-12,3,447,0.00671140939597315,0.0101449463000957,3.58903637844366
Ulster,2020-07-13T00:00:00.000,10,1872,525,45056,45056,1872,2020-07-13,10,525,0.019047619047619,0.0103921674004381,11.9604054524442
Ulster,2020-07-14T00:00:00.000,16,1888,823,45879,45879,1888,2020-07-14,16,823,0.0194410692588092,0.010631049823753,19.1267951368075
Ulster,2020-07-15T00:00:00.000,6,1894,658,46537,46537,1894,2020-07-15,6,658,0.00911854103343465,0.010859373758859,7.16699337556277
Ulster,2020-07-16T00:00:00.000,4,1898,734,47271,47271,1898,2020-07-16,4,734,0.00544959128065395,0.0110749948869664,4.7730792505224
Ulster,2020-07-17T00:00:00.000,2,1900,817,48088,48088,1900,2020-07-17,2,817,0.00244798041615667,0.0112758833996759,2.38395641401798
Ulster,2020-07-18T00:00:00.000,1,1901,345,48433,48433,1901,2020-07-18,1,345,0.00289855072463768,0.0114601613485759,1.19528987903516
Ulster,2020-07-19T00:00:00.000,0,1901,444,48877,48877,1901,2020-07-19,0,444,0,0.0116261369607631,0
Ulster,2020-07-20T00:00:00.000,5,1906,626,49503,49503,1906,2020-07-20,5,626,0.00798722044728434,0.0117723346752674,6.03536292459985
Ulster,2020-07-21T00:00:00.000,3,1909,540,50043,50043,1909,2020-07-21,3,540,0.00555555555555556,0.0118975198467482,3.63509750781348
Ulster,2020-07-22T00:00:00.000,2,1911,586,50629,50629,1911,2020-07-22,2,586,0.00341296928327645,0.0120007173085237,2.43067298697281
Ulster,2020-07-23T00:00:00.000,1,1912,598,51227,51227,1912,2020-07-23,1,598,0.00167224080267559,0.0120812232726431,1.2176647494861
Ulster,2020-07-24T00:00:00.000,4,1916,579,51806,51806,1916,2020-07-24,4,579,0.00690846286701209,0.0121386103494066,4.86520418007758
Ulster,2020-07-25T00:00:00.000,9,1925,540,52346,52346,1925,2020-07-25,9,540,0.0166666666666667,0.0121727257751858,10.8542519568446
Ulster,2020-07-26T00:00:00.000,1,1926,423,52769,52769,1926,2020-07-26,1,423,0.00236406619385343,0.0121836832183838,1.19407614636107
Ulster,2020-07-27T00:00:00.000,16,1942,796,53565,53565,1942,2020-07-27,16,796,0.0201005025125628,0.0121718487870191,19.1398712754757
Ulster,2020-07-28T00:00:00.000,31,1973,644,54209,54209,1973,2020-07-28,31,644,0.0481366459627329,0.0121378220559981,37.3252834968659
Ulster,2020-07-29T00:00:00.000,37,2010,967,55176,55176,2010,2020-07-29,37,967,0.0382626680455016,0.0120824130768551,44.7696562988127
Ulster,2020-07-30T00:00:00.000,11,2021,851,56027,56027,2021,2020-07-30,11,851,0.0129259694477086,0.0120066164135717,13.3688426696483
Ulster,2020-07-31T00:00:00.000,5,2026,642,56669,56669,2026,2020-07-31,5,642,0.00778816199376947,0.0119115832683749,6.0800491883734
Ulster,2020-08-01T00:00:00.000,2,2028,394,57063,57063,2028,2020-08-01,2,394,0.0050761421319797,0.0117985927299909,2.4301592534518
Ulster,2020-08-02T00:00:00.000,3,2031,440,57503,57503,2031,2020-08-02,3,440,0.00681818181818182,0.0116690230973475,3.65322344307845
Ulster,2020-08-03T00:00:00.000,8,2039,526,58029,58029,2039,2020-08-03,8,526,0.0152091254752852,0.0115243241151609,9.78276149277341
Ulster,2020-08-04T00:00:00.000,0,2039,407,58436,58436,2039,2020-08-04,0,407,0,0.0113659908206758,0
Ulster,2020-08-05T00:00:00.000,6,2045,663,59099,59099,2045,2020-08-05,6,663,0.00904977375565611,0.0111955395444303,7.52041017998303
Ulster,2020-08-06T00:00:00.000,4,2049,637,59736,59736,2049,2020-08-06,4,637,0.00627943485086342,0.0110144864530605,5.06991343428536
Ulster,2020-08-07T00:00:00.000,8,2057,577,60313,60313,2057,2020-08-07,8,577,0.0138648180242634,0.0108243288706441,10.2236599806458
Ulster,2020-08-08T00:00:00.000,5,2062,669,60982,60982,2062,2020-08-08,5,669,0.00747384155455904,0.0106265294760199,6.43156420334016
Ulster,2020-08-09T00:00:00.000,10,2072,480,61462,61462,2072,2020-08-09,10,480,0.0208333333333333,0.0104225033549519,12.9147379822386
Ulster,2020-08-10T00:00:00.000,4,2076,479,61941,61941,2076,2020-08-10,4,479,0.00835073068893528,0.0102136077851226,5.15773851560826
Ulster,2020-08-11T00:00:00.000,1,2077,409,62350,62350,2077,2020-08-11,1,409,0.00244498777506112,0.0100011345562779,1.28457378161297
Ulster,2020-08-12T00:00:00.000,4,2081,654,63004,63004,2081,2020-08-12,4,654,0.00611620795107034,0.0097863045741168,5.11195307442833
Ulster,2020-08-13T00:00:00.000,5,2086,595,63599,63599,2086,2020-08-13,5,595,0.00840336134453781,0.00957026446113092,6.34916320602439
Ulster,2020-08-14T00:00:00.000,3,2089,981,64580,64580,2089,2020-08-14,3,981,0.00305810397553517,0.00935408485616366,3.7856612302561
Ulster,2020-08-15T00:00:00.000,6,2095,715,65295,65295,2095,2020-08-15,6,715,0.00839160839160839,0.00913876011232938,7.54882740717506
Ulster,2020-08-16T00:00:00.000,3,2098,345,65640,65640,2098,2020-08-16,3,345,0.00869565217391304,0.00892520910977201,3.75825898559728
Ulster,2020-08-17T00:00:00.000,2,2100,489,66129,66129,2100,2020-08-17,2,489,0.00408997955010225,0.0087142769212418,2.49161677247958
Ulster,2020-08-18T00:00:00.000,6,2106,729,66858,66858,2106,2020-08-18,6,729,0.00823045267489712,0.00850673709928505,7.42442776281279
Ulster,2020-08-19T00:00:00.000,7,2113,663,67521,67521,2113,2020-08-19,7,663,0.0105580693815988,0.00830329438671938,8.59364179063692
Ulster,2020-08-20T00:00:00.000,2,2115,741,68262,68262,2115,2020-08-20,2,741,0.00269905533063428,0.00810458768734974,2.43344373454715
Ulster,2020-08-21T00:00:00.000,11,2126,563,68825,68825,2126,2020-08-21,11,563,0.019538188277087,0.00791119316560102,13.2520417671695
Ulster,2020-08-22T00:00:00.000,1,2127,593,69418,69418,2127,2020-08-22,1,593,0.00168634064080944,0.00772362737776215,1.19184859298412
Ulster,2020-08-23T00:00:00.000,7,2134,482,69900,69900,2134,2020-08-23,7,482,0.0145228215767635,0.00754235036145505,8.24765053802647
Ulster,2020-08-24T00:00:00.000,3,2137,530,70430,70430,2137,2020-08-24,3,530,0.00566037735849057,0.00736776863599726,3.49535073018806
Ulster,2020-08-25T00:00:00.000,4,2141,581,71011,71011,2141,2020-08-25,4,581,0.00688468158347676,0.00720023808286706,4.63433969165648
Ulster,2020-08-26T00:00:00.000,11,2152,937,71948,71948,2152,2020-08-26,11,937,0.0117395944503735,0.00704006668947269,12.666222648637
Ulster,2020-08-27T00:00:00.000,3,2155,692,72640,72640,2155,2020-08-27,3,692,0.00433526011560694,0.00688751714899376,3.43139331689835
Ulster,2020-08-28T00:00:00.000,7,2162,899,73539,73539,2162,2020-08-28,7,899,0.00778642936596218,0.00674280931402928,7.92357491295448
Ulster,2020-08-29T00:00:00.000,6,2168,973,74512,74512,2168,2020-08-29,6,973,0.00616649537512847,0.00660612250320505,6.79469589497215
Ulster,2020-08-30T00:00:00.000,7,2175,608,75120,75120,2175,2020-08-30,7,608,0.0115131578947368,0.00647759766125575,7.94622804220095
Ulster,2020-08-31T00:00:00.000,1,2176,619,75739,75739,2176,2020-08-31,1,619,0.00161550888529887,0.00635733936839664,1.13568638925378
Ulster,2020-09-01T00:00:00.000,2,2178,865,76604,76604,2178,2020-09-01,2,865,0.0023121387283237,0.00624541769432564,2.27244492821178
Ulster,2020-09-02T00:00:00.000,12,2190,1057,77661,77661,2190,2020-09-02,12,1057,0.011352885525071,0.00614186988757796,13.6414293864582
Ulster,2020-09-03T00:00:00.000,6,2196,679,78340,78340,2196,2020-09-03,6,679,0.00883652430044183,0.00604670188871205,6.82427619235255
Ulster,2020-09-04T00:00:00.000,3,2199,722,79062,79062,2199,2020-09-04,3,722,0.00415512465373961,0.00595988965504364,3.41402119652705
Ulster,2020-09-05T00:00:00.000,2,2201,762,79824,79824,2201,2020-09-05,2,762,0.0026246719160105,0.0058813802849202,2.27734686020856
Ulster,2020-09-06T00:00:00.000,2,2203,534,80358,80358,2203,2020-09-06,2,534,0.00374531835205993,0.00581109293101129,2.27876701831498
Ulster,2020-09-07T00:00:00.000,0,2203,292,80650,80650,2203,2020-09-07,0,292,0,0.00574891949836965,0
Ulster,2020-09-08T00:00:00.000,0,2203,469,81119,81119,2203,2020-09-08,0,469,0,0.0056947251290876,0
Ulster,2020-09-09T00:00:00.000,1,2204,529,81648,81648,2204,2020-09-09,1,529,0.00189035916824197,0.00564834848464325,1.14182877507101
Ulster,2020-09-10T00:00:00.000,5,2209,811,82459,82459,2209,2020-09-10,5,811,0.0061652281134402,0.0056096018502879,5.72074740897032
Ulster,2020-09-11T00:00:00.000,6,2215,677,83136,83136,2215,2020-09-11,6,677,0.00886262924667651,0.00557827109818558,6.88200878885821
Ulster,2020-09-12T00:00:00.000,3,2218,730,83866,83866,2218,2020-09-12,3,730,0.00410958904109589,0.00555411556246985,3.44874162741052
Ulster,2020-09-13T00:00:00.000,1,2219,487,84353,84353,2219,2020-09-13,1,487,0.00205338809034908,0.00553686789640928,1.15514754703554
Ulster,2020-09-14T00:00:00.000,6,2225,453,84806,84806,2225,2020-09-14,6,453,0.0132450331125828,0.00552623399893397,6.97017810299185
Ulster,2020-09-15T00:00:00.000,4,2229,481,85287,85287,2229,2020-09-15,4,481,0.00831600831600832,0.00552189311469873,4.67092069943171
Ulster,2020-09-16T00:00:00.000,2,2231,661,85948,85948,2231,2020-09-16,2,661,0.00302571860816944,0.00552349822932074,2.34664339457727
Ulster,2020-09-17T00:00:00.000,4,2235,597,86545,86545,2235,2020-09-17,4,597,0.0067001675041876,0.00553067689306658,4.71365890025546
Ulster,2020-09-18T00:00:00.000,4,2239,729,87274,87274,2239,2020-09-18,4,729,0.00548696844993141,0.00554303261811643,4.73187685188209
Ulster,2020-09-19T00:00:00.000,3,2242,677,87951,87951,2242,2020-09-19,3,677,0.00443131462333826,0.00556014699981762,3.56088504103481
Ulster,2020-09-20T00:00:00.000,0,2242,445,88396,88396,2242,2020-09-20,0,445,0,0.00558158271098688,0
Ulster,2020-09-21T00:00:00.000,2,2244,500,88896,88896,2244,2020-09-21,2,500,0.004,0.00560688751200093,2.38649426517841
Ulster,2020-09-22T00:00:00.000,0,2244,426,89322,89322,2244,2020-09-22,0,426,0,0.00563559940468735,0
Ulster,2020-09-23T00:00:00.000,10,2254,708,90030,90030,2254,2020-09-23,10,708,0.0141242937853107,0.00566725303319744,11.9985210212731
Ulster,2020-09-24T00:00:00.000,1,2255,632,90662,90662,2255,2020-09-24,1,632,0.00158227848101266,0.00570138740742712,1.2048331072817
Ulster,2020-09-25T00:00:00.000,1,2256,810,91472,91472,2256,2020-09-25,1,810,0.00123456790123457,0.00573755498502899,1.20979422295968
Ulster,2020-09-26T00:00:00.000,4,2260,631,92103,92103,2260,2020-09-26,4,631,0.0063391442155309,0.00577533210861247,4.85894676181204
Ulster,2020-09-27T00:00:00.000,4,2264,406,92509,92509,2264,2020-09-27,4,406,0.00985221674876847,0.00581433075071894,4.92644458991633
Ulster,2020-09-28T00:00:00.000,8,2272,837,93346,93346,2272,2020-09-28,8,837,0.00955794504181601,0.00585421147998264,10.0896282198874
Ulster,2020-09-29T00:00:00.000,8,2280,516,93862,93862,2280,2020-09-29,8,516,0.0155038759689922,0.00589469752703283,10.3194087267437
Ulster,2020-09-30T00:00:00.000,2,2282,839,94701,94701,2282,2020-09-30,2,839,0.00238379022646007,0.0059355898100568,2.63489140113427
Warren,2020-04-01T00:00:00.000,0,18,9,478,478,18,2020-04-01,18,478,0.0376569037656904,0.0680720412353381,18.9127311639531
Warren,2020-04-02T00:00:00.000,1,19,11,489,489,19,2020-04-02,1,11,0.0909090909090909,0.0739847163876162,1.05870953032502
Warren,2020-04-03T00:00:00.000,1,20,7,496,496,20,2020-04-03,1,7,0.142857142857143,0.0803516784558516,1.07518420420015
Warren,2020-04-04T00:00:00.000,5,25,13,509,509,25,2020-04-04,5,13,0.384615384615385,0.0871728568291958,5.4739790450494
Warren,2020-04-05T00:00:00.000,1,26,12,521,521,26,2020-04-05,1,12,0.0833333333333333,0.094429420026042,1.11453598386866
Warren,2020-04-06T00:00:00.000,5,31,15,536,536,31,2020-04-06,5,15,0.333333333333333,0.102080792495147,5.66909836145892
Warren,2020-04-07T00:00:00.000,2,33,14,550,550,33,2020-04-07,2,14,0.142857142857143,0.110062274112937,2.29762702379622
Warren,2020-04-08T00:00:00.000,7,40,31,581,581,40,2020-04-08,7,31,0.225806451612903,0.118283634164088,8.13929344481562
Warren,2020-04-09T00:00:00.000,3,43,21,602,602,43,2020-04-09,3,21,0.142857142857143,0.126629035680577,3.52760344559013
Warren,2020-04-10T00:00:00.000,1,44,17,619,619,44,2020-04-10,1,17,0.0588235294117647,0.134958569053207,1.18818398297501
Warren,2020-04-11T00:00:00.000,2,46,20,639,639,46,2020-04-11,2,20,0.1,0.143111537980676,2.39926699025857
Warren,2020-04-12T00:00:00.000,2,48,18,657,657,48,2020-04-12,2,18,0.111111111111111,0.15091146385936,2.42031523236128
Warren,2020-04-13T00:00:00.000,29,77,67,724,724,77,2020-04-13,29,67,0.432835820895522,0.158172585358006,35.4351412661142
Warren,2020-04-14T00:00:00.000,0,77,7,731,731,77,2020-04-14,0,7,0,0.164707462608732,0
Warren,2020-04-15T00:00:00.000,4,81,35,766,766,81,2020-04-15,4,35,0.114285714285714,0.170335180914345,5.00066162786473
Warren,2020-04-16T00:00:00.000,10,91,41,807,807,91,2020-04-16,10,41,0.24390243902439,0.1748896034526,12.6300702860694
Warren,2020-04-17T00:00:00.000,3,94,38,845,845,94,2020-04-17,3,38,0.0789473684210526,0.178227146831569,3.82428209268563
Warren,2020-04-18T00:00:00.000,2,96,27,872,872,96,2020-04-18,2,27,0.0740740740740741,0.18023362894952,2.57047375668808
Warren,2020-04-19T00:00:00.000,5,101,20,892,892,101,2020-04-19,5,20,0.25,0.180829840430625,6.47062785650251
Warren,2020-04-20T00:00:00.000,1,102,13,905,905,102,2020-04-20,1,13,0.0769230769230769,0.179975590604893,1.3007310475978
Warren,2020-04-21T00:00:00.000,6,108,33,938,938,108,2020-04-21,6,33,0.181818181818182,0.177672060184942,7.83271775617071
Warren,2020-04-22T00:00:00.000,11,119,40,978,978,119,2020-04-22,11,40,0.275,0.173962350186239,14.419656077346
Warren,2020-04-23T00:00:00.000,3,122,38,1016,1016,122,2020-04-23,3,38,0.0789473684210526,0.168930160912413,3.95755531072422
Warren,2020-04-24T00:00:00.000,10,132,94,1110,1110,132,2020-04-24,10,94,0.106382978723404,0.162696584004794,13.2627815696076
Warren,2020-04-25T00:00:00.000,3,135,61,1171,1171,135,2020-04-25,3,61,0.0491803278688525,0.15541506474066,3.9962486318976
Warren,2020-04-26T00:00:00.000,12,147,60,1231,1231,147,2020-04-26,12,60,0.2,0.147264702345424,16.0384746361885
Warren,2020-04-27T00:00:00.000,3,150,25,1256,1256,150,2020-04-27,3,25,0.12,0.138442199988551,4.01441276485702
Warren,2020-04-28T00:00:00.000,2,152,12,1268,1268,152,2020-04-28,2,12,0.166666666666667,0.129152932888756,2.67395480123812
Warren,2020-04-29T00:00:00.000,24,176,105,1373,1373,176,2020-04-29,24,105,0.228571428571429,0.1196017390895,32.0279738763924
Warren,2020-04-30T00:00:00.000,6,182,94,1467,1467,182,2020-04-30,6,94,0.0638297872340425,0.109984114510092,7.98443497348777
Warren,2020-05-01T00:00:00.000,3,185,66,1533,1533,185,2020-05-01,3,66,0.0454545454545455,0.100478483306774,3.97724872820617
Warren,2020-05-02T00:00:00.000,3,188,43,1576,1576,188,2020-05-02,3,43,0.0697674418604651,0.0912401059559323,3.95878710865197
Warren,2020-05-03T00:00:00.000,4,192,53,1629,1629,192,2020-05-03,4,53,0.0754716981132075,0.082396995733822,5.24942637707327
Warren,2020-05-04T00:00:00.000,0,192,34,1663,1663,192,2020-05-04,0,34,0,0.0740479747693945,0
Warren,2020-05-05T00:00:00.000,1,193,22,1685,1685,193,2020-05-05,1,22,0.0454545454545455,0.0662627598749772,1.29753605153799
Warren,2020-05-06T00:00:00.000,0,193,44,1729,1729,193,2020-05-06,0,44,0,0.0590837687862448,0
Warren,2020-05-07T00:00:00.000,6,199,72,1801,1801,199,2020-05-07,6,72,0.0833333333333333,0.0525292085397595,7.68407504461276
Warren,2020-05-08T00:00:00.000,3,202,97,1898,1898,202,2020-05-08,3,97,0.0309278350515464,0.0465969592238979,3.822761933149
Warren,2020-05-09T00:00:00.000,5,207,149,2047,2047,207,2020-05-09,5,149,0.0335570469798658,0.0412687898230348,6.33511960240806
Warren,2020-05-10T00:00:00.000,10,217,90,2137,2137,217,2020-05-10,10,90,0.111111111111111,0.0365145182263859,12.575983372755
Warren,2020-05-11T00:00:00.000,4,221,40,2177,2177,221,2020-05-11,4,40,0.1,0.0322958300761432,4.97282985214604
Warren,2020-05-12T00:00:00.000,2,223,127,2304,2304,223,2020-05-12,2,127,0.015748031496063,0.0285695783562716,2.4683318218178
Warren,2020-05-13T00:00:00.000,4,227,192,2496,2496,227,2020-05-13,4,192,0.0208333333333333,0.0252904815331422,4.92661108233405
Warren,2020-05-14T00:00:00.000,1,228,137,2633,2633,228,2020-05-14,1,137,0.0072992700729927,0.0224132131127232,1.22274495740741
Warren,2020-05-15T00:00:00.000,0,228,116,2749,2749,228,2020-05-15,0,116,0,0.0198939273710283,0
Warren,2020-05-16T00:00:00.000,4,232,205,2954,2954,232,2020-05-16,4,205,0.0195121951219512,0.0176912961373278,4.83189292071434
Warren,2020-05-17T00:00:00.000,2,234,130,3084,3084,234,2020-05-17,2,130,0.0153846153846154,0.0157671443220582,2.40391220255932
Warren,2020-05-18T00:00:00.000,1,235,52,3136,3136,235,2020-05-18,1,52,0.0192307692307692,0.0140867721297701,1.19995837906774
Warren,2020-05-19T00:00:00.000,0,235,102,3238,3238,235,2020-05-19,0,102,0,0.0126190443634083,0
Warren,2020-05-20T00:00:00.000,6,241,213,3451,3451,241,2020-05-20,6,213,0.028169014084507,0.0113363156247673,7.15872169241852
Warren,2020-05-21T00:00:00.000,5,246,234,3685,3685,246,2020-05-21,5,234,0.0213675213675214,0.0102142472429226,5.95678998352598
Warren,2020-05-22T00:00:00.000,3,249,114,3799,3799,249,2020-05-22,3,114,0.0263157894736842,0.00923155925612327,3.56681414928498
Warren,2020-05-23T00:00:00.000,1,250,159,3958,3958,250,2020-05-23,1,159,0.00628930817610063,0.00836974963231724,1.18587154782787
Warren,2020-05-24T00:00:00.000,1,251,65,4023,4023,251,2020-05-24,1,65,0.0153846153846154,0.00761280361696988,1.18217643558106
Warren,2020-05-25T00:00:00.000,0,251,56,4079,4079,251,2020-05-25,0,56,0,0.00694690870314299,0
Warren,2020-05-26T00:00:00.000,1,252,111,4190,4190,252,2020-05-26,1,111,0.00900900900900901,0.00636018504018666,1.17505642859737
Warren,2020-05-27T00:00:00.000,1,253,116,4306,4306,253,2020-05-27,1,116,0.00862068965517241,0.00584243694300807,1.17251599531944
Warren,2020-05-28T00:00:00.000,1,254,205,4511,4511,254,2020-05-28,1,205,0.0048780487804878,0.00538492819392001,1.16953795576402
Warren,2020-05-29T00:00:00.000,1,255,235,4746,4746,255,2020-05-29,1,235,0.00425531914893617,0.00498018183073679,1.17478366527522
Warren,2020-05-30T00:00:00.000,0,255,255,5001,5001,255,2020-05-30,0,255,0,0.00462180380650629,0
Warren,2020-05-31T00:00:00.000,0,255,112,5113,5113,255,2020-05-31,0,112,0,0.00430432912384655,0
Warren,2020-06-01T00:00:00.000,0,255,139,5252,5252,255,2020-06-01,0,139,0,0.00402308862780978,0
Warren,2020-06-02T00:00:00.000,1,256,156,5408,5408,256,2020-06-02,1,156,0.00641025641025641,0.003774094455765,1.17619028496671
Warren,2020-06-03T00:00:00.000,0,256,344,5752,5752,256,2020-06-03,0,344,0,0.00355394212605848,0
Warren,2020-06-04T00:00:00.000,0,256,235,5987,5987,256,2020-06-04,0,235,0,0.00335972731990215,0
Warren,2020-06-05T00:00:00.000,1,257,137,6124,6124,257,2020-06-05,1,137,0.0072992700729927,0.00318897553331171,1.15752962751303
Warren,2020-06-06T00:00:00.000,0,257,256,6380,6380,257,2020-06-06,0,256,0,0.00303958293295461,0
Warren,2020-06-07T00:00:00.000,0,257,204,6584,6584,257,2020-06-07,0,204,0,0.00290976689953541,0
Warren,2020-06-08T00:00:00.000,0,257,12,6596,6596,257,2020-06-08,0,12,0,0.00279802489729218,0
Warren,2020-06-09T00:00:00.000,0,257,189,6785,6785,257,2020-06-09,0,189,0,0.00270310044747843,0
Warren,2020-06-10T00:00:00.000,0,257,234,7019,7019,257,2020-06-10,0,234,0,0.00262395510743298,0
Warren,2020-06-11T00:00:00.000,0,257,344,7363,7363,257,2020-06-11,0,344,0,0.00255974546416595,0
Warren,2020-06-12T00:00:00.000,0,257,135,7498,7498,257,2020-06-12,0,135,0,0.00250980424065565,0
Warren,2020-06-13T00:00:00.000,0,257,86,7584,7584,257,2020-06-13,0,86,0,0.0024736246801613,0
Warren,2020-06-14T00:00:00.000,0,257,195,7779,7779,257,2020-06-14,0,195,0,0.0024508474201782,0
Warren,2020-06-15T00:00:00.000,0,257,62,7841,7841,257,2020-06-15,0,62,0,0.00244124909421153,0
Warren,2020-06-16T00:00:00.000,0,257,177,8018,8018,257,2020-06-16,0,177,0,0.00244473189849938,0
Warren,2020-06-17T00:00:00.000,1,258,225,8243,8243,258,2020-06-17,1,225,0.00444444444444444,0.00246131334448303,1.16960677923477
Warren,2020-06-18T00:00:00.000,3,261,193,8436,8436,261,2020-06-18,3,193,0.0155440414507772,0.00249111537360624,3.50660409906493
Warren,2020-06-19T00:00:00.000,0,261,175,8611,8611,261,2020-06-19,0,175,0,0.0025343519620382,0
Warren,2020-06-20T00:00:00.000,0,261,155,8766,8766,261,2020-06-20,0,155,0,0.00259131427605646,0
Warren,2020-06-21T00:00:00.000,1,262,141,8907,8907,262,2020-06-21,1,141,0.00709219858156028,0.00266235238723323,1.15200098557425
Warren,2020-06-22T00:00:00.000,0,262,62,8969,8969,262,2020-06-22,0,62,0,0.00274785252343423,0
Warren,2020-06-23T00:00:00.000,0,262,177,9146,9146,262,2020-06-23,0,177,0,0.00284820884589855,0
Warren,2020-06-24T00:00:00.000,1,263,138,9284,9284,263,2020-06-24,1,138,0.0072463768115942,0.00296378883867968,1.12921539551202
Warren,2020-06-25T00:00:00.000,0,263,101,9385,9385,263,2020-06-25,0,101,0,0.00309489159573685,0
Warren,2020-06-26T00:00:00.000,0,263,210,9595,9595,263,2020-06-26,0,210,0,0.0032416986478158,0
Warren,2020-06-27T00:00:00.000,0,263,153,9748,9748,263,2020-06-27,0,153,0,0.00340421749754953,0
Warren,2020-06-28T00:00:00.000,0,263,144,9892,9892,263,2020-06-28,0,144,0,0.00358221876874843,0
Warren,2020-06-29T00:00:00.000,0,263,51,9943,9943,263,2020-06-29,0,51,0,0.00377516881372673,0
Warren,2020-06-30T00:00:00.000,0,263,137,10080,10080,263,2020-06-30,0,137,0,0.00398216073858844,0
Warren,2020-07-01T00:00:00.000,1,264,174,10254,10254,264,2020-07-01,1,174,0.00574712643678161,0.0042018480261641,1.1026280090272
Warren,2020-07-02T00:00:00.000,2,266,117,10371,10371,266,2020-07-02,2,117,0.0170940170940171,0.00443238614659304,2.22210844342309
Warren,2020-07-03T00:00:00.000,2,268,134,10505,10505,268,2020-07-03,2,134,0.0149253731343284,0.00467138856467863,2.24310061254722
Warren,2020-07-04T00:00:00.000,1,269,131,10636,10636,269,2020-07-04,1,131,0.00763358778625954,0.0049159041819727,1.13103932161533
Warren,2020-07-05T00:00:00.000,3,272,164,10800,10800,272,2020-07-05,3,164,0.0182926829268293,0.00516242326049638,3.40436188625702
Warren,2020-07-06T00:00:00.000,1,273,62,10862,10862,273,2020-07-06,1,62,0.0161290322580645,0.00540691804684304,1.13811621588435
Warren,2020-07-07T00:00:00.000,0,273,193,11055,11055,273,2020-07-07,0,193,0,0.0056449225246537,0
Warren,2020-07-08T00:00:00.000,0,273,133,11188,11188,273,2020-07-08,0,133,0,0.00587165294039097,0
Warren,2020-07-09T00:00:00.000,1,274,247,11435,11435,274,2020-07-09,1,247,0.00404858299595142,0.00608216711072614,1.1448406135807
Warren,2020-07-10T00:00:00.000,0,274,157,11592,11592,274,2020-07-10,0,157,0,0.0062715563482991,0
Warren,2020-07-11T00:00:00.000,3,277,264,11856,11856,277,2020-07-11,3,264,0.0113636363636364,0.006435159627964,3.43800531108022
Warren,2020-07-12T00:00:00.000,3,280,219,12075,12075,280,2020-07-12,3,219,0.0136986301369863,0.00656878593984907,3.43638168788908
Warren,2020-07-13T00:00:00.000,0,280,77,12152,12152,280,2020-07-13,0,77,0,0.00666892825817667,0
Warren,2020-07-14T00:00:00.000,4,284,194,12346,12346,284,2020-07-14,4,194,0.0206185567010309,0.00673295171410853,4.56820042175732
Warren,2020-07-15T00:00:00.000,1,285,85,12431,12431,285,2020-07-15,1,85,0.0117647058823529,0.00675923969770785,1.1391871024117
Warren,2020-07-16T00:00:00.000,1,286,220,12651,12651,286,2020-07-16,1,220,0.00454545454545455,0.00674728475231682,1.13557861248158
Warren,2020-07-17T00:00:00.000,0,286,302,12953,12953,286,2020-07-17,0,302,0,0.00669771594959056,0
Warren,2020-07-18T00:00:00.000,1,287,192,13145,13145,287,2020-07-18,1,192,0.00520833333333333,0.00661226035568727,1.13132963491597
Warren,2020-07-19T00:00:00.000,0,287,135,13280,13280,287,2020-07-19,0,135,0,0.00649364242955164,0
Warren,2020-07-20T00:00:00.000,1,288,199,13479,13479,288,2020-07-20,1,199,0.0050251256281407,0.00634543088635425,1.13473183218562
Warren,2020-07-21T00:00:00.000,0,288,265,13744,13744,288,2020-07-21,0,265,0,0.00617184698138275,0
Warren,2020-07-22T00:00:00.000,2,290,215,13959,13959,290,2020-07-22,2,215,0.00930232558139535,0.00597755079303039,2.2670345635178
Warren,2020-07-23T00:00:00.000,2,292,234,14193,14193,292,2020-07-23,2,234,0.00854700854700855,0.00576742270235696,2.26175113316381
Warren,2020-07-24T00:00:00.000,1,293,340,14533,14533,293,2020-07-24,1,340,0.00294117647058824,0.00554635598054622,1.12466960152793
Warren,2020-07-25T00:00:00.000,1,294,375,14908,14908,294,2020-07-25,1,375,0.00266666666666667,0.0053190735842908,1.11020251053713
Warren,2020-07-26T00:00:00.000,0,294,268,15176,15176,294,2020-07-26,0,268,0,0.00508997845007108,0
Warren,2020-07-27T00:00:00.000,4,298,141,15317,15317,298,2020-07-27,4,141,0.0283687943262411,0.00486304241498724,4.36550180573164
Warren,2020-07-28T00:00:00.000,0,298,166,15483,15483,298,2020-07-28,0,166,0,0.00464173488804669,0
Warren,2020-07-29T00:00:00.000,0,298,129,15612,15612,298,2020-07-29,0,129,0,0.00442898902663522,0
Warren,2020-07-30T00:00:00.000,2,300,228,15840,15840,300,2020-07-30,2,228,0.0087719298245614,0.00422720067525546,2.18974904588427
Warren,2020-07-31T00:00:00.000,0,300,238,16078,16078,300,2020-07-31,0,238,0,0.00403825379444697,0
Warren,2020-08-01T00:00:00.000,0,300,159,16237,16237,300,2020-08-01,0,159,0,0.00386356549798249,0
Warren,2020-08-02T00:00:00.000,0,300,151,16388,16388,300,2020-08-02,0,151,0,0.00370414395911348,0
Warren,2020-08-03T00:00:00.000,2,302,353,16741,16741,302,2020-08-03,2,353,0.0056657223796034,0.00356065313441171,2.17466765238703
Warren,2020-08-04T00:00:00.000,2,304,201,16942,16942,304,2020-08-04,2,201,0.00995024875621891,0.00343347927661635,2.19741239337771
Warren,2020-08-05T00:00:00.000,0,304,108,17050,17050,304,2020-08-05,0,108,0,0.00332279535405663,0
Warren,2020-08-06T00:00:00.000,3,307,270,17320,17320,307,2020-08-06,3,270,0.0111111111111111,0.00322862062875833,3.36331143523619
Warren,2020-08-07T00:00:00.000,1,308,150,17470,17470,308,2020-08-07,1,150,0.00666666666666667,0.00315087365166339,1.12958628638996
Warren,2020-08-08T00:00:00.000,0,308,211,17681,17681,308,2020-08-08,0,211,0,0.00308941775697771,0
Warren,2020-08-09T00:00:00.000,4,312,206,17887,17887,312,2020-08-09,4,206,0.0194174757281553,0.00304409876211128,4.56766516606593
Warren,2020-08-10T00:00:00.000,0,312,148,18035,18035,312,2020-08-10,0,148,0,0.00301477500287217,0
Warren,2020-08-11T00:00:00.000,0,312,155,18190,18190,312,2020-08-11,0,155,0,0.0030013400891419,0
Warren,2020-08-12T00:00:00.000,0,312,322,18512,18512,312,2020-08-12,0,322,0,0.00300373888262395,0
Warren,2020-08-13T00:00:00.000,0,312,301,18813,18813,312,2020-08-13,0,301,0,0.00302197720796122,0
Warren,2020-08-14T00:00:00.000,0,312,283,19096,19096,312,2020-08-14,0,283,0,0.00305612575832551,0
Warren,2020-08-15T00:00:00.000,0,312,223,19319,19319,312,2020-08-15,0,223,0,0.00310631855972297,0
Warren,2020-08-16T00:00:00.000,0,312,188,19507,19507,312,2020-08-16,0,188,0,0.00317274626194269,0
Warren,2020-08-17T00:00:00.000,1,313,209,19716,19716,313,2020-08-17,1,209,0.00478468899521531,0.00325564443415296,1.12899446062084
Warren,2020-08-18T00:00:00.000,0,313,135,19851,19851,313,2020-08-18,0,135,0,0.00335527699134465,0
Warren,2020-08-19T00:00:00.000,0,313,174,20025,20025,313,2020-08-19,0,174,0,0.00347191487283949,0
Warren,2020-08-20T00:00:00.000,1,314,202,20227,20227,314,2020-08-20,1,202,0.00495049504950495,0.00360581015310218,1.12206626783525
Warren,2020-08-21T00:00:00.000,1,315,260,20487,20487,315,2020-08-21,1,260,0.00384615384615385,0.00375716588794676,1.1182835823979
Warren,2020-08-22T00:00:00.000,0,315,192,20679,20679,315,2020-08-22,0,192,0,0.00392610220400478,0
Warren,2020-08-23T00:00:00.000,0,315,147,20826,20826,315,2020-08-23,0,147,0,0.0041126193976738,0
Warren,2020-08-24T00:00:00.000,1,316,163,20989,20989,316,2020-08-24,1,163,0.00613496932515337,0.00431655913731349,1.10445919969804
Warren,2020-08-25T00:00:00.000,0,316,95,21084,21084,316,2020-08-25,0,95,0,0.00453756521251256,0
Warren,2020-08-26T00:00:00.000,2,318,172,21256,21256,318,2020-08-26,2,172,0.0116279069767442,0.00477504563053825,2.21525896934634
Warren,2020-08-27T00:00:00.000,2,320,180,21436,21436,320,2020-08-27,2,180,0.0111111111111111,0.00502813817876321,2.21673456467636
Warren,2020-08-28T00:00:00.000,1,321,353,21789,21789,321,2020-08-28,1,353,0.0028328611898017,0.00529568180467656,1.10492100228224
Warren,2020-08-29T00:00:00.000,0,321,155,21944,21944,321,2020-08-29,0,155,0,0.00557619626449478,0
Warren,2020-08-30T00:00:00.000,0,321,144,22088,22088,321,2020-08-30,0,144,0,0.00586787242580374,0
Warren,2020-08-31T00:00:00.000,1,322,158,22246,22246,322,2020-08-31,1,158,0.00632911392405063,0.0061685753206442,1.13226835220023
Warren,2020-09-01T00:00:00.000,0,322,281,22527,22527,322,2020-09-01,0,281,0,0.00647586155558653,0
Warren,2020-09-02T00:00:00.000,1,323,164,22691,22691,323,2020-09-02,1,164,0.00609756097560976,0.00678701196860475,1.14819706802617
Warren,2020-09-03T00:00:00.000,1,324,190,22881,22881,324,2020-09-03,1,190,0.00526315789473684,0.00709907953677708,1.15577605681629
Warren,2020-09-04T00:00:00.000,1,325,134,23015,23015,325,2020-09-04,1,134,0.00746268656716418,0.00740895154218473,1.16304578575965
Warren,2020-09-05T00:00:00.000,1,326,199,23214,23214,326,2020-09-05,1,199,0.0050251256281407,0.00771342397405668,1.16997338159615
Warren,2020-09-06T00:00:00.000,0,326,115,23329,23329,326,2020-09-06,0,115,0,0.00800928517574004,0
Warren,2020-09-07T00:00:00.000,5,331,203,23532,23532,331,2020-09-07,5,203,0.0246305418719212,0.00829340495473429,5.91348972851383
Warren,2020-09-08T00:00:00.000,0,331,203,23735,23735,331,2020-09-08,0,203,0,0.00856282481820602,0
Warren,2020-09-09T00:00:00.000,1,332,131,23866,23866,332,2020-09-09,1,131,0.00763358778625954,0.00881484475665893,1.19379650161775
Warren,2020-09-10T00:00:00.000,9,341,274,24140,24140,341,2020-09-10,9,274,0.0328467153284672,0.00904710211634528,10.8014739636374
Warren,2020-09-11T00:00:00.000,7,348,244,24384,24384,348,2020-09-11,7,244,0.0286885245901639,0.00925763853579848,8.44621384423229
Warren,2020-09-12T00:00:00.000,0,348,230,24614,24614,348,2020-09-12,0,230,0,0.00944495167070875,0
Warren,2020-09-13T00:00:00.000,0,348,188,24802,24802,348,2020-09-13,0,188,0,0.00960802940108843,0
Warren,2020-09-14T00:00:00.000,0,348,105,24907,24907,348,2020-09-14,0,105,0,0.00974636531106165,0
Warren,2020-09-15T00:00:00.000,3,351,174,25081,25081,351,2020-09-15,3,174,0.0172413793103448,0.00985995535712005,3.71229476370559
Warren,2020-09-16T00:00:00.000,1,352,177,25258,25258,352,2020-09-16,1,177,0.00564971751412429,0.00994927671176772,1.24444248916602
Warren,2020-09-17T00:00:00.000,2,354,230,25488,25488,354,2020-09-17,2,230,0.00869565217391304,0.0100152506534331,2.50101622913957
Warren,2020-09-18T00:00:00.000,2,356,221,25709,25709,356,2020-09-18,2,221,0.00904977375565611,0.0100591920720913,2.51122140477441
Warren,2020-09-19T00:00:00.000,4,360,314,26023,26023,360,2020-09-19,4,314,0.0127388535031847,0.0100827485880513,5.03901854035407
Warren,2020-09-20T00:00:00.000,3,363,196,26219,26219,363,2020-09-20,3,196,0.0153061224489796,0.0100878324386925,3.78889636190903
Warren,2020-09-21T00:00:00.000,0,363,547,26766,26766,363,2020-09-21,0,547,0,0.0100765482159654,0
Warren,2020-09-22T00:00:00.000,3,366,258,27024,27024,366,2020-09-22,3,258,0.0116279069767442,0.010051119246049,3.80035163088376
Warren,2020-09-23T00:00:00.000,3,369,278,27302,27302,369,2020-09-23,3,278,0.0107913669064748,0.0100138149268951,3.81040963924405
Warren,2020-09-24T00:00:00.000,2,371,322,27624,27624,371,2020-09-24,2,322,0.0062111801242236,0.00996688079888453,2.54808997821986
Warren,2020-09-25T00:00:00.000,6,377,284,27908,27908,377,2020-09-25,6,284,0.0211267605633803,0.0099124724796082,7.66669647953326
Warren,2020-09-26T00:00:00.000,4,381,453,28361,28361,381,2020-09-26,4,453,0.00883002207505519,0.00985259399023089,5.12553853474027
Warren,2020-09-27T00:00:00.000,2,383,206,28567,28567,383,2020-09-27,2,206,0.00970873786407767,0.00978904041440782,2.59494194206627
Warren,2020-09-28T00:00:00.000,3,386,232,28799,28799,386,2020-09-28,3,232,0.0129310344827586,0.00972334435088288,3.98053234659876
Warren,2020-09-29T00:00:00.000,5,391,283,29082,29082,391,2020-09-29,5,283,0.0176678445229682,0.00965672523477688,6.77597299397893
Warren,2020-09-30T00:00:00.000,0,391,344,29426,29426,391,2020-09-30,0,344,0,0.00959004039777487,0
Washington,2020-04-01T00:00:00.000,2,12,9,280,280,12,2020-04-01,12,280,0.0428571428571429,0.0614066172275794,12.4792254347527
Washington,2020-04-02T00:00:00.000,3,15,13,293,293,15,2020-04-02,3,13,0.230769230769231,0.0677760854514016,3.14841174683234
Washington,2020-04-03T00:00:00.000,1,16,9,302,302,16,2020-04-03,1,9,0.111111111111111,0.0747411821354741,1.06742993101663
Washington,2020-04-04T00:00:00.000,2,18,15,317,317,18,2020-04-04,2,15,0.133333333333333,0.0823232840313599,2.17709440996371
Washington,2020-04-05T00:00:00.000,1,19,2,319,319,19,2020-04-05,1,2,0.5,0.0905269089118667,1.10984193784045
Washington,2020-04-06T00:00:00.000,0,19,13,332,332,19,2020-04-06,0,13,0,0.0993355094101718,0
Washington,2020-04-07T00:00:00.000,1,20,27,359,359,20,2020-04-07,1,27,0.037037037037037,0.10870752742242,1.14739155349324
Washington,2020-04-08T00:00:00.000,5,25,24,383,383,25,2020-04-08,5,24,0.208333333333333,0.118573136085521,5.81520240354514
Washington,2020-04-09T00:00:00.000,1,26,14,397,397,26,2020-04-09,1,14,0.0714285714285714,0.128832134222623,1.17789775374736
Washington,2020-04-10T00:00:00.000,5,31,16,413,413,31,2020-04-10,5,16,0.3125,0.139353429909886,5.95998844543717
Washington,2020-04-11T00:00:00.000,3,34,18,431,431,34,2020-04-11,3,18,0.166666666666667,0.149976444483666,3.61580231450472
Washington,2020-04-12T00:00:00.000,3,37,15,446,446,37,2020-04-12,3,15,0.2,0.160514591376165,3.65293901385951
Washington,2020-04-13T00:00:00.000,3,40,36,482,482,40,2020-04-13,3,36,0.0833333333333333,0.170760760129637,3.6938827993308
Washington,2020-04-14T00:00:00.000,2,42,8,490,490,42,2020-04-14,2,8,0.25,0.180494504886798,2.49556019037454
Washington,2020-04-15T00:00:00.000,4,46,24,514,514,46,2020-04-15,4,24,0.166666666666667,0.189490444569872,5.05423888465034
Washington,2020-04-16T00:00:00.000,2,48,19,533,533,48,2020-04-16,2,19,0.105263157894737,0.197527267368848,2.55694902060773
Washington,2020-04-17T00:00:00.000,4,52,25,558,558,52,2020-04-17,4,25,0.16,0.204396714524816,5.16938242660297
Washington,2020-04-18T00:00:00.000,11,63,35,593,593,63,2020-04-18,11,35,0.314285714285714,0.209911991937977,14.354762320545
Washington,2020-04-19T00:00:00.000,2,65,9,602,602,65,2020-04-19,2,9,0.222222222222222,0.213915194702481,2.6321071681815
Washington,2020-04-20T00:00:00.000,3,68,12,614,614,68,2020-04-20,3,12,0.25,0.216283487835368,3.97456621988041
Washington,2020-04-21T00:00:00.000,5,73,17,631,631,73,2020-04-21,5,17,0.294117647058824,0.216933924743613,6.65889343812962
Washington,2020-04-22T00:00:00.000,7,80,36,667,667,80,2020-04-22,7,36,0.194444444444444,0.215826872979774,9.37616588239249
Washington,2020-04-23T00:00:00.000,3,83,26,693,693,83,2020-04-23,3,26,0.115384615384615,0.212968042802866,4.05030490258008
Washington,2020-04-24T00:00:00.000,30,113,134,827,827,113,2020-04-24,30,134,0.223880597014925,0.208409086240299,40.7858664945772
Washington,2020-04-25T00:00:00.000,14,127,51,878,878,127,2020-04-25,14,51,0.274509803921569,0.202246678072725,19.1468841648733
Washington,2020-04-26T00:00:00.000,3,130,37,915,915,130,2020-04-26,3,37,0.0810810810810811,0.194619940997864,4.12298673563086
Washington,2020-04-27T00:00:00.000,1,131,13,928,928,131,2020-04-27,1,13,0.0769230769230769,0.185706072109443,1.37802320677909
Washington,2020-04-28T00:00:00.000,3,134,19,947,947,134,2020-04-28,3,19,0.157894736842105,0.175714094953033,4.13633356079503
Washington,2020-04-29T00:00:00.000,14,148,58,1005,1005,148,2020-04-29,14,58,0.241379310344828,0.164876810771839,19.2924981791088
Washington,2020-04-30T00:00:00.000,22,170,88,1093,1093,170,2020-04-30,22,88,0.25,0.153441239186014,30.2675195901684
Washington,2020-05-01T00:00:00.000,14,184,63,1156,1156,184,2020-05-01,14,63,0.222222222222222,0.141658082236157,19.2090709794935
Washington,2020-05-02T00:00:00.000,2,186,63,1219,1219,186,2020-05-02,2,63,0.0317460317460317,0.129770958442727,2.73382091306216
Washington,2020-05-03T00:00:00.000,2,188,31,1250,1250,188,2020-05-03,2,31,0.0645161290322581,0.118006275207505,2.72070356692552
Washington,2020-05-04T00:00:00.000,0,188,22,1272,1272,188,2020-05-04,0,22,0,0.106564595400631,0
Washington,2020-05-05T00:00:00.000,1,189,25,1297,1297,189,2020-05-05,1,25,0.04,0.0956141969703645,1.34599894514687
Washington,2020-05-06T00:00:00.000,1,190,20,1317,1317,190,2020-05-06,1,20,0.05,0.0852872505229971,1.33737766467015
Washington,2020-05-07T00:00:00.000,11,201,106,1423,1423,201,2020-05-07,11,106,0.10377358490566,0.0756787068849203,14.6113490913746
Washington,2020-05-08T00:00:00.000,3,204,86,1509,1509,204,2020-05-08,3,86,0.0348837209302326,0.0668476644685293,3.9632376852041
Washington,2020-05-09T00:00:00.000,2,206,60,1569,1569,206,2020-05-09,2,60,0.0333333333333333,0.0588207355776512,2.62546166565978
Washington,2020-05-10T00:00:00.000,4,210,39,1608,1608,210,2020-05-10,4,39,0.102564102564103,0.0515967877518557,5.20736062402708
Washington,2020-05-11T00:00:00.000,0,210,24,1632,1632,210,2020-05-11,0,24,0,0.0451524069560175,0
Washington,2020-05-12T00:00:00.000,4,214,66,1698,1698,214,2020-05-12,4,66,0.0606060606060606,0.0394474946503798,5.09853138886567
Washington,2020-05-13T00:00:00.000,1,215,77,1775,1775,215,2020-05-13,1,77,0.012987012987013,0.0344305369371304,1.270243431512
Washington,2020-05-14T00:00:00.000,2,217,65,1840,1840,217,2020-05-14,2,65,0.0307692307692308,0.030043234814151,2.51819949959972
Washington,2020-05-15T00:00:00.000,1,218,75,1915,1915,218,2020-05-15,1,75,0.0133333333333333,0.0262243301605817,1.24973579455214
Washington,2020-05-16T00:00:00.000,1,219,70,1985,1985,219,2020-05-16,1,70,0.0142857142857143,0.0229125830106509,1.23962050067368
Washington,2020-05-17T00:00:00.000,0,219,47,2032,2032,219,2020-05-17,0,47,0,0.0200489433544804,0
Washington,2020-05-18T00:00:00.000,1,220,41,2073,2073,220,2020-05-18,1,41,0.024390243902439,0.0175780149532542,1.2268233031451
Washington,2020-05-19T00:00:00.000,1,221,66,2139,2139,221,2020-05-19,1,66,0.0151515151515152,0.0154489345276194,1.22099988848574
Washington,2020-05-20T00:00:00.000,1,222,87,2226,2226,222,2020-05-20,1,87,0.0114942528735632,0.0136157944472713,1.21518201758974
Washington,2020-05-21T00:00:00.000,2,224,100,2326,2326,224,2020-05-21,2,100,0.02,0.0120377280872479,2.42217822867607
Washington,2020-05-22T00:00:00.000,1,225,70,2396,2396,225,2020-05-22,1,70,0.0142857142857143,0.0106787605760064,1.20637910060921
Washington,2020-05-23T00:00:00.000,1,226,213,2609,2609,226,2020-05-23,1,213,0.00469483568075117,0.0095075083852184,1.20108315012119
Washington,2020-05-24T00:00:00.000,2,228,51,2660,2660,228,2020-05-24,2,51,0.0392156862745098,0.00849679217580161,2.3904701822736
Washington,2020-05-25T00:00:00.000,0,228,106,2766,2766,228,2020-05-25,0,106,0,0.00762321027598655,0
Washington,2020-05-26T00:00:00.000,0,228,107,2873,2873,228,2020-05-26,0,107,0,0.00686670591491178,0
Washington,2020-05-27T00:00:00.000,3,231,293,3166,3166,231,2020-05-27,3,293,0.0102389078498294,0.00621015003093837,3.53908372197989
Washington,2020-05-28T00:00:00.000,1,232,340,3506,3506,232,2020-05-28,1,340,0.00294117647058824,0.00563895290004963,1.17494131636369
Washington,2020-05-29T00:00:00.000,3,235,240,3746,3746,235,2020-05-29,3,240,0.0125,0.00514071159812718,3.53554979307716
Washington,2020-05-30T00:00:00.000,0,235,222,3968,3968,235,2020-05-30,0,222,0,0.00470489597101955,0
Washington,2020-05-31T00:00:00.000,0,235,99,4067,4067,235,2020-05-31,0,99,0,0.0043225729110682,0
Washington,2020-06-01T00:00:00.000,2,237,81,4148,4148,237,2020-06-01,2,81,0.0246913580246914,0.00398616695230251,2.35701711522635
Washington,2020-06-02T00:00:00.000,1,238,270,4418,4418,238,2020-06-02,1,270,0.0037037037037037,0.00368925419017208,1.17351911843145
Washington,2020-06-03T00:00:00.000,0,238,354,4772,4772,238,2020-06-03,0,354,0,0.00342638606566727,0
Washington,2020-06-04T00:00:00.000,2,240,158,4930,4930,240,2020-06-04,2,158,0.0126582278481013,0.00319293944485332,2.31508226468293
Washington,2020-06-05T00:00:00.000,0,240,254,5184,5184,240,2020-06-05,0,254,0,0.00298498954066883,0
Washington,2020-06-06T00:00:00.000,0,240,243,5427,5427,240,2020-06-06,0,243,0,0.00279920247124214,0
Washington,2020-06-07T00:00:00.000,0,240,211,5638,5638,240,2020-06-07,0,211,0,0.00263274456210311,0
Washington,2020-06-08T00:00:00.000,0,240,32,5670,5670,240,2020-06-08,0,32,0,0.002483205837432,0
Washington,2020-06-09T00:00:00.000,0,240,260,5930,5930,240,2020-06-09,0,260,0,0.00234853547996298,0
Washington,2020-06-10T00:00:00.000,1,241,230,6160,6160,241,2020-06-10,1,230,0.00434782608695652,0.00222698735444305,1.14495974254683
Washington,2020-06-11T00:00:00.000,1,242,368,6528,6528,242,2020-06-11,1,368,0.00271739130434783,0.00211707397690778,1.14029145749487
Washington,2020-06-12T00:00:00.000,0,242,238,6766,6766,242,2020-06-12,0,238,0,0.00201752756748885,0
Washington,2020-06-13T00:00:00.000,1,243,99,6865,6865,243,2020-06-13,1,99,0.0101010101010101,0.00192726704699417,1.12705523444865
Washington,2020-06-14T00:00:00.000,0,243,185,7050,7050,243,2020-06-14,0,185,0,0.00184537002830314,0
Washington,2020-06-15T00:00:00.000,0,243,67,7117,7117,243,2020-06-15,0,67,0,0.00177104901496441,0
Washington,2020-06-16T00:00:00.000,0,243,164,7281,7281,243,2020-06-16,0,164,0,0.00170363115368987,0
Washington,2020-06-17T00:00:00.000,0,243,171,7452,7452,243,2020-06-17,0,171,0,0.00164254099839573,0
Washington,2020-06-18T00:00:00.000,0,243,148,7600,7600,243,2020-06-18,0,148,0,0.00158728583347086,0
Washington,2020-06-19T00:00:00.000,1,244,206,7806,7806,244,2020-06-19,1,206,0.00485436893203883,0.00153744317704075,1.10872501443281
Washington,2020-06-20T00:00:00.000,0,244,121,7927,7927,244,2020-06-20,0,121,0,0.0014926501430751,0
Washington,2020-06-21T00:00:00.000,0,244,118,8045,8045,244,2020-06-21,0,118,0,0.00145259438791742,0
Washington,2020-06-22T00:00:00.000,0,244,35,8080,8080,244,2020-06-22,0,35,0,0.00141700640393356,0
Washington,2020-06-23T00:00:00.000,0,244,239,8319,8319,244,2020-06-23,0,239,0,0.0013856529528649,0
Washington,2020-06-24T00:00:00.000,1,245,185,8504,8504,245,2020-06-24,1,185,0.00540540540540541,0.00135833145607038,1.04446199196277
Washington,2020-06-25T00:00:00.000,0,245,109,8613,8613,245,2020-06-25,0,109,0,0.00133486517917787,0
Washington,2020-06-26T00:00:00.000,0,245,213,8826,8826,245,2020-06-26,0,213,0,0.00131509906658746,0
Washington,2020-06-27T00:00:00.000,1,246,193,9019,9019,246,2020-06-27,1,193,0.00518134715025907,0.00129889609700176,1.00869481441122
Washington,2020-06-28T00:00:00.000,0,246,157,9176,9176,246,2020-06-28,0,157,0,0.00128613404606754,0
Washington,2020-06-29T00:00:00.000,0,246,50,9226,9226,246,2020-06-29,0,50,0,0.00127670255643015,0
Washington,2020-06-30T00:00:00.000,0,246,172,9398,9398,246,2020-06-30,0,172,0,0.00127050042966888,0
Washington,2020-07-01T00:00:00.000,0,246,156,9554,9554,246,2020-07-01,0,156,0,0.00126743306892935,0
Washington,2020-07-02T00:00:00.000,0,246,86,9640,9640,246,2020-07-02,0,86,0,0.00126741001600668,0
Washington,2020-07-03T00:00:00.000,0,246,192,9832,9832,246,2020-07-03,0,192,0,0.00127034254208803,0
Washington,2020-07-04T00:00:00.000,0,246,79,9911,9911,246,2020-07-04,0,79,0,0.00127614126771327,0
Washington,2020-07-05T00:00:00.000,1,247,206,10117,10117,247,2020-07-05,1,206,0.00485436893203883,0.00128471380468544,0.987437788143992
Washington,2020-07-06T00:00:00.000,0,247,55,10172,10172,247,2020-07-06,0,55,0,0.00129596243038731,0
Washington,2020-07-07T00:00:00.000,0,247,196,10368,10368,247,2020-07-07,0,196,0,0.00130978182322077,0
Washington,2020-07-08T00:00:00.000,1,248,160,10528,10528,248,2020-07-08,1,160,0.00625,0.00132605690603559,0.985159007656514
Washington,2020-07-09T00:00:00.000,1,249,242,10770,10770,249,2020-07-09,1,242,0.00413223140495868,0.00134466086174943,0.9844654278981
Washington,2020-07-10T00:00:00.000,0,249,176,10946,10946,249,2020-07-10,0,176,0,0.0013654534009403,0
Washington,2020-07-11T00:00:00.000,0,249,153,11099,11099,249,2020-07-11,0,153,0,0.00138827937395246,0
Washington,2020-07-12T00:00:00.000,0,249,148,11247,11247,249,2020-07-12,0,148,0,0.00141296782848236,0
Washington,2020-07-13T00:00:00.000,1,250,111,11358,11358,250,2020-07-13,1,111,0.00900900900900901,0.00143933161641717,0.981502421559569
Washington,2020-07-14T00:00:00.000,0,250,178,11536,11536,250,2020-07-14,0,178,0,0.00146716764957512,0
Washington,2020-07-15T00:00:00.000,0,250,95,11631,11631,250,2020-07-15,0,95,0,0.0014962578917711,0
Washington,2020-07-16T00:00:00.000,0,250,196,11827,11827,250,2020-07-16,0,196,0,0.00152637115377883,0
Washington,2020-07-17T00:00:00.000,0,250,247,12074,12074,250,2020-07-17,0,247,0,0.00155726572818278,0
Washington,2020-07-18T00:00:00.000,0,250,135,12209,12209,250,2020-07-18,0,135,0,0.00158869286369356,0
Washington,2020-07-19T00:00:00.000,0,250,115,12324,12324,250,2020-07-19,0,115,0,0.0016204010349191,0
Washington,2020-07-20T00:00:00.000,0,250,140,12464,12464,250,2020-07-20,0,140,0,0.00165214091632993,0
Washington,2020-07-21T00:00:00.000,1,251,329,12793,12793,251,2020-07-21,1,329,0.00303951367781155,0.00168367092176578,0.996494457471276
Washington,2020-07-22T00:00:00.000,1,252,250,13043,13043,252,2020-07-22,1,250,0.004,0.00171476312700366,1.0004519428162
Washington,2020-07-23T00:00:00.000,0,252,219,13262,13262,252,2020-07-23,0,219,0,0.00174520935681879,0
Washington,2020-07-24T00:00:00.000,0,252,275,13537,13537,252,2020-07-24,0,275,0,0.0017748271933228,0
Washington,2020-07-25T00:00:00.000,1,253,300,13837,13837,253,2020-07-25,1,300,0.00333333333333333,0.00180346565235499,0.996390074741684
Washington,2020-07-26T00:00:00.000,1,254,271,14108,14108,254,2020-07-26,1,271,0.003690036900369,0.00183101028082549,0.987923329089308
Washington,2020-07-27T00:00:00.000,0,254,96,14204,14204,254,2020-07-27,0,96,0,0.00185738745131281,0
Washington,2020-07-28T00:00:00.000,0,254,142,14346,14346,254,2020-07-28,0,142,0,0.00188256766877183,0
Washington,2020-07-29T00:00:00.000,0,254,144,14490,14490,254,2020-07-29,0,144,0,0.00190656775601087,0
Washington,2020-07-30T00:00:00.000,0,254,249,14739,14739,254,2020-07-30,0,249,0,0.00192945184504036,0
Washington,2020-07-31T00:00:00.000,1,255,261,15000,15000,255,2020-07-31,1,261,0.00383141762452107,0.00195133116561874,1.01478312683143
Washington,2020-08-01T00:00:00.000,0,255,96,15096,15096,255,2020-08-01,0,96,0,0.00197236268519333,0
Washington,2020-08-02T00:00:00.000,0,255,106,15202,15202,255,2020-08-02,0,106,0,0.00199274671063676,0
Washington,2020-08-03T00:00:00.000,0,255,211,15413,15413,255,2020-08-03,0,211,0,0.00201272360740674,0
Washington,2020-08-04T00:00:00.000,0,255,90,15503,15503,255,2020-08-04,0,90,0,0.0020325698231611,0
Washington,2020-08-05T00:00:00.000,1,256,74,15577,15577,256,2020-08-05,1,74,0.0135135135135135,0.00205259341816605,1.0578304608151
Washington,2020-08-06T00:00:00.000,0,256,260,15837,15837,256,2020-08-06,0,260,0,0.00207312930438101,0
Washington,2020-08-07T00:00:00.000,1,257,84,15921,15921,257,2020-08-07,1,84,0.0119047619047619,0.00209453437963363,1.0843888957411
Washington,2020-08-08T00:00:00.000,2,259,105,16026,16026,259,2020-08-08,2,105,0.019047619047619,0.0021171827151369,2.18934039164721
Washington,2020-08-09T00:00:00.000,1,260,122,16148,16148,260,2020-08-09,1,122,0.00819672131147541,0.00214146091695808,1.10245129112442
Washington,2020-08-10T00:00:00.000,0,260,145,16293,16293,260,2020-08-10,0,145,0,0.00216776373792571,0
Washington,2020-08-11T00:00:00.000,0,260,200,16493,16493,260,2020-08-11,0,200,0,0.00219648996967906,0
Washington,2020-08-12T00:00:00.000,0,260,239,16732,16732,260,2020-08-12,0,239,0,0.00222803859813392,0
Washington,2020-08-13T00:00:00.000,0,260,224,16956,16956,260,2020-08-13,0,224,0,0.00226280516214786,0
Washington,2020-08-14T00:00:00.000,1,261,242,17198,17198,261,2020-08-14,1,242,0.00413223140495868,0.00230117821746767,1.09676955784787
Washington,2020-08-15T00:00:00.000,0,261,202,17400,17400,261,2020-08-15,0,202,0,0.00234353577705069,0
Washington,2020-08-16T00:00:00.000,0,261,144,17544,17544,261,2020-08-16,0,144,0,0.00239024157690247,0
Washington,2020-08-17T00:00:00.000,1,262,180,17724,17724,262,2020-08-17,1,180,0.00555555555555556,0.00244164100393707,1.09697390170293
Washington,2020-08-18T00:00:00.000,0,262,140,17864,17864,262,2020-08-18,0,140,0,0.00249805652059503,0
Washington,2020-08-19T00:00:00.000,2,264,183,18047,18047,264,2020-08-19,2,183,0.0109289617486339,0.00255978243065403,2.18275234999857
Washington,2020-08-20T00:00:00.000,0,264,260,18307,18307,264,2020-08-20,0,260,0,0.00262707885304892,0
Washington,2020-08-21T00:00:00.000,2,266,275,18582,18582,266,2020-08-21,2,275,0.00727272727272727,0.00270016480619419,2.16388877912903
Washington,2020-08-22T00:00:00.000,0,266,235,18817,18817,266,2020-08-22,0,235,0,0.00277921035594606,0
Washington,2020-08-23T00:00:00.000,0,266,168,18985,18985,266,2020-08-23,0,168,0,0.00286432784539786,0
Washington,2020-08-24T00:00:00.000,0,266,194,19179,19179,266,2020-08-24,0,194,0,0.00295556230552511,0
Washington,2020-08-25T00:00:00.000,0,266,119,19298,19298,266,2020-08-25,0,119,0,0.00305288124010317,0
Washington,2020-08-26T00:00:00.000,0,266,164,19462,19462,266,2020-08-26,0,164,0,0.00315616408459031,0
Washington,2020-08-27T00:00:00.000,1,267,137,19599,19599,267,2020-08-27,1,137,0.0072992700729927,0.00326519175231248,1.06153384682332
Washington,2020-08-28T00:00:00.000,0,267,257,19856,19856,267,2020-08-28,0,257,0,0.00337963679573498,0
Washington,2020-08-29T00:00:00.000,0,267,204,20060,20060,267,2020-08-29,0,204,0,0.00349905481702446,0
Washington,2020-08-30T00:00:00.000,0,267,122,20182,20182,267,2020-08-30,0,122,0,0.00362287785001962,0
Washington,2020-08-31T00:00:00.000,1,268,111,20293,20293,268,2020-08-31,1,111,0.00900900900900901,0.00375041049131174,1.07730521430837
Washington,2020-09-01T00:00:00.000,0,268,408,20701,20701,268,2020-09-01,0,408,0,0.00388082956967766,0
Washington,2020-09-02T00:00:00.000,0,268,176,20877,20877,268,2020-09-02,0,176,0,0.00401318809647528,0
Washington,2020-09-03T00:00:00.000,1,269,189,21066,21066,269,2020-09-03,1,189,0.00529100529100529,0.0041464241258105,1.09526916555107
Washington,2020-09-04T00:00:00.000,0,269,138,21204,21204,269,2020-09-04,0,138,0,0.00427937496668427,0
Washington,2020-09-05T00:00:00.000,1,270,173,21377,21377,270,2020-09-05,1,173,0.00578034682080925,0.00441079693090914,1.10637656260103
Washington,2020-09-06T00:00:00.000,0,270,117,21494,21494,270,2020-09-06,0,117,0,0.00453939047941746,0
Washington,2020-09-07T00:00:00.000,1,271,105,21599,21599,271,2020-09-07,1,105,0.00952380952380952,0.00466383026447762,1.11654139508354
Washington,2020-09-08T00:00:00.000,1,272,321,21920,21920,272,2020-09-08,1,321,0.00311526479750779,0.0047827991814878,1.12121745324106
Washington,2020-09-09T00:00:00.000,0,272,92,22012,22012,272,2020-09-09,0,92,0,0.00489502517512835,0
Washington,2020-09-10T00:00:00.000,3,275,246,22258,22258,275,2020-09-10,3,246,0.0121951219512195,0.00499931922764087,3.39314099396145
Washington,2020-09-11T00:00:00.000,8,283,230,22488,22488,283,2020-09-11,8,230,0.0347826086956522,0.00509461272648572,9.09316591743801
Washington,2020-09-12T00:00:00.000,1,284,149,22637,22637,284,2020-09-12,1,149,0.00671140939597315,0.00517999229663187,1.14159175804325
Washington,2020-09-13T00:00:00.000,0,284,184,22821,22821,284,2020-09-13,0,184,0,0.00525473020909249,0
Washington,2020-09-14T00:00:00.000,0,284,117,22938,22938,284,2020-09-14,0,117,0,0.00531830864905049,0
Washington,2020-09-15T00:00:00.000,2,286,249,23187,23187,286,2020-09-15,2,249,0.00803212851405622,0.0053704364355307,2.32897408956915
Washington,2020-09-16T00:00:00.000,1,287,191,23378,23378,287,2020-09-16,1,191,0.00523560209424084,0.00541105720641071,1.17091101745466
Washington,2020-09-17T00:00:00.000,0,287,210,23588,23588,287,2020-09-17,0,210,0,0.00544034857844017,0
Washington,2020-09-18T00:00:00.000,0,287,185,23773,23773,287,2020-09-18,0,185,0,0.00545871231773849,0
Washington,2020-09-19T00:00:00.000,0,287,214,23987,23987,287,2020-09-19,0,214,0,0.00546675606053814,0
Washington,2020-09-20T00:00:00.000,0,287,110,24097,24097,287,2020-09-20,0,110,0,0.00546526756017776,0
Washington,2020-09-21T00:00:00.000,1,288,356,24453,24453,288,2020-09-21,1,356,0.00280898876404494,0.00545518276707245,1.18997858446104
Washington,2020-09-22T00:00:00.000,1,289,193,24646,24646,289,2020-09-22,1,193,0.00518134715025907,0.00543754924705717,1.19130072207867
Washington,2020-09-23T00:00:00.000,5,294,295,24941,24941,294,2020-09-23,5,295,0.0169491525423729,0.00541348649909875,5.97184004250088
Washington,2020-09-24T00:00:00.000,0,294,215,25156,25156,294,2020-09-24,0,215,0,0.00538414465309685,0
Washington,2020-09-25T00:00:00.000,2,296,311,25467,25467,296,2020-09-25,2,311,0.00643086816720257,0.00535066282750586,2.40275546880684
Washington,2020-09-26T00:00:00.000,0,296,274,25741,25741,296,2020-09-26,0,274,0,0.0053141281375293,0
Washington,2020-09-27T00:00:00.000,3,299,165,25906,25906,299,2020-09-27,3,165,0.0181818181818182,0.00527553600147989,3.65907702474481
Washington,2020-09-28T00:00:00.000,2,301,313,26219,26219,301,2020-09-28,2,313,0.00638977635782748,0.00523575203738224,2.49440080939355
Washington,2020-09-29T00:00:00.000,1,302,243,26462,26462,302,2020-09-29,1,243,0.00411522633744856,0.00519547551288896,1.27374122429373
Washington,2020-09-30T00:00:00.000,0,302,335,26797,26797,302,2020-09-30,0,335,0,0.00515520405087981,0
Wayne,2020-04-01T00:00:00.000,3,27,28,345,345,27,2020-04-01,27,345,0.0782608695652174,0.0778254735843372,28.751519921648
Wayne,2020-04-02T00:00:00.000,3,30,28,373,373,30,2020-04-02,3,28,0.107142857142857,0.0754322689040258,3.18228881981441
Wayne,2020-04-03T00:00:00.000,0,30,35,408,408,30,2020-04-03,0,35,0,0.0731069920816575,0
Wayne,2020-04-04T00:00:00.000,2,32,24,432,432,32,2020-04-04,2,24,0.0833333333333333,0.0708482587625371,2.14465733457437
Wayne,2020-04-05T00:00:00.000,2,34,15,447,447,34,2020-04-05,2,15,0.133333333333333,0.0686546387877084,2.15913773081136
Wayne,2020-04-06T00:00:00.000,1,35,31,478,478,35,2020-04-06,1,31,0.032258064516129,0.0665245818867976,1.08629504858563
Wayne,2020-04-07T00:00:00.000,4,39,46,524,524,39,2020-04-07,4,46,0.0869565217391304,0.0644563638803328,4.35584340565139
Wayne,2020-04-08T00:00:00.000,0,39,34,558,558,39,2020-04-08,0,34,0,0.0624480512065385,0
Wayne,2020-04-09T00:00:00.000,2,41,34,592,592,41,2020-04-09,2,34,0.0588235294117647,0.0604974817183888,2.18428296523178
Wayne,2020-04-10T00:00:00.000,1,42,17,609,609,42,2020-04-10,1,17,0.0588235294117647,0.0586022598949607,1.09308789176849
Wayne,2020-04-11T00:00:00.000,0,42,7,616,616,42,2020-04-11,0,7,0,0.0567597647189876,0
Wayne,2020-04-12T00:00:00.000,0,42,8,624,624,42,2020-04-12,0,8,0,0.0549671686370991,0
Wayne,2020-04-13T00:00:00.000,6,48,39,663,663,48,2020-04-13,6,39,0.153846153846154,0.0532214661458726,6.57480660924766
Wayne,2020-04-14T00:00:00.000,0,48,20,683,683,48,2020-04-14,0,20,0,0.0515195106445421,0
Wayne,2020-04-15T00:00:00.000,1,49,12,695,695,49,2020-04-15,1,12,0.0833333333333333,0.0498580583131063,1.10563194425755
Wayne,2020-04-16T00:00:00.000,0,49,7,702,702,49,2020-04-16,0,7,0,0.0482338177914431,0
Wayne,2020-04-17T00:00:00.000,0,49,7,709,709,49,2020-04-17,0,7,0,0.0466435045043852,0
Wayne,2020-04-18T00:00:00.000,1,50,6,715,715,50,2020-04-18,1,6,0.166666666666667,0.0450838984134225,1.11892697048155
Wayne,2020-04-19T00:00:00.000,0,50,2,717,717,50,2020-04-19,0,2,0,0.0435519039690225,0
Wayne,2020-04-20T00:00:00.000,1,51,8,725,725,51,2020-04-20,1,8,0.125,0.0420446109106991,1.12470125494946
Wayne,2020-04-21T00:00:00.000,1,52,16,741,741,52,2020-04-21,1,16,0.0625,0.0405593544819578,1.12618157231548
Wayne,2020-04-22T00:00:00.000,1,53,13,754,754,53,2020-04-22,1,13,0.0769230769230769,0.0390937734820285,1.12908711055485
Wayne,2020-04-23T00:00:00.000,0,53,12,766,766,53,2020-04-23,0,12,0,0.0376458644721853,0
Wayne,2020-04-24T00:00:00.000,12,65,257,1023,1023,65,2020-04-24,12,257,0.0466926070038911,0.036214030347389,13.6951157055396
Wayne,2020-04-25T00:00:00.000,0,65,36,1059,1059,65,2020-04-25,0,36,0,0.034797121439768,0
Wayne,2020-04-26T00:00:00.000,4,69,28,1087,1087,69,2020-04-26,4,28,0.142857142857143,0.033394467336388,4.60892236394203
Wayne,2020-04-27T00:00:00.000,1,70,53,1140,1140,70,2020-04-27,1,53,0.0188679245283019,0.0320058976983129,1.15583787701826
Wayne,2020-04-28T00:00:00.000,0,70,45,1185,1185,70,2020-04-28,0,45,0,0.0306317505690484,0
Wayne,2020-04-29T00:00:00.000,1,71,54,1239,1239,71,2020-04-29,1,54,0.0185185185185185,0.0292728669968908,1.15928709228838
Wayne,2020-04-30T00:00:00.000,0,71,56,1295,1295,71,2020-04-30,0,56,0,0.0279305712136864,0
Wayne,2020-05-01T00:00:00.000,2,73,43,1338,1338,73,2020-05-01,2,43,0.0465116279069767,0.0266066361657032,2.32157748134604
Wayne,2020-05-02T00:00:00.000,2,75,86,1424,1424,75,2020-05-02,2,86,0.0232558139534884,0.025303234808507,2.32150655769294
Wayne,2020-05-03T00:00:00.000,1,76,88,1512,1512,76,2020-05-03,1,88,0.0113636363636364,0.0240228782538168,1.16017425541219
Wayne,2020-05-04T00:00:00.000,2,78,66,1578,1578,78,2020-05-04,2,66,0.0303030303030303,0.0227683425309047,2.31845174513228
Wayne,2020-05-05T00:00:00.000,0,78,93,1671,1671,78,2020-05-05,0,93,0,0.0215425863700943,0
Wayne,2020-05-06T00:00:00.000,0,78,93,1764,1764,78,2020-05-06,0,93,0,0.0203486629552797,0
Wayne,2020-05-07T00:00:00.000,1,79,95,1859,1859,79,2020-05-07,1,95,0.0105263157894737,0.0191896289936644,1.1579956270249
Wayne,2020-05-08T00:00:00.000,0,79,63,1922,1922,79,2020-05-08,0,63,0,0.0180684546760839,0
Wayne,2020-05-09T00:00:00.000,1,80,101,2023,2023,80,2020-05-09,1,101,0.0099009900990099,0.0169879381064078,1.15940910802034
Wayne,2020-05-10T00:00:00.000,1,81,72,2095,2095,81,2020-05-10,1,72,0.0138888888888889,0.015950627570798,1.15763906683655
Wayne,2020-05-11T00:00:00.000,2,83,64,2159,2159,83,2020-05-11,2,64,0.03125,0.0149587546095372,2.3022289081182
Wayne,2020-05-12T00:00:00.000,1,84,168,2327,2327,84,2020-05-12,1,168,0.00595238095238095,0.0140141802457518,1.14931727194768
Wayne,2020-05-13T00:00:00.000,5,89,120,2447,2447,89,2020-05-13,5,120,0.0416666666666667,0.0131183560138925,5.76700760216382
Wayne,2020-05-14T00:00:00.000,2,91,110,2557,2557,91,2020-05-14,2,110,0.0181818181818182,0.0122723006117327,2.30254466033408
Wayne,2020-05-15T00:00:00.000,1,92,86,2643,2643,92,2020-05-15,1,86,0.0116279069767442,0.0114765921950892,1.15061243568876
Wayne,2020-05-16T00:00:00.000,4,96,118,2761,2761,96,2020-05-16,4,118,0.0338983050847458,0.0107313755542607,4.59628421164405
Wayne,2020-05-17T00:00:00.000,1,97,114,2875,2875,97,2020-05-17,1,114,0.0087719298245614,0.0100363827524103,1.1488703559812
Wayne,2020-05-18T00:00:00.000,1,98,128,3003,3003,98,2020-05-18,1,128,0.0078125,0.00939096527532445,1.15227478177341
Wayne,2020-05-19T00:00:00.000,5,103,187,3190,3190,103,2020-05-19,5,187,0.0267379679144385,0.00879413538693237,5.77052185361982
Wayne,2020-05-20T00:00:00.000,0,103,155,3345,3345,103,2020-05-20,0,155,0,0.0082446142063195,0
Wayne,2020-05-21T00:00:00.000,1,104,104,3449,3449,104,2020-05-21,1,104,0.00961538461538462,0.00774088400439381,1.15877923356398
Wayne,2020-05-22T00:00:00.000,3,107,163,3612,3612,107,2020-05-22,3,163,0.0184049079754601,0.00728124235775381,3.48316079352471
Wayne,2020-05-23T00:00:00.000,1,108,107,3719,3719,108,2020-05-23,1,107,0.00934579439252336,0.00686385604505739,1.16258099532131
Wayne,2020-05-24T00:00:00.000,1,109,106,3825,3825,109,2020-05-24,1,106,0.00943396226415094,0.00648681290225371,1.16340512547811
Wayne,2020-05-25T00:00:00.000,1,110,170,3995,3995,110,2020-05-25,1,170,0.00588235294117647,0.00614817023130728,1.16357572940325
Wayne,2020-05-26T00:00:00.000,0,110,339,4334,4334,110,2020-05-26,0,339,0,0.0058459987380277,0
Wayne,2020-05-27T00:00:00.000,2,112,303,4637,4637,112,2020-05-27,2,303,0.0066006600660066,0.00557842134439076,2.3342130872745
Wayne,2020-05-28T00:00:00.000,1,113,290,4927,4927,113,2020-05-28,1,290,0.00344827586206897,0.00534364654106873,1.16863826262727
Wayne,2020-05-29T00:00:00.000,0,113,299,5226,5226,113,2020-05-29,0,299,0,0.00513999621642873,0
Wayne,2020-05-30T00:00:00.000,2,115,284,5510,5510,115,2020-05-30,2,284,0.00704225352112676,0.00496592809755836,2.37376311767262
Wayne,2020-05-31T00:00:00.000,1,116,228,5738,5738,116,2020-05-31,1,228,0.0043859649122807,0.00482005307262808,1.19356725160153
Wayne,2020-06-01T00:00:00.000,0,116,216,5954,5954,116,2020-06-01,0,216,0,0.00470114773209916,0
Wayne,2020-06-02T00:00:00.000,4,120,396,6350,6350,120,2020-06-02,4,396,0.0101010101010101,0.00460816246960592,4.79964460755002
Wayne,2020-06-03T00:00:00.000,1,121,468,6818,6818,121,2020-06-03,1,468,0.00213675213675214,0.00454022543636538,1.19978731611567
Wayne,2020-06-04T00:00:00.000,1,122,323,7141,7141,122,2020-06-04,1,323,0.00309597523219814,0.00449664254856821,1.19786038015133
Wayne,2020-06-05T00:00:00.000,1,123,409,7550,7550,123,2020-06-05,1,409,0.00244498777506112,0.00447689361508396,1.19747008986028
Wayne,2020-06-06T00:00:00.000,1,124,362,7912,7912,124,2020-06-06,1,362,0.00276243093922652,0.00448062449857768,1.20918832974148
Wayne,2020-06-07T00:00:00.000,1,125,322,8234,8234,125,2020-06-07,1,322,0.0031055900621118,0.00450763504815861,1.21659059357477
Wayne,2020-06-08T00:00:00.000,1,126,362,8596,8596,126,2020-06-08,1,362,0.00276243093922652,0.00455786236792417,1.2233322979111
Wayne,2020-06-09T00:00:00.000,0,126,388,8984,8984,126,2020-06-09,0,388,0,0.00463135882275514,0
Wayne,2020-06-10T00:00:00.000,1,127,509,9493,9493,127,2020-06-10,1,509,0.00196463654223969,0.00472826405023745,1.23449294968434
Wayne,2020-06-11T00:00:00.000,2,129,460,9953,9953,129,2020-06-11,2,460,0.00434782608695652,0.00484877016908893,2.47762413552713
Wayne,2020-06-12T00:00:00.000,2,131,348,10301,10301,131,2020-06-12,2,348,0.00574712643678161,0.00499307937741609,2.48322540858926
Wayne,2020-06-13T00:00:00.000,2,133,363,10664,10664,133,2020-06-13,2,363,0.00550964187327824,0.00516135324824075,2.48746721153471
Wayne,2020-06-14T00:00:00.000,0,133,160,10824,10824,133,2020-06-14,0,160,0,0.00535365328982919,0
Wayne,2020-06-15T00:00:00.000,1,134,456,11280,11280,134,2020-06-15,1,456,0.00219298245614035,0.00556987277855535,1.25958487760245
Wayne,2020-06-16T00:00:00.000,3,137,298,11578,11578,137,2020-06-16,3,298,0.0100671140939597,0.00580966051352324,3.81248830839528
Wayne,2020-06-17T00:00:00.000,2,139,184,11762,11762,139,2020-06-17,2,184,0.0108695652173913,0.0060723380049477,2.56028773456892
Wayne,2020-06-18T00:00:00.000,2,141,224,11986,11986,141,2020-06-18,2,224,0.00892857142857143,0.0063568126714177,2.56732017830674
Wayne,2020-06-19T00:00:00.000,2,143,280,12266,12266,143,2020-06-19,2,280,0.00714285714285714,0.00666149085447072,2.56762193907549
Wayne,2020-06-20T00:00:00.000,0,143,249,12515,12515,143,2020-06-20,0,249,0,0.00698419576199949,0
Wayne,2020-06-21T00:00:00.000,0,143,239,12754,12754,143,2020-06-21,0,239,0,0.00732209670937618,0
Wayne,2020-06-22T00:00:00.000,2,145,297,13051,13051,145,2020-06-22,2,297,0.00673400673400673,0.00767165705206222,2.53673659849266
Wayne,2020-06-23T00:00:00.000,5,150,305,13356,13356,150,2020-06-23,5,305,0.0163934426229508,0.00802860878994668,6.30558961174484
Wayne,2020-06-24T00:00:00.000,4,154,227,13583,13583,154,2020-06-24,4,227,0.0176211453744493,0.00838796175547775,5.01207660630285
Wayne,2020-06-25T00:00:00.000,5,159,171,13754,13754,159,2020-06-25,5,171,0.0292397660818713,0.00874405436495704,6.22097158245928
Wayne,2020-06-26T00:00:00.000,2,161,280,14034,14034,161,2020-06-26,2,280,0.00714285714285714,0.00909065099814927,2.469523315324
Wayne,2020-06-27T00:00:00.000,1,162,246,14280,14280,162,2020-06-27,1,246,0.0040650406504065,0.00942108813180178,1.22973760447247
Wayne,2020-06-28T00:00:00.000,3,165,276,14556,14556,165,2020-06-28,3,276,0.0108695652173913,0.00972846752639365,3.68151990252925
Wayne,2020-06-29T00:00:00.000,5,170,334,14890,14890,170,2020-06-29,5,334,0.0149700598802395,0.010005890326942,6.11275995892806
Wayne,2020-06-30T00:00:00.000,4,174,230,15120,15120,174,2020-06-30,4,230,0.0173913043478261,0.0102467213373335,4.8700075662053
Wayne,2020-07-01T00:00:00.000,2,176,298,15418,15418,176,2020-07-01,2,298,0.00671140939597315,0.010444868519003,2.41549019872399
Wayne,2020-07-02T00:00:00.000,5,181,234,15652,15652,181,2020-07-02,5,234,0.0213675213675214,0.0105950595561341,6.06110544643407
Wayne,2020-07-03T00:00:00.000,2,183,269,15921,15921,183,2020-07-03,2,269,0.00743494423791822,0.0106930956596559,2.43676977879975
Wayne,2020-07-04T00:00:00.000,2,185,357,16278,16278,185,2020-07-04,2,357,0.00560224089635854,0.0107360630556991,2.44586151690817
Wayne,2020-07-05T00:00:00.000,1,186,259,16537,16537,186,2020-07-05,1,259,0.00386100386100386,0.0107224849728862,1.22083971468933
Wayne,2020-07-06T00:00:00.000,5,191,466,17003,17003,191,2020-07-06,5,466,0.0107296137339056,0.0106524012635923,6.08984709743508
Wayne,2020-07-07T00:00:00.000,2,193,270,17273,17273,193,2020-07-07,2,270,0.00740740740740741,0.0105273686502411,2.42863335169303
Wayne,2020-07-08T00:00:00.000,2,195,352,17625,17625,195,2020-07-08,2,352,0.00568181818181818,0.0103503813047995,2.4197792431811
Wayne,2020-07-09T00:00:00.000,6,201,354,17979,17979,201,2020-07-09,6,354,0.0169491525423729,0.0101257182418649,7.2282477076649
Wayne,2020-07-10T00:00:00.000,2,203,233,18212,18212,203,2020-07-10,2,233,0.00858369098712446,0.00985873001497698,2.39760560960297
Wayne,2020-07-11T00:00:00.000,2,205,325,18537,18537,205,2020-07-11,2,325,0.00615384615384615,0.00955558175608521,2.38443267769234
Wayne,2020-07-12T00:00:00.000,4,209,290,18827,18827,209,2020-07-12,4,290,0.0137931034482759,0.00922297220794631,4.7400040386794
Wayne,2020-07-13T00:00:00.000,5,214,285,19112,19112,214,2020-07-13,5,285,0.0175438596491228,0.00886784888890615,5.88609302694495
Wayne,2020-07-14T00:00:00.000,7,221,268,19380,19380,221,2020-07-14,7,268,0.0261194029850746,0.00849713801431444,8.18257350829542
Wayne,2020-07-15T00:00:00.000,2,223,370,19750,19750,223,2020-07-15,2,370,0.00540540540540541,0.00811750464673996,2.32047837141348
Wayne,2020-07-16T00:00:00.000,0,223,334,20084,20084,223,2020-07-16,0,334,0,0.0077351543072873,0
Wayne,2020-07-17T00:00:00.000,2,225,430,20514,20514,225,2020-07-17,2,430,0.00465116279069767,0.00735568256538612,2.28426008597277
Wayne,2020-07-18T00:00:00.000,2,227,234,20748,20748,227,2020-07-18,2,234,0.00854700854700855,0.00698397452346124,2.27506824816571
Wayne,2020-07-19T00:00:00.000,1,228,274,21022,21022,228,2020-07-19,1,274,0.00364963503649635,0.00662415210090329,1.13584868937318
Wayne,2020-07-20T00:00:00.000,4,232,385,21407,21407,232,2020-07-20,4,385,0.0103896103896104,0.00627956391395675,4.53419366835055
Wayne,2020-07-21T00:00:00.000,4,236,343,21750,21750,236,2020-07-21,4,343,0.0116618075801749,0.0059528104931223,4.52252903121694
Wayne,2020-07-22T00:00:00.000,2,238,284,22034,22034,238,2020-07-22,2,284,0.00704225352112676,0.00564579656152977,2.25412676870093
Wayne,2020-07-23T00:00:00.000,1,239,414,22448,22448,239,2020-07-23,1,414,0.00241545893719807,0.00535980198848,1.122616748391
Wayne,2020-07-24T00:00:00.000,1,240,373,22821,22821,240,2020-07-24,1,373,0.00268096514745308,0.00509556362669311,1.11517597792335
Wayne,2020-07-25T00:00:00.000,1,241,363,23184,23184,241,2020-07-25,1,363,0.00275482093663912,0.00485336131055227,1.10007645010119
Wayne,2020-07-26T00:00:00.000,2,243,272,23456,23456,243,2020-07-26,2,272,0.00735294117647059,0.00463310260793195,2.16806026665039
Wayne,2020-07-27T00:00:00.000,0,243,356,23812,23812,243,2020-07-27,0,356,0,0.00443440230343817,0
Wayne,2020-07-28T00:00:00.000,0,243,417,24229,24229,243,2020-07-28,0,417,0,0.00425665389221059,0
Wayne,2020-07-29T00:00:00.000,0,243,355,24584,24584,243,2020-07-29,0,355,0,0.00409909150328513,0
Wayne,2020-07-30T00:00:00.000,2,245,308,24892,24892,245,2020-07-30,2,308,0.00649350649350649,0.00396084159667815,2.17554367656983
Wayne,2020-07-31T00:00:00.000,0,245,458,25350,25350,245,2020-07-31,0,458,0,0.00384096448109984,0
Wayne,2020-08-01T00:00:00.000,1,246,294,25644,25644,246,2020-08-01,1,294,0.00340136054421769,0.0037384861968642,1.08315671443748
Wayne,2020-08-02T00:00:00.000,1,247,224,25868,25868,247,2020-08-02,1,224,0.00446428571428571,0.00365242162885797,1.08420054640904
Wayne,2020-08-03T00:00:00.000,1,248,236,26104,26104,248,2020-08-03,1,236,0.00423728813559322,0.00358178989520989,1.0879775718891
Wayne,2020-08-04T00:00:00.000,0,248,304,26408,26408,248,2020-08-04,0,304,0,0.00352562313901886,0
Wayne,2020-08-05T00:00:00.000,1,249,315,26723,26723,249,2020-08-05,1,315,0.00317460317460317,0.0034829698621333,1.11527186678602
Wayne,2020-08-06T00:00:00.000,0,249,346,27069,27069,249,2020-08-06,0,346,0,0.00345289391528581,0
Wayne,2020-08-07T00:00:00.000,0,249,276,27345,27345,249,2020-08-07,0,276,0,0.00343447021520436,0
Wayne,2020-08-08T00:00:00.000,1,250,417,27762,27762,250,2020-08-08,1,417,0.00239808153477218,0.00342677821163357,1.14867206544304
Wayne,2020-08-09T00:00:00.000,2,252,255,28017,28017,252,2020-08-09,2,255,0.00784313725490196,0.00342889408399441,2.31118014474414
Wayne,2020-08-10T00:00:00.000,0,252,257,28274,28274,252,2020-08-10,0,257,0,0.00343988260649985,0
Wayne,2020-08-11T00:00:00.000,6,258,354,28628,28628,258,2020-08-11,6,354,0.0169491525423729,0.00345878958092186,6.93103020200678
Wayne,2020-08-12T00:00:00.000,5,263,535,29163,29163,263,2020-08-12,5,535,0.00934579439252336,0.00348463568830695,5.76302809459655
Wayne,2020-08-13T00:00:00.000,2,265,423,29586,29586,265,2020-08-13,2,423,0.00472813238770686,0.00351641254312955,2.29770394704208
Wayne,2020-08-14T00:00:00.000,4,269,369,29955,29955,269,2020-08-14,4,369,0.010840108401084,0.00355308163932296,4.58185005171108
Wayne,2020-08-15T00:00:00.000,0,269,325,30280,30280,269,2020-08-15,0,325,0,0.00359357674129395,0
Wayne,2020-08-16T00:00:00.000,0,269,273,30553,30553,269,2020-08-16,0,273,0,0.00363681009596325,0
Wayne,2020-08-17T00:00:00.000,1,270,246,30799,30799,270,2020-08-17,1,246,0.0040650406504065,0.00368168261721159,1.14296451962083
Wayne,2020-08-18T00:00:00.000,0,270,364,31163,31163,270,2020-08-18,0,364,0,0.00372709793283954,0
Wayne,2020-08-19T00:00:00.000,0,270,322,31485,31485,270,2020-08-19,0,322,0,0.00377197989741717,0
Wayne,2020-08-20T00:00:00.000,2,272,475,31960,31960,272,2020-08-20,2,475,0.00421052631578947,0.00381529288481696,2.25684121684
Wayne,2020-08-21T00:00:00.000,3,275,396,32356,32356,275,2020-08-21,3,396,0.00757575757575758,0.0038560639048979,3.36357866383344
Wayne,2020-08-22T00:00:00.000,0,275,393,32749,32749,275,2020-08-22,0,393,0,0.00389340537350468,0
Wayne,2020-08-23T00:00:00.000,0,275,273,33022,33022,275,2020-08-23,0,273,0,0.00392653722195876,0
Wayne,2020-08-24T00:00:00.000,0,275,200,33222,33222,275,2020-08-24,0,200,0,0.00395480699245555,0
Wayne,2020-08-25T00:00:00.000,2,277,236,33458,33458,277,2020-08-25,2,236,0.00847457627118644,0.00397770663235583,2.18366723364617
Wayne,2020-08-26T00:00:00.000,2,279,438,33896,33896,279,2020-08-26,2,438,0.0045662100456621,0.00399488487836716,2.17609162695265
Wayne,2020-08-27T00:00:00.000,0,279,402,34298,34298,279,2020-08-27,0,402,0,0.00400615439648735,0
Wayne,2020-08-28T00:00:00.000,1,280,335,34633,34633,280,2020-08-28,1,335,0.00298507462686567,0.0040114931898265,1.07465644199508
Wayne,2020-08-29T00:00:00.000,0,280,371,35004,35004,280,2020-08-29,0,371,0,0.00401104017068253,0
Wayne,2020-08-30T00:00:00.000,0,280,215,35219,35219,280,2020-08-30,0,215,0,0.00400508518031541,0
Wayne,2020-08-31T00:00:00.000,0,280,208,35427,35427,280,2020-08-31,0,208,0,0.00399405408587224,0
Wayne,2020-09-01T00:00:00.000,1,281,271,35698,35698,281,2020-09-01,1,271,0.003690036900369,0.0039784898664226,1.08612309397081
Wayne,2020-09-02T00:00:00.000,2,283,465,36163,36163,283,2020-09-02,2,465,0.0043010752688172,0.00395903078794277,2.17589260211462
Wayne,2020-09-03T00:00:00.000,5,288,417,36580,36580,288,2020-09-03,5,417,0.0119904076738609,0.0039363868553864,5.44795197815436
Wayne,2020-09-04T00:00:00.000,0,288,359,36939,36939,288,2020-09-04,0,359,0,0.00391131571873661,0
Wayne,2020-09-05T00:00:00.000,3,291,340,37279,37279,291,2020-09-05,3,340,0.00882352941176471,0.00388459911010843,3.27723161750997
Wayne,2020-09-06T00:00:00.000,5,296,214,37493,37493,296,2020-09-06,5,214,0.0233644859813084,0.00385702072014972,5.46813652055378
Wayne,2020-09-07T00:00:00.000,0,296,166,37659,37659,296,2020-09-07,0,166,0,0.00382934621216942,0
Wayne,2020-09-08T00:00:00.000,1,297,237,37896,37896,297,2020-09-08,1,237,0.00421940928270042,0.00380230584139892,1.09578749387267
Wayne,2020-09-09T00:00:00.000,1,298,272,38168,38168,298,2020-09-09,1,272,0.00367647058823529,0.00377657992148759,1.0967779307631
Wayne,2020-09-10T00:00:00.000,3,301,383,38551,38551,301,2020-09-10,3,383,0.00783289817232376,0.00375278718082947,3.29720699729555
Wayne,2020-09-11T00:00:00.000,0,301,426,38977,38977,301,2020-09-11,0,426,0,0.00373147588599823,0
Wayne,2020-09-12T00:00:00.000,2,303,427,39404,39404,303,2020-09-12,2,427,0.00468384074941452,0.00371311749210036,2.20842054160129
Wayne,2020-09-13T00:00:00.000,0,303,243,39647,39647,303,2020-09-13,0,243,0,0.00369810250927145,0
Wayne,2020-09-14T00:00:00.000,1,304,271,39918,39918,304,2020-09-14,1,271,0.003690036900369,0.00368673824895199,1.11561393008377
Wayne,2020-09-15T00:00:00.000,0,304,297,40215,40215,304,2020-09-15,0,297,0,0.00367924812837153,0
Wayne,2020-09-16T00:00:00.000,1,305,475,40690,40690,305,2020-09-16,1,475,0.00210526315789474,0.00367577226128195,1.12649829697491
Wayne,2020-09-17T00:00:00.000,1,306,352,41042,41042,306,2020-09-17,1,352,0.00284090909090909,0.00367636913301496,1.13125950970147
Wayne,2020-09-18T00:00:00.000,3,309,411,41453,41453,309,2020-09-18,3,411,0.0072992700729927,0.00368101824754806,3.40656555265372
Wayne,2020-09-19T00:00:00.000,1,310,446,41899,41899,310,2020-09-19,1,446,0.00224215246636771,0.00368962372848882,1.13926899683439
Wayne,2020-09-20T00:00:00.000,1,311,170,42069,42069,311,2020-09-20,1,170,0.00588235294117647,0.00370201894760863,1.14249826480301
Wayne,2020-09-21T00:00:00.000,0,311,418,42487,42487,311,2020-09-21,0,418,0,0.00371797233894836,0
Wayne,2020-09-22T00:00:00.000,1,312,357,42844,42844,312,2020-09-22,1,357,0.00280112044817927,0.0037371946234963,1.14745498284669
Wayne,2020-09-23T00:00:00.000,2,314,448,43292,43292,314,2020-09-23,2,448,0.00446428571428571,0.00375934771135543,2.30320026417699
Wayne,2020-09-24T00:00:00.000,1,315,535,43827,43827,315,2020-09-24,1,535,0.00186915887850467,0.00378405556807879,1.15644394937211
Wayne,2020-09-25T00:00:00.000,1,316,586,44413,44413,316,2020-09-25,1,586,0.00170648464163823,0.0038109173153485,1.16129290548016
Wayne,2020-09-26T00:00:00.000,2,318,325,44738,44738,318,2020-09-26,2,325,0.00615384615384615,0.00383952279419914,2.33228797799222
Wayne,2020-09-27T00:00:00.000,2,320,262,45000,45000,320,2020-09-27,2,262,0.00763358778625954,0.00386947074640857,2.36493272121778
Wayne,2020-09-28T00:00:00.000,1,321,313,45313,45313,321,2020-09-28,1,313,0.00319488817891374,0.00390038967997984,1.21101392211981
Wayne,2020-09-29T00:00:00.000,2,323,402,45715,45715,323,2020-09-29,2,402,0.00497512437810945,0.0039319613842646,2.47747679095369
Wayne,2020-09-30T00:00:00.000,3,326,565,46280,46280,326,2020-09-30,3,565,0.00530973451327434,0.00396394697359036,3.79594905161497
Westchester,2020-04-01T00:00:00.000,884,11567,1891,39081,39081,11567,2020-04-01,11567,39081,0.295975026227579,0.31923197652216,14184.5721633289
Westchester,2020-04-02T00:00:00.000,784,12351,1632,40713,40713,12351,2020-04-02,784,1632,0.480392156862745,0.323603632940094,962.0109663267
Westchester,2020-04-03T00:00:00.000,730,13081,1621,42334,42334,13081,2020-04-03,730,1621,0.450339296730413,0.327971435312119,903.420294343119
Westchester,2020-04-04T00:00:00.000,642,13723,1621,43955,43955,13723,2020-04-04,642,1621,0.396051819864281,0.332278046837388,803.489473202289
Westchester,2020-04-05T00:00:00.000,571,14294,1398,45353,45353,14294,2020-04-05,571,1398,0.408440629470672,0.336443096537656,722.621090558219
Westchester,2020-04-06T00:00:00.000,510,14804,1348,46701,46701,14804,2020-04-06,510,1348,0.378338278931751,0.340367273272638,652.250679596524
Westchester,2020-04-07T00:00:00.000,1083,15887,2647,49348,49348,15887,2020-04-07,1083,2647,0.409142425387231,0.343936644564901,1394.31849574328
Westchester,2020-04-08T00:00:00.000,1117,17004,2889,52237,52237,17004,2020-04-08,1117,2889,0.386638975424022,0.347027173332183,1446.39103652902
Westchester,2020-04-09T00:00:00.000,1073,18077,2911,55148,55148,18077,2020-04-09,1073,2911,0.368601855032635,0.349509375650992,1396.53163633935
Westchester,2020-04-10T00:00:00.000,652,18729,1679,56827,56827,18729,2020-04-10,652,1679,0.388326384752829,0.35125304022898,852.45851290863
Westchester,2020-04-11T00:00:00.000,584,19313,1472,58299,58299,19313,2020-04-11,584,1472,0.396739130434783,0.352131916889545,766.592391545923
Westchester,2020-04-12T00:00:00.000,473,19786,1163,59462,59462,19786,2020-04-12,473,1163,0.4067067927773,0.352028280626587,623.000810126294
Westchester,2020-04-13T00:00:00.000,405,20191,1145,60607,60607,20191,2020-04-13,405,1145,0.353711790393013,0.350837285017945,535.906033531386
Westchester,2020-04-14T00:00:00.000,756,20947,2019,62626,62626,20947,2020-04-14,756,2019,0.37444279346211,0.348471028386153,1007.46534974501
Westchester,2020-04-15T00:00:00.000,881,21828,2642,65268,65268,21828,2020-04-15,881,2642,0.333459500378501,0.344862262458356,1181.89125045503
Westchester,2020-04-16T00:00:00.000,648,22476,2042,67310,67310,22476,2020-04-16,648,2042,0.317335945151812,0.339967667878328,874.677863726997
Westchester,2020-04-17T00:00:00.000,703,23179,2298,69608,69608,23179,2020-04-17,703,2298,0.3059181897302,0.333770604475333,954.182425408025
Westchester,2020-04-18T00:00:00.000,624,23803,2133,71741,71741,23803,2020-04-18,624,2133,0.292545710267229,0.326283214085991,851.02762679849
Westchester,2020-04-19T00:00:00.000,503,24306,1599,73340,73340,24306,2020-04-19,503,1599,0.314571607254534,0.317547721387374,688.649591122844
Westchester,2020-04-20T00:00:00.000,350,24656,1208,74548,74548,24656,2020-04-20,350,1208,0.289735099337748,0.307636750801298,480.328119400461
Westchester,2020-04-21T00:00:00.000,620,25276,2016,76564,76564,25276,2020-04-21,620,2016,0.307539682539683,0.296652473320462,851.953320896993
Westchester,2020-04-22T00:00:00.000,683,25959,2317,78881,78881,25959,2020-04-22,683,2317,0.294777729823047,0.284724426666205,940.545623169528
Westchester,2020-04-23T00:00:00.000,674,26633,2672,81553,81553,26633,2020-04-23,674,2672,0.252245508982036,0.27200592665958,932.50839911852
Westchester,2020-04-24T00:00:00.000,598,27231,2468,84021,84021,27231,2020-04-24,598,2468,0.242301458670989,0.258669105100427,830.753947692799
Westchester,2020-04-25T00:00:00.000,433,27664,1951,85972,85972,27664,2020-04-25,433,1951,0.221937467965146,0.244898758837739,603.62676638016
Westchester,2020-04-26T00:00:00.000,343,28007,1764,87736,87736,28007,2020-04-26,343,1764,0.194444444444444,0.230885351693227,479.518875666905
Westchester,2020-04-27T00:00:00.000,238,28245,1408,89144,89144,28245,2020-04-27,238,1408,0.169034090909091,0.21681764462705,333.089038024221
Westchester,2020-04-28T00:00:00.000,381,28626,1843,90987,90987,28626,2020-04-28,381,1843,0.206728160607705,0.202875508930538,532.919457251464
Westchester,2020-04-29T00:00:00.000,344,28970,1842,92829,92829,28970,2020-04-29,344,1842,0.186753528773073,0.189223481415151,480.618429365223
Westchester,2020-04-30T00:00:00.000,262,29232,1613,94442,94442,29232,2020-04-30,262,1613,0.162430254184749,0.176005542432911,365.438136282601
Westchester,2020-05-01T00:00:00.000,394,29626,2359,96801,96801,29626,2020-05-01,394,2359,0.167019923696482,0.163341451903357,548.35278410072
Westchester,2020-05-02T00:00:00.000,258,29884,1809,98610,98610,29884,2020-05-02,258,1809,0.142620232172471,0.151324792049032,358.123672192826
Westchester,2020-05-03T00:00:00.000,213,30097,1662,100272,100272,30097,2020-05-03,213,1662,0.128158844765343,0.140022674426987,294.754307388327
Westchester,2020-05-04T00:00:00.000,143,30240,1225,101497,101497,30240,2020-05-04,143,1225,0.116734693877551,0.12947690552055,197.237819404224
Westchester,2020-05-05T00:00:00.000,186,30426,1434,102931,102931,30426,2020-05-05,186,1434,0.129707112970711,0.119706293017661,256.045486002329
Westchester,2020-05-06T00:00:00.000,282,30708,2311,105242,105242,30708,2020-05-06,282,2311,0.12202509736045,0.110709722248596,387.109062773702
Westchester,2020-05-07T00:00:00.000,197,30905,2224,107466,107466,30905,2020-05-07,197,2224,0.0885791366906475,0.102469635407615,269.727984240985
Westchester,2020-05-08T00:00:00.000,182,31087,1936,109402,109402,31087,2020-05-08,182,1936,0.0940082644628099,0.0949555919085446,249.025420886074
Westchester,2020-05-09T00:00:00.000,207,31294,1940,111342,111342,31294,2020-05-09,207,1940,0.106701030927835,0.0881276588748452,282.946424015007
Westchester,2020-05-10T00:00:00.000,90,31384,1321,112663,112663,31384,2020-05-10,90,1321,0.0681302043906132,0.0819394602122804,122.712051388406
Westchester,2020-05-11T00:00:00.000,88,31472,984,113647,113647,31472,2020-05-11,88,984,0.0894308943089431,0.0763407880823035,119.230481953597
Westchester,2020-05-12T00:00:00.000,139,31611,1925,115572,115572,31611,2020-05-12,139,1925,0.0722077922077922,0.0712797430513975,187.972611989518
Westchester,2020-05-13T00:00:00.000,181,31792,2450,118022,118022,31792,2020-05-13,181,2450,0.0738775510204082,0.0667044164334835,245.632943220097
Westchester,2020-05-14T00:00:00.000,151,31943,2024,120046,120046,31943,2020-05-14,151,2024,0.074604743083004,0.0625641587239618,204.59498145331
Westchester,2020-05-15T00:00:00.000,154,32097,2059,122105,122105,32097,2020-05-15,154,2059,0.0747935891209325,0.0588104950568688,208.64787833897
Westchester,2020-05-16T00:00:00.000,127,32224,1940,124045,124045,32224,2020-05-16,127,1940,0.0654639175257732,0.0553977540613525,171.962710352326
Westchester,2020-05-17T00:00:00.000,99,32323,1326,125371,125371,32323,2020-05-17,99,1326,0.0746606334841629,0.0522834746019476,134.148228150705
Westchester,2020-05-18T00:00:00.000,79,32402,1125,126496,126496,32402,2020-05-18,79,1125,0.0702222222222222,0.0494286476434757,107.475629583582
Westchester,2020-05-19T00:00:00.000,115,32517,1867,128363,128363,32517,2020-05-19,115,1867,0.0615961435457954,0.0467978407205216,156.872274286226
Westchester,2020-05-20T00:00:00.000,156,32673,2671,131034,131034,32673,2020-05-20,156,2671,0.0584050917259453,0.0443592417271229,213.333984682229
Westchester,2020-05-21T00:00:00.000,94,32767,2350,133384,133384,32767,2020-05-21,94,2350,0.04,0.0420846479739459,129.021435965088
Westchester,2020-05-22T00:00:00.000,114,32881,3234,136618,136618,32881,2020-05-22,114,3234,0.0352504638218924,0.0399494169367522,156.923366213485
Westchester,2020-05-23T00:00:00.000,87,32968,2542,139160,139160,32968,2020-05-23,87,2542,0.0342250196695515,0.0379323869185564,120.001499373078
Westchester,2020-05-24T00:00:00.000,81,33049,2323,141483,141483,33049,2020-05-24,81,2323,0.0348687042617305,0.0360157695850115,111.856731368498
Westchester,2020-05-25T00:00:00.000,58,33107,1695,143178,143178,33107,2020-05-25,58,1695,0.0342182890855457,0.0341850122303081,80.1182829241508
Westchester,2020-05-26T00:00:00.000,79,33186,2207,145385,145385,33186,2020-05-26,79,2207,0.0357951971001359,0.032428625461005,109.252577850263
Westchester,2020-05-27T00:00:00.000,107,33293,3266,148651,148651,33293,2020-05-27,107,3266,0.0327617881200245,0.0307379720684769,148.118965950894
Westchester,2020-05-28T00:00:00.000,56,33349,3203,151854,151854,33349,2020-05-28,56,3203,0.0174836091164533,0.0291070145099495,77.5325597313096
Westchester,2020-05-29T00:00:00.000,80,33429,3388,155242,155242,33429,2020-05-29,80,3388,0.0236127508854782,0.0275320216300822,111.508295297499
Westchester,2020-05-30T00:00:00.000,52,33481,3290,158532,158532,33481,2020-05-30,52,3290,0.0158054711246201,0.0260112391169644,72.8327632292437
Westchester,2020-05-31T00:00:00.000,71,33552,3376,161908,161908,33552,2020-05-31,71,3376,0.0210308056872038,0.0245445322903366,99.723046406543
Westchester,2020-06-01T00:00:00.000,81,33633,3183,165091,165091,33633,2020-06-01,81,3183,0.0254476908576814,0.0231330134579091,113.811312551109
Westchester,2020-06-02T00:00:00.000,58,33691,3253,168344,168344,33691,2020-06-02,58,3253,0.0178296956655395,0.021778668558733,81.2881870158695
Westchester,2020-06-03T00:00:00.000,76,33767,3524,171868,171868,33767,2020-06-03,76,3524,0.021566401816118,0.02048399893205,106.011161136268
Westchester,2020-06-04T00:00:00.000,87,33854,4216,176084,176084,33854,2020-06-04,87,4216,0.0206356736242884,0.0192516934753172,120.526767911321
Westchester,2020-06-05T00:00:00.000,70,33924,3979,180063,180063,33924,2020-06-05,70,3979,0.0175923598894195,0.0180843442843731,96.3818623460397
Westchester,2020-06-06T00:00:00.000,30,33954,3162,183225,183225,33954,2020-06-06,30,3162,0.0094876660341556,0.0169842155343336,41.4463123923033
Westchester,2020-06-07T00:00:00.000,46,34000,3336,186561,186561,34000,2020-06-07,46,3336,0.01378896882494,0.0159530711097706,63.5026488795095
Westchester,2020-06-08T00:00:00.000,35,34035,2577,189138,189138,34035,2020-06-08,35,2577,0.013581684128832,0.0149920620965562,48.2305820283903
Westchester,2020-06-09T00:00:00.000,41,34076,3304,192442,192442,34076,2020-06-09,41,3304,0.012409200968523,0.0141016711011732,56.3383686552268
Westchester,2020-06-10T00:00:00.000,30,34106,3494,195936,195936,34106,2020-06-10,30,3494,0.00858614768174013,0.0132817069331859,41.0643625736925
Westchester,2020-06-11T00:00:00.000,69,34175,4954,200890,200890,34175,2020-06-11,69,4954,0.0139281388776746,0.0125313407626343,93.9920479071194
Westchester,2020-06-12T00:00:00.000,78,34253,5099,205989,205989,34253,2020-06-12,78,5099,0.0152971170817807,0.0118491735479339,105.587549156183
Westchester,2020-06-13T00:00:00.000,37,34290,3399,209388,209388,34290,2020-06-13,37,3399,0.010885554574875,0.0112333242442444,49.7397461319304
Westchester,2020-06-14T00:00:00.000,37,34327,3594,212982,212982,34327,2020-06-14,37,3594,0.0102949360044519,0.0106815288977737,49.4232117947912
Westchester,2020-06-15T00:00:00.000,31,34358,3204,216186,216186,34358,2020-06-15,31,3204,0.00967540574282147,0.0101912419778155,41.4789081133118
Westchester,2020-06-16T00:00:00.000,27,34385,3189,219375,219375,34385,2020-06-16,27,3189,0.00846660395108184,0.0097597328773364,36.1393009423612
Westchester,2020-06-17T00:00:00.000,24,34409,3998,223373,223373,34409,2020-06-17,24,3998,0.00600300150075038,0.00938417227179532,32.090318321819
Westchester,2020-06-18T00:00:00.000,46,34455,4521,227894,227894,34455,2020-06-18,46,4521,0.0101747401017474,0.00906170466413967,61.1793585606014
Westchester,2020-06-19T00:00:00.000,31,34486,3624,231518,231518,34486,2020-06-19,31,3624,0.00855408388520971,0.00878950495922714,40.9168388819177
Westchester,2020-06-20T00:00:00.000,35,34521,3879,235397,235397,34521,2020-06-20,35,3879,0.00902294405774684,0.00856481809076783,45.7173743648229
Westchester,2020-06-21T00:00:00.000,36,34557,3794,239191,239191,34557,2020-06-21,36,3794,0.00948866631523458,0.00838498169110004,46.5134988646065
Westchester,2020-06-22T00:00:00.000,24,34581,2844,242035,242035,34581,2020-06-22,24,2844,0.00843881856540084,0.00824743247777754,30.6619364774388
Westchester,2020-06-23T00:00:00.000,16,34597,2320,244355,244355,34597,2020-06-23,16,2320,0.00689655172413793,0.00814969752351026,20.2081147684223
Westchester,2020-06-24T00:00:00.000,45,34642,4611,248966,248966,34642,2020-06-24,45,4611,0.00975927130774236,0.00808937196598359,56.1818530056411
Westchester,2020-06-25T00:00:00.000,58,34700,4127,253093,253093,34700,2020-06-25,58,4127,0.0140537921007996,0.00806408500501841,71.5814401129123
Westchester,2020-06-26T00:00:00.000,48,34748,4520,257613,257613,34748,2020-06-26,48,4520,0.0106194690265487,0.00807145638234575,58.567955575137
Westchester,2020-06-27T00:00:00.000,32,34780,3087,260700,260700,34780,2020-06-27,32,3087,0.0103660511823777,0.0081090458839074,38.7658491181358
Westchester,2020-06-28T00:00:00.000,18,34798,2560,263260,263260,34798,2020-06-28,18,2560,0.00703125,0.00817429886135638,21.7079599103254
Westchester,2020-06-29T00:00:00.000,40,34838,3702,266962,266962,34838,2020-06-29,40,3702,0.0108049702863317,0.00826449126740079,47.9759261757445
Westchester,2020-06-30T00:00:00.000,28,34866,3730,270692,270692,34866,2020-06-30,28,3730,0.00750670241286863,0.00837667823048637,33.4099916228937
Westchester,2020-07-01T00:00:00.000,46,34912,4469,275161,275161,34912,2020-07-01,46,4469,0.0102931304542403,0.00850765066855495,54.4281762913939
Westchester,2020-07-02T00:00:00.000,68,34980,4827,279988,279988,34980,2020-07-02,68,4827,0.0140874249015952,0.00865390478054564,80.7795852401533
Westchester,2020-07-03T00:00:00.000,40,35020,3437,283425,283425,35020,2020-07-03,40,3437,0.0116380564445738,0.00881162929237965,47.8013070762262
Westchester,2020-07-04T00:00:00.000,23,35043,4519,287944,287944,35043,2020-07-04,23,4519,0.00508962159769861,0.00897671498612195,27.628476819216
Westchester,2020-07-05T00:00:00.000,41,35084,3639,291583,291583,35084,2020-07-05,41,3639,0.0112668315471283,0.00914479018735259,49.2640753004529
Westchester,2020-07-06T00:00:00.000,22,35106,3586,295169,295169,35106,2020-07-06,22,3586,0.00613496932515337,0.0093112844364428,26.4371888088706
Westchester,2020-07-07T00:00:00.000,48,35154,3387,298556,298556,35154,2020-07-07,48,3387,0.0141718334809566,0.00947152058371072,57.674413135963
Westchester,2020-07-08T00:00:00.000,29,35183,4843,303399,303399,35183,2020-07-08,29,4843,0.00598802395209581,0.00962083310555977,34.8312758273322
Westchester,2020-07-09T00:00:00.000,43,35226,5182,308581,308581,35226,2020-07-09,43,5182,0.00829795445773832,0.00975470774945874,51.6094314507847
Westchester,2020-07-10T00:00:00.000,34,35260,4293,312874,312874,35260,2020-07-10,34,4293,0.00791986955508968,0.00986893497903578,40.7635124735758
Westchester,2020-07-11T00:00:00.000,37,35297,3958,316832,316832,35297,2020-07-11,37,3958,0.00934815563415867,0.00995976748054944,44.2951319901312
Westchester,2020-07-12T00:00:00.000,30,35327,3238,320070,320070,35327,2020-07-12,30,3238,0.00926497838171711,0.0100240705299498,35.8473698365633
Westchester,2020-07-13T00:00:00.000,39,35366,3851,323921,323921,35366,2020-07-13,39,3851,0.0101272396780057,0.0100594536186047,46.494045382357
Westchester,2020-07-14T00:00:00.000,28,35394,3598,327519,327519,35394,2020-07-14,28,3598,0.00778210116731518,0.0100643725665219,33.2890429969716
Westchester,2020-07-15T00:00:00.000,28,35422,4364,331883,331883,35422,2020-07-15,28,4364,0.00641613198900092,0.0100381933936625,33.184009707755
Westchester,2020-07-16T00:00:00.000,41,35463,4989,336872,336872,35463,2020-07-16,41,4989,0.00821807977550611,0.0099812123049718,48.4179599193583
Westchester,2020-07-17T00:00:00.000,40,35503,4669,341541,341541,35503,2020-07-17,40,4669,0.00856714499892911,0.00989462989998887,47.0601388686346
Westchester,2020-07-18T00:00:00.000,12,35515,3004,344545,344545,35515,2020-07-18,12,3004,0.00399467376830892,0.00978048169327447,14.1179434985389
Westchester,2020-07-19T00:00:00.000,36,35551,3104,347649,347649,35551,2020-07-19,36,3104,0.0115979381443299,0.00964153072379328,42.454580251445
Westchester,2020-07-20T00:00:00.000,36,35587,3044,350693,350693,35587,2020-07-20,36,3044,0.011826544021025,0.00948113097676027,42.5241500270266
Westchester,2020-07-21T00:00:00.000,49,35636,4198,354891,354891,35636,2020-07-21,49,4198,0.0116722248689852,0.00930307224283213,57.9305812077594
Westchester,2020-07-22T00:00:00.000,31,35667,4000,358891,358891,35667,2020-07-22,31,4000,0.00775,0.00911141771355531,36.6518675002028
Westchester,2020-07-23T00:00:00.000,33,35700,4805,363696,363696,35700,2020-07-23,33,4805,0.0068678459937565,0.00891034510501121,38.9780434167707
Westchester,2020-07-24T00:00:00.000,38,35738,4045,367741,367741,35738,2020-07-24,38,4045,0.00939431396786156,0.00870400059015486,44.7074264350155
Westchester,2020-07-25T00:00:00.000,39,35777,3149,370890,370890,35777,2020-07-25,39,3149,0.0123848840901874,0.00849637262156161,45.3739478278703
Westchester,2020-07-26T00:00:00.000,22,35799,3937,374827,374827,35799,2020-07-26,22,3937,0.00558801117602235,0.00829119013870356,25.2777567989686
Westchester,2020-07-27T00:00:00.000,39,35838,3847,378674,378674,35838,2020-07-27,39,3847,0.0101377696906681,0.0080918471078358,44.787080049147
Westchester,2020-07-28T00:00:00.000,36,35874,3393,382067,382067,35874,2020-07-28,36,3393,0.0106100795755968,0.0079013529996069,41.5240773897197
Westchester,2020-07-29T00:00:00.000,39,35913,4552,386619,386619,35913,2020-07-29,39,4552,0.0085676625659051,0.00772230697043071,45.1238328087814
Westchester,2020-07-30T00:00:00.000,20,35933,3133,389752,389752,35933,2020-07-30,20,3133,0.00638365783593999,0.00755689220862737,23.2072340378011
Westchester,2020-07-31T00:00:00.000,41,35974,4465,394217,394217,35974,2020-07-31,41,4465,0.00918253079507279,0.00740688616082165,47.5431073347734
Westchester,2020-08-01T00:00:00.000,24,35998,3363,397580,397580,35998,2020-08-01,24,3363,0.00713648528099911,0.00727368213131084,27.7848714355849
Westchester,2020-08-02T00:00:00.000,16,36014,2919,400499,400499,36014,2020-08-02,16,2919,0.00548132922233642,0.00715831792389824,18.5546434031122
Westchester,2020-08-03T00:00:00.000,35,36049,4310,404809,404809,36049,2020-08-03,35,4310,0.00812064965197216,0.00706150766303089,40.7537634037773
Westchester,2020-08-04T00:00:00.000,26,36075,4340,409149,409149,36075,2020-08-04,26,4340,0.00599078341013825,0.00698367360492892,30.66831195607
Westchester,2020-08-05T00:00:00.000,32,36107,4246,413395,413395,36107,2020-08-05,32,4246,0.00753650494583137,0.00692497548296286,38.2276479454825
Westchester,2020-08-06T00:00:00.000,29,36136,3794,417189,417189,36136,2020-08-06,29,3794,0.00764364786505008,0.00688533570737944,35.0699088680554
Westchester,2020-08-07T00:00:00.000,44,36180,4021,421210,421210,36180,2020-08-07,44,4021,0.0109425516040786,0.00686445947089132,53.7266328534582
Westchester,2020-08-08T00:00:00.000,25,36205,4018,425228,425228,36205,2020-08-08,25,4018,0.00622200099552016,0.00686184948057153,30.7816281368039
Westchester,2020-08-09T00:00:00.000,28,36233,3572,428800,428800,36233,2020-08-09,28,3572,0.00783874580067189,0.0068768156441311,34.6884715800837
Westchester,2020-08-10T00:00:00.000,39,36272,4879,433679,433679,36272,2020-08-10,39,4879,0.0079934412789506,0.00690848054788367,48.3597751229489
Westchester,2020-08-11T00:00:00.000,52,36324,4970,438649,438649,36324,2020-08-11,52,4970,0.0104627766599598,0.00695578200368697,64.4157498370513
Westchester,2020-08-12T00:00:00.000,33,36357,4767,443416,443416,36357,2020-08-12,33,4767,0.00692259282567653,0.00701747429148797,40.7940681711613
Westchester,2020-08-13T00:00:00.000,45,36402,4340,447756,447756,36402,2020-08-13,45,4340,0.01036866359447,0.0070921299582661,55.4554552453554
Westchester,2020-08-14T00:00:00.000,33,36435,5397,453153,453153,36435,2020-08-14,33,5397,0.00611450806003335,0.00717814418242579,40.5541702247331
Westchester,2020-08-15T00:00:00.000,18,36453,5180,458333,458333,36453,2020-08-15,18,5180,0.00347490347490347,0.00727374368538307,22.1354228300043
Westchester,2020-08-16T00:00:00.000,33,36486,3985,462318,462318,36486,2020-08-16,33,3985,0.0082810539523212,0.00737700202376786,40.5607091919442
Westchester,2020-08-17T00:00:00.000,54,36540,4984,467302,467302,36540,2020-08-17,54,4984,0.0108346709470305,0.00748586274421818,66.259180497521
Westchester,2020-08-18T00:00:00.000,23,36563,4578,471880,471880,36563,2020-08-18,23,4578,0.00502402795980778,0.00759817137154453,28.1406535235909
Westchester,2020-08-19T00:00:00.000,23,36586,5147,477027,477027,36586,2020-08-19,23,5147,0.00446862249854284,0.00771171651720754,28.0283224444806
Westchester,2020-08-20T00:00:00.000,35,36621,5357,482384,482384,36621,2020-08-20,35,5357,0.00653350756020161,0.0078242795951285,42.4356346135305
Westchester,2020-08-21T00:00:00.000,30,36651,6410,488794,488794,36651,2020-08-21,30,6410,0.0046801872074883,0.00793369174773285,36.1521973387605
Westchester,2020-08-22T00:00:00.000,38,36689,4646,493440,493440,36689,2020-08-22,38,4646,0.00817907877744296,0.00803789575695004,45.4712392447074
Westchester,2020-08-23T00:00:00.000,21,36710,3977,497417,497417,36710,2020-08-23,21,3977,0.00528036208197134,0.00813500994974933,24.9308246676014
Westchester,2020-08-24T00:00:00.000,32,36742,3725,501142,501142,36742,2020-08-24,32,3725,0.00859060402684564,0.0082233906037637,37.6956275516009
Westchester,2020-08-25T00:00:00.000,38,36780,4334,505476,505476,36780,2020-08-25,38,4334,0.00876788186432857,0.00830168910624629,44.6573995484804
Westchester,2020-08-26T00:00:00.000,45,36825,5279,510755,510755,36825,2020-08-26,45,5279,0.00852434173138852,0.00836890022635465,52.7200857743075
Westchester,2020-08-27T00:00:00.000,38,36863,4891,515646,515646,36863,2020-08-27,38,4891,0.00776937231649969,0.00842439832227755,44.3486560022842
Westchester,2020-08-28T00:00:00.000,32,36895,5080,520726,520726,36895,2020-08-28,32,5080,0.0062992125984252,0.0084679590795601,37.0567129918243
Westchester,2020-08-29T00:00:00.000,54,36949,5745,526471,526471,36949,2020-08-29,54,5745,0.00939947780678851,0.00849976538978663,62.7131427424951
Westchester,2020-08-30T00:00:00.000,35,36984,4143,530614,530614,36984,2020-08-30,35,4143,0.00844798455225682,0.00852039714847467,40.8352873122517
Westchester,2020-08-31T00:00:00.000,37,37021,4338,534952,534952,37021,2020-08-31,37,4338,0.00852927616413094,0.00853080587794258,43.2744554349174
Westchester,2020-09-01T00:00:00.000,36,37057,4422,539374,539374,37057,2020-09-01,36,4422,0.00814111261872456,0.00853227613779131,42.200365602539
Westchester,2020-09-02T00:00:00.000,49,37106,5469,544843,544843,37106,2020-09-02,49,5469,0.00895959041872372,0.0085263764709418,57.5600420465914
Westchester,2020-09-03T00:00:00.000,46,37152,5292,550135,550135,37152,2020-09-03,46,5292,0.00869236583522298,0.00851490313592885,54.1413763565004
Westchester,2020-09-04T00:00:00.000,53,37205,5401,555536,555536,37205,2020-09-04,53,5401,0.00981299759303833,0.00849982005352082,62.493950533206
Westchester,2020-09-05T00:00:00.000,41,37246,5013,560549,560549,37246,2020-09-05,41,5013,0.00817873528825055,0.00848319825014118,48.4273917627072
Westchester,2020-09-06T00:00:00.000,31,37277,3619,564168,564168,37277,2020-09-06,31,3619,0.00856590218292346,0.00846715765850311,36.6758008480064
Westchester,2020-09-07T00:00:00.000,37,37314,3039,567207,567207,37314,2020-09-07,37,3039,0.0121750575847318,0.00845381355275988,43.8437351763738
Westchester,2020-09-08T00:00:00.000,41,37355,3322,570529,570529,37355,2020-09-08,41,3322,0.0123419626730885,0.00844522917690126,48.6593872315774
Westchester,2020-09-09T00:00:00.000,50,37405,4394,574923,574923,37405,2020-09-09,50,4394,0.0113791533909877,0.00844337539610555,59.4333827096249
Westchester,2020-09-10T00:00:00.000,49,37454,4849,579772,579772,37454,2020-09-10,49,4849,0.0101051763250155,0.00845009754833906,58.4079302417306
Westchester,2020-09-11T00:00:00.000,32,37486,4795,584567,584567,37486,2020-09-11,32,4795,0.00667361835245047,0.00846708909567659,38.268144232542
Westchester,2020-09-12T00:00:00.000,45,37531,3976,588543,588543,37531,2020-09-12,45,3976,0.011317907444668,0.00849587127440693,53.9773077646805
Westchester,2020-09-13T00:00:00.000,40,37571,3371,591914,591914,37571,2020-09-13,40,3371,0.0118659151587066,0.00853777769927399,48.2509112440911
Westchester,2020-09-14T00:00:00.000,30,37601,4081,595995,595995,37601,2020-09-14,30,4081,0.00735113942661112,0.00859394279135208,36.4242148085164
Westchester,2020-09-15T00:00:00.000,33,37634,4896,600891,600891,37634,2020-09-15,33,4896,0.00674019607843137,0.00866529296691995,40.3112224181114
Westchester,2020-09-16T00:00:00.000,38,37672,4826,605717,605717,37672,2020-09-16,38,4826,0.0078740157480315,0.00875253974815415,46.6866471431929
Westchester,2020-09-17T00:00:00.000,46,37718,4825,610542,610542,37718,2020-09-17,46,4825,0.00953367875647668,0.00885617424149071,56.8202027224681
Westchester,2020-09-18T00:00:00.000,37,37755,5740,616282,616282,37755,2020-09-18,37,5740,0.00644599303135888,0.00897646284350312,45.9315336342039
Westchester,2020-09-19T00:00:00.000,46,37801,5776,622058,622058,37801,2020-09-19,46,5776,0.00796398891966759,0.00911344447624515,57.3659457681825
Westchester,2020-09-20T00:00:00.000,36,37837,3507,625565,625565,37837,2020-09-20,36,3507,0.0102651839178785,0.00926693010673318,45.082477534317
Westchester,2020-09-21T00:00:00.000,29,37866,4373,629938,629938,37866,2020-09-21,29,4373,0.00663160301852275,0.00943650577298528,36.4533406485378
Westchester,2020-09-22T00:00:00.000,37,37903,3880,633818,633818,37903,2020-09-22,37,3880,0.0095360824742268,0.00962154075058076,46.6667193359053
Westchester,2020-09-23T00:00:00.000,45,37948,4839,638657,638657,37948,2020-09-23,45,4839,0.00929944203347799,0.0098212027903315,57.045243463189
Westchester,2020-09-24T00:00:00.000,53,38001,5209,643866,643866,38001,2020-09-24,53,5209,0.0101746976387022,0.0100344826019053,67.5700446172141
Westchester,2020-09-25T00:00:00.000,50,38051,5411,649277,649277,38051,2020-09-25,50,5411,0.00924043614858621,0.0102602297742298,64.1098164206861
Westchester,2020-09-26T00:00:00.000,47,38098,5203,654480,654480,38098,2020-09-26,47,5203,0.0090332500480492,0.0104972022320207,60.6079601356327
Westchester,2020-09-27T00:00:00.000,35,38133,2944,657424,657424,38133,2020-09-27,35,2944,0.0118885869565217,0.0107441310187194,45.8362217379158
Westchester,2020-09-28T00:00:00.000,49,38182,4215,661639,661639,38182,2020-09-28,49,4215,0.0116251482799526,0.0109998017741038,65.8222770220292
Westchester,2020-09-29T00:00:00.000,57,38239,3993,665632,665632,38239,2020-09-29,57,3993,0.01427498121713,0.0112631537192417,78.4439639536452
Westchester,2020-09-30T00:00:00.000,61,38300,5027,670659,670659,38300,2020-09-30,61,5027,0.0121344738412572,0.0115333964675068,85.8839268978467
Wyoming,2020-04-01T00:00:00.000,4,14,12,137,137,14,2020-04-01,14,137,0.102189781021898,0.119983134940121,15.5677168170984
Wyoming,2020-04-02T00:00:00.000,1,15,11,148,148,15,2020-04-02,1,11,0.0909090909090909,0.122860418240161,1.11379129724863
Wyoming,2020-04-03T00:00:00.000,3,18,11,159,159,18,2020-04-03,3,11,0.272727272727273,0.125775804208827,3.3733728489022
Wyoming,2020-04-04T00:00:00.000,4,22,16,175,175,22,2020-04-04,4,16,0.25,0.128694423811781,4.55313956417444
Wyoming,2020-04-05T00:00:00.000,1,23,6,181,181,23,2020-04-05,1,6,0.166666666666667,0.1315651616754,1.1521193024669
Wyoming,2020-04-06T00:00:00.000,0,23,7,188,188,23,2020-04-06,0,7,0,0.134322291295012,0
Wyoming,2020-04-07T00:00:00.000,4,27,18,206,206,27,2020-04-07,4,18,0.222222222222222,0.13688762299714,4.69658402199396
Wyoming,2020-04-08T00:00:00.000,2,29,12,218,218,29,2020-04-08,2,12,0.166666666666667,0.139173247930519,2.36364240197656
Wyoming,2020-04-09T00:00:00.000,1,30,13,231,231,30,2020-04-09,1,13,0.0769230769230769,0.141084913547358,1.18864791002282
Wyoming,2020-04-10T00:00:00.000,1,31,12,243,243,31,2020-04-10,1,12,0.0833333333333333,0.142526002324027,1.19468402809138
Wyoming,2020-04-11T00:00:00.000,0,31,2,245,245,31,2020-04-11,0,2,0,0.14340201267553,0
Wyoming,2020-04-12T00:00:00.000,0,31,2,247,247,31,2020-04-12,0,2,0,0.143625368990199,0
Wyoming,2020-04-13T00:00:00.000,1,32,21,268,268,32,2020-04-13,1,21,0.0476190476190476,0.143120323844435,1.20974317396816
Wyoming,2020-04-14T00:00:00.000,2,34,9,277,277,34,2020-04-14,2,9,0.222222222222222,0.141827666433061,2.43611477824823
Wyoming,2020-04-15T00:00:00.000,0,34,8,285,285,34,2020-04-15,0,8,0,0.139708922438469,0
Wyoming,2020-04-16T00:00:00.000,1,35,11,296,296,35,2020-04-16,1,11,0.0909090909090909,0.136749724155557,1.23231579211339
Wyoming,2020-04-17T00:00:00.000,1,36,6,302,302,36,2020-04-17,1,6,0.166666666666667,0.13296204994692,1.23795269589121
Wyoming,2020-04-18T00:00:00.000,0,36,6,308,308,36,2020-04-18,0,6,0,0.128385079710354,0
Wyoming,2020-04-19T00:00:00.000,0,36,4,312,312,36,2020-04-19,0,4,0,0.123084492129979,0
Wyoming,2020-04-20T00:00:00.000,0,36,6,318,318,36,2020-04-20,0,6,0,0.117150138326533,0
Wyoming,2020-04-21T00:00:00.000,4,40,14,332,332,40,2020-04-21,4,14,0.285714285714286,0.110692162558636,4.98047760740924
Wyoming,2020-04-22T00:00:00.000,1,41,15,347,347,41,2020-04-22,1,15,0.0666666666666667,0.103835791403422,1.24494853395866
Wyoming,2020-04-23T00:00:00.000,2,43,18,365,365,43,2020-04-23,2,18,0.111111111111111,0.0967151605475453,2.49525233318262
Wyoming,2020-04-24T00:00:00.000,14,57,117,482,482,57,2020-04-24,14,117,0.11965811965812,0.0894666678292393,17.4900453502616
Wyoming,2020-04-25T00:00:00.000,2,59,19,501,501,59,2020-04-25,2,19,0.105263157894737,0.0822224081088957,2.49983272693008
Wyoming,2020-04-26T00:00:00.000,4,63,15,516,516,63,2020-04-26,4,15,0.266666666666667,0.0751042414687828,4.99802457247863
Wyoming,2020-04-27T00:00:00.000,0,63,9,525,525,63,2020-04-27,0,9,0,0.0682189663387696,0
Wyoming,2020-04-28T00:00:00.000,2,65,26,551,551,65,2020-04-28,2,26,0.0769230769230769,0.0616549248343861,2.48336417636389
Wyoming,2020-04-29T00:00:00.000,2,67,17,568,568,67,2020-04-29,2,17,0.117647058823529,0.055480185076594,2.47165733060015
Wyoming,2020-04-30T00:00:00.000,1,68,16,584,584,68,2020-04-30,1,16,0.0625,0.0497422577209579,1.22922813212219
Wyoming,2020-05-01T00:00:00.000,1,69,32,616,616,69,2020-05-01,1,32,0.03125,0.0444691443418913,1.22196865856446
Wyoming,2020-05-02T00:00:00.000,0,69,15,631,631,69,2020-05-02,0,15,0,0.0396714063447163,0
Wyoming,2020-05-03T00:00:00.000,0,69,16,647,647,69,2020-05-03,0,16,0,0.0353448944192647,0
Wyoming,2020-05-04T00:00:00.000,1,70,24,671,671,70,2020-05-04,1,24,0.0416666666666667,0.0314737859905041,1.19737399741313
Wyoming,2020-05-05T00:00:00.000,0,70,42,713,713,70,2020-05-05,0,42,0,0.0280336280315069,0
Wyoming,2020-05-06T00:00:00.000,1,71,22,735,735,71,2020-05-06,1,22,0.0454545454545455,0.0249941567179196,1.1829040080196
Wyoming,2020-05-07T00:00:00.000,2,73,130,865,865,73,2020-05-07,2,130,0.0153846153846154,0.0223217464436183,2.35127309436185
Wyoming,2020-05-08T00:00:00.000,2,75,187,1052,1052,75,2020-05-08,2,187,0.0106951871657754,0.0199814152999652,2.34160081496179
Wyoming,2020-05-09T00:00:00.000,2,77,26,1078,1078,77,2020-05-09,2,26,0.0769230769230769,0.0179383741075007,2.33147597259523
Wyoming,2020-05-10T00:00:00.000,0,77,39,1117,1117,77,2020-05-10,0,39,0,0.016159148525792,0
Wyoming,2020-05-11T00:00:00.000,0,77,24,1141,1141,77,2020-05-11,0,24,0,0.0146123293343594,0
Wyoming,2020-05-12T00:00:00.000,0,77,63,1204,1204,77,2020-05-12,0,63,0,0.013269017438315,0
Wyoming,2020-05-13T00:00:00.000,0,77,41,1245,1245,77,2020-05-13,0,41,0,0.0121030314890919,0
Wyoming,2020-05-14T00:00:00.000,0,77,106,1351,1351,77,2020-05-14,0,106,0,0.0110909406209776,0
Wyoming,2020-05-15T00:00:00.000,1,78,28,1379,1379,78,2020-05-15,1,28,0.0357142857142857,0.0102119760101132,1.13725733639223
Wyoming,2020-05-16T00:00:00.000,0,78,43,1422,1422,78,2020-05-16,0,43,0,0.00944786481104637,0
Wyoming,2020-05-17T00:00:00.000,1,79,56,1478,1478,79,2020-05-17,1,56,0.0178571428571429,0.00878262017887793,1.13364143767644
Wyoming,2020-05-18T00:00:00.000,0,79,27,1505,1505,79,2020-05-18,0,27,0,0.00820231224897154,0
Wyoming,2020-05-19T00:00:00.000,0,79,60,1565,1565,79,2020-05-19,0,60,0,0.00769483758111331,0
Wyoming,2020-05-20T00:00:00.000,0,79,64,1629,1629,79,2020-05-20,0,64,0,0.00724969870996653,0
Wyoming,2020-05-21T00:00:00.000,0,79,46,1675,1675,79,2020-05-21,0,46,0,0.00685780093130458,0
Wyoming,2020-05-22T00:00:00.000,1,80,150,1825,1825,80,2020-05-22,1,150,0.00666666666666667,0.00651127014829047,1.14814910425089
Wyoming,2020-05-23T00:00:00.000,1,81,113,1938,1938,81,2020-05-23,1,113,0.00884955752212389,0.00620329320747218,1.15087626506915
Wyoming,2020-05-24T00:00:00.000,1,82,42,1980,1980,82,2020-05-24,1,42,0.0238095238095238,0.00592798049234576,1.15297134062334
Wyoming,2020-05-25T00:00:00.000,0,82,29,2009,2009,82,2020-05-25,0,29,0,0.00568024943265434,0
Wyoming,2020-05-26T00:00:00.000,0,82,42,2051,2051,82,2020-05-26,0,42,0,0.00545572684743585,0
Wyoming,2020-05-27T00:00:00.000,0,82,77,2128,2128,82,2020-05-27,0,77,0,0.00525066762167337,0
Wyoming,2020-05-28T00:00:00.000,0,82,66,2194,2194,82,2020-05-28,0,66,0,0.00506188698907907,0
Wyoming,2020-05-29T00:00:00.000,2,84,90,2284,2284,84,2020-05-29,2,90,0.0222222222222222,0.00488670366899802,2.34511948636778
Wyoming,2020-05-30T00:00:00.000,2,86,45,2329,2329,86,2020-05-30,2,45,0.0444444444444444,0.00472289120509584,2.36188163426849
Wyoming,2020-05-31T00:00:00.000,0,86,85,2414,2414,86,2020-05-31,0,85,0,0.00456863508946132,0
Wyoming,2020-06-01T00:00:00.000,0,86,229,2643,2643,86,2020-06-01,0,229,0,0.00442249360165719,0
Wyoming,2020-06-02T00:00:00.000,1,87,91,2734,2734,87,2020-06-02,1,91,0.010989010989011,0.00428336070659545,1.19117282285319
Wyoming,2020-06-03T00:00:00.000,0,87,122,2856,2856,87,2020-06-03,0,122,0,0.00415042983710016,0
Wyoming,2020-06-04T00:00:00.000,1,88,67,2923,2923,88,2020-06-04,1,67,0.0149253731343284,0.004023157878001,1.18460639180203
Wyoming,2020-06-05T00:00:00.000,1,89,129,3052,3052,89,2020-06-05,1,129,0.00775193798449612,0.00390122913120692,1.18110128750968
Wyoming,2020-06-06T00:00:00.000,0,89,124,3176,3176,89,2020-06-06,0,124,0,0.00378451945914424,0
Wyoming,2020-06-07T00:00:00.000,1,90,127,3303,3303,90,2020-06-07,1,127,0.0078740157480315,0.00367306110830101,1.19193451241809
Wyoming,2020-06-08T00:00:00.000,1,91,102,3405,3405,91,2020-06-08,1,102,0.00980392156862745,0.00356700892088661,1.19370974916934
Wyoming,2020-06-09T00:00:00.000,0,91,188,3593,3593,91,2020-06-09,0,188,0,0.00346660872129606,0
Wyoming,2020-06-10T00:00:00.000,0,91,97,3690,3690,91,2020-06-10,0,97,0,0.00337216862704238,0
Wyoming,2020-06-11T00:00:00.000,0,91,97,3787,3787,91,2020-06-11,0,97,0,0.00328403390228242,0
Wyoming,2020-06-12T00:00:00.000,0,91,113,3900,3900,91,2020-06-12,0,113,0,0.00320256577320189,0
Wyoming,2020-06-13T00:00:00.000,1,92,65,3965,3965,92,2020-06-13,1,65,0.0153846153846154,0.003128124384596,1.18298547467306
Wyoming,2020-06-14T00:00:00.000,0,92,49,4014,4014,92,2020-06-14,0,49,0,0.0030610558310216,0
Wyoming,2020-06-15T00:00:00.000,1,93,201,4215,4215,93,2020-06-15,1,201,0.00497512437810945,0.00300168297343877,1.18407549297753
Wyoming,2020-06-16T00:00:00.000,0,93,85,4300,4300,93,2020-06-16,0,85,0,0.00295029955970401,0
Wyoming,2020-06-17T00:00:00.000,0,93,68,4368,4368,93,2020-06-17,0,68,0,0.0029071670358053,0
Wyoming,2020-06-18T00:00:00.000,0,93,126,4494,4494,93,2020-06-18,0,126,0,0.00287251334278785,0
Wyoming,2020-06-19T00:00:00.000,0,93,33,4527,4527,93,2020-06-19,0,33,0,0.00284653297002867,0
Wyoming,2020-06-20T00:00:00.000,0,93,33,4560,4560,93,2020-06-20,0,33,0,0.00282938753722782,0
Wyoming,2020-06-21T00:00:00.000,0,93,151,4711,4711,93,2020-06-21,0,151,0,0.00282120623055079,0
Wyoming,2020-06-22T00:00:00.000,0,93,147,4858,4858,93,2020-06-22,0,147,0,0.00282208549026402,0
Wyoming,2020-06-23T00:00:00.000,0,93,83,4941,4941,93,2020-06-23,0,83,0,0.00283208744013894,0
Wyoming,2020-06-24T00:00:00.000,0,93,95,5036,5036,93,2020-06-24,0,95,0,0.00285123666455102,0
Wyoming,2020-06-25T00:00:00.000,1,94,167,5203,5203,94,2020-06-25,1,167,0.00598802395209581,0.00287951505708843,1.1133939667187
Wyoming,2020-06-26T00:00:00.000,1,95,113,5316,5316,95,2020-06-26,1,113,0.00884955752212389,0.00291685461100713,1.10208505948535
Wyoming,2020-06-27T00:00:00.000,0,95,65,5381,5381,95,2020-06-27,0,65,0,0.00296312816871002,0
Wyoming,2020-06-28T00:00:00.000,0,95,149,5530,5530,95,2020-06-28,0,149,0,0.00301813832228363,0
Wyoming,2020-06-29T00:00:00.000,0,95,99,5629,5629,95,2020-06-29,0,99,0,0.00308160484161661,0
Wyoming,2020-06-30T00:00:00.000,0,95,94,5723,5723,95,2020-06-30,0,94,0,0.00315315120638088,0
Wyoming,2020-07-01T00:00:00.000,0,95,167,5890,5890,95,2020-07-01,0,167,0,0.00323229102064158,0
Wyoming,2020-07-02T00:00:00.000,0,95,112,6002,6002,95,2020-07-02,0,112,0,0.0033184152883788,0
Wyoming,2020-07-03T00:00:00.000,1,96,224,6226,6226,96,2020-07-03,1,224,0.00446428571428571,0.00341078169298643,1.08682482847461
Wyoming,2020-07-04T00:00:00.000,1,97,64,6290,6290,97,2020-07-04,1,64,0.015625,0.00350850714283229,1.09352722370884
Wyoming,2020-07-05T00:00:00.000,0,97,42,6332,6332,97,2020-07-05,0,42,0,0.00361056488827083,0
Wyoming,2020-07-06T00:00:00.000,0,97,89,6421,6421,97,2020-07-06,0,89,0,0.00371578744757081,0
Wyoming,2020-07-07T00:00:00.000,1,98,67,6488,6488,98,2020-07-07,1,67,0.0149253731343284,0.00382287639338832,1.09733441913757
Wyoming,2020-07-08T00:00:00.000,1,99,222,6710,6710,99,2020-07-08,1,222,0.0045045045045045,0.00393041972772907,1.09823178661163
Wyoming,2020-07-09T00:00:00.000,2,101,70,6780,6780,101,2020-07-09,2,70,0.0285714285714286,0.00403691711589673,2.1977291666455
Wyoming,2020-07-10T00:00:00.000,0,101,211,6991,6991,101,2020-07-10,0,211,0,0.00414081268101542,0
Wyoming,2020-07-11T00:00:00.000,0,101,86,7077,7077,101,2020-07-11,0,86,0,0.00424053442921758,0
Wyoming,2020-07-12T00:00:00.000,1,102,65,7142,7142,102,2020-07-12,1,65,0.0153846153846154,0.00433453872981035,1.09881838983778
Wyoming,2020-07-13T00:00:00.000,1,103,215,7357,7357,103,2020-07-13,1,215,0.00465116279069767,0.00442135769246163,1.09807209233204
Wyoming,2020-07-14T00:00:00.000,0,103,97,7454,7454,103,2020-07-14,0,97,0,0.00449964683983072,0
Wyoming,2020-07-15T00:00:00.000,0,103,92,7546,7546,103,2020-07-15,0,92,0,0.00456823022790952,0
Wyoming,2020-07-16T00:00:00.000,0,103,75,7621,7621,103,2020-07-16,0,75,0,0.00462614017037463,0
Wyoming,2020-07-17T00:00:00.000,1,104,83,7704,7704,104,2020-07-17,1,83,0.0120481927710843,0.004672648987607,1.09146439594348
Wyoming,2020-07-18T00:00:00.000,0,104,161,7865,7865,104,2020-07-18,0,161,0,0.00470729071471049,0
Wyoming,2020-07-19T00:00:00.000,0,104,113,7978,7978,104,2020-07-19,0,113,0,0.00472987141542297,0
Wyoming,2020-07-20T00:00:00.000,3,107,114,8092,8092,107,2020-07-20,3,114,0.0263157894736842,0.0047404675791892,3.30636274715465
Wyoming,2020-07-21T00:00:00.000,1,108,102,8194,8194,108,2020-07-21,1,102,0.00980392156862745,0.00473941294679131,1.10515100104702
Wyoming,2020-07-22T00:00:00.000,0,108,122,8316,8316,108,2020-07-22,0,122,0,0.00472727491231606,0
Wyoming,2020-07-23T00:00:00.000,2,110,101,8417,8417,110,2020-07-23,2,101,0.0198019801980198,0.00470482231222643,2.21615922939766
Wyoming,2020-07-24T00:00:00.000,0,110,151,8568,8568,110,2020-07-24,0,151,0,0.00467298687318976,0
Wyoming,2020-07-25T00:00:00.000,0,110,209,8777,8777,110,2020-07-25,0,209,0,0.00463282082755533,0
Wyoming,2020-07-26T00:00:00.000,0,110,175,8952,8952,110,2020-07-26,0,175,0,0.00458545319788916,0
Wyoming,2020-07-27T00:00:00.000,1,111,106,9058,9058,111,2020-07-27,1,106,0.00943396226415094,0.00453204706727313,1.08370933976539
Wyoming,2020-07-28T00:00:00.000,0,111,83,9141,9141,111,2020-07-28,0,83,0,0.00447375978568842,0
Wyoming,2020-07-29T00:00:00.000,0,111,129,9270,9270,111,2020-07-29,0,129,0,0.00441170761948183,0
Wyoming,2020-07-30T00:00:00.000,1,112,114,9384,9384,112,2020-07-30,1,114,0.0087719298245614,0.00434693586059817,1.09793691390474
Wyoming,2020-07-31T00:00:00.000,0,112,74,9458,9458,112,2020-07-31,0,74,0,0.00428039493376498,0
Wyoming,2020-08-01T00:00:00.000,0,112,309,9767,9767,112,2020-08-01,0,309,0,0.00421292262340305,0
Wyoming,2020-08-02T00:00:00.000,1,113,64,9831,9831,113,2020-08-02,1,64,0.015625,0.00414523220253874,1.09801030880565
Wyoming,2020-08-03T00:00:00.000,0,113,85,9916,9916,113,2020-08-03,0,85,0,0.00407790599791812,0
Wyoming,2020-08-04T00:00:00.000,1,114,116,10032,10032,114,2020-08-04,1,116,0.00862068965517241,0.0040113937815768,1.11593181801513
Wyoming,2020-08-05T00:00:00.000,1,115,104,10136,10136,115,2020-08-05,1,104,0.00961538461538462,0.0039460153046471,1.12928003970761
Wyoming,2020-08-06T00:00:00.000,1,116,114,10250,10250,116,2020-08-06,1,114,0.0087719298245614,0.00388196629382044,1.14195582319529
Wyoming,2020-08-07T00:00:00.000,0,116,139,10389,10389,116,2020-08-07,0,139,0,0.00381932727703459,0
Wyoming,2020-08-08T00:00:00.000,2,118,153,10542,10542,118,2020-08-08,2,153,0.0130718954248366,0.00375807467767331,2.31864358945983
Wyoming,2020-08-09T00:00:00.000,0,118,96,10638,10638,118,2020-08-09,0,96,0,0.00369809370441835,0
Wyoming,2020-08-10T00:00:00.000,0,118,88,10726,10726,118,2020-08-10,0,88,0,0.0036391926369209,0
Wyoming,2020-08-11T00:00:00.000,0,118,56,10782,10782,118,2020-08-11,0,56,0,0.00358111816945914,0
Wyoming,2020-08-12T00:00:00.000,0,118,167,10949,10949,118,2020-08-12,0,167,0,0.00352357151117708,0
Wyoming,2020-08-13T00:00:00.000,0,118,117,11066,11066,118,2020-08-13,0,117,0,0.00346622494450172,0
Wyoming,2020-08-14T00:00:00.000,0,118,151,11217,11217,118,2020-08-14,0,151,0,0.00340873853450236,0
Wyoming,2020-08-15T00:00:00.000,0,118,284,11501,11501,118,2020-08-15,0,284,0,0.00335077663781102,0
Wyoming,2020-08-16T00:00:00.000,0,118,26,11527,11527,118,2020-08-16,0,26,0,0.0032920238212829,0
Wyoming,2020-08-17T00:00:00.000,2,120,110,11637,11637,120,2020-08-17,2,110,0.0181818181818182,0.0032321997512332,2.25635759540012
Wyoming,2020-08-18T00:00:00.000,0,120,94,11731,11731,120,2020-08-18,0,94,0,0.00317107258529759,0
Wyoming,2020-08-19T00:00:00.000,0,120,132,11863,11863,120,2020-08-19,0,132,0,0.00310847039087062,0
Wyoming,2020-08-20T00:00:00.000,1,121,138,12001,12001,121,2020-08-20,1,138,0.0072463768115942,0.00304429014294072,1.10323193555583
Wyoming,2020-08-21T00:00:00.000,0,121,159,12160,12160,121,2020-08-21,0,159,0,0.00297850391508056,0
Wyoming,2020-08-22T00:00:00.000,2,123,80,12240,12240,123,2020-08-22,2,80,0.025,0.00291116199034307,2.16209906850533
Wyoming,2020-08-23T00:00:00.000,1,124,166,12406,12406,124,2020-08-23,1,166,0.00602409638554217,0.00284239274957937,1.06868558029773
Wyoming,2020-08-24T00:00:00.000,1,125,156,12562,12562,125,2020-08-24,1,156,0.00641025641025641,0.00277239936714031,1.0566264710908
Wyoming,2020-08-25T00:00:00.000,0,125,128,12690,12690,125,2020-08-25,0,128,0,0.00270145351422706,0
Wyoming,2020-08-26T00:00:00.000,0,125,99,12789,12789,125,2020-08-26,0,99,0,0.00262988644007912,0
Wyoming,2020-08-27T00:00:00.000,0,125,120,12909,12909,125,2020-08-27,0,120,0,0.00255807794827889,0
Wyoming,2020-08-28T00:00:00.000,0,125,237,13146,13146,125,2020-08-28,0,237,0,0.00248644389329347,0
Wyoming,2020-08-29T00:00:00.000,1,126,197,13343,13343,126,2020-08-29,1,197,0.0050761421319797,0.002415422881509,1.02405534584595
Wyoming,2020-08-30T00:00:00.000,0,126,61,13404,13404,126,2020-08-30,0,61,0,0.00234546287346826,0
Wyoming,2020-08-31T00:00:00.000,0,126,98,13502,13502,126,2020-08-31,0,98,0,0.00227700833322108,0
Wyoming,2020-09-01T00:00:00.000,0,126,153,13655,13655,126,2020-09-01,0,153,0,0.00221048848780244,0
Wyoming,2020-09-02T00:00:00.000,0,126,102,13757,13757,126,2020-09-02,0,102,0,0.00214630713248648,0
Wyoming,2020-09-03T00:00:00.000,0,126,86,13843,13843,126,2020-09-03,0,86,0,0.00208483427454319,0
Wyoming,2020-09-04T00:00:00.000,0,126,115,13958,13958,126,2020-09-04,0,115,0,0.00202639976038012,0
Wyoming,2020-09-05T00:00:00.000,0,126,196,14154,14154,126,2020-09-05,0,196,0,0.00197128888937606,0
Wyoming,2020-09-06T00:00:00.000,1,127,161,14315,14315,127,2020-09-06,1,161,0.0062111801242236,0.00191973989316312,1.01992535028559
Wyoming,2020-09-07T00:00:00.000,0,127,40,14355,14355,127,2020-09-07,0,40,0,0.00187194306699871,0
Wyoming,2020-09-08T00:00:00.000,0,127,92,14447,14447,127,2020-09-08,0,92,0,0.00182804127185854,0
Wyoming,2020-09-09T00:00:00.000,0,127,103,14550,14550,127,2020-09-09,0,103,0,0.00178813149081652,0
Wyoming,2020-09-10T00:00:00.000,0,127,51,14601,14601,127,2020-09-10,0,51,0,0.00175226712067976,0
Wyoming,2020-09-11T00:00:00.000,1,128,128,14729,14729,128,2020-09-11,1,128,0.0078125,0.00172046069507471,1.01971424530451
Wyoming,2020-09-12T00:00:00.000,0,128,76,14805,14805,128,2020-09-12,0,76,0,0.00169268677541044,0
Wyoming,2020-09-13T00:00:00.000,2,130,222,15027,15027,130,2020-09-13,2,222,0.00900900900900901,0.00166888479890931,2.04919683101382
Wyoming,2020-09-14T00:00:00.000,0,130,411,15438,15438,130,2020-09-14,0,411,0,0.001648961733567,0
Wyoming,2020-09-15T00:00:00.000,0,130,430,15868,15868,130,2020-09-15,0,430,0,0.00163279445544116,0
Wyoming,2020-09-16T00:00:00.000,0,130,459,16327,16327,130,2020-09-16,0,459,0,0.00162023183359936,0
Wyoming,2020-09-17T00:00:00.000,1,131,342,16669,16669,131,2020-09-17,1,342,0.00292397660818713,0.00161109656825724,1.04167559455792
Wyoming,2020-09-18T00:00:00.000,1,132,416,17085,17085,132,2020-09-18,1,416,0.00240384615384615,0.00160518689059934,1.04508414517653
Wyoming,2020-09-19T00:00:00.000,0,132,579,17664,17664,132,2020-09-19,0,579,0,0.00160227828425047,0
Wyoming,2020-09-20T00:00:00.000,0,132,126,17790,17790,132,2020-09-20,0,126,0,0.0016021254283166,0
Wyoming,2020-09-21T00:00:00.000,0,132,722,18512,18512,132,2020-09-21,0,722,0,0.00160446459311379,0
Wyoming,2020-09-22T00:00:00.000,0,132,417,18929,18929,132,2020-09-22,0,417,0,0.00160901673382533,0
Wyoming,2020-09-23T00:00:00.000,2,134,374,19303,19303,134,2020-09-23,2,374,0.0053475935828877,0.00161549151913541,2.11665911082531
Wyoming,2020-09-24T00:00:00.000,1,135,251,19554,19554,135,2020-09-24,1,251,0.00398406374501992,0.00162359251343595,1.06261646683558
Wyoming,2020-09-25T00:00:00.000,1,136,165,19719,19719,136,2020-09-25,1,165,0.00606060606060606,0.00163302368148413,1.06693526157805
Wyoming,2020-09-26T00:00:00.000,1,137,291,20010,20010,137,2020-09-26,1,291,0.00343642611683849,0.00164349732484712,1.07127594498901
Wyoming,2020-09-27T00:00:00.000,0,137,62,20072,20072,137,2020-09-27,0,62,0,0.00165474347911565,0
Wyoming,2020-09-28T00:00:00.000,0,137,78,20150,20150,137,2020-09-28,0,78,0,0.00166652071797078,0
Wyoming,2020-09-29T00:00:00.000,0,137,98,20248,20248,137,2020-09-29,0,98,0,0.0016786282248865,0
Wyoming,2020-09-30T00:00:00.000,0,137,157,20405,20405,137,2020-09-30,0,157,0,0.00169091893191501,0
Yates,2020-04-01T00:00:00.000,1,1,8,62,62,1,2020-04-01,1,62,0.0161290322580645,0.0432061915614042,1.00401329914488
Yates,2020-04-02T00:00:00.000,0,1,7,69,69,1,2020-04-02,0,7,0,0.044658792653748,0
Yates,2020-04-03T00:00:00.000,0,1,3,72,72,1,2020-04-03,0,3,0,0.0461556767175583,0
Yates,2020-04-04T00:00:00.000,0,1,6,78,78,1,2020-04-04,0,6,0,0.0476942497835384,0
Yates,2020-04-05T00:00:00.000,0,1,2,80,80,1,2020-04-05,0,2,0,0.0492698425299237,0
Yates,2020-04-06T00:00:00.000,0,1,3,83,83,1,2020-04-06,0,3,0,0.0508756410058669,0
Yates,2020-04-07T00:00:00.000,0,1,5,88,88,1,2020-04-07,0,5,0,0.0525026457347646,0
Yates,2020-04-08T00:00:00.000,0,1,7,95,95,1,2020-04-08,0,7,0,0.0541396683158364,0
Yates,2020-04-09T00:00:00.000,1,2,3,98,98,2,2020-04-09,1,3,0.333333333333333,0.0557733749906397,1.0832978120706
Yates,2020-04-10T00:00:00.000,0,2,5,103,103,2,2020-04-10,0,5,0,0.0573883862602831,0
Yates,2020-04-11T00:00:00.000,1,3,6,109,109,3,2020-04-11,1,6,0.166666666666667,0.0589674403706521,1.09784833107066
Yates,2020-04-12T00:00:00.000,1,4,4,113,113,4,2020-04-12,1,4,0.25,0.0604916264120689,1.10443266088494
Yates,2020-04-13T00:00:00.000,2,6,5,118,118,6,2020-04-13,2,5,0.4,0.0619406899033171,2.22510571266528
Yates,2020-04-14T00:00:00.000,0,6,5,123,123,6,2020-04-14,0,5,0,0.063293410172238,0
Yates,2020-04-15T00:00:00.000,1,7,2,125,125,7,2020-04-15,1,2,0.5,0.0645280448471548,1.13451931091465
Yates,2020-04-16T00:00:00.000,1,8,10,135,135,8,2020-04-16,1,10,0.1,0.0656228324839023,1.14507745816724
Yates,2020-04-17T00:00:00.000,1,9,28,163,163,9,2020-04-17,1,28,0.0357142857142857,0.0665565402062325,1.15518184144378
Yates,2020-04-18T00:00:00.000,0,9,2,165,165,9,2020-04-18,0,2,0,0.0673090393718119,0
Yates,2020-04-19T00:00:00.000,1,10,13,178,178,10,2020-04-19,1,13,0.0769230769230769,0.0678618891762737,1.17330792314045
Yates,2020-04-20T00:00:00.000,0,10,1,179,179,10,2020-04-20,0,1,0,0.0681989058544025,0
Yates,2020-04-21T00:00:00.000,1,11,1,180,180,11,2020-04-21,1,1,1,0.0683066940998692,1.18643961687431
Yates,2020-04-22T00:00:00.000,0,11,8,188,188,11,2020-04-22,0,8,0,0.0681751174971627,0
Yates,2020-04-23T00:00:00.000,0,11,5,193,193,11,2020-04-23,0,5,0,0.067797686286954,0
Yates,2020-04-24T00:00:00.000,5,16,41,234,234,16,2020-04-24,5,41,0.121951219512195,0.067171843553623,6.06995546612874
Yates,2020-04-25T00:00:00.000,1,17,4,238,238,17,2020-04-25,1,4,0.25,0.0662991348648108,1.22329928148725
Yates,2020-04-26T00:00:00.000,0,17,3,241,241,17,2020-04-26,0,3,0,0.0651852512855208,0
Yates,2020-04-27T00:00:00.000,0,17,3,244,244,17,2020-04-27,0,3,0,0.0638399412916903,0
Yates,2020-04-28T00:00:00.000,0,17,8,252,252,17,2020-04-28,0,8,0,0.0622767931065645,0
Yates,2020-04-29T00:00:00.000,1,18,10,262,262,18,2020-04-29,1,10,0.1,0.0605128950862976,1.24660615699244
Yates,2020-04-30T00:00:00.000,0,18,12,274,274,18,2020-04-30,0,12,0,0.0585683875506083,0
Yates,2020-05-01T00:00:00.000,0,18,13,287,287,18,2020-05-01,0,13,0,0.0564659246283322,0
Yates,2020-05-02T00:00:00.000,1,19,23,310,310,19,2020-05-02,1,23,0.0434782608695652,0.0542300688554125,1.25269784448768
Yates,2020-05-03T00:00:00.000,0,19,9,319,319,19,2020-05-03,0,9,0,0.0518866441837964,0
Yates,2020-05-04T00:00:00.000,0,19,7,326,326,19,2020-05-04,0,7,0,0.049462074495906,0
Yates,2020-05-05T00:00:00.000,0,19,13,339,339,19,2020-05-05,0,13,0,0.0469827345997209,0
Yates,2020-05-06T00:00:00.000,0,19,13,352,352,19,2020-05-06,0,13,0,0.0444743389782077,0
Yates,2020-05-07T00:00:00.000,1,20,12,364,364,20,2020-05-07,1,12,0.0833333333333333,0.0419613904506745,1.25223330006793
Yates,2020-05-08T00:00:00.000,0,20,24,388,388,20,2020-05-08,0,24,0,0.0394667066345095,0
Yates,2020-05-09T00:00:00.000,1,21,27,415,415,21,2020-05-09,1,27,0.037037037037037,0.0370110369954304,1.25330209638243
Yates,2020-05-10T00:00:00.000,0,21,15,430,430,21,2020-05-10,0,15,0,0.0346127777790085,0
Yates,2020-05-11T00:00:00.000,0,21,15,445,445,21,2020-05-11,0,15,0,0.0322877866526175,0
Yates,2020-05-12T00:00:00.000,1,22,23,468,468,22,2020-05-12,1,23,0.0434782608695652,0.0300492937976164,1.24041380334401
Yates,2020-05-13T00:00:00.000,0,22,51,519,519,22,2020-05-13,0,51,0,0.0279079018883711,0
Yates,2020-05-14T00:00:00.000,0,22,16,535,535,22,2020-05-14,0,16,0,0.0258716640007105,0
Yates,2020-05-15T00:00:00.000,0,22,15,550,550,22,2020-05-15,0,15,0,0.0239462262279937,0
Yates,2020-05-16T00:00:00.000,1,23,14,564,564,23,2020-05-16,1,14,0.0714285714285714,0.0221350205729956,1.235348060679
Yates,2020-05-17T00:00:00.000,2,25,22,586,586,25,2020-05-17,2,22,0.0909090909090909,0.0204394935198326,2.46712020876797
Yates,2020-05-18T00:00:00.000,1,26,25,611,611,26,2020-05-18,1,25,0.04,0.0188593563622003,1.23548569245158
Yates,2020-05-19T00:00:00.000,8,34,67,678,678,34,2020-05-19,8,67,0.119402985074627,0.0173928447144404,9.88445707984231
Yates,2020-05-20T00:00:00.000,0,34,62,740,740,34,2020-05-20,0,62,0,0.0160369764345485,0
Yates,2020-05-21T00:00:00.000,0,34,107,847,847,34,2020-05-21,0,107,0,0.0147877992252557,0
Yates,2020-05-22T00:00:00.000,3,37,22,869,869,37,2020-05-22,3,22,0.136363636363636,0.01364062129524,3.70882541042134
Yates,2020-05-23T00:00:00.000,0,37,58,927,927,37,2020-05-23,0,58,0,0.0125902204811097,0
Yates,2020-05-24T00:00:00.000,0,37,28,955,955,37,2020-05-24,0,28,0,0.0116310290616299,0
Yates,2020-05-25T00:00:00.000,0,37,67,1022,1022,37,2020-05-25,0,67,0,0.010757293070642,0
Yates,2020-05-26T00:00:00.000,2,39,28,1050,1050,39,2020-05-26,2,28,0.0714285714285714,0.00996320618602839,2.45799873577685
Yates,2020-05-27T00:00:00.000,0,39,50,1100,1100,39,2020-05-27,0,50,0,0.00924301925689844,0
Yates,2020-05-28T00:00:00.000,0,39,130,1230,1230,39,2020-05-28,0,130,0,0.0085911272240482,0
Yates,2020-05-29T00:00:00.000,0,39,31,1261,1261,39,2020-05-29,0,31,0,0.00800213564239723,0
Yates,2020-05-30T00:00:00.000,0,39,87,1348,1348,39,2020-05-30,0,87,0,0.00747090924959216,0
Yates,2020-05-31T00:00:00.000,0,39,77,1425,1425,39,2020-05-31,0,77,0,0.00699260509611055,0
Yates,2020-06-01T00:00:00.000,0,39,48,1473,1473,39,2020-06-01,0,48,0,0.00656269269662209,0
Yates,2020-06-02T00:00:00.000,0,39,108,1581,1581,39,2020-06-02,0,108,0,0.00617696351191528,0
Yates,2020-06-03T00:00:00.000,0,39,78,1659,1659,39,2020-06-03,0,78,0,0.00583153186628132,0
Yates,2020-06-04T00:00:00.000,0,39,113,1772,1772,39,2020-06-04,0,113,0,0.00552282916583253,0
Yates,2020-06-05T00:00:00.000,0,39,109,1881,1881,39,2020-06-05,0,109,0,0.0052475930304145,0
Yates,2020-06-06T00:00:00.000,0,39,73,1954,1954,39,2020-06-06,0,73,0,0.00500285270639448,0
Yates,2020-06-07T00:00:00.000,0,39,110,2064,2064,39,2020-06-07,0,110,0,0.00478591189030083,0
Yates,2020-06-08T00:00:00.000,0,39,30,2094,2094,39,2020-06-08,0,30,0,0.00459432988080979,0
Yates,2020-06-09T00:00:00.000,0,39,64,2158,2158,39,2020-06-09,0,64,0,0.00442590178682151,0
Yates,2020-06-10T00:00:00.000,0,39,99,2257,2257,39,2020-06-10,0,99,0,0.00427863835557836,0
Yates,2020-06-11T00:00:00.000,0,39,103,2360,2360,39,2020-06-11,0,103,0,0.00415074584760523,0
Yates,2020-06-12T00:00:00.000,0,39,52,2412,2412,39,2020-06-12,0,52,0,0.00404060627357243,0
Yates,2020-06-13T00:00:00.000,1,40,64,2476,2476,40,2020-06-13,1,64,0.015625,0.00394675821905379,1.2108073901223
Yates,2020-06-14T00:00:00.000,0,40,89,2565,2565,40,2020-06-14,0,89,0,0.00386787841547868,0
Yates,2020-06-15T00:00:00.000,0,40,98,2663,2663,40,2020-06-15,0,98,0,0.0038027641677655,0
Yates,2020-06-16T00:00:00.000,0,40,58,2721,2721,40,2020-06-16,0,58,0,0.00375031671564524,0
Yates,2020-06-17T00:00:00.000,0,40,53,2774,2774,40,2020-06-17,0,53,0,0.00370952558883172,0
Yates,2020-06-18T00:00:00.000,0,40,74,2848,2848,40,2020-06-18,0,74,0,0.00367945400738698,0
Yates,2020-06-19T00:00:00.000,1,41,49,2897,2897,41,2020-06-19,1,49,0.0204081632653061,0.00365922538266865,1.20915744593125
Yates,2020-06-20T00:00:00.000,0,41,70,2967,2967,41,2020-06-20,0,70,0,0.00364801098002472,0
Yates,2020-06-21T00:00:00.000,1,42,72,3039,3039,42,2020-06-21,1,72,0.0138888888888889,0.0036450188173488,1.18876572360088
Yates,2020-06-22T00:00:00.000,1,43,43,3082,3082,43,2020-06-22,1,43,0.0232558139534884,0.00364948388509554,1.1775506757949
Yates,2020-06-23T00:00:00.000,1,44,44,3126,3126,44,2020-06-23,1,44,0.0227272727272727,0.00366065978271707,1.16586322859449
Yates,2020-06-24T00:00:00.000,0,44,41,3167,3167,44,2020-06-24,0,41,0,0.00367781187249408,0
Yates,2020-06-25T00:00:00.000,1,45,61,3228,3228,45,2020-06-25,1,61,0.0163934426229508,0.00370021204730465,1.14166737224387
Yates,2020-06-26T00:00:00.000,0,45,56,3284,3284,45,2020-06-26,0,56,0,0.0037271351982848,0
Yates,2020-06-27T00:00:00.000,0,45,63,3347,3347,45,2020-06-27,0,63,0,0.00375785744275713,0
Yates,2020-06-28T00:00:00.000,1,46,133,3480,3480,46,2020-06-28,1,133,0.0075187969924812,0.00379165613801014,1.11682299934167
Yates,2020-06-29T00:00:00.000,0,46,55,3535,3535,46,2020-06-29,0,55,0,0.00382781165838246,0
Yates,2020-06-30T00:00:00.000,0,46,53,3588,3588,46,2020-06-30,0,53,0,0.00386561085537308,0
Yates,2020-07-01T00:00:00.000,0,46,28,3616,3616,46,2020-07-01,0,28,0,0.00390435205480152,0
Yates,2020-07-02T00:00:00.000,0,46,67,3683,3683,46,2020-07-02,0,67,0,0.00394335137710679,0
Yates,2020-07-03T00:00:00.000,2,48,84,3767,3767,48,2020-07-03,2,84,0.0238095238095238,0.00398195009856231,2.20756619992222
Yates,2020-07-04T00:00:00.000,0,48,45,3812,3812,48,2020-07-04,0,45,0,0.00401952271103231,0
Yates,2020-07-05T00:00:00.000,0,48,33,3845,3845,48,2020-07-05,0,33,0,0.00405548529058273,0
Yates,2020-07-06T00:00:00.000,0,48,59,3904,3904,48,2020-07-06,0,59,0,0.00408930375381081,0
Yates,2020-07-07T00:00:00.000,0,48,73,3977,3977,48,2020-07-07,0,73,0,0.00412050157246035,0
Yates,2020-07-08T00:00:00.000,0,48,87,4064,4064,48,2020-07-08,0,87,0,0.00414866653208695,0
Yates,2020-07-09T00:00:00.000,0,48,65,4129,4129,48,2020-07-09,0,65,0,0.00417345615978986,0
Yates,2020-07-10T00:00:00.000,0,48,59,4188,4188,48,2020-07-10,0,59,0,0.00419460150771005,0
Yates,2020-07-11T00:00:00.000,0,48,44,4232,4232,48,2020-07-11,0,44,0,0.00421190906072522,0
Yates,2020-07-12T00:00:00.000,0,48,46,4278,4278,48,2020-07-12,0,46,0,0.0042252606308251,0
Yates,2020-07-13T00:00:00.000,1,49,54,4332,4332,49,2020-07-13,1,54,0.0185185185185185,0.00423461120181911,1.0933435395861
Yates,2020-07-14T00:00:00.000,1,50,55,4387,4387,50,2020-07-14,1,55,0.0181818181818182,0.00423998478938691,1.09043815203925
Yates,2020-07-15T00:00:00.000,0,50,84,4471,4471,50,2020-07-15,0,84,0,0.0042414684749084,0
Yates,2020-07-16T00:00:00.000,1,51,89,4560,4560,51,2020-07-16,1,89,0.0112359550561798,0.00423920485235136,1.08400863293319
Yates,2020-07-17T00:00:00.000,0,51,104,4664,4664,51,2020-07-17,0,104,0,0.00423338318993115,0
Yates,2020-07-18T00:00:00.000,0,51,33,4697,4697,51,2020-07-18,0,33,0,0.00422422965054091,0
Yates,2020-07-19T00:00:00.000,0,51,46,4743,4743,51,2020-07-19,0,46,0,0.00421199693599271,0
Yates,2020-07-20T00:00:00.000,0,51,109,4852,4852,51,2020-07-20,0,109,0,0.00419695371997067,0
Yates,2020-07-21T00:00:00.000,0,51,53,4905,4905,51,2020-07-21,0,53,0,0.00417937421768576,0
Yates,2020-07-22T00:00:00.000,0,51,115,5020,5020,51,2020-07-22,0,115,0,0.00415952820832078,0
Yates,2020-07-23T00:00:00.000,0,51,41,5061,5061,51,2020-07-23,0,41,0,0.00413767178503105,0
Yates,2020-07-24T00:00:00.000,0,51,79,5140,5140,51,2020-07-24,0,79,0,0.00411403906020716,0
Yates,2020-07-25T00:00:00.000,0,51,120,5260,5260,51,2020-07-25,0,120,0,0.00408883500632794,0
Yates,2020-07-26T00:00:00.000,1,52,67,5327,5327,52,2020-07-26,1,67,0.0149253731343284,0.00406222956476248,1.0698690130183
Yates,2020-07-27T00:00:00.000,0,52,55,5382,5382,52,2020-07-27,0,55,0,0.00403435311545682,0
Yates,2020-07-28T00:00:00.000,0,52,47,5429,5429,52,2020-07-28,0,47,0,0.00400529336233116,0
Yates,2020-07-29T00:00:00.000,0,52,39,5468,5468,52,2020-07-29,0,39,0,0.00397509366065173,0
Yates,2020-07-30T00:00:00.000,1,53,90,5558,5558,53,2020-07-30,1,90,0.0111111111111111,0.00394375278816857,1.08730161212015
Yates,2020-07-31T00:00:00.000,2,55,58,5616,5616,55,2020-07-31,2,58,0.0344827586206897,0.00391122614107091,2.17571210335326
Yates,2020-08-01T00:00:00.000,0,55,86,5702,5702,55,2020-08-01,0,86,0,0.00387742831849211,0
Yates,2020-08-02T00:00:00.000,0,55,51,5753,5753,55,2020-08-02,0,51,0,0.00384223704125295,0
Yates,2020-08-03T00:00:00.000,1,56,65,5818,5818,56,2020-08-03,1,65,0.0153846153846154,0.00380549833002415,1.0945890155149
Yates,2020-08-04T00:00:00.000,0,56,49,5867,5867,56,2020-08-04,0,49,0,0.00376703284568754,0
Yates,2020-08-05T00:00:00.000,0,56,75,5942,5942,56,2020-08-05,0,75,0,0.00372664326500296,0
Yates,2020-08-06T00:00:00.000,0,56,50,5992,5992,56,2020-08-06,0,50,0,0.0036841225320669,0
Yates,2020-08-07T00:00:00.000,0,56,122,6114,6114,56,2020-08-07,0,122,0,0.00363926278814521,0
Yates,2020-08-08T00:00:00.000,1,57,64,6178,6178,57,2020-08-08,1,64,0.015625,0.00359186474202737,1.15408941368885
Yates,2020-08-09T00:00:00.000,0,57,37,6215,6215,57,2020-08-09,0,37,0,0.00354174720428645,0
Yates,2020-08-10T00:00:00.000,0,57,49,6264,6264,57,2020-08-10,0,49,0,0.00348875647288198,0
Yates,2020-08-11T00:00:00.000,0,57,133,6397,6397,57,2020-08-11,0,133,0,0.00343277523147522,0
Yates,2020-08-12T00:00:00.000,1,58,94,6491,6491,58,2020-08-12,1,94,0.0106382978723404,0.00337373060873017,1.14888361188912
Yates,2020-08-13T00:00:00.000,0,58,58,6549,6549,58,2020-08-13,0,58,0,0.0033116010497675,0
Yates,2020-08-14T00:00:00.000,1,59,55,6604,6604,59,2020-08-14,1,55,0.0181818181818182,0.00324642167646876,1.13516986910573
Yates,2020-08-15T00:00:00.000,0,59,82,6686,6686,59,2020-08-15,0,82,0,0.00317828785767322,0
Yates,2020-08-16T00:00:00.000,0,59,59,6745,6745,59,2020-08-16,0,59,0,0.00310735677888561,0
Yates,2020-08-17T00:00:00.000,0,59,70,6815,6815,59,2020-08-17,0,70,0,0.00303384688625761,0
Yates,2020-08-18T00:00:00.000,0,59,51,6866,6866,59,2020-08-18,0,51,0,0.00295803518009674,0
Yates,2020-08-19T00:00:00.000,0,59,64,6930,6930,59,2020-08-19,0,64,0,0.00288025244034067,0
Yates,2020-08-20T00:00:00.000,0,59,96,7026,7026,59,2020-08-20,0,96,0,0.00280087657370648,0
Yates,2020-08-21T00:00:00.000,0,59,61,7087,7087,59,2020-08-21,0,61,0,0.00272032436939794,0
Yates,2020-08-22T00:00:00.000,1,60,90,7177,7177,60,2020-08-22,1,90,0.0111111111111111,0.0026390420328193,1.07049239796477
Yates,2020-08-23T00:00:00.000,0,60,27,7204,7204,60,2020-08-23,0,27,0,0.00255749492290651,0
Yates,2020-08-24T00:00:00.000,0,60,35,7239,7239,60,2020-08-24,0,35,0,0.00247615694988298,0
Yates,2020-08-25T00:00:00.000,0,60,78,7317,7317,60,2020-08-25,0,78,0,0.0023955000893504,0
Yates,2020-08-26T00:00:00.000,0,60,47,7364,7364,60,2020-08-26,0,47,0,0.00231598443969192,0
Yates,2020-08-27T00:00:00.000,0,60,94,7458,7458,60,2020-08-27,0,94,0,0.00223804919525092,0
Yates,2020-08-28T00:00:00.000,1,61,65,7523,7523,61,2020-08-28,1,65,0.0153846153846154,0.00216210483294209,1.010245012932
Yates,2020-08-29T00:00:00.000,0,61,100,7623,7623,61,2020-08-29,0,100,0,0.00208852672205501,0
Yates,2020-08-30T00:00:00.000,1,62,80,7703,7703,62,2020-08-30,1,80,0.0125,0.0020176502747552,1.01019723734374
Yates,2020-08-31T00:00:00.000,0,62,32,7735,7735,62,2020-08-31,0,32,0,0.00194976766259142,0
Yates,2020-09-01T00:00:00.000,0,62,47,7782,7782,62,2020-09-01,0,47,0,0.0018851260426203,0
Yates,2020-09-02T00:00:00.000,0,62,69,7851,7851,62,2020-09-02,0,69,0,0.0018239271665554,0
Yates,2020-09-03T00:00:00.000,0,62,86,7937,7937,62,2020-09-03,0,86,0,0.00176632819330248,0
Yates,2020-09-04T00:00:00.000,0,62,56,7993,7993,62,2020-09-04,0,56,0,0.00171244349004867,0
Yates,2020-09-05T00:00:00.000,0,62,87,8080,8080,62,2020-09-05,0,87,0,0.00166234718911518,0
Yates,2020-09-06T00:00:00.000,0,62,60,8140,8140,62,2020-09-06,0,60,0,0.00161607626549178,0
Yates,2020-09-07T00:00:00.000,0,62,37,8177,8177,62,2020-09-07,0,37,0,0.0015736339121637,0
Yates,2020-09-08T00:00:00.000,0,62,34,8211,8211,62,2020-09-08,0,34,0,0.00153499301211776,0
Yates,2020-09-09T00:00:00.000,0,62,35,8246,8246,62,2020-09-09,0,35,0,0.00150009953560268,0
Yates,2020-09-10T00:00:00.000,0,62,85,8331,8331,62,2020-09-10,0,85,0,0.00146887572624933,0
Yates,2020-09-11T00:00:00.000,0,62,97,8428,8428,62,2020-09-11,0,97,0,0.00144122297592891,0
Yates,2020-09-12T00:00:00.000,0,62,74,8502,8502,62,2020-09-12,0,74,0,0.00141702432577615,0
Yates,2020-09-13T00:00:00.000,0,62,113,8615,8615,62,2020-09-13,0,113,0,0.00139614656709016,0
Yates,2020-09-14T00:00:00.000,0,62,40,8655,8655,62,2020-09-14,0,40,0,0.00137844194997392,0
Yates,2020-09-15T00:00:00.000,0,62,50,8705,8705,62,2020-09-15,0,50,0,0.0013637495391932,0
Yates,2020-09-16T00:00:00.000,0,62,94,8799,8799,62,2020-09-16,0,94,0,0.00135189628594582,0
Yates,2020-09-17T00:00:00.000,0,62,91,8890,8890,62,2020-09-17,0,91,0,0.00134269790892596,0
Yates,2020-09-18T00:00:00.000,0,62,71,8961,8961,62,2020-09-18,0,71,0,0.00133595970023252,0
Yates,2020-09-19T00:00:00.000,0,62,179,9140,9140,62,2020-09-19,0,179,0,0.0013314773888305,0
Yates,2020-09-20T00:00:00.000,0,62,71,9211,9211,62,2020-09-20,0,71,0,0.00132903820601005,0
Yates,2020-09-21T00:00:00.000,0,62,43,9254,9254,62,2020-09-21,0,43,0,0.00132842230343229,0
Yates,2020-09-22T00:00:00.000,0,62,72,9326,9326,62,2020-09-22,0,72,0,0.00132940467288886,0
Yates,2020-09-23T00:00:00.000,0,62,63,9389,9389,62,2020-09-23,0,63,0,0.00133175770636273,0
Yates,2020-09-24T00:00:00.000,0,62,92,9481,9481,62,2020-09-24,0,92,0,0.00133525451682774,0
Yates,2020-09-25T00:00:00.000,0,62,77,9558,9558,62,2020-09-25,0,77,0,0.00133967311115205,0
Yates,2020-09-26T00:00:00.000,2,64,124,9682,9682,64,2020-09-26,2,124,0.0161290322580645,0.00134480147050402,2.10000469737969
Yates,2020-09-27T00:00:00.000,0,64,103,9785,9785,64,2020-09-27,0,103,0,0.00135044355055586,0
Yates,2020-09-28T00:00:00.000,0,64,45,9830,9830,64,2020-09-28,0,45,0,0.00135642616890346,0
Yates,2020-09-29T00:00:00.000,0,64,63,9893,9893,64,2020-09-29,0,63,0,0.00136260670405801,0
Yates,2020-09-30T00:00:00.000,0,64,87,9980,9980,64,2020-09-30,0,87,0,0.00136888149785072,0
