name,test_date,new_positives,cumulative_number_of_positives,total_number_of_tests,cumulative_number_of_tests,tests,positive,date,pos_new,test_new,pos_rate,pos_rate_gam,case
Albany,2020-03-01T00:00:00.000,0,0,0,0,0,0,2020-03-01,0,0,0,0.0113569534465316,0
Albany,2020-03-02T00:00:00.000,0,0,0,0,0,0,2020-03-02,0,0,0,0.0124859419780177,0
Albany,2020-03-03T00:00:00.000,0,0,0,0,0,0,2020-03-03,0,0,0,0.0137252209719733,0
Albany,2020-03-04T00:00:00.000,0,0,0,0,0,0,2020-03-04,0,0,0,0.0150845090515698,0
Albany,2020-03-05T00:00:00.000,0,0,3,3,3,0,2020-03-05,0,3,0,0.0165738348658802,0
Albany,2020-03-06T00:00:00.000,0,0,0,3,3,0,2020-03-06,0,0,0,0.0182034169747959,0
Albany,2020-03-07T00:00:00.000,0,0,5,8,8,0,2020-03-07,0,5,0,0.0199835135479376,0
Albany,2020-03-08T00:00:00.000,0,0,2,10,10,0,2020-03-08,0,2,0,0.0219242400350137,0
Albany,2020-03-09T00:00:00.000,0,0,3,13,13,0,2020-03-09,0,3,0,0.0240353540122939,0
Albany,2020-03-10T00:00:00.000,0,0,2,15,15,0,2020-03-10,0,2,0,0.0263260077881873,0
Albany,2020-03-11T00:00:00.000,0,0,13,28,28,0,2020-03-11,0,13,0,0.0288044710351504,0
Albany,2020-03-12T00:00:00.000,1,1,11,39,39,1,2020-03-12,1,11,0.0909090909090909,0.0314778276786268,1.27395277159194
Albany,2020-03-13T00:00:00.000,2,3,26,65,65,3,2020-03-13,2,26,0.0769230769230769,0.034351653431594,2.51434369412008
Albany,2020-03-14T00:00:00.000,3,6,108,173,173,6,2020-03-14,3,108,0.0277777777777778,0.0374296825973269,3.72265275934608
Albany,2020-03-15T00:00:00.000,6,12,108,281,281,12,2020-03-15,6,108,0.0555555555555556,0.0407134749309171,7.35073801567616
Albany,2020-03-16T00:00:00.000,11,23,140,421,421,23,2020-03-16,11,140,0.0785714285714286,0.0442020952445464,13.3091215498243
Albany,2020-03-17T00:00:00.000,13,36,267,688,688,36,2020-03-17,13,267,0.048689138576779,0.0478918198935055,15.5389822484337
Albany,2020-03-18T00:00:00.000,7,43,331,1019,1019,43,2020-03-18,7,331,0.0211480362537764,0.0517758850484154,8.25419340804649
Albany,2020-03-19T00:00:00.000,18,61,450,1469,1469,61,2020-03-19,18,450,0.04,0.0558442916145167,20.9919045298736
Albany,2020-03-20T00:00:00.000,27,88,499,1968,1968,88,2020-03-20,27,499,0.0541082164328657,0.0600836806289887,31.1566241465541
Albany,2020-03-21T00:00:00.000,35,123,577,2545,2545,123,2020-03-21,35,577,0.0606585788561525,0.0644772909458441,39.9167969018644
Albany,2020-03-22T00:00:00.000,4,127,197,2742,2742,127,2020-03-22,4,197,0.0203045685279188,0.0690050080071103,4.5296683515951
Albany,2020-03-23T00:00:00.000,19,146,144,2886,2886,146,2020-03-23,19,144,0.131944444444444,0.0736435086679011,21.5363068211844
Albany,2020-03-24T00:00:00.000,6,152,198,3084,3084,152,2020-03-24,6,198,0.0303030303030303,0.0783665026010816,6.79761692977917
Albany,2020-03-25T00:00:00.000,19,171,93,3177,3177,171,2020-03-25,19,93,0.204301075268817,0.0831450660828911,21.4836986322567
Albany,2020-03-26T00:00:00.000,16,187,112,3289,3289,187,2020-03-26,16,112,0.142857142857143,0.0879480593002228,18.0454375740042
Albany,2020-03-27T00:00:00.000,8,195,101,3390,3390,195,2020-03-27,8,101,0.0792079207920792,0.092742614090124,9.07056384119446
Albany,2020-03-28T00:00:00.000,10,205,73,3463,3463,205,2020-03-28,10,73,0.136986301369863,0.0974946755471738,11.3452241999879
Albany,2020-03-29T00:00:00.000,12,217,61,3524,3524,217,2020-03-29,12,61,0.19672131147541,0.102169578500183,13.6051219281575
Albany,2020-03-30T00:00:00.000,9,226,72,3596,3596,226,2020-03-30,9,72,0.125,0.106732638584198,10.19511243194
Albany,2020-03-31T00:00:00.000,14,240,108,3704,3704,240,2020-03-31,14,108,0.12962962962963,0.111149737616745,15.8777648466724
Albany,2020-04-01T00:00:00.000,13,253,106,3810,3810,253,2020-04-01,13,106,0.122641509433962,0.115387884126664,14.8308335581944
Albany,2020-04-02T00:00:00.000,14,267,105,3915,3915,267,2020-04-02,14,105,0.133333333333333,0.11941573204032,16.0547539283399
Albany,2020-04-03T00:00:00.000,26,293,123,4038,4038,293,2020-04-03,26,123,0.211382113821138,0.123204043452048,29.9517066066717
Albany,2020-04-04T00:00:00.000,12,305,117,4155,4155,305,2020-04-04,12,117,0.102564102564103,0.126726084842478,13.8786220183645
Albany,2020-04-05T00:00:00.000,14,319,89,4244,4244,319,2020-04-05,14,89,0.157303370786517,0.129957949745459,16.2454908544607
Albany,2020-04-06T00:00:00.000,14,333,86,4330,4330,333,2020-04-06,14,86,0.162790697674419,0.132878804456328,16.2915149304476
Albany,2020-04-07T00:00:00.000,9,342,74,4404,4404,342,2020-04-07,9,74,0.121621621621622,0.135471056709051,10.49857773401
Albany,2020-04-08T00:00:00.000,37,379,229,4633,4633,379,2020-04-08,37,229,0.161572052401747,0.137720450132951,43.2548440629354
Albany,2020-04-09T00:00:00.000,47,426,332,4965,4965,426,2020-04-09,47,332,0.141566265060241,0.139616089649497,55.169796252659
Albany,2020-04-10T00:00:00.000,20,446,159,5124,5124,446,2020-04-10,20,159,0.125786163522013,0.141150404755899,23.5570573486975
Albany,2020-04-11T00:00:00.000,32,478,223,5347,5347,478,2020-04-11,32,223,0.143497757847534,0.142319058797579,37.8001361027293
Albany,2020-04-12T00:00:00.000,21,499,193,5540,5540,499,2020-04-12,21,193,0.10880829015544,0.143120813018423,24.8667977636274
Albany,2020-04-13T00:00:00.000,36,535,216,5756,5756,535,2020-04-13,36,216,0.166666666666667,0.143557354318031,42.7203518998008
Albany,2020-04-14T00:00:00.000,13,548,106,5862,5862,548,2020-04-14,13,106,0.122641509433962,0.143633095465754,15.4764073339911
Albany,2020-04-15T00:00:00.000,33,581,301,6163,6163,581,2020-04-15,33,301,0.109634551495017,0.143354955975807,39.4092462256998
Albany,2020-04-16T00:00:00.000,38,619,273,6436,6436,619,2020-04-16,38,273,0.139194139194139,0.142732131137278,45.5190192129762
Albany,2020-04-17T00:00:00.000,29,648,291,6727,6727,648,2020-04-17,29,291,0.0996563573883162,0.141775855790491,34.8513698359068
Albany,2020-04-18T00:00:00.000,34,682,305,7032,7032,682,2020-04-18,34,305,0.111475409836066,0.140499168476307,41.0796245730514
Albany,2020-04-19T00:00:00.000,5,687,103,7135,7135,687,2020-04-19,5,103,0.0485436893203883,0.138916680592851,6.07296973150538
Albany,2020-04-20T00:00:00.000,17,704,164,7299,7299,704,2020-04-20,17,164,0.103658536585366,0.137044354178852,20.7547628563636
Albany,2020-04-21T00:00:00.000,33,737,236,7535,7535,737,2020-04-21,33,236,0.139830508474576,0.134899291007181,40.4921117556027
Albany,2020-04-22T00:00:00.000,21,758,178,7713,7713,758,2020-04-22,21,178,0.117977528089888,0.132499534763814,25.8945561433092
Albany,2020-04-23T00:00:00.000,47,805,319,8032,8032,805,2020-04-23,47,319,0.147335423197492,0.129863887267597,58.2316987651426
Albany,2020-04-24T00:00:00.000,94,899,626,8658,8658,899,2020-04-24,94,626,0.150159744408946,0.127011738976737,117.002698075819
Albany,2020-04-25T00:00:00.000,49,948,402,9060,9060,948,2020-04-25,49,402,0.121890547263682,0.123962913385344,61.2630248745585
Albany,2020-04-26T00:00:00.000,31,979,263,9323,9323,979,2020-04-26,31,263,0.11787072243346,0.120737524422647,38.9242226844696
Albany,2020-04-27T00:00:00.000,30,1009,197,9520,9520,1009,2020-04-27,30,197,0.152284263959391,0.117355845552596,37.822518831528
Albany,2020-04-28T00:00:00.000,58,1067,351,9871,9871,1067,2020-04-28,58,351,0.165242165242165,0.113838189018809,73.3966401686536
Albany,2020-04-29T00:00:00.000,98,1165,439,10310,10310,1165,2020-04-29,98,439,0.223234624145786,0.110204793516741,124.44359834684
Albany,2020-04-30T00:00:00.000,39,1204,378,10688,10688,1204,2020-04-30,39,378,0.103174603174603,0.106475718550316,49.6824750510089
Albany,2020-05-01T00:00:00.000,34,1238,434,11122,11122,1238,2020-05-01,34,434,0.0783410138248848,0.102670743831324,43.4407797410505
Albany,2020-05-02T00:00:00.000,20,1258,441,11563,11563,1258,2020-05-02,20,441,0.0453514739229025,0.0988092722667526,25.6218865861174
Albany,2020-05-03T00:00:00.000,29,1287,391,11954,11954,1287,2020-05-03,29,391,0.0741687979539642,0.0949102353870917,37.2999215143141
Albany,2020-05-04T00:00:00.000,7,1294,130,12084,12084,1294,2020-05-04,7,130,0.0538461538461538,0.0909920004435714,9.06750535549965
Albany,2020-05-05T00:00:00.000,27,1321,367,12451,12451,1321,2020-05-05,27,367,0.0735694822888283,0.087072278825514,35.1311943931402
Albany,2020-05-06T00:00:00.000,27,1348,407,12858,12858,1348,2020-05-06,27,407,0.0663390663390663,0.0831680359287954,35.26098129806
Albany,2020-05-07T00:00:00.000,36,1384,385,13243,13243,1384,2020-05-07,36,385,0.0935064935064935,0.0792954030546867,47.1514991819824
Albany,2020-05-08T00:00:00.000,32,1416,488,13731,13731,1416,2020-05-08,32,488,0.0655737704918033,0.0754695923634053,41.9447150320384
Albany,2020-05-09T00:00:00.000,16,1432,455,14186,14186,1432,2020-05-09,16,455,0.0351648351648352,0.0717048162847543,20.9739659792169
Albany,2020-05-10T00:00:00.000,24,1456,384,14570,14570,1456,2020-05-10,24,384,0.0625,0.0680142130790319,31.4528428835699
Albany,2020-05-11T00:00:00.000,23,1479,341,14911,14911,1479,2020-05-11,23,341,0.0674486803519062,0.0644097804282226,30.2201760389835
Albany,2020-05-12T00:00:00.000,15,1494,335,15246,15246,1494,2020-05-12,15,335,0.0447761194029851,0.0609023190039545,19.7678470084182
Albany,2020-05-13T00:00:00.000,15,1509,546,15792,15792,1509,2020-05-13,15,546,0.0274725274725275,0.0575013878888725,19.8195165759327
Albany,2020-05-14T00:00:00.000,29,1538,541,16333,16333,1538,2020-05-14,29,541,0.0536044362292052,0.0542152735308019,38.4025079550067
Albany,2020-05-15T00:00:00.000,34,1572,482,16815,16815,1572,2020-05-15,34,482,0.0705394190871369,0.0510509735982226,45.1043844644494
Albany,2020-05-16T00:00:00.000,7,1579,411,17226,17226,1579,2020-05-16,7,411,0.0170316301703163,0.0480141966825607,9.32140009605348
Albany,2020-05-17T00:00:00.000,31,1610,342,17568,17568,1610,2020-05-17,31,342,0.0906432748538012,0.0451093783101018,41.4536958243141
Albany,2020-05-18T00:00:00.000,45,1655,398,17966,17966,1655,2020-05-18,45,398,0.113065326633166,0.0423397131833295,60.3806576317668
Albany,2020-05-19T00:00:00.000,27,1682,697,18663,18663,1682,2020-05-19,27,697,0.0387374461979914,0.0397072030392693,36.453255778019
Albany,2020-05-20T00:00:00.000,18,1700,650,19313,19313,1700,2020-05-20,18,650,0.0276923076923077,0.0372127189817923,24.4359708510439
Albany,2020-05-21T00:00:00.000,56,1756,920,20233,20233,1756,2020-05-21,56,920,0.0608695652173913,0.0348560766877573,76.3856737832104
Albany,2020-05-22T00:00:00.000,14,1770,655,20888,20888,1770,2020-05-22,14,655,0.0213740458015267,0.0326361224998656,19.163761019566
Albany,2020-05-23T00:00:00.000,12,1782,438,21326,21326,1782,2020-05-23,12,438,0.0273972602739726,0.0305508281324501,16.412137751597
Albany,2020-05-24T00:00:00.000,9,1791,378,21704,21704,1791,2020-05-24,9,378,0.0238095238095238,0.0285973915465849,12.2864914717807
Albany,2020-05-25T00:00:00.000,2,1793,328,22032,22032,1793,2020-05-25,2,328,0.00609756097560976,0.0267723414835198,2.72246441812415
Albany,2020-05-26T00:00:00.000,3,1796,369,22401,22401,1796,2020-05-26,3,369,0.00813008130081301,0.0250716431998625,4.06731231820258
Albany,2020-05-27T00:00:00.000,18,1814,666,23067,23067,1814,2020-05-27,18,666,0.027027027027027,0.0234908030868616,24.2838535442412
Albany,2020-05-28T00:00:00.000,20,1834,416,23483,23483,1834,2020-05-28,20,416,0.0480769230769231,0.022024970085889,26.8260579729589
Albany,2020-05-29T00:00:00.000,9,1843,521,24004,24004,1843,2020-05-29,9,521,0.017274472168906,0.0206690320978621,11.9921059050455
Albany,2020-05-30T00:00:00.000,17,1860,760,24764,24764,1860,2020-05-30,17,760,0.0223684210526316,0.0194177059119858,22.4851965326357
Albany,2020-05-31T00:00:00.000,22,1882,537,25301,25301,1882,2020-05-31,22,537,0.0409683426443203,0.0182656195250073,28.8737126527976
Albany,2020-06-01T00:00:00.000,18,1900,618,25919,25919,1900,2020-06-01,18,618,0.029126213592233,0.017207386070617,23.4998644347426
Albany,2020-06-02T00:00:00.000,20,1920,1170,27089,27089,1920,2020-06-02,20,1170,0.0170940170940171,0.0162376689063812,25.9612299465522
Albany,2020-06-03T00:00:00.000,10,1930,817,27906,27906,1930,2020-06-03,10,817,0.0122399020807834,0.0153512377069259,12.9003773399396
Albany,2020-06-04T00:00:00.000,11,1941,1179,29085,29085,1941,2020-06-04,11,1179,0.00932994062765055,0.0145430156742241,14.0968928876952
Albany,2020-06-05T00:00:00.000,12,1953,1164,30249,30249,1953,2020-06-05,12,1164,0.0103092783505155,0.0138081181900906,15.2860457612471
Albany,2020-06-06T00:00:00.000,8,1961,751,31000,31000,1961,2020-06-06,8,751,0.0106524633821571,0.0131418834059863,10.1390535610342
Albany,2020-06-07T00:00:00.000,17,1978,1194,32194,32194,1978,2020-06-07,17,1194,0.0142378559463987,0.0125398953873387,21.4295482717609
Albany,2020-06-08T00:00:00.000,5,1983,616,32810,32810,1983,2020-06-08,5,616,0.00811688311688312,0.0119980005066912,6.26509695887724
Albany,2020-06-09T00:00:00.000,3,1986,569,33379,33379,1986,2020-06-09,3,569,0.00527240773286467,0.0115123178172352,3.73913681888511
Albany,2020-06-10T00:00:00.000,10,1996,774,34153,34153,1996,2020-06-10,10,774,0.0129198966408269,0.0110792441424149,12.4541551227861
Albany,2020-06-11T00:00:00.000,11,2007,1103,35256,35256,2007,2020-06-11,11,1103,0.0099728014505893,0.0106954545912341,13.6882074413268
Albany,2020-06-12T00:00:00.000,9,2016,739,35995,35995,2016,2020-06-12,9,739,0.0121786197564276,0.0103578991606819,11.1896898636638
Albany,2020-06-13T00:00:00.000,4,2020,874,36869,36869,2020,2020-06-13,4,874,0.0045766590389016,0.010063796022303,4.96872966791018
Albany,2020-06-14T00:00:00.000,2,2022,496,37365,37365,2022,2020-06-14,2,496,0.00403225806451613,0.00981062201342872,2.4820988319903
Albany,2020-06-15T00:00:00.000,4,2026,577,37942,37942,2026,2020-06-15,4,577,0.00693240901213172,0.00959610077113159,4.95965783187732
Albany,2020-06-16T00:00:00.000,3,2029,592,38534,38534,2029,2020-06-16,3,592,0.00506756756756757,0.00941818886154555,3.71637068196295
Albany,2020-06-17T00:00:00.000,5,2034,843,39377,39377,2034,2020-06-17,5,843,0.00593119810201661,0.00927506017355583,6.18843595577111
Albany,2020-06-18T00:00:00.000,15,2049,1070,40447,40447,2049,2020-06-18,15,1070,0.014018691588785,0.00916508876687586,18.548393612589
Albany,2020-06-19T00:00:00.000,4,2053,610,41057,41057,2053,2020-06-19,4,610,0.00655737704918033,0.00908683029220519,4.94190669277688
Albany,2020-06-20T00:00:00.000,1,2054,784,41841,41841,2054,2020-06-20,1,784,0.00127551020408163,0.00903900203980465,1.23444177670557
Albany,2020-06-21T00:00:00.000,6,2060,931,42772,42772,2060,2020-06-21,6,931,0.00644468313641246,0.00902046162317667,7.40073416717582
Albany,2020-06-22T00:00:00.000,2,2062,427,43199,43199,2062,2020-06-22,2,427,0.00468384074941452,0.00903018427017291,2.4650335277482
Albany,2020-06-23T00:00:00.000,3,2065,586,43785,43785,2065,2020-06-23,3,586,0.00511945392491468,0.00906723867662455,3.69486266215863
Albany,2020-06-24T00:00:00.000,11,2076,1325,45110,45110,2076,2020-06-24,11,1325,0.00830188679245283,0.00913076138100409,13.5383776203637
Albany,2020-06-25T00:00:00.000,8,2084,630,45740,45740,2084,2020-06-25,8,630,0.0126984126984127,0.00921992964195842,9.83944140725977
Albany,2020-06-26T00:00:00.000,7,2091,799,46539,46539,2091,2020-06-26,7,799,0.00876095118898623,0.0093339328517133,8.60381014476554
Albany,2020-06-27T00:00:00.000,6,2097,762,47301,47301,2097,2020-06-27,6,762,0.0078740157480315,0.00947194259122909,7.36983246780559
Albany,2020-06-28T00:00:00.000,2,2099,514,47815,47815,2099,2020-06-28,2,514,0.00389105058365759,0.00963308153522856,2.45496903424478
Albany,2020-06-29T00:00:00.000,3,2102,543,48358,48358,2102,2020-06-29,3,543,0.00552486187845304,0.00981639154199622,3.67991021500188
Albany,2020-06-30T00:00:00.000,10,2112,731,49089,49089,2112,2020-06-30,10,731,0.0136798905608755,0.0100208014124487,12.2574434651616
Albany,2020-07-01T00:00:00.000,13,2125,928,50017,50017,2125,2020-07-01,13,928,0.0140086206896552,0.0102450949723036,15.9222495462634
Albany,2020-07-02T00:00:00.000,5,2130,805,50822,50822,2130,2020-07-02,5,805,0.0062111801242236,0.010487880310913,6.11874558951598
Albany,2020-07-03T00:00:00.000,15,2145,970,51792,51792,2145,2020-07-03,15,970,0.0154639175257732,0.0107475611903709,18.3143292368363
Albany,2020-07-04T00:00:00.000,7,2152,1098,52890,52890,2152,2020-07-04,7,1098,0.0063752276867031,0.0110223118080463,8.54933408230504
Albany,2020-07-05T00:00:00.000,8,2160,626,53516,53516,2160,2020-07-05,8,626,0.012779552715655,0.0113100562341408,9.7593871717967
Albany,2020-07-06T00:00:00.000,4,2164,421,53937,53937,2164,2020-07-06,4,421,0.00950118764845606,0.0116084539400377,4.87429058547215
Albany,2020-07-07T00:00:00.000,11,2175,1020,54957,54957,2175,2020-07-07,11,1020,0.0107843137254902,0.0119148928610232,13.4103405906935
Albany,2020-07-08T00:00:00.000,8,2183,1260,56217,56217,2183,2020-07-08,8,1260,0.00634920634920635,0.0122264913810914,9.75396349025219
Albany,2020-07-09T00:00:00.000,7,2190,625,56842,56842,2190,2020-07-09,7,625,0.0112,0.0125401104744124,8.53378712646138
Albany,2020-07-10T00:00:00.000,18,2208,1252,58094,58094,2208,2020-07-10,18,1252,0.0143769968051118,0.0128523769740556,21.9369395405849
Albany,2020-07-11T00:00:00.000,11,2219,815,58909,58909,2219,2020-07-11,11,815,0.0134969325153374,0.0131597185641879,13.398610742897
Albany,2020-07-12T00:00:00.000,6,2225,594,59503,59503,2225,2020-07-12,6,594,0.0101010101010101,0.0134584106118324,7.302690754005
Albany,2020-07-13T00:00:00.000,22,2247,1139,60642,60642,2247,2020-07-13,22,1139,0.019315188762072,0.0137446343835146,26.7496313382229
Albany,2020-07-14T00:00:00.000,33,2280,860,61502,61502,2280,2020-07-14,33,860,0.0383720930232558,0.0140145455639007,40.0746666966321
Albany,2020-07-15T00:00:00.000,10,2290,1065,62567,62567,2290,2020-07-15,10,1065,0.00938967136150235,0.0142643513377856,12.1258843509875
Albany,2020-07-16T00:00:00.000,20,2310,1098,63665,63665,2310,2020-07-16,20,1098,0.0182149362477231,0.0144903936683552,24.2101412420054
Albany,2020-07-17T00:00:00.000,5,2315,816,64481,64481,2315,2020-07-17,5,816,0.00612745098039216,0.0146892358462228,6.04910781720842
Albany,2020-07-18T00:00:00.000,3,2318,335,64816,64816,2318,2020-07-18,3,335,0.00895522388059702,0.0148577489515074,3.63647423172765
Albany,2020-07-19T00:00:00.000,4,2322,877,65693,65693,2322,2020-07-19,4,877,0.00456100342075257,0.0149931946075009,4.85480702623955
Albany,2020-07-20T00:00:00.000,29,2351,1354,67047,67047,2351,2020-07-20,29,1354,0.0214180206794682,0.015093300346888,35.2185847408271
Albany,2020-07-21T00:00:00.000,18,2369,981,68028,68028,2369,2020-07-21,18,981,0.018348623853211,0.0151563240771794,21.8555723700708
Albany,2020-07-22T00:00:00.000,32,2401,975,69003,69003,2401,2020-07-22,32,975,0.0328205128205128,0.0151811045305572,38.817034835998
Albany,2020-07-23T00:00:00.000,25,2426,896,69899,69899,2426,2020-07-23,25,896,0.0279017857142857,0.0151670951869695,30.2773671117004
Albany,2020-07-24T00:00:00.000,12,2438,632,70531,70531,2438,2020-07-24,12,632,0.0189873417721519,0.0151143799446833,14.5618714991126
Albany,2020-07-25T00:00:00.000,13,2451,817,71348,71348,2451,2020-07-25,13,817,0.0159118727050184,0.0150236697163831,15.7959232430994
Albany,2020-07-26T00:00:00.000,2,2453,820,72168,72168,2453,2020-07-26,2,820,0.0024390243902439,0.0148962800940203,2.43072332761868
Albany,2020-07-27T00:00:00.000,15,2468,929,73097,73097,2468,2020-07-27,15,929,0.0161463939720129,0.0147340911804981,18.2187338717856
Albany,2020-07-28T00:00:00.000,12,2480,843,73940,73940,2480,2020-07-28,12,843,0.0142348754448399,0.0145394915610556,14.5527965754951
Albany,2020-07-29T00:00:00.000,13,2493,763,74703,74703,2493,2020-07-29,13,763,0.0170380078636959,0.0143153091213899,15.7273605659768
Albany,2020-07-30T00:00:00.000,10,2503,745,75448,75448,2503,2020-07-30,10,745,0.0134228187919463,0.0140647319680915,12.0577023763045
Albany,2020-07-31T00:00:00.000,12,2515,1055,76503,76503,2515,2020-07-31,12,1055,0.0113744075829384,0.0137912230315384,14.4206706484132
Albany,2020-08-01T00:00:00.000,6,2521,463,76966,76966,2521,2020-08-01,6,463,0.0129589632829374,0.0134984320314737,7.19422363242088
Albany,2020-08-02T00:00:00.000,10,2531,529,77495,77495,2531,2020-08-02,10,529,0.0189035916824197,0.013190108358746,11.9500548935662
Albany,2020-08-03T00:00:00.000,12,2543,770,78265,78265,2543,2020-08-03,12,770,0.0155844155844156,0.0128700181051986,14.2839321176118
Albany,2020-08-04T00:00:00.000,13,2556,1218,79483,79483,2556,2020-08-04,13,1218,0.0106732348111658,0.0125418679948736,15.4055465509415
Albany,2020-08-05T00:00:00.000,9,2565,800,80283,80283,2565,2020-08-05,9,800,0.01125,0.0122092383799479,10.6127113922199
Albany,2020-08-06T00:00:00.000,8,2573,757,81040,81040,2573,2020-08-06,8,757,0.0105680317040951,0.011875526815492,9.41166033657015
Albany,2020-08-07T00:00:00.000,8,2581,946,81986,81986,2581,2020-08-07,8,946,0.00845665961945032,0.0115439030719029,9.40268916205171
Albany,2020-08-08T00:00:00.000,14,2595,903,82889,82889,2595,2020-08-08,14,903,0.0155038759689922,0.0112172758206501,16.4350848047607
Albany,2020-08-09T00:00:00.000,5,2600,739,83628,83628,2600,2020-08-09,5,739,0.006765899864682,0.0108982706772474,5.86122855584097
Albany,2020-08-10T00:00:00.000,14,2614,1127,84755,84755,2614,2020-08-10,14,1127,0.0124223602484472,0.0105892188305513,16.3837491322849
Albany,2020-08-11T00:00:00.000,10,2624,1451,86206,86206,2624,2020-08-11,10,1451,0.00689179875947622,0.0102921551383078,11.6780220966214
Albany,2020-08-12T00:00:00.000,12,2636,1052,87258,87258,2636,2020-08-12,12,1052,0.0114068441064639,0.0100088243344246,13.9783487896204
Albany,2020-08-13T00:00:00.000,3,2639,1173,88431,88431,2639,2020-08-13,3,1173,0.00255754475703325,0.0097406938651187,3.48504228322512
Albany,2020-08-14T00:00:00.000,4,2643,1109,89540,89540,2643,2020-08-14,4,1109,0.0036068530207394,0.00948897183678479,4.63966136908585
Albany,2020-08-15T00:00:00.000,11,2654,1142,90682,90682,2654,2020-08-15,11,1142,0.00963222416812609,0.00925462860286421,12.7645083014221
Albany,2020-08-16T00:00:00.000,3,2657,700,91382,91382,2657,2020-08-16,3,700,0.00428571428571429,0.00903842062294432,3.48263213899456
Albany,2020-08-17T00:00:00.000,4,2661,991,92373,92373,2661,2020-08-17,4,991,0.00403632694248234,0.00884091537123105,4.63846087859333
Albany,2020-08-18T00:00:00.000,14,2675,1197,93570,93570,2675,2020-08-18,14,1197,0.0116959064327485,0.00866251624311697,16.2131520356352
Albany,2020-08-19T00:00:00.000,9,2684,1750,95320,95320,2684,2020-08-19,9,1750,0.00514285714285714,0.00850348658737785,10.4101572288086
Albany,2020-08-20T00:00:00.000,7,2691,1443,96763,96763,2691,2020-08-20,7,1443,0.00485100485100485,0.00836397216712886,8.08810364466654
Albany,2020-08-21T00:00:00.000,2,2693,1336,98099,98099,2693,2020-08-21,2,1336,0.00149700598802395,0.00824402151861275,2.30814956557388
Albany,2020-08-22T00:00:00.000,6,2699,1263,99362,99362,2699,2020-08-22,6,1263,0.00475059382422803,0.00814360382494531,6.91740212763712
Albany,2020-08-23T00:00:00.000,2,2701,490,99852,99852,2701,2020-08-23,2,490,0.00408163265306122,0.00806262404829291,2.30747682126378
Albany,2020-08-24T00:00:00.000,10,2711,972,100824,100824,2711,2020-08-24,10,972,0.0102880658436214,0.00800093517360468,11.5424213614255
Albany,2020-08-25T00:00:00.000,7,2718,1042,101866,101866,2718,2020-08-25,7,1042,0.00671785028790787,0.00795834750294754,8.07884401971448
Albany,2020-08-26T00:00:00.000,18,2736,1266,103132,103132,2736,2020-08-26,18,1266,0.014218009478673,0.00793463501216895,20.7609304010509
Albany,2020-08-27T00:00:00.000,10,2746,1264,104396,104396,2746,2020-08-27,10,1264,0.00791139240506329,0.00792953883851987,11.5214225217342
Albany,2020-08-28T00:00:00.000,8,2754,1183,105579,105579,2754,2020-08-28,8,1183,0.00676246830092984,0.00794276801703962,9.22882668519309
Albany,2020-08-29T00:00:00.000,10,2764,1519,107098,107098,2764,2020-08-29,10,1519,0.00658327847267939,0.00797399762493125,11.5707976548757
Albany,2020-08-30T00:00:00.000,6,2770,594,107692,107692,2770,2020-08-30,6,594,0.0101010101010101,0.00802286453535841,6.96450259838979
Albany,2020-08-31T00:00:00.000,16,2786,841,108533,108533,2786,2020-08-31,16,841,0.0190249702734839,0.00808896102266921,18.6334688761876
Albany,2020-09-01T00:00:00.000,5,2791,1116,109649,109649,2791,2020-09-01,5,1116,0.00448028673835125,0.00817182650766881,5.84288483669183
Albany,2020-09-02T00:00:00.000,11,2802,1655,111304,111304,2802,2020-09-02,11,1655,0.00664652567975831,0.00827093778195996,12.8994317111401
Albany,2020-09-03T00:00:00.000,17,2819,899,112203,112203,2819,2020-09-03,17,899,0.0189098998887653,0.00838569810776029,20.006518695357
Albany,2020-09-04T00:00:00.000,4,2823,996,113199,113199,2823,2020-09-04,4,996,0.00401606425702811,0.00851542565039354,4.72430096899537
Albany,2020-09-05T00:00:00.000,8,2831,824,114023,114023,2831,2020-09-05,8,824,0.00970873786407767,0.00865934176574632,9.48239179705472
Albany,2020-09-06T00:00:00.000,2,2833,727,114750,114750,2833,2020-09-06,2,727,0.00275103163686382,0.00881655972779166,2.37896386943699
Albany,2020-09-07T00:00:00.000,7,2840,665,115415,115415,2840,2020-09-07,7,665,0.0105263157894737,0.00898607453917463,8.35475305600714
Albany,2020-09-08T00:00:00.000,6,2846,499,115914,115914,2846,2020-09-08,6,499,0.0120240480961924,0.00916675451241636,7.18359782268572
Albany,2020-09-09T00:00:00.000,13,2859,724,116638,116638,2859,2020-09-09,13,724,0.0179558011049724,0.00935733533653506,15.6101769658913
Albany,2020-09-10T00:00:00.000,23,2882,1326,117964,117964,2882,2020-09-10,23,1326,0.0173453996983409,0.00955641734200151,27.6927676569201
Albany,2020-09-11T00:00:00.000,14,2896,1386,119350,119350,2896,2020-09-11,14,1386,0.0101010101010101,0.00976246664396896,16.9205637551633
Albany,2020-09-12T00:00:00.000,19,2915,844,120194,120194,2915,2020-09-12,19,844,0.0225118483412322,0.00997382076895102,23.0627830323841
Albany,2020-09-13T00:00:00.000,6,2921,555,120749,120749,2921,2020-09-13,6,555,0.0108108108108108,0.0101886992531359,7.31207734459441
Albany,2020-09-14T00:00:00.000,15,2936,797,121546,121546,2936,2020-09-14,15,797,0.0188205771643664,0.0104052195367748,18.3465199783846
Albany,2020-09-15T00:00:00.000,12,2948,997,122543,122543,2948,2020-09-15,12,997,0.0120361083249749,0.0106214182745114,14.7244678143613
Albany,2020-09-16T00:00:00.000,21,2969,1084,123627,123627,2969,2020-09-16,21,1084,0.0193726937269373,0.0108352779386271,25.8391575024052
Albany,2020-09-17T00:00:00.000,10,2979,1229,124856,124856,2979,2020-09-17,10,1229,0.0081366965012205,0.0110447583247166,12.3323746236142
Albany,2020-09-18T00:00:00.000,27,3006,1322,126178,126178,3006,2020-09-18,27,1322,0.0204236006051437,0.0112478322904162,33.3555348261877
Albany,2020-09-19T00:00:00.000,10,3016,1147,127325,127325,3016,2020-09-19,10,1147,0.00871839581517001,0.0114425247843066,12.3566063358133
Albany,2020-09-20T00:00:00.000,8,3024,669,127994,127994,3024,2020-09-20,8,669,0.0119581464872945,0.01162695397792,9.87743102056236
Albany,2020-09-21T00:00:00.000,13,3037,776,128770,128770,3037,2020-09-21,13,776,0.0167525773195876,0.0117993731113273,16.0279770783946
Albany,2020-09-22T00:00:00.000,6,3043,869,129639,129639,3043,2020-09-22,6,869,0.00690448791714614,0.0119582115310637,7.38226826300194
Albany,2020-09-23T00:00:00.000,10,3053,1519,131158,131158,3053,2020-09-23,10,1519,0.00658327847267939,0.012102113342013,12.2704605522385
Albany,2020-09-24T00:00:00.000,10,3063,1348,132506,132506,3063,2020-09-24,10,1348,0.00741839762611276,0.0122299721304443,12.2292947394477
Albany,2020-09-25T00:00:00.000,19,3082,1202,133708,133708,3082,2020-09-25,19,1202,0.0158069883527454,0.0123409603431423,23.2203156867013
Albany,2020-09-26T00:00:00.000,13,3095,1091,134799,134799,3095,2020-09-26,13,1091,0.0119156736938588,0.0124345521213569,15.9120926480158
Albany,2020-09-27T00:00:00.000,9,3104,789,135588,135588,3104,2020-09-27,9,789,0.0114068441064639,0.0125105386805484,11.0258567725377
Albany,2020-09-28T00:00:00.000,12,3116,939,136527,136527,3116,2020-09-28,12,939,0.012779552715655,0.0125690356760724,14.7046866323769
Albany,2020-09-29T00:00:00.000,4,3120,925,137452,137452,3120,2020-09-29,4,925,0.00432432432432432,0.0126104823774195,4.89961998959332
Albany,2020-09-30T00:00:00.000,13,3133,1496,138948,138948,3133,2020-09-30,13,1496,0.00868983957219251,0.0126356328669672,15.907544623159
Albany,2020-10-01T00:00:00.000,20,3153,1343,140291,140291,3153,2020-10-01,20,1343,0.0148920327624721,0.0126455398514119,24.4334519895159
Albany,2020-10-02T00:00:00.000,22,3175,1783,142074,142074,3175,2020-10-02,22,1783,0.0123387549074593,0.0126415320047503,26.8176051305487
Albany,2020-10-03T00:00:00.000,15,3190,1052,143126,143126,3190,2020-10-03,15,1052,0.0142585551330798,0.0126251860293553,18.2343298253959
Albany,2020-10-04T00:00:00.000,11,3201,833,143959,143959,3201,2020-10-04,11,833,0.0132052821128451,0.0125982948096208,13.3279669240098
Albany,2020-10-05T00:00:00.000,17,3218,1061,145020,145020,3218,2020-10-05,17,1061,0.0160226201696513,0.0125628331358128,20.520036973117
Albany,2020-10-06T00:00:00.000,15,3233,1328,146348,146348,3233,2020-10-06,15,1328,0.0112951807228916,0.0125209224923397,18.0292941322796
Albany,2020-10-07T00:00:00.000,18,3251,2089,148437,148437,3251,2020-10-07,18,2089,0.00861656294877932,0.012474796339622,21.5344745332775
Albany,2020-10-08T00:00:00.000,17,3268,2240,150677,150677,3268,2020-10-08,17,2240,0.00758928571428571,0.0124267671845805,20.2356704397777
Albany,2020-10-09T00:00:00.000,12,3280,2225,152902,152902,3280,2020-10-09,12,2225,0.00539325842696629,0.0123791965462708,14.205775549282
Albany,2020-10-10T00:00:00.000,13,3293,1823,154725,154725,3293,2020-10-10,13,1823,0.00713110257816786,0.0123344686970433,15.3004991994878
Albany,2020-10-11T00:00:00.000,11,3304,819,155544,155544,3304,2020-10-11,11,819,0.0134310134310134,0.0122949688154713,12.868384655531
Albany,2020-10-12T00:00:00.000,20,3324,1393,156937,156937,3324,2020-10-12,20,1393,0.0143575017946877,0.0122630659384533,23.250843274313
Albany,2020-10-13T00:00:00.000,19,3343,1278,158215,158215,3343,2020-10-13,19,1278,0.014866979655712,0.0122411008656164,21.9465154765187
Albany,2020-10-14T00:00:00.000,26,3369,1823,160038,160038,3369,2020-10-14,26,1823,0.0142622051563357,0.0122313789547032,29.8608525036485
Albany,2020-10-15T00:00:00.000,14,3383,3007,163045,163045,3383,2020-10-15,14,3007,0.00465580312603924,0.0122361675652238,15.9974312376284
Albany,2020-10-16T00:00:00.000,15,3398,1318,164363,164363,3398,2020-10-16,15,1318,0.0113808801213961,0.0122576977582625,17.0846597443499
Albany,2020-10-17T00:00:00.000,18,3416,1354,165717,165717,3416,2020-10-17,18,1354,0.0132939438700148,0.0122981697479892,20.4458986896697
Albany,2020-10-18T00:00:00.000,11,3427,769,166486,166486,3427,2020-10-18,11,769,0.0143042912873862,0.0123597615199733,12.4641158512549
Albany,2020-10-19T00:00:00.000,9,3436,997,167483,167483,3436,2020-10-19,9,997,0.00902708124373119,0.012444639979505,10.1832099625974
Albany,2020-10-20T00:00:00.000,24,3460,1466,168949,168949,3460,2020-10-20,24,1466,0.0163710777626194,0.0125549739674316,27.1505144483353
Albany,2020-10-21T00:00:00.000,28,3488,1454,170403,170403,3488,2020-10-21,28,1454,0.0192572214580468,0.0126929484702127,31.6736962409563
Albany,2020-10-22T00:00:00.000,28,3516,1856,172259,172259,3516,2020-10-22,28,1856,0.0150862068965517,0.0128607793554044,31.6882156836475
Albany,2020-10-23T00:00:00.000,33,3549,2694,174953,174953,3549,2020-10-23,33,2694,0.0122494432071269,0.0130607279745364,37.3579296781687
Albany,2020-10-24T00:00:00.000,28,3577,1148,176101,176101,3577,2020-10-24,28,1148,0.024390243902439,0.0132951149897222,31.7020301238435
Albany,2020-10-25T00:00:00.000,13,3590,809,176910,176910,3590,2020-10-25,13,809,0.0160692212608158,0.0135663327983377,14.718545789177
Albany,2020-10-26T00:00:00.000,23,3613,1212,178122,178122,3613,2020-10-26,23,1212,0.018976897689769,0.013876855944999,26.0360854009791
Albany,2020-10-27T00:00:00.000,14,3627,1082,179204,179204,3627,2020-10-27,14,1082,0.0129390018484288,0.0142292489337183,15.8430080523147
Albany,2020-10-28T00:00:00.000,33,3660,2240,181444,181444,3660,2020-10-28,33,2240,0.0147321428571429,0.0146261708738302,37.3269579815025
Albany,2020-10-29T00:00:00.000,45,3705,2037,183481,183481,3705,2020-10-29,45,2037,0.0220913107511046,0.0150703764335974,50.8697397166035
Albany,2020-10-30T00:00:00.000,19,3724,1581,185062,185062,3724,2020-10-30,19,1581,0.0120177103099304,0.0155647126243767,21.4625036087206
Albany,2020-10-31T00:00:00.000,26,3750,1578,186640,186640,3750,2020-10-31,26,1578,0.0164765525982256,0.0161121110212754,29.3442905363819
Albany,2020-11-01T00:00:00.000,21,3771,905,187545,187545,3771,2020-11-01,21,905,0.0232044198895028,0.016715575136442,23.677679945373
Albany,2020-11-02T00:00:00.000,31,3802,1432,188977,188977,3802,2020-11-02,31,1432,0.0216480446927374,0.0173781628252503,34.9140100176638
Albany,2020-11-03T00:00:00.000,43,3845,1169,190146,190146,3845,2020-11-03,43,1169,0.0367835757057314,0.0181029638189298,48.3699778251259
Albany,2020-11-04T00:00:00.000,32,3877,2982,193128,193128,3877,2020-11-04,32,2982,0.0107310529845741,0.0188930727599799,35.9484949077468
Albany,2020-11-05T00:00:00.000,65,3942,3059,196187,196187,3942,2020-11-05,65,3059,0.021248774109186,0.0197515584707465,72.9162094804746
Albany,2020-11-06T00:00:00.000,82,4024,2976,199163,199163,4024,2020-11-06,82,2976,0.0275537634408602,0.0206814306133423,91.8468208758483
Albany,2020-11-07T00:00:00.000,25,4049,2845,202008,202008,4049,2020-11-07,25,2845,0.00878734622144113,0.0216856054070692,27.9571126634095
Albany,2020-11-08T00:00:00.000,46,4095,976,202984,202984,4095,2020-11-08,46,976,0.0471311475409836,0.022766872637695,51.3509065158903
Albany,2020-11-09T00:00:00.000,97,4192,1767,204751,204751,4192,2020-11-09,97,1767,0.0548953027730617,0.0239278668231908,108.119038967335
Albany,2020-11-10T00:00:00.000,60,4252,4990,209741,209741,4252,2020-11-10,60,4990,0.0120240480961924,0.0251710460554587,66.8986045418695
Albany,2020-11-11T00:00:00.000,84,4336,2714,212455,212455,4336,2020-11-11,84,2714,0.0309506263817244,0.0264986827071135,93.7806814094686
Albany,2020-11-12T00:00:00.000,89,4425,3923,216378,216378,4425,2020-11-12,89,3923,0.0226867193474382,0.027912870828095,99.8337618317764
Albany,2020-11-13T00:00:00.000,89,4514,3012,219390,219390,4514,2020-11-13,89,3012,0.0295484727755644,0.0294155556402135,100.313091748933
Albany,2020-11-14T00:00:00.000,15,4529,1000,220390,220390,4529,2020-11-14,15,1000,0.015,0.0310085910370438,16.9885053454574
Albany,2020-11-15T00:00:00.000,43,4572,1955,222345,222345,4572,2020-11-15,43,1955,0.0219948849104859,0.032693831386712,48.936758401466
Albany,2020-11-16T00:00:00.000,81,4653,1773,224118,224118,4653,2020-11-16,81,1773,0.0456852791878173,0.0344732642319271,92.630286963364
Albany,2020-11-17T00:00:00.000,77,4730,1628,225746,225746,4730,2020-11-17,77,1628,0.0472972972972973,0.0363491907009717,88.481397255699
Albany,2020-11-18T00:00:00.000,92,4822,2566,228312,228312,4822,2020-11-18,92,2566,0.0358534684333593,0.038324460653106,106.225755900589
Allegany,2020-03-01T00:00:00.000,0,0,0,0,0,0,2020-03-01,0,0,0,0.103596655564286,0
Allegany,2020-03-02T00:00:00.000,0,0,0,0,0,0,2020-03-02,0,0,0,0.103405533085219,0
Allegany,2020-03-03T00:00:00.000,0,0,0,0,0,0,2020-03-03,0,0,0,0.103213971455453,0
Allegany,2020-03-04T00:00:00.000,0,0,0,0,0,0,2020-03-04,0,0,0,0.103020729102705,0
Allegany,2020-03-05T00:00:00.000,0,0,0,0,0,0,2020-03-05,0,0,0,0.102824015180176,0
Allegany,2020-03-06T00:00:00.000,0,0,0,0,0,0,2020-03-06,0,0,0,0.102621537485962,0
Allegany,2020-03-07T00:00:00.000,0,0,0,0,0,0,2020-03-07,0,0,0,0.102410548919313,0
Allegany,2020-03-08T00:00:00.000,0,0,0,0,0,0,2020-03-08,0,0,0,0.102187892878374,0
Allegany,2020-03-09T00:00:00.000,0,0,0,0,0,0,2020-03-09,0,0,0,0.101950048034566,0
Allegany,2020-03-10T00:00:00.000,0,0,0,0,0,0,2020-03-10,0,0,0,0.101693172920754,0
Allegany,2020-03-11T00:00:00.000,0,0,4,4,4,0,2020-03-11,0,4,0,0.101413150762589,0
Allegany,2020-03-12T00:00:00.000,0,0,1,5,5,0,2020-03-12,0,1,0,0.101105634951978,0
Allegany,2020-03-13T00:00:00.000,0,0,0,5,5,0,2020-03-13,0,0,0,0.10076609551891,0
Allegany,2020-03-14T00:00:00.000,0,0,1,6,6,0,2020-03-14,0,1,0,0.100389866902747,0
Allegany,2020-03-15T00:00:00.000,2,2,5,11,11,2,2020-03-15,2,5,0.4,0.0999721972519283,2.68054928361081
Allegany,2020-03-16T00:00:00.000,0,2,1,12,12,2,2020-03-16,0,1,0,0.0995082994054928,0
Allegany,2020-03-17T00:00:00.000,0,2,0,12,12,2,2020-03-17,0,0,0,0.0989934036140332,0
Allegany,2020-03-18T00:00:00.000,0,2,3,15,15,2,2020-03-18,0,3,0,0.0984228119640615,0
Allegany,2020-03-19T00:00:00.000,0,2,2,17,17,2,2020-03-19,0,2,0,0.0977919543579095,0
Allegany,2020-03-20T00:00:00.000,0,2,10,27,27,2,2020-03-20,0,10,0,0.0970964457937456,0
Allegany,2020-03-21T00:00:00.000,0,2,10,37,37,2,2020-03-21,0,10,0,0.0963321445707006,0
Allegany,2020-03-22T00:00:00.000,0,2,39,76,76,2,2020-03-22,0,39,0,0.0954952109294434,0
Allegany,2020-03-23T00:00:00.000,0,2,2,78,78,2,2020-03-23,0,2,0,0.0945821655209165,0
Allegany,2020-03-24T00:00:00.000,0,2,5,83,83,2,2020-03-24,0,5,0,0.09358994698636,0
Allegany,2020-03-25T00:00:00.000,0,2,6,89,89,2,2020-03-25,0,6,0,0.0925159678279721,0
Allegany,2020-03-26T00:00:00.000,0,2,9,98,98,2,2020-03-26,0,9,0,0.0913581676584359,0
Allegany,2020-03-27T00:00:00.000,0,2,4,102,102,2,2020-03-27,0,4,0,0.0901150628430194,0
Allegany,2020-03-28T00:00:00.000,4,6,12,114,114,6,2020-03-28,4,12,0.333333333333333,0.0887857914941408,4.49582430899455
Allegany,2020-03-29T00:00:00.000,1,7,7,121,121,7,2020-03-29,1,7,0.142857142857143,0.0873701527463808,1.1161571394033
Allegany,2020-03-30T00:00:00.000,0,7,4,125,125,7,2020-03-30,0,4,0,0.0858686392413714,0
Allegany,2020-03-31T00:00:00.000,2,9,10,135,135,9,2020-03-31,2,10,0.2,0.0842824617815331,2.20634896192494
Allegany,2020-04-01T00:00:00.000,3,12,14,149,149,12,2020-04-01,3,14,0.214285714285714,0.0826135651792508,3.31003494570867
Allegany,2020-04-02T00:00:00.000,2,14,18,167,167,14,2020-04-02,2,18,0.111111111111111,0.0808646344321447,2.20584667352152
Allegany,2020-04-03T00:00:00.000,2,16,13,180,180,16,2020-04-03,2,13,0.153846153846154,0.0790390904990786,2.20394076525184
Allegany,2020-04-04T00:00:00.000,0,16,8,188,188,16,2020-04-04,0,8,0,0.0771410751311996,0
Allegany,2020-04-05T00:00:00.000,1,17,8,196,196,17,2020-04-05,1,8,0.125,0.0751754244300222,1.09858105685001
Allegany,2020-04-06T00:00:00.000,0,17,3,199,199,17,2020-04-06,0,3,0,0.0731476310533347,0
Allegany,2020-04-07T00:00:00.000,4,21,16,215,215,21,2020-04-07,4,16,0.25,0.0710637952621144,4.37449715114826
Allegany,2020-04-08T00:00:00.000,1,22,12,227,227,22,2020-04-08,1,12,0.0833333333333333,0.0689305652940312,1.09087343842219
Allegany,2020-04-09T00:00:00.000,4,26,21,248,248,26,2020-04-09,4,21,0.19047619047619,0.0667550678479039,4.36132439441021
Allegany,2020-04-10T00:00:00.000,0,26,16,264,264,26,2020-04-10,0,16,0,0.0645448297563804,0
Allegany,2020-04-11T00:00:00.000,0,26,11,275,275,26,2020-04-11,0,11,0,0.0623076922061318,0
Allegany,2020-04-12T00:00:00.000,0,26,5,280,280,26,2020-04-12,0,5,0,0.0600517191106729,0
Allegany,2020-04-13T00:00:00.000,2,28,14,294,294,28,2020-04-13,2,14,0.142857142857143,0.0577851014532644,2.16691242470672
Allegany,2020-04-14T00:00:00.000,0,28,10,304,304,28,2020-04-14,0,10,0,0.0555160595703079,0
Allegany,2020-04-15T00:00:00.000,0,28,8,312,312,28,2020-04-15,0,8,0,0.0532527454429905,0
Allegany,2020-04-16T00:00:00.000,1,29,21,333,333,29,2020-04-16,1,21,0.0476190476190476,0.0510031470884338,1.08072904053954
Allegany,2020-04-17T00:00:00.000,1,30,15,348,348,30,2020-04-17,1,15,0.0666666666666667,0.0487749970975512,1.08014324085149
Allegany,2020-04-18T00:00:00.000,0,30,7,355,355,30,2020-04-18,0,7,0,0.0465756872489149,0
Allegany,2020-04-19T00:00:00.000,0,30,5,360,360,30,2020-04-19,0,5,0,0.0444121909418621,0
Allegany,2020-04-20T00:00:00.000,0,30,9,369,369,30,2020-04-20,0,9,0,0.0422909949483361,0
Allegany,2020-04-21T00:00:00.000,0,30,10,379,379,30,2020-04-21,0,10,0,0.0402180416863602,0
Allegany,2020-04-22T00:00:00.000,0,30,14,393,393,30,2020-04-22,0,14,0,0.0381986828881872,0
Allegany,2020-04-23T00:00:00.000,1,31,10,403,403,31,2020-04-23,1,10,0.1,0.0362376451844743,1.09050775609852
Allegany,2020-04-24T00:00:00.000,4,35,61,464,464,35,2020-04-24,4,61,0.0655737704918033,0.0343390077677511,4.36840003966221
Allegany,2020-04-25T00:00:00.000,0,35,12,476,476,35,2020-04-25,0,12,0,0.0325061919535247,0
Allegany,2020-04-26T00:00:00.000,0,35,9,485,485,35,2020-04-26,0,9,0,0.0307419621343431,0
Allegany,2020-04-27T00:00:00.000,0,35,14,499,499,35,2020-04-27,0,14,0,0.0290484373392978,0
Allegany,2020-04-28T00:00:00.000,0,35,26,525,525,35,2020-04-28,0,26,0,0.0274271123728725,0
Allegany,2020-04-29T00:00:00.000,0,35,18,543,543,35,2020-04-29,0,18,0,0.0258788873241625,0
Allegany,2020-04-30T00:00:00.000,0,35,20,563,563,35,2020-04-30,0,20,0,0.0244041041104636,0
Allegany,2020-05-01T00:00:00.000,0,35,11,574,574,35,2020-05-01,0,11,0,0.0230025886488769,0
Allegany,2020-05-02T00:00:00.000,0,35,18,592,592,35,2020-05-02,0,18,0,0.0216736972348847,0
Allegany,2020-05-03T00:00:00.000,0,35,14,606,606,35,2020-05-03,0,14,0,0.0204163657400058,0
Allegany,2020-05-04T00:00:00.000,0,35,31,637,637,35,2020-05-04,0,31,0,0.0192291603168513,0
Allegany,2020-05-05T00:00:00.000,0,35,22,659,659,35,2020-05-05,0,22,0,0.0181103284105124,0
Allegany,2020-05-06T00:00:00.000,0,35,40,699,699,35,2020-05-06,0,40,0,0.0170578490101545,0
Allegany,2020-05-07T00:00:00.000,0,35,33,732,732,35,2020-05-07,0,33,0,0.0160694812278256,0
Allegany,2020-05-08T00:00:00.000,0,35,18,750,750,35,2020-05-08,0,18,0,0.0151428104519299,0
Allegany,2020-05-09T00:00:00.000,1,36,20,770,770,36,2020-05-09,1,20,0.05,0.0142752914847411,1.11548630384696
Allegany,2020-05-10T00:00:00.000,2,38,35,805,805,38,2020-05-10,2,35,0.0571428571428571,0.0134642882300786,2.22913839201851
Allegany,2020-05-11T00:00:00.000,4,42,41,846,846,42,2020-05-11,4,41,0.0975609756097561,0.012707109643645,4.46826210963563
Allegany,2020-05-12T00:00:00.000,2,44,39,885,885,44,2020-05-12,2,39,0.0512820512820513,0.0120010417907147,2.24056021294336
Allegany,2020-05-13T00:00:00.000,0,44,53,938,938,44,2020-05-13,0,53,0,0.0113433759718817,0
Allegany,2020-05-14T00:00:00.000,0,44,44,982,982,44,2020-05-14,0,44,0,0.0107314329756536,0
Allegany,2020-05-15T00:00:00.000,0,44,27,1009,1009,44,2020-05-15,0,27,0,0.0101625835964059,0
Allegany,2020-05-16T00:00:00.000,0,44,36,1045,1045,44,2020-05-16,0,36,0,0.00963426561882013,0
Allegany,2020-05-17T00:00:00.000,0,44,89,1134,1134,44,2020-05-17,0,89,0,0.00914399751537539,0
Allegany,2020-05-18T00:00:00.000,0,44,28,1162,1162,44,2020-05-18,0,28,0,0.00868938913469003,0
Allegany,2020-05-19T00:00:00.000,0,44,49,1211,1211,44,2020-05-19,0,49,0,0.00826814967577743,0
Allegany,2020-05-20T00:00:00.000,0,44,68,1279,1279,44,2020-05-20,0,68,0,0.00787809325034828,0
Allegany,2020-05-21T00:00:00.000,0,44,47,1326,1326,44,2020-05-21,0,47,0,0.00751714233245285,0
Allegany,2020-05-22T00:00:00.000,0,44,26,1352,1352,44,2020-05-22,0,26,0,0.00718332938513419,0
Allegany,2020-05-23T00:00:00.000,0,44,33,1385,1385,44,2020-05-23,0,33,0,0.00687479693867588,0
Allegany,2020-05-24T00:00:00.000,0,44,53,1438,1438,44,2020-05-24,0,53,0,0.00658979637581222,0
Allegany,2020-05-25T00:00:00.000,0,44,28,1466,1466,44,2020-05-25,0,28,0,0.00632668565807608,0
Allegany,2020-05-26T00:00:00.000,1,45,96,1562,1562,45,2020-05-26,1,96,0.0104166666666667,0.00608392620436195,1.17675589118999
Allegany,2020-05-27T00:00:00.000,0,45,98,1660,1660,45,2020-05-27,0,98,0,0.00586007910991719,0
Allegany,2020-05-28T00:00:00.000,0,45,60,1720,1720,45,2020-05-28,0,60,0,0.00565380087103013,0
Allegany,2020-05-29T00:00:00.000,0,45,64,1784,1784,45,2020-05-29,0,64,0,0.00546383875893745,0
Allegany,2020-05-30T00:00:00.000,0,45,51,1835,1835,45,2020-05-30,0,51,0,0.0052890259659779,0
Allegany,2020-05-31T00:00:00.000,3,48,100,1935,1935,48,2020-05-31,3,100,0.03,0.00512827662819055,3.46764721563995
Allegany,2020-06-01T00:00:00.000,0,48,160,2095,2095,48,2020-06-01,0,160,0,0.00498058081133843,0
Allegany,2020-06-02T00:00:00.000,1,49,181,2276,2276,49,2020-06-02,1,181,0.00552486187845304,0.00484499953214679,1.15019711512749
Allegany,2020-06-03T00:00:00.000,0,49,131,2407,2407,49,2020-06-03,0,131,0,0.0047206598729927,0
Allegany,2020-06-04T00:00:00.000,2,51,154,2561,2561,51,2020-06-04,2,154,0.012987012987013,0.00460675023643284,2.28472918733587
Allegany,2020-06-05T00:00:00.000,0,51,309,2870,2870,51,2020-06-05,0,309,0,0.00450251577591591,0
Allegany,2020-06-06T00:00:00.000,0,51,98,2968,2968,51,2020-06-06,0,98,0,0.00440725403029015,0
Allegany,2020-06-07T00:00:00.000,0,51,149,3117,3117,51,2020-06-07,0,149,0,0.00432031078236279,0
Allegany,2020-06-08T00:00:00.000,0,51,220,3337,3337,51,2020-06-08,0,220,0,0.00424107615565601,0
Allegany,2020-06-09T00:00:00.000,1,52,128,3465,3465,52,2020-06-09,1,128,0.0078125,0.00416898095842045,1.12599591802373
Allegany,2020-06-10T00:00:00.000,1,53,137,3602,3602,53,2020-06-10,1,137,0.0072992700729927,0.00410349327967087,1.12766118043058
Allegany,2020-06-11T00:00:00.000,0,53,163,3765,3765,53,2020-06-11,0,163,0,0.00404411533856009,0
Allegany,2020-06-12T00:00:00.000,1,54,144,3909,3909,54,2020-06-12,1,144,0.00694444444444444,0.00399038058555455,1.13018569036282
Allegany,2020-06-13T00:00:00.000,0,54,103,4012,4012,54,2020-06-13,0,103,0,0.00394185105147724,0
Allegany,2020-06-14T00:00:00.000,1,55,65,4077,4077,55,2020-06-14,1,65,0.0153846153846154,0.00389811493854599,1.13163112558147
Allegany,2020-06-15T00:00:00.000,0,55,120,4197,4197,55,2020-06-15,0,120,0,0.00385878444586543,0
Allegany,2020-06-16T00:00:00.000,0,55,134,4331,4331,55,2020-06-16,0,134,0,0.00382349382046322,0
Allegany,2020-06-17T00:00:00.000,2,57,77,4408,4408,57,2020-06-17,2,77,0.025974025974026,0.00379189762375151,2.26357494856645
Allegany,2020-06-18T00:00:00.000,1,58,220,4628,4628,58,2020-06-18,1,220,0.00454545454545455,0.0037636692022355,1.13126023460249
Allegany,2020-06-19T00:00:00.000,0,58,166,4794,4794,58,2020-06-19,0,166,0,0.00373849935041239,0
Allegany,2020-06-20T00:00:00.000,0,58,66,4860,4860,58,2020-06-20,0,66,0,0.00371609515297043,0
Allegany,2020-06-21T00:00:00.000,0,58,114,4974,4974,58,2020-06-21,0,114,0,0.00369617899272725,0
Allegany,2020-06-22T00:00:00.000,0,58,142,5116,5116,58,2020-06-22,0,142,0,0.00367848771016181,0
Allegany,2020-06-23T00:00:00.000,0,58,104,5220,5220,58,2020-06-23,0,104,0,0.00366277189995089,0
Allegany,2020-06-24T00:00:00.000,0,58,131,5351,5351,58,2020-06-24,0,131,0,0.0036487953295387,0
Allegany,2020-06-25T00:00:00.000,0,58,109,5460,5460,58,2020-06-25,0,109,0,0.00363633446472593,0
Allegany,2020-06-26T00:00:00.000,0,58,55,5515,5515,58,2020-06-26,0,55,0,0.00362517808708172,0
Allegany,2020-06-27T00:00:00.000,1,59,74,5589,5589,59,2020-06-27,1,74,0.0135135135135135,0.00361512698831727,1.11551346056998
Allegany,2020-06-28T00:00:00.000,0,59,157,5746,5746,59,2020-06-28,0,157,0,0.00360599372703288,0
Allegany,2020-06-29T00:00:00.000,0,59,194,5940,5940,59,2020-06-29,0,194,0,0.00359760243382148,0
Allegany,2020-06-30T00:00:00.000,2,61,78,6018,6018,61,2020-06-30,2,78,0.0256410256410256,0.00358978865150774,2.21231282486795
Allegany,2020-07-01T00:00:00.000,1,62,48,6066,6066,62,2020-07-01,1,48,0.0208333333333333,0.00358239919819421,1.10262255731474
Allegany,2020-07-02T00:00:00.000,1,63,105,6171,6171,63,2020-07-02,1,105,0.00952380952380952,0.00357529204191252,1.09889139281506
Allegany,2020-07-03T00:00:00.000,0,63,75,6246,6246,63,2020-07-03,0,75,0,0.00356833617699269,0
Allegany,2020-07-04T00:00:00.000,0,63,97,6343,6343,63,2020-07-04,0,97,0,0.00356141149356029,0
Allegany,2020-07-05T00:00:00.000,0,63,93,6436,6436,63,2020-07-05,0,93,0,0.00355440863314984,0
Allegany,2020-07-06T00:00:00.000,0,63,87,6523,6523,63,2020-07-06,0,87,0,0.00354722882489929,0
Allegany,2020-07-07T00:00:00.000,1,64,205,6728,6728,64,2020-07-07,1,205,0.0048780487804878,0.00353978369835765,1.07978124845073
Allegany,2020-07-08T00:00:00.000,0,64,91,6819,6819,64,2020-07-08,0,91,0,0.00353199507049869,0
Allegany,2020-07-09T00:00:00.000,0,64,78,6897,6897,64,2020-07-09,0,78,0,0.00352379470594374,0
Allegany,2020-07-10T00:00:00.000,2,66,106,7003,7003,66,2020-07-10,2,106,0.0188679245283019,0.00351512405082888,2.14106202635506
Allegany,2020-07-11T00:00:00.000,0,66,107,7110,7110,66,2020-07-11,0,107,0,0.00350593394195814,0
Allegany,2020-07-12T00:00:00.000,0,66,88,7198,7198,66,2020-07-12,0,88,0,0.0034961842939422,0
Allegany,2020-07-13T00:00:00.000,2,68,243,7441,7441,68,2020-07-13,2,243,0.00823045267489712,0.00348584376800189,2.12003284074438
Allegany,2020-07-14T00:00:00.000,1,69,97,7538,7538,69,2020-07-14,1,97,0.0103092783505155,0.00347488942670272,1.0563119089331
Allegany,2020-07-15T00:00:00.000,1,70,80,7618,7618,70,2020-07-15,1,80,0.0125,0.00346330637951556,1.05253685183196
Allegany,2020-07-16T00:00:00.000,1,71,72,7690,7690,71,2020-07-16,1,72,0.0138888888888889,0.00345108742428872,1.0487087827051
Allegany,2020-07-17T00:00:00.000,0,71,111,7801,7801,71,2020-07-17,0,111,0,0.00343823268988772,0
Allegany,2020-07-18T00:00:00.000,0,71,78,7879,7879,71,2020-07-18,0,78,0,0.00342474928513815,0
Allegany,2020-07-19T00:00:00.000,0,71,72,7951,7951,71,2020-07-19,0,72,0,0.00341065095897012,0
Allegany,2020-07-20T00:00:00.000,1,72,97,8048,8048,72,2020-07-20,1,97,0.0103092783505155,0.00339595777623074,1.04614457844864
Allegany,2020-07-21T00:00:00.000,0,72,171,8219,8219,72,2020-07-21,0,171,0,0.00338069581319035,0
Allegany,2020-07-22T00:00:00.000,0,72,130,8349,8349,72,2020-07-22,0,130,0,0.00336489687602134,0
Allegany,2020-07-23T00:00:00.000,2,74,112,8461,8461,74,2020-07-23,2,112,0.0178571428571429,0.00334859824501252,2.08259181387106
Allegany,2020-07-24T00:00:00.000,0,74,138,8599,8599,74,2020-07-24,0,138,0,0.00333184244644004,0
Allegany,2020-07-25T00:00:00.000,0,74,75,8674,8674,74,2020-07-25,0,75,0,0.00331467705338454,0
Allegany,2020-07-26T00:00:00.000,0,74,58,8732,8732,74,2020-07-26,0,58,0,0.00329715451608888,0
Allegany,2020-07-27T00:00:00.000,0,74,53,8785,8785,74,2020-07-27,0,53,0,0.00327933202179641,0
Allegany,2020-07-28T00:00:00.000,0,74,212,8997,8997,74,2020-07-28,0,212,0,0.0032612713834742,0
Allegany,2020-07-29T00:00:00.000,0,74,100,9097,9097,74,2020-07-29,0,100,0,0.00324303895640115,0
Allegany,2020-07-30T00:00:00.000,0,74,65,9162,9162,74,2020-07-30,0,65,0,0.00322470558116318,0
Allegany,2020-07-31T00:00:00.000,0,74,102,9264,9264,74,2020-07-31,0,102,0,0.00320634655151517,0
Allegany,2020-08-01T00:00:00.000,0,74,118,9382,9382,74,2020-08-01,0,118,0,0.0031880416053524,0
Allegany,2020-08-02T00:00:00.000,1,75,63,9445,9445,75,2020-08-02,1,63,0.0158730158730159,0.00316987493716884,1.03621357316711
Allegany,2020-08-03T00:00:00.000,0,75,153,9598,9598,75,2020-08-03,0,153,0,0.00315193523056018,0
Allegany,2020-08-04T00:00:00.000,1,76,178,9776,9776,76,2020-08-04,1,178,0.00561797752808989,0.00313431570961793,1.0316011312677
Allegany,2020-08-05T00:00:00.000,2,78,118,9894,9894,78,2020-08-05,2,118,0.0169491525423729,0.00311711420851666,2.0574071952369
Allegany,2020-08-06T00:00:00.000,1,79,128,10022,10022,79,2020-08-06,1,128,0.0078125,0.00310043325920818,1.02861584146671
Allegany,2020-08-07T00:00:00.000,0,79,110,10132,10132,79,2020-08-07,0,110,0,0.00308438019769577,0
Allegany,2020-08-08T00:00:00.000,0,79,65,10197,10197,79,2020-08-08,0,65,0,0.00306906729015377,0
Allegany,2020-08-09T00:00:00.000,1,80,71,10268,10268,80,2020-08-09,1,71,0.0140845070422535,0.00305461188096759,1.03223480158693
Allegany,2020-08-10T00:00:00.000,0,80,325,10593,10593,80,2020-08-10,0,325,0,0.00304113656551502,0
Allegany,2020-08-11T00:00:00.000,0,80,95,10688,10688,80,2020-08-11,0,95,0,0.00302876939144895,0
Allegany,2020-08-12T00:00:00.000,0,80,74,10762,10762,80,2020-08-12,0,74,0,0.00301764409304017,0
Allegany,2020-08-13T00:00:00.000,0,80,90,10852,10852,80,2020-08-13,0,90,0,0.00300790036394591,0
Allegany,2020-08-14T00:00:00.000,0,80,141,10993,10993,80,2020-08-14,0,141,0,0.00299968417458177,0
Allegany,2020-08-15T00:00:00.000,0,80,118,11111,11111,80,2020-08-15,0,118,0,0.00299314814101275,0
Allegany,2020-08-16T00:00:00.000,0,80,66,11177,11177,80,2020-08-16,0,66,0,0.0029884519528484,0
Allegany,2020-08-17T00:00:00.000,0,80,169,11346,11346,80,2020-08-17,0,169,0,0.00298576286832437,0
Allegany,2020-08-18T00:00:00.000,0,80,242,11588,11588,80,2020-08-18,0,242,0,0.00298525628514095,0
Allegany,2020-08-19T00:00:00.000,1,81,94,11682,11682,81,2020-08-19,1,94,0.0106382978723404,0.00298711639603379,1.04179025553437
Allegany,2020-08-20T00:00:00.000,3,84,149,11831,11831,84,2020-08-20,3,149,0.0201342281879195,0.00299153693840523,3.1276496709759
Allegany,2020-08-21T00:00:00.000,0,84,145,11976,11976,84,2020-08-21,0,145,0,0.00299872204746806,0
Allegany,2020-08-22T00:00:00.000,1,85,93,12069,12069,85,2020-08-22,1,93,0.010752688172043,0.00300888722242422,1.04363996125514
Allegany,2020-08-23T00:00:00.000,0,85,47,12116,12116,85,2020-08-23,0,47,0,0.00302226041529034,0
Allegany,2020-08-24T00:00:00.000,1,86,199,12315,12315,86,2020-08-24,1,199,0.0050251256281407,0.00303908325167544,1.04774864761159
Allegany,2020-08-25T00:00:00.000,0,86,258,12573,12573,86,2020-08-25,0,258,0,0.00305961239269887,0
Allegany,2020-08-26T00:00:00.000,1,87,180,12753,12753,87,2020-08-26,1,180,0.00555555555555556,0.00308412104672372,1.0493847618213
Allegany,2020-08-27T00:00:00.000,0,87,236,12989,12989,87,2020-08-27,0,236,0,0.00311290063906587,0
Allegany,2020-08-28T00:00:00.000,1,88,180,13169,13169,88,2020-08-28,1,180,0.00555555555555556,0.00314626264699763,1.05157151335558
Allegany,2020-08-29T00:00:00.000,1,89,149,13318,13318,89,2020-08-29,1,149,0.00671140939597315,0.00318454060643109,1.05560239719461
Allegany,2020-08-30T00:00:00.000,0,89,94,13412,13412,89,2020-08-30,0,94,0,0.00322809229522488,0
Allegany,2020-08-31T00:00:00.000,0,89,355,13767,13767,89,2020-08-31,0,355,0,0.00327730209646655,0
Allegany,2020-09-01T00:00:00.000,0,89,122,13889,13889,89,2020-09-01,0,122,0,0.00333258354285782,0
Allegany,2020-09-02T00:00:00.000,1,90,253,14142,14142,90,2020-09-02,1,253,0.00395256916996047,0.00339438204065695,1.07274991620352
Allegany,2020-09-03T00:00:00.000,0,90,220,14362,14362,90,2020-09-03,0,220,0,0.00346317776818812,0
Allegany,2020-09-04T00:00:00.000,2,92,126,14488,14488,92,2020-09-04,2,126,0.0158730158730159,0.00353948873978616,2.16361995828968
Allegany,2020-09-05T00:00:00.000,0,92,51,14539,14539,92,2020-09-05,0,51,0,0.00362387402080955,0
Allegany,2020-09-06T00:00:00.000,0,92,102,14641,14641,92,2020-09-06,0,102,0,0.00371693707310397,0
Allegany,2020-09-07T00:00:00.000,0,92,194,14835,14835,92,2020-09-07,0,194,0,0.00381932920266209,0
Allegany,2020-09-08T00:00:00.000,0,92,156,14991,14991,92,2020-09-08,0,156,0,0.00393175307221899,0
Allegany,2020-09-09T00:00:00.000,1,93,86,15077,15077,93,2020-09-09,1,86,0.0116279069767442,0.00405496623071286,1.10445488146315
Allegany,2020-09-10T00:00:00.000,0,93,230,15307,15307,93,2020-09-10,0,230,0,0.00418978459915317,0
Allegany,2020-09-11T00:00:00.000,1,94,135,15442,15442,94,2020-09-11,1,135,0.00740740740740741,0.00433708583790275,1.11442446715705
Allegany,2020-09-12T00:00:00.000,0,94,51,15493,15493,94,2020-09-12,0,51,0,0.0044978125040248,0
Allegany,2020-09-13T00:00:00.000,0,94,106,15599,15599,94,2020-09-13,0,106,0,0.00467297488884916,0
Allegany,2020-09-14T00:00:00.000,0,94,121,15720,15720,94,2020-09-14,0,121,0,0.00486365340564427,0
Allegany,2020-09-15T00:00:00.000,0,94,232,15952,15952,94,2020-09-15,0,232,0,0.00507100037514724,0
Allegany,2020-09-16T00:00:00.000,0,94,86,16038,16038,94,2020-09-16,0,86,0,0.00529624103341794,0
Allegany,2020-09-17T00:00:00.000,1,95,169,16207,16207,95,2020-09-17,1,169,0.00591715976331361,0.00554067356235805,1.15103185659431
Allegany,2020-09-18T00:00:00.000,1,96,115,16322,16322,96,2020-09-18,1,115,0.00869565217391304,0.00580566791919694,1.15633182937946
Allegany,2020-09-19T00:00:00.000,2,98,165,16487,16487,98,2020-09-19,2,165,0.0121212121212121,0.00609266321852377,2.32037264880626
Allegany,2020-09-20T00:00:00.000,1,99,145,16632,16632,99,2020-09-20,1,145,0.00689655172413793,0.00640316339997815,1.16317988043502
Allegany,2020-09-21T00:00:00.000,0,99,230,16862,16862,99,2020-09-21,0,230,0,0.00673873089904907,0
Allegany,2020-09-22T00:00:00.000,0,99,135,16997,16997,99,2020-09-22,0,135,0,0.0071009780285109,0
Allegany,2020-09-23T00:00:00.000,2,101,161,17158,17158,101,2020-09-23,2,161,0.0124223602484472,0.0074915557773729,2.33917082906788
Allegany,2020-09-24T00:00:00.000,2,103,129,17287,17287,103,2020-09-24,2,129,0.0155038759689922,0.00791213974458942,2.34162990553443
Allegany,2020-09-25T00:00:00.000,3,106,301,17588,17588,106,2020-09-25,3,301,0.00996677740863787,0.00836441294924997,3.52650435463281
Allegany,2020-09-26T00:00:00.000,0,106,137,17725,17725,106,2020-09-26,0,137,0,0.00885004530064043,0
Allegany,2020-09-27T00:00:00.000,0,106,129,17854,17854,106,2020-09-27,0,129,0,0.00937066957253653,0
Allegany,2020-09-28T00:00:00.000,2,108,170,18024,18024,108,2020-09-28,2,170,0.0117647058823529,0.00992785380900173,2.39364568326735
Allegany,2020-09-29T00:00:00.000,6,114,139,18163,18163,114,2020-09-29,6,139,0.0431654676258993,0.0105230701954602,7.21763197375756
Allegany,2020-09-30T00:00:00.000,5,119,140,18303,18303,119,2020-09-30,5,140,0.0357142857142857,0.01115766055891,6.04264967837316
Allegany,2020-10-01T00:00:00.000,3,122,207,18510,18510,122,2020-10-01,3,207,0.0144927536231884,0.0118327988147812,3.64075201582101
Allegany,2020-10-02T00:00:00.000,2,124,435,18945,18945,124,2020-10-02,2,435,0.00459770114942529,0.0125494508520662,2.43618243743567
Allegany,2020-10-03T00:00:00.000,0,124,153,19098,19098,124,2020-10-03,0,153,0,0.0133083325385207,0
Allegany,2020-10-04T00:00:00.000,1,125,67,19165,19165,125,2020-10-04,1,67,0.0149253731343284,0.0141098667277476,1.22544079970723
Allegany,2020-10-05T00:00:00.000,3,128,330,19495,19495,128,2020-10-05,3,330,0.00909090909090909,0.0149541403503829,3.68483341046904
Allegany,2020-10-06T00:00:00.000,2,130,314,19809,19809,130,2020-10-06,2,314,0.00636942675159236,0.0158408628616185,2.4611138885534
Allegany,2020-10-07T00:00:00.000,1,131,309,20118,20118,131,2020-10-07,1,309,0.00323624595469256,0.0167693274842251,1.23228168006081
Allegany,2020-10-08T00:00:00.000,10,141,203,20321,20321,141,2020-10-08,10,203,0.0492610837438424,0.0177383768159892,12.3345766433098
Allegany,2020-10-09T00:00:00.000,3,144,137,20458,20458,144,2020-10-09,3,137,0.0218978102189781,0.0187463744487444,3.70192350260197
Allegany,2020-10-10T00:00:00.000,6,150,266,20724,20724,150,2020-10-10,6,266,0.0225563909774436,0.0197911842596617,7.40369692070444
Allegany,2020-10-11T00:00:00.000,1,151,110,20834,20834,151,2020-10-11,1,110,0.00909090909090909,0.0208701589721144,1.23342055461848
Allegany,2020-10-12T00:00:00.000,5,156,434,21268,21268,156,2020-10-12,5,434,0.0115207373271889,0.021980139435836,6.16200229002562
Allegany,2020-10-13T00:00:00.000,5,161,379,21647,21647,161,2020-10-13,5,379,0.0131926121372032,0.0231174658390294,6.15451669083038
Allegany,2020-10-14T00:00:00.000,15,176,355,22002,22002,176,2020-10-14,15,355,0.0422535211267606,0.0242780017419372,18.4498935627382
Allegany,2020-10-15T00:00:00.000,12,188,191,22193,22193,188,2020-10-15,12,191,0.06282722513089,0.0254571714181757,14.7543450431408
Allegany,2020-10-16T00:00:00.000,12,200,342,22535,22535,200,2020-10-16,12,342,0.0350877192982456,0.0266500105226519,14.7715193763155
Allegany,2020-10-17T00:00:00.000,5,205,182,22717,22717,205,2020-10-17,5,182,0.0274725274725275,0.0278512295917617,6.16316922855895
Allegany,2020-10-18T00:00:00.000,7,212,120,22837,22837,212,2020-10-18,7,120,0.0583333333333333,0.0290552893488209,8.63949471366452
Allegany,2020-10-19T00:00:00.000,8,220,195,23032,23032,220,2020-10-19,8,195,0.041025641025641,0.0302564862639985,9.89272169017594
Allegany,2020-10-20T00:00:00.000,4,224,627,23659,23659,224,2020-10-20,4,627,0.00637958532695375,0.0314490463319083,4.96027756259063
Allegany,2020-10-21T00:00:00.000,19,243,206,23865,23865,243,2020-10-21,19,206,0.0922330097087379,0.0326272246132999,23.6208802883546
Allegany,2020-10-22T00:00:00.000,21,264,485,24350,24350,264,2020-10-22,21,485,0.0432989690721649,0.033785407763708,26.176117806086
Allegany,2020-10-23T00:00:00.000,5,269,312,24662,24662,269,2020-10-23,5,312,0.016025641025641,0.0349182165641602,6.24521410227708
Allegany,2020-10-24T00:00:00.000,2,271,128,24790,24790,271,2020-10-24,2,128,0.015625,0.0360206053910367,2.50175588233165
Allegany,2020-10-25T00:00:00.000,16,287,148,24938,24938,287,2020-10-25,16,148,0.108108108108108,0.0370879556186114,20.0317354678421
Allegany,2020-10-26T00:00:00.000,2,289,136,25074,25074,289,2020-10-26,2,136,0.0147058823529412,0.0381161601392095,2.50472270920657
Allegany,2020-10-27T00:00:00.000,19,308,464,25538,25538,308,2020-10-27,19,464,0.040948275862069,0.0391016964959072,23.7883637404087
Allegany,2020-10-28T00:00:00.000,6,314,591,26129,26129,314,2020-10-28,6,591,0.0101522842639594,0.0400416865403301,7.50581887691834
Allegany,2020-10-29T00:00:00.000,22,336,628,26757,26757,336,2020-10-29,22,628,0.035031847133758,0.0409339410195774,27.4830943274759
Allegany,2020-10-30T00:00:00.000,5,341,256,27013,27013,341,2020-10-30,5,256,0.01953125,0.0417769880424868,6.23413763871351
Allegany,2020-10-31T00:00:00.000,7,348,85,27098,27098,348,2020-10-31,7,85,0.0823529411764706,0.0425700849361425,8.70649817007413
Allegany,2020-11-01T00:00:00.000,16,364,358,27456,27456,364,2020-11-01,16,358,0.0446927374301676,0.0433132135571966,19.8421963097907
Allegany,2020-11-02T00:00:00.000,10,374,227,27683,27683,374,2020-11-02,10,227,0.0440528634361234,0.0440070596317085,12.3591865438391
Allegany,2020-11-03T00:00:00.000,5,379,477,28160,28160,379,2020-11-03,5,477,0.010482180293501,0.0446529771451286,6.15584265605011
Allegany,2020-11-04T00:00:00.000,10,389,704,28864,28864,389,2020-11-04,10,704,0.0142045454545455,0.0452529391652729,12.2592853300552
Allegany,2020-11-05T00:00:00.000,25,414,245,29109,29109,414,2020-11-05,25,245,0.102040816326531,0.0458094767449648,30.5060608504612
Allegany,2020-11-06T00:00:00.000,41,455,296,29405,29405,455,2020-11-06,41,296,0.138513513513514,0.0463256077105016,49.7803777270079
Allegany,2020-11-07T00:00:00.000,14,469,187,29592,29592,469,2020-11-07,14,187,0.0748663101604278,0.0468047571926858,16.9079980148563
Allegany,2020-11-08T00:00:00.000,2,471,59,29651,29651,471,2020-11-08,2,59,0.0338983050847458,0.047250671709867,2.40176626026652
Allegany,2020-11-09T00:00:00.000,13,484,263,29914,29914,484,2020-11-09,13,263,0.0494296577946768,0.0476673284691359,15.524065903153
Allegany,2020-11-10T00:00:00.000,19,503,799,30713,30713,503,2020-11-10,19,799,0.0237797246558198,0.0480588413344712,22.5999049458652
Allegany,2020-11-11T00:00:00.000,40,543,715,31428,31428,543,2020-11-11,40,715,0.0559440559440559,0.0484293646283082,47.433212376403
Allegany,2020-11-12T00:00:00.000,46,589,432,31860,31860,589,2020-11-12,46,432,0.106481481481481,0.0487829956117963,54.5621728487917
Allegany,2020-11-13T00:00:00.000,39,628,272,32132,32132,628,2020-11-13,39,272,0.143382352941176,0.0491236761438013,46.270436520991
Allegany,2020-11-14T00:00:00.000,16,644,97,32229,32229,644,2020-11-14,16,97,0.164948453608247,0.049455093671606,18.9870194081635
Allegany,2020-11-15T00:00:00.000,6,650,125,32354,32354,650,2020-11-15,6,125,0.048,0.0497805813811122,7.12159722069889
Allegany,2020-11-16T00:00:00.000,17,667,196,32550,32550,667,2020-11-16,17,196,0.086734693877551,0.0501030170467377,20.1815751300122
Allegany,2020-11-17T00:00:00.000,25,692,302,32852,32852,692,2020-11-17,25,302,0.0827814569536424,0.0504247198965042,29.6835699192357
Allegany,2020-11-18T00:00:00.000,17,709,1511,34363,34363,709,2020-11-18,17,1511,0.0112508272667108,0.0507473446661911,20.1875981586287
Bronx,2020-03-01T00:00:00.000,0,0,0,0,0,0,2020-03-01,0,0,0,0.0360026208228879,0
Bronx,2020-03-02T00:00:00.000,0,0,0,0,0,0,2020-03-02,0,0,0,0.0422342280056068,0
Bronx,2020-03-03T00:00:00.000,0,0,1,1,1,0,2020-03-03,0,1,0,0.0494848138558847,0
Bronx,2020-03-04T00:00:00.000,0,0,0,1,1,0,2020-03-04,0,0,0,0.0578918427857098,0
Bronx,2020-03-05T00:00:00.000,0,0,5,6,6,0,2020-03-05,0,5,0,0.0675970695522004,0
Bronx,2020-03-06T00:00:00.000,0,0,6,12,12,0,2020-03-06,0,6,0,0.0787409937579023,0
Bronx,2020-03-07T00:00:00.000,0,0,17,29,29,0,2020-03-07,0,17,0,0.0914554636139434,0
Bronx,2020-03-08T00:00:00.000,1,1,16,45,45,1,2020-03-08,1,16,0.0625,0.105854481896821,1.57474632299857
Bronx,2020-03-09T00:00:00.000,4,5,31,76,76,5,2020-03-09,4,31,0.129032258064516,0.122023549558511,6.24401673761316
Bronx,2020-03-10T00:00:00.000,0,5,47,123,123,5,2020-03-10,0,47,0,0.140008234570891,0
Bronx,2020-03-11T00:00:00.000,2,7,31,154,154,7,2020-03-11,2,31,0.0645161290322581,0.159803024960186,3.06502363738888
Bronx,2020-03-12T00:00:00.000,3,10,36,190,190,10,2020-03-12,3,36,0.0833333333333333,0.181341832521792,4.55327527859752
Bronx,2020-03-13T00:00:00.000,10,20,99,289,289,20,2020-03-13,10,99,0.101010101010101,0.204491653335344,15.0268323447966
Bronx,2020-03-14T00:00:00.000,8,28,80,369,369,28,2020-03-14,8,80,0.1,0.229050766296307,11.8985166001352
Bronx,2020-03-15T00:00:00.000,29,57,116,485,485,57,2020-03-15,29,116,0.25,0.254752411699398,42.6791444879554
Bronx,2020-03-16T00:00:00.000,29,86,151,636,636,86,2020-03-16,29,151,0.19205298013245,0.281274171148314,42.220503085345
Bronx,2020-03-17T00:00:00.000,123,209,433,1069,1069,209,2020-03-17,123,433,0.284064665127021,0.308252396023132,177.112348466132
Bronx,2020-03-18T00:00:00.000,154,363,597,1666,1666,363,2020-03-18,154,597,0.257956448911223,0.335300202230853,218.891022538722
Bronx,2020-03-19T00:00:00.000,191,554,605,2271,2271,554,2020-03-19,191,605,0.315702479338843,0.362026972126896,268.527592930541
Bronx,2020-03-20T00:00:00.000,297,851,884,3155,3155,851,2020-03-20,297,884,0.335972850678733,0.388057125110482,413.006601740943
Bronx,2020-03-21T00:00:00.000,367,1218,1044,4199,4199,1218,2020-03-21,367,1044,0.351532567049808,0.413046167605801,503.979516703145
Bronx,2020-03-22T00:00:00.000,606,1824,1276,5475,5475,1824,2020-03-22,606,1276,0.474921630094044,0.436692620939513,825.293762176935
Bronx,2020-03-23T00:00:00.000,455,2279,970,6445,6445,2279,2020-03-23,455,970,0.469072164948454,0.45874518173552,619.259574395181
Bronx,2020-03-24T00:00:00.000,611,2890,1188,7633,7633,2890,2020-03-24,611,1188,0.514309764309764,0.479005206929731,829.597861070289
Bronx,2020-03-25T00:00:00.000,838,3728,1770,9403,9403,3728,2020-03-25,838,1770,0.473446327683616,0.497325189870969,1133.13033628981
Bronx,2020-03-26T00:00:00.000,829,4557,1428,10831,10831,4557,2020-03-26,829,1428,0.580532212885154,0.513604233806559,1115.42968660873
Bronx,2020-03-27T00:00:00.000,846,5403,1478,12309,12309,5403,2020-03-27,846,1478,0.572395128552097,0.527781635461537,1141.3849836581
Bronx,2020-03-28T00:00:00.000,901,6304,1529,13838,13838,6304,2020-03-28,901,1529,0.589274035317201,0.539829615219707,1213.01299770576
Bronx,2020-03-29T00:00:00.000,658,6962,1160,14998,14998,6962,2020-03-29,658,1160,0.567241379310345,0.549746042928889,882.7366064616
Bronx,2020-03-30T00:00:00.000,804,7766,1341,16339,16339,7766,2020-03-30,804,1341,0.599552572706935,0.557547776828516,1074.49411971284
Bronx,2020-03-31T00:00:00.000,1095,8861,1818,18157,18157,8861,2020-03-31,1095,1818,0.602310231023102,0.563265007805954,1460.68268844353
Bronx,2020-04-01T00:00:00.000,1066,9927,1754,19911,19911,9927,2020-04-01,1066,1754,0.607753705815279,0.566936810931113,1425.99124137555
Bronx,2020-04-02T00:00:00.000,1159,11086,1946,21857,21857,11086,2020-04-02,1159,1946,0.595580678314491,0.568607961875993,1553.5820433603
Bronx,2020-04-03T00:00:00.000,1229,12315,2108,23965,23965,12315,2020-04-03,1229,2108,0.583017077798861,0.56832697555693,1649.67137549373
Bronx,2020-04-04T00:00:00.000,1053,13368,1778,25743,25743,13368,2020-04-04,1053,1778,0.592238470191226,0.566145259669486,1414.48927505615
Bronx,2020-04-05T00:00:00.000,959,14327,1628,27371,27371,14327,2020-04-05,959,1628,0.589066339066339,0.56211723576914,1288.3261278501
Bronx,2020-04-06T00:00:00.000,1021,15348,1996,29367,29367,15348,2020-04-06,1021,1996,0.511523046092184,0.556301255136317,1371.02258791756
Bronx,2020-04-07T00:00:00.000,1278,16626,2562,31929,31929,16626,2020-04-07,1278,2562,0.498829039812646,0.548761118128244,1714.6381958059
Bronx,2020-04-08T00:00:00.000,1166,17792,2348,34277,34277,17792,2020-04-08,1166,2348,0.496592844974446,0.539567989371809,1562.55873624933
Bronx,2020-04-09T00:00:00.000,1368,19160,2637,36914,36914,19160,2020-04-09,1368,2637,0.51877133105802,0.528802485756609,1834.5325477943
Bronx,2020-04-10T00:00:00.000,1317,20477,2580,39494,39494,20477,2020-04-10,1317,2580,0.51046511627907,0.516556701526565,1766.12080163339
Bronx,2020-04-11T00:00:00.000,964,21441,2081,41575,41575,21441,2020-04-11,964,2081,0.463238827486785,0.502935928821128,1291.94902653197
Bronx,2020-04-12T00:00:00.000,764,22205,1623,43198,43198,22205,2020-04-12,764,1623,0.470733210104744,0.488059838753625,1022.7534518323
Bronx,2020-04-13T00:00:00.000,1061,23266,2294,45492,45492,23266,2020-04-13,1061,2294,0.462510897994769,0.472062912805205,1418.22503742824
Bronx,2020-04-14T00:00:00.000,1387,24653,2622,48114,48114,24653,2020-04-14,1387,2622,0.528985507246377,0.455093961455525,1853.05331912064
Bronx,2020-04-15T00:00:00.000,1279,25932,2939,51053,51053,25932,2020-04-15,1279,2939,0.435182034705682,0.437314636989139,1707.62641039727
Bronx,2020-04-16T00:00:00.000,1103,27035,2793,53846,53846,27035,2020-04-16,1103,2793,0.394915861081275,0.418896936911973,1471.44270126542
Bronx,2020-04-17T00:00:00.000,984,28019,2597,56443,56443,28019,2020-04-17,984,2597,0.378898729303042,0.400019794460469,1311.79168512355
Bronx,2020-04-18T00:00:00.000,804,28823,2162,58605,58605,28823,2020-04-18,804,2162,0.371877890841813,0.380864950847836,1073.28070801879
Bronx,2020-04-19T00:00:00.000,549,29372,1707,60312,60312,29372,2020-04-19,549,1707,0.321616871704745,0.361612385659065,733.757150748964
Bronx,2020-04-20T00:00:00.000,617,29989,2050,62362,62362,29989,2020-04-20,617,2050,0.300975609756098,0.342435633846971,825.516576523024
Bronx,2020-04-21T00:00:00.000,879,30868,2942,65304,65304,30868,2020-04-21,879,2942,0.298776342624065,0.323497331377318,1177.14907454985
Bronx,2020-04-22T00:00:00.000,791,31659,3084,68388,68388,31659,2020-04-22,791,3084,0.256485084306096,0.304945304185091,1060.14780781328
Bronx,2020-04-23T00:00:00.000,1042,32701,3691,72079,72079,32701,2020-04-23,1042,3691,0.282308317529125,0.28690945175234,1397.51013604455
Bronx,2020-04-24T00:00:00.000,1482,34183,4800,76879,76879,34183,2020-04-24,1482,4800,0.30875,0.269499588302697,1988.78415450294
Bronx,2020-04-25T00:00:00.000,787,34970,2967,79846,79846,34970,2020-04-25,787,2967,0.265251095382541,0.252804305644754,1056.63832281178
Bronx,2020-04-26T00:00:00.000,586,35556,2363,82209,82209,35556,2020-04-26,586,2363,0.247989843419382,0.23689082700953,787.093758213784
Bronx,2020-04-27T00:00:00.000,438,35994,2107,84316,84316,35994,2020-04-27,438,2107,0.207878500237304,0.221805742680005,588.504935607313
Bronx,2020-04-28T00:00:00.000,606,36600,2938,87254,87254,36600,2020-04-28,606,2938,0.206262763784888,0.207576463563923,814.347605280136
Bronx,2020-04-29T00:00:00.000,644,37244,2977,90231,90231,37244,2020-04-29,644,2977,0.216325159556601,0.194213200418157,865.446404727386
Bronx,2020-04-30T00:00:00.000,541,37785,2824,93055,93055,37785,2020-04-30,541,2824,0.19157223796034,0.181711272373392,727.024439379702
Bronx,2020-05-01T00:00:00.000,665,38450,3694,96749,96749,38450,2020-05-01,665,3694,0.180021656740661,0.170053563714938,893.622804769274
Bronx,2020-05-02T00:00:00.000,466,38916,2857,99606,99606,38916,2020-05-02,466,2857,0.16310815540777,0.159212976065625,626.159683762444
Bronx,2020-05-03T00:00:00.000,307,39223,1869,101475,101475,39223,2020-05-03,307,1869,0.164258962011771,0.149154757879435,413.124262607704
Bronx,2020-05-04T00:00:00.000,253,39476,2001,103476,103476,39476,2020-05-04,253,2001,0.126436781609195,0.139838628978124,342.115457011964
Bronx,2020-05-05T00:00:00.000,363,39839,2657,106133,106133,39839,2020-05-05,363,2657,0.136620248400452,0.131220650815162,492.093925162944
Bronx,2020-05-06T00:00:00.000,342,40181,2786,108919,108919,40181,2020-05-06,342,2786,0.12275664034458,0.123254820924492,464.559647210889
Bronx,2020-05-07T00:00:00.000,352,40533,3078,111997,111997,40533,2020-05-07,352,3078,0.114359974009097,0.115894391462482,478.869425312432
Bronx,2020-05-08T00:00:00.000,271,40804,2873,114870,114870,40804,2020-05-08,271,2873,0.0943264879916464,0.109092927007057,368.552209983988
Bronx,2020-05-09T00:00:00.000,255,41059,2935,117805,117805,41059,2020-05-09,255,2935,0.0868824531516184,0.102805126423861,346.535236620294
Bronx,2020-05-10T00:00:00.000,237,41296,2140,119945,119945,41296,2020-05-10,237,2140,0.110747663551402,0.0969874386577121,321.816710316646
Bronx,2020-05-11T00:00:00.000,145,41441,1510,121455,121455,41441,2020-05-11,145,1510,0.0960264900662252,0.0915985038623967,197.347128798675
Bronx,2020-05-12T00:00:00.000,236,41677,2678,124133,124133,41677,2020-05-12,236,2678,0.0881254667662435,0.0865994503736419,322.157499492684
Bronx,2020-05-13T00:00:00.000,303,41980,3338,127471,127471,41980,2020-05-13,303,3338,0.0907729179149191,0.0819540755295291,414.795130712564
Bronx,2020-05-14T00:00:00.000,539,42519,4408,131879,131879,42519,2020-05-14,539,4408,0.122277676950998,0.0776289349704234,739.8446753515
Bronx,2020-05-15T00:00:00.000,293,42812,3632,135511,135511,42812,2020-05-15,293,3632,0.0806718061674009,0.0735933613407025,403.172521482963
Bronx,2020-05-16T00:00:00.000,210,43022,2861,138372,138372,43022,2020-05-16,210,2861,0.0734009087731562,0.0698194296023085,290.310716045982
Bronx,2020-05-17T00:00:00.000,136,43158,2126,140498,140498,43158,2020-05-17,136,2126,0.063969896519285,0.0662818827473522,188.996286200634
Bronx,2020-05-18T00:00:00.000,112,43270,2102,142600,142600,43270,2020-05-18,112,2102,0.0532825880114177,0.0629580286409239,156.362882749295
Bronx,2020-05-19T00:00:00.000,148,43418,2682,145282,145282,43418,2020-05-19,148,2682,0.0551826994780015,0.0598276161770274,208.179285824922
Bronx,2020-05-20T00:00:00.000,185,43603,3618,148900,148900,43603,2020-05-20,185,3618,0.0511332227750138,0.056872696821168,262.029424866065
Bronx,2020-05-21T00:00:00.000,163,43766,3421,152321,152321,43766,2020-05-21,163,3421,0.0476468868751827,0.0540774760051275,232.319295634174
Bronx,2020-05-22T00:00:00.000,155,43921,3518,155839,155839,43921,2020-05-22,155,3518,0.0440591245025583,0.0514281576337884,222.041754361211
Bronx,2020-05-23T00:00:00.000,216,44137,4575,160414,160414,44137,2020-05-23,216,4575,0.0472131147540984,0.048912784128761,309.654644406224
Bronx,2020-05-24T00:00:00.000,110,44247,2445,162859,162859,44247,2020-05-24,110,2445,0.0449897750511247,0.046521073917406,157.655958863053
Bronx,2020-05-25T00:00:00.000,117,44364,2233,165092,165092,44364,2020-05-25,117,2233,0.0523958799820869,0.0442442579784715,167.469272782268
Bronx,2020-05-26T00:00:00.000,139,44503,3064,168156,168156,44503,2020-05-26,139,3064,0.0453655352480418,0.0420749169615966,198.465541957138
Bronx,2020-05-27T00:00:00.000,250,44753,5657,173813,173813,44753,2020-05-27,250,5657,0.044193035177656,0.0400068203907473,355.720362126012
Bronx,2020-05-28T00:00:00.000,221,44974,5781,179594,179594,44974,2020-05-28,221,5781,0.038228680159142,0.0380347695325145,313.073049113448
Bronx,2020-05-29T00:00:00.000,142,45116,4817,184411,184411,45116,2020-05-29,142,4817,0.0294789287938551,0.0361544455776809,200.090028828914
Bronx,2020-05-30T00:00:00.000,137,45253,4338,188749,188749,45253,2020-05-30,137,4338,0.0315813739050254,0.0343622648236813,191.847754265388
Bronx,2020-05-31T00:00:00.000,106,45359,3997,192746,192746,45359,2020-05-31,106,3997,0.0265198899174381,0.0326552425214579,147.440795435197
Bronx,2020-06-01T00:00:00.000,107,45466,4069,196815,196815,45466,2020-06-01,107,4069,0.0262963873187515,0.031030866954035,148.178273456716
Bronx,2020-06-02T00:00:00.000,105,45571,3579,200394,200394,45571,2020-06-02,105,3579,0.0293378038558256,0.0294869851237282,144.675581354582
Bronx,2020-06-03T00:00:00.000,117,45688,4303,204697,204697,45688,2020-06-03,117,4303,0.027190332326284,0.0280217011625943,160.296258500803
Bronx,2020-06-04T00:00:00.000,90,45778,4606,209303,209303,45778,2020-06-04,90,4606,0.0195397307859314,0.0266332882529807,122.532206986841
Bronx,2020-06-05T00:00:00.000,104,45882,5144,214447,214447,45882,2020-06-05,104,5144,0.0202177293934681,0.0253201144644787,140.760358910375
Bronx,2020-06-06T00:00:00.000,98,45980,4164,218611,218611,45980,2020-06-06,98,4164,0.0235350624399616,0.0240805825202942,131.957610849236
Bronx,2020-06-07T00:00:00.000,72,46052,3718,222329,222329,46052,2020-06-07,72,3718,0.0193652501344809,0.0229130831153684,96.3996713079747
Bronx,2020-06-08T00:00:00.000,75,46127,3214,225543,225543,46127,2020-06-08,75,3214,0.0233354075917859,0.0218159610454749,99.7666990175854
Bronx,2020-06-09T00:00:00.000,96,46223,4468,230011,230011,46223,2020-06-09,96,4468,0.0214861235452104,0.0207874930930657,126.936134758484
Bronx,2020-06-10T00:00:00.000,93,46316,3929,233940,233940,46316,2020-06-10,93,3929,0.0236701450750827,0.0198258763708099,122.763551933778
Bronx,2020-06-11T00:00:00.000,80,46396,4894,238834,238834,46396,2020-06-11,80,4894,0.0163465467919902,0.0189292256486994,105.399181929433
Bronx,2020-06-12T00:00:00.000,105,46501,5869,244703,244703,46501,2020-06-12,105,5869,0.017890611688533,0.0180955780931832,138.036811064921
Bronx,2020-06-13T00:00:00.000,66,46567,4578,249281,249281,46567,2020-06-13,66,4578,0.0144167758846658,0.0173229038243554,86.5595918441958
Bronx,2020-06-14T00:00:00.000,78,46645,4689,253970,253970,46645,2020-06-14,78,4689,0.0166346769033909,0.0166091207387045,102.034886825772
Bronx,2020-06-15T00:00:00.000,65,46710,4542,258512,258512,46710,2020-06-15,65,4542,0.0143108762659621,0.0159521121423473,84.7964010384942
Bronx,2020-06-16T00:00:00.000,68,46778,5106,263618,263618,46778,2020-06-16,68,5106,0.0133176654915785,0.0153497458768489,88.4545266512287
Bronx,2020-06-17T00:00:00.000,52,46830,5556,269174,269174,46830,2020-06-17,52,5556,0.00935925125989921,0.014799893785264,67.4385814331858
Bronx,2020-06-18T00:00:00.000,85,46915,6272,275446,275446,46915,2020-06-18,85,6272,0.0135522959183673,0.014300450545796,109.889266509685
Bronx,2020-06-19T00:00:00.000,64,46979,5007,280453,280453,46979,2020-06-19,64,5007,0.0127821050529259,0.0138493510807046,82.473841680244
Bronx,2020-06-20T00:00:00.000,48,47027,4694,285147,285147,47027,2020-06-20,48,4694,0.0102258201959949,0.0134445859229946,61.6530467084144
Bronx,2020-06-21T00:00:00.000,65,47092,4917,290064,290064,47092,2020-06-21,65,4917,0.0132194427496441,0.013084214081634,83.2125438466548
Bronx,2020-06-22T00:00:00.000,62,47154,3723,293787,293787,47154,2020-06-22,62,3723,0.0166532366371206,0.0127663730854992,79.1082206891468
Bronx,2020-06-23T00:00:00.000,76,47230,3549,297336,297336,47230,2020-06-23,76,3549,0.0214144829529445,0.0124892860031368,96.6488952595503
Bronx,2020-06-24T00:00:00.000,64,47294,4930,302266,302266,47294,2020-06-24,64,4930,0.0129817444219067,0.0122512653316261,81.1187607991303
Bronx,2020-06-25T00:00:00.000,89,47383,4377,306643,306643,47383,2020-06-25,89,4377,0.0203335618003199,0.0120507137188273,112.434341268424
Bronx,2020-06-26T00:00:00.000,73,47456,5794,312437,312437,47456,2020-06-26,73,5794,0.0125992405937176,0.011886121543336,91.9206714501972
Bronx,2020-06-27T00:00:00.000,58,47514,5208,317645,317645,47514,2020-06-27,58,5208,0.011136712749616,0.0117560614145378,72.7975289157487
Bronx,2020-06-28T00:00:00.000,41,47555,3588,321233,321233,47555,2020-06-28,41,3588,0.0114269788182832,0.0116591796892966,51.2967860321838
Bronx,2020-06-29T00:00:00.000,43,47598,4056,325289,325289,47598,2020-06-29,43,4056,0.0106015779092702,0.0115941851287172,53.6306745293022
Bronx,2020-06-30T00:00:00.000,53,47651,4725,330014,330014,47651,2020-06-30,53,4725,0.0112169312169312,0.0115598348445562,65.8992824568342
Bronx,2020-07-01T00:00:00.000,107,47758,5267,335281,335281,47758,2020-07-01,107,5267,0.0203151699259541,0.0115549177175672,132.63860281803
Bronx,2020-07-02T00:00:00.000,80,47838,5521,340802,340802,47838,2020-07-02,80,5521,0.0144901285998913,0.0115782355100335,98.8730302176546
Bronx,2020-07-03T00:00:00.000,64,47902,4449,345251,345251,47902,2020-07-03,64,4449,0.0143852551135087,0.0116285819459699,78.7592216107847
Bronx,2020-07-04T00:00:00.000,36,47938,4275,349526,349526,47938,2020-07-04,36,4275,0.00842105263157895,0.0117047201012113,44.2329172703281
Bronx,2020-07-05T00:00:00.000,56,47994,4111,353637,353637,47994,2020-07-05,56,4111,0.0136219897835077,0.0118053585256538,68.609148478762
Bronx,2020-07-06T00:00:00.000,44,48038,3695,357332,357332,48038,2020-07-06,44,3695,0.0119079837618403,0.0119291266183793,53.7634993475535
Bronx,2020-07-07T00:00:00.000,38,48076,3456,360788,360788,48076,2020-07-07,38,3456,0.0109953703703704,0.0120745498857514,46.3883366593411
Bronx,2020-07-08T00:00:00.000,50,48126,3993,364781,364781,48126,2020-07-08,50,3993,0.0125219133483596,0.0122400258295119,60.9690168398989
Bronx,2020-07-09T00:00:00.000,82,48208,5706,370487,370487,48208,2020-07-09,82,5706,0.0143708377146863,0.0124238013320571,99.8741120574068
Bronx,2020-07-10T00:00:00.000,59,48267,4932,375419,375419,48267,2020-07-10,59,4932,0.0119626926196269,0.012623952515511,71.7755839554253
Bronx,2020-07-11T00:00:00.000,60,48327,4401,379820,379820,48327,2020-07-11,60,4401,0.0136332651670075,0.0128383681437756,72.902875374793
Bronx,2020-07-12T00:00:00.000,50,48377,3980,383800,383800,48377,2020-07-12,50,3980,0.0125628140703518,0.0130647376972723,60.6753591956455
Bronx,2020-07-13T00:00:00.000,56,48433,4169,387969,387969,48433,2020-07-13,56,4169,0.013432477812425,0.0133005452628439,67.8667062937686
Bronx,2020-07-14T00:00:00.000,63,48496,4435,392404,392404,48496,2020-07-14,63,4435,0.0142051860202931,0.0135430703403607,76.2448193887353
Bronx,2020-07-15T00:00:00.000,79,48575,5635,398039,398039,48575,2020-07-15,79,5635,0.014019520851819,0.0137893965504784,95.470640581767
Bronx,2020-07-16T00:00:00.000,68,48643,5250,403289,403289,48643,2020-07-16,68,5250,0.012952380952381,0.0140364290385683,82.0528905950433
Bronx,2020-07-17T00:00:00.000,72,48715,5748,409037,409037,48715,2020-07-17,72,5748,0.0125260960334029,0.014280921093957,86.861938833674
Bronx,2020-07-18T00:00:00.000,54,48769,4297,413334,413334,48769,2020-07-18,54,4297,0.0125669071445194,0.0145195101517131,65.305974508734
Bronx,2020-07-19T00:00:00.000,68,48837,3543,416877,416877,48837,2020-07-19,68,3543,0.0191927744848998,0.01474876292215,82.3961718749976
Bronx,2020-07-20T00:00:00.000,89,48926,4443,421320,421320,48926,2020-07-20,89,4443,0.0200315102408283,0.0149652289220932,107.992556826278
Bronx,2020-07-21T00:00:00.000,91,49017,5492,426812,426812,49017,2020-07-21,91,5492,0.0165695557174071,0.0151655011827818,110.498748751941
Bronx,2020-07-22T00:00:00.000,69,49086,4802,431614,431614,49086,2020-07-22,69,4802,0.014369012911287,0.0153462824235056,83.7898574056256
Bronx,2020-07-23T00:00:00.000,114,49200,5276,436890,436890,49200,2020-07-23,114,5276,0.0216072782410917,0.0155044545292694,138.368858217183
Bronx,2020-07-24T00:00:00.000,80,49280,4754,441644,441644,49280,2020-07-24,80,4754,0.016827934371056,0.0156371488096411,97.4098015646653
Bronx,2020-07-25T00:00:00.000,56,49336,3711,445355,445355,49336,2020-07-25,56,3711,0.0150902721638372,0.0157418142646009,68.3624415497996
Bronx,2020-07-26T00:00:00.000,52,49388,3459,448814,448814,49388,2020-07-26,52,3459,0.0150332466030645,0.0158162809800854,63.5786835290169
Bronx,2020-07-27T00:00:00.000,34,49422,3654,452468,452468,49422,2020-07-27,34,3654,0.00930487137383689,0.0158588158382117,41.6006953862305
Bronx,2020-07-28T00:00:00.000,59,49481,3397,455865,455865,49481,2020-07-28,59,3397,0.0173682661171622,0.0158681679607335,72.1796847891419
Bronx,2020-07-29T00:00:00.000,46,49527,4741,460606,460606,49527,2020-07-29,46,4741,0.00970259438936933,0.0158436017033759,56.2180324006921
Bronx,2020-07-30T00:00:00.000,46,49573,3994,464600,464600,49573,2020-07-30,46,3994,0.0115172759138708,0.0157849155672721,56.1091218638819
Bronx,2020-07-31T00:00:00.000,53,49626,5253,469853,469853,49626,2020-07-31,53,5253,0.0100894726822768,0.0156924460465477,64.5191842811394
Bronx,2020-08-01T00:00:00.000,50,49676,3384,473237,473237,49676,2020-08-01,50,3384,0.0147754137115839,0.0155670561606231,60.8128006207219
Bronx,2020-08-02T00:00:00.000,38,49714,3630,476867,476867,49714,2020-08-02,38,3630,0.0104683195592286,0.0154101091601022,46.1221168834043
Bronx,2020-08-03T00:00:00.000,109,49823,7059,483926,483926,49823,2020-08-03,109,7059,0.0154412806346508,0.0152234286043396,131.943002047134
Bronx,2020-08-04T00:00:00.000,83,49906,5301,489227,489227,49906,2020-08-04,83,5301,0.0156574231277118,0.0150092466361556,100.140906302282
Bronx,2020-08-05T00:00:00.000,74,49980,5205,494432,494432,49980,2020-08-05,74,5205,0.0142170989433237,0.0147701427812906,88.9375530097901
Bronx,2020-08-06T00:00:00.000,77,50057,5151,499583,499583,50057,2020-08-06,77,5151,0.0149485536788973,0.014508975947235,92.419873777356
Bronx,2020-08-07T00:00:00.000,63,50120,4634,504217,504217,50120,2020-08-07,63,4634,0.013595166163142,0.0142288124779095,75.6108708606786
Bronx,2020-08-08T00:00:00.000,68,50188,5261,509478,509478,50188,2020-08-08,68,5261,0.0129252993727428,0.0139328531252055,81.5770680636545
Bronx,2020-08-09T00:00:00.000,38,50226,4747,514225,514225,50226,2020-08-09,38,4747,0.00800505582473141,0.0136243616436367,45.5510200039743
Bronx,2020-08-10T00:00:00.000,52,50278,5083,519308,519308,50278,2020-08-10,52,5083,0.010230179028133,0.0133065974249707,62.259969969389
Bronx,2020-08-11T00:00:00.000,91,50369,7934,527242,527242,50369,2020-08-11,91,7934,0.0114696244013108,0.0129827541884591,108.766896316488
Bronx,2020-08-12T00:00:00.000,116,50485,7110,534352,534352,50485,2020-08-12,116,7110,0.0163150492264416,0.0126559062756503,138.332311616814
Bronx,2020-08-13T00:00:00.000,94,50579,6420,540772,540772,50579,2020-08-13,94,6420,0.0146417445482866,0.0123289635987492,111.80167705675
Bronx,2020-08-14T00:00:00.000,72,50651,6849,547621,547621,50651,2020-08-14,72,6849,0.0105124835742444,0.0120046357935329,85.5011138464708
Bronx,2020-08-15T00:00:00.000,73,50724,6399,554020,554020,50724,2020-08-15,73,6399,0.0114080325050789,0.0116854056642854,86.7087139661616
Bronx,2020-08-16T00:00:00.000,62,50786,4742,558762,558762,50786,2020-08-16,62,4742,0.0130746520455504,0.011373511605204,73.6475393243878
Bronx,2020-08-17T00:00:00.000,54,50840,4675,563437,563437,50840,2020-08-17,54,4675,0.0115508021390374,0.0110709383475239,64.0436958629724
Bronx,2020-08-18T00:00:00.000,67,50907,5591,569028,569028,50907,2020-08-18,67,5591,0.0119835449830084,0.0107794151348422,79.3066008120306
Bronx,2020-08-19T00:00:00.000,47,50954,5402,574430,574430,50954,2020-08-19,47,5402,0.00870048130322103,0.0105004202621914,55.52308676679
Bronx,2020-08-20T00:00:00.000,56,51010,6412,580842,580842,51010,2020-08-20,56,6412,0.00873362445414847,0.0102351908250314,66.0244863736467
Bronx,2020-08-21T00:00:00.000,57,51067,6574,587416,587416,51067,2020-08-21,57,6574,0.00867052023121387,0.00998473650748528,67.0545969477342
Bronx,2020-08-22T00:00:00.000,70,51137,4937,592353,592353,51137,2020-08-22,70,4937,0.0141786510026332,0.00974985627811297,82.1689940910815
Bronx,2020-08-23T00:00:00.000,57,51194,5141,597494,597494,51194,2020-08-23,57,5141,0.0110873370939506,0.00953115694169148,66.8727415817421
Bronx,2020-08-24T00:00:00.000,45,51239,4296,601790,601790,51239,2020-08-24,45,4296,0.0104748603351955,0.00932907261300824,52.7447466166672
Bronx,2020-08-25T00:00:00.000,53,51292,5358,607148,607148,51292,2020-08-25,53,5358,0.00989175065322882,0.00914388430726737,62.0237235350875
Bronx,2020-08-26T00:00:00.000,65,51357,5535,612683,612683,51357,2020-08-26,65,5535,0.011743450767841,0.00897573898420876,75.9000374363191
Bronx,2020-08-27T00:00:00.000,49,51406,6190,618873,618873,51406,2020-08-27,49,6190,0.00791599353796446,0.00882466752097122,57.0620310592269
Bronx,2020-08-28T00:00:00.000,62,51468,6305,625178,625178,51468,2020-08-28,62,6305,0.0098334655035686,0.0086906012225877,72.1698806408121
Bronx,2020-08-29T00:00:00.000,65,51533,6778,631956,631956,51533,2020-08-29,65,6778,0.00958984951313072,0.00857338659828466,75.7572647910577
Bronx,2020-08-30T00:00:00.000,77,51610,4854,636810,636810,51610,2020-08-30,77,4854,0.0158632056036259,0.00847279824147775,89.8668088163218
Bronx,2020-08-31T00:00:00.000,53,51663,4880,641690,641690,51663,2020-08-31,53,4880,0.0108606557377049,0.00838854974194038,61.9482458715619
Bronx,2020-09-01T00:00:00.000,48,51711,7314,649004,649004,51711,2020-09-01,48,7314,0.00656275635767022,0.00832030263824289,56.1927851455041
Bronx,2020-09-02T00:00:00.000,57,51768,5696,654700,654700,51768,2020-09-02,57,5696,0.0100070224719101,0.00826767348247921,66.8398712270871
Bronx,2020-09-03T00:00:00.000,52,51820,6594,661294,661294,51820,2020-09-03,52,6594,0.00788595693054292,0.00823023914310522,61.0820029505938
Bronx,2020-09-04T00:00:00.000,40,51860,6365,667659,667659,51860,2020-09-04,40,6365,0.00628436763550668,0.00820754051319772,47.0693525587485
Bronx,2020-09-05T00:00:00.000,52,51912,5858,673517,673517,51912,2020-09-05,52,5858,0.00887674974393991,0.00819908482668266,61.29983453402
Bronx,2020-09-06T00:00:00.000,32,51944,4414,677931,677931,51944,2020-09-06,32,4414,0.00724966017217943,0.00820434681141478,37.7904718500916
Bronx,2020-09-07T00:00:00.000,40,51984,5366,683297,683297,51984,2020-09-07,40,5366,0.00745434215430488,0.00822276892976479,47.3195249603761
Bronx,2020-09-08T00:00:00.000,34,52018,5571,688868,688868,52018,2020-09-08,34,5571,0.00610303356668462,0.00825376097237811,40.2822115085366
Bronx,2020-09-09T00:00:00.000,58,52076,5655,694523,694523,52076,2020-09-09,58,5655,0.0102564102564103,0.00829669928320315,68.8125708283849
Bronx,2020-09-10T00:00:00.000,49,52125,5615,700138,700138,52125,2020-09-10,49,5615,0.00872662511130899,0.00835092589793377,58.2074479124729
Bronx,2020-09-11T00:00:00.000,61,52186,7455,707593,707593,52186,2020-09-11,61,7455,0.00818242790073776,0.00841574787971776,72.6390144808524
Bronx,2020-09-12T00:00:00.000,49,52235,4625,712218,712218,52235,2020-09-12,49,4625,0.0105945945945946,0.0084904371286295,58.5276439051052
Bronx,2020-09-13T00:00:00.000,46,52281,4288,716506,716506,52281,2020-09-13,46,4288,0.0107276119402985,0.0085742309285686,55.1004316620351
Bronx,2020-09-14T00:00:00.000,54,52335,4856,721362,721362,52335,2020-09-14,54,4856,0.0111202635914333,0.0086663334720327,64.8506918682329
Bronx,2020-09-15T00:00:00.000,36,52371,4810,726172,726172,52371,2020-09-15,36,4810,0.00748440748440748,0.00876591857324748,43.3333588994878
Bronx,2020-09-16T00:00:00.000,51,52422,5950,732122,732122,52422,2020-09-16,51,5950,0.00857142857142857,0.00887213373836243,61.5103265896216
Bronx,2020-09-17T00:00:00.000,46,52468,5601,737723,737723,52468,2020-09-17,46,5601,0.00821281913943939,0.00898410571175839,55.5694891348115
Bronx,2020-09-18T00:00:00.000,58,52526,6097,743820,743820,52526,2020-09-18,58,6097,0.00951287518451698,0.00910094755894367,70.1510080246434
Bronx,2020-09-19T00:00:00.000,52,52578,7106,750926,750926,52578,2020-09-19,52,7106,0.00731775963974106,0.00922176727953335,62.8827873657429
Bronx,2020-09-20T00:00:00.000,41,52619,3854,754780,754780,52619,2020-09-20,41,3854,0.0106382978723404,0.00934567787534652,49.52817900236
Bronx,2020-09-21T00:00:00.000,47,52666,5869,760649,760649,52666,2020-09-21,47,5869,0.00800817856534333,0.00947180872312686,56.687932360574
Bronx,2020-09-22T00:00:00.000,44,52710,5074,765723,765723,52710,2020-09-22,44,5074,0.0086716594402838,0.0095993180342235,52.9600838339148
Bronx,2020-09-23T00:00:00.000,46,52756,5812,771535,771535,52756,2020-09-23,46,5812,0.00791465932553338,0.00972740611622812,55.2245617969213
Bronx,2020-09-24T00:00:00.000,59,52815,7131,778666,778666,52815,2020-09-24,59,7131,0.00827373439910251,0.00985532909775084,70.6119150604633
Bronx,2020-09-25T00:00:00.000,57,52872,6388,785054,785054,52872,2020-09-25,57,6388,0.00892298058860363,0.00998241273704664,68.1990038364277
Bronx,2020-09-26T00:00:00.000,48,52920,4941,789995,789995,52920,2020-09-26,48,4941,0.00971463266545234,0.0101080659095776,57.5478331359513
Bronx,2020-09-27T00:00:00.000,36,52956,3456,793451,793451,52956,2020-09-27,36,3456,0.0104166666666667,0.0102317933658011,43.2254888006389
Bronx,2020-09-28T00:00:00.000,69,53025,6624,800075,800075,53025,2020-09-28,69,6624,0.0104166666666667,0.010353207366134,82.9279469877515
Bronx,2020-09-29T00:00:00.000,66,53091,6152,806227,806227,53091,2020-09-29,66,6152,0.0107282184655397,0.0104720378347234,79.355364778751
Bronx,2020-09-30T00:00:00.000,78,53169,6093,812320,812320,53169,2020-09-30,78,6093,0.0128015755785327,0.010588140729856,93.772754051826
Bronx,2020-10-01T00:00:00.000,63,53232,6554,818874,818874,53232,2020-10-01,63,6554,0.00961245041196216,0.0107015043978222,75.6913286584617
Bronx,2020-10-02T00:00:00.000,66,53298,6513,825387,825387,53298,2020-10-02,66,6513,0.0101335789958544,0.0108122537593648,79.2050547807743
Bronx,2020-10-03T00:00:00.000,55,53353,5282,830669,830669,53353,2020-10-03,55,5282,0.0104127224536161,0.0109206522676589,65.8964950764307
Bronx,2020-10-04T00:00:00.000,64,53417,4521,835190,835190,53417,2020-10-04,64,4521,0.0141561601415616,0.0110271016662398,76.5184486144067
Bronx,2020-10-05T00:00:00.000,84,53501,6190,841380,841380,53501,2020-10-05,84,6190,0.0135702746365105,0.0111321396623158,100.174598194994
Bronx,2020-10-06T00:00:00.000,55,53556,5842,847222,847222,53556,2020-10-06,55,5842,0.0094145840465594,0.0112364357093169,65.3957279952526
Bronx,2020-10-07T00:00:00.000,61,53617,6595,853817,853817,53617,2020-10-07,61,6595,0.00924943138741471,0.0113407851571318,72.2857305814305
Bronx,2020-10-08T00:00:00.000,74,53691,7217,861034,861034,53691,2020-10-08,74,7217,0.0102535679645282,0.0114461020774622,87.3635637336385
Bronx,2020-10-09T00:00:00.000,71,53762,6783,867817,867817,53762,2020-10-09,71,6783,0.0104673448326699,0.011553411102651,83.472578281195
Bronx,2020-10-10T00:00:00.000,74,53836,6143,873960,873960,53836,2020-10-10,74,6143,0.0120462314829888,0.0116638386277166,86.6096080964842
Bronx,2020-10-11T00:00:00.000,58,53894,3930,877890,877890,53894,2020-10-11,58,3930,0.0147582697201018,0.0117786037197536,67.5609862051336
Bronx,2020-10-12T00:00:00.000,66,53960,6546,884436,884436,53960,2020-10-12,66,6546,0.0100824931255729,0.011899009053874,76.4968975049025
Bronx,2020-10-13T00:00:00.000,46,54006,6116,890552,890552,54006,2020-10-13,46,6116,0.00752125572269457,0.012026432158969,53.039746446801
Bronx,2020-10-14T00:00:00.000,71,54077,6174,896726,896726,54077,2020-10-14,71,6174,0.0114998380304503,0.0121623172053147,81.4969383295297
Bronx,2020-10-15T00:00:00.000,121,54198,7400,904126,904126,54198,2020-10-15,121,7400,0.0163513513513514,0.0123081675101536,138.344655104524
Bronx,2020-10-16T00:00:00.000,109,54307,9054,913180,913180,54307,2020-10-16,109,9054,0.0120388778440468,0.0124655388733476,124.357444146369
Bronx,2020-10-17T00:00:00.000,102,54409,6911,920091,920091,54409,2020-10-17,102,6911,0.0147590797279699,0.0126360337923829,116.17452373112
Bronx,2020-10-18T00:00:00.000,63,54472,5081,925172,925172,54472,2020-10-18,63,5081,0.0123991340287345,0.0128212965426638,71.6475801061586
Bronx,2020-10-19T00:00:00.000,51,54523,5727,930899,930899,54523,2020-10-19,51,5727,0.00890518596123625,0.0130230090485473,57.967592745971
Bronx,2020-10-20T00:00:00.000,105,54628,7912,938811,938811,54628,2020-10-20,105,7912,0.0132709807886754,0.0132428874190538,119.418828773335
Bronx,2020-10-21T00:00:00.000,78,54706,6996,945807,945807,54706,2020-10-21,78,6996,0.0111492281303602,0.013482678973199,88.7680513849888
Bronx,2020-10-22T00:00:00.000,86,54792,7642,953449,953449,54792,2020-10-22,86,7642,0.0112535985344151,0.0137441595432611,97.9768100167731
Bronx,2020-10-23T00:00:00.000,100,54892,9802,963251,963251,54892,2020-10-23,100,9802,0.01020199959192,0.0140291308149808,114.018467239461
Bronx,2020-10-24T00:00:00.000,119,55011,6745,969996,969996,55011,2020-10-24,119,6745,0.0176426982950334,0.0143394174441167,135.756285142711
Bronx,2020-10-25T00:00:00.000,75,55086,4808,974804,974804,55086,2020-10-25,75,4808,0.0155990016638935,0.0146768636829861,85.5854411856904
Bronx,2020-10-26T00:00:00.000,127,55213,7625,982429,982429,55213,2020-10-26,127,7625,0.016655737704918,0.0150433292505205,144.929522201211
Bronx,2020-10-27T00:00:00.000,141,55354,7498,989927,989927,55354,2020-10-27,141,7498,0.0188050146705788,0.0154406842014484,160.870783230625
Bronx,2020-10-28T00:00:00.000,173,55527,8348,998275,998275,55527,2020-10-28,173,8348,0.020723526593196,0.0158708025735748,197.288415915692
Bronx,2020-10-29T00:00:00.000,134,55661,8374,1006649,1006649,55661,2020-10-29,134,8374,0.0160019106759016,0.0163355546440188,152.704831639879
Bronx,2020-10-30T00:00:00.000,106,55767,6473,1013122,1013122,55767,2020-10-30,106,6473,0.0163757145064112,0.0168367976804043,120.682551668487
Bronx,2020-10-31T00:00:00.000,145,55912,7975,1021097,1021097,55912,2020-10-31,145,7975,0.0181818181818182,0.0173763651580873,164.891746155903
Bronx,2020-11-01T00:00:00.000,87,55999,5713,1026810,1026810,55999,2020-11-01,87,5713,0.0152284263959391,0.0179560545057217,98.7979794607007
Bronx,2020-11-02T00:00:00.000,166,56165,7615,1034425,1034425,56165,2020-11-02,166,7615,0.0217990807616546,0.0185776135641277,188.210883196046
Bronx,2020-11-03T00:00:00.000,127,56292,9344,1043769,1043769,56292,2020-11-03,127,9344,0.0135916095890411,0.0192427260746828,143.735103184642
Bronx,2020-11-04T00:00:00.000,168,56460,8765,1052534,1052534,56460,2020-11-04,168,8765,0.0191671420422133,0.0199529966692065,189.762576673363
Bronx,2020-11-05T00:00:00.000,195,56655,8772,1061306,1061306,56655,2020-11-05,195,8772,0.0222298221614227,0.0207099360026742,219.78754472117
Bronx,2020-11-06T00:00:00.000,162,56817,8258,1069564,1069564,56817,2020-11-06,162,8258,0.0196173407604747,0.0215149468482707,182.171846640584
Bronx,2020-11-07T00:00:00.000,247,57064,7618,1077182,1077182,57064,2020-11-07,247,7618,0.0324232081911263,0.0223693121666282,277.075017353148
Bronx,2020-11-08T00:00:00.000,170,57234,6413,1083595,1083595,57234,2020-11-08,170,6413,0.0265086542959613,0.0232741863424506,190.19378327348
Bronx,2020-11-09T00:00:00.000,191,57425,7110,1090705,1090705,57425,2020-11-09,191,7110,0.0268635724331927,0.0242305909671584,213.162012622201
Bronx,2020-11-10T00:00:00.000,232,57657,8467,1099172,1099172,57657,2020-11-10,232,8467,0.0274004960434629,0.0252394167028012,258.744780770968
Bronx,2020-11-11T00:00:00.000,260,57917,10011,1109183,1109183,57917,2020-11-11,260,10011,0.025971431425432,0.0263014329072472,290.056737871624
Bronx,2020-11-12T00:00:00.000,288,58205,9635,1118818,1118818,58205,2020-11-12,288,9635,0.0298910223144785,0.027417306800277,322.479376733785
Bronx,2020-11-13T00:00:00.000,286,58491,10066,1128884,1128884,58491,2020-11-13,286,10066,0.0284124776475263,0.0285876340198356,321.435439872221
Bronx,2020-11-14T00:00:00.000,221,58712,8575,1137459,1137459,58712,2020-11-14,221,8575,0.0257725947521866,0.0298129824491389,249.31506679954
Bronx,2020-11-15T00:00:00.000,193,58905,7790,1145249,1145249,58905,2020-11-15,193,7790,0.0247753530166881,0.0310939511809614,218.547106470291
Bronx,2020-11-16T00:00:00.000,360,59265,9704,1154953,1154953,59265,2020-11-16,360,9704,0.0370981038746908,0.0324312464548408,409.183972774539
Bronx,2020-11-17T00:00:00.000,283,59548,7300,1162253,1162253,59548,2020-11-17,283,7300,0.0387671232876712,0.0338257763562691,322.866499594324
Bronx,2020-11-18T00:00:00.000,308,59856,11469,1173722,1173722,59856,2020-11-18,308,11469,0.0268550004359578,0.0352787660363817,352.692685411596
Broome,2020-03-01T00:00:00.000,0,0,0,0,0,0,2020-03-01,0,0,0,0.0018724582463403,0
Broome,2020-03-02T00:00:00.000,0,0,0,0,0,0,2020-03-02,0,0,0,0.00230575406029692,0
Broome,2020-03-03T00:00:00.000,0,0,0,0,0,0,2020-03-03,0,0,0,0.0028387350564687,0
Broome,2020-03-04T00:00:00.000,0,0,0,0,0,0,2020-03-04,0,0,0,0.00349352247533216,0
Broome,2020-03-05T00:00:00.000,0,0,0,0,0,0,2020-03-05,0,0,0,0.00429646308006114,0
Broome,2020-03-06T00:00:00.000,0,0,0,0,0,0,2020-03-06,0,0,0,0.0052786077951492,0
Broome,2020-03-07T00:00:00.000,0,0,0,0,0,0,2020-03-07,0,0,0,0.00647610289005809,0
Broome,2020-03-08T00:00:00.000,0,0,2,2,2,0,2020-03-08,0,2,0,0.00793042116322039,0
Broome,2020-03-09T00:00:00.000,0,0,1,3,3,0,2020-03-09,0,1,0,0.00968834174017965,0
Broome,2020-03-10T00:00:00.000,0,0,1,4,4,0,2020-03-10,0,1,0,0.0118015706002912,0
Broome,2020-03-11T00:00:00.000,0,0,1,5,5,0,2020-03-11,0,1,0,0.0143258839193341,0
Broome,2020-03-12T00:00:00.000,1,1,2,7,7,1,2020-03-12,1,2,0.5,0.0173196781465071,1.20007070517987
Broome,2020-03-13T00:00:00.000,0,1,2,9,9,1,2020-03-13,0,2,0,0.0208418305063836,0
Broome,2020-03-14T00:00:00.000,0,1,3,12,12,1,2020-03-14,0,3,0,0.0249488170082663,0
Broome,2020-03-15T00:00:00.000,0,1,2,14,14,1,2020-03-15,0,2,0,0.029691105586863,0
Broome,2020-03-16T00:00:00.000,0,1,1,15,15,1,2020-03-16,0,1,0,0.0351089387686664,0
Broome,2020-03-17T00:00:00.000,0,1,6,21,21,1,2020-03-17,0,6,0,0.0412277358124187,0
Broome,2020-03-18T00:00:00.000,1,2,9,30,30,2,2020-03-18,1,9,0.111111111111111,0.0480534631857664,1.17040540016035
Broome,2020-03-19T00:00:00.000,0,2,3,33,33,2,2020-03-19,0,3,0,0.0555684220570657,0
Broome,2020-03-20T00:00:00.000,0,2,16,49,49,2,2020-03-20,0,16,0,0.0637279559400355,0
Broome,2020-03-21T00:00:00.000,1,3,5,54,54,3,2020-03-21,1,5,0.2,0.0724585672826281,1.15386748645973
Broome,2020-03-22T00:00:00.000,4,7,20,74,74,7,2020-03-22,4,20,0.2,0.0816578354782428,4.60657483506483
Broome,2020-03-23T00:00:00.000,2,9,18,92,92,9,2020-03-23,2,18,0.111111111111111,0.0911963545862201,2.31596464481521
Broome,2020-03-24T00:00:00.000,2,11,13,105,105,11,2020-03-24,2,13,0.153846153846154,0.100921680626884,2.32391817790199
Broome,2020-03-25T00:00:00.000,5,16,37,142,142,16,2020-03-25,5,37,0.135135135135135,0.110664035437953,5.81758124324599
Broome,2020-03-26T00:00:00.000,2,18,25,167,167,18,2020-03-26,2,25,0.08,0.120243302912378,2.3273456824079
Broome,2020-03-27T00:00:00.000,5,23,37,204,204,23,2020-03-27,5,37,0.135135135135135,0.129476714062058,5.86145635205004
Broome,2020-03-28T00:00:00.000,6,29,45,249,249,29,2020-03-28,6,45,0.133333333333333,0.1381865726626,7.04876168862468
Broome,2020-03-29T00:00:00.000,6,35,36,285,285,35,2020-03-29,6,36,0.166666666666667,0.14620742363931,7.05078098896529
Broome,2020-03-30T00:00:00.000,3,38,48,333,333,38,2020-03-30,3,48,0.0625,0.153392191345109,3.52388206594934
Broome,2020-03-31T00:00:00.000,4,42,35,368,368,42,2020-03-31,4,35,0.114285714285714,0.159616981383362,4.7036866958755
Broome,2020-04-01T00:00:00.000,4,46,43,411,411,46,2020-04-01,4,43,0.0930232558139535,0.164784411794454,4.72887453532299
Broome,2020-04-02T00:00:00.000,10,56,72,483,483,56,2020-04-02,10,72,0.138888888888889,0.168825488159834,11.8717096042321
Broome,2020-04-03T00:00:00.000,9,65,55,538,538,65,2020-04-03,9,55,0.163636363636364,0.171700145077807,10.7177915074035
Broome,2020-04-04T00:00:00.000,6,71,36,574,574,71,2020-04-04,6,36,0.166666666666667,0.173396638946371,7.1603428576585
Broome,2020-04-05T00:00:00.000,5,76,33,607,607,76,2020-04-05,5,33,0.151515151515152,0.173929999431767,5.97354268132208
Broome,2020-04-06T00:00:00.000,10,86,47,654,654,86,2020-04-06,10,47,0.212765957446809,0.173339740901108,11.9502689132741
Broome,2020-04-07T00:00:00.000,2,88,24,678,678,88,2020-04-07,2,24,0.0833333333333333,0.171687013586821,2.38894992863533
Broome,2020-04-08T00:00:00.000,17,105,82,760,760,105,2020-04-08,17,82,0.207317073170732,0.169051348742076,20.2854183493816
Broome,2020-04-09T00:00:00.000,7,112,58,818,818,112,2020-04-09,7,58,0.120689655172414,0.16552713056686,8.35785695271096
Broome,2020-04-10T00:00:00.000,5,117,31,849,849,117,2020-04-10,5,31,0.161290322580645,0.161219914056609,5.96808092843926
Broome,2020-04-11T00:00:00.000,9,126,60,909,909,126,2020-04-11,9,60,0.15,0.156242701955898,10.7309843736464
Broome,2020-04-12T00:00:00.000,7,133,39,948,948,133,2020-04-12,7,39,0.179487179487179,0.150712293245801,8.33188363718596
Broome,2020-04-13T00:00:00.000,13,146,90,1038,1038,146,2020-04-13,13,90,0.144444444444444,0.144745815474704,15.4395177147491
Broome,2020-04-14T00:00:00.000,7,153,73,1111,1111,153,2020-04-14,7,73,0.0958904109589041,0.138457549880964,8.3029237883063
Broome,2020-04-15T00:00:00.000,14,167,74,1185,1185,167,2020-04-15,14,74,0.189189189189189,0.13195614811996,16.5811220427409
Broome,2020-04-16T00:00:00.000,11,178,82,1267,1267,178,2020-04-16,11,82,0.134146341463415,0.125342321384132,13.0064741680899
Broome,2020-04-17T00:00:00.000,8,186,64,1331,1331,186,2020-04-17,8,64,0.125,0.118707057146154,9.44494140466489
Broome,2020-04-18T00:00:00.000,6,192,52,1383,1383,192,2020-04-18,6,52,0.115384615384615,0.112130388161602,7.08767436901648
Broome,2020-04-19T00:00:00.000,7,199,43,1426,1426,199,2020-04-19,7,43,0.162790697674419,0.105680706126042,8.27281443934377
Broome,2020-04-20T00:00:00.000,6,205,47,1473,1473,205,2020-04-20,6,47,0.127659574468085,0.0994145821540211,7.09380096085532
Broome,2020-04-21T00:00:00.000,14,219,54,1527,1527,219,2020-04-21,14,54,0.259259259259259,0.0933770314180647,16.5579879495321
Broome,2020-04-22T00:00:00.000,5,224,102,1629,1629,224,2020-04-22,5,102,0.0490196078431373,0.0876021419138767,5.91546947932991
Broome,2020-04-23T00:00:00.000,8,232,85,1714,1714,232,2020-04-23,8,85,0.0941176470588235,0.0821139784068265,9.46769935114247
Broome,2020-04-24T00:00:00.000,19,251,212,1926,1926,251,2020-04-24,19,212,0.089622641509434,0.0769276718441454,22.492902292303
Broome,2020-04-25T00:00:00.000,6,257,105,2031,2031,257,2020-04-25,6,105,0.0571428571428571,0.0720506105018857,7.10539450502456
Broome,2020-04-26T00:00:00.000,4,261,69,2100,2100,261,2020-04-26,4,69,0.0579710144927536,0.067483660131407,4.73864181274255
Broome,2020-04-27T00:00:00.000,5,266,60,2160,2160,266,2020-04-27,5,60,0.0833333333333333,0.0632223541992901,5.92564720121066
Broome,2020-04-28T00:00:00.000,7,273,87,2247,2247,273,2020-04-28,7,87,0.0804597701149425,0.0592580102076075,8.29835739238841
Broome,2020-04-29T00:00:00.000,11,284,114,2361,2361,284,2020-04-29,11,114,0.0964912280701754,0.0555787423986287,13.0439760569759
Broome,2020-04-30T00:00:00.000,15,299,110,2471,2471,299,2020-04-30,15,110,0.136363636363636,0.0521703538945394,17.7929187451971
Broome,2020-05-01T00:00:00.000,6,305,114,2585,2585,305,2020-05-01,6,114,0.0526315789473684,0.049017101869326,7.11967283904952
Broome,2020-05-02T00:00:00.000,22,327,415,3000,3000,327,2020-05-02,22,415,0.0530120481927711,0.0461023374408795,26.1153778668492
Broome,2020-05-03T00:00:00.000,7,334,353,3353,3353,334,2020-05-03,7,353,0.0198300283286119,0.0434090277399472,8.32596653401454
Broome,2020-05-04T00:00:00.000,4,338,180,3533,3533,338,2020-05-04,4,180,0.0222222222222222,0.040920171276039,4.78347154713658
Broome,2020-05-05T00:00:00.000,7,345,273,3806,3806,345,2020-05-05,7,273,0.0256410256410256,0.0386191196478314,8.39690881286343
Broome,2020-05-06T00:00:00.000,15,360,333,4139,4139,360,2020-05-06,15,333,0.045045045045045,0.0364898192658667,18.0402859018689
Broome,2020-05-07T00:00:00.000,4,364,214,4353,4353,364,2020-05-07,4,214,0.0186915887850467,0.0345169863722556,4.82093728972502
Broome,2020-05-08T00:00:00.000,8,372,252,4605,4605,372,2020-05-08,8,252,0.0317460317460317,0.0326862276459401,9.64442936157949
Broome,2020-05-09T00:00:00.000,1,373,317,4922,4922,373,2020-05-09,1,317,0.00315457413249211,0.0309841172980983,1.20536799711231
Broome,2020-05-10T00:00:00.000,5,378,319,5241,5241,378,2020-05-10,5,319,0.0156739811912226,0.0293982400030525,6.02546868174368
Broome,2020-05-11T00:00:00.000,1,379,271,5512,5512,379,2020-05-11,1,271,0.003690036900369,0.0279172074307669,1.20854039004627
Broome,2020-05-12T00:00:00.000,3,382,291,5803,5803,382,2020-05-12,3,291,0.0103092783505155,0.0265306546492731,3.63831905148824
Broome,2020-05-13T00:00:00.000,1,383,343,6146,6146,383,2020-05-13,1,343,0.00291545189504373,0.0252292213073335,1.2168144266976
Broome,2020-05-14T00:00:00.000,7,390,343,6489,6489,390,2020-05-14,7,343,0.0204081632653061,0.0240045213349913,8.54430553015103
Broome,2020-05-15T00:00:00.000,23,413,458,6947,6947,413,2020-05-15,23,458,0.0502183406113537,0.0228491039333397,28.1549132671701
Broome,2020-05-16T00:00:00.000,1,414,486,7433,7433,414,2020-05-16,1,486,0.00205761316872428,0.0217564078490218,1.23028254317994
Broome,2020-05-17T00:00:00.000,9,423,379,7812,7812,423,2020-05-17,9,379,0.0237467018469657,0.0207207103627641,11.1341700980164
Broome,2020-05-18T00:00:00.000,6,429,295,8107,8107,429,2020-05-18,6,295,0.0203389830508475,0.0197370720148959,7.45916229951699
Broome,2020-05-19T00:00:00.000,7,436,639,8746,8746,436,2020-05-19,7,639,0.0109546165884194,0.0188012778617017,8.77005679451952
Broome,2020-05-20T00:00:00.000,15,451,419,9165,9165,451,2020-05-20,15,419,0.035799522673031,0.0179097759328302,18.9272808881843
Broome,2020-05-21T00:00:00.000,17,468,820,9985,9985,468,2020-05-21,17,820,0.0207317073170732,0.0170596135562904,21.5894648237784
Broome,2020-05-22T00:00:00.000,17,485,645,10630,10630,485,2020-05-22,17,645,0.0263565891472868,0.0162483722719044,21.7026498063756
Broome,2020-05-23T00:00:00.000,16,501,629,11259,11259,501,2020-05-23,16,629,0.0254372019077901,0.0154741021479492,20.4438241803926
Broome,2020-05-24T00:00:00.000,18,519,669,11928,11928,519,2020-05-24,18,669,0.0269058295964126,0.0147352564259072,22.9964610349014
Broome,2020-05-25T00:00:00.000,3,522,536,12464,12464,522,2020-05-25,3,536,0.00559701492537313,0.0140306275001873,3.82818172149614
Broome,2020-05-26T00:00:00.000,6,528,369,12833,12833,528,2020-05-26,6,369,0.016260162601626,0.0133592852996066,7.63831492628426
Broome,2020-05-27T00:00:00.000,17,545,523,13356,13356,545,2020-05-27,17,523,0.0325047801147228,0.0127205191315557,21.5702271403816
Broome,2020-05-28T00:00:00.000,12,557,614,13970,13970,557,2020-05-28,12,614,0.0195439739413681,0.0121137839966527,15.1615833924629
Broome,2020-05-29T00:00:00.000,4,561,531,14501,14501,561,2020-05-29,4,531,0.00753295668549906,0.0115386522636524,5.02801346052149
Broome,2020-05-30T00:00:00.000,5,566,1002,15503,15503,566,2020-05-30,5,1002,0.00499001996007984,0.0109947714259007,6.24764866954723
Broome,2020-05-31T00:00:00.000,8,574,777,16280,16280,574,2020-05-31,8,777,0.0102960102960103,0.0104818284501302,9.93230849911272
Broome,2020-06-01T00:00:00.000,4,578,629,16909,16909,578,2020-06-01,4,629,0.00635930047694754,0.0099995209960398,4.94628655101828
Broome,2020-06-02T00:00:00.000,11,589,826,17735,17735,589,2020-06-02,11,826,0.013317191283293,0.00954753553953167,13.5401885977036
Broome,2020-06-03T00:00:00.000,4,593,631,18366,18366,593,2020-06-03,4,631,0.0063391442155309,0.00912553220019885,4.8986215147434
Broome,2020-06-04T00:00:00.000,12,605,1417,19783,19783,605,2020-06-04,12,1417,0.00846859562455893,0.00873313586595003,14.6138126446932
Broome,2020-06-05T00:00:00.000,8,613,1311,21094,21094,613,2020-06-05,8,1311,0.0061022120518688,0.00836993303228555,9.69309892569896
Broome,2020-06-06T00:00:00.000,7,620,950,22044,22044,620,2020-06-06,7,950,0.00736842105263158,0.00803547364671404,8.4458012542461
Broome,2020-06-07T00:00:00.000,4,624,745,22789,22789,624,2020-06-07,4,745,0.00536912751677852,0.00772927716800772,4.80406177217385
Broome,2020-06-08T00:00:00.000,3,627,797,23586,23586,627,2020-06-08,3,797,0.00376411543287327,0.00745084201481498,3.58417077913644
Broome,2020-06-09T00:00:00.000,3,630,755,24341,24341,630,2020-06-09,3,755,0.00397350993377483,0.00719965758485161,3.56768304022653
Broome,2020-06-10T00:00:00.000,11,641,875,25216,25216,641,2020-06-10,11,875,0.0125714285714286,0.00697521806931658,13.0801197988495
Broome,2020-06-11T00:00:00.000,3,644,1085,26301,26301,644,2020-06-11,3,1085,0.00276497695852535,0.00677703735385641,3.56663946614429
Broome,2020-06-12T00:00:00.000,3,647,779,27080,27080,647,2020-06-12,3,779,0.00385109114249037,0.00660466438034945,3.56578129485859
Broome,2020-06-13T00:00:00.000,4,651,795,27875,27875,651,2020-06-13,4,795,0.0050314465408805,0.00645769843356665,4.75310011865192
Broome,2020-06-14T00:00:00.000,4,655,382,28257,28257,655,2020-06-14,4,382,0.0104712041884817,0.00633580390257228,4.75181565759788
Broome,2020-06-15T00:00:00.000,1,656,606,28863,28863,656,2020-06-15,1,606,0.00165016501650165,0.00623872414286243,1.18765915928686
Broome,2020-06-16T00:00:00.000,1,657,546,29409,29409,657,2020-06-16,1,546,0.00183150183150183,0.00616629412375298,1.18741752596278
Broome,2020-06-17T00:00:00.000,0,657,442,29851,29851,657,2020-06-17,0,442,0,0.00611845158340793,0
Broome,2020-06-18T00:00:00.000,6,663,952,30803,30803,663,2020-06-18,6,952,0.00630252100840336,0.00609524642770889,7.12281646677875
Broome,2020-06-19T00:00:00.000,2,665,586,31389,31389,665,2020-06-19,2,586,0.00341296928327645,0.00609684809609099,2.37429042663365
Broome,2020-06-20T00:00:00.000,3,668,430,31819,31819,668,2020-06-20,3,430,0.00697674418604651,0.00612355057996001,3.56188708789549
Broome,2020-06-21T00:00:00.000,2,670,552,32371,32371,670,2020-06-21,2,552,0.0036231884057971,0.00617577471596255,2.3751979961772
Broome,2020-06-22T00:00:00.000,1,671,588,32959,32959,671,2020-06-22,1,588,0.00170068027210884,0.00625406729165269,1.18806288479907
Broome,2020-06-23T00:00:00.000,0,671,179,33138,33138,671,2020-06-23,0,179,0,0.00635909639844626,0
Broome,2020-06-24T00:00:00.000,9,680,935,34073,34073,680,2020-06-24,9,935,0.00962566844919786,0.00649164235429197,10.7053582906166
Broome,2020-06-25T00:00:00.000,17,697,509,34582,34582,697,2020-06-25,17,509,0.0333988212180747,0.00665258340026163,20.2374435509338
Broome,2020-06-26T00:00:00.000,4,701,922,35504,35504,701,2020-06-26,4,922,0.00433839479392625,0.00684287527244007,4.76617698271519
Broome,2020-06-27T00:00:00.000,2,703,486,35990,35990,703,2020-06-27,2,486,0.00411522633744856,0.00706352366636114,2.38558335303155
Broome,2020-06-28T00:00:00.000,7,710,377,36367,36367,710,2020-06-28,7,377,0.0185676392572944,0.00731554857609393,8.35915212942311
Broome,2020-06-29T00:00:00.000,6,716,772,37139,37139,716,2020-06-29,6,772,0.0077720207253886,0.00759993952049627,7.17386243774113
Broome,2020-06-30T00:00:00.000,6,722,448,37587,37587,722,2020-06-30,6,448,0.0133928571428571,0.00791760079241674,7.18323812760307
Broome,2020-07-01T00:00:00.000,7,729,846,38433,38433,729,2020-07-01,7,846,0.008274231678487,0.00826928611389303,8.39178438885547
Broome,2020-07-02T00:00:00.000,7,736,476,38909,38909,736,2020-07-02,7,476,0.0147058823529412,0.00865552247627407,8.40332167381198
Broome,2020-07-03T00:00:00.000,16,752,979,39888,39888,752,2020-07-03,16,979,0.0163432073544433,0.00907652351271364,19.2079360838719
Broome,2020-07-04T00:00:00.000,1,753,898,40786,40786,753,2020-07-04,1,898,0.00111358574610245,0.00953209351134758,1.20372092027548
Broome,2020-07-05T00:00:00.000,4,757,554,41340,41340,757,2020-07-05,4,554,0.0072202166064982,0.0100215241224941,4.82102577163429
Broome,2020-07-06T00:00:00.000,5,762,588,41928,41928,762,2020-07-06,5,588,0.00850340136054422,0.0105434869300809,6.03451564613614
Broome,2020-07-07T00:00:00.000,4,766,234,42162,42162,766,2020-07-07,4,234,0.0170940170940171,0.0110959262916708,4.84188484506363
Broome,2020-07-08T00:00:00.000,4,770,731,42893,42893,770,2020-07-08,4,731,0.00547195622435021,0.0116759581228252,4.85456363441109
Broome,2020-07-09T00:00:00.000,14,784,662,43555,43555,784,2020-07-09,14,662,0.0211480362537764,0.0122797814984574,17.0318070573032
Broome,2020-07-10T00:00:00.000,23,807,747,44302,44302,807,2020-07-10,23,747,0.0307898259705489,0.0129026109128356,28.0414704619302
Broome,2020-07-11T00:00:00.000,13,820,1236,45538,45538,820,2020-07-11,13,1236,0.0105177993527508,0.0135386376194236,15.8797358363882
Broome,2020-07-12T00:00:00.000,7,827,595,46133,46133,827,2020-07-12,7,595,0.0117647058823529,0.0141810284841003,8.56448188581995
Broome,2020-07-13T00:00:00.000,14,841,852,46985,46985,841,2020-07-13,14,852,0.0164319248826291,0.0148219700682093,17.1514337386044
Broome,2020-07-14T00:00:00.000,11,852,592,47577,47577,852,2020-07-14,11,592,0.0185810810810811,0.0154527641097227,13.4893610759089
Broome,2020-07-15T00:00:00.000,9,861,914,48491,48491,861,2020-07-15,9,914,0.00984682713347921,0.0160639781311864,11.0437365781542
Broome,2020-07-16T00:00:00.000,9,870,595,49086,49086,870,2020-07-16,9,595,0.0151260504201681,0.0166456516482637,11.0466831814626
Broome,2020-07-17T00:00:00.000,7,877,522,49608,49608,877,2020-07-17,7,522,0.0134099616858238,0.0171875545321195,8.60282026559797
Broome,2020-07-18T00:00:00.000,6,883,347,49955,49955,883,2020-07-18,6,347,0.0172910662824208,0.0176794897879239,7.40051905705743
Broome,2020-07-19T00:00:00.000,19,902,914,50869,50869,902,2020-07-19,19,914,0.0207877461706783,0.0181116287219562,23.5002192600313
Broome,2020-07-20T00:00:00.000,15,917,687,51556,51556,917,2020-07-20,15,687,0.0218340611353712,0.0184748626288518,18.5885220683213
Broome,2020-07-21T00:00:00.000,13,930,915,52471,52471,930,2020-07-21,13,915,0.014207650273224,0.0187611521835503,16.1249952043095
Broome,2020-07-22T00:00:00.000,4,934,538,53009,53009,934,2020-07-22,4,538,0.00743494423791822,0.018963854095582,4.96129091866944
Broome,2020-07-23T00:00:00.000,20,954,756,53765,53765,954,2020-07-23,20,756,0.0264550264550265,0.0190780045473304,24.7839855512618
Broome,2020-07-24T00:00:00.000,12,966,762,54527,54527,966,2020-07-24,12,762,0.015748031496063,0.0191005406700072,14.906741722926
Broome,2020-07-25T00:00:00.000,12,978,549,55076,55076,978,2020-07-25,12,549,0.0218579234972678,0.0190304447339123,14.9296696952499
Broome,2020-07-26T00:00:00.000,8,986,1287,56363,56363,986,2020-07-26,8,1287,0.00621600621600622,0.0188688006173778,9.95547914259769
Broome,2020-07-27T00:00:00.000,6,992,522,56885,56885,992,2020-07-27,6,522,0.0114942528735632,0.0186187580451458,7.46003592369022
Broome,2020-07-28T00:00:00.000,23,1015,779,57664,57664,1015,2020-07-28,23,779,0.0295250320924262,0.0182854064957428,28.5396464391929
Broome,2020-07-29T00:00:00.000,14,1029,698,58362,58362,1029,2020-07-29,14,698,0.0200573065902579,0.0178755669519223,17.3175494476796
Broome,2020-07-30T00:00:00.000,8,1037,777,59139,59139,1037,2020-07-30,8,777,0.0102960102960103,0.0173975152089451,9.85349097852053
Broome,2020-07-31T00:00:00.000,11,1048,781,59920,59920,1048,2020-07-31,11,781,0.0140845070422535,0.0168606547184345,13.4872703381334
Broome,2020-08-01T00:00:00.000,6,1054,825,60745,60745,1054,2020-08-01,6,825,0.00727272727272727,0.0162751595899526,7.3300700821352
Broome,2020-08-02T00:00:00.000,10,1064,743,61488,61488,1064,2020-08-02,10,743,0.0134589502018843,0.0156516091891929,12.1562875201982
Broome,2020-08-03T00:00:00.000,14,1078,1025,62513,62513,1078,2020-08-03,14,1025,0.0136585365853659,0.0150006348084678,16.9218412038051
Broome,2020-08-04T00:00:00.000,4,1082,379,62892,62892,1082,2020-08-04,4,379,0.0105540897097625,0.0143325963588385,4.80385637142281
Broome,2020-08-05T00:00:00.000,12,1094,711,63603,63603,1094,2020-08-05,12,711,0.0168776371308017,0.0136573033140455,14.3097724805198
Broome,2020-08-06T00:00:00.000,21,1115,517,64120,64120,1115,2020-08-06,21,517,0.0406189555125725,0.0129837896927542,24.9270228481291
Broome,2020-08-07T00:00:00.000,5,1120,412,64532,64532,1120,2020-08-07,5,412,0.0121359223300971,0.0123201482018831,5.91505003515718
Broome,2020-08-08T00:00:00.000,6,1126,583,65115,65115,1126,2020-08-08,6,583,0.0102915951972556,0.0116734242213356,7.07173944695277
Broome,2020-08-09T00:00:00.000,5,1131,747,65862,65862,1131,2020-08-09,5,747,0.00669344042838019,0.0110495664703857,5.86931504617751
Broome,2020-08-10T00:00:00.000,12,1143,1408,67270,67270,1143,2020-08-10,12,1408,0.00852272727272727,0.0104534282097412,14.0251004872753
Broome,2020-08-11T00:00:00.000,7,1150,559,67829,67829,1150,2020-08-11,7,559,0.0125223613595707,0.00988881080886569,8.14200016986447
Broome,2020-08-12T00:00:00.000,3,1153,641,68470,68470,1153,2020-08-12,3,641,0.0046801872074883,0.00935854045888337,3.47119000847923
Broome,2020-08-13T00:00:00.000,12,1165,947,69417,69417,1165,2020-08-13,12,947,0.0126715945089757,0.00886456863028797,13.8094001511144
Broome,2020-08-14T00:00:00.000,0,1165,708,70125,70125,1165,2020-08-14,0,708,0,0.00840808739755869,0
Broome,2020-08-15T00:00:00.000,1,1166,417,70542,70542,1166,2020-08-15,1,417,0.00239808153477218,0.00798965178470485,1.14347925658577
Broome,2020-08-16T00:00:00.000,6,1172,607,71149,71149,1172,2020-08-16,6,607,0.00988467874794069,0.00760930262853224,6.84640884216172
Broome,2020-08-17T00:00:00.000,5,1177,1523,72672,72672,1177,2020-08-17,5,1523,0.00328299409061064,0.007266684919084,5.68548896177391
Broome,2020-08-18T00:00:00.000,12,1189,679,73351,73351,1189,2020-08-18,12,679,0.0176730486008837,0.00696115802673733,13.5964148972054
Broome,2020-08-19T00:00:00.000,7,1196,627,73978,73978,1196,2020-08-19,7,627,0.0111642743221691,0.00669189554432881,7.9051120777641
Broome,2020-08-20T00:00:00.000,15,1211,1124,75102,75102,1211,2020-08-20,15,1124,0.0133451957295374,0.00645797359683645,16.8891695473588
Broome,2020-08-21T00:00:00.000,16,1227,1203,76305,76305,1227,2020-08-21,16,1203,0.0133000831255195,0.00625844737263995,17.9633231627476
Broome,2020-08-22T00:00:00.000,12,1239,725,77030,77030,1239,2020-08-22,12,725,0.016551724137931,0.00609241629951315,13.439103919268
Broome,2020-08-23T00:00:00.000,11,1250,848,77878,77878,1250,2020-08-23,11,848,0.0129716981132075,0.00595907873892242,12.3131822650793
Broome,2020-08-24T00:00:00.000,6,1256,508,78386,78386,1256,2020-08-24,6,508,0.0118110236220472,0.00585777733995364,6.71285684244687
Broome,2020-08-25T00:00:00.000,12,1268,844,79230,79230,1268,2020-08-25,12,844,0.014218009478673,0.00578803629645261,13.4153888050955
Broome,2020-08-26T00:00:00.000,6,1274,1434,80664,80664,1274,2020-08-26,6,1434,0.00418410041841004,0.00574959173366448,6.70095286542502
Broome,2020-08-27T00:00:00.000,9,1283,902,81566,81566,1283,2020-08-27,9,902,0.00997782705099778,0.00574241633281992,10.0399901717061
Broome,2020-08-28T00:00:00.000,3,1286,851,82417,82417,1286,2020-08-28,3,851,0.00352526439482961,0.00576673911559616,3.35176529981845
Broome,2020-08-29T00:00:00.000,9,1295,4937,87354,87354,1295,2020-08-29,9,4937,0.00182296941462427,0.00582306106832092,10.0914444199513
Broome,2020-08-30T00:00:00.000,12,1307,1000,88354,88354,1307,2020-08-30,12,1000,0.012,0.00591216701098339,13.5102014205897
Broome,2020-08-31T00:00:00.000,4,1311,482,88836,88836,1311,2020-08-31,4,482,0.00829875518672199,0.00603513381036005,4.52390146577184
Broome,2020-09-01T00:00:00.000,4,1315,477,89313,89313,1315,2020-09-01,4,477,0.00838574423480084,0.00619333471691293,4.54650690344853
Broome,2020-09-02T00:00:00.000,18,1333,809,90122,90122,1333,2020-09-02,18,809,0.0222496909765142,0.00638843927294299,20.5700051000727
Broome,2020-09-03T00:00:00.000,9,1342,850,90972,90972,1342,2020-09-03,9,850,0.0105882352941176,0.00662240790787672,10.3445780987074
Broome,2020-09-04T00:00:00.000,8,1350,2400,93372,93372,1350,2020-09-04,8,2400,0.00333333333333333,0.0068974800120324,9.25158113378738
Broome,2020-09-05T00:00:00.000,7,1357,873,94245,94245,1357,2020-09-05,7,873,0.00801832760595647,0.00721615398343143,8.14719366315638
Broome,2020-09-06T00:00:00.000,8,1365,546,94791,94791,1365,2020-09-06,8,546,0.0146520146520147,0.00758115748924304,9.37327748557023
Broome,2020-09-07T00:00:00.000,9,1374,644,95435,95435,1374,2020-09-07,9,644,0.0139751552795031,0.0079954060060635,10.6170811737752
Broome,2020-09-08T00:00:00.000,4,1378,199,95634,95634,1378,2020-09-08,4,199,0.0201005025125628,0.0084619476317873,4.75090366592722
Broome,2020-09-09T00:00:00.000,5,1383,572,96206,96206,1383,2020-09-09,5,572,0.00874125874125874,0.00898389224241081,5.97951159807443
Broome,2020-09-10T00:00:00.000,12,1395,1248,97454,97454,1395,2020-09-10,12,1248,0.00961538461538462,0.00956432333480373,14.44959538334
Broome,2020-09-11T00:00:00.000,15,1410,1875,99329,99329,1410,2020-09-11,15,1875,0.008,0.0102061914043586,18.2099379777444
Broome,2020-09-12T00:00:00.000,8,1418,571,99900,99900,1418,2020-09-12,8,571,0.0140105078809107,0.010912188481497,9.79835407767784
Broome,2020-09-13T00:00:00.000,2,1420,720,100620,100620,1420,2020-09-13,2,720,0.00277777777777778,0.0116846045224778,2.47097897055082
Broome,2020-09-14T00:00:00.000,3,1423,593,101213,101213,1423,2020-09-14,3,593,0.00505902192242833,0.012525167708818,3.73797957523347
Broome,2020-09-15T00:00:00.000,5,1428,514,101727,101727,1428,2020-09-15,5,514,0.00972762645914397,0.013434872329719,6.28106761469961
Broome,2020-09-16T00:00:00.000,9,1437,730,102457,102457,1437,2020-09-16,9,730,0.0123287671232877,0.0144137997185056,11.3945035123327
Broome,2020-09-17T00:00:00.000,13,1450,1394,103851,103851,1450,2020-09-17,13,1394,0.00932568149210904,0.0154609395738555,16.580515455506
Broome,2020-09-18T00:00:00.000,9,1459,1102,104953,104953,1459,2020-09-18,9,1102,0.00816696914700544,0.0165740207508574,11.5579964955873
Broome,2020-09-19T00:00:00.000,6,1465,2159,107112,107112,1465,2020-09-19,6,2159,0.00277906438165818,0.017749362050305,7.7466966497256
Broome,2020-09-20T00:00:00.000,7,1472,502,107614,107614,1472,2020-09-20,7,502,0.0139442231075697,0.018981754459103,9.07693234109169
Broome,2020-09-21T00:00:00.000,4,1476,738,108352,108352,1476,2020-09-21,4,738,0.00542005420054201,0.0202643864601792,5.20574396350067
Broome,2020-09-22T00:00:00.000,4,1480,850,109202,109202,1480,2020-09-22,4,850,0.00470588235294118,0.0215888232925042,5.22101376071285
Broome,2020-09-23T00:00:00.000,16,1496,1356,110558,110558,1496,2020-09-23,16,1356,0.0117994100294985,0.0229450492557735,20.9297299149036
Broome,2020-09-24T00:00:00.000,17,1513,1327,111885,111885,1513,2020-09-24,17,1327,0.012810851544838,0.0243215793398244,22.2693204144581
Broome,2020-09-25T00:00:00.000,37,1550,1510,113395,113395,1550,2020-09-25,37,1510,0.0245033112582781,0.0257056427179869,48.6613545547134
Broome,2020-09-26T00:00:00.000,22,1572,606,114001,114001,1572,2020-09-26,22,606,0.0363036303630363,0.0270834362043794,29.1081087667324
Broome,2020-09-27T00:00:00.000,34,1606,690,114691,114691,1606,2020-09-27,34,690,0.0492753623188406,0.0284404410029074,45.2183577890204
Broome,2020-09-28T00:00:00.000,36,1642,1175,115866,115866,1642,2020-09-28,36,1175,0.0306382978723404,0.0297617913824108,48.0853453436422
Broome,2020-09-29T00:00:00.000,31,1673,928,116794,116794,1673,2020-09-29,31,928,0.0334051724137931,0.0310326797483248,41.550175100927
Broome,2020-09-30T00:00:00.000,56,1729,1188,117982,117982,1729,2020-09-30,56,1188,0.0471380471380471,0.0322387793898111,75.2533753250416
Broome,2020-10-01T00:00:00.000,57,1786,1472,119454,119454,1786,2020-10-01,57,1472,0.0387228260869565,0.0333666642777293,76.7303590991356
Broome,2020-10-02T00:00:00.000,110,1896,2145,121599,121599,1896,2020-10-02,110,2145,0.0512820512820513,0.0344042049047185,148.20784000199
Broome,2020-10-03T00:00:00.000,51,1947,1591,123190,123190,1947,2020-10-03,51,1591,0.0320553111250786,0.0353409203458832,68.7183511066996
Broome,2020-10-04T00:00:00.000,27,1974,865,124055,124055,1974,2020-10-04,27,865,0.0312138728323699,0.0361682693573157,36.3526923794933
Broome,2020-10-05T00:00:00.000,52,2026,892,124947,124947,2026,2020-10-05,52,892,0.0582959641255605,0.0368798671833895,69.9041142084197
Broome,2020-10-06T00:00:00.000,105,2131,1723,126670,126670,2131,2020-10-06,105,1723,0.0609402205455601,0.0374716194447229,140.826173051503
Broome,2020-10-07T00:00:00.000,108,2239,2144,128814,128814,2239,2020-10-07,108,2144,0.0503731343283582,0.0379417695950501,144.408893771703
Broome,2020-10-08T00:00:00.000,75,2314,2332,131146,131146,2314,2020-10-08,75,2332,0.0321612349914237,0.038290861534618,99.9087757845232
Broome,2020-10-09T00:00:00.000,86,2400,1885,133031,133031,2400,2020-10-09,86,1885,0.0456233421750663,0.0385216236426043,114.046868864037
Broome,2020-10-10T00:00:00.000,42,2442,1235,134266,134266,2442,2020-10-10,42,1235,0.0340080971659919,0.0386387844036128,55.4117465802125
Broome,2020-10-11T00:00:00.000,43,2485,1371,135637,135637,2485,2020-10-11,43,1371,0.0313639679066375,0.038648832730829,56.407999731732
Broome,2020-10-12T00:00:00.000,53,2538,1434,137071,137071,2538,2020-10-12,53,1434,0.0369595536959554,0.0385597378836369,69.0936417170183
Broome,2020-10-13T00:00:00.000,69,2607,1318,138389,138389,2607,2020-10-13,69,1318,0.0523520485584218,0.0383806445581083,89.3491127297344
Broome,2020-10-14T00:00:00.000,96,2703,3366,141755,141755,2703,2020-10-14,96,3366,0.0285204991087344,0.0381215583358647,123.52919457177
Broome,2020-10-15T00:00:00.000,81,2784,2717,144472,144472,2784,2020-10-15,81,2717,0.0298122929701877,0.03779303540718,103.605752921285
Broome,2020-10-16T00:00:00.000,60,2844,2030,146502,146502,2844,2020-10-16,60,2030,0.0295566502463054,0.0374058885121422,76.4045868832205
Broome,2020-10-17T00:00:00.000,52,2896,1241,147743,147743,2896,2020-10-17,52,1241,0.0419016921837228,0.0369709186346235,65.9384932477696
Broome,2020-10-18T00:00:00.000,31,2927,1088,148831,148831,2927,2020-10-18,31,1088,0.0284926470588235,0.0364986793502838,39.1432779445148
Broome,2020-10-19T00:00:00.000,76,3003,1756,150587,150587,3003,2020-10-19,76,1756,0.0432801822323462,0.0359992780921598,95.6284081923596
Broome,2020-10-20T00:00:00.000,57,3060,1439,152026,152026,3060,2020-10-20,57,1439,0.0396108408617095,0.0354822161539859,71.5420151722729
Broome,2020-10-21T00:00:00.000,106,3166,2307,154333,154333,3166,2020-10-21,106,2307,0.0459471174685739,0.0349562670994105,132.691417806567
Broome,2020-10-22T00:00:00.000,96,3262,2746,157079,157079,3262,2020-10-22,96,2746,0.0349599417334304,0.0344293915112595,119.88840796021
Broome,2020-10-23T00:00:00.000,68,3330,2217,159296,159296,3330,2020-10-23,68,2217,0.0306720793865584,0.033908684711074,84.6860992347264
Broome,2020-10-24T00:00:00.000,38,3368,1375,160671,160671,3368,2020-10-24,38,1375,0.0276363636363636,0.0334003532132012,47.1757198503635
Broome,2020-10-25T00:00:00.000,47,3415,1246,161917,161917,3415,2020-10-25,47,1246,0.0377207062600321,0.0329097152308764,58.1440895739509
Broome,2020-10-26T00:00:00.000,101,3516,2013,163930,163930,3516,2020-10-26,101,2013,0.050173869846001,0.0324412204341781,124.465742881149
Broome,2020-10-27T00:00:00.000,50,3566,1639,165569,165569,3566,2020-10-27,50,1639,0.0305064063453325,0.0319984843657586,61.3584463962425
Broome,2020-10-28T00:00:00.000,54,3620,1908,167477,167477,3620,2020-10-28,54,1908,0.0283018867924528,0.0315843332944993,65.9684872046429
Broome,2020-10-29T00:00:00.000,42,3662,2192,169669,169669,3662,2020-10-29,42,2192,0.0191605839416058,0.031200855858505,51.0623188062174
Broome,2020-10-30T00:00:00.000,48,3710,2050,171719,171719,3710,2020-10-30,48,2050,0.0234146341463415,0.0308494584582471,58.0602179023581
Broome,2020-10-31T00:00:00.000,28,3738,1267,172986,172986,3738,2020-10-31,28,1267,0.0220994475138122,0.0305309220454094,33.6873652051925
Broome,2020-11-01T00:00:00.000,21,3759,850,173836,173836,3759,2020-11-01,21,850,0.0247058823529412,0.0302454585879013,25.1242456376385
Broome,2020-11-02T00:00:00.000,30,3789,1500,175336,175336,3789,2020-11-02,30,1500,0.02,0.0299927661250579,35.6829341881787
Broome,2020-11-03T00:00:00.000,46,3835,1166,176502,176502,3835,2020-11-03,46,1166,0.039451114922813,0.0297720818658262,54.3840086732831
Broome,2020-11-04T00:00:00.000,49,3884,1707,178209,178209,3884,2020-11-04,49,1707,0.028705330990041,0.0295822332644285,57.5704533989525
Broome,2020-11-05T00:00:00.000,43,3927,2293,180502,180502,3927,2020-11-05,43,2293,0.0187527256868731,0.0294216873973432,50.1979294308278
Broome,2020-11-06T00:00:00.000,55,3982,2430,182932,182932,3982,2020-11-06,55,2430,0.0226337448559671,0.0292885992572225,63.7859118112466
Broome,2020-11-07T00:00:00.000,21,4003,1307,184239,184239,4003,2020-11-07,21,1307,0.0160673297628156,0.029180859797987,24.1915812277064
Broome,2020-11-08T00:00:00.000,29,4032,863,185102,185102,4032,2020-11-08,29,863,0.033603707995365,0.0290961446663431,33.1773342302045
Broome,2020-11-09T00:00:00.000,54,4086,1253,186355,186355,4086,2020-11-09,54,1253,0.043096568236233,0.0290319645963152,61.3651000429209
Broome,2020-11-10T00:00:00.000,81,4167,2119,188474,188474,4167,2020-11-10,81,2119,0.0382255781028787,0.0289857183737643,91.5965482026347
Broome,2020-11-11T00:00:00.000,48,4215,1841,190315,190315,4215,2020-11-11,48,1841,0.0260727865290603,0.0289547491601192,54.0660805993134
Broome,2020-11-12T00:00:00.000,88,4303,3055,193370,193370,4303,2020-11-12,88,3055,0.0288052373158756,0.028936404755382,99.06816254417
Broome,2020-11-13T00:00:00.000,59,4362,2125,195495,195495,4362,2020-11-13,59,2125,0.0277647058823529,0.0289281021366639,66.3886610277056
Broome,2020-11-14T00:00:00.000,32,4394,988,196483,196483,4394,2020-11-14,32,988,0.0323886639676113,0.0289273963330521,35.9912244291578
Broome,2020-11-15T00:00:00.000,37,4431,1030,197513,197513,4431,2020-11-15,37,1030,0.0359223300970874,0.0289320533964065,41.596789312499
Broome,2020-11-16T00:00:00.000,38,4469,1302,198815,198815,4469,2020-11-16,38,1302,0.0291858678955453,0.0289401269635585,42.7025086766904
Broome,2020-11-17T00:00:00.000,76,4545,2432,201247,201247,4545,2020-11-17,76,2432,0.03125,0.0289500376788604,85.3670508090579
Broome,2020-11-18T00:00:00.000,75,4620,2157,203404,203404,4620,2020-11-18,75,2157,0.0347705146036161,0.0289606546034868,84.204732103647
Cattaraugus,2020-03-01T00:00:00.000,0,0,0,0,0,0,2020-03-01,0,0,0,0.000195050184948924,0
Cattaraugus,2020-03-02T00:00:00.000,0,0,0,0,0,0,2020-03-02,0,0,0,0.000251647860816875,0
Cattaraugus,2020-03-03T00:00:00.000,0,0,0,0,0,0,2020-03-03,0,0,0,0.000324630956578162,0
Cattaraugus,2020-03-04T00:00:00.000,0,0,0,0,0,0,2020-03-04,0,0,0,0.000418662011247146,0
Cattaraugus,2020-03-05T00:00:00.000,0,0,0,0,0,0,2020-03-05,0,0,0,0.000539647324083608,0
Cattaraugus,2020-03-06T00:00:00.000,0,0,0,0,0,0,2020-03-06,0,0,0,0.000695019873202611,0
Cattaraugus,2020-03-07T00:00:00.000,0,0,0,0,0,0,2020-03-07,0,0,0,0.000894062901250672,0
Cattaraugus,2020-03-08T00:00:00.000,0,0,0,0,0,0,2020-03-08,0,0,0,0.00114826889312527,0
Cattaraugus,2020-03-09T00:00:00.000,0,0,0,0,0,0,2020-03-09,0,0,0,0.00147172221908707,0
Cattaraugus,2020-03-10T00:00:00.000,0,0,0,0,0,0,2020-03-10,0,0,0,0.00188148501607428,0
Cattaraugus,2020-03-11T00:00:00.000,0,0,0,0,0,0,2020-03-11,0,0,0,0.00239795487246695,0
Cattaraugus,2020-03-12T00:00:00.000,0,0,2,2,2,0,2020-03-12,0,2,0,0.00304514988836272,0
Cattaraugus,2020-03-13T00:00:00.000,0,0,2,4,4,0,2020-03-13,0,2,0,0.00385086259568505,0
Cattaraugus,2020-03-14T00:00:00.000,0,0,1,5,5,0,2020-03-14,0,1,0,0.0048466106920553,0
Cattaraugus,2020-03-15T00:00:00.000,0,0,2,7,7,0,2020-03-15,0,2,0,0.0060673021166372,0
Cattaraugus,2020-03-16T00:00:00.000,0,0,0,7,7,0,2020-03-16,0,0,0,0.00755052810494318,0
Cattaraugus,2020-03-17T00:00:00.000,0,0,0,7,7,0,2020-03-17,0,0,0,0.00933540456947506,0
Cattaraugus,2020-03-18T00:00:00.000,0,0,5,12,12,0,2020-03-18,0,5,0,0.0114609035552848,0
Cattaraugus,2020-03-19T00:00:00.000,0,0,2,14,14,0,2020-03-19,0,2,0,0.0139636557521858,0
Cattaraugus,2020-03-20T00:00:00.000,0,0,10,24,24,0,2020-03-20,0,10,0,0.0168752629466722,0
Cattaraugus,2020-03-21T00:00:00.000,0,0,23,47,47,0,2020-03-21,0,23,0,0.0202192330144956,0
Cattaraugus,2020-03-22T00:00:00.000,0,0,14,61,61,0,2020-03-22,0,14,0,0.0240077319636225,0
Cattaraugus,2020-03-23T00:00:00.000,0,0,12,73,73,0,2020-03-23,0,12,0,0.0282384251425166,0
Cattaraugus,2020-03-24T00:00:00.000,0,0,3,76,76,0,2020-03-24,0,3,0,0.032891737011209,0
Cattaraugus,2020-03-25T00:00:00.000,0,0,12,88,88,0,2020-03-25,0,12,0,0.0379288793587957,0
Cattaraugus,2020-03-26T00:00:00.000,0,0,13,101,101,0,2020-03-26,0,13,0,0.043290968927383,0
Cattaraugus,2020-03-27T00:00:00.000,1,1,25,126,126,1,2020-03-27,1,25,0.04,0.0488994727928401,1.06352274350062
Cattaraugus,2020-03-28T00:00:00.000,3,4,13,139,139,4,2020-03-28,3,13,0.230769230769231,0.0546580906043818,3.21219345728424
Cattaraugus,2020-03-29T00:00:00.000,2,6,7,146,146,6,2020-03-29,2,7,0.285714285714286,0.0604560253320367,2.15160718963157
Cattaraugus,2020-03-30T00:00:00.000,0,6,5,151,151,6,2020-03-30,0,5,0,0.0661724347733318,0
Cattaraugus,2020-03-31T00:00:00.000,1,7,12,163,163,7,2020-03-31,1,12,0.0833333333333333,0.0716817225973802,1.0854537644042
Cattaraugus,2020-04-01T00:00:00.000,1,8,28,191,191,8,2020-04-01,1,28,0.0357142857142857,0.0768592424678779,1.09540772082588
Cattaraugus,2020-04-02T00:00:00.000,1,9,24,215,215,9,2020-04-02,1,24,0.0416666666666667,0.0815869631756631,1.10390459251266
Cattaraugus,2020-04-03T00:00:00.000,0,9,8,223,223,9,2020-04-03,0,8,0,0.0857586751551508,0
Cattaraugus,2020-04-04T00:00:00.000,1,10,12,235,235,10,2020-04-04,1,12,0.0833333333333333,0.0892843966512984,1.11675024647847
Cattaraugus,2020-04-05T00:00:00.000,2,12,16,251,251,12,2020-04-05,2,16,0.125,0.0920937421200529,2.242216400792
Cattaraugus,2020-04-06T00:00:00.000,1,13,14,265,265,13,2020-04-06,1,14,0.0714285714285714,0.0941381263874664,1.12425394174566
Cattaraugus,2020-04-07T00:00:00.000,2,15,19,284,284,15,2020-04-07,2,19,0.105263157894737,0.0953917796421286,2.25260164898502
Cattaraugus,2020-04-08T00:00:00.000,2,17,15,299,299,17,2020-04-08,2,15,0.133333333333333,0.0958516307144296,2.25487841612078
Cattaraugus,2020-04-09T00:00:00.000,1,18,26,325,325,18,2020-04-09,1,26,0.0384615384615385,0.0955361760014858,1.13012572408257
Cattaraugus,2020-04-10T00:00:00.000,1,19,7,332,332,19,2020-04-10,1,7,0.142857142857143,0.0944834904468769,1.13151007073316
Cattaraugus,2020-04-11T00:00:00.000,9,28,32,364,364,28,2020-04-11,9,32,0.28125,0.0927485593782963,10.1856865122874
Cattaraugus,2020-04-12T00:00:00.000,0,28,6,370,370,28,2020-04-12,0,6,0,0.0904001204953266,0
Cattaraugus,2020-04-13T00:00:00.000,4,32,13,383,383,32,2020-04-13,4,13,0.307692307692308,0.087517207393462,4.51750989535605
Cattaraugus,2020-04-14T00:00:00.000,0,32,11,394,394,32,2020-04-14,0,11,0,0.0841855816764293,0
Cattaraugus,2020-04-15T00:00:00.000,0,32,14,408,408,32,2020-04-15,0,14,0,0.0804942302119193,0
Cattaraugus,2020-04-16T00:00:00.000,2,34,31,439,439,34,2020-04-16,2,31,0.0645161290322581,0.0765320870040647,2.25097916667387
Cattaraugus,2020-04-17T00:00:00.000,0,34,15,454,454,34,2020-04-17,0,15,0,0.0723851149927541,0
Cattaraugus,2020-04-18T00:00:00.000,0,34,17,471,471,34,2020-04-18,0,17,0,0.0681338522474457,0
Cattaraugus,2020-04-19T00:00:00.000,0,34,1,472,472,34,2020-04-19,0,1,0,0.0638514910332097,0
Cattaraugus,2020-04-20T00:00:00.000,1,35,8,480,480,35,2020-04-20,1,8,0.125,0.0596025197466092,1.12333476924176
Cattaraugus,2020-04-21T00:00:00.000,2,37,34,514,514,37,2020-04-21,2,34,0.0588235294117647,0.0554419201414646,2.24527397341668
Cattaraugus,2020-04-22T00:00:00.000,0,37,40,554,554,37,2020-04-22,0,40,0,0.0514148789649767,0
Cattaraugus,2020-04-23T00:00:00.000,2,39,32,586,586,39,2020-04-23,2,32,0.0625,0.0475569469317023,2.2411150610508
Cattaraugus,2020-04-24T00:00:00.000,6,45,102,688,688,45,2020-04-24,6,102,0.0588235294117647,0.043894560613836,6.71546295694552
Cattaraugus,2020-04-25T00:00:00.000,0,45,24,712,712,45,2020-04-25,0,24,0,0.0404458347626947,0
Cattaraugus,2020-04-26T00:00:00.000,0,45,21,733,733,45,2020-04-26,0,21,0,0.0372215330988877,0
Cattaraugus,2020-04-27T00:00:00.000,0,45,15,748,748,45,2020-04-27,0,15,0,0.0342261330652988,0
Cattaraugus,2020-04-28T00:00:00.000,2,47,76,824,824,47,2020-04-28,2,76,0.0263157894736842,0.031458912340835,2.22548030155808
Cattaraugus,2020-04-29T00:00:00.000,0,47,85,909,909,47,2020-04-29,0,85,0,0.0289149998358357,0
Cattaraugus,2020-04-30T00:00:00.000,2,49,78,987,987,49,2020-04-30,2,78,0.0256410256410256,0.0265863494742105,2.21773384701392
Cattaraugus,2020-05-01T00:00:00.000,1,50,80,1067,1067,50,2020-05-01,1,80,0.0125,0.0244626097659239,1.10694056491488
Cattaraugus,2020-05-02T00:00:00.000,3,53,54,1121,1121,53,2020-05-02,3,54,0.0555555555555556,0.0225318749462098,3.31514345857186
Cattaraugus,2020-05-03T00:00:00.000,0,53,7,1128,1128,53,2020-05-03,0,7,0,0.0207813137724846,0
Cattaraugus,2020-05-04T00:00:00.000,0,53,14,1142,1142,53,2020-05-04,0,14,0,0.0191976797786406,0
Cattaraugus,2020-05-05T00:00:00.000,1,54,47,1189,1189,54,2020-05-05,1,47,0.0212765957446809,0.0177677120458373,1.1099522878259
Cattaraugus,2020-05-06T00:00:00.000,5,59,65,1254,1254,59,2020-05-06,5,65,0.0769230769230769,0.0164784387012474,5.55388133188397
Cattaraugus,2020-05-07T00:00:00.000,0,59,36,1290,1290,59,2020-05-07,0,36,0,0.0153173968078629,0
Cattaraugus,2020-05-08T00:00:00.000,1,60,54,1344,1344,60,2020-05-08,1,54,0.0185185185185185,0.0142727825012865,1.10968811385751
Cattaraugus,2020-05-09T00:00:00.000,0,60,21,1365,1365,60,2020-05-09,0,21,0,0.0133335445491179,0
Cattaraugus,2020-05-10T00:00:00.000,1,61,103,1468,1468,61,2020-05-10,1,103,0.00970873786407767,0.0124894332878574,1.10622372708568
Cattaraugus,2020-05-11T00:00:00.000,0,61,29,1497,1497,61,2020-05-11,0,29,0,0.0117310153919829,0
Cattaraugus,2020-05-12T00:00:00.000,0,61,77,1574,1574,61,2020-05-12,0,77,0,0.0110496633406057,0
Cattaraugus,2020-05-13T00:00:00.000,3,64,134,1708,1708,64,2020-05-13,3,134,0.0223880597014925,0.0104375268979772,3.34206568273868
Cattaraugus,2020-05-14T00:00:00.000,0,64,173,1881,1881,64,2020-05-14,0,173,0,0.00988749249746715,0
Cattaraugus,2020-05-15T00:00:00.000,1,65,186,2067,2067,65,2020-05-15,1,186,0.00537634408602151,0.0093931351584831,1.12000638267001
Cattaraugus,2020-05-16T00:00:00.000,0,65,142,2209,2209,65,2020-05-16,0,142,0,0.0089486664857926,0
Cattaraugus,2020-05-17T00:00:00.000,2,67,207,2416,2416,67,2020-05-17,2,207,0.00966183574879227,0.00854888140362159,2.2646224234759
Cattaraugus,2020-05-18T00:00:00.000,2,69,24,2440,2440,69,2020-05-18,2,24,0.0833333333333333,0.00818910554462492,2.27700600719092
Cattaraugus,2020-05-19T00:00:00.000,1,70,152,2592,2592,70,2020-05-19,1,152,0.00657894736842105,0.00786514463382681,1.14830247367944
Cattaraugus,2020-05-20T00:00:00.000,1,71,186,2778,2778,71,2020-05-20,1,186,0.00537634408602151,0.00757323675167423,1.15775351003872
Cattaraugus,2020-05-21T00:00:00.000,3,74,125,2903,2903,74,2020-05-21,3,125,0.024,0.00731000801401903,3.50033069636689
Cattaraugus,2020-05-22T00:00:00.000,4,78,176,3079,3079,78,2020-05-22,4,176,0.0227272727272727,0.00707243194558817,4.69893810289919
Cattaraugus,2020-05-23T00:00:00.000,0,78,172,3251,3251,78,2020-05-23,0,172,0,0.00685779263172348,0
Cattaraugus,2020-05-24T00:00:00.000,3,81,311,3562,3562,81,2020-05-24,3,311,0.00964630225080386,0.00666365159667611,3.54034198059922
Cattaraugus,2020-05-25T00:00:00.000,0,81,136,3698,3698,81,2020-05-25,0,136,0,0.00648781826014832,0
Cattaraugus,2020-05-26T00:00:00.000,1,82,162,3860,3860,82,2020-05-26,1,162,0.00617283950617284,0.00632832376118492,1.18139970048517
Cattaraugus,2020-05-27T00:00:00.000,3,85,286,4146,4146,85,2020-05-27,3,286,0.0104895104895105,0.00618339789722535,3.54159819437903
Cattaraugus,2020-05-28T00:00:00.000,1,86,147,4293,4293,86,2020-05-28,1,147,0.00680272108843537,0.0060514489041115,1.17874881044575
Cattaraugus,2020-05-29T00:00:00.000,1,87,189,4482,4482,87,2020-05-29,1,189,0.00529100529100529,0.00593104579264212,1.17607240385832
Cattaraugus,2020-05-30T00:00:00.000,1,88,183,4665,4665,88,2020-05-30,1,183,0.00546448087431694,0.0058209029566609,1.17253822707794
Cattaraugus,2020-05-31T00:00:00.000,1,89,215,4880,4880,89,2020-05-31,1,215,0.00465116279069767,0.0057198667736289,1.16857098804378
Cattaraugus,2020-06-01T00:00:00.000,0,89,333,5213,5213,89,2020-06-01,0,333,0,0.0056269039302625,0
Cattaraugus,2020-06-02T00:00:00.000,1,90,375,5588,5588,90,2020-06-02,1,375,0.00266666666666667,0.00554109122017688,1.16574196312923
Cattaraugus,2020-06-03T00:00:00.000,1,91,290,5878,5878,91,2020-06-03,1,290,0.00344827586206897,0.00546160657844288,1.16337604055298
Cattaraugus,2020-06-04T00:00:00.000,1,92,304,6182,6182,92,2020-06-04,1,304,0.00328947368421053,0.0053877211382292,1.16039481183663
Cattaraugus,2020-06-05T00:00:00.000,0,92,416,6598,6598,92,2020-06-05,0,416,0,0.0053187921157124,0
Cattaraugus,2020-06-06T00:00:00.000,2,94,193,6791,6791,94,2020-06-06,2,193,0.0103626943005181,0.0052542563525029,2.31271858700616
Cattaraugus,2020-06-07T00:00:00.000,1,95,245,7036,7036,95,2020-06-07,1,245,0.00408163265306122,0.00519362436833575,1.15420182642285
Cattaraugus,2020-06-08T00:00:00.000,0,95,183,7219,7219,95,2020-06-08,0,183,0,0.00513647480027079,0
Cattaraugus,2020-06-09T00:00:00.000,1,96,205,7424,7424,96,2020-06-09,1,205,0.0048780487804878,0.00508244912776412,1.1485267878505
Cattaraugus,2020-06-10T00:00:00.000,2,98,258,7682,7682,98,2020-06-10,2,258,0.00775193798449612,0.00503124660575965,2.30176410767135
Cattaraugus,2020-06-11T00:00:00.000,3,101,282,7964,7964,101,2020-06-11,3,282,0.0106382978723404,0.00498261934886292,3.45860523075433
Cattaraugus,2020-06-12T00:00:00.000,0,101,341,8305,8305,101,2020-06-12,0,341,0,0.00493636752884249,0
Cattaraugus,2020-06-13T00:00:00.000,3,104,272,8577,8577,104,2020-06-13,3,272,0.0110294117647059,0.00489233466488857,3.46722531970495
Cattaraugus,2020-06-14T00:00:00.000,2,106,155,8732,8732,106,2020-06-14,2,155,0.0129032258064516,0.00485040300043992,2.31327464784193
Cattaraugus,2020-06-15T00:00:00.000,1,107,393,9125,9125,107,2020-06-15,1,393,0.00254452926208651,0.00481048897225747,1.15718065943632
Cattaraugus,2020-06-16T00:00:00.000,2,109,202,9327,9327,109,2020-06-16,2,202,0.0099009900990099,0.00477253878624111,2.31476002369118
Cattaraugus,2020-06-17T00:00:00.000,0,109,219,9546,9546,109,2020-06-17,0,219,0,0.00473652412070311,0
Cattaraugus,2020-06-18T00:00:00.000,0,109,335,9881,9881,109,2020-06-18,0,335,0,0.00470243798148978,0
Cattaraugus,2020-06-19T00:00:00.000,4,113,325,10206,10206,113,2020-06-19,4,325,0.0123076923076923,0.00467029073436405,4.6236791686236
Cattaraugus,2020-06-20T00:00:00.000,2,115,377,10583,10583,115,2020-06-20,2,377,0.00530503978779841,0.00464010633952173,2.30962436033654
Cattaraugus,2020-06-21T00:00:00.000,0,115,252,10835,10835,115,2020-06-21,0,252,0,0.00461191881063762,0
Cattaraugus,2020-06-22T00:00:00.000,3,118,220,11055,11055,118,2020-06-22,3,220,0.0136363636363636,0.00458576891736731,3.45529908427577
Cattaraugus,2020-06-23T00:00:00.000,2,120,210,11265,11265,120,2020-06-23,2,210,0.00952380952380952,0.00456170114591731,2.29970547656342
Cattaraugus,2020-06-24T00:00:00.000,1,121,316,11581,11581,121,2020-06-24,1,316,0.00316455696202532,0.00453976092801,1.14769512604704
Cattaraugus,2020-06-25T00:00:00.000,2,123,149,11730,11730,123,2020-06-25,2,149,0.0134228187919463,0.00451999214336442,2.2906116218694
Cattaraugus,2020-06-26T00:00:00.000,0,123,389,12119,12119,123,2020-06-26,0,389,0,0.00450243489747583,0
Cattaraugus,2020-06-27T00:00:00.000,0,123,107,12226,12226,123,2020-06-27,0,107,0,0.00448712357200428,0
Cattaraugus,2020-06-28T00:00:00.000,0,123,191,12417,12417,123,2020-06-28,0,191,0,0.00447408514259081,0
Cattaraugus,2020-06-29T00:00:00.000,0,123,120,12537,12537,123,2020-06-29,0,120,0,0.00446333775674448,0
Cattaraugus,2020-06-30T00:00:00.000,0,123,163,12700,12700,123,2020-06-30,0,163,0,0.00445488956293234,0
Cattaraugus,2020-07-01T00:00:00.000,1,124,173,12873,12873,124,2020-07-01,1,173,0.00578034682080925,0.00444873778175617,1.12676450080734
Cattaraugus,2020-07-02T00:00:00.000,0,124,313,13186,13186,124,2020-07-02,0,313,0,0.0044448680102473,0
Cattaraugus,2020-07-03T00:00:00.000,3,127,460,13646,13646,127,2020-07-03,3,460,0.00652173913043478,0.00444325375083322,3.35320520698349
Cattaraugus,2020-07-04T00:00:00.000,0,127,202,13848,13848,127,2020-07-04,0,202,0,0.00444385615819274,0
Cattaraugus,2020-07-05T00:00:00.000,1,128,249,14097,14097,128,2020-07-05,1,249,0.00401606425702811,0.00444662399812705,1.11119204821128
Cattaraugus,2020-07-06T00:00:00.000,0,128,129,14226,14226,128,2020-07-06,0,129,0,0.00445149381432338,0
Cattaraugus,2020-07-07T00:00:00.000,2,130,119,14345,14345,130,2020-07-07,2,119,0.0168067226890756,0.0044583903001,2.20996763206991
Cattaraugus,2020-07-08T00:00:00.000,1,131,210,14555,14555,131,2020-07-08,1,210,0.00476190476190476,0.00446722687299524,1.10246485832303
Cattaraugus,2020-07-09T00:00:00.000,3,134,421,14976,14976,134,2020-07-09,3,421,0.00712589073634204,0.00447790645081233,3.2994563356167
Cattaraugus,2020-07-10T00:00:00.000,4,138,345,15321,15321,138,2020-07-10,4,345,0.0115942028985507,0.00449032242721283,4.38826586535213
Cattaraugus,2020-07-11T00:00:00.000,0,138,122,15443,15443,138,2020-07-11,0,122,0,0.00450435984421501,0
Cattaraugus,2020-07-12T00:00:00.000,0,138,105,15548,15548,138,2020-07-12,0,105,0,0.00451989675737667,0
Cattaraugus,2020-07-13T00:00:00.000,1,139,288,15836,15836,139,2020-07-13,1,288,0.00347222222222222,0.00453680578656303,1.08832052510603
Cattaraugus,2020-07-14T00:00:00.000,2,141,178,16014,16014,141,2020-07-14,2,178,0.0112359550561798,0.00455495584263543,2.17058346283479
Cattaraugus,2020-07-15T00:00:00.000,1,142,294,16308,16308,142,2020-07-15,1,294,0.00340136054421769,0.00457421401588345,1.08223074399545
Cattaraugus,2020-07-16T00:00:00.000,3,145,381,16689,16689,145,2020-07-16,3,381,0.0078740157480315,0.00459444760831811,3.23745614482843
Cattaraugus,2020-07-17T00:00:00.000,0,145,207,16896,16896,145,2020-07-17,0,207,0,0.00461552628694674,0
Cattaraugus,2020-07-18T00:00:00.000,0,145,103,16999,16999,145,2020-07-18,0,103,0,0.00463732433071973,0
Cattaraugus,2020-07-19T00:00:00.000,0,145,56,17055,17055,145,2020-07-19,0,56,0,0.00465972293929074,0
Cattaraugus,2020-07-20T00:00:00.000,2,147,359,17414,17414,147,2020-07-20,2,359,0.00557103064066852,0.00468261256795555,2.16059963720163
Cattaraugus,2020-07-21T00:00:00.000,0,147,253,17667,17667,147,2020-07-21,0,253,0,0.00470589524947713,0
Cattaraugus,2020-07-22T00:00:00.000,1,148,146,17813,17813,148,2020-07-22,1,146,0.00684931506849315,0.00472948686203906,1.07950198260681
Cattaraugus,2020-07-23T00:00:00.000,2,150,180,17993,17993,150,2020-07-23,2,180,0.0111111111111111,0.00475331930066464,2.15683812320922
Cattaraugus,2020-07-24T00:00:00.000,0,150,340,18333,18333,150,2020-07-24,0,340,0,0.00477734251057459,0
Cattaraugus,2020-07-25T00:00:00.000,1,151,104,18437,18437,151,2020-07-25,1,104,0.00961538461538462,0.00480152634231138,1.08408164492203
Cattaraugus,2020-07-26T00:00:00.000,2,153,229,18666,18666,153,2020-07-26,2,229,0.00873362445414847,0.00482586219183201,2.17162702458711
Cattaraugus,2020-07-27T00:00:00.000,0,153,182,18848,18848,153,2020-07-27,0,182,0,0.0048503643935821,0
Cattaraugus,2020-07-28T00:00:00.000,4,157,176,19024,19024,157,2020-07-28,4,176,0.0227272727272727,0.00487507134038528,4.34878943031366
Cattaraugus,2020-07-29T00:00:00.000,0,157,239,19263,19263,157,2020-07-29,0,239,0,0.004900046310715,0
Cattaraugus,2020-07-30T00:00:00.000,1,158,254,19517,19517,158,2020-07-30,1,254,0.00393700787401575,0.00492537799212704,1.08566383318062
Cattaraugus,2020-07-31T00:00:00.000,0,158,217,19734,19734,158,2020-07-31,0,217,0,0.00495118069681397,0
Cattaraugus,2020-08-01T00:00:00.000,1,159,229,19963,19963,159,2020-08-01,1,229,0.00436681222707424,0.00497759427405139,1.08519129251658
Cattaraugus,2020-08-02T00:00:00.000,3,162,146,20109,20109,162,2020-08-02,3,146,0.0205479452054795,0.00500478373143223,3.25390485700032
Cattaraugus,2020-08-03T00:00:00.000,2,164,190,20299,20299,164,2020-08-03,2,190,0.0105263157894737,0.00503293858368717,2.16730870086971
Cattaraugus,2020-08-04T00:00:00.000,0,164,379,20678,20678,164,2020-08-04,0,379,0,0.00506227195391074,0
Cattaraugus,2020-08-05T00:00:00.000,0,164,325,21003,21003,164,2020-08-05,0,325,0,0.00509301945640106,0
Cattaraugus,2020-08-06T00:00:00.000,0,164,277,21280,21280,164,2020-08-06,0,277,0,0.00512543789287665,0
Cattaraugus,2020-08-07T00:00:00.000,1,165,217,21497,21497,165,2020-08-07,1,217,0.00460829493087558,0.00515980379571328,1.08440158547522
Cattaraugus,2020-08-08T00:00:00.000,0,165,165,21662,21662,165,2020-08-08,0,165,0,0.00519641185103209,0
Cattaraugus,2020-08-09T00:00:00.000,1,166,174,21836,21836,166,2020-08-09,1,174,0.00574712643678161,0.0052355732322702,1.08937979823493
Cattaraugus,2020-08-10T00:00:00.000,2,168,282,22118,22118,168,2020-08-10,2,282,0.00709219858156028,0.00527761387187245,2.18309491649337
Cattaraugus,2020-08-11T00:00:00.000,0,168,192,22310,22310,168,2020-08-11,0,192,0,0.00532287269318939,0
Cattaraugus,2020-08-12T00:00:00.000,1,169,238,22548,22548,169,2020-08-12,1,238,0.00420168067226891,0.0053716998189988,1.09457996252334
Cattaraugus,2020-08-13T00:00:00.000,0,169,281,22829,22829,169,2020-08-13,0,281,0,0.00542445476634836,0
Cattaraugus,2020-08-14T00:00:00.000,1,170,283,23112,23112,170,2020-08-14,1,283,0.00353356890459364,0.00548150462989011,1.09797981361391
Cattaraugus,2020-08-15T00:00:00.000,1,171,397,23509,23509,171,2020-08-15,1,397,0.00251889168765743,0.00554322224820349,1.1024318063568
Cattaraugus,2020-08-16T00:00:00.000,0,171,113,23622,23622,171,2020-08-16,0,113,0,0.0056099843408555,0
Cattaraugus,2020-08-17T00:00:00.000,1,172,276,23898,23898,172,2020-08-17,1,276,0.0036231884057971,0.00568216959596689,1.10947010002823
Cattaraugus,2020-08-18T00:00:00.000,1,173,356,24254,24254,173,2020-08-18,1,356,0.00280898876404494,0.0057601566824932,1.11177893983453
Cattaraugus,2020-08-19T00:00:00.000,1,174,354,24608,24608,174,2020-08-19,1,354,0.00282485875706215,0.00584432215599411,1.11411107414446
Cattaraugus,2020-08-20T00:00:00.000,0,174,375,24983,24983,174,2020-08-20,0,375,0,0.00593503822208866,0
Cattaraugus,2020-08-21T00:00:00.000,4,178,145,25128,25128,178,2020-08-21,4,145,0.0275862068965517,0.00603267031971961,4.47436068606205
Cattaraugus,2020-08-22T00:00:00.000,2,180,299,25427,25427,180,2020-08-22,2,299,0.00668896321070234,0.00613757448563302,2.24150536271276
Cattaraugus,2020-08-23T00:00:00.000,2,182,150,25577,25577,182,2020-08-23,2,150,0.0133333333333333,0.00625009446161943,2.24946046325852
Cattaraugus,2020-08-24T00:00:00.000,2,184,264,25841,25841,184,2020-08-24,2,264,0.00757575757575758,0.00637055851072871,2.25647536129081
Cattaraugus,2020-08-25T00:00:00.000,1,185,176,26017,26017,185,2020-08-25,1,176,0.00568181818181818,0.00649927591301464,1.13098121276928
Cattaraugus,2020-08-26T00:00:00.000,3,188,314,26331,26331,188,2020-08-26,3,314,0.00955414012738853,0.00663653312042753,3.39888909059769
Cattaraugus,2020-08-27T00:00:00.000,9,197,291,26622,26622,197,2020-08-27,9,291,0.0309278350515464,0.00678258956066508,10.2085338637209
Cattaraugus,2020-08-28T00:00:00.000,0,197,231,26853,26853,197,2020-08-28,0,231,0,0.00693767309391268,0
Cattaraugus,2020-08-29T00:00:00.000,4,201,334,27187,27187,201,2020-08-29,4,334,0.0119760479041916,0.00710197514178903,4.57502629809047
Cattaraugus,2020-08-30T00:00:00.000,4,205,283,27470,27470,205,2020-08-30,4,283,0.0141342756183746,0.00727564552764182,4.59783151729688
Cattaraugus,2020-08-31T00:00:00.000,1,206,320,27790,27790,206,2020-08-31,1,320,0.003125,0.00745878708750741,1.15518429626817
Cattaraugus,2020-09-01T00:00:00.000,10,216,242,28032,28032,216,2020-09-01,10,242,0.0413223140495868,0.00765145013471391,11.609132915633
Cattaraugus,2020-09-02T00:00:00.000,6,222,276,28308,28308,222,2020-09-02,6,276,0.0217391304347826,0.00785362688501382,6.99972042147454
Cattaraugus,2020-09-03T00:00:00.000,1,223,320,28628,28628,223,2020-09-03,1,320,0.003125,0.00806524597447482,1.17227753451783
Cattaraugus,2020-09-04T00:00:00.000,4,227,459,29087,29087,227,2020-09-04,4,459,0.00871459694989107,0.00828616722604594,4.71142509090602
Cattaraugus,2020-09-05T00:00:00.000,2,229,214,29301,29301,229,2020-09-05,2,214,0.00934579439252336,0.00851617684389989,2.36664917089039
Cattaraugus,2020-09-06T00:00:00.000,1,230,133,29434,29434,230,2020-09-06,1,133,0.0075187969924812,0.00875498323373864,1.18864855581848
Cattaraugus,2020-09-07T00:00:00.000,3,233,372,29806,29806,233,2020-09-07,3,372,0.00806451612903226,0.00900221366241675,3.58125101601363
Cattaraugus,2020-09-08T00:00:00.000,1,234,162,29968,29968,234,2020-09-08,1,162,0.00617283950617284,0.0092574119782913,1.19844514063085
Cattaraugus,2020-09-09T00:00:00.000,2,236,200,30168,30168,236,2020-09-09,2,200,0.01,0.00952003761544666,2.40570913300115
Cattaraugus,2020-09-10T00:00:00.000,3,239,248,30416,30416,239,2020-09-10,3,248,0.0120967741935484,0.00978946609545064,3.62081362249031
Cattaraugus,2020-09-11T00:00:00.000,0,239,486,30902,30902,239,2020-09-11,0,486,0,0.0100649912225978,0
Cattaraugus,2020-09-12T00:00:00.000,2,241,258,31160,31160,241,2020-09-12,2,258,0.00775193798449612,0.0103458291381985,2.43656769709112
Cattaraugus,2020-09-13T00:00:00.000,1,242,230,31390,31390,242,2020-09-13,1,230,0.00434782608695652,0.0106311243591497,1.22387079583266
Cattaraugus,2020-09-14T00:00:00.000,0,242,244,31634,31634,242,2020-09-14,0,244,0,0.0109199578734983,0
Cattaraugus,2020-09-15T00:00:00.000,3,245,137,31771,31771,245,2020-09-15,3,137,0.0218978102189781,0.0112113573053108,3.70106901779157
Cattaraugus,2020-09-16T00:00:00.000,3,248,255,32026,32026,248,2020-09-16,3,255,0.0117647058823529,0.0115043090913994,3.71349084632354
Cattaraugus,2020-09-17T00:00:00.000,1,249,247,32273,32273,249,2020-09-17,1,247,0.00404858299595142,0.0117977725387982,1.24139813635174
Cattaraugus,2020-09-18T00:00:00.000,4,253,290,32563,32563,253,2020-09-18,4,290,0.0137931034482759,0.0120906955562089,4.9773981391282
Cattaraugus,2020-09-19T00:00:00.000,1,254,335,32898,32898,254,2020-09-19,1,335,0.00298507462686567,0.0123820317779772,1.24544976815168
Cattaraugus,2020-09-20T00:00:00.000,1,255,160,33058,33058,255,2020-09-20,1,160,0.00625,0.0126707587330135,1.24533927600053
Cattaraugus,2020-09-21T00:00:00.000,0,255,226,33284,33284,255,2020-09-21,0,226,0,0.0129558966507989,0
Cattaraugus,2020-09-22T00:00:00.000,3,258,196,33480,33480,258,2020-09-22,3,196,0.0153061224489796,0.013236527455233,3.72881305609564
Cattaraugus,2020-09-23T00:00:00.000,0,258,298,33778,33778,258,2020-09-23,0,298,0,0.0135118134677415,0
Cattaraugus,2020-09-24T00:00:00.000,0,258,404,34182,34182,258,2020-09-24,0,404,0,0.0137810153339445,0
Cattaraugus,2020-09-25T00:00:00.000,1,259,392,34574,34574,259,2020-09-25,1,392,0.00255102040816327,0.0140435087010592,1.23801864664299
Cattaraugus,2020-09-26T00:00:00.000,1,260,300,34874,34874,260,2020-09-26,1,300,0.00333333333333333,0.0142987992050428,1.24122606958222
Cattaraugus,2020-09-27T00:00:00.000,0,260,120,34994,34994,260,2020-09-27,0,120,0,0.0145465353795506,0
Cattaraugus,2020-09-28T00:00:00.000,11,271,295,35289,35289,271,2020-09-28,11,295,0.0372881355932203,0.0147865191680737,13.7000960538893
Cattaraugus,2020-09-29T00:00:00.000,5,276,141,35430,35430,276,2020-09-29,5,141,0.0354609929078014,0.015018713802282,6.23250326966995
Cattaraugus,2020-09-30T00:00:00.000,3,279,298,35728,35728,279,2020-09-30,3,298,0.0100671140939597,0.0152432489028404,3.74049524349728
Cattaraugus,2020-10-01T00:00:00.000,11,290,233,35961,35961,290,2020-10-01,11,233,0.0472103004291846,0.01546042275412,13.7112142631857
Cattaraugus,2020-10-02T00:00:00.000,12,302,657,36618,36618,302,2020-10-02,12,657,0.0182648401826484,0.0156707018001017,14.9453961393318
Cattaraugus,2020-10-03T00:00:00.000,1,303,419,37037,37037,303,2020-10-03,1,419,0.00238663484486874,0.0158747174997368,1.24378515486267
Cattaraugus,2020-10-04T00:00:00.000,4,307,188,37225,37225,307,2020-10-04,4,188,0.0212765957446809,0.0160732607596622,4.96604253215234
Cattaraugus,2020-10-05T00:00:00.000,4,311,321,37546,37546,311,2020-10-05,4,321,0.0124610591900312,0.0162672742293892,4.95463799291451
Cattaraugus,2020-10-06T00:00:00.000,5,316,238,37784,37784,316,2020-10-06,5,238,0.0210084033613445,0.016457842795411,6.17633903413168
Cattaraugus,2020-10-07T00:00:00.000,11,327,413,38197,38197,327,2020-10-07,11,413,0.026634382566586,0.0166461826435207,13.5451113041715
Cattaraugus,2020-10-08T00:00:00.000,16,343,330,38527,38527,343,2020-10-08,16,330,0.0484848484848485,0.0168336292736646,19.6322745452439
Cattaraugus,2020-10-09T00:00:00.000,12,355,396,38923,38923,355,2020-10-09,12,396,0.0303030303030303,0.0170216248490026,14.6654638655335
Cattaraugus,2020-10-10T00:00:00.000,3,358,265,39188,39188,358,2020-10-10,3,265,0.0113207547169811,0.0172117052413588,3.65051256984414
Cattaraugus,2020-10-11T00:00:00.000,4,362,331,39519,39519,362,2020-10-11,4,331,0.0120845921450151,0.01740548710276,4.84492674954245
Cattaraugus,2020-10-12T00:00:00.000,2,364,263,39782,39782,364,2020-10-12,2,263,0.00760456273764259,0.0176046552466743,2.41069104638235
Cattaraugus,2020-10-13T00:00:00.000,3,367,300,40082,40082,367,2020-10-13,3,300,0.01,0.0178109505711045,3.59765812795954
Cattaraugus,2020-10-14T00:00:00.000,16,383,427,40509,40509,383,2020-10-14,16,427,0.0374707259953162,0.0180261586955439,19.1025618209074
Cattaraugus,2020-10-15T00:00:00.000,10,393,456,40965,40965,393,2020-10-15,10,456,0.0219298245614035,0.0182520994246606,11.8929325943554
Cattaraugus,2020-10-16T00:00:00.000,6,399,445,41410,41410,399,2020-10-16,6,445,0.0134831460674157,0.0184906170899363,7.1206653360795
Cattaraugus,2020-10-17T00:00:00.000,4,403,284,41694,41694,403,2020-10-17,4,284,0.0140845070422535,0.0187435717648099,4.73908914119427
Cattaraugus,2020-10-18T00:00:00.000,3,406,390,42084,42084,406,2020-10-18,3,390,0.00769230769230769,0.0190128312966735,3.54889963104857
Cattaraugus,2020-10-19T00:00:00.000,11,417,333,42417,42417,417,2020-10-19,11,333,0.033033033033033,0.0193002640532606,13.0044792324544
Cattaraugus,2020-10-20T00:00:00.000,17,434,410,42827,42827,434,2020-10-20,17,410,0.0414634146341463,0.0196077322463869,20.1083713905468
Cattaraugus,2020-10-21T00:00:00.000,8,442,473,43300,43300,442,2020-10-21,8,473,0.0169133192389006,0.0199370856663739,9.46761564967694
Cattaraugus,2020-10-22T00:00:00.000,5,447,709,44009,44009,447,2020-10-22,5,709,0.00705218617771509,0.0202901556444516,5.92258861582105
Cattaraugus,2020-10-23T00:00:00.000,8,455,417,44426,44426,455,2020-10-23,8,417,0.0191846522781775,0.0206687490526841,9.48185977151492
Cattaraugus,2020-10-24T00:00:00.000,6,461,491,44917,44917,461,2020-10-24,6,491,0.0122199592668024,0.0210746421536603,7.11356172816986
Cattaraugus,2020-10-25T00:00:00.000,1,462,328,45245,45245,462,2020-10-25,1,328,0.00304878048780488,0.0215095741279777,1.18560080494023
Cattaraugus,2020-10-26T00:00:00.000,8,470,229,45474,45474,470,2020-10-26,8,229,0.0349344978165939,0.0219752401289484,9.48204677412063
Cattaraugus,2020-10-27T00:00:00.000,32,502,340,45814,45814,502,2020-10-27,32,340,0.0941176470588235,0.0224732837544296,37.9060072555481
Cattaraugus,2020-10-28T00:00:00.000,15,517,491,46305,46305,517,2020-10-28,15,491,0.0305498981670061,0.0230052888658704,17.7529128801195
Cattaraugus,2020-10-29T00:00:00.000,10,527,470,46775,46775,527,2020-10-29,10,470,0.0212765957446809,0.0235727707470209,11.8215835214955
Cattaraugus,2020-10-30T00:00:00.000,9,536,385,47160,47160,536,2020-10-30,9,385,0.0233766233766234,0.024177166655734,10.6241873222699
Cattaraugus,2020-10-31T00:00:00.000,13,549,464,47624,47624,549,2020-10-31,13,464,0.0280172413793103,0.0248198259030474,15.3199817092158
Cattaraugus,2020-11-01T00:00:00.000,1,550,181,47805,47805,550,2020-11-01,1,181,0.00552486187845304,0.0255019996718515,1.17615657921435
Cattaraugus,2020-11-02T00:00:00.000,12,562,445,48250,48250,562,2020-11-02,12,445,0.0269662921348315,0.0262248308825988,14.082837492545
Cattaraugus,2020-11-03T00:00:00.000,6,568,422,48672,48672,568,2020-11-03,6,422,0.014218009478673,0.026989344503914,7.02429833266666
Cattaraugus,2020-11-04T00:00:00.000,14,582,595,49267,49267,582,2020-11-04,14,595,0.0235294117647059,0.0277964388039204,16.3465996233603
Cattaraugus,2020-11-05T00:00:00.000,9,591,509,49776,49776,591,2020-11-05,9,509,0.0176817288801572,0.0286468781325414,10.4785413112316
Cattaraugus,2020-11-06T00:00:00.000,8,599,389,50165,50165,599,2020-11-06,8,389,0.0205655526992288,0.0295412879118356,9.28592449279529
Cattaraugus,2020-11-07T00:00:00.000,6,605,429,50594,50594,605,2020-11-07,6,429,0.013986013986014,0.0304801525948975,6.9420560670937
Cattaraugus,2020-11-08T00:00:00.000,6,611,277,50871,50871,611,2020-11-08,6,277,0.0216606498194946,0.0314638174149325,6.91818763830518
Cattaraugus,2020-11-09T00:00:00.000,7,618,399,51270,51270,618,2020-11-09,7,399,0.0175438596491228,0.0324924947989658,8.04482108669447
Cattaraugus,2020-11-10T00:00:00.000,9,627,572,51842,51842,627,2020-11-10,9,572,0.0157342657342657,0.0335662763421775,10.3278163811125
Cattaraugus,2020-11-11T00:00:00.000,15,642,518,52360,52360,642,2020-11-11,15,518,0.028957528957529,0.0346851512474227,17.2035188538355
Cattaraugus,2020-11-12T00:00:00.000,19,661,467,52827,52827,661,2020-11-12,19,467,0.0406852248394004,0.0358490321071126,21.8528620018953
Cattaraugus,2020-11-13T00:00:00.000,14,675,391,53218,53218,675,2020-11-13,14,391,0.0358056265984655,0.0370577888598633,16.1482658144144
Cattaraugus,2020-11-14T00:00:00.000,3,678,240,53458,53458,678,2020-11-14,3,240,0.0125,0.0383112916889682,3.47032095748609
Cattaraugus,2020-11-15T00:00:00.000,5,683,307,53765,53765,683,2020-11-15,5,307,0.0162866449511401,0.039609463541405,5.80056183773854
Cattaraugus,2020-11-16T00:00:00.000,12,695,313,54078,54078,695,2020-11-16,12,313,0.0383386581469649,0.0409523428596619,13.9613968202213
Cattaraugus,2020-11-17T00:00:00.000,44,739,440,54518,54518,739,2020-11-17,44,440,0.1,0.0423401570316737,51.3380886230597
Cattaraugus,2020-11-18T00:00:00.000,41,780,695,55213,55213,780,2020-11-18,41,695,0.0589928057553957,0.0437734069973405,47.9732663723432
Cayuga,2020-03-01T00:00:00.000,0,0,0,0,0,0,2020-03-01,0,0,0,0.000251973027438733,0
Cayuga,2020-03-02T00:00:00.000,0,0,0,0,0,0,2020-03-02,0,0,0,0.000311607018860121,0
Cayuga,2020-03-03T00:00:00.000,0,0,0,0,0,0,2020-03-03,0,0,0,0.000385325607135743,0
Cayuga,2020-03-04T00:00:00.000,0,0,0,0,0,0,2020-03-04,0,0,0,0.000476399157074715,0
Cayuga,2020-03-05T00:00:00.000,0,0,0,0,0,0,2020-03-05,0,0,0,0.000588805989677537,0
Cayuga,2020-03-06T00:00:00.000,0,0,0,0,0,0,2020-03-06,0,0,0,0.00072736044829965,0
Cayuga,2020-03-07T00:00:00.000,0,0,0,0,0,0,2020-03-07,0,0,0,0.000897853964223375,0
Cayuga,2020-03-08T00:00:00.000,0,0,0,0,0,0,2020-03-08,0,0,0,0.00110720635102063,0
Cayuga,2020-03-09T00:00:00.000,0,0,0,0,0,0,2020-03-09,0,0,0,0.0013636225497493,0
Cayuga,2020-03-10T00:00:00.000,0,0,0,0,0,0,2020-03-10,0,0,0,0.00167674751264555,0
Cayuga,2020-03-11T00:00:00.000,0,0,0,0,0,0,2020-03-11,0,0,0,0.00205780886265068,0
Cayuga,2020-03-12T00:00:00.000,0,0,0,0,0,0,2020-03-12,0,0,0,0.0025197334837984,0
Cayuga,2020-03-13T00:00:00.000,0,0,0,0,0,0,2020-03-13,0,0,0,0.00307722046957288,0
Cayuga,2020-03-14T00:00:00.000,0,0,3,3,3,0,2020-03-14,0,3,0,0.00374674919933424,0
Cayuga,2020-03-15T00:00:00.000,0,0,1,4,4,0,2020-03-15,0,1,0,0.0045464981940584,0
Cayuga,2020-03-16T00:00:00.000,0,0,2,6,6,0,2020-03-16,0,2,0,0.00549614844590232,0
Cayuga,2020-03-17T00:00:00.000,0,0,2,8,8,0,2020-03-17,0,2,0,0.00661654487727874,0
Cayuga,2020-03-18T00:00:00.000,0,0,2,10,10,0,2020-03-18,0,2,0,0.00792919229421184,0
Cayuga,2020-03-19T00:00:00.000,0,0,3,13,13,0,2020-03-19,0,3,0,0.00945556844554517,0
Cayuga,2020-03-20T00:00:00.000,0,0,8,21,21,0,2020-03-20,0,8,0,0.0112162471804762,0
Cayuga,2020-03-21T00:00:00.000,0,0,25,46,46,0,2020-03-21,0,25,0,0.0132298394089608,0
Cayuga,2020-03-22T00:00:00.000,2,2,33,79,79,2,2020-03-22,2,33,0.0606060606060606,0.0155117782075057,1.95080790783062
Cayuga,2020-03-23T00:00:00.000,0,2,10,89,89,2,2020-03-23,0,10,0,0.0180729957872483,0
Cayuga,2020-03-24T00:00:00.000,0,2,5,94,94,2,2020-03-24,0,5,0,0.0209185621082314,0
Cayuga,2020-03-25T00:00:00.000,0,2,13,107,107,2,2020-03-25,0,13,0,0.0240463748657281,0
Cayuga,2020-03-26T00:00:00.000,0,2,25,132,132,2,2020-03-26,0,25,0,0.0274460050979025,0
Cayuga,2020-03-27T00:00:00.000,0,2,26,158,158,2,2020-03-27,0,26,0,0.0310978085036182,0
Cayuga,2020-03-28T00:00:00.000,0,2,32,190,190,2,2020-03-28,0,32,0,0.0349724071275269,0
Cayuga,2020-03-29T00:00:00.000,1,3,37,227,227,3,2020-03-29,1,37,0.027027027027027,0.0390306281262173,1.02974474913307
Cayuga,2020-03-30T00:00:00.000,0,3,10,237,237,3,2020-03-30,0,10,0,0.0432239564939899,0
Cayuga,2020-03-31T00:00:00.000,0,3,9,246,246,3,2020-03-31,0,9,0,0.0474955195418143,0
Cayuga,2020-04-01T00:00:00.000,1,4,25,271,271,4,2020-04-01,1,25,0.04,0.0517815770004657,1.05298871048321
Cayuga,2020-04-02T00:00:00.000,2,6,36,307,307,6,2020-04-02,2,36,0.0555555555555556,0.0560134473281317,2.12632031834158
Cayuga,2020-04-03T00:00:00.000,1,7,15,322,322,7,2020-04-03,1,15,0.0666666666666667,0.0601197636884596,1.07222876826946
Cayuga,2020-04-04T00:00:00.000,1,8,32,354,354,8,2020-04-04,1,32,0.03125,0.0640289266984339,1.08022972164559
Cayuga,2020-04-05T00:00:00.000,3,11,31,385,385,11,2020-04-05,3,31,0.0967741935483871,0.0676716082168913,3.26126749360418
Cayuga,2020-04-06T00:00:00.000,3,14,33,418,418,14,2020-04-06,3,33,0.0909090909090909,0.0709831617509834,3.27887343071606
Cayuga,2020-04-07T00:00:00.000,0,14,11,429,429,14,2020-04-07,0,11,0,0.0739058090056381,0
Cayuga,2020-04-08T00:00:00.000,2,16,37,466,466,16,2020-04-08,2,37,0.0540540540540541,0.076390495641055,2.20428178415213
Cayuga,2020-04-09T00:00:00.000,11,27,31,497,497,27,2020-04-09,11,31,0.354838709677419,0.0783983385805885,12.1880252756278
Cayuga,2020-04-10T00:00:00.000,1,28,5,502,502,28,2020-04-10,1,5,0.2,0.0799016183732333,1.11270076939555
Cayuga,2020-04-11T00:00:00.000,1,29,8,510,510,29,2020-04-11,1,8,0.125,0.080884299959892,1.11635803367608
Cayuga,2020-04-12T00:00:00.000,1,30,5,515,515,30,2020-04-12,1,5,0.2,0.0813420914707035,1.11908177141568
Cayuga,2020-04-13T00:00:00.000,3,33,52,567,567,33,2020-04-13,3,52,0.0576923076923077,0.0812820722551343,3.36318306518956
Cayuga,2020-04-14T00:00:00.000,3,36,10,577,577,36,2020-04-14,3,10,0.3,0.080721937915666,3.37148910079389
Cayuga,2020-04-15T00:00:00.000,0,36,10,587,587,36,2020-04-15,0,10,0,0.079688922032693,0
Cayuga,2020-04-16T00:00:00.000,0,36,1,588,588,36,2020-04-16,0,1,0,0.0782184621111816,0
Cayuga,2020-04-17T00:00:00.000,0,36,9,597,597,36,2020-04-17,0,9,0,0.076352681680139,0
Cayuga,2020-04-18T00:00:00.000,0,36,9,606,606,36,2020-04-18,0,9,0,0.074138761880815,0
Cayuga,2020-04-19T00:00:00.000,0,36,12,618,618,36,2020-04-19,0,12,0,0.0716272745527065,0
Cayuga,2020-04-20T00:00:00.000,0,36,1,619,619,36,2020-04-20,0,1,0,0.0688705448913917,0
Cayuga,2020-04-21T00:00:00.000,0,36,3,622,622,36,2020-04-21,0,3,0,0.0659211052688907,0
Cayuga,2020-04-22T00:00:00.000,1,37,12,634,634,37,2020-04-22,1,12,0.0833333333333333,0.06283029295257,1.14441791991197
Cayuga,2020-04-23T00:00:00.000,2,39,14,648,648,39,2020-04-23,2,14,0.142857142857143,0.0596470335615531,2.29245934529359
Cayuga,2020-04-24T00:00:00.000,8,47,191,839,839,47,2020-04-24,8,191,0.0418848167539267,0.0564168397178348,9.18151819760277
Cayuga,2020-04-25T00:00:00.000,0,47,19,858,858,47,2020-04-25,0,19,0,0.053181041249224,0
Cayuga,2020-04-26T00:00:00.000,1,48,20,878,878,48,2020-04-26,1,20,0.05,0.0499762503420299,1.14960963443139
Cayuga,2020-04-27T00:00:00.000,0,48,20,898,898,48,2020-04-27,0,20,0,0.0468340531216199,0
Cayuga,2020-04-28T00:00:00.000,0,48,34,932,932,48,2020-04-28,0,34,0,0.0437809090142645,0
Cayuga,2020-04-29T00:00:00.000,0,48,25,957,957,48,2020-04-29,0,25,0,0.0408382314914125,0
Cayuga,2020-04-30T00:00:00.000,3,51,28,985,985,51,2020-04-30,3,28,0.107142857142857,0.0380226187053793,3.4477757863676
Cayuga,2020-05-01T00:00:00.000,0,51,17,1002,1002,51,2020-05-01,0,17,0,0.0353462001136349,0
Cayuga,2020-05-02T00:00:00.000,0,51,14,1016,1016,51,2020-05-02,0,14,0,0.0328170652321134,0
Cayuga,2020-05-03T00:00:00.000,0,51,10,1026,1026,51,2020-05-03,0,10,0,0.0304397427325433,0
Cayuga,2020-05-04T00:00:00.000,0,51,22,1048,1048,51,2020-05-04,0,22,0,0.0282157016854425,0
Cayuga,2020-05-05T00:00:00.000,0,51,19,1067,1067,51,2020-05-05,0,19,0,0.0261438512904439,0
Cayuga,2020-05-06T00:00:00.000,1,52,25,1092,1092,52,2020-05-06,1,25,0.04,0.024221020402414,1.15439444756054
Cayuga,2020-05-07T00:00:00.000,0,52,20,1112,1112,52,2020-05-07,0,20,0,0.0224424031183073,0
Cayuga,2020-05-08T00:00:00.000,1,53,61,1173,1173,53,2020-05-08,1,61,0.0163934426229508,0.0208019612915087,1.15228656380422
Cayuga,2020-05-09T00:00:00.000,5,58,23,1196,1196,58,2020-05-09,5,23,0.217391304347826,0.0192927788656371,5.74797971488868
Cayuga,2020-05-10T00:00:00.000,2,60,48,1244,1244,60,2020-05-10,2,48,0.0416666666666667,0.0179073662459319,2.2936220933263
Cayuga,2020-05-11T00:00:00.000,0,60,23,1267,1267,60,2020-05-11,0,23,0,0.0166379155182795,0
Cayuga,2020-05-12T00:00:00.000,0,60,45,1312,1312,60,2020-05-12,0,45,0,0.0154765092141728,0
Cayuga,2020-05-13T00:00:00.000,0,60,104,1416,1416,60,2020-05-13,0,104,0,0.0144152865797987,0
Cayuga,2020-05-14T00:00:00.000,1,61,261,1677,1677,61,2020-05-14,1,261,0.00383141762452107,0.013446572036268,1.15188887231821
Cayuga,2020-05-15T00:00:00.000,2,63,111,1788,1788,63,2020-05-15,2,111,0.018018018018018,0.0125629708224363,2.30610284332046
Cayuga,2020-05-16T00:00:00.000,0,63,79,1867,1867,63,2020-05-16,0,79,0,0.0117574367972773,0
Cayuga,2020-05-17T00:00:00.000,2,65,189,2056,2056,65,2020-05-17,2,189,0.0105820105820106,0.0110233171366713,2.32292990049036
Cayuga,2020-05-18T00:00:00.000,3,68,68,2124,2124,68,2020-05-18,3,68,0.0441176470588235,0.0103543782721824,3.49658581398348
Cayuga,2020-05-19T00:00:00.000,0,68,106,2230,2230,68,2020-05-19,0,106,0,0.00974481694778282,0
Cayuga,2020-05-20T00:00:00.000,4,72,105,2335,2335,72,2020-05-20,4,105,0.0380952380952381,0.00918925976723814,4.72145654763868
Cayuga,2020-05-21T00:00:00.000,1,73,245,2580,2580,73,2020-05-21,1,245,0.00408163265306122,0.00868275410198732,1.18703025051746
Cayuga,2020-05-22T00:00:00.000,3,76,356,2936,2936,76,2020-05-22,3,356,0.00842696629213483,0.00822075275336228,3.57762872302397
Cayuga,2020-05-23T00:00:00.000,1,77,143,3079,3079,77,2020-05-23,1,143,0.00699300699300699,0.0077990943278321,1.19312522054824
Cayuga,2020-05-24T00:00:00.000,0,77,176,3255,3255,77,2020-05-24,0,176,0,0.00741398089684152,0
Cayuga,2020-05-25T00:00:00.000,1,78,76,3331,3331,78,2020-05-25,1,76,0.0131578947368421,0.00706195417797257,1.19139581612289
Cayuga,2020-05-26T00:00:00.000,2,80,117,3448,3448,80,2020-05-26,2,117,0.0170940170940171,0.00673987118845477,2.37773331449753
Cayuga,2020-05-27T00:00:00.000,4,84,101,3549,3549,84,2020-05-27,4,101,0.0396039603960396,0.00644488008465214,4.74172964848542
Cayuga,2020-05-28T00:00:00.000,5,89,383,3932,3932,89,2020-05-28,5,383,0.0130548302872063,0.00617439670541893,5.90561033242179
Cayuga,2020-05-29T00:00:00.000,1,90,374,4306,4306,90,2020-05-29,1,374,0.00267379679144385,0.00592608217948677,1.17597394284068
Cayuga,2020-05-30T00:00:00.000,1,91,249,4555,4555,91,2020-05-30,1,249,0.00401606425702811,0.00569782183135825,1.1700350210278
Cayuga,2020-05-31T00:00:00.000,1,92,289,4844,4844,92,2020-05-31,1,289,0.00346020761245675,0.00548770552187106,1.1637389986974
Cayuga,2020-06-01T00:00:00.000,1,93,250,5094,5094,93,2020-06-01,1,250,0.004,0.00529400948372323,1.16037892654261
Cayuga,2020-06-02T00:00:00.000,3,96,288,5382,5382,96,2020-06-02,3,288,0.0104166666666667,0.00511517965537638,3.46936700544683
Cayuga,2020-06-03T00:00:00.000,0,96,375,5757,5757,96,2020-06-03,0,375,0,0.00494981647473114,0
Cayuga,2020-06-04T00:00:00.000,2,98,375,6132,6132,98,2020-06-04,2,375,0.00533333333333333,0.00479666106408191,2.2939775657159
Cayuga,2020-06-05T00:00:00.000,2,100,299,6431,6431,100,2020-06-05,2,299,0.00668896321070234,0.00465458271799555,2.28517008809263
Cayuga,2020-06-06T00:00:00.000,1,101,233,6664,6664,101,2020-06-06,1,233,0.00429184549356223,0.00452256759327659,1.13914806281778
Cayuga,2020-06-07T00:00:00.000,0,101,465,7129,7129,101,2020-06-07,0,465,0,0.00439970849380267,0
Cayuga,2020-06-08T00:00:00.000,1,102,231,7360,7360,102,2020-06-08,1,231,0.00432900432900433,0.00428519564147034,1.13043076919055
Cayuga,2020-06-09T00:00:00.000,0,102,231,7591,7591,102,2020-06-09,0,231,0,0.0041783083265741,0
Cayuga,2020-06-10T00:00:00.000,0,102,152,7743,7743,102,2020-06-10,0,152,0,0.00407840733563559,0
Cayuga,2020-06-11T00:00:00.000,1,103,337,8080,8080,103,2020-06-11,1,337,0.0029673590504451,0.00398492806163763,1.12739477259901
Cayuga,2020-06-12T00:00:00.000,0,103,170,8250,8250,103,2020-06-12,0,170,0,0.00389737420996526,0
Cayuga,2020-06-13T00:00:00.000,3,106,432,8682,8682,106,2020-06-13,3,432,0.00694444444444444,0.00381531202256214,3.38207672592191
Cayuga,2020-06-14T00:00:00.000,0,106,106,8788,8788,106,2020-06-14,0,106,0,0.00373836495261593,0
Cayuga,2020-06-15T00:00:00.000,0,106,169,8957,8957,106,2020-06-15,0,169,0,0.00366620873188693,0
Cayuga,2020-06-16T00:00:00.000,0,106,142,9099,9099,106,2020-06-16,0,142,0,0.00359856678244798,0
Cayuga,2020-06-17T00:00:00.000,0,106,98,9197,9197,106,2020-06-17,0,98,0,0.00353520593362915,0
Cayuga,2020-06-18T00:00:00.000,1,107,476,9673,9673,107,2020-06-18,1,476,0.00210084033613445,0.0034759324131782,1.12229882733987
Cayuga,2020-06-19T00:00:00.000,1,108,225,9898,9898,108,2020-06-19,1,225,0.00444444444444444,0.00342058808892519,1.12047813511049
Cayuga,2020-06-20T00:00:00.000,0,108,420,10318,10318,108,2020-06-20,0,420,0,0.00336904694324294,0
Cayuga,2020-06-21T00:00:00.000,0,108,101,10419,10419,108,2020-06-21,0,101,0,0.00332121176740726,0
Cayuga,2020-06-22T00:00:00.000,0,108,193,10612,10612,108,2020-06-22,0,193,0,0.00327701106642386,0
Cayuga,2020-06-23T00:00:00.000,1,109,144,10756,10756,109,2020-06-23,1,144,0.00694444444444444,0.00323639616707509,1.11105538504833
Cayuga,2020-06-24T00:00:00.000,0,109,116,10872,10872,109,2020-06-24,0,116,0,0.00319933852277348,0
Cayuga,2020-06-25T00:00:00.000,0,109,200,11072,11072,109,2020-06-25,0,200,0,0.00316582720879317,0
Cayuga,2020-06-26T00:00:00.000,2,111,285,11357,11357,111,2020-06-26,2,285,0.00701754385964912,0.00313586659996693,2.20420541449092
Cayuga,2020-06-27T00:00:00.000,2,113,338,11695,11695,113,2020-06-27,2,338,0.00591715976331361,0.00310947422114174,2.19766327691094
Cayuga,2020-06-28T00:00:00.000,1,114,277,11972,11972,114,2020-06-28,1,277,0.0036101083032491,0.00308667875785301,1.09544011957224
Cayuga,2020-06-29T00:00:00.000,1,115,184,12156,12156,115,2020-06-29,1,184,0.00543478260869565,0.00306751821154922,1.09194181080508
Cayuga,2020-06-30T00:00:00.000,4,119,121,12277,12277,119,2020-06-30,4,121,0.0330578512396694,0.00305203818034481,4.35340068065167
Cayuga,2020-07-01T00:00:00.000,0,119,126,12403,12403,119,2020-07-01,0,126,0,0.00304029024270475,0
Cayuga,2020-07-02T00:00:00.000,1,120,194,12597,12597,120,2020-07-02,1,194,0.00515463917525773,0.00303233041807587,1.08093921257079
Cayuga,2020-07-03T00:00:00.000,0,120,308,12905,12905,120,2020-07-03,0,308,0,0.00302821767538811,0
Cayuga,2020-07-04T00:00:00.000,0,120,97,13002,13002,120,2020-07-04,0,97,0,0.00302801245745591,0
Cayuga,2020-07-05T00:00:00.000,2,122,75,13077,13077,122,2020-07-05,2,75,0.0266666666666667,0.00303177518723218,2.13887684650012
Cayuga,2020-07-06T00:00:00.000,0,122,188,13265,13265,122,2020-07-06,0,188,0,0.00303956472024312,0
Cayuga,2020-07-07T00:00:00.000,0,122,262,13527,13527,122,2020-07-07,0,262,0,0.00305143670684042,0
Cayuga,2020-07-08T00:00:00.000,2,124,240,13767,13767,124,2020-07-08,2,240,0.00833333333333333,0.00306744182820663,2.12357978873882
Cayuga,2020-07-09T00:00:00.000,0,124,291,14058,14058,124,2020-07-09,0,291,0,0.00308762387135907,0
Cayuga,2020-07-10T00:00:00.000,2,126,236,14294,14294,126,2020-07-10,2,236,0.00847457627118644,0.00311201761118626,2.11514131278562
Cayuga,2020-07-11T00:00:00.000,0,126,308,14602,14602,126,2020-07-11,0,308,0,0.00314064647171197,0
Cayuga,2020-07-12T00:00:00.000,0,126,154,14756,14756,126,2020-07-12,0,154,0,0.00317351994465622,0
Cayuga,2020-07-13T00:00:00.000,1,127,362,15118,15118,127,2020-07-13,1,362,0.00276243093922652,0.00321063075131234,1.05133430843992
Cayuga,2020-07-14T00:00:00.000,1,128,190,15308,15308,128,2020-07-14,1,190,0.00526315789473684,0.00325195174352483,1.0493309591802
Cayuga,2020-07-15T00:00:00.000,0,128,221,15529,15529,128,2020-07-15,0,221,0,0.00329743255196267,0
Cayuga,2020-07-16T00:00:00.000,1,129,574,16103,16103,129,2020-07-16,1,574,0.00174216027874564,0.00334699600433189,1.0455019048465
Cayuga,2020-07-17T00:00:00.000,0,129,253,16356,16356,129,2020-07-17,0,253,0,0.0034005343532894,0
Cayuga,2020-07-18T00:00:00.000,0,129,92,16448,16448,129,2020-07-18,0,92,0,0.00345790537307015,0
Cayuga,2020-07-19T00:00:00.000,2,131,172,16620,16620,131,2020-07-19,2,172,0.0116279069767442,0.00351892840517563,2.09987576556654
Cayuga,2020-07-20T00:00:00.000,0,131,325,16945,16945,131,2020-07-20,0,325,0,0.00358338045622936,0
Cayuga,2020-07-21T00:00:00.000,3,134,346,17291,17291,134,2020-07-21,3,346,0.00867052023121387,0.00365099247481323,3.1593128921509
Cayuga,2020-07-22T00:00:00.000,1,135,376,17667,17667,135,2020-07-22,1,376,0.00265957446808511,0.00372144595716332,1.05393351099456
Cayuga,2020-07-23T00:00:00.000,2,137,423,18090,18090,137,2020-07-23,2,423,0.00472813238770686,0.00379437005358324,2.10878265516663
Cayuga,2020-07-24T00:00:00.000,2,139,260,18350,18350,139,2020-07-24,2,260,0.00769230769230769,0.00386933936570516,2.11782754513078
Cayuga,2020-07-25T00:00:00.000,0,139,438,18788,18788,139,2020-07-25,0,438,0,0.00394587263833483,0
Cayuga,2020-07-26T00:00:00.000,1,140,238,19026,19026,140,2020-07-26,1,238,0.00420168067226891,0.00402343255603627,1.06624601947316
Cayuga,2020-07-27T00:00:00.000,0,140,168,19194,19194,140,2020-07-27,0,168,0,0.00410142685190592,0
Cayuga,2020-07-28T00:00:00.000,1,141,236,19430,19430,141,2020-07-28,1,236,0.00423728813559322,0.00417921092234475,1.07058146377094
Cayuga,2020-07-29T00:00:00.000,0,141,205,19635,19635,141,2020-07-29,0,205,0,0.00425609211537099,0
Cayuga,2020-07-30T00:00:00.000,2,143,152,19787,19787,143,2020-07-30,2,152,0.0131578947368421,0.00433133581971798,2.14359924392752
Cayuga,2020-07-31T00:00:00.000,1,144,236,20023,20023,144,2020-07-31,1,236,0.00423728813559322,0.00440417342801125,1.07208785245948
Cayuga,2020-08-01T00:00:00.000,4,148,115,20138,20138,148,2020-08-01,4,115,0.0347826086956522,0.00447381217925751,4.29469292745461
Cayuga,2020-08-02T00:00:00.000,0,148,85,20223,20223,148,2020-08-02,0,85,0,0.00453944680645317,0
Cayuga,2020-08-03T00:00:00.000,2,150,541,20764,20764,150,2020-08-03,2,541,0.00369685767097967,0.00460027282660624,2.14791440359911
Cayuga,2020-08-04T00:00:00.000,0,150,257,21021,21021,150,2020-08-04,0,257,0,0.00465550121716504,0
Cayuga,2020-08-05T00:00:00.000,1,151,262,21283,21283,151,2020-08-05,1,262,0.00381679389312977,0.00470437413012363,1.07192690696442
Cayuga,2020-08-06T00:00:00.000,0,151,233,21516,21516,151,2020-08-06,0,233,0,0.00474618120904282,0
Cayuga,2020-08-07T00:00:00.000,0,151,155,21671,21671,151,2020-08-07,0,155,0,0.00478027600085094,0
Cayuga,2020-08-08T00:00:00.000,1,152,109,21780,21780,152,2020-08-08,1,109,0.00917431192660551,0.00480609190073776,1.07853534214378
Cayuga,2020-08-09T00:00:00.000,0,152,60,21840,21840,152,2020-08-09,0,60,0,0.00482315704000025,0
Cayuga,2020-08-10T00:00:00.000,5,157,628,22468,22468,157,2020-08-10,5,628,0.00796178343949045,0.00483110752763886,5.4097044168179
Cayuga,2020-08-11T00:00:00.000,4,161,304,22772,22772,161,2020-08-11,4,304,0.0131578947368421,0.00482969849024595,4.33082518377883
Cayuga,2020-08-12T00:00:00.000,1,162,193,22965,22965,162,2020-08-12,1,193,0.00518134715025907,0.00481881242092348,1.08275530989169
Cayuga,2020-08-13T00:00:00.000,1,163,175,23140,23140,163,2020-08-13,1,175,0.00571428571428571,0.00479846444498481,1.08227601934598
Cayuga,2020-08-14T00:00:00.000,0,163,224,23364,23364,163,2020-08-14,0,224,0,0.00476880423356949,0
Cayuga,2020-08-15T00:00:00.000,1,164,131,23495,23495,164,2020-08-15,1,131,0.00763358778625954,0.00473011443902712,1.08508227752705
Cayuga,2020-08-16T00:00:00.000,0,164,374,23869,23869,164,2020-08-16,0,374,0,0.004682805679228,0
Cayuga,2020-08-17T00:00:00.000,0,164,221,24090,24090,164,2020-08-17,0,221,0,0.00462740825291886,0
Cayuga,2020-08-18T00:00:00.000,0,164,224,24314,24314,164,2020-08-18,0,224,0,0.00456456091375687,0
Cayuga,2020-08-19T00:00:00.000,0,164,291,24605,24605,164,2020-08-19,0,291,0,0.00449499715822056,0
Cayuga,2020-08-20T00:00:00.000,0,164,427,25032,25032,164,2020-08-20,0,427,0,0.00441952958402359,0
Cayuga,2020-08-21T00:00:00.000,2,166,280,25312,25312,166,2020-08-21,2,280,0.00714285714285714,0.00433903294464047,2.16465819691565
Cayuga,2020-08-22T00:00:00.000,1,167,168,25480,25480,167,2020-08-22,1,168,0.00595238095238095,0.00425442655923223,1.08042397335442
Cayuga,2020-08-23T00:00:00.000,0,167,67,25547,25547,167,2020-08-23,0,67,0,0.00416665673523451,0
Cayuga,2020-08-24T00:00:00.000,7,174,532,26079,26079,174,2020-08-24,7,532,0.0131578947368421,0.004076679824299,7.5528619992615
Cayuga,2020-08-25T00:00:00.000,1,175,212,26291,26291,175,2020-08-25,1,212,0.00471698113207547,0.00398544646708262,1.07700220211369
Cayuga,2020-08-26T00:00:00.000,1,176,229,26520,26520,176,2020-08-26,1,229,0.00436681222707424,0.00389388749350604,1.07413768077279
Cayuga,2020-08-27T00:00:00.000,1,177,233,26753,26753,177,2020-08-27,1,233,0.00429184549356223,0.00380290184097643,1.07051516070677
Cayuga,2020-08-28T00:00:00.000,0,177,675,27428,27428,177,2020-08-28,0,675,0,0.00371334674090763,0
Cayuga,2020-08-29T00:00:00.000,0,177,374,27802,27802,177,2020-08-29,0,374,0,0.00362603031188014,0
Cayuga,2020-08-30T00:00:00.000,1,178,74,27876,27876,178,2020-08-30,1,74,0.0135135135135135,0.00354170659191769,1.06961421604408
Cayuga,2020-08-31T00:00:00.000,2,180,245,28121,28121,180,2020-08-31,2,245,0.00816326530612245,0.00346107294901101,2.13961447009123
Cayuga,2020-09-01T00:00:00.000,0,180,204,28325,28325,180,2020-09-01,0,204,0,0.00338476973119665,0
Cayuga,2020-09-02T00:00:00.000,1,181,351,28676,28676,181,2020-09-02,1,351,0.00284900284900285,0.00331338195805869,1.07016210297896
Cayuga,2020-09-03T00:00:00.000,0,181,253,28929,28929,181,2020-09-03,0,253,0,0.00324744281471991,0
Cayuga,2020-09-04T00:00:00.000,1,182,539,29468,29468,182,2020-09-04,1,539,0.00185528756957328,0.00318743868688693,1.07053559913631
Cayuga,2020-09-05T00:00:00.000,1,183,179,29647,29647,183,2020-09-05,1,179,0.00558659217877095,0.00313381546905781,1.07074674449163
Cayuga,2020-09-06T00:00:00.000,0,183,89,29736,29736,183,2020-09-06,0,89,0,0.00308698588544069,0
Cayuga,2020-09-07T00:00:00.000,1,184,155,29891,29891,184,2020-09-07,1,155,0.00645161290322581,0.00304733758103023,1.0712001699758
Cayuga,2020-09-08T00:00:00.000,1,185,114,30005,30005,185,2020-09-08,1,114,0.0087719298245614,0.00301524176576831,1.0712760943157
Cayuga,2020-09-09T00:00:00.000,0,185,178,30183,30183,185,2020-09-09,0,178,0,0.00299106222417757,0
Cayuga,2020-09-10T00:00:00.000,0,185,511,30694,30694,185,2020-09-10,0,511,0,0.00297516453394444,0
Cayuga,2020-09-11T00:00:00.000,2,187,637,31331,31331,187,2020-09-11,2,637,0.00313971742543171,0.00296792536641055,2.14588344804971
Cayuga,2020-09-12T00:00:00.000,3,190,263,31594,31594,190,2020-09-12,3,263,0.0114068441064639,0.00296974176820311,3.22600532434817
Cayuga,2020-09-13T00:00:00.000,0,190,86,31680,31680,190,2020-09-13,0,86,0,0.00298104034407498,0
Cayuga,2020-09-14T00:00:00.000,1,191,286,31966,31966,191,2020-09-14,1,286,0.0034965034965035,0.00300228627537991,1.0801461559917
Cayuga,2020-09-15T00:00:00.000,2,193,172,32138,32138,193,2020-09-15,2,172,0.0116279069767442,0.00303399211500645,2.16506804556225
Cayuga,2020-09-16T00:00:00.000,1,194,391,32529,32529,194,2020-09-16,1,391,0.00255754475703325,0.00307672629758561,1.08488557623185
Cayuga,2020-09-17T00:00:00.000,1,195,356,32885,32885,195,2020-09-17,1,356,0.00280898876404494,0.00313112129244086,1.08717905355258
Cayuga,2020-09-18T00:00:00.000,1,196,806,33691,33691,196,2020-09-18,1,806,0.00124069478908189,0.00319788130574035,1.08939027802279
Cayuga,2020-09-19T00:00:00.000,3,199,344,34035,34035,199,2020-09-19,3,344,0.00872093023255814,0.00327778940749831,3.27134527423102
Cayuga,2020-09-20T00:00:00.000,0,199,119,34154,34154,199,2020-09-20,0,119,0,0.00337171391791718,0
Cayuga,2020-09-21T00:00:00.000,3,202,304,34458,34458,202,2020-09-21,3,304,0.00986842105263158,0.00348061383708673,3.27368060860099
Cayuga,2020-09-22T00:00:00.000,2,204,257,34715,34715,204,2020-09-22,2,257,0.00778210116731518,0.00360554304177567,2.18272495364097
Cayuga,2020-09-23T00:00:00.000,1,205,355,35070,35070,205,2020-09-23,1,355,0.0028169014084507,0.00374765290521611,1.09131639095181
Cayuga,2020-09-24T00:00:00.000,3,208,600,35670,35670,208,2020-09-24,3,600,0.005,0.00390819292153198,3.27323901803617
Cayuga,2020-09-25T00:00:00.000,3,211,676,36346,36346,211,2020-09-25,3,676,0.00443786982248521,0.0040885088389374,3.28289786868137
Cayuga,2020-09-26T00:00:00.000,4,215,378,36724,36724,215,2020-09-26,4,378,0.0105820105820106,0.00429003772953086,4.40176683873984
Cayuga,2020-09-27T00:00:00.000,3,218,376,37100,37100,218,2020-09-27,3,376,0.00797872340425532,0.00451429935355171,3.31911673007632
Cayuga,2020-09-28T00:00:00.000,1,219,207,37307,37307,219,2020-09-28,1,207,0.00483091787439614,0.00476288312011538,1.11206794948873
Cayuga,2020-09-29T00:00:00.000,1,220,422,37729,37729,220,2020-09-29,1,422,0.0023696682464455,0.00503742991389758,1.11750670668403
Cayuga,2020-09-30T00:00:00.000,1,221,418,38147,38147,221,2020-09-30,1,418,0.00239234449760766,0.00533960805839762,1.12266720398717
Cayuga,2020-10-01T00:00:00.000,3,224,529,38676,38676,224,2020-10-01,3,529,0.0056710775047259,0.00567108273419845,3.38258679326132
Cayuga,2020-10-02T00:00:00.000,4,228,526,39202,39202,228,2020-10-02,4,526,0.00760456273764259,0.00603347827757207,4.52828869391806
Cayuga,2020-10-03T00:00:00.000,3,231,337,39539,39539,231,2020-10-03,3,337,0.00890207715133531,0.00642833296367554,3.4088340519956
Cayuga,2020-10-04T00:00:00.000,0,231,418,39957,39957,231,2020-10-04,0,418,0,0.00685704614092917,0
Cayuga,2020-10-05T00:00:00.000,1,232,412,40369,40369,232,2020-10-05,1,412,0.00242718446601942,0.00732081793606482,1.14360598376134
Cayuga,2020-10-06T00:00:00.000,2,234,356,40725,40725,234,2020-10-06,2,356,0.00561797752808989,0.00782058219488001,2.2933890589968
Cayuga,2020-10-07T00:00:00.000,3,237,344,41069,41069,237,2020-10-07,3,344,0.00872093023255814,0.00835693385595817,3.44813593526569
Cayuga,2020-10-08T00:00:00.000,3,240,595,41664,41664,240,2020-10-08,3,595,0.00504201680672269,0.00893005255708948,3.45493209914802
Cayuga,2020-10-09T00:00:00.000,1,241,920,42584,42584,241,2020-10-09,1,920,0.00108695652173913,0.00953962491865706,1.15336717351236
Cayuga,2020-10-10T00:00:00.000,3,244,275,42859,42859,244,2020-10-10,3,275,0.0109090909090909,0.0101847685943112,3.46390980236245
Cayuga,2020-10-11T00:00:00.000,2,246,437,43296,43296,246,2020-10-11,2,437,0.0045766590389016,0.0108639617733731,2.31093337273793
Cayuga,2020-10-12T00:00:00.000,5,251,303,43599,43599,251,2020-10-12,5,303,0.0165016501650165,0.0115749823000619,5.77924152266705
Cayuga,2020-10-13T00:00:00.000,8,259,532,44131,44131,259,2020-10-13,8,532,0.0150375939849624,0.0123148608727502,9.24619109601861
Cayuga,2020-10-14T00:00:00.000,10,269,448,44579,44579,269,2020-10-14,10,448,0.0223214285714286,0.0130798528371451,11.5622298319508
Cayuga,2020-10-15T00:00:00.000,6,275,480,45059,45059,275,2020-10-15,6,480,0.0125,0.0138654328317451,6.94228227736991
Cayuga,2020-10-16T00:00:00.000,9,284,798,45857,45857,284,2020-10-16,9,798,0.0112781954887218,0.0146663159441045,10.4363538831109
Cayuga,2020-10-17T00:00:00.000,5,289,336,46193,46193,289,2020-10-17,5,336,0.0148809523809524,0.0154765080785402,5.8114827535024
Cayuga,2020-10-18T00:00:00.000,5,294,386,46579,46579,294,2020-10-18,5,386,0.0129533678756477,0.0162893869406341,5.82409246106235
Cayuga,2020-10-19T00:00:00.000,8,302,394,46973,46973,302,2020-10-19,8,394,0.0203045685279188,0.0170978134686895,9.34389607960949
Cayuga,2020-10-20T00:00:00.000,30,332,567,47540,47540,332,2020-10-20,30,567,0.0529100529100529,0.0178942717788064,35.1623503869367
Cayuga,2020-10-21T00:00:00.000,10,342,608,48148,48148,342,2020-10-21,10,608,0.0164473684210526,0.0186710338645646,11.7571294792667
Cayuga,2020-10-22T00:00:00.000,9,351,442,48590,48590,351,2020-10-22,9,442,0.0203619909502262,0.0194203435467019,10.6140523572014
Cayuga,2020-10-23T00:00:00.000,1,352,770,49360,49360,352,2020-10-23,1,770,0.0012987012987013,0.0201346126547292,1.18213329606674
Cayuga,2020-10-24T00:00:00.000,12,364,668,50028,50028,364,2020-10-24,12,668,0.0179640718562874,0.0208066212825519,14.208925443727
Cayuga,2020-10-25T00:00:00.000,9,373,480,50508,50508,373,2020-10-25,9,480,0.01875,0.0214297133075972,10.6664388973281
Cayuga,2020-10-26T00:00:00.000,16,389,498,51006,51006,389,2020-10-26,16,498,0.0321285140562249,0.0219979782767648,18.9660548815916
Cayuga,2020-10-27T00:00:00.000,8,397,376,51382,51382,397,2020-10-27,8,376,0.0212765957446809,0.0225064112631006,9.47789780412185
Cayuga,2020-10-28T00:00:00.000,8,405,371,51753,51753,405,2020-10-28,8,371,0.0215633423180593,0.022951043364957,9.46598526386058
Cayuga,2020-10-29T00:00:00.000,24,429,567,52320,52320,429,2020-10-29,24,567,0.0423280423280423,0.0233290370662705,28.3423276721084
Cayuga,2020-10-30T00:00:00.000,9,438,866,53186,53186,438,2020-10-30,9,866,0.0103926096997691,0.0236387425906745,10.6002868129505
Cayuga,2020-10-31T00:00:00.000,15,453,386,53572,53572,453,2020-10-31,15,386,0.038860103626943,0.0238797135016647,17.6087769239941
Cayuga,2020-11-01T00:00:00.000,3,456,348,53920,53920,456,2020-11-01,3,348,0.00862068965517241,0.0240526819690436,3.50788481416586
Cayuga,2020-11-02T00:00:00.000,9,465,460,54380,54380,465,2020-11-02,9,460,0.0195652173913043,0.0241594961655145,10.4758422233059
Cayuga,2020-11-03T00:00:00.000,9,474,475,54855,54855,474,2020-11-03,9,475,0.0189473684210526,0.0242030240386627,10.4222608131247
Cayuga,2020-11-04T00:00:00.000,12,486,557,55412,55412,486,2020-11-04,12,557,0.0215439856373429,0.0241870291022844,13.817834056741
Cayuga,2020-11-05T00:00:00.000,10,496,590,56002,56002,496,2020-11-05,10,590,0.0169491525423729,0.0241160248340026,11.4440873146643
Cayuga,2020-11-06T00:00:00.000,22,518,706,56708,56708,518,2020-11-06,22,706,0.0311614730878187,0.0239951147218848,25.0107769024392
Cayuga,2020-11-07T00:00:00.000,15,533,348,57056,57056,533,2020-11-07,15,348,0.0431034482758621,0.023829824977791,16.9331789155153
Cayuga,2020-11-08T00:00:00.000,16,549,496,57552,57552,549,2020-11-08,16,496,0.032258064516129,0.0236259364834379,17.9274628467813
Cayuga,2020-11-09T00:00:00.000,17,566,470,58022,58022,566,2020-11-09,17,470,0.0361702127659574,0.0233893217253978,18.9056114659309
Cayuga,2020-11-10T00:00:00.000,7,573,509,58531,58531,573,2020-11-10,7,509,0.0137524557956778,0.0231257914112331,7.73897390727855
Cayuga,2020-11-11T00:00:00.000,21,594,522,59053,59053,594,2020-11-11,21,522,0.0402298850574713,0.0228409542382642,23.0994898441704
Cayuga,2020-11-12T00:00:00.000,15,609,731,59784,59784,609,2020-11-12,15,731,0.0205198358413133,0.0225400920180807,16.4700078570973
Cayuga,2020-11-13T00:00:00.000,18,627,987,60771,60771,627,2020-11-13,18,987,0.0182370820668693,0.0222280511341069,19.7275225074159
Cayuga,2020-11-14T00:00:00.000,5,632,293,61064,61064,632,2020-11-14,5,293,0.0170648464163823,0.0219091502066857,5.46950805687516
Cayuga,2020-11-15T00:00:00.000,7,639,272,61336,61336,639,2020-11-15,7,272,0.0257352941176471,0.0215871029245577,7.64253852919354
Cayuga,2020-11-16T00:00:00.000,15,654,745,62081,62081,654,2020-11-16,15,745,0.0201342281879195,0.0212649543133204,16.3447188375656
Cayuga,2020-11-17T00:00:00.000,10,664,807,62888,62888,664,2020-11-17,10,807,0.0123915737298637,0.0209450282822253,10.8747646685086
Cayuga,2020-11-18T00:00:00.000,12,676,564,63452,63452,676,2020-11-18,12,564,0.0212765957446809,0.0206288841358666,13.0233651468149
Chautauqua,2020-03-01T00:00:00.000,0,0,0,0,0,0,2020-03-01,0,0,0,0.811305016714522,0
Chautauqua,2020-03-02T00:00:00.000,0,0,0,0,0,0,2020-03-02,0,0,0,0.776498831272739,0
Chautauqua,2020-03-03T00:00:00.000,0,0,0,0,0,0,2020-03-03,0,0,0,0.737371812165323,0
Chautauqua,2020-03-04T00:00:00.000,0,0,0,0,0,0,2020-03-04,0,0,0,0.694154086984461,0
Chautauqua,2020-03-05T00:00:00.000,0,0,0,0,0,0,2020-03-05,0,0,0,0.647349526680797,0
Chautauqua,2020-03-06T00:00:00.000,0,0,0,0,0,0,2020-03-06,0,0,0,0.597740506898724,0
Chautauqua,2020-03-07T00:00:00.000,0,0,0,0,0,0,2020-03-07,0,0,0,0.546350732026674,0
Chautauqua,2020-03-08T00:00:00.000,0,0,0,0,0,0,2020-03-08,0,0,0,0.494365560320418,0
Chautauqua,2020-03-09T00:00:00.000,0,0,0,0,0,0,2020-03-09,0,0,0,0.443021295437722,0
Chautauqua,2020-03-10T00:00:00.000,0,0,0,0,0,0,2020-03-10,0,0,0,0.393484783263776,0
Chautauqua,2020-03-11T00:00:00.000,0,0,0,0,0,0,2020-03-11,0,0,0,0.346747798359689,0
Chautauqua,2020-03-12T00:00:00.000,0,0,1,1,1,0,2020-03-12,0,1,0,0.303555607098873,0
Chautauqua,2020-03-13T00:00:00.000,0,0,1,2,2,0,2020-03-13,0,1,0,0.264378291597536,0
Chautauqua,2020-03-14T00:00:00.000,0,0,0,2,2,0,2020-03-14,0,0,0,0.229421808608875,0
Chautauqua,2020-03-15T00:00:00.000,0,0,1,3,3,0,2020-03-15,0,1,0,0.198667656640179,0
Chautauqua,2020-03-16T00:00:00.000,0,0,0,3,3,0,2020-03-16,0,0,0,0.171927183925451,0
Chautauqua,2020-03-17T00:00:00.000,0,0,0,3,3,0,2020-03-17,0,0,0,0.148898160106433,0
Chautauqua,2020-03-18T00:00:00.000,0,0,3,6,6,0,2020-03-18,0,3,0,0.129215148142798,0
Chautauqua,2020-03-19T00:00:00.000,0,0,1,7,7,0,2020-03-19,0,1,0,0.112489436919309,0
Chautauqua,2020-03-20T00:00:00.000,0,0,2,9,9,0,2020-03-20,0,2,0,0.0983376199292721,0
Chautauqua,2020-03-21T00:00:00.000,0,0,4,13,13,0,2020-03-21,0,4,0,0.0863999545924801,0
Chautauqua,2020-03-22T00:00:00.000,0,0,12,25,25,0,2020-03-22,0,12,0,0.0763505639583909,0
Chautauqua,2020-03-23T00:00:00.000,0,0,4,29,29,0,2020-03-23,0,4,0,0.067901704094036,0
Chautauqua,2020-03-24T00:00:00.000,1,1,3,32,32,1,2020-03-24,1,3,0.333333333333333,0.0608040656426032,1.10455069153357
Chautauqua,2020-03-25T00:00:00.000,0,1,4,36,36,1,2020-03-25,0,4,0,0.0548446614701203,0
Chautauqua,2020-03-26T00:00:00.000,0,1,20,56,56,1,2020-03-26,0,20,0,0.0498434252297786,0
Chautauqua,2020-03-27T00:00:00.000,4,5,19,75,75,5,2020-03-27,4,19,0.210526315789474,0.0456492798994738,4.22493224423857
Chautauqua,2020-03-28T00:00:00.000,0,5,20,95,95,5,2020-03-28,0,20,0,0.0421361531543215,0
Chautauqua,2020-03-29T00:00:00.000,0,5,3,98,98,5,2020-03-29,0,3,0,0.0391992141817314,0
Chautauqua,2020-03-30T00:00:00.000,1,6,9,107,107,6,2020-03-30,1,9,0.111111111111111,0.0367514701344842,1.01823320900568
Chautauqua,2020-03-31T00:00:00.000,0,6,9,116,116,6,2020-03-31,0,9,0,0.0347207735057218,0
Chautauqua,2020-04-01T00:00:00.000,2,8,8,124,124,8,2020-04-01,2,8,0.25,0.0330472398397114,2.01349104579373
Chautauqua,2020-04-02T00:00:00.000,1,9,15,139,139,9,2020-04-02,1,15,0.0666666666666667,0.0316810468659341,1.00426751704311
Chautauqua,2020-04-03T00:00:00.000,1,10,20,159,159,10,2020-04-03,1,20,0.05,0.0305805729711496,1.00214436928671
Chautauqua,2020-04-04T00:00:00.000,1,11,28,187,187,11,2020-04-04,1,28,0.0357142857142857,0.0297108290404052,1.00039146360661
Chautauqua,2020-04-05T00:00:00.000,4,15,50,237,237,15,2020-04-05,4,50,0.08,0.0290421392381742,3.99564935396592
Chautauqua,2020-04-06T00:00:00.000,1,16,37,274,274,16,2020-04-06,1,37,0.027027027027027,0.0285490307535682,0.997808043932909
Chautauqua,2020-04-07T00:00:00.000,1,17,6,280,280,17,2020-04-07,1,6,0.166666666666667,0.0282092983533609,0.997108768288602
Chautauqua,2020-04-08T00:00:00.000,1,18,32,312,312,18,2020-04-08,1,32,0.03125,0.0280032158637848,0.99690545880354
Chautauqua,2020-04-09T00:00:00.000,2,20,54,366,366,20,2020-04-09,2,54,0.037037037037037,0.0279128728766787,1.99857488031186
Chautauqua,2020-04-10T00:00:00.000,1,21,67,433,433,21,2020-04-10,1,67,0.0149253731343284,0.0279216207165986,1.00165207054054
Chautauqua,2020-04-11T00:00:00.000,1,22,39,472,472,22,2020-04-11,1,39,0.0256410256410256,0.0280136168373072,1.0040468948266
Chautauqua,2020-04-12T00:00:00.000,1,23,25,497,497,23,2020-04-12,1,25,0.04,0.0281734611168446,1.0065012266073
Chautauqua,2020-04-13T00:00:00.000,0,23,8,505,505,23,2020-04-13,0,8,0,0.0283859209207845,0
Chautauqua,2020-04-14T00:00:00.000,1,24,19,524,524,24,2020-04-14,1,19,0.0526315789473684,0.0286357440948302,1.01319303261701
Chautauqua,2020-04-15T00:00:00.000,0,24,29,553,553,24,2020-04-15,0,29,0,0.0289075601788193,0
Chautauqua,2020-04-16T00:00:00.000,1,25,32,585,585,25,2020-04-16,1,32,0.03125,0.0291858699648465,1.02205528555948
Chautauqua,2020-04-17T00:00:00.000,0,25,22,607,607,25,2020-04-17,0,22,0,0.0294551220914599,0
Chautauqua,2020-04-18T00:00:00.000,0,25,20,627,627,25,2020-04-18,0,20,0,0.0296998727239313,0
Chautauqua,2020-04-19T00:00:00.000,0,25,9,636,636,25,2020-04-19,0,9,0,0.0299050207283162,0
Chautauqua,2020-04-20T00:00:00.000,0,25,3,639,639,25,2020-04-20,0,3,0,0.0300561064529189,0
Chautauqua,2020-04-21T00:00:00.000,1,26,26,665,665,26,2020-04-21,1,26,0.0384615384615385,0.0301396576941275,1.05625639599628
Chautauqua,2020-04-22T00:00:00.000,0,26,38,703,703,26,2020-04-22,0,38,0,0.030143562213982,0
Chautauqua,2020-04-23T00:00:00.000,1,27,74,777,777,27,2020-04-23,1,74,0.0135135135135135,0.0300574428363035,1.0703060120895
Chautauqua,2020-04-24T00:00:00.000,0,27,97,874,874,27,2020-04-24,0,97,0,0.0298730091984857,0
Chautauqua,2020-04-25T00:00:00.000,2,29,56,930,930,29,2020-04-25,2,56,0.0357142857142857,0.0295843601321633,2.16675293052922
Chautauqua,2020-04-26T00:00:00.000,1,30,101,1031,1031,30,2020-04-26,1,101,0.0099009900990099,0.0291882125930303,1.0894185803815
Chautauqua,2020-04-27T00:00:00.000,0,30,26,1057,1057,30,2020-04-27,0,26,0,0.028684037134083,0
Chautauqua,2020-04-28T00:00:00.000,1,31,64,1121,1121,31,2020-04-28,1,64,0.015625,0.0280740858522962,1.10014505481313
Chautauqua,2020-04-29T00:00:00.000,2,33,39,1160,1160,33,2020-04-29,2,39,0.0512820512820513,0.027363306126556,2.20939460309383
Chautauqua,2020-04-30T00:00:00.000,2,35,47,1207,1207,35,2020-04-30,2,47,0.0425531914893617,0.0265591416289888,2.21750678475791
Chautauqua,2020-05-01T00:00:00.000,0,35,53,1260,1260,35,2020-05-01,0,53,0,0.0256712302697923,0
Chautauqua,2020-05-02T00:00:00.000,1,36,18,1278,1278,36,2020-05-02,1,18,0.0555555555555556,0.0247110161499812,1.1152966537972
Chautauqua,2020-05-03T00:00:00.000,1,37,9,1287,1287,37,2020-05-03,1,9,0.111111111111111,0.023691298493645,1.11953455150661
Chautauqua,2020-05-04T00:00:00.000,0,37,54,1341,1341,37,2020-05-04,0,54,0,0.0226257443748932,0
Chautauqua,2020-05-05T00:00:00.000,1,38,88,1429,1429,38,2020-05-05,1,88,0.0113636363636364,0.0215283935212594,1.1314681211521
Chautauqua,2020-05-06T00:00:00.000,2,40,80,1509,1509,40,2020-05-06,2,80,0.025,0.0204131824984213,2.26963517279176
Chautauqua,2020-05-07T00:00:00.000,0,40,51,1560,1560,40,2020-05-07,0,51,0,0.0192935124261104,0
Chautauqua,2020-05-08T00:00:00.000,0,40,97,1657,1657,40,2020-05-08,0,97,0,0.0181818794677536,0
Chautauqua,2020-05-09T00:00:00.000,1,41,58,1715,1715,41,2020-05-09,1,58,0.0172413793103448,0.0170895813191576,1.13573990718466
Chautauqua,2020-05-10T00:00:00.000,0,41,27,1742,1742,41,2020-05-10,0,27,0,0.0160265064783397,0
Chautauqua,2020-05-11T00:00:00.000,1,42,49,1791,1791,42,2020-05-11,1,49,0.0204081632653061,0.0150010068672524,1.13575854503326
Chautauqua,2020-05-12T00:00:00.000,1,43,125,1916,1916,43,2020-05-12,1,125,0.008,0.0140198489501855,1.13783440798308
Chautauqua,2020-05-13T00:00:00.000,1,44,125,2041,2041,44,2020-05-13,1,125,0.008,0.0130882342470165,1.13952031332105
Chautauqua,2020-05-14T00:00:00.000,1,45,139,2180,2180,45,2020-05-14,1,139,0.00719424460431655,0.0122098772690893,1.14082900514493
Chautauqua,2020-05-15T00:00:00.000,3,48,60,2240,2240,48,2020-05-15,3,60,0.05,0.0113871274298888,3.42532759464427
Chautauqua,2020-05-16T00:00:00.000,0,48,91,2331,2331,48,2020-05-16,0,91,0,0.0106211212810318,0
Chautauqua,2020-05-17T00:00:00.000,1,49,63,2394,2394,49,2020-05-17,1,63,0.0158730158730159,0.0099119522465745,1.14918724868673
Chautauqua,2020-05-18T00:00:00.000,0,49,98,2492,2492,49,2020-05-18,0,98,0,0.0092588466028641,0
Chautauqua,2020-05-19T00:00:00.000,1,50,90,2582,2582,50,2020-05-19,1,90,0.0111111111111111,0.0086603364589808,1.15941550926367
Chautauqua,2020-05-20T00:00:00.000,8,58,273,2855,2855,58,2020-05-20,8,273,0.0293040293040293,0.00811442268623462,9.32617805282469
Chautauqua,2020-05-21T00:00:00.000,5,63,190,3045,3045,63,2020-05-21,5,190,0.0263157894736842,0.00761872288309475,5.85806597646259
Chautauqua,2020-05-22T00:00:00.000,9,72,217,3262,3262,72,2020-05-22,9,217,0.0414746543778802,0.00717060140137032,10.5871952596488
Chautauqua,2020-05-23T00:00:00.000,3,75,134,3396,3396,75,2020-05-23,3,134,0.0223880597014925,0.00676728009728857,3.52894003437417
Chautauqua,2020-05-24T00:00:00.000,0,75,38,3434,3434,75,2020-05-24,0,38,0,0.00640592976210482,0
Chautauqua,2020-05-25T00:00:00.000,2,77,94,3528,3528,77,2020-05-25,2,94,0.0212765957446809,0.00608374313867959,2.34752736608102
Chautauqua,2020-05-26T00:00:00.000,1,78,145,3673,3673,78,2020-05-26,1,145,0.00689655172413793,0.00579799106028403,1.17110474755587
Chautauqua,2020-05-27T00:00:00.000,3,81,129,3802,3802,81,2020-05-27,3,129,0.0232558139534884,0.00554606361523764,3.50328163835236
Chautauqua,2020-05-28T00:00:00.000,1,82,637,4439,4439,82,2020-05-28,1,637,0.00156985871271586,0.00532549838876764,1.1637812507843
Chautauqua,2020-05-29T00:00:00.000,1,83,272,4711,4711,83,2020-05-29,1,272,0.00367647058823529,0.00513399782378291,1.15922169341121
Chautauqua,2020-05-30T00:00:00.000,1,84,637,5348,5348,84,2020-05-30,1,637,0.00156985871271586,0.00496943762138379,1.15414054727993
Chautauqua,2020-05-31T00:00:00.000,1,85,253,5601,5601,85,2020-05-31,1,253,0.00395256916996047,0.00482986791382301,1.14897355763066
Chautauqua,2020-06-01T00:00:00.000,1,86,184,5785,5785,86,2020-06-01,1,184,0.00543478260869565,0.00471350871937456,1.14697986240422
Chautauqua,2020-06-02T00:00:00.000,3,89,277,6062,6062,89,2020-06-02,3,277,0.0108303249097473,0.00461874095987848,3.43412829081711
Chautauqua,2020-06-03T00:00:00.000,6,95,604,6666,6666,95,2020-06-03,6,604,0.00993377483443709,0.00454409410216881,6.85305245610233
Chautauqua,2020-06-04T00:00:00.000,2,97,522,7188,7188,97,2020-06-04,2,522,0.00383141762452107,0.00448823128808963,2.27878202998408
Chautauqua,2020-06-05T00:00:00.000,2,99,364,7552,7552,99,2020-06-05,2,364,0.00549450549450549,0.00444993265400354,2.27491827365078
Chautauqua,2020-06-06T00:00:00.000,2,101,1131,8683,8683,101,2020-06-06,2,1131,0.0017683465959328,0.00442807740940564,2.27349071781809
Chautauqua,2020-06-07T00:00:00.000,0,101,343,9026,9026,101,2020-06-07,0,343,0,0.00442162514874015,0
Chautauqua,2020-06-08T00:00:00.000,2,103,250,9276,9276,103,2020-06-08,2,250,0.008,0.00442959680939427,2.26836699717707
Chautauqua,2020-06-09T00:00:00.000,2,105,308,9584,9584,105,2020-06-09,2,308,0.00649350649350649,0.00445105565872587,2.26678391956448
Chautauqua,2020-06-10T00:00:00.000,1,106,778,10362,10362,106,2020-06-10,1,778,0.0012853470437018,0.00448508868805039,1.13773301580892
Chautauqua,2020-06-11T00:00:00.000,0,106,487,10849,10849,106,2020-06-11,0,487,0,0.0045307888083619,0
Chautauqua,2020-06-12T00:00:00.000,0,106,370,11219,11219,106,2020-06-12,0,370,0,0.00458723827279818,0
Chautauqua,2020-06-13T00:00:00.000,1,107,723,11942,11942,107,2020-06-13,1,723,0.00138312586445367,0.00465349378608845,1.14997158349067
Chautauqua,2020-06-14T00:00:00.000,0,107,261,12203,12203,107,2020-06-14,0,261,0,0.00472857379369878,0
Chautauqua,2020-06-15T00:00:00.000,1,108,607,12810,12810,108,2020-06-15,1,607,0.00164744645799012,0.00481144846244453,1.15720373825118
Chautauqua,2020-06-16T00:00:00.000,0,108,439,13249,13249,108,2020-06-16,0,439,0,0.00490103286177863,0
Chautauqua,2020-06-17T00:00:00.000,2,110,511,13760,13760,110,2020-06-17,2,511,0.00391389432485323,0.00499618382119383,2.32687503123312
Chautauqua,2020-06-18T00:00:00.000,2,112,407,14167,14167,112,2020-06-18,2,407,0.00491400491400491,0.00509570086758517,2.33212468047584
Chautauqua,2020-06-19T00:00:00.000,3,115,281,14448,14448,115,2020-06-19,3,281,0.0106761565836299,0.00519833153395462,3.50510441919075
Chautauqua,2020-06-20T00:00:00.000,1,116,511,14959,14959,116,2020-06-20,1,511,0.00195694716242661,0.00530278117512139,1.17033160423341
Chautauqua,2020-06-21T00:00:00.000,0,116,318,15277,15277,116,2020-06-21,0,318,0,0.00540772723318176,0
Chautauqua,2020-06-22T00:00:00.000,0,116,393,15670,15670,116,2020-06-22,0,393,0,0.00551183767286416,0
Chautauqua,2020-06-23T00:00:00.000,2,118,316,15986,15986,118,2020-06-23,2,316,0.00632911392405063,0.00561379306890209,2.34793017061949
Chautauqua,2020-06-24T00:00:00.000,3,121,332,16318,16318,121,2020-06-24,3,332,0.00903614457831325,0.00571231159001085,3.52310577786417
Chautauqua,2020-06-25T00:00:00.000,1,122,586,16904,16904,122,2020-06-25,1,586,0.00170648464163823,0.00580617591116972,1.17434773686287
Chautauqua,2020-06-26T00:00:00.000,1,123,207,17111,17111,123,2020-06-26,1,207,0.00483091787439614,0.00589426091003359,1.17389498389045
Chautauqua,2020-06-27T00:00:00.000,0,123,284,17395,17395,123,2020-06-27,0,284,0,0.00597556089376329,0
Chautauqua,2020-06-28T00:00:00.000,0,123,372,17767,17767,123,2020-06-28,0,372,0,0.0060492150643995,0
Chautauqua,2020-06-29T00:00:00.000,4,127,568,18335,18335,127,2020-06-29,4,568,0.00704225352112676,0.00611452997844983,4.679689946609
Chautauqua,2020-06-30T00:00:00.000,0,127,492,18827,18827,127,2020-06-30,0,492,0,0.00617099788978283,0
Chautauqua,2020-07-01T00:00:00.000,0,127,292,19119,19119,127,2020-07-01,0,292,0,0.00621831007481845,0
Chautauqua,2020-07-02T00:00:00.000,2,129,227,19346,19346,129,2020-07-02,2,227,0.00881057268722467,0.00625636451343704,2.32426594810656
Chautauqua,2020-07-03T00:00:00.000,2,131,107,19453,19453,131,2020-07-03,2,107,0.0186915887850467,0.00628526761658451,2.3143611935871
Chautauqua,2020-07-04T00:00:00.000,1,132,287,19740,19740,132,2020-07-04,1,287,0.00348432055749129,0.00630533002362496,1.15498876933105
Chautauqua,2020-07-05T00:00:00.000,2,134,582,20322,20322,134,2020-07-05,2,582,0.00343642611683849,0.00631705681892693,2.30179985368832
Chautauqua,2020-07-06T00:00:00.000,1,135,428,20750,20750,135,2020-07-06,1,428,0.00233644859813084,0.00632113280628275,1.14670967939126
Chautauqua,2020-07-07T00:00:00.000,14,149,318,21068,21068,149,2020-07-07,14,318,0.0440251572327044,0.00631840371502972,16.0186857491595
Chautauqua,2020-07-08T00:00:00.000,3,152,193,21261,21261,152,2020-07-08,3,193,0.0155440414507772,0.00630985437716514,3.42360886638179
Chautauqua,2020-07-09T00:00:00.000,3,155,606,21867,21867,155,2020-07-09,3,606,0.00495049504950495,0.00629658500047956,3.41385751399791
Chautauqua,2020-07-10T00:00:00.000,15,170,352,22219,22219,170,2020-07-10,15,352,0.0426136363636364,0.00627978667260491,17.0173109968579
Chautauqua,2020-07-11T00:00:00.000,0,170,267,22486,22486,170,2020-07-11,0,267,0,0.00626071716697564,0
Chautauqua,2020-07-12T00:00:00.000,1,171,192,22678,22678,171,2020-07-12,1,192,0.00520833333333333,0.00624067799796331,1.12708185912541
Chautauqua,2020-07-13T00:00:00.000,9,180,573,23251,23251,180,2020-07-13,9,573,0.0157068062827225,0.00622099350591201,10.109048617712
Chautauqua,2020-07-14T00:00:00.000,6,186,479,23730,23730,186,2020-07-14,6,479,0.0125260960334029,0.00620299255453658,6.71598091769097
Chautauqua,2020-07-15T00:00:00.000,5,191,575,24305,24305,191,2020-07-15,5,575,0.00869565217391304,0.00618799321856102,5.5771613165398
Chautauqua,2020-07-16T00:00:00.000,1,192,670,24975,24975,192,2020-07-16,1,670,0.00149253731343284,0.00617729063380865,1.11157587494182
Chautauqua,2020-07-17T00:00:00.000,2,194,275,25250,25250,194,2020-07-17,2,275,0.00727272727272727,0.00617214799554231,2.21868184343898
Chautauqua,2020-07-18T00:00:00.000,0,194,295,25545,25545,194,2020-07-18,0,295,0,0.00617379052628698,0
Chautauqua,2020-07-19T00:00:00.000,0,194,199,25744,25744,194,2020-07-19,0,199,0,0.00618340209992305,0
Chautauqua,2020-07-20T00:00:00.000,12,206,769,26513,26513,206,2020-07-20,12,769,0.0156046814044213,0.00620212410395709,13.3330888066119
Chautauqua,2020-07-21T00:00:00.000,4,210,692,27205,27205,210,2020-07-21,4,692,0.00578034682080925,0.00623105604876133,4.44371756677739
Chautauqua,2020-07-22T00:00:00.000,2,212,385,27590,27590,212,2020-07-22,2,385,0.00519480519480519,0.00627125738171714,2.2207900355317
Chautauqua,2020-07-23T00:00:00.000,0,212,629,28219,28219,212,2020-07-23,0,629,0,0.00632374994152954,0
Chautauqua,2020-07-24T00:00:00.000,4,216,408,28627,28627,216,2020-07-24,4,408,0.00980392156862745,0.00638952047716431,4.45352333986412
Chautauqua,2020-07-25T00:00:00.000,2,218,118,28745,28745,218,2020-07-25,2,118,0.0169491525423729,0.00646952266289875,2.23378453133699
Chautauqua,2020-07-26T00:00:00.000,0,218,57,28802,28802,218,2020-07-26,0,57,0,0.00656467805614965,0
Chautauqua,2020-07-27T00:00:00.000,1,219,339,29141,29141,219,2020-07-27,1,339,0.00294985250737463,0.00667587546748932,1.12213580568707
Chautauqua,2020-07-28T00:00:00.000,4,223,386,29527,29527,223,2020-07-28,4,386,0.0103626943005181,0.00680396824278597,4.49620919825764
Chautauqua,2020-07-29T00:00:00.000,1,224,471,29998,29998,224,2020-07-29,1,471,0.00212314225053079,0.00694976899596683,1.12545842122606
Chautauqua,2020-07-30T00:00:00.000,4,228,422,30420,30420,228,2020-07-30,4,422,0.00947867298578199,0.00711404137647316,4.50529303551745
Chautauqua,2020-07-31T00:00:00.000,3,231,729,31149,31149,231,2020-07-31,3,729,0.00411522633744856,0.00729748851963665,3.38284836165007
Chautauqua,2020-08-01T00:00:00.000,1,232,262,31411,31411,232,2020-08-01,1,262,0.00381679389312977,0.00750073790429479,1.1306150181677
Chautauqua,2020-08-02T00:00:00.000,2,234,230,31641,31641,234,2020-08-02,2,230,0.00869565217391304,0.00772432244612319,2.26548452032163
Chautauqua,2020-08-03T00:00:00.000,7,241,295,31936,31936,241,2020-08-03,7,295,0.023728813559322,0.00796865778585189,7.94227962793463
Chautauqua,2020-08-04T00:00:00.000,0,241,298,32234,32234,241,2020-08-04,0,298,0,0.00823401589448317,0
Chautauqua,2020-08-05T00:00:00.000,3,244,232,32466,32466,244,2020-08-05,3,232,0.0129310344827586,0.00852049531753412,3.41257909580932
Chautauqua,2020-08-06T00:00:00.000,5,249,330,32796,32796,249,2020-08-06,5,330,0.0151515151515152,0.00882798861797188,5.71040815189264
Chautauqua,2020-08-07T00:00:00.000,4,253,530,33326,33326,253,2020-08-07,4,530,0.00754716981132075,0.00915614784382793,4.59365204992101
Chautauqua,2020-08-08T00:00:00.000,0,253,350,33676,33676,253,2020-08-08,0,350,0,0.0095043491419355,0
Chautauqua,2020-08-09T00:00:00.000,4,257,418,34094,34094,257,2020-08-09,4,418,0.00956937799043062,0.00987165794531194,4.64282051377555
Chautauqua,2020-08-10T00:00:00.000,1,258,706,34800,34800,258,2020-08-10,1,706,0.00141643059490085,0.0102567964563271,1.16654107454594
Chautauqua,2020-08-11T00:00:00.000,0,258,949,35749,35749,258,2020-08-11,0,949,0,0.010658115415191,0
Chautauqua,2020-08-12T00:00:00.000,2,260,530,36279,36279,260,2020-08-12,2,530,0.00377358490566038,0.0110735723435352,2.35339643095501
Chautauqua,2020-08-13T00:00:00.000,0,260,376,36655,36655,260,2020-08-13,0,376,0,0.0115007185585752,0
Chautauqua,2020-08-14T00:00:00.000,3,263,396,37051,37051,263,2020-08-14,3,396,0.00757575757575758,0.0119366972328281,3.56052508376055
Chautauqua,2020-08-15T00:00:00.000,0,263,194,37245,37245,263,2020-08-15,0,194,0,0.0123782545970579,0
Chautauqua,2020-08-16T00:00:00.000,2,265,167,37412,37412,265,2020-08-16,2,167,0.0119760479041916,0.01282176602485,2.40437317713067
Chautauqua,2020-08-17T00:00:00.000,6,271,1028,38440,38440,271,2020-08-17,6,1028,0.00583657587548638,0.0132632782016281,7.24570288781655
Chautauqua,2020-08-18T00:00:00.000,1,272,259,38699,38699,272,2020-08-18,1,259,0.00386100386100386,0.0136985678584609,1.21239051456483
Chautauqua,2020-08-19T00:00:00.000,3,275,238,38937,38937,275,2020-08-19,3,238,0.0126050420168067,0.0141232166829188,3.65064576007715
Chautauqua,2020-08-20T00:00:00.000,3,278,497,39434,39434,278,2020-08-20,3,497,0.00603621730382294,0.014532701050465,3.66322250540799
Chautauqua,2020-08-21T00:00:00.000,9,287,393,39827,39827,287,2020-08-21,9,393,0.0229007633587786,0.0149224942064417,11.0216519189151
Chautauqua,2020-08-22T00:00:00.000,2,289,308,40135,40135,289,2020-08-22,2,308,0.00649350649350649,0.0152881775572711,2.45570207082597
Chautauqua,2020-08-23T00:00:00.000,0,289,587,40722,40722,289,2020-08-23,0,587,0,0.0156255568905526,0
Chautauqua,2020-08-24T00:00:00.000,16,305,415,41137,41137,305,2020-08-24,16,415,0.0385542168674699,0.015930778698119,19.7845662026595
Chautauqua,2020-08-25T00:00:00.000,5,310,204,41341,41341,310,2020-08-25,5,204,0.0245098039215686,0.0162004414281772,6.19571714350397
Chautauqua,2020-08-26T00:00:00.000,30,340,683,42024,42024,340,2020-08-26,30,683,0.0439238653001464,0.016431696462494,37.2144073465364
Chautauqua,2020-08-27T00:00:00.000,15,355,665,42689,42689,355,2020-08-27,15,665,0.0225563909774436,0.0166223339491674,18.6098027511941
Chautauqua,2020-08-28T00:00:00.000,18,373,492,43181,43181,373,2020-08-28,18,492,0.0365853658536585,0.0167708492947278,22.3762510545793
Chautauqua,2020-08-29T00:00:00.000,9,382,361,43542,43542,382,2020-08-29,9,361,0.0249307479224377,0.0168764871059969,11.2244844683394
Chautauqua,2020-08-30T00:00:00.000,12,394,676,44218,44218,394,2020-08-30,12,676,0.0177514792899408,0.016939260579061,15.0098585438513
Chautauqua,2020-08-31T00:00:00.000,11,405,747,44965,44965,405,2020-08-31,11,747,0.0147255689424364,0.0169599456908885,13.794932705953
Chautauqua,2020-09-01T00:00:00.000,23,428,653,45618,45618,428,2020-09-01,23,653,0.0352220520673813,0.0169400509276027,28.9097752579648
Chautauqua,2020-09-02T00:00:00.000,24,452,543,46161,46161,452,2020-09-02,24,543,0.0441988950276243,0.0168817645906674,30.2256356483382
Chautauqua,2020-09-03T00:00:00.000,12,464,557,46718,46718,464,2020-09-03,12,557,0.0215439856373429,0.0167878828466925,15.1373383916933
Chautauqua,2020-09-04T00:00:00.000,7,471,459,47177,47177,471,2020-09-04,7,459,0.0152505446623094,0.0166617225612826,8.84152052892533
Chautauqua,2020-09-05T00:00:00.000,4,475,522,47699,47699,475,2020-09-05,4,522,0.00766283524904215,0.0165070235155278,5.05715528129923
Chautauqua,2020-09-06T00:00:00.000,1,476,430,48129,48129,476,2020-09-06,1,430,0.00232558139534884,0.0163278448367702,1.26508824871151
Chautauqua,2020-09-07T00:00:00.000,1,477,207,48336,48336,477,2020-09-07,1,207,0.00483091787439614,0.0161284603810065,1.26542924565602
Chautauqua,2020-09-08T00:00:00.000,1,478,261,48597,48597,478,2020-09-08,1,261,0.00383141762452107,0.0159132574277704,1.2651589976913
Chautauqua,2020-09-09T00:00:00.000,14,492,530,49127,49127,492,2020-09-09,14,530,0.0264150943396226,0.0156866424331771,17.7023242041172
Chautauqua,2020-09-10T00:00:00.000,4,496,399,49526,49526,496,2020-09-10,4,399,0.0100250626566416,0.0154529568206531,5.05324279685138
Chautauqua,2020-09-11T00:00:00.000,11,507,514,50040,50040,507,2020-09-11,11,514,0.0214007782101167,0.0152164049248405,13.8980774490311
Chautauqua,2020-09-12T00:00:00.000,8,515,376,50416,50416,515,2020-09-12,8,376,0.0212765957446809,0.0149809953324028,10.1138384025407
Chautauqua,2020-09-13T00:00:00.000,1,516,140,50556,50556,516,2020-09-13,1,140,0.00714285714285714,0.0147504960317864,1.26461495798326
Chautauqua,2020-09-14T00:00:00.000,7,523,420,50976,50976,523,2020-09-14,7,420,0.0166666666666667,0.014528403052762,8.85232076609567
Chautauqua,2020-09-15T00:00:00.000,4,527,630,51606,51606,527,2020-09-15,4,630,0.00634920634920635,0.0143179216655961,5.05694347635837
Chautauqua,2020-09-16T00:00:00.000,6,533,536,52142,52142,533,2020-09-16,6,536,0.0111940298507463,0.0141219587492666,7.58081316222721
Chautauqua,2020-09-17T00:00:00.000,2,535,463,52605,52605,535,2020-09-17,2,463,0.00431965442764579,0.0139431246196706,2.52462625141644
Chautauqua,2020-09-18T00:00:00.000,1,536,387,52992,52992,536,2020-09-18,1,387,0.00258397932816537,0.0137837424283452,1.26076451284875
Chautauqua,2020-09-19T00:00:00.000,1,537,388,53380,53380,537,2020-09-19,1,388,0.00257731958762887,0.0136458631846732,1.25761331254542
Chautauqua,2020-09-20T00:00:00.000,4,541,451,53831,53831,541,2020-09-20,4,451,0.00886917960088692,0.013531284485656,5.01419612506001
Chautauqua,2020-09-21T00:00:00.000,6,547,607,54438,54438,547,2020-09-21,6,607,0.00988467874794069,0.0134415711546107,7.49455275268043
Chautauqua,2020-09-22T00:00:00.000,4,551,530,54968,54968,551,2020-09-22,4,530,0.00754716981132075,0.0133780761409558,4.97704201577754
Chautauqua,2020-09-23T00:00:00.000,3,554,276,55244,55244,554,2020-09-23,3,276,0.0108695652173913,0.0133419602278596,3.71721739568363
Chautauqua,2020-09-24T00:00:00.000,7,561,762,56006,56006,561,2020-09-24,7,762,0.00918635170603675,0.0133342092931887,8.63482682677989
Chautauqua,2020-09-25T00:00:00.000,7,568,502,56508,56508,568,2020-09-25,7,502,0.0139442231075697,0.0133556480702225,8.6227175396056
Chautauqua,2020-09-26T00:00:00.000,5,573,608,57116,57116,573,2020-09-26,5,608,0.00822368421052632,0.0134069495549637,6.16628982896256
Chautauqua,2020-09-27T00:00:00.000,5,578,343,57459,57459,578,2020-09-27,5,343,0.0145772594752187,0.013488639393709,6.17176036334385
Chautauqua,2020-09-28T00:00:00.000,7,585,774,58233,58233,585,2020-09-28,7,774,0.00904392764857881,0.013601094767729,8.64569197358978
Chautauqua,2020-09-29T00:00:00.000,5,590,486,58719,58719,590,2020-09-29,5,486,0.0102880658436214,0.0137445374762352,6.17749288469818
Chautauqua,2020-09-30T00:00:00.000,12,602,600,59319,59319,602,2020-09-30,12,600,0.02,0.0139190211024694,14.826621926861
Chautauqua,2020-10-01T00:00:00.000,2,604,588,59907,59907,604,2020-10-01,2,588,0.00340136054421769,0.0141244123508643,2.47051861355627
Chautauqua,2020-10-02T00:00:00.000,7,611,1057,60964,60964,611,2020-10-02,7,1057,0.00662251655629139,0.0143603668636123,8.64235165490983
Chautauqua,2020-10-03T00:00:00.000,18,629,759,61723,61723,629,2020-10-03,18,759,0.0237154150197628,0.014626300070733,22.2055084296189
Chautauqua,2020-10-04T00:00:00.000,3,632,390,62113,62113,632,2020-10-04,3,390,0.00769230769230769,0.0149213539077722,3.69693761711359
Chautauqua,2020-10-05T00:00:00.000,4,636,278,62391,62391,636,2020-10-05,4,278,0.0143884892086331,0.0152443605418707,4.92256399626766
Chautauqua,2020-10-06T00:00:00.000,5,641,423,62814,62814,641,2020-10-06,5,423,0.0118203309692671,0.0155938045769278,6.1431206547202
Chautauqua,2020-10-07T00:00:00.000,15,656,695,63509,63509,656,2020-10-07,15,695,0.0215827338129496,0.0159677855516738,18.3939141682909
Chautauqua,2020-10-08T00:00:00.000,12,668,620,64129,64129,668,2020-10-08,12,620,0.0193548387096774,0.0163639828787417,14.6826013706017
Chautauqua,2020-10-09T00:00:00.000,14,682,927,65056,65056,682,2020-10-09,14,927,0.0151024811218986,0.0167796256729408,17.0852256550851
Chautauqua,2020-10-10T00:00:00.000,9,691,1167,66223,66223,691,2020-10-10,9,1167,0.0077120822622108,0.0172114701525419,10.9515227511083
Chautauqua,2020-10-11T00:00:00.000,4,695,288,66511,66511,695,2020-10-11,4,288,0.0138888888888889,0.0176557874268352,4.85184933592932
Chautauqua,2020-10-12T00:00:00.000,37,732,413,66924,66924,732,2020-10-12,37,413,0.0895883777239709,0.0181083644776888,44.7237749583889
Chautauqua,2020-10-13T00:00:00.000,16,748,406,67330,67330,748,2020-10-13,16,406,0.0394088669950739,0.0185645209523003,19.2671857524309
Chautauqua,2020-10-14T00:00:00.000,10,758,285,67615,67615,758,2020-10-14,10,285,0.0350877192982456,0.0190191439976823,12.0032930413529
Chautauqua,2020-10-15T00:00:00.000,13,771,640,68255,68255,771,2020-10-15,13,640,0.0203125,0.0194667427509804,15.5607439366286
Chautauqua,2020-10-16T00:00:00.000,18,789,548,68803,68803,789,2020-10-16,18,548,0.0328467153284672,0.0199015232711204,21.5196558142507
Chautauqua,2020-10-17T00:00:00.000,7,796,368,69171,69171,796,2020-10-17,7,368,0.0190217391304348,0.0203174836645171,8.36054681451657
Chautauqua,2020-10-18T00:00:00.000,3,799,513,69684,69684,799,2020-10-18,3,513,0.00584795321637427,0.0207085279777325,3.57934829591271
Chautauqua,2020-10-19T00:00:00.000,6,805,558,70242,70242,805,2020-10-19,6,558,0.010752688172043,0.0210685961710333,7.15580941948715
Chautauqua,2020-10-20T00:00:00.000,40,845,540,70782,70782,845,2020-10-20,40,540,0.0740740740740741,0.021391806226986,47.7276417963404
Chautauqua,2020-10-21T00:00:00.000,13,858,932,71714,71714,858,2020-10-21,13,932,0.0139484978540773,0.0216726033107499,15.5138263103706
Chautauqua,2020-10-22T00:00:00.000,10,868,488,72202,72202,868,2020-10-22,10,488,0.0204918032786885,0.0219059099681137,11.936284322782
Chautauqua,2020-10-23T00:00:00.000,9,877,910,73112,73112,877,2020-10-23,9,910,0.00989010989010989,0.0220872707379017,10.7381344374648
Chautauqua,2020-10-24T00:00:00.000,7,884,769,73881,73881,884,2020-10-24,7,769,0.00910273081924577,0.0222129843437217,8.34292931843825
Chautauqua,2020-10-25T00:00:00.000,3,887,433,74314,74314,887,2020-10-25,3,433,0.0069284064665127,0.0222802168583418,3.56934477867663
Chautauqua,2020-10-26T00:00:00.000,18,905,793,75107,75107,905,2020-10-26,18,793,0.0226986128625473,0.0222870899381432,21.3646894804947
Chautauqua,2020-10-27T00:00:00.000,19,924,622,75729,75729,924,2020-10-27,19,622,0.0305466237942122,0.0222327393371695,22.4824847819289
Chautauqua,2020-10-28T00:00:00.000,31,955,1345,77074,77074,955,2020-10-28,31,1345,0.0230483271375465,0.0221173404149296,36.5452197572124
Chautauqua,2020-10-29T00:00:00.000,21,976,691,77765,77765,976,2020-10-29,21,691,0.0303907380607815,0.0219420990787304,24.6480010375731
Chautauqua,2020-10-30T00:00:00.000,18,994,671,78436,78436,994,2020-10-30,18,671,0.0268256333830104,0.0217092084825065,21.0208161388535
Chautauqua,2020-10-31T00:00:00.000,23,1017,950,79386,79386,1017,2020-10-31,23,950,0.0242105263157895,0.0214217736337006,26.708432479731
Chautauqua,2020-11-01T00:00:00.000,6,1023,706,80092,80092,1023,2020-11-01,6,706,0.0084985835694051,0.0210837077519628,6.92394593163206
Chautauqua,2020-11-02T00:00:00.000,17,1040,639,80731,80731,1040,2020-11-02,17,639,0.02660406885759,0.0206996055959892,19.4842090513798
Chautauqua,2020-11-03T00:00:00.000,11,1051,528,81259,81259,1051,2020-11-03,11,528,0.0208333333333333,0.0202745999800839,12.5146981474183
Chautauqua,2020-11-04T00:00:00.000,30,1081,1009,82268,82268,1081,2020-11-04,30,1009,0.0297324083250743,0.0198142082439172,33.8625298631846
Chautauqua,2020-11-05T00:00:00.000,13,1094,1187,83455,83455,1094,2020-11-05,13,1187,0.0109519797809604,0.0193241755197461,14.5513752388304
Chautauqua,2020-11-06T00:00:00.000,9,1103,919,84374,84374,1103,2020-11-06,9,919,0.00979325353645267,0.0188103212860751,9.98560422988841
Chautauqua,2020-11-07T00:00:00.000,11,1114,1006,85380,85380,1114,2020-11-07,11,1006,0.010934393638171,0.0182783949500108,12.0926544694063
Chautauqua,2020-11-08T00:00:00.000,4,1118,261,85641,85641,1118,2020-11-08,4,261,0.0153256704980843,0.0177339451818867,4.35512347778032
Chautauqua,2020-11-09T00:00:00.000,18,1136,574,86215,86215,1136,2020-11-09,18,574,0.0313588850174216,0.0171822065034896,19.4097723942762
Chautauqua,2020-11-10T00:00:00.000,25,1161,1816,88031,88031,1161,2020-11-10,25,1816,0.0137665198237885,0.0166280053523923,26.7423584800556
Chautauqua,2020-11-11T00:00:00.000,26,1187,1245,89276,89276,1187,2020-11-11,26,1245,0.0208835341365462,0.0160756865763547,27.6122610384021
Chautauqua,2020-11-12T00:00:00.000,23,1210,3147,92423,92423,1210,2020-11-12,23,3147,0.0073085478233238,0.0155290601750952,24.3304046606938
Chautauqua,2020-11-13T00:00:00.000,24,1234,2006,94429,94429,1234,2020-11-13,24,2006,0.0119641076769691,0.014991367141322,25.287463531714
Chautauqua,2020-11-14T00:00:00.000,5,1239,300,94729,94729,1239,2020-11-14,5,300,0.0166666666666667,0.014465262511586,5.24708796583739
Chautauqua,2020-11-15T00:00:00.000,9,1248,515,95244,95244,1248,2020-11-15,9,515,0.0174757281553398,0.0139528132479011,9.40651707574748
Chautauqua,2020-11-16T00:00:00.000,17,1265,709,95953,95953,1265,2020-11-16,17,709,0.0239774330042313,0.0134555083119574,17.6953306453561
Chautauqua,2020-11-17T00:00:00.000,39,1304,1817,97770,97770,1304,2020-11-17,39,1817,0.0214639515685195,0.0129742782646752,40.4282274388188
Chautauqua,2020-11-18T00:00:00.000,12,1316,769,98539,98539,1316,2020-11-18,12,769,0.0156046814044213,0.0125095218889321,12.3879577323663
Chemung,2020-03-01T00:00:00.000,0,0,0,0,0,0,2020-03-01,0,0,0,0.0104339387377322,0
Chemung,2020-03-02T00:00:00.000,0,0,0,0,0,0,2020-03-02,0,0,0,0.0113182187772744,0
Chemung,2020-03-03T00:00:00.000,0,0,0,0,0,0,2020-03-03,0,0,0,0.0122764385006268,0
Chemung,2020-03-04T00:00:00.000,0,0,0,0,0,0,2020-03-04,0,0,0,0.0133144664421446,0
Chemung,2020-03-05T00:00:00.000,0,0,0,0,0,0,2020-03-05,0,0,0,0.014438492425006,0
Chemung,2020-03-06T00:00:00.000,0,0,0,0,0,0,2020-03-06,0,0,0,0.0156550014453642,0
Chemung,2020-03-07T00:00:00.000,0,0,0,0,0,0,2020-03-07,0,0,0,0.016970734271635,0
Chemung,2020-03-08T00:00:00.000,0,0,0,0,0,0,2020-03-08,0,0,0,0.0183926321824524,0
Chemung,2020-03-09T00:00:00.000,0,0,0,0,0,0,2020-03-09,0,0,0,0.0199277630780961,0
Chemung,2020-03-10T00:00:00.000,0,0,1,1,1,0,2020-03-10,0,1,0,0.0215832260830755,0
Chemung,2020-03-11T00:00:00.000,0,0,0,1,1,0,2020-03-11,0,0,0,0.0233660317455187,0
Chemung,2020-03-12T00:00:00.000,0,0,0,1,1,0,2020-03-12,0,0,0,0.0252829550717454,0
Chemung,2020-03-13T00:00:00.000,0,0,0,1,1,0,2020-03-13,0,0,0,0.0273403589561015,0
Chemung,2020-03-14T00:00:00.000,0,0,0,1,1,0,2020-03-14,0,0,0,0.0295439861223839,0
Chemung,2020-03-15T00:00:00.000,0,0,1,2,2,0,2020-03-15,0,1,0,0.0318987185301056,0
Chemung,2020-03-16T00:00:00.000,0,0,0,2,2,0,2020-03-16,0,0,0,0.0344083043543809,0
Chemung,2020-03-17T00:00:00.000,0,0,0,2,2,0,2020-03-17,0,0,0,0.0370750541505266,0
Chemung,2020-03-18T00:00:00.000,0,0,2,4,4,0,2020-03-18,0,2,0,0.0398995096691589,0
Chemung,2020-03-19T00:00:00.000,0,0,6,10,10,0,2020-03-19,0,6,0,0.0428800909755826,0
Chemung,2020-03-20T00:00:00.000,0,0,10,20,20,0,2020-03-20,0,10,0,0.0460127299904087,0
Chemung,2020-03-21T00:00:00.000,0,0,2,22,22,0,2020-03-21,0,2,0,0.0492905012104415,0
Chemung,2020-03-22T00:00:00.000,0,0,17,39,39,0,2020-03-22,0,17,0,0.052703263044264,0
Chemung,2020-03-23T00:00:00.000,1,1,17,56,56,1,2020-03-23,1,17,0.0588235294117647,0.056237325720618,1.10333310134986
Chemung,2020-03-24T00:00:00.000,0,1,5,61,61,1,2020-03-24,0,5,0,0.0598751638757618,0
Chemung,2020-03-25T00:00:00.000,6,7,57,118,118,7,2020-03-25,6,57,0.105263157894737,0.0635951934554882,6.60488837079443
Chemung,2020-03-26T00:00:00.000,4,11,48,166,166,11,2020-03-26,4,48,0.0833333333333333,0.0673716332367625,4.39270974641395
Chemung,2020-03-27T00:00:00.000,1,12,48,214,214,12,2020-03-27,1,48,0.0208333333333333,0.0711744708696809,1.10420265943004
Chemung,2020-03-28T00:00:00.000,3,15,25,239,239,15,2020-03-28,3,25,0.12,0.0749695517078464,3.31531454475749
Chemung,2020-03-29T00:00:00.000,0,15,7,246,246,15,2020-03-29,0,7,0,0.0787188057688326,0
Chemung,2020-03-30T00:00:00.000,5,20,47,293,293,20,2020-03-30,5,47,0.106382978723404,0.0823806239820519,5.51915127138375
Chemung,2020-03-31T00:00:00.000,2,22,42,335,335,22,2020-03-31,2,42,0.0476190476190476,0.0859103895964668,2.21057396240935
Chemung,2020-04-01T00:00:00.000,0,22,14,349,349,22,2020-04-01,0,14,0,0.0892611644925961,0
Chemung,2020-04-02T00:00:00.000,13,35,84,433,433,35,2020-04-02,13,84,0.154761904761905,0.0923845235140087,14.5302383342363
Chemung,2020-04-03T00:00:00.000,1,36,28,461,461,36,2020-04-03,1,28,0.0357142857142857,0.0952315231825094,1.12270020489203
Chemung,2020-04-04T00:00:00.000,2,38,35,496,496,38,2020-04-04,2,35,0.0571428571428571,0.0977537846603179,2.25383362528939
Chemung,2020-04-05T00:00:00.000,9,47,50,546,546,47,2020-04-05,9,50,0.18,0.0999046648854743,10.1724509255923
Chemung,2020-04-06T00:00:00.000,2,49,22,568,568,49,2020-04-06,2,22,0.0909090909090909,0.101640484653556,2.26581544197185
Chemung,2020-04-07T00:00:00.000,6,55,56,624,624,55,2020-04-07,6,56,0.107142857142857,0.102921778157378,6.80934416635276
Chemung,2020-04-08T00:00:00.000,4,59,38,662,662,59,2020-04-08,4,38,0.105263157894737,0.103714525134696,4.54545259607807
Chemung,2020-04-09T00:00:00.000,0,59,39,701,701,59,2020-04-09,0,39,0,0.103991324254893,0
Chemung,2020-04-10T00:00:00.000,1,60,26,727,727,60,2020-04-10,1,26,0.0384615384615385,0.103732464644261,1.14212674230343
Chemung,2020-04-11T00:00:00.000,0,60,6,733,733,60,2020-04-11,0,6,0,0.10292685151323,0
Chemung,2020-04-12T00:00:00.000,0,60,9,742,742,60,2020-04-12,0,9,0,0.101572741867781,0
Chemung,2020-04-13T00:00:00.000,4,64,40,782,782,64,2020-04-13,4,40,0.1,0.0996782475891323,4.57667219197024
Chemung,2020-04-14T00:00:00.000,5,69,43,825,825,69,2020-04-14,5,43,0.116279069767442,0.0972615662802714,5.72486800187326
Chemung,2020-04-15T00:00:00.000,1,70,18,843,843,70,2020-04-15,1,18,0.0555555555555556,0.0943509058521109,1.14529542168244
Chemung,2020-04-16T00:00:00.000,1,71,9,852,852,71,2020-04-16,1,9,0.111111111111111,0.0909840775220189,1.14512702416213
Chemung,2020-04-17T00:00:00.000,1,72,32,884,884,72,2020-04-17,1,32,0.03125,0.0872077442177803,1.14476708115407
Chemung,2020-04-18T00:00:00.000,1,73,15,899,899,73,2020-04-18,1,15,0.0666666666666667,0.0830763274432283,1.14637815693248
Chemung,2020-04-19T00:00:00.000,0,73,17,916,916,73,2020-04-19,0,17,0,0.0786505950151324,0
Chemung,2020-04-20T00:00:00.000,2,75,32,948,948,75,2020-04-20,2,32,0.0625,0.0739959735641782,2.29579731580996
Chemung,2020-04-21T00:00:00.000,0,75,38,986,986,75,2020-04-21,0,38,0,0.0691806514272759,0
Chemung,2020-04-22T00:00:00.000,1,76,29,1015,1015,76,2020-04-22,1,29,0.0344827586206897,0.0642735570948438,1.14701995820496
Chemung,2020-04-23T00:00:00.000,3,79,39,1054,1054,79,2020-04-23,3,39,0.0769230769230769,0.0593423130250727,3.43692823315431
Chemung,2020-04-24T00:00:00.000,24,103,228,1282,1282,103,2020-04-24,24,228,0.105263157894737,0.0544512719194641,27.4470505043046
Chemung,2020-04-25T00:00:00.000,3,106,17,1299,1299,106,2020-04-25,3,17,0.176470588235294,0.049659740712748,3.42290525676284
Chemung,2020-04-26T00:00:00.000,2,108,20,1319,1319,108,2020-04-26,2,20,0.1,0.0450204859589025,2.27533339750029
Chemung,2020-04-27T00:00:00.000,5,113,64,1383,1383,113,2020-04-27,5,64,0.078125,0.0405785937786994,5.6686340870945
Chemung,2020-04-28T00:00:00.000,6,119,96,1479,1479,119,2020-04-28,6,96,0.0625,0.0363707302167662,6.77401011807069
Chemung,2020-04-29T00:00:00.000,3,122,84,1563,1563,122,2020-04-29,3,84,0.0357142857142857,0.0324248169162486,3.37081908546538
Chemung,2020-04-30T00:00:00.000,1,123,54,1617,1617,123,2020-04-30,1,54,0.0185185185185185,0.0287601061303237,1.11761598965594
Chemung,2020-05-01T00:00:00.000,1,124,36,1653,1653,124,2020-05-01,1,36,0.0277777777777778,0.0253876117801312,1.11105666511208
Chemung,2020-05-02T00:00:00.000,1,125,26,1679,1679,125,2020-05-02,1,26,0.0384615384615385,0.0223108323383234,1.10395892780197
Chemung,2020-05-03T00:00:00.000,1,126,244,1923,1923,126,2020-05-03,1,244,0.00409836065573771,0.0195266884423106,1.09809894607865
Chemung,2020-05-04T00:00:00.000,0,126,154,2077,2077,126,2020-05-04,0,154,0,0.0170265937275324,0
Chemung,2020-05-05T00:00:00.000,2,128,143,2220,2220,128,2020-05-05,2,143,0.013986013986014,0.0147975806650555,2.17966739245035
Chemung,2020-05-06T00:00:00.000,1,129,89,2309,2309,129,2020-05-06,1,89,0.0112359550561798,0.0128234125782643,1.08326658579372
Chemung,2020-05-07T00:00:00.000,1,130,46,2355,2355,130,2020-05-07,1,46,0.0217391304347826,0.0110856264255789,1.07583142967554
Chemung,2020-05-08T00:00:00.000,1,131,108,2463,2463,131,2020-05-08,1,108,0.00925925925925926,0.00956446622758952,1.06614467779072
Chemung,2020-05-09T00:00:00.000,0,131,125,2588,2588,131,2020-05-09,0,125,0,0.0082396822915108,0
Chemung,2020-05-10T00:00:00.000,0,131,174,2762,2762,131,2020-05-10,0,174,0,0.00709118519342699,0
Chemung,2020-05-11T00:00:00.000,0,131,68,2830,2830,131,2020-05-11,0,68,0,0.00609955489304762,0
Chemung,2020-05-12T00:00:00.000,1,132,282,3112,3112,132,2020-05-12,1,282,0.00354609929078014,0.00524641395109702,1.03131416933357
Chemung,2020-05-13T00:00:00.000,0,132,312,3424,3424,132,2020-05-13,0,312,0,0.00451467958293817,0
Chemung,2020-05-14T00:00:00.000,1,133,234,3658,3658,133,2020-05-14,1,234,0.00427350427350427,0.00388871249312842,1.01748966842743
Chemung,2020-05-15T00:00:00.000,1,134,240,3898,3898,134,2020-05-15,1,240,0.00416666666666667,0.0033543815450868,1.01041709767484
Chemung,2020-05-16T00:00:00.000,0,134,106,4004,4004,134,2020-05-16,0,106,0,0.00289906284518265,0
Chemung,2020-05-17T00:00:00.000,0,134,68,4072,4072,134,2020-05-17,0,68,0,0.00251159026723602,0
Chemung,2020-05-18T00:00:00.000,0,134,118,4190,4190,134,2020-05-18,0,118,0,0.00218217225606774,0
Chemung,2020-05-19T00:00:00.000,0,134,113,4303,4303,134,2020-05-19,0,113,0,0.00190228728526612,0
Chemung,2020-05-20T00:00:00.000,0,134,91,4394,4394,134,2020-05-20,0,91,0,0.00166456786949753,0
Chemung,2020-05-21T00:00:00.000,1,135,141,4535,4535,135,2020-05-21,1,141,0.00709219858156028,0.00146268072388116,0.993369886309691
Chemung,2020-05-22T00:00:00.000,1,136,233,4768,4768,136,2020-05-22,1,233,0.00429184549356223,0.00129120862717739,0.99102017795221
Chemung,2020-05-23T00:00:00.000,0,136,215,4983,4983,136,2020-05-23,0,215,0,0.00114553782993191,0
Chemung,2020-05-24T00:00:00.000,0,136,196,5179,5179,136,2020-05-24,0,196,0,0.00102175346041408,0
Chemung,2020-05-25T00:00:00.000,0,136,96,5275,5275,136,2020-05-25,0,96,0,0.000916544300344305,0
Chemung,2020-05-26T00:00:00.000,0,136,295,5570,5570,136,2020-05-26,0,295,0,0.000827117493803538,0
Chemung,2020-05-27T00:00:00.000,0,136,63,5633,5633,136,2020-05-27,0,63,0,0.000751123174028271,0
Chemung,2020-05-28T00:00:00.000,1,137,99,5732,5732,137,2020-05-28,1,99,0.0101010101010101,0.000686588600759823,0.948211000220807
Chemung,2020-05-29T00:00:00.000,0,137,451,6183,6183,137,2020-05-29,0,451,0,0.000631861154797177,0
Chemung,2020-05-30T00:00:00.000,0,137,337,6520,6520,137,2020-05-30,0,337,0,0.000585559400599845,0
Chemung,2020-05-31T00:00:00.000,0,137,73,6593,6593,137,2020-05-31,0,73,0,0.000546531372033481,0
Chemung,2020-06-01T00:00:00.000,0,137,145,6738,6738,137,2020-06-01,0,145,0,0.000513819236219534,0
Chemung,2020-06-02T00:00:00.000,0,137,247,6985,6985,137,2020-06-02,0,247,0,0.000486629526800264,0
Chemung,2020-06-03T00:00:00.000,0,137,219,7204,7204,137,2020-06-03,0,219,0,0.000464308196280955,0
Chemung,2020-06-04T00:00:00.000,0,137,114,7318,7318,137,2020-06-04,0,114,0,0.00044631980680603,0
Chemung,2020-06-05T00:00:00.000,0,137,853,8171,8171,137,2020-06-05,0,853,0,0.000432230252228991,0
Chemung,2020-06-06T00:00:00.000,0,137,263,8434,8434,137,2020-06-06,0,263,0,0.000421692476514264,0
Chemung,2020-06-07T00:00:00.000,0,137,217,8651,8651,137,2020-06-07,0,217,0,0.000414434721034885,0
Chemung,2020-06-08T00:00:00.000,1,138,544,9195,9195,138,2020-06-08,1,544,0.00183823529411765,0.000410250894204317,0.894029518398857
Chemung,2020-06-09T00:00:00.000,0,138,296,9491,9491,138,2020-06-09,0,296,0,0.00040899271004812,0
Chemung,2020-06-10T00:00:00.000,0,138,437,9928,9928,138,2020-06-10,0,437,0,0.000410563287372772,0
Chemung,2020-06-11T00:00:00.000,0,138,169,10097,10097,138,2020-06-11,0,169,0,0.00041491193815531,0
Chemung,2020-06-12T00:00:00.000,0,138,380,10477,10477,138,2020-06-12,0,380,0,0.000422029902990159,0
Chemung,2020-06-13T00:00:00.000,0,138,157,10634,10634,138,2020-06-13,0,157,0,0.000431946813432445,0
Chemung,2020-06-14T00:00:00.000,0,138,106,10740,10740,138,2020-06-14,0,106,0,0.000444727676582378,0
Chemung,2020-06-15T00:00:00.000,0,138,219,10959,10959,138,2020-06-15,0,219,0,0.000460470187146342,0
Chemung,2020-06-16T00:00:00.000,0,138,325,11284,11284,138,2020-06-16,0,325,0,0.00047930217755022,0
Chemung,2020-06-17T00:00:00.000,0,138,317,11601,11601,138,2020-06-17,0,317,0,0.000501379018761167,0
Chemung,2020-06-18T00:00:00.000,1,139,372,11973,11973,139,2020-06-18,1,372,0.00268817204301075,0.000526880784849822,0.92933568318067
Chemung,2020-06-19T00:00:00.000,0,139,267,12240,12240,139,2020-06-19,0,267,0,0.000556008994848303,0
Chemung,2020-06-20T00:00:00.000,0,139,108,12348,12348,139,2020-06-20,0,108,0,0.000588982748310606,0
Chemung,2020-06-21T00:00:00.000,0,139,198,12546,12546,139,2020-06-21,0,198,0,0.000626034078626746,0
Chemung,2020-06-22T00:00:00.000,0,139,237,12783,12783,139,2020-06-22,0,237,0,0.000667402363278787,0
Chemung,2020-06-23T00:00:00.000,0,139,275,13058,13058,139,2020-06-23,0,275,0,0.000713327655634099,0
Chemung,2020-06-24T00:00:00.000,0,139,306,13364,13364,139,2020-06-24,0,306,0,0.000764042841186341,0
Chemung,2020-06-25T00:00:00.000,0,139,148,13512,13512,139,2020-06-25,0,148,0,0.000819764574559408,0
Chemung,2020-06-26T00:00:00.000,0,139,340,13852,13852,139,2020-06-26,0,340,0,0.000880683023450619,0
Chemung,2020-06-27T00:00:00.000,1,140,276,14128,14128,140,2020-06-27,1,276,0.0036231884057971,0.000946950532067339,0.975652560527743
Chemung,2020-06-28T00:00:00.000,0,140,231,14359,14359,140,2020-06-28,0,231,0,0.00101866941788429,0
Chemung,2020-06-29T00:00:00.000,1,141,167,14526,14526,141,2020-06-29,1,167,0.00598802395209581,0.00109587922795719,0.985137951374837
Chemung,2020-06-30T00:00:00.000,3,144,278,14804,14804,144,2020-06-30,3,278,0.0107913669064748,0.0011785438984627,2.96869433937048
Chemung,2020-07-01T00:00:00.000,0,144,194,14998,14998,144,2020-07-01,0,194,0,0.00126653937510318,0
Chemung,2020-07-02T00:00:00.000,1,145,205,15203,15203,145,2020-07-02,1,205,0.0048780487804878,0.00135964235191408,0.997622161020066
Chemung,2020-07-03T00:00:00.000,1,146,419,15622,15622,146,2020-07-03,1,419,0.00238663484486874,0.00145752085980774,0.999839392487599
Chemung,2020-07-04T00:00:00.000,0,146,257,15879,15879,146,2020-07-04,0,257,0,0.00155972747146091,0
Chemung,2020-07-05T00:00:00.000,0,146,250,16129,16129,146,2020-07-05,0,250,0,0.00166569587445919,0
Chemung,2020-07-06T00:00:00.000,1,147,244,16373,16373,147,2020-07-06,1,244,0.00409836065573771,0.00177474149115785,1.00992121928662
Chemung,2020-07-07T00:00:00.000,0,147,276,16649,16649,147,2020-07-07,0,276,0,0.00188606668693321,0
Chemung,2020-07-08T00:00:00.000,1,148,179,16828,16828,148,2020-07-08,1,179,0.00558659217877095,0.00199877090952175,1.01727238692827
Chemung,2020-07-09T00:00:00.000,0,148,308,17136,17136,148,2020-07-09,0,308,0,0.00211186584875206,0
Chemung,2020-07-10T00:00:00.000,0,148,268,17404,17404,148,2020-07-10,0,268,0,0.00222429541276444,0
Chemung,2020-07-11T00:00:00.000,0,148,378,17782,17782,148,2020-07-11,0,378,0,0.00233496000458993,0
Chemung,2020-07-12T00:00:00.000,0,148,190,17972,17972,148,2020-07-12,0,190,0,0.00244274427705541,0
Chemung,2020-07-13T00:00:00.000,1,149,332,18304,18304,149,2020-07-13,1,332,0.00301204819277108,0.00254654727181798,1.02725195207508
Chemung,2020-07-14T00:00:00.000,2,151,464,18768,18768,151,2020-07-14,2,464,0.00431034482758621,0.00264531363648857,2.05577599167968
Chemung,2020-07-15T00:00:00.000,0,151,422,19190,19190,151,2020-07-15,0,422,0,0.00273806448468312,0
Chemung,2020-07-16T00:00:00.000,0,151,473,19663,19663,151,2020-07-16,0,473,0,0.0028239264329957,0
Chemung,2020-07-17T00:00:00.000,2,153,284,19947,19947,153,2020-07-17,2,284,0.00704225352112676,0.00290215742264131,2.05742253740684
Chemung,2020-07-18T00:00:00.000,1,154,213,20160,20160,154,2020-07-18,1,213,0.00469483568075117,0.00297216810812295,1.03198003446759
Chemung,2020-07-19T00:00:00.000,1,155,139,20299,20299,155,2020-07-19,1,139,0.00719424460431655,0.00303353785696028,1.03446905698075
Chemung,2020-07-20T00:00:00.000,0,155,188,20487,20487,155,2020-07-20,0,188,0,0.00308602473111455,0
Chemung,2020-07-21T00:00:00.000,1,156,273,20760,20760,156,2020-07-21,1,273,0.00366300366300366,0.00312956918411983,1.03699997730564
Chemung,2020-07-22T00:00:00.000,1,157,506,21266,21266,157,2020-07-22,1,506,0.00197628458498024,0.00316429157738429,1.03697835521005
Chemung,2020-07-23T00:00:00.000,1,158,640,21906,21906,158,2020-07-23,1,640,0.0015625,0.00319048396458012,1.03627140271204
Chemung,2020-07-24T00:00:00.000,2,160,336,22242,22242,160,2020-07-24,2,336,0.00595238095238095,0.0032085968885637,2.07854018949737
Chemung,2020-07-25T00:00:00.000,0,160,146,22388,22388,160,2020-07-25,0,146,0,0.00321922216116215,0
Chemung,2020-07-26T00:00:00.000,0,160,109,22497,22497,160,2020-07-26,0,109,0,0.00322307274084578,0
Chemung,2020-07-27T00:00:00.000,0,160,142,22639,22639,160,2020-07-27,0,142,0,0.00322096088352866,0
Chemung,2020-07-28T00:00:00.000,1,161,413,23052,23052,161,2020-07-28,1,413,0.00242130750605327,0.00321377572207902,1.04282599190208
Chemung,2020-07-29T00:00:00.000,1,162,387,23439,23439,162,2020-07-29,1,387,0.00258397932816537,0.00320246134163487,1.04155164167214
Chemung,2020-07-30T00:00:00.000,1,163,409,23848,23848,163,2020-07-30,1,409,0.00244498777506112,0.0031879962760302,1.03944902058185
Chemung,2020-07-31T00:00:00.000,0,163,232,24080,24080,163,2020-07-31,0,232,0,0.00317137517337066,0
Chemung,2020-08-01T00:00:00.000,0,163,196,24276,24276,163,2020-08-01,0,196,0,0.00315359318423931,0
Chemung,2020-08-02T00:00:00.000,0,163,90,24366,24366,163,2020-08-02,0,90,0,0.00313563343071218,0
Chemung,2020-08-03T00:00:00.000,0,163,101,24467,24467,163,2020-08-03,0,101,0,0.00311845773219784,0
Chemung,2020-08-04T00:00:00.000,2,165,570,25037,25037,165,2020-08-04,2,570,0.00350877192982456,0.0031030006053558,2.06113158001577
Chemung,2020-08-05T00:00:00.000,0,165,417,25454,25454,165,2020-08-05,0,417,0,0.00309016642649202,0
Chemung,2020-08-06T00:00:00.000,3,168,376,25830,25830,168,2020-08-06,3,376,0.00797872340425532,0.00308082954874626,3.08389080181784
Chemung,2020-08-07T00:00:00.000,3,171,387,26217,26217,171,2020-08-07,3,387,0.00775193798449612,0.00307583710292496,3.08918852514004
Chemung,2020-08-08T00:00:00.000,0,171,264,26481,26481,171,2020-08-08,0,264,0,0.0030760141772701,0
Chemung,2020-08-09T00:00:00.000,1,172,181,26662,26662,172,2020-08-09,1,181,0.00552486187845304,0.00308217106354882,1.0331623402709
Chemung,2020-08-10T00:00:00.000,4,176,273,26935,26935,176,2020-08-10,4,273,0.0146520146520147,0.00309511226928716,4.139296091923
Chemung,2020-08-11T00:00:00.000,1,177,443,27378,27378,177,2020-08-11,1,443,0.00225733634311512,0.0031156470231179,1.03627133560437
Chemung,2020-08-12T00:00:00.000,7,184,472,27850,27850,184,2020-08-12,7,472,0.0148305084745763,0.00314460103657353,7.26257976756646
Chemung,2020-08-13T00:00:00.000,3,187,396,28246,28246,187,2020-08-13,3,396,0.00757575757575758,0.0031828293261516,3.11623640838683
Chemung,2020-08-14T00:00:00.000,1,188,476,28722,28722,188,2020-08-14,1,476,0.00210084033613445,0.00323122993964284,1.04145656883252
Chemung,2020-08-15T00:00:00.000,1,189,253,28975,28975,189,2020-08-15,1,253,0.00395256916996047,0.0032907584667827,1.04641777021008
Chemung,2020-08-16T00:00:00.000,1,190,149,29124,29124,190,2020-08-16,1,149,0.00671140939597315,0.00336244324314166,1.05158065992949
Chemung,2020-08-17T00:00:00.000,0,190,155,29279,29279,190,2020-08-17,0,155,0,0.00344740117516273,0
Chemung,2020-08-18T00:00:00.000,1,191,320,29599,29599,191,2020-08-18,1,320,0.003125,0.00354685412133326,1.05915457389589
Chemung,2020-08-19T00:00:00.000,2,193,247,29846,29846,193,2020-08-19,2,247,0.00809716599190283,0.00366214575768303,2.12646693714584
Chemung,2020-08-20T00:00:00.000,0,193,573,30419,30419,193,2020-08-20,0,573,0,0.00379475883354549,0
Chemung,2020-08-21T00:00:00.000,1,194,407,30826,30826,194,2020-08-21,1,407,0.00245700245700246,0.00394633268425433,1.07211015414197
Chemung,2020-08-22T00:00:00.000,0,194,264,31090,31090,194,2020-08-22,0,264,0,0.00411868080978159,0
Chemung,2020-08-23T00:00:00.000,0,194,164,31254,31254,194,2020-08-23,0,164,0,0.00431380825096803,0
Chemung,2020-08-24T00:00:00.000,0,194,103,31357,31357,194,2020-08-24,0,103,0,0.00453392839714324,0
Chemung,2020-08-25T00:00:00.000,0,194,430,31787,31787,194,2020-08-25,0,430,0,0.00478147874001379,0
Chemung,2020-08-26T00:00:00.000,0,194,371,32158,32158,194,2020-08-26,0,371,0,0.00505913494934671,0
Chemung,2020-08-27T00:00:00.000,2,196,525,32683,32683,196,2020-08-27,2,525,0.00380952380952381,0.00536982248766567,2.21619157325835
Chemung,2020-08-28T00:00:00.000,0,196,302,32985,32985,196,2020-08-28,0,302,0,0.00571672480753793,0
Chemung,2020-08-29T00:00:00.000,4,200,218,33203,33203,200,2020-08-29,4,218,0.018348623853211,0.00610328699149576,4.50621655993461
Chemung,2020-08-30T00:00:00.000,3,203,146,33349,33349,203,2020-08-30,3,146,0.0205479452054795,0.00653321350997537,3.41145658178516
Chemung,2020-08-31T00:00:00.000,2,205,95,33444,33444,205,2020-08-31,2,95,0.0210526315789474,0.00701045859846722,2.29609098757243
Chemung,2020-09-01T00:00:00.000,0,205,338,33782,33782,205,2020-09-01,0,338,0,0.00753920760720699,0
Chemung,2020-09-02T00:00:00.000,0,205,554,34336,34336,205,2020-09-02,0,554,0,0.00812384757448151,0
Chemung,2020-09-03T00:00:00.000,1,206,243,34579,34579,206,2020-09-03,1,243,0.00411522633744856,0.00876892524134739,1.18212476936116
Chemung,2020-09-04T00:00:00.000,0,206,239,34818,34818,206,2020-09-04,0,239,0,0.00947909078716024,0
Chemung,2020-09-05T00:00:00.000,2,208,176,34994,34994,208,2020-09-05,2,176,0.0113636363636364,0.0102590257495375,2.41112667771869
Chemung,2020-09-06T00:00:00.000,2,210,105,35099,35099,210,2020-09-06,2,105,0.019047619047619,0.0111133539259672,2.43468312364188
Chemung,2020-09-07T00:00:00.000,1,211,141,35240,35240,211,2020-09-07,1,141,0.00709219858156028,0.0120465345604543,1.22903652396138
Chemung,2020-09-08T00:00:00.000,3,214,159,35399,35399,214,2020-09-08,3,159,0.0188679245283019,0.0130627378128927,3.72129308033986
Chemung,2020-09-09T00:00:00.000,4,218,677,36076,36076,218,2020-09-09,4,677,0.00590841949778434,0.014165703395169,5.00648662874985
Chemung,2020-09-10T00:00:00.000,21,239,427,36503,36503,239,2020-09-10,21,427,0.0491803278688525,0.0153585843236321,26.5132781827536
Chemung,2020-09-11T00:00:00.000,8,247,379,36882,36882,247,2020-09-11,8,379,0.0211081794195251,0.0166437789499186,10.1987281945393
Chemung,2020-09-12T00:00:00.000,4,251,134,37016,37016,251,2020-09-12,4,134,0.0298507462686567,0.018022755735026,5.15126707846872
Chemung,2020-09-13T00:00:00.000,0,251,325,37341,37341,251,2020-09-13,0,325,0,0.0194958765455578,0
Chemung,2020-09-14T00:00:00.000,18,269,444,37785,37785,269,2020-09-14,18,444,0.0405405405405405,0.0210622254743849,23.6243705087695
Chemung,2020-09-15T00:00:00.000,6,275,365,38150,38150,275,2020-09-15,6,365,0.0164383561643836,0.0227194512034229,7.94385199179228
Chemung,2020-09-16T00:00:00.000,19,294,728,38878,38878,294,2020-09-16,19,728,0.0260989010989011,0.024463631608894,25.3618390790255
Chemung,2020-09-17T00:00:00.000,11,305,653,39531,39531,305,2020-09-17,11,653,0.0168453292496172,0.0262891695407371,14.7945397510322
Chemung,2020-09-18T00:00:00.000,17,322,621,40152,40152,322,2020-09-18,17,621,0.0273752012882448,0.0281887283885939,23.0225662336843
Chemung,2020-09-19T00:00:00.000,8,330,273,40425,40425,330,2020-09-19,8,273,0.0293040293040293,0.0301532151138017,10.8910656091525
Chemung,2020-09-20T00:00:00.000,8,338,179,40604,40604,338,2020-09-20,8,179,0.0446927374301676,0.0321718168651758,10.9356592382873
Chemung,2020-09-21T00:00:00.000,11,349,243,40847,40847,349,2020-09-21,11,243,0.0452674897119342,0.0342320951486008,15.0863958928168
Chemung,2020-09-22T00:00:00.000,12,361,825,41672,41672,361,2020-09-22,12,825,0.0145454545454545,0.0363201388912484,16.4993921768516
Chemung,2020-09-23T00:00:00.000,26,387,750,42422,42422,387,2020-09-23,26,750,0.0346666666666667,0.0384207747892133,35.8100313991961
Chemung,2020-09-24T00:00:00.000,28,415,706,43128,43128,415,2020-09-24,28,706,0.0396600566572238,0.0405178302575251,38.5994853985192
Chemung,2020-09-25T00:00:00.000,25,440,599,43727,43727,440,2020-09-25,25,599,0.0417362270450751,0.0425944413413473,34.5823836527288
Chemung,2020-09-26T00:00:00.000,21,461,413,44140,44140,461,2020-09-26,21,413,0.0508474576271186,0.0446333953268145,29.2082958599503
Chemung,2020-09-27T00:00:00.000,9,470,152,44292,44292,470,2020-09-27,9,152,0.0592105263157895,0.0466174957158942,12.5759163395499
Chemung,2020-09-28T00:00:00.000,22,492,384,44676,44676,492,2020-09-28,22,384,0.0572916666666667,0.0485299358636298,30.8580149013065
Chemung,2020-09-29T00:00:00.000,18,510,582,45258,45258,510,2020-09-29,18,582,0.0309278350515464,0.0503546670171063,25.3224495454435
Chemung,2020-09-30T00:00:00.000,50,560,742,46000,46000,560,2020-09-30,50,742,0.0673854447439353,0.0520767467745598,70.4911323371899
Chemung,2020-10-01T00:00:00.000,31,591,590,46590,46590,591,2020-10-01,31,590,0.0525423728813559,0.0536826550574567,43.762909584154
Chemung,2020-10-02T00:00:00.000,60,651,824,47414,47414,651,2020-10-02,60,824,0.0728155339805825,0.0551605664567963,84.7483911297362
Chemung,2020-10-03T00:00:00.000,70,721,744,48158,48158,721,2020-10-03,70,744,0.0940860215053763,0.0565005701243859,98.8503227148563
Chemung,2020-10-04T00:00:00.000,26,747,302,48460,48460,747,2020-10-04,26,302,0.0860927152317881,0.0576948310499809,36.6798104739237
Chemung,2020-10-05T00:00:00.000,38,785,499,48959,48959,785,2020-10-05,38,499,0.0761523046092184,0.0587376894019854,53.5174905318933
Chemung,2020-10-06T00:00:00.000,31,816,664,49623,49623,816,2020-10-06,31,664,0.0466867469879518,0.0596256974280498,43.55408287621
Chemung,2020-10-07T00:00:00.000,39,855,869,50492,50492,855,2020-10-07,39,869,0.0448791714614499,0.060357596045574,54.6256009574638
Chemung,2020-10-08T00:00:00.000,33,888,769,51261,51261,888,2020-10-08,33,769,0.0429128738621586,0.0609342355675822,46.0503501601141
Chemung,2020-10-09T00:00:00.000,41,929,930,52191,52191,929,2020-10-09,41,930,0.0440860215053763,0.0613584469086583,56.962068171363
Chemung,2020-10-10T00:00:00.000,29,958,677,52868,52868,958,2020-10-10,29,677,0.0428360413589365,0.0616348710388136,40.0895194598842
Chemung,2020-10-11T00:00:00.000,27,985,401,53269,53269,985,2020-10-11,27,401,0.0673316708229426,0.0617697553789818,37.1193154262112
Chemung,2020-10-12T00:00:00.000,30,1015,491,53760,53760,1015,2020-10-12,30,491,0.0610997963340122,0.0617707262675206,40.9966464104766
Chemung,2020-10-13T00:00:00.000,46,1061,815,54575,54575,1061,2020-10-13,46,815,0.056441717791411,0.0616465466113709,62.4566424942998
Chemung,2020-10-14T00:00:00.000,43,1104,604,55179,55179,1104,2020-10-14,43,604,0.0711920529801325,0.0614068674228337,58.0325243190806
Chemung,2020-10-15T00:00:00.000,52,1156,994,56173,56173,1156,2020-10-15,52,994,0.0523138832997988,0.0610619812049155,69.7811476259323
Chemung,2020-10-16T00:00:00.000,43,1199,792,56965,56965,1199,2020-10-16,43,792,0.0542929292929293,0.06062258416271,57.4653536885122
Chemung,2020-10-17T00:00:00.000,45,1244,808,57773,57773,1244,2020-10-17,45,808,0.0556930693069307,0.060099553065994,59.903098798409
Chemung,2020-10-18T00:00:00.000,48,1292,429,58202,58202,1292,2020-10-18,48,429,0.111888111888112,0.0595037413464143,63.6448764042213
Chemung,2020-10-19T00:00:00.000,40,1332,482,58684,58684,1332,2020-10-19,40,482,0.0829875518672199,0.0588457977536148,52.8658831894221
Chemung,2020-10-20T00:00:00.000,49,1381,942,59626,59626,1381,2020-10-20,49,942,0.0520169851380042,0.0581360096800075,64.6138831024695
Chemung,2020-10-21T00:00:00.000,75,1456,1127,60753,60753,1456,2020-10-21,75,1127,0.0665483584738243,0.0573841721432516,98.6563263849739
Chemung,2020-10-22T00:00:00.000,54,1510,1150,61903,61903,1510,2020-10-22,54,1150,0.0469565217391304,0.0565994824283458,70.8741773721291
Chemung,2020-10-23T00:00:00.000,34,1544,891,62794,62794,1544,2020-10-23,34,891,0.0381593714927048,0.0557904595606996,44.5048183623686
Chemung,2020-10-24T00:00:00.000,96,1640,1206,64000,64000,1640,2020-10-24,96,1206,0.0796019900497512,0.0549648871215715,125.267843269303
Chemung,2020-10-25T00:00:00.000,22,1662,311,64311,64311,1662,2020-10-25,22,311,0.0707395498392283,0.0541297774296564,28.6049774192634
Chemung,2020-10-26T00:00:00.000,48,1710,687,64998,64998,1710,2020-10-26,48,687,0.0698689956331878,0.0532913547884403,62.1620970265342
Chemung,2020-10-27T00:00:00.000,33,1743,575,65573,65573,1743,2020-10-27,33,575,0.0573913043478261,0.0524550553265974,42.5484833685206
Chemung,2020-10-28T00:00:00.000,34,1777,995,66568,66568,1777,2020-10-28,34,995,0.0341708542713568,0.051625540914572,43.627564800122
Chemung,2020-10-29T00:00:00.000,20,1797,913,67481,67481,1797,2020-10-29,20,913,0.0219058050383352,0.0508067247058174,25.5303463875837
Chemung,2020-10-30T00:00:00.000,29,1826,606,68087,68087,1826,2020-10-30,29,606,0.0478547854785479,0.050001805998983,36.8136803075377
Chemung,2020-10-31T00:00:00.000,26,1852,754,68841,68841,1852,2020-10-31,26,754,0.0344827586206897,0.049213312326253,32.8107856025249
Chemung,2020-11-01T00:00:00.000,38,1890,391,69232,69232,1890,2020-11-01,38,391,0.0971867007672634,0.0484431469195639,47.6556667443189
Chemung,2020-11-02T00:00:00.000,33,1923,448,69680,69680,1923,2020-11-02,33,448,0.0736607142857143,0.0476926399725261,41.1146623797107
Chemung,2020-11-03T00:00:00.000,25,1948,637,70317,70317,1948,2020-11-03,25,637,0.0392464678178964,0.0469626023837115,30.9348267802082
Chemung,2020-11-04T00:00:00.000,48,1996,863,71180,71180,1996,2020-11-04,48,863,0.0556199304750869,0.0462533809238038,58.9733854428301
Chemung,2020-11-05T00:00:00.000,50,2046,1036,72216,72216,2046,2020-11-05,50,1036,0.0482625482625483,0.0455649140048128,60.9794706830682
Chemung,2020-11-06T00:00:00.000,50,2096,853,73069,73069,2096,2020-11-06,50,853,0.0586166471277843,0.0448967874360085,60.5178860660217
Chemung,2020-11-07T00:00:00.000,30,2126,937,74006,74006,2126,2020-11-07,30,937,0.032017075773746,0.0442482897251627,36.0284896507533
Chemung,2020-11-08T00:00:00.000,9,2135,501,74507,74507,2135,2020-11-08,9,501,0.0179640718562874,0.0436184666220804,10.7218442484741
Chemung,2020-11-09T00:00:00.000,22,2157,591,75098,75098,2157,2020-11-09,22,591,0.0372250423011844,0.0430061747042218,26.0025419982758
Chemung,2020-11-10T00:00:00.000,40,2197,972,76070,76070,2197,2020-11-10,40,972,0.0411522633744856,0.0424101338741234,46.9875323404333
Chemung,2020-11-11T00:00:00.000,44,2241,927,76997,76997,2241,2020-11-11,44,927,0.0474649406688242,0.0418289786777958,51.4176320385267
Chemung,2020-11-12T00:00:00.000,39,2280,1242,78239,78239,2280,2020-11-12,39,1242,0.0314009661835749,0.0412613083666455,45.4910420663527
Chemung,2020-11-13T00:00:00.000,51,2331,979,79218,79218,2331,2020-11-13,51,979,0.052093973442288,0.0407057356194015,59.3807448031701
Chemung,2020-11-14T00:00:00.000,31,2362,903,80121,80121,2362,2020-11-14,31,903,0.0343300110741971,0.0401609338200885,36.0294624710552
Chemung,2020-11-15T00:00:00.000,18,2380,856,80977,80977,2380,2020-11-15,18,856,0.0210280373831776,0.0396256827604907,20.8828775320248
Chemung,2020-11-16T00:00:00.000,24,2404,427,81404,81404,2404,2020-11-16,24,427,0.0562060889929742,0.0390989126088916,27.7937700070779
Chemung,2020-11-17T00:00:00.000,34,2438,846,82250,82250,2438,2020-11-17,34,846,0.0401891252955083,0.0385797459671589,39.3030836629402
Chemung,2020-11-18T00:00:00.000,49,2487,956,83206,83206,2487,2020-11-18,49,956,0.051255230125523,0.0380675378340556,56.538717969836
Chenango,2020-03-01T00:00:00.000,0,0,0,0,0,0,2020-03-01,0,0,0,0.497493867650775,0
Chenango,2020-03-02T00:00:00.000,0,0,0,0,0,0,2020-03-02,0,0,0,0.485819400273628,0
Chenango,2020-03-03T00:00:00.000,0,0,0,0,0,0,2020-03-03,0,0,0,0.474162010153259,0
Chenango,2020-03-04T00:00:00.000,0,0,0,0,0,0,2020-03-04,0,0,0,0.462536926398207,0
Chenango,2020-03-05T00:00:00.000,0,0,0,0,0,0,2020-03-05,0,0,0,0.450960198823057,0
Chenango,2020-03-06T00:00:00.000,0,0,0,0,0,0,2020-03-06,0,0,0,0.43944838635753,0
Chenango,2020-03-07T00:00:00.000,0,0,0,0,0,0,2020-03-07,0,0,0,0.428018242602979,0
Chenango,2020-03-08T00:00:00.000,0,0,0,0,0,0,2020-03-08,0,0,0,0.416686405485556,0
Chenango,2020-03-09T00:00:00.000,0,0,0,0,0,0,2020-03-09,0,0,0,0.405469097834293,0
Chenango,2020-03-10T00:00:00.000,0,0,0,0,0,0,2020-03-10,0,0,0,0.394381845331414,0
Chenango,2020-03-11T00:00:00.000,0,0,0,0,0,0,2020-03-11,0,0,0,0.383439217688744,0
Chenango,2020-03-12T00:00:00.000,0,0,0,0,0,0,2020-03-12,0,0,0,0.372654598102221,0
Chenango,2020-03-13T00:00:00.000,0,0,0,0,0,0,2020-03-13,0,0,0,0.362039985090014,0
Chenango,2020-03-14T00:00:00.000,0,0,0,0,0,0,2020-03-14,0,0,0,0.351605829774407,0
Chenango,2020-03-15T00:00:00.000,0,0,1,1,1,0,2020-03-15,0,1,0,0.341360910573226,0
Chenango,2020-03-16T00:00:00.000,0,0,2,3,3,0,2020-03-16,0,2,0,0.331312246197955,0
Chenango,2020-03-17T00:00:00.000,1,1,1,4,4,1,2020-03-17,1,1,1,0.321465046834142,1.44599389727919
Chenango,2020-03-18T00:00:00.000,1,2,1,5,5,2,2020-03-18,1,1,1,0.311822702479174,1.41108969665339
Chenango,2020-03-19T00:00:00.000,0,2,0,5,5,2,2020-03-19,0,0,0.5,0.302386806631537,0
Chenango,2020-03-20T00:00:00.000,0,2,4,9,9,2,2020-03-20,0,4,0,0.293157212911207,0
Chenango,2020-03-21T00:00:00.000,1,3,4,13,13,3,2020-03-21,1,4,0.25,0.284132121725554,1.32281464753475
Chenango,2020-03-22T00:00:00.000,0,3,2,15,15,3,2020-03-22,0,2,0,0.275308193789897,0
Chenango,2020-03-23T00:00:00.000,0,3,3,18,18,3,2020-03-23,0,3,0,0.266680687142147,0
Chenango,2020-03-24T00:00:00.000,0,3,6,24,24,3,2020-03-24,0,6,0,0.258243614241321,0
Chenango,2020-03-25T00:00:00.000,0,3,1,25,25,3,2020-03-25,0,1,0,0.249989915777813,0
Chenango,2020-03-26T00:00:00.000,1,4,6,31,31,4,2020-03-26,1,6,0.166666666666667,0.241911647922583,1.24793075163053
Chenango,2020-03-27T00:00:00.000,4,8,13,44,44,8,2020-03-27,4,13,0.307692307692308,0.234000179874604,4.97505601063204
Chenango,2020-03-28T00:00:00.000,7,15,15,59,59,15,2020-03-28,7,15,0.466666666666667,0.226246398702,8.63915369407628
Chenango,2020-03-29T00:00:00.000,2,17,7,66,66,17,2020-03-29,2,7,0.285714285714286,0.218640918587197,2.44676450741108
Chenango,2020-03-30T00:00:00.000,2,19,9,75,75,19,2020-03-30,2,9,0.222222222222222,0.211174291669327,2.42557040916788
Chenango,2020-03-31T00:00:00.000,7,26,20,95,95,26,2020-03-31,7,20,0.35,0.203837217706245,8.43522893690766
Chenango,2020-04-01T00:00:00.000,2,28,16,111,111,28,2020-04-01,2,16,0.125,0.196620749757108,2.40657343343809
Chenango,2020-04-02T00:00:00.000,4,32,17,128,128,32,2020-04-02,4,17,0.235294117647059,0.189516493011547,4.80390218332485
Chenango,2020-04-03T00:00:00.000,7,39,40,168,168,39,2020-04-03,7,40,0.175,0.182516793776849,8.38714308090739
Chenango,2020-04-04T00:00:00.000,4,43,17,185,185,43,2020-04-04,4,17,0.235294117647059,0.175614915490084,4.77963388535516
Chenango,2020-04-05T00:00:00.000,3,46,27,212,212,46,2020-04-05,3,27,0.111111111111111,0.168805198478658,3.57342238491567
Chenango,2020-04-06T00:00:00.000,5,51,42,254,254,51,2020-04-06,5,42,0.119047619047619,0.162083200073608,5.93514957705517
Chenango,2020-04-07T00:00:00.000,2,53,11,265,265,53,2020-04-07,2,11,0.181818181818182,0.155445811615941,2.36532708610541
Chenango,2020-04-08T00:00:00.000,2,55,21,286,286,55,2020-04-08,2,21,0.0952380952380952,0.148891348928792,2.356406029874
Chenango,2020-04-09T00:00:00.000,5,60,29,315,315,60,2020-04-09,5,29,0.172413793103448,0.142419612985412,5.88080744538804
Chenango,2020-04-10T00:00:00.000,1,61,17,332,332,61,2020-04-10,1,17,0.0588235294117647,0.136031917817564,1.17351031908616
Chenango,2020-04-11T00:00:00.000,2,63,12,344,344,63,2020-04-11,2,12,0.166666666666667,0.129731083212392,2.34073085009296
Chenango,2020-04-12T00:00:00.000,2,65,17,361,361,65,2020-04-12,2,17,0.117647058823529,0.123521390442369,2.33364344294884
Chenango,2020-04-13T00:00:00.000,3,68,36,397,397,68,2020-04-13,3,36,0.0833333333333333,0.117408500179477,3.48916080164675
Chenango,2020-04-14T00:00:00.000,3,71,17,414,414,71,2020-04-14,3,17,0.176470588235294,0.111399332833803,3.48185644214076
Chenango,2020-04-15T00:00:00.000,2,73,21,435,435,73,2020-04-15,2,21,0.0952380952380952,0.105501912810614,2.31632207578959
Chenango,2020-04-16T00:00:00.000,3,76,16,451,451,76,2020-04-16,3,16,0.1875,0.0997251795347873,3.46704007482619
Chenango,2020-04-17T00:00:00.000,1,77,11,462,462,77,2020-04-17,1,11,0.0909090909090909,0.0940787694920909,1.15348191544913
Chenango,2020-04-18T00:00:00.000,1,78,13,475,475,78,2020-04-18,1,13,0.0769230769230769,0.0885727748914648,1.15374597402694
Chenango,2020-04-19T00:00:00.000,0,78,11,486,486,78,2020-04-19,0,11,0,0.0832174857726863,0
Chenango,2020-04-20T00:00:00.000,1,79,7,493,493,79,2020-04-20,1,7,0.142857142857143,0.0780231233785256,1.15399804330043
Chenango,2020-04-21T00:00:00.000,0,79,17,510,510,79,2020-04-21,0,17,0,0.0729995732862244,0
Chenango,2020-04-22T00:00:00.000,3,82,20,530,530,82,2020-04-22,3,20,0.15,0.0681561270851201,3.46130194376487
Chenango,2020-04-23T00:00:00.000,2,84,20,550,550,84,2020-04-23,2,20,0.1,0.0635012412448815,2.30685862132013
Chenango,2020-04-24T00:00:00.000,7,91,144,694,694,91,2020-04-24,7,144,0.0486111111111111,0.0590423212245685,8.07045497981759
Chenango,2020-04-25T00:00:00.000,2,93,19,713,713,93,2020-04-25,2,19,0.105263157894737,0.0547855378510095,2.30446314835464
Chenango,2020-04-26T00:00:00.000,2,95,23,736,736,95,2020-04-26,2,23,0.0869565217391304,0.0507356815919931,2.30268946232709
Chenango,2020-04-27T00:00:00.000,0,95,10,746,746,95,2020-04-27,0,10,0,0.0468960586584642,0
Chenango,2020-04-28T00:00:00.000,1,96,18,764,764,96,2020-04-28,1,18,0.0555555555555556,0.04326843099312,1.14877904052579
Chenango,2020-04-29T00:00:00.000,2,98,25,789,789,98,2020-04-29,2,25,0.08,0.0398530002695163,2.29404817645535
Chenango,2020-04-30T00:00:00.000,1,99,21,810,810,99,2020-04-30,1,21,0.0476190476190476,0.0366484341587188,1.14503589288592
Chenango,2020-05-01T00:00:00.000,0,99,35,845,845,99,2020-05-01,0,35,0,0.0336519314372697,0
Chenango,2020-05-02T00:00:00.000,0,99,36,881,881,99,2020-05-02,0,36,0,0.0308593211093802,0
Chenango,2020-05-03T00:00:00.000,1,100,50,931,931,100,2020-05-03,1,50,0.02,0.028265189664966,1.13947238727935
Chenango,2020-05-04T00:00:00.000,0,100,42,973,973,100,2020-05-04,0,42,0,0.0258630299336299,0
Chenango,2020-05-05T00:00:00.000,2,102,51,1024,1024,102,2020-05-05,2,51,0.0392156862745098,0.0236454047277594,2.28426155694044
Chenango,2020-05-06T00:00:00.000,3,105,50,1074,1074,105,2020-05-06,3,50,0.06,0.0216041185705438,3.42381188847067
Chenango,2020-05-07T00:00:00.000,0,105,26,1100,1100,105,2020-05-07,0,26,0,0.0197303912306444,0
Chenango,2020-05-08T00:00:00.000,4,109,181,1281,1281,109,2020-05-08,4,181,0.0220994475138122,0.0180150274667973,4.54332237526005
Chenango,2020-05-09T00:00:00.000,0,109,45,1326,1326,109,2020-05-09,0,45,0,0.0164485782494776,0
Chenango,2020-05-10T00:00:00.000,2,111,107,1433,1433,111,2020-05-10,2,107,0.0186915887850467,0.0150214896960131,2.25366828004703
Chenango,2020-05-11T00:00:00.000,1,112,197,1630,1630,112,2020-05-11,1,197,0.0050761421319797,0.0137242369585239,1.12570032835942
Chenango,2020-05-12T00:00:00.000,0,112,83,1713,1713,112,2020-05-12,0,83,0,0.012547441278553,0
Chenango,2020-05-13T00:00:00.000,0,112,41,1754,1754,112,2020-05-13,0,41,0,0.0114819693194966,0
Chenango,2020-05-14T00:00:00.000,1,113,45,1799,1799,113,2020-05-14,1,45,0.0222222222222222,0.0105190146722833,1.12394984213548
Chenango,2020-05-15T00:00:00.000,2,115,54,1853,1853,115,2020-05-15,2,54,0.037037037037037,0.00965016208004782,2.24606798168851
Chenango,2020-05-16T00:00:00.000,2,117,50,1903,1903,117,2020-05-16,2,50,0.04,0.00886743543573714,2.24934432658653
Chenango,2020-05-17T00:00:00.000,1,118,62,1965,1965,118,2020-05-17,1,62,0.0161290322580645,0.00816333097379918,1.12709784346088
Chenango,2020-05-18T00:00:00.000,0,118,67,2032,2032,118,2020-05-18,0,67,0,0.00753083731435375,0
Chenango,2020-05-19T00:00:00.000,0,118,54,2086,2086,118,2020-05-19,0,54,0,0.00696344414006673,0
Chenango,2020-05-20T00:00:00.000,0,118,150,2236,2236,118,2020-05-20,0,150,0,0.00645514131212244,0
Chenango,2020-05-21T00:00:00.000,0,118,219,2455,2455,118,2020-05-21,0,219,0,0.00600041018112133,0
Chenango,2020-05-22T00:00:00.000,0,118,143,2598,2598,118,2020-05-22,0,143,0,0.00559420874154113,0
Chenango,2020-05-23T00:00:00.000,0,118,226,2824,2824,118,2020-05-23,0,226,0,0.00523195213214474,0
Chenango,2020-05-24T00:00:00.000,1,119,217,3041,3041,119,2020-05-24,1,217,0.00460829493087558,0.00490948981491834,1.14460692279645
Chenango,2020-05-25T00:00:00.000,4,123,221,3262,3262,123,2020-05-25,4,221,0.0180995475113122,0.00462308058497688,4.56790137777455
Chenango,2020-05-26T00:00:00.000,2,125,122,3384,3384,125,2020-05-26,2,122,0.0163934426229508,0.00436936638307122,2.27687835957326
Chenango,2020-05-27T00:00:00.000,1,126,139,3523,3523,126,2020-05-27,1,139,0.00719424460431655,0.00414534570894918,1.13425679313012
Chenango,2020-05-28T00:00:00.000,4,130,168,3691,3691,130,2020-05-28,4,168,0.0238095238095238,0.00394834727258015,4.5179025190702
Chenango,2020-05-29T00:00:00.000,2,132,199,3890,3890,132,2020-05-29,2,199,0.0100502512562814,0.00377600437464778,2.24829956444348
Chenango,2020-05-30T00:00:00.000,1,133,404,4294,4294,133,2020-05-30,1,404,0.00247524752475248,0.00362623037916171,1.11833911175268
Chenango,2020-05-31T00:00:00.000,0,133,173,4467,4467,133,2020-05-31,0,173,0,0.00349719552986952,0
Chenango,2020-06-01T00:00:00.000,0,133,190,4657,4657,133,2020-06-01,0,190,0,0.00338730526763007,0
Chenango,2020-06-02T00:00:00.000,0,133,245,4902,4902,133,2020-06-02,0,245,0,0.00329518012689097,0
Chenango,2020-06-03T00:00:00.000,0,133,193,5095,5095,133,2020-06-03,0,193,0,0.00321963722406537,0
Chenango,2020-06-04T00:00:00.000,0,133,329,5424,5424,133,2020-06-04,0,329,0,0.00315967329706863,0
Chenango,2020-06-05T00:00:00.000,0,133,252,5676,5676,133,2020-06-05,0,252,0,0.00311444921175514,0
Chenango,2020-06-06T00:00:00.000,1,134,233,5909,5909,134,2020-06-06,1,233,0.00429184549356223,0.00308327581545628,1.09633406083653
Chenango,2020-06-07T00:00:00.000,1,135,313,6222,6222,135,2020-06-07,1,313,0.00319488817891374,0.00306560098869246,1.09492977611113
Chenango,2020-06-08T00:00:00.000,0,135,177,6399,6399,135,2020-06-08,0,177,0,0.00306099772196505,0
Chenango,2020-06-09T00:00:00.000,2,137,234,6633,6633,137,2020-06-09,2,234,0.00854700854700855,0.00306915302413023,2.18406558127074
Chenango,2020-06-10T00:00:00.000,0,137,264,6897,6897,137,2020-06-10,0,264,0,0.00308985745132912,0
Chenango,2020-06-11T00:00:00.000,1,138,273,7170,7170,138,2020-06-11,1,273,0.00366300366300366,0.00312299503036412,1.10024929141611
Chenango,2020-06-12T00:00:00.000,0,138,188,7358,7358,138,2020-06-12,0,188,0,0.00316853333760083,0
Chenango,2020-06-13T00:00:00.000,0,138,219,7577,7577,138,2020-06-13,0,219,0,0.00322651348418062,0
Chenango,2020-06-14T00:00:00.000,0,138,79,7656,7656,138,2020-06-14,0,79,0,0.00329703975127665,0
Chenango,2020-06-15T00:00:00.000,1,139,213,7869,7869,139,2020-06-15,1,213,0.00469483568075117,0.00338026861636965,1.11706222407977
Chenango,2020-06-16T00:00:00.000,0,139,175,8044,8044,139,2020-06-16,0,175,0,0.00347639691460621,0
Chenango,2020-06-17T00:00:00.000,0,139,281,8325,8325,139,2020-06-17,0,281,0,0.00358564889007651,0
Chenango,2020-06-18T00:00:00.000,0,139,359,8684,8684,139,2020-06-18,0,359,0,0.00370826191251875,0
Chenango,2020-06-19T00:00:00.000,0,139,169,8853,8853,139,2020-06-19,0,169,0,0.0038444706679448,0
Chenango,2020-06-20T00:00:00.000,0,139,348,9201,9201,139,2020-06-20,0,348,0,0.00399448967937087,0
Chenango,2020-06-21T00:00:00.000,1,140,134,9335,9335,140,2020-06-21,1,134,0.00746268656716418,0.00415849407855027,1.14154828720447
Chenango,2020-06-22T00:00:00.000,1,141,273,9608,9608,141,2020-06-22,1,273,0.00366300366300366,0.00433659863311046,1.14534967405519
Chenango,2020-06-23T00:00:00.000,1,142,83,9691,9691,142,2020-06-23,1,83,0.0120481927710843,0.00452883513684946,1.14902159754012
Chenango,2020-06-24T00:00:00.000,2,144,217,9908,9908,144,2020-06-24,2,217,0.00921658986175115,0.00473512839392498,2.30508216583919
Chenango,2020-06-25T00:00:00.000,1,145,300,10208,10208,145,2020-06-25,1,300,0.00333333333333333,0.00495527116877774,1.15588449660231
Chenango,2020-06-26T00:00:00.000,1,146,199,10407,10407,146,2020-06-26,1,199,0.0050251256281407,0.00518889862885858,1.15902773857291
Chenango,2020-06-27T00:00:00.000,0,146,234,10641,10641,146,2020-06-27,0,234,0,0.00543546297120261,0
Chenango,2020-06-28T00:00:00.000,0,146,162,10803,10803,146,2020-06-28,0,162,0,0.00569420908791288,0
Chenango,2020-06-29T00:00:00.000,0,146,104,10907,10907,146,2020-06-29,0,104,0,0.00596415227931699,0
Chenango,2020-06-30T00:00:00.000,0,146,119,11026,11026,146,2020-06-30,0,119,0,0.00624405915420661,0
Chenango,2020-07-01T00:00:00.000,2,148,231,11257,11257,148,2020-07-01,2,231,0.00865800865800866,0.00653243294986666,2.34178471397037
Chenango,2020-07-02T00:00:00.000,0,148,256,11513,11513,148,2020-07-02,0,256,0,0.00682750454593004,0
Chenango,2020-07-03T00:00:00.000,1,149,115,11628,11628,149,2020-07-03,1,115,0.00869565217391304,0.00712723042140617,1.17181983665428
Chenango,2020-07-04T00:00:00.000,1,150,89,11717,11717,150,2020-07-04,1,89,0.0112359550561798,0.00742929870137412,1.17409100562189
Chenango,2020-07-05T00:00:00.000,6,156,433,12150,12150,156,2020-07-05,6,433,0.0138568129330254,0.00773114425103338,7.04630945290735
Chenango,2020-07-06T00:00:00.000,1,157,225,12375,12375,157,2020-07-06,1,225,0.00444444444444444,0.00802997349684111,1.174479384626
Chenango,2020-07-07T00:00:00.000,2,159,83,12458,12458,159,2020-07-07,2,83,0.0240963855421687,0.00832279929141866,2.35231266333287
Chenango,2020-07-08T00:00:00.000,4,163,87,12545,12545,163,2020-07-08,4,87,0.0459770114942529,0.00860648570215931,4.70872720244873
Chenango,2020-07-09T00:00:00.000,3,166,208,12753,12753,166,2020-07-09,3,208,0.0144230769230769,0.00887780211207203,3.5331772857079
Chenango,2020-07-10T00:00:00.000,0,166,133,12886,12886,166,2020-07-10,0,133,0,0.00913348550218331,0
Chenango,2020-07-11T00:00:00.000,0,166,162,13048,13048,166,2020-07-11,0,162,0,0.00937030926992888,0
Chenango,2020-07-12T00:00:00.000,3,169,188,13236,13236,169,2020-07-12,3,188,0.0159574468085106,0.0095851564636844,3.52950220519969
Chenango,2020-07-13T00:00:00.000,2,171,282,13518,13518,171,2020-07-13,2,282,0.00709219858156028,0.00977509491705771,2.35030321659479
Chenango,2020-07-14T00:00:00.000,4,175,209,13727,13727,175,2020-07-14,4,209,0.0191387559808612,0.00993745148183747,4.6933784032332
Chenango,2020-07-15T00:00:00.000,3,178,129,13856,13856,178,2020-07-15,3,129,0.0232558139534884,0.0100698824150041,3.51327312730525
Chenango,2020-07-16T00:00:00.000,3,181,197,14053,14053,181,2020-07-16,3,197,0.0152284263959391,0.0101704369919807,3.50521389900697
Chenango,2020-07-17T00:00:00.000,1,182,173,14226,14226,182,2020-07-17,1,173,0.00578034682080925,0.0102376116045462,1.1669204894513
Chenango,2020-07-18T00:00:00.000,0,182,112,14338,14338,182,2020-07-18,0,112,0,0.0102703919528858,0
Chenango,2020-07-19T00:00:00.000,2,184,134,14472,14472,184,2020-07-19,2,134,0.0149253731343284,0.0102682814401902,2.33723474961647
Chenango,2020-07-20T00:00:00.000,4,188,175,14647,14647,188,2020-07-20,4,175,0.0228571428571429,0.0102313144958097,4.67249252527275
Chenango,2020-07-21T00:00:00.000,3,191,306,14953,14953,191,2020-07-21,3,306,0.00980392156862745,0.0101600542506691,3.49978325272714
Chenango,2020-07-22T00:00:00.000,3,194,204,15157,15157,194,2020-07-22,3,204,0.0147058823529412,0.010055574720537,3.49223922803008
Chenango,2020-07-23T00:00:00.000,2,196,212,15369,15369,196,2020-07-23,2,212,0.00943396226415094,0.00991942837175424,2.32148839506013
Chenango,2020-07-24T00:00:00.000,7,203,220,15589,15589,203,2020-07-24,7,220,0.0318181818181818,0.0097536006024735,8.1303913688832
Chenango,2020-07-25T00:00:00.000,0,203,102,15691,15691,203,2020-07-25,0,102,0,0.00956045323002873,0
Chenango,2020-07-26T00:00:00.000,0,203,249,15940,15940,203,2020-07-26,0,249,0,0.00934265949858536,0
Chenango,2020-07-27T00:00:00.000,0,203,92,16032,16032,203,2020-07-27,0,92,0,0.00910313338936592,0
Chenango,2020-07-28T00:00:00.000,2,205,147,16179,16179,205,2020-07-28,2,147,0.0136054421768707,0.00884495611948208,2.30786209675863
Chenango,2020-07-29T00:00:00.000,1,206,108,16287,16287,206,2020-07-29,1,108,0.00925925925925926,0.00857130265806853,1.14930977715013
Chenango,2020-07-30T00:00:00.000,1,207,189,16476,16476,207,2020-07-30,1,189,0.00529100529100529,0.0082853708845428,1.14362228404499
Chenango,2020-07-31T00:00:00.000,2,209,193,16669,16669,209,2020-07-31,2,193,0.0103626943005181,0.00799031568821857,2.27578024613744
Chenango,2020-08-01T00:00:00.000,2,211,289,16958,16958,211,2020-08-01,2,289,0.0069204152249135,0.00768918989113973,2.26684802653238
Chenango,2020-08-02T00:00:00.000,0,211,206,17164,17164,211,2020-08-02,0,206,0,0.00738489340206257,0
Chenango,2020-08-03T00:00:00.000,1,212,111,17275,17275,212,2020-08-03,1,111,0.00900900900900901,0.00708013151326821,1.12127657242808
Chenango,2020-08-04T00:00:00.000,0,212,179,17454,17454,212,2020-08-04,0,179,0,0.00677738276581925,0
Chenango,2020-08-05T00:00:00.000,0,212,95,17549,17549,212,2020-08-05,0,95,0,0.00647887636082013,0
Chenango,2020-08-06T00:00:00.000,3,215,213,17762,17762,215,2020-08-06,3,213,0.0140845070422535,0.00618657870558853,3.30656663184406
Chenango,2020-08-07T00:00:00.000,0,215,155,17917,17917,215,2020-08-07,0,155,0,0.00590218836858515,0
Chenango,2020-08-08T00:00:00.000,1,216,165,18082,18082,216,2020-08-08,1,165,0.00606060606060606,0.00562713848316299,1.09568050410148
Chenango,2020-08-09T00:00:00.000,0,216,122,18204,18204,216,2020-08-09,0,122,0,0.00536260548817529,0
Chenango,2020-08-10T00:00:00.000,2,218,520,18724,18724,218,2020-08-10,2,520,0.00384615384615385,0.00510952301840257,2.17604009413012
Chenango,2020-08-11T00:00:00.000,0,218,95,18819,18819,218,2020-08-11,0,95,0,0.00486859975104513,0
Chenango,2020-08-12T00:00:00.000,0,218,158,18977,18977,218,2020-08-12,0,158,0,0.00464034006408507,0
Chenango,2020-08-13T00:00:00.000,0,218,185,19162,19162,218,2020-08-13,0,185,0,0.00442506645533604,0
Chenango,2020-08-14T00:00:00.000,0,218,227,19389,19389,218,2020-08-14,0,227,0,0.00422294279425193,0
Chenango,2020-08-15T00:00:00.000,0,218,278,19667,19667,218,2020-08-15,0,278,0,0.0040339976196035,0
Chenango,2020-08-16T00:00:00.000,0,218,249,19916,19916,218,2020-08-16,0,249,0,0.00385814684400866,0
Chenango,2020-08-17T00:00:00.000,0,218,173,20089,20089,218,2020-08-17,0,173,0,0.00369521537234969,0
Chenango,2020-08-18T00:00:00.000,0,218,183,20272,20272,218,2020-08-18,0,183,0,0.00354495727807596,0
Chenango,2020-08-19T00:00:00.000,1,219,144,20416,20416,219,2020-08-19,1,144,0.00694444444444444,0.00340707430478072,1.05558506477579
Chenango,2020-08-20T00:00:00.000,3,222,419,20835,20835,222,2020-08-20,3,419,0.00715990453460621,0.00328123256728638,3.15669313671208
Chenango,2020-08-21T00:00:00.000,1,223,280,21115,21115,223,2020-08-21,1,280,0.00357142857142857,0.00316707741531305,1.04878364877516
Chenango,2020-08-22T00:00:00.000,0,223,131,21246,21246,223,2020-08-22,0,131,0,0.00306424649379567,0
Chenango,2020-08-23T00:00:00.000,0,223,119,21365,21365,223,2020-08-23,0,119,0,0.00297238108800929,0
Chenango,2020-08-24T00:00:00.000,0,223,144,21509,21509,223,2020-08-24,0,144,0,0.00289113588017408,0
Chenango,2020-08-25T00:00:00.000,0,223,144,21653,21653,223,2020-08-25,0,144,0,0.00282018726950269,0
Chenango,2020-08-26T00:00:00.000,1,224,173,21826,21826,224,2020-08-26,1,173,0.00578034682080925,0.0027592404214523,1.03776869638082
Chenango,2020-08-27T00:00:00.000,0,224,361,22187,22187,224,2020-08-27,0,361,0,0.00270803521660419,0
Chenango,2020-08-28T00:00:00.000,1,225,290,22477,22477,225,2020-08-28,1,290,0.00344827586206897,0.00266635126690252,1.03431078122687
Chenango,2020-08-29T00:00:00.000,2,227,210,22687,22687,227,2020-08-29,2,210,0.00952380952380952,0.0026340121588041,2.07151204029458
Chenango,2020-08-30T00:00:00.000,1,228,153,22840,22840,228,2020-08-30,1,153,0.0065359477124183,0.00261088907051791,1.03749198535807
Chenango,2020-08-31T00:00:00.000,1,229,349,23189,23189,229,2020-08-31,1,349,0.00286532951289398,0.00259690389533775,1.03951328299761
Chenango,2020-09-01T00:00:00.000,0,229,158,23347,23347,229,2020-09-01,0,158,0,0.00259203198581799,0
Chenango,2020-09-02T00:00:00.000,1,230,134,23481,23481,230,2020-09-02,1,134,0.00746268656716418,0.00259630461500124,1.04437864196776
Chenango,2020-09-03T00:00:00.000,1,231,164,23645,23645,231,2020-09-03,1,164,0.00609756097560976,0.00260981123142634,1.04719989533391
Chenango,2020-09-04T00:00:00.000,2,233,330,23975,23975,233,2020-09-04,2,330,0.00606060606060606,0.00263270156456385,2.10052129415843
Chenango,2020-09-05T00:00:00.000,2,235,176,24151,24151,235,2020-09-05,2,176,0.0113636363636364,0.00266518761662678,2.10708567699021
Chenango,2020-09-06T00:00:00.000,0,235,294,24445,24445,235,2020-09-06,0,294,0,0.00270754555547695,0
Chenango,2020-09-07T00:00:00.000,4,239,187,24632,24632,239,2020-09-07,4,187,0.0213903743315508,0.00276011750142018,4.24259254576672
Chenango,2020-09-08T00:00:00.000,1,240,80,24712,24712,240,2020-09-08,1,80,0.0125,0.00282331317800231,1.06425354429127
Chenango,2020-09-09T00:00:00.000,2,242,120,24832,24832,242,2020-09-09,2,120,0.0166666666666667,0.00289761137325819,2.13591155031655
Chenango,2020-09-10T00:00:00.000,2,244,232,25064,25064,244,2020-09-10,2,232,0.00862068965517241,0.00298356113331839,2.14344579350475
Chenango,2020-09-11T00:00:00.000,1,245,446,25510,25510,245,2020-09-11,1,446,0.00224215246636771,0.00308178258466521,1.07698842655336
Chenango,2020-09-12T00:00:00.000,0,245,314,25824,25824,245,2020-09-12,0,314,0,0.00319296725497961,0
Chenango,2020-09-13T00:00:00.000,0,245,255,26079,26079,245,2020-09-13,0,255,0,0.00331787773563919,0
Chenango,2020-09-14T00:00:00.000,0,245,93,26172,26172,245,2020-09-14,0,93,0,0.00345734650218309,0
Chenango,2020-09-15T00:00:00.000,0,245,92,26264,26264,245,2020-09-15,0,92,0,0.00361227368316156,0
Chenango,2020-09-16T00:00:00.000,0,245,218,26482,26482,245,2020-09-16,0,218,0,0.00378362354401589,0
Chenango,2020-09-17T00:00:00.000,3,248,223,26705,26705,248,2020-09-17,3,223,0.0134529147982063,0.00397241943235806,3.34008755804862
Chenango,2020-09-18T00:00:00.000,0,248,338,27043,27043,248,2020-09-18,0,338,0,0.00417973691610951,0
Chenango,2020-09-19T00:00:00.000,0,248,283,27326,27326,248,2020-09-19,0,283,0,0.00440669483866034,0
Chenango,2020-09-20T00:00:00.000,0,248,173,27499,27499,248,2020-09-20,0,173,0,0.00465444401778275,0
Chenango,2020-09-21T00:00:00.000,0,248,87,27586,27586,248,2020-09-21,0,87,0,0.0049241533305389,0
Chenango,2020-09-22T00:00:00.000,0,248,107,27693,27693,248,2020-09-22,0,107,0,0.00521699295715173,0
Chenango,2020-09-23T00:00:00.000,0,248,161,27854,27854,248,2020-09-23,0,161,0,0.00553411460596488,0
Chenango,2020-09-24T00:00:00.000,0,248,166,28020,28020,248,2020-09-24,0,166,0,0.00587662861118982,0
Chenango,2020-09-25T00:00:00.000,1,249,457,28477,28477,249,2020-09-25,1,457,0.00218818380743982,0.00624557788703706,1.14166026541765
Chenango,2020-09-26T00:00:00.000,0,249,186,28663,28663,249,2020-09-26,0,186,0,0.00664190883697675,0
Chenango,2020-09-27T00:00:00.000,2,251,103,28766,28766,251,2020-09-27,2,103,0.0194174757281553,0.00706643945461244,2.31415421053829
Chenango,2020-09-28T00:00:00.000,0,251,111,28877,28877,251,2020-09-28,0,111,0,0.00751982501105639,0
Chenango,2020-09-29T00:00:00.000,2,253,174,29051,29051,253,2020-09-29,2,174,0.0114942528735632,0.00800252189881415,2.34089492084022
Chenango,2020-09-30T00:00:00.000,0,253,157,29208,29208,253,2020-09-30,0,157,0,0.00851475038768865,0
Chenango,2020-10-01T00:00:00.000,4,257,262,29470,29470,257,2020-10-01,4,262,0.0152671755725191,0.00905645723605982,4.72625251282652
Chenango,2020-10-02T00:00:00.000,2,259,457,29927,29927,259,2020-10-02,2,457,0.00437636761487965,0.00962727928049566,2.37245341173503
Chenango,2020-10-03T00:00:00.000,2,261,298,30225,30225,261,2020-10-03,2,298,0.00671140939597315,0.0102265092857895,2.38055108638031
Chenango,2020-10-04T00:00:00.000,1,262,148,30373,30373,262,2020-10-04,1,148,0.00675675675675676,0.0108530654631229,1.19370025511025
Chenango,2020-10-05T00:00:00.000,1,263,78,30451,30451,263,2020-10-05,1,78,0.0128205128205128,0.0115054661421089,1.19649497857264
Chenango,2020-10-06T00:00:00.000,2,265,98,30549,30549,265,2020-10-06,2,98,0.0204081632653061,0.0121818111001767,2.3973145093501
Chenango,2020-10-07T00:00:00.000,2,267,247,30796,30796,267,2020-10-07,2,247,0.00809716599190283,0.0128797709989396,2.40037578642105
Chenango,2020-10-08T00:00:00.000,1,268,295,31091,31091,268,2020-10-08,1,295,0.00338983050847458,0.0135965862438969,1.20109082218902
Chenango,2020-10-09T00:00:00.000,3,271,312,31403,31403,271,2020-10-09,3,312,0.00961538461538462,0.0143290763673788,3.60377386265109
Chenango,2020-10-10T00:00:00.000,4,275,247,31650,31650,275,2020-10-10,4,247,0.0161943319838057,0.0150736607367039,4.80321546020031
Chenango,2020-10-11T00:00:00.000,2,277,400,32050,32050,277,2020-10-11,2,400,0.005,0.0158263910176273,2.39953335153554
Chenango,2020-10-12T00:00:00.000,3,280,189,32239,32239,280,2020-10-12,3,189,0.0158730158730159,0.0165829953910896,3.59448238326238
Chenango,2020-10-13T00:00:00.000,10,290,93,32332,32332,290,2020-10-13,10,93,0.10752688172043,0.0173389340479464,11.9600271765623
Chenango,2020-10-14T00:00:00.000,1,291,267,32599,32599,291,2020-10-14,1,267,0.00374531835205993,0.0180894649964477,1.19432874348986
Chenango,2020-10-15T00:00:00.000,3,294,297,32896,32896,294,2020-10-15,3,297,0.0101010101010101,0.018829718737128,3.57901330484134
Chenango,2020-10-16T00:00:00.000,10,304,389,33285,33285,304,2020-10-16,10,389,0.025706940874036,0.0195547799189816,11.9343694258073
Chenango,2020-10-17T00:00:00.000,9,313,281,33566,33566,313,2020-10-17,9,281,0.0320284697508897,0.0202597737160653,10.7462173333771
Chenango,2020-10-18T00:00:00.000,17,330,337,33903,33903,330,2020-10-18,17,337,0.0504451038575668,0.0209399543802483,20.3055275515605
Chenango,2020-10-19T00:00:00.000,1,331,233,34136,34136,331,2020-10-19,1,233,0.00429184549356223,0.0215907932532685,1.19555845488193
Chenango,2020-10-20T00:00:00.000,6,337,114,34250,34250,337,2020-10-20,6,114,0.0526315789473684,0.022208063471559,7.18600572786913
Chenango,2020-10-21T00:00:00.000,10,347,198,34448,34448,347,2020-10-21,10,198,0.0505050505050505,0.0227879186766939,11.9937482983397
Chenango,2020-10-22T00:00:00.000,11,358,205,34653,34653,358,2020-10-22,11,205,0.0536585365853659,0.023326963248244,13.2126986837081
Chenango,2020-10-23T00:00:00.000,7,365,356,35009,35009,365,2020-10-23,7,356,0.0196629213483146,0.0238223118938579,8.41527964858568
Chenango,2020-10-24T00:00:00.000,16,381,447,35456,35456,381,2020-10-24,16,447,0.0357941834451902,0.0242716368449327,19.2393201878921
Chenango,2020-10-25T00:00:00.000,5,386,198,35654,35654,386,2020-10-25,5,198,0.0252525252525253,0.0246732013909812,6.00990848653888
Chenango,2020-10-26T00:00:00.000,2,388,120,35774,35774,388,2020-10-26,2,120,0.0166666666666667,0.0250258790150716,2.40152810271303
Chenango,2020-10-27T00:00:00.000,9,397,404,36178,36178,397,2020-10-27,9,404,0.0222772277227723,0.0253291579353449,10.7893677034582
Chenango,2020-10-28T00:00:00.000,11,408,438,36616,36616,408,2020-10-28,11,438,0.0251141552511416,0.0255831313873195,13.1578111551723
Chenango,2020-10-29T00:00:00.000,5,413,174,36790,36790,413,2020-10-29,5,174,0.028735632183908,0.0257884744684754,5.96413082428049
Chenango,2020-10-30T00:00:00.000,6,419,324,37114,37114,419,2020-10-30,6,324,0.0185185185185185,0.025946408791494,7.13299049957228
Chenango,2020-10-31T00:00:00.000,6,425,317,37431,37431,425,2020-10-31,6,317,0.0189274447949527,0.0260586565342353,7.10528453134988
Chenango,2020-11-01T00:00:00.000,3,428,253,37684,37684,428,2020-11-01,3,253,0.0118577075098814,0.0261273857251445,3.53702858071313
Chenango,2020-11-02T00:00:00.000,2,430,207,37891,37891,430,2020-11-02,2,207,0.00966183574879227,0.0261551487531621,2.34651517549191
Chenango,2020-11-03T00:00:00.000,2,432,151,38042,38042,432,2020-11-03,2,151,0.0132450331125828,0.0261448161451811,2.33400090037936
Chenango,2020-11-04T00:00:00.000,11,443,333,38375,38375,443,2020-11-04,11,333,0.033033033033033,0.0260995076148728,12.7631064244711
Chenango,2020-11-05T00:00:00.000,6,449,383,38758,38758,449,2020-11-05,6,383,0.0156657963446475,0.0260225222661712,6.91889563441754
Chenango,2020-11-06T00:00:00.000,6,455,401,39159,39159,455,2020-11-06,6,401,0.0149625935162095,0.025917269646265,6.87388707970414
Chenango,2020-11-07T00:00:00.000,5,460,205,39364,39364,460,2020-11-07,5,205,0.024390243902439,0.0257872031015686,5.68912637761826
Chenango,2020-11-08T00:00:00.000,8,468,159,39523,39523,468,2020-11-08,8,159,0.050314465408805,0.0256357566149,9.03721357971942
Chenango,2020-11-09T00:00:00.000,4,472,245,39768,39768,472,2020-11-09,4,245,0.0163265306122449,0.0254662860069924,4.48638558718034
Chenango,2020-11-10T00:00:00.000,5,477,316,40084,40084,477,2020-11-10,5,316,0.0158227848101266,0.0252820150896176,5.57733659191215
Chenango,2020-11-11T00:00:00.000,3,480,287,40371,40371,480,2020-11-11,3,287,0.0104529616724739,0.0250859870720626,3.33101082129565
Chenango,2020-11-12T00:00:00.000,9,489,327,40698,40698,489,2020-11-12,9,327,0.0275229357798165,0.0248810212624742,9.98013253035895
Chenango,2020-11-13T00:00:00.000,6,495,302,41000,41000,495,2020-11-13,6,302,0.0198675496688742,0.0246696748783991,6.64473241836557
Chenango,2020-11-14T00:00:00.000,6,501,145,41145,41145,501,2020-11-14,6,145,0.0413793103448276,0.0244542095945036,6.63593803757687
Chenango,2020-11-15T00:00:00.000,5,506,167,41312,41312,506,2020-11-15,5,167,0.029940119760479,0.0242365623164634,5.52251961359788
Chenango,2020-11-16T00:00:00.000,6,512,181,41493,41493,512,2020-11-16,6,181,0.0331491712707182,0.0240183195798324,6.61797713080496
Chenango,2020-11-17T00:00:00.000,6,518,232,41725,41725,518,2020-11-17,6,232,0.0258620689655172,0.0238006949350079,6.6087905261629
Chenango,2020-11-18T00:00:00.000,13,531,344,42069,42069,531,2020-11-18,13,344,0.0377906976744186,0.023584508694977,14.298827712803
Clinton,2020-03-01T00:00:00.000,0,0,0,0,0,0,2020-03-01,0,0,0,0.149408884049317,0
Clinton,2020-03-02T00:00:00.000,0,0,0,0,0,0,2020-03-02,0,0,0,0.146681125320322,0
Clinton,2020-03-03T00:00:00.000,0,0,0,0,0,0,2020-03-03,0,0,0,0.143997001772202,0
Clinton,2020-03-04T00:00:00.000,0,0,0,0,0,0,2020-03-04,0,0,0,0.14135970279641,0
Clinton,2020-03-05T00:00:00.000,0,0,0,0,0,0,2020-03-05,0,0,0,0.138773635469545,0
Clinton,2020-03-06T00:00:00.000,0,0,0,0,0,0,2020-03-06,0,0,0,0.136244091613105,0
Clinton,2020-03-07T00:00:00.000,0,0,0,0,0,0,2020-03-07,0,0,0,0.133776944402328,0
Clinton,2020-03-08T00:00:00.000,0,0,0,0,0,0,2020-03-08,0,0,0,0.131378375195404,0
Clinton,2020-03-09T00:00:00.000,0,0,0,0,0,0,2020-03-09,0,0,0,0.129054630889839,0
Clinton,2020-03-10T00:00:00.000,0,0,0,0,0,0,2020-03-10,0,0,0,0.126811811588551,0
Clinton,2020-03-11T00:00:00.000,0,0,4,4,4,0,2020-03-11,0,4,0,0.124655687804646,0
Clinton,2020-03-12T00:00:00.000,0,0,3,7,7,0,2020-03-12,0,3,0,0.122591545849714,0
Clinton,2020-03-13T00:00:00.000,0,0,1,8,8,0,2020-03-13,0,1,0,0.120624059520232,0
Clinton,2020-03-14T00:00:00.000,0,0,1,9,9,0,2020-03-14,0,1,0,0.118757185752546,0
Clinton,2020-03-15T00:00:00.000,0,0,0,9,9,0,2020-03-15,0,0,0.5,0.116994081564845,0
Clinton,2020-03-16T00:00:00.000,1,1,1,10,10,1,2020-03-16,1,1,1,0.115337039408408,1.33170889501557
Clinton,2020-03-17T00:00:00.000,0,1,3,13,13,1,2020-03-17,0,3,0,0.113787437952133,0
Clinton,2020-03-18T00:00:00.000,1,2,21,34,34,2,2020-03-18,1,21,0.0476190476190476,0.112345705399439,1.27414688032511
Clinton,2020-03-19T00:00:00.000,0,2,9,43,43,2,2020-03-19,0,9,0,0.111011292599474,0
Clinton,2020-03-20T00:00:00.000,2,4,12,55,55,4,2020-03-20,2,12,0.166666666666667,0.109782653528018,2.4512880399624
Clinton,2020-03-21T00:00:00.000,0,4,2,57,57,4,2020-03-21,0,2,0,0.108657231095607,0
Clinton,2020-03-22T00:00:00.000,2,6,12,69,69,6,2020-03-22,2,12,0.166666666666667,0.107631446725716,2.3677850085535
Clinton,2020-03-23T00:00:00.000,2,8,17,86,86,8,2020-03-23,2,17,0.117647058823529,0.106700692678658,2.35261521425298
Clinton,2020-03-24T00:00:00.000,2,10,14,100,100,10,2020-03-24,2,14,0.142857142857143,0.10585932668403,2.33504523577083
Clinton,2020-03-25T00:00:00.000,1,11,16,116,116,11,2020-03-25,1,16,0.0625,0.105100669048184,1.15753025280653
Clinton,2020-03-26T00:00:00.000,0,11,6,122,122,11,2020-03-26,0,6,0,0.104417003012121,0
Clinton,2020-03-27T00:00:00.000,1,12,22,144,144,12,2020-03-27,1,22,0.0454545454545455,0.103799579728694,1.14666332862174
Clinton,2020-03-28T00:00:00.000,1,13,18,162,162,13,2020-03-28,1,18,0.0555555555555556,0.10323862978472,1.14103565653312
Clinton,2020-03-29T00:00:00.000,4,17,19,181,181,17,2020-03-29,4,19,0.210526315789474,0.102723383676803,4.53749286366457
Clinton,2020-03-30T00:00:00.000,4,21,9,190,190,21,2020-03-30,4,9,0.444444444444444,0.10224210406403,4.5117263935737
Clinton,2020-03-31T00:00:00.000,4,25,21,211,211,25,2020-03-31,4,21,0.19047619047619,0.101782132904568,4.49673849184741
Clinton,2020-04-01T00:00:00.000,0,25,5,216,216,25,2020-04-01,0,5,0,0.101329956738078,0
Clinton,2020-04-02T00:00:00.000,5,30,16,232,232,30,2020-04-02,5,16,0.3125,0.100871293358033,5.63788517607299
Clinton,2020-04-03T00:00:00.000,1,31,11,243,243,31,2020-04-03,1,11,0.0909090909090909,0.100391202915621,1.12863962747734
Clinton,2020-04-04T00:00:00.000,2,33,23,266,266,33,2020-04-04,2,23,0.0869565217391304,0.0998742260716356,2.25867548686953
Clinton,2020-04-05T00:00:00.000,3,36,14,280,280,36,2020-04-05,3,14,0.214285714285714,0.099304551170242,3.38877463088657
Clinton,2020-04-06T00:00:00.000,1,37,16,296,296,37,2020-04-06,1,16,0.0625,0.0986662115284589,1.1295480474522
Clinton,2020-04-07T00:00:00.000,2,39,25,321,321,39,2020-04-07,2,25,0.08,0.0979433128185843,2.25855557531415
Clinton,2020-04-08T00:00:00.000,1,40,25,346,346,40,2020-04-08,1,25,0.04,0.0971202891998524,1.12892263291674
Clinton,2020-04-09T00:00:00.000,3,43,17,363,363,43,2020-04-09,3,17,0.176470588235294,0.0961821853481199,3.39266277681539
Clinton,2020-04-10T00:00:00.000,0,43,23,386,386,43,2020-04-10,0,23,0,0.0951149598800589,0
Clinton,2020-04-11T00:00:00.000,0,43,25,411,411,43,2020-04-11,0,25,0,0.0939058039651398,0
Clinton,2020-04-12T00:00:00.000,1,44,9,420,420,44,2020-04-12,1,9,0.111111111111111,0.0925434671902343,1.13361312307266
Clinton,2020-04-13T00:00:00.000,1,45,23,443,443,45,2020-04-13,1,23,0.0434782608695652,0.0910185811452994,1.13381652448028
Clinton,2020-04-14T00:00:00.000,0,45,8,451,451,45,2020-04-14,0,8,0,0.0893239697776178,0
Clinton,2020-04-15T00:00:00.000,1,46,17,468,468,46,2020-04-15,1,17,0.0588235294117647,0.0874549344873738,1.13663584824817
Clinton,2020-04-16T00:00:00.000,1,47,21,489,489,47,2020-04-16,1,21,0.0476190476190476,0.0854095012765824,1.13790955133382
Clinton,2020-04-17T00:00:00.000,1,48,16,505,505,48,2020-04-17,1,16,0.0625,0.0831886171745279,1.13937849352809
Clinton,2020-04-18T00:00:00.000,1,49,12,517,517,49,2020-04-18,1,12,0.0833333333333333,0.0807962837189335,1.14319235646628
Clinton,2020-04-19T00:00:00.000,2,51,10,527,527,51,2020-04-19,2,10,0.2,0.0782396165599756,2.29365629595889
Clinton,2020-04-20T00:00:00.000,0,51,17,544,544,51,2020-04-20,0,17,0,0.0755288223294412,0
Clinton,2020-04-21T00:00:00.000,0,51,4,548,548,51,2020-04-21,0,4,0,0.0726770867455823,0
Clinton,2020-04-22T00:00:00.000,1,52,11,559,559,52,2020-04-22,1,11,0.0909090909090909,0.0697003714658441,1.15635518055875
Clinton,2020-04-23T00:00:00.000,1,53,14,573,573,53,2020-04-23,1,14,0.0714285714285714,0.0666171213004567,1.15896774169928
Clinton,2020-04-24T00:00:00.000,1,54,39,612,612,54,2020-04-24,1,39,0.0256410256410256,0.063447887845088,1.16124900201853
Clinton,2020-04-25T00:00:00.000,3,57,28,640,640,57,2020-04-25,3,28,0.107142857142857,0.0602148801254383,3.48951296484296
Clinton,2020-04-26T00:00:00.000,2,59,30,670,670,59,2020-04-26,2,30,0.0666666666666667,0.0569414571138842,2.32941507253925
Clinton,2020-04-27T00:00:00.000,0,59,15,685,685,59,2020-04-27,0,15,0,0.0536515806595788,0
Clinton,2020-04-28T00:00:00.000,0,59,23,708,708,59,2020-04-28,0,23,0,0.0503692501017977,0
Clinton,2020-04-29T00:00:00.000,0,59,40,748,748,59,2020-04-29,0,40,0,0.0471179413527187,0
Clinton,2020-04-30T00:00:00.000,2,61,48,796,796,61,2020-04-30,2,48,0.0416666666666667,0.04392007333019,2.33189966189928
Clinton,2020-05-01T00:00:00.000,1,62,35,831,831,62,2020-05-01,1,35,0.0285714285714286,0.0407965232276185,1.16502793625648
Clinton,2020-05-02T00:00:00.000,4,66,33,864,864,66,2020-05-02,4,33,0.121212121212121,0.0377662093068622,4.65448537085719
Clinton,2020-05-03T00:00:00.000,2,68,21,885,885,68,2020-05-03,2,21,0.0952380952380952,0.0348457558883427,2.32714583313477
Clinton,2020-05-04T00:00:00.000,1,69,27,912,912,69,2020-05-04,1,27,0.037037037037037,0.0320492503333577,1.16700105047871
Clinton,2020-05-05T00:00:00.000,0,69,25,937,937,69,2020-05-05,0,25,0,0.0293880964784923,0
Clinton,2020-05-06T00:00:00.000,0,69,22,959,959,69,2020-05-06,0,22,0,0.0268709636308847,0
Clinton,2020-05-07T00:00:00.000,5,74,72,1031,1031,74,2020-05-07,5,72,0.0694444444444444,0.0245038253084342,5.82319853250149
Clinton,2020-05-08T00:00:00.000,2,76,27,1058,1058,76,2020-05-08,2,27,0.0740740740740741,0.0222900777573172,2.32055156573465
Clinton,2020-05-09T00:00:00.000,0,76,33,1091,1091,76,2020-05-09,0,33,0,0.0202307251665903,0
Clinton,2020-05-10T00:00:00.000,0,76,53,1144,1144,76,2020-05-10,0,53,0,0.0183246165588985,0
Clinton,2020-05-11T00:00:00.000,1,77,38,1182,1182,77,2020-05-11,1,38,0.0263157894736842,0.016568718577012,1.1471041847844
Clinton,2020-05-12T00:00:00.000,1,78,53,1235,1235,78,2020-05-12,1,53,0.0188679245283019,0.014958408709386,1.14523145723099
Clinton,2020-05-13T00:00:00.000,3,81,123,1358,1358,81,2020-05-13,3,123,0.024390243902439,0.0134877747238007,3.4288560310172
Clinton,2020-05-14T00:00:00.000,4,85,126,1484,1484,85,2020-05-14,4,126,0.0317460317460317,0.0121499079715621,4.56106976062866
Clinton,2020-05-15T00:00:00.000,6,91,150,1634,1634,91,2020-05-15,6,150,0.04,0.0109371805346089,6.82309202773463
Clinton,2020-05-16T00:00:00.000,1,92,88,1722,1722,92,2020-05-16,1,88,0.0113636363636364,0.00984149867666577,1.13645505936933
Clinton,2020-05-17T00:00:00.000,2,94,155,1877,1877,94,2020-05-17,2,155,0.0129032258064516,0.00885452751510284,2.27259168418076
Clinton,2020-05-18T00:00:00.000,0,94,59,1936,1936,94,2020-05-18,0,59,0,0.00796788409520819,0
Clinton,2020-05-19T00:00:00.000,0,94,58,1994,1994,94,2020-05-19,0,58,0,0.00717329800619675,0
Clinton,2020-05-20T00:00:00.000,0,94,204,2198,2198,94,2020-05-20,0,204,0,0.00646274027221517,0
Clinton,2020-05-21T00:00:00.000,0,94,131,2329,2329,94,2020-05-21,0,131,0,0.00582852245695614,0
Clinton,2020-05-22T00:00:00.000,1,95,135,2464,2464,95,2020-05-22,1,135,0.00740740740740741,0.00526336875562262,1.14053662267826
Clinton,2020-05-23T00:00:00.000,0,95,131,2595,2595,95,2020-05-23,0,131,0,0.00476046434925943,0
Clinton,2020-05-24T00:00:00.000,0,95,70,2665,2665,95,2020-05-24,0,70,0,0.00431348351585694,0
Clinton,2020-05-25T00:00:00.000,0,95,108,2773,2773,95,2020-05-25,0,108,0,0.00391660098993514,0
Clinton,2020-05-26T00:00:00.000,0,95,51,2824,2824,95,2020-05-26,0,51,0,0.00356448989293369,0
Clinton,2020-05-27T00:00:00.000,0,95,201,3025,3025,95,2020-05-27,0,201,0,0.00325230927621433,0
Clinton,2020-05-28T00:00:00.000,0,95,226,3251,3251,95,2020-05-28,0,226,0,0.00297568397005294,0
Clinton,2020-05-29T00:00:00.000,0,95,441,3692,3692,95,2020-05-29,0,441,0,0.00273067905401256,0
Clinton,2020-05-30T00:00:00.000,0,95,329,4021,4021,95,2020-05-30,0,329,0,0.00251377088395274,0
Clinton,2020-05-31T00:00:00.000,1,96,146,4167,4167,96,2020-05-31,1,146,0.00684931506849315,0.00232181624892927,1.06782305474241
Clinton,2020-06-01T00:00:00.000,1,97,147,4314,4314,97,2020-06-01,1,147,0.00680272108843537,0.00215202090014748,1.06048861396747
Clinton,2020-06-02T00:00:00.000,0,97,309,4623,4623,97,2020-06-02,0,309,0,0.0020019084018467,0
Clinton,2020-06-03T00:00:00.000,0,97,632,5255,5255,97,2020-06-03,0,632,0,0.00186929000290243,0
Clinton,2020-06-04T00:00:00.000,0,97,319,5574,5574,97,2020-06-04,0,319,0,0.00175223601806413,0
Clinton,2020-06-05T00:00:00.000,0,97,421,5995,5995,97,2020-06-05,0,421,0,0.00164904903696242,0
Clinton,2020-06-06T00:00:00.000,0,97,305,6300,6300,97,2020-06-06,0,305,0,0.00155823914310721,0
Clinton,2020-06-07T00:00:00.000,0,97,220,6520,6520,97,2020-06-07,0,220,0,0.00147850122001576,0
Clinton,2020-06-08T00:00:00.000,0,97,105,6625,6625,97,2020-06-08,0,105,0,0.00140869434274072,0
Clinton,2020-06-09T00:00:00.000,0,97,306,6931,6931,97,2020-06-09,0,306,0,0.00134782319590265,0
Clinton,2020-06-10T00:00:00.000,1,98,268,7199,7199,98,2020-06-10,1,268,0.00373134328358209,0.00129502141965485,1.00482620528012
Clinton,2020-06-11T00:00:00.000,0,98,350,7549,7549,98,2020-06-11,0,350,0,0.00124953675937397,0
Clinton,2020-06-12T00:00:00.000,0,98,285,7834,7834,98,2020-06-12,0,285,0,0.00121071787996795,0
Clinton,2020-06-13T00:00:00.000,0,98,187,8021,8021,98,2020-06-13,0,187,0,0.00117800269884131,0
Clinton,2020-06-14T00:00:00.000,0,98,137,8158,8158,98,2020-06-14,0,137,0,0.00115090809066956,0
Clinton,2020-06-15T00:00:00.000,1,99,225,8383,8383,99,2020-06-15,1,225,0.00444444444444444,0.00112902082033977,1.00104232258033
Clinton,2020-06-16T00:00:00.000,0,99,242,8625,8625,99,2020-06-16,0,242,0,0.00111198956642363,0
Clinton,2020-06-17T00:00:00.000,0,99,252,8877,8877,99,2020-06-17,0,252,0,0.00109951790520773,0
Clinton,2020-06-18T00:00:00.000,0,99,251,9128,9128,99,2020-06-18,0,251,0,0.00109135813384159,0
Clinton,2020-06-19T00:00:00.000,1,100,325,9453,9453,100,2020-06-19,1,325,0.00307692307692308,0.00108730582004551,0.999144908320475
Clinton,2020-06-20T00:00:00.000,0,100,112,9565,9565,100,2020-06-20,0,112,0,0.00108719497452076,0
Clinton,2020-06-21T00:00:00.000,0,100,192,9757,9757,100,2020-06-21,0,192,0,0.00109089375057566,0
Clinton,2020-06-22T00:00:00.000,0,100,167,9924,9924,100,2020-06-22,0,167,0,0.00109830058328144,0
Clinton,2020-06-23T00:00:00.000,0,100,184,10108,10108,100,2020-06-23,0,184,0,0.00110934068767296,0
Clinton,2020-06-24T00:00:00.000,1,101,312,10420,10420,101,2020-06-24,1,312,0.00320512820512821,0.00112396284201807,0.99815602924743
Clinton,2020-06-25T00:00:00.000,0,101,153,10573,10573,101,2020-06-25,0,153,0,0.00114213638827951,0
Clinton,2020-06-26T00:00:00.000,0,101,264,10837,10837,101,2020-06-26,0,264,0,0.00116384838721804,0
Clinton,2020-06-27T00:00:00.000,0,101,226,11063,11063,101,2020-06-27,0,226,0,0.00118910087083938,0
Clinton,2020-06-28T00:00:00.000,0,101,160,11223,11223,101,2020-06-28,0,160,0,0.00121790813967643,0
Clinton,2020-06-29T00:00:00.000,0,101,133,11356,11356,101,2020-06-29,0,133,0,0.00125029405719958,0
Clinton,2020-06-30T00:00:00.000,0,101,287,11643,11643,101,2020-06-30,0,287,0,0.001286289298586,0
Clinton,2020-07-01T00:00:00.000,0,101,254,11897,11897,101,2020-07-01,0,254,0,0.00132592851620971,0
Clinton,2020-07-02T00:00:00.000,0,101,156,12053,12053,101,2020-07-02,0,156,0,0.00136924738987782,0
Clinton,2020-07-03T00:00:00.000,0,101,114,12167,12167,101,2020-07-03,0,114,0,0.00141627953621164,0
Clinton,2020-07-04T00:00:00.000,2,103,183,12350,12350,103,2020-07-04,2,183,0.0109289617486339,0.00146705325862384,1.99655630731796
Clinton,2020-07-05T00:00:00.000,0,103,140,12490,12490,103,2020-07-05,0,140,0,0.0015215881276081,0
Clinton,2020-07-06T00:00:00.000,2,105,295,12785,12785,105,2020-07-06,2,295,0.00677966101694915,0.00157989139027838,1.99648800750848
Clinton,2020-07-07T00:00:00.000,1,106,186,12971,12971,106,2020-07-07,1,186,0.00537634408602151,0.00164195421861252,0.99994062525683
Clinton,2020-07-08T00:00:00.000,1,107,339,13310,13310,107,2020-07-08,1,339,0.00294985250737463,0.00170774781765636,1.00139017939584
Clinton,2020-07-09T00:00:00.000,0,107,278,13588,13588,107,2020-07-09,0,278,0,0.0017772194278339,0
Clinton,2020-07-10T00:00:00.000,1,108,211,13799,13799,108,2020-07-10,1,211,0.004739336492891,0.00185028826964647,1.00398939910975
Clinton,2020-07-11T00:00:00.000,1,109,190,13989,13989,109,2020-07-11,1,190,0.00526315789473684,0.00192684149390843,1.00514108219478
Clinton,2020-07-12T00:00:00.000,0,109,178,14167,14167,109,2020-07-12,0,178,0,0.0020067302160357,0
Clinton,2020-07-13T00:00:00.000,1,110,280,14447,14447,110,2020-07-13,1,280,0.00357142857142857,0.00208976572846838,1.00714398015441
Clinton,2020-07-14T00:00:00.000,1,111,215,14662,14662,111,2020-07-14,1,215,0.00465116279069767,0.0021757159999657,1.00799481387338
Clinton,2020-07-15T00:00:00.000,0,111,261,14923,14923,111,2020-07-15,0,261,0,0.00226430258425029,0
Clinton,2020-07-16T00:00:00.000,0,111,236,15159,15159,111,2020-07-16,0,236,0,0.00235519807162728,0
Clinton,2020-07-17T00:00:00.000,0,111,357,15516,15516,111,2020-07-17,0,357,0,0.00244802422552305,0
Clinton,2020-07-18T00:00:00.000,2,113,145,15661,15661,113,2020-07-18,2,145,0.0137931034482759,0.00254235094985307,2.0319709928448
Clinton,2020-07-19T00:00:00.000,0,113,134,15795,15795,113,2020-07-19,0,134,0,0.00263769623201028,0
Clinton,2020-07-20T00:00:00.000,1,114,339,16134,16134,114,2020-07-20,1,339,0.00294985250737463,0.00273352719888589,1.02368849051734
Clinton,2020-07-21T00:00:00.000,0,114,264,16398,16398,114,2020-07-21,0,264,0,0.00282926240922505,0
Clinton,2020-07-22T00:00:00.000,0,114,317,16715,16715,114,2020-07-22,0,317,0,0.00292427548341432,0
Clinton,2020-07-23T00:00:00.000,3,117,285,17000,17000,117,2020-07-23,3,285,0.0105263157894737,0.00301790014237104,3.09157365686128
Clinton,2020-07-24T00:00:00.000,2,119,334,17334,17334,119,2020-07-24,2,334,0.00598802395209581,0.00310943668926133,2.07202543502444
Clinton,2020-07-25T00:00:00.000,1,120,368,17702,17702,120,2020-07-25,1,368,0.00271739130434783,0.00319815992308964,1.04091214876766
Clinton,2020-07-26T00:00:00.000,0,120,183,17885,17885,120,2020-07-26,0,183,0,0.00328332842213721,0
Clinton,2020-07-27T00:00:00.000,3,123,395,18280,18280,123,2020-07-27,3,395,0.00759493670886076,0.0033641950795992,3.1434312726289
Clinton,2020-07-28T00:00:00.000,0,123,129,18409,18409,123,2020-07-28,0,129,0,0.00344001871591833,0
Clinton,2020-07-29T00:00:00.000,2,125,307,18716,18716,125,2020-07-29,2,307,0.00651465798045603,0.00351007653485244,2.10229700919177
Clinton,2020-07-30T00:00:00.000,1,126,158,18874,18874,126,2020-07-30,1,158,0.00632911392405063,0.00357367713582866,1.05138782880467
Clinton,2020-07-31T00:00:00.000,1,127,297,19171,19171,127,2020-07-31,1,297,0.00336700336700337,0.00363017374800992,1.05156633748067
Clinton,2020-08-01T00:00:00.000,0,127,381,19552,19552,127,2020-08-01,0,381,0,0.00367897731345389,0
Clinton,2020-08-02T00:00:00.000,0,127,184,19736,19736,127,2020-08-02,0,184,0,0.00371956902237523,0
Clinton,2020-08-03T00:00:00.000,0,127,309,20045,20045,127,2020-08-03,0,309,0,0.00375151189450747,0
Clinton,2020-08-04T00:00:00.000,0,127,164,20209,20209,127,2020-08-04,0,164,0,0.00377446100899276,0
Clinton,2020-08-05T00:00:00.000,0,127,116,20325,20325,127,2020-08-05,0,116,0,0.00378817201237334,0
Clinton,2020-08-06T00:00:00.000,0,127,134,20459,20459,127,2020-08-06,0,134,0,0.00379250758007209,0
Clinton,2020-08-07T00:00:00.000,0,127,338,20797,20797,127,2020-08-07,0,338,0,0.00378744156928044,0
Clinton,2020-08-08T00:00:00.000,0,127,226,21023,21023,127,2020-08-08,0,226,0,0.00377306067909882,0
Clinton,2020-08-09T00:00:00.000,1,128,252,21275,21275,128,2020-08-09,1,252,0.00396825396825397,0.00374956352292106,1.05361262274633
Clinton,2020-08-10T00:00:00.000,1,129,374,21649,21649,129,2020-08-10,1,374,0.00267379679144385,0.0037172571137589,1.05395270194587
Clinton,2020-08-11T00:00:00.000,0,129,139,21788,21788,129,2020-08-11,0,139,0,0.00367655086153122,0
Clinton,2020-08-12T00:00:00.000,0,129,230,22018,22018,129,2020-08-12,0,230,0,0.00362794827580743,0
Clinton,2020-08-13T00:00:00.000,1,130,151,22169,22169,130,2020-08-13,1,151,0.00662251655629139,0.00357203665356884,1.05079838871456
Clinton,2020-08-14T00:00:00.000,1,131,257,22426,22426,131,2020-08-14,1,257,0.00389105058365759,0.00350947510456737,1.05009500759315
Clinton,2020-08-15T00:00:00.000,1,132,287,22713,22713,132,2020-08-15,1,287,0.00348432055749129,0.00344098132272772,1.05109927614484
Clinton,2020-08-16T00:00:00.000,1,133,109,22822,22822,133,2020-08-16,1,109,0.00917431192660551,0.003367317547699,1.05173300105211
Clinton,2020-08-17T00:00:00.000,1,134,363,23185,23185,134,2020-08-17,1,363,0.00275482093663912,0.00328927617581024,1.0504471747334
Clinton,2020-08-18T00:00:00.000,0,134,213,23398,23398,134,2020-08-18,0,213,0,0.00320766547267496,0
Clinton,2020-08-19T00:00:00.000,1,135,170,23568,23568,135,2020-08-19,1,170,0.00588235294117647,0.00312329581305851,1.04644495424157
Clinton,2020-08-20T00:00:00.000,1,136,265,23833,23833,136,2020-08-20,1,265,0.00377358490566038,0.00303696682957319,1.04412240442663
Clinton,2020-08-21T00:00:00.000,5,141,335,24168,24168,141,2020-08-21,5,335,0.0149253731343284,0.00294945579317287,5.20672011913061
Clinton,2020-08-22T00:00:00.000,0,141,254,24422,24422,141,2020-08-22,0,254,0,0.00286150748003475,0
Clinton,2020-08-23T00:00:00.000,1,142,82,24504,24504,142,2020-08-23,1,82,0.0121951219512195,0.0027738257058239,1.03697342685627
Clinton,2020-08-24T00:00:00.000,4,146,400,24904,24904,146,2020-08-24,4,400,0.01,0.00268706663269067,4.13971729857819
Clinton,2020-08-25T00:00:00.000,1,147,157,25061,25061,147,2020-08-25,1,157,0.00636942675159236,0.00260183388254762,1.03204075972997
Clinton,2020-08-26T00:00:00.000,1,148,267,25328,25328,148,2020-08-26,1,267,0.00374531835205993,0.00251867542392283,1.02834498023429
Clinton,2020-08-27T00:00:00.000,1,149,193,25521,25521,149,2020-08-27,1,193,0.00518134715025907,0.00243808214296419,1.02396743235757
Clinton,2020-08-28T00:00:00.000,1,150,369,25890,25890,150,2020-08-28,1,369,0.002710027100271,0.00236048796294999,1.02178493283124
Clinton,2020-08-29T00:00:00.000,0,150,197,26087,26087,150,2020-08-29,0,197,0,0.00228627134265402,0
Clinton,2020-08-30T00:00:00.000,0,150,255,26342,26342,150,2020-08-30,0,255,0,0.00221575796132729,0
Clinton,2020-08-31T00:00:00.000,1,151,203,26545,26545,151,2020-08-31,1,203,0.00492610837438424,0.00214922438736815,1.02002926350304
Clinton,2020-09-01T00:00:00.000,0,151,249,26794,26794,151,2020-09-01,0,249,0,0.00208690252681703,0
Clinton,2020-09-02T00:00:00.000,1,152,171,26965,26965,152,2020-09-02,1,171,0.00584795321637427,0.00202898465576541,1.01894394631994
Clinton,2020-09-03T00:00:00.000,0,152,191,27156,27156,152,2020-09-03,0,191,0,0.00197562885534601,0
Clinton,2020-09-04T00:00:00.000,0,152,385,27541,27541,152,2020-09-04,0,385,0,0.00192696468772635,0
Clinton,2020-09-05T00:00:00.000,0,152,157,27698,27698,152,2020-09-05,0,157,0,0.00188309897414602,0
Clinton,2020-09-06T00:00:00.000,0,152,308,28006,28006,152,2020-09-06,0,308,0,0.00184412156030575,0
Clinton,2020-09-07T00:00:00.000,0,152,225,28231,28231,152,2020-09-07,0,225,0,0.0018101109785144,0
Clinton,2020-09-08T00:00:00.000,0,152,51,28282,28282,152,2020-09-08,0,51,0,0.00178113993904412,0
Clinton,2020-09-09T00:00:00.000,0,152,267,28549,28549,152,2020-09-09,0,267,0,0.00175728060379207,0
Clinton,2020-09-10T00:00:00.000,0,152,173,28722,28722,152,2020-09-10,0,173,0,0.0017386096134948,0
Clinton,2020-09-11T00:00:00.000,0,152,441,29163,29163,152,2020-09-11,0,441,0,0.00172521285427112,0
Clinton,2020-09-12T00:00:00.000,1,153,229,29392,29392,153,2020-09-12,1,229,0.00436681222707424,0.00171718996050915,1.01801409350945
Clinton,2020-09-13T00:00:00.000,0,153,225,29617,29617,153,2020-09-13,0,225,0,0.00171465855850279,0
Clinton,2020-09-14T00:00:00.000,1,154,330,29947,29947,154,2020-09-14,1,330,0.00303030303030303,0.00171775825914273,1.02148858746537
Clinton,2020-09-15T00:00:00.000,0,154,108,30055,30055,154,2020-09-15,0,108,0,0.00172665440803192,0
Clinton,2020-09-16T00:00:00.000,0,154,241,30296,30296,154,2020-09-16,0,241,0,0.00174154159814942,0
Clinton,2020-09-17T00:00:00.000,0,154,150,30446,30446,154,2020-09-17,0,150,0,0.00176264694339694,0
Clinton,2020-09-18T00:00:00.000,0,154,328,30774,30774,154,2020-09-18,0,328,0,0.00179023310132058,0
Clinton,2020-09-19T00:00:00.000,0,154,287,31061,31061,154,2020-09-19,0,287,0,0.00182460102023804,0
Clinton,2020-09-20T00:00:00.000,0,154,94,31155,31155,154,2020-09-20,0,94,0,0.00186609236966265,0
Clinton,2020-09-21T00:00:00.000,1,155,381,31536,31536,155,2020-09-21,1,381,0.0026246719160105,0.00191509159428887,1.02794155259466
Clinton,2020-09-22T00:00:00.000,1,156,226,31762,31762,156,2020-09-22,1,226,0.00442477876106195,0.00197202751013939,1.02745603231341
Clinton,2020-09-23T00:00:00.000,1,157,298,32060,32060,157,2020-09-23,1,298,0.00335570469798658,0.00203737433831722,1.02679046049334
Clinton,2020-09-24T00:00:00.000,1,158,433,32493,32493,158,2020-09-24,1,433,0.0023094688221709,0.00211165204695342,1.02593796472492
Clinton,2020-09-25T00:00:00.000,1,159,417,32910,32910,159,2020-09-25,1,417,0.00239808153477218,0.00219542584661361,1.02832761932296
Clinton,2020-09-26T00:00:00.000,1,160,412,33322,33322,160,2020-09-26,1,412,0.00242718446601942,0.00228930466001506,1.03345433427177
Clinton,2020-09-27T00:00:00.000,1,161,259,33581,33581,161,2020-09-27,1,259,0.00386100386100386,0.00239393836456125,1.0383733483007
Clinton,2020-09-28T00:00:00.000,1,162,296,33877,33877,162,2020-09-28,1,296,0.00337837837837838,0.00251001358824273,1.04306635989532
Clinton,2020-09-29T00:00:00.000,0,162,361,34238,34238,162,2020-09-29,0,361,0,0.00263824782836194,0
Clinton,2020-09-30T00:00:00.000,0,162,1234,35472,35472,162,2020-09-30,0,1234,0,0.00277938166074476,0
Clinton,2020-10-01T00:00:00.000,2,164,407,35879,35879,164,2020-10-01,2,407,0.00491400491400491,0.00293416881834748,2.1112497020265
Clinton,2020-10-02T00:00:00.000,1,165,504,36383,36383,165,2020-10-02,1,504,0.00198412698412698,0.00310336394536663,1.05925521583829
Clinton,2020-10-03T00:00:00.000,1,166,467,36850,36850,166,2020-10-03,1,467,0.00214132762312634,0.00328770787943927,1.06258600269545
Clinton,2020-10-04T00:00:00.000,4,170,325,37175,37175,170,2020-10-04,4,325,0.0123076923076923,0.00348791038352775,4.26242320540523
Clinton,2020-10-05T00:00:00.000,3,173,425,37600,37600,173,2020-10-05,3,425,0.00705882352941176,0.00370463034235966,3.20491267804062
Clinton,2020-10-06T00:00:00.000,0,173,382,37982,37982,173,2020-10-06,0,382,0,0.0039384535568491,0
Clinton,2020-10-07T00:00:00.000,4,177,444,38426,38426,177,2020-10-07,4,444,0.00900900900900901,0.00418986841297136,4.29080182934042
Clinton,2020-10-08T00:00:00.000,1,178,1050,39476,39476,178,2020-10-08,1,1050,0.000952380952380952,0.00445923986578882,1.07438254431986
Clinton,2020-10-09T00:00:00.000,0,178,490,39966,39966,178,2020-10-09,0,490,0,0.00474678235887231,0
Clinton,2020-10-10T00:00:00.000,1,179,582,40548,40548,179,2020-10-10,1,582,0.00171821305841924,0.00505253248558246,1.07646797714427
Clinton,2020-10-11T00:00:00.000,0,179,255,40803,40803,179,2020-10-11,0,255,0,0.00537632237945401,0
Clinton,2020-10-12T00:00:00.000,3,182,569,41372,41372,182,2020-10-12,3,569,0.00527240773286467,0.00571775498259971,3.23141409924949
Clinton,2020-10-13T00:00:00.000,1,183,533,41905,41905,183,2020-10-13,1,533,0.00187617260787992,0.00607618246632581,1.07694371911671
Clinton,2020-10-14T00:00:00.000,4,187,528,42433,42433,187,2020-10-14,4,528,0.00757575757575758,0.0064506891514619,4.30925222910757
Clinton,2020-10-15T00:00:00.000,3,190,356,42789,42789,190,2020-10-15,3,356,0.00842696629213483,0.00684008027974391,3.23433536499106
Clinton,2020-10-16T00:00:00.000,2,192,538,43327,43327,192,2020-10-16,2,538,0.00371747211895911,0.0072428779098877,2.16120167806293
Clinton,2020-10-17T00:00:00.000,5,197,522,43849,43849,197,2020-10-17,5,522,0.00957854406130268,0.00765732504263553,5.4166074620775
Clinton,2020-10-18T00:00:00.000,2,199,210,44059,44059,199,2020-10-18,2,210,0.00952380952380952,0.00808139881640968,2.17193304207228
Clinton,2020-10-19T00:00:00.000,16,215,559,44618,44618,215,2020-10-19,16,559,0.0286225402504472,0.00851283326461671,17.4289550803063
Clinton,2020-10-20T00:00:00.000,5,220,353,44971,44971,220,2020-10-20,5,353,0.0141643059490085,0.00894915169960239,5.46806200992342
Clinton,2020-10-21T00:00:00.000,4,224,259,45230,45230,224,2020-10-21,4,259,0.0154440154440154,0.00938770831110766,4.39036284565119
Clinton,2020-10-22T00:00:00.000,8,232,305,45535,45535,232,2020-10-22,8,305,0.0262295081967213,0.00982573806597202,8.81331982756566
Clinton,2020-10-23T00:00:00.000,4,236,303,45838,45838,236,2020-10-23,4,303,0.0132013201320132,0.0102604135067859,4.42026798295042
Clinton,2020-10-24T00:00:00.000,4,240,565,46403,46403,240,2020-10-24,4,565,0.00707964601769911,0.0106889066066302,4.43111634070335
Clinton,2020-10-25T00:00:00.000,2,242,225,46628,46628,242,2020-10-25,2,225,0.00888888888888889,0.011108453479209,2.21957927007256
Clinton,2020-10-26T00:00:00.000,2,244,446,47074,47074,244,2020-10-26,2,446,0.00448430493273543,0.0115164195019066,2.22218640687383
Clinton,2020-10-27T00:00:00.000,2,246,315,47389,47389,246,2020-10-27,2,315,0.00634920634920635,0.011910362300815,2.22338106345695
Clinton,2020-10-28T00:00:00.000,2,248,387,47776,47776,248,2020-10-28,2,387,0.00516795865633075,0.0122880900902425,2.22317693479089
Clinton,2020-10-29T00:00:00.000,7,255,199,47975,47975,255,2020-10-29,7,199,0.0351758793969849,0.012647713045261,7.77559858498568
Clinton,2020-10-30T00:00:00.000,8,263,218,48193,48193,263,2020-10-30,8,218,0.036697247706422,0.0129876857104543,8.87474398645106
Clinton,2020-10-31T00:00:00.000,7,270,348,48541,48541,270,2020-10-31,7,348,0.0201149425287356,0.0133068388782562,7.7506932881325
Clinton,2020-11-01T00:00:00.000,3,273,267,48808,48808,273,2020-11-01,3,267,0.0112359550561798,0.013604399881858,3.31357581931711
Clinton,2020-11-02T00:00:00.000,6,279,283,49091,49091,279,2020-11-02,6,283,0.0212014134275618,0.0138800007936858,6.60735820126722
Clinton,2020-11-03T00:00:00.000,3,282,439,49530,49530,282,2020-11-03,3,439,0.00683371298405467,0.0141336745686034,3.29214706714079
Clinton,2020-11-04T00:00:00.000,6,288,935,50465,50465,288,2020-11-04,6,935,0.00641711229946524,0.0143658396772341,6.55820255337074
Clinton,2020-11-05T00:00:00.000,4,292,1073,51538,51538,292,2020-11-05,4,1073,0.00372786579683131,0.0145772742091505,4.35289522850004
Clinton,2020-11-06T00:00:00.000,5,297,322,51860,51860,297,2020-11-06,5,322,0.015527950310559,0.0147690807631778,5.4149888822049
Clinton,2020-11-07T00:00:00.000,4,301,409,52269,52269,301,2020-11-07,4,409,0.0097799511002445,0.014942643663374,4.30960918509211
Clinton,2020-11-08T00:00:00.000,2,303,313,52582,52582,303,2020-11-08,2,313,0.00638977635782748,0.015099580144477,2.14282363582679
Clinton,2020-11-09T00:00:00.000,10,313,336,52918,52918,313,2020-11-09,10,336,0.0297619047619048,0.0152416871353708,10.6547520720249
Clinton,2020-11-10T00:00:00.000,18,331,211,53129,53129,331,2020-11-10,18,211,0.0853080568720379,0.0153708851529048,19.1037257502753
Clinton,2020-11-11T00:00:00.000,13,344,1683,54812,54812,344,2020-11-11,13,1683,0.0077243018419489,0.0154891606110371,13.7549118038756
Clinton,2020-11-12T00:00:00.000,12,356,830,55642,55642,356,2020-11-12,12,830,0.0144578313253012,0.0155985075815627,12.6997897093626
Clinton,2020-11-13T00:00:00.000,16,372,243,55885,55885,372,2020-11-13,16,243,0.065843621399177,0.0157008697312809,16.9364450504913
Clinton,2020-11-14T00:00:00.000,5,377,127,56012,56012,377,2020-11-14,5,127,0.0393700787401575,0.0157980828334615,5.29353942301337
Clinton,2020-11-15T00:00:00.000,3,380,921,56933,56933,380,2020-11-15,3,921,0.00325732899022801,0.0158918179363461,3.17657251174961
Clinton,2020-11-16T00:00:00.000,4,384,242,57175,57175,384,2020-11-16,4,242,0.0165289256198347,0.0159835249861652,4.23591266677761
Clinton,2020-11-17T00:00:00.000,5,389,247,57422,57422,389,2020-11-17,5,247,0.0202429149797571,0.0160743764734101,5.2953563393182
Clinton,2020-11-18T00:00:00.000,8,397,333,57755,57755,397,2020-11-18,8,333,0.024024024024024,0.0161652105181505,8.47310369043324
Columbia,2020-03-01T00:00:00.000,0,0,0,0,0,0,2020-03-01,0,0,0,0.0257117170231417,0
Columbia,2020-03-02T00:00:00.000,0,0,0,0,0,0,2020-03-02,0,0,0,0.027263199817378,0
Columbia,2020-03-03T00:00:00.000,0,0,0,0,0,0,2020-03-03,0,0,0,0.0289054627519481,0
Columbia,2020-03-04T00:00:00.000,0,0,0,0,0,0,2020-03-04,0,0,0,0.0306433541034487,0
Columbia,2020-03-05T00:00:00.000,0,0,0,0,0,0,2020-03-05,0,0,0,0.0324818535366033,0
Columbia,2020-03-06T00:00:00.000,0,0,0,0,0,0,2020-03-06,0,0,0,0.0344260462899068,0
Columbia,2020-03-07T00:00:00.000,0,0,0,0,0,0,2020-03-07,0,0,0,0.0364810906299076,0
Columbia,2020-03-08T00:00:00.000,0,0,1,1,1,0,2020-03-08,0,1,0,0.0386521777271439,0
Columbia,2020-03-09T00:00:00.000,0,0,0,1,1,0,2020-03-09,0,0,0,0.0409444831035025,0
Columbia,2020-03-10T00:00:00.000,0,0,0,1,1,0,2020-03-10,0,0,0,0.0433631088212968,0
Columbia,2020-03-11T00:00:00.000,0,0,2,3,3,0,2020-03-11,0,2,0,0.0459130156403846,0
Columbia,2020-03-12T00:00:00.000,0,0,2,5,5,0,2020-03-12,0,2,0,0.0485989444634418,0
Columbia,2020-03-13T00:00:00.000,0,0,1,6,6,0,2020-03-13,0,1,0,0.0514253265310413,0
Columbia,2020-03-14T00:00:00.000,0,0,4,10,10,0,2020-03-14,0,4,0,0.0543961820236274,0
Columbia,2020-03-15T00:00:00.000,0,0,2,12,12,0,2020-03-15,0,2,0,0.0575150069806037,0
Columbia,2020-03-16T00:00:00.000,0,0,13,25,25,0,2020-03-16,0,13,0,0.0607846487667733,0
Columbia,2020-03-17T00:00:00.000,0,0,14,39,39,0,2020-03-17,0,14,0,0.064207170698102,0
Columbia,2020-03-18T00:00:00.000,0,0,32,71,71,0,2020-03-18,0,32,0,0.0677837068897036,0
Columbia,2020-03-19T00:00:00.000,1,1,24,95,95,1,2020-03-19,1,24,0.0416666666666667,0.0715143088946313,1.19542064930249
Columbia,2020-03-20T00:00:00.000,1,2,35,130,130,2,2020-03-20,1,35,0.0285714285714286,0.0753977862616799,1.18044793750066
Columbia,2020-03-21T00:00:00.000,3,5,52,182,182,5,2020-03-21,3,52,0.0576923076923077,0.0794315437297651,3.49355445246852
Columbia,2020-03-22T00:00:00.000,5,10,48,230,230,10,2020-03-22,5,48,0.104166666666667,0.0836114183809414,5.77184841136678
Columbia,2020-03-23T00:00:00.000,1,11,10,240,240,11,2020-03-23,1,10,0.1,0.0879315206613342,1.15376839996211
Columbia,2020-03-24T00:00:00.000,1,12,15,255,255,12,2020-03-24,1,15,0.0666666666666667,0.0923840837202026,1.15173378213047
Columbia,2020-03-25T00:00:00.000,1,13,22,277,277,13,2020-03-25,1,22,0.0454545454545455,0.0969593259729515,1.14823494820371
Columbia,2020-03-26T00:00:00.000,7,20,20,297,297,20,2020-03-26,7,20,0.35,0.10164533212606,8.00998296978465
Columbia,2020-03-27T00:00:00.000,2,22,15,312,312,22,2020-03-27,2,15,0.133333333333333,0.106427958073839,2.2990686143197
Columbia,2020-03-28T00:00:00.000,1,23,11,323,323,23,2020-03-28,1,11,0.0909090909090909,0.111290765053288,1.1496374577187
Columbia,2020-03-29T00:00:00.000,3,26,26,349,349,26,2020-03-29,3,26,0.115384615384615,0.116214988195079,3.44537502291383
Columbia,2020-03-30T00:00:00.000,4,30,14,363,363,30,2020-03-30,4,14,0.285714285714286,0.121179544125794,4.58904914097293
Columbia,2020-03-31T00:00:00.000,1,31,12,375,375,31,2020-03-31,1,12,0.0833333333333333,0.126161081548873,1.14858469809381
Columbia,2020-04-01T00:00:00.000,5,36,21,396,396,36,2020-04-01,5,21,0.238095238095238,0.131134077779794,5.77760369283284
Columbia,2020-04-02T00:00:00.000,6,42,22,418,418,42,2020-04-02,6,22,0.272727272727273,0.136070983061515,6.97103504319172
Columbia,2020-04-03T00:00:00.000,7,49,20,438,438,49,2020-04-03,7,20,0.35,0.140942413190747,8.17312119998696
Columbia,2020-04-04T00:00:00.000,2,51,15,453,453,51,2020-04-04,2,15,0.133333333333333,0.145717389599138,2.34563068374566
Columbia,2020-04-05T00:00:00.000,8,59,23,476,476,59,2020-04-05,8,23,0.347826086956522,0.150363624634345,9.41952022223684
Columbia,2020-04-06T00:00:00.000,2,61,15,491,491,61,2020-04-06,2,15,0.133333333333333,0.15484784844432,2.3632429831922
Columbia,2020-04-07T00:00:00.000,2,63,8,499,499,63,2020-04-07,2,8,0.25,0.159136172654201,2.37088338662063
Columbia,2020-04-08T00:00:00.000,7,70,27,526,526,70,2020-04-08,7,27,0.259259259259259,0.1631944850072,8.3234192602662
Columbia,2020-04-09T00:00:00.000,4,74,55,581,581,74,2020-04-09,4,55,0.0727272727272727,0.16698886836,4.78011911221565
Columbia,2020-04-10T00:00:00.000,3,77,30,611,611,77,2020-04-10,3,30,0.1,0.170486036902183,3.60091580503655
Columbia,2020-04-11T00:00:00.000,2,79,35,646,646,79,2020-04-11,2,35,0.0571428571428571,0.173653782221946,2.40999143593556
Columbia,2020-04-12T00:00:00.000,1,80,27,673,673,80,2020-04-12,1,27,0.037037037037037,0.176461421823651,1.20919200094516
Columbia,2020-04-13T00:00:00.000,4,84,30,703,703,84,2020-04-13,4,30,0.133333333333333,0.17888024289746,4.85228168928356
Columbia,2020-04-14T00:00:00.000,12,96,55,758,758,96,2020-04-14,12,55,0.218181818181818,0.180883934462415,14.6191658479282
Columbia,2020-04-15T00:00:00.000,3,99,28,786,786,99,2020-04-15,3,28,0.107142857142857,0.182449001404551,3.67010357700408
Columbia,2020-04-16T00:00:00.000,2,101,20,806,806,101,2020-04-16,2,20,0.1,0.183555154318272,2.45676591604682
Columbia,2020-04-17T00:00:00.000,4,105,32,838,838,105,2020-04-17,4,32,0.125,0.184185669387622,4.93454600312144
Columbia,2020-04-18T00:00:00.000,2,107,34,872,872,107,2020-04-18,2,34,0.0588235294117647,0.184327712753694,2.48295719486334
Columbia,2020-04-19T00:00:00.000,4,111,17,889,889,111,2020-04-19,4,17,0.235294117647059,0.183972623884526,4.99678869196575
Columbia,2020-04-20T00:00:00.000,2,113,24,913,913,113,2020-04-20,2,24,0.0833333333333333,0.183116152406512,2.51353768189798
Columbia,2020-04-21T00:00:00.000,4,117,34,947,947,117,2020-04-21,4,34,0.117647058823529,0.181758642694279,5.05667473043382
Columbia,2020-04-22T00:00:00.000,6,123,35,982,982,123,2020-04-22,6,35,0.171428571428571,0.179905160331795,7.62822252681295
Columbia,2020-04-23T00:00:00.000,6,129,35,1017,1017,129,2020-04-23,6,35,0.171428571428571,0.177565554439723,7.67007983735579
Columbia,2020-04-24T00:00:00.000,11,140,105,1122,1122,140,2020-04-24,11,105,0.104761904761905,0.174754449924317,14.1357594574121
Columbia,2020-04-25T00:00:00.000,3,143,27,1149,1149,143,2020-04-25,3,27,0.111111111111111,0.171491164081063,3.87452625768545
Columbia,2020-04-26T00:00:00.000,3,146,22,1171,1171,146,2020-04-26,3,22,0.136363636363636,0.167799542781418,3.89290996938603
Columbia,2020-04-27T00:00:00.000,8,154,33,1204,1204,154,2020-04-27,8,33,0.242424242424242,0.163707712802056,10.427390104406
Columbia,2020-04-28T00:00:00.000,11,165,37,1241,1241,165,2020-04-28,11,37,0.297297297297297,0.159247748762389,14.3952563732604
Columbia,2020-04-29T00:00:00.000,5,170,61,1302,1302,170,2020-04-29,5,61,0.0819672131147541,0.154455255638793,6.56714657551717
Columbia,2020-04-30T00:00:00.000,32,202,76,1378,1378,202,2020-04-30,32,76,0.421052631578947,0.149368870849648,42.1686353046716
Columbia,2020-05-01T00:00:00.000,3,205,37,1415,1415,205,2020-05-01,3,37,0.0810810810810811,0.144029693320299,3.96497526580045
Columbia,2020-05-02T00:00:00.000,4,209,57,1472,1472,209,2020-05-02,4,57,0.0701754385964912,0.138480650542975,5.30029741225653
Columbia,2020-05-03T00:00:00.000,4,213,38,1510,1510,213,2020-05-03,4,38,0.105263157894737,0.132765818169685,5.32043612960956
Columbia,2020-05-04T00:00:00.000,16,229,79,1589,1589,229,2020-05-04,16,79,0.20253164556962,0.126929709826519,21.427217145601
Columbia,2020-05-05T00:00:00.000,62,291,188,1777,1777,291,2020-05-05,62,188,0.329787234042553,0.12101655731089,83.3714450164884
Columbia,2020-05-06T00:00:00.000,11,302,58,1835,1835,302,2020-05-06,11,58,0.189655172413793,0.115069602850352,14.8396525356231
Columbia,2020-05-07T00:00:00.000,2,304,70,1905,1905,304,2020-05-07,2,70,0.0285714285714286,0.109130425468353,2.70453610978937
Columbia,2020-05-08T00:00:00.000,0,304,42,1947,1947,304,2020-05-08,0,42,0,0.103238322596421,0
Columbia,2020-05-09T00:00:00.000,8,312,264,2211,2211,312,2020-05-09,8,264,0.0303030303030303,0.0974297659057885,10.8134654437981
Columbia,2020-05-10T00:00:00.000,2,314,41,2252,2252,314,2020-05-10,2,41,0.0487804878048781,0.0917379470279501,2.70068289251222
Columbia,2020-05-11T00:00:00.000,0,314,55,2307,2307,314,2020-05-11,0,55,0,0.086192424626708,0
Columbia,2020-05-12T00:00:00.000,4,318,85,2392,2392,318,2020-05-12,4,85,0.0470588235294118,0.0808188794916809,5.42270529888524
Columbia,2020-05-13T00:00:00.000,9,327,100,2492,2492,327,2020-05-13,9,100,0.09,0.0756389793136945,12.2222465708822
Columbia,2020-05-14T00:00:00.000,6,333,95,2587,2587,333,2020-05-14,6,95,0.0631578947368421,0.0706703499458733,8.15876452988846
Columbia,2020-05-15T00:00:00.000,5,338,71,2658,2658,338,2020-05-15,5,71,0.0704225352112676,0.0659266455887922,6.80480277872145
Columbia,2020-05-16T00:00:00.000,2,340,68,2726,2726,340,2020-05-16,2,68,0.0294117647058824,0.0614177067388703,2.72964078068606
Columbia,2020-05-17T00:00:00.000,6,346,86,2812,2812,346,2020-05-17,6,86,0.0697674418604651,0.0571497920818221,8.21537882322862
Columbia,2020-05-18T00:00:00.000,4,350,39,2851,2851,350,2020-05-18,4,39,0.102564102564103,0.0531258688879356,5.49036389313879
Columbia,2020-05-19T00:00:00.000,0,350,107,2958,2958,350,2020-05-19,0,107,0,0.0493459458529591,0
Columbia,2020-05-20T00:00:00.000,5,355,128,3086,3086,355,2020-05-20,5,128,0.0390625,0.0458074326434829,6.93029230270274
Columbia,2020-05-21T00:00:00.000,1,356,78,3164,3164,356,2020-05-21,1,78,0.0128205128205128,0.0425055114876949,1.39136335585457
Columbia,2020-05-22T00:00:00.000,3,359,96,3260,3260,359,2020-05-22,3,96,0.03125,0.039433507818838,4.18495363790674
Columbia,2020-05-23T00:00:00.000,6,365,94,3354,3354,365,2020-05-23,6,94,0.0638297872340425,0.0365832490264369,8.35528150048995
Columbia,2020-05-24T00:00:00.000,7,372,134,3488,3488,372,2020-05-24,7,134,0.0522388059701493,0.0339454026066925,9.72140123606829
Columbia,2020-05-25T00:00:00.000,1,373,145,3633,3633,373,2020-05-25,1,145,0.00689655172413793,0.0315097872621898,1.38359227390159
Columbia,2020-05-26T00:00:00.000,7,380,62,3695,3695,380,2020-05-26,7,62,0.112903225806452,0.0292656526420462,9.63833126684298
Columbia,2020-05-27T00:00:00.000,0,380,145,3840,3840,380,2020-05-27,0,145,0,0.0272019253425137,0
Columbia,2020-05-28T00:00:00.000,2,382,159,3999,3999,382,2020-05-28,2,159,0.0125786163522013,0.0253074204378465,2.72013284247542
Columbia,2020-05-29T00:00:00.000,1,383,125,4124,4124,383,2020-05-29,1,125,0.008,0.0235710191548962,1.35007771257829
Columbia,2020-05-30T00:00:00.000,4,387,211,4335,4335,387,2020-05-30,4,211,0.018957345971564,0.0219818143379532,5.35666293445567
Columbia,2020-05-31T00:00:00.000,2,389,94,4429,4429,389,2020-05-31,2,94,0.0212765957446809,0.0205292260905452,2.6557290368203
Columbia,2020-06-01T00:00:00.000,2,391,167,4596,4596,391,2020-06-01,2,167,0.0119760479041916,0.0192030904586259,2.63990604200232
Columbia,2020-06-02T00:00:00.000,8,399,393,4989,4989,399,2020-06-02,8,393,0.0203562340966921,0.0179937242748087,10.4916789655911
Columbia,2020-06-03T00:00:00.000,1,400,276,5265,5265,400,2020-06-03,1,276,0.0036231884057971,0.0168919693567536,1.30243513248245
Columbia,2020-06-04T00:00:00.000,11,411,269,5534,5534,411,2020-06-04,11,269,0.0408921933085502,0.0158892191861674,14.222246718732
Columbia,2020-06-05T00:00:00.000,1,412,225,5759,5759,412,2020-06-05,1,225,0.00444444444444444,0.0149774310268986,1.28423408558833
Columbia,2020-06-06T00:00:00.000,2,414,211,5970,5970,414,2020-06-06,2,211,0.00947867298578199,0.0141491262034588,2.55355153455624
Columbia,2020-06-07T00:00:00.000,0,414,144,6114,6114,414,2020-06-07,0,144,0,0.0133973809836567,0
Columbia,2020-06-08T00:00:00.000,0,414,145,6259,6259,414,2020-06-08,0,145,0,0.0127158102131942,0
Columbia,2020-06-09T00:00:00.000,6,420,310,6569,6569,420,2020-06-09,6,310,0.0193548387096774,0.0120985455529556,7.51550887065867
Columbia,2020-06-10T00:00:00.000,4,424,233,6802,6802,424,2020-06-10,4,233,0.0171673819742489,0.0115402098835069,5.00201073661603
Columbia,2020-06-11T00:00:00.000,4,428,412,7214,7214,428,2020-06-11,4,412,0.00970873786407767,0.0110358891748988,4.99315091573443
Columbia,2020-06-12T00:00:00.000,3,431,176,7390,7390,431,2020-06-12,3,176,0.0170454545454545,0.0105811028780303,3.73785732988169
Columbia,2020-06-13T00:00:00.000,5,436,198,7588,7588,436,2020-06-13,5,198,0.0252525252525253,0.0101717736791242,6.21754401172177
Columbia,2020-06-14T00:00:00.000,3,439,95,7683,7683,439,2020-06-14,3,95,0.0315789473684211,0.00980419727218508,3.7229043560471
Columbia,2020-06-15T00:00:00.000,3,442,198,7881,7881,442,2020-06-15,3,198,0.0151515151515152,0.00947501264471551,3.71502275871051
Columbia,2020-06-16T00:00:00.000,0,442,134,8015,8015,442,2020-06-16,0,134,0,0.00918117323806137,0
Columbia,2020-06-17T00:00:00.000,1,443,189,8204,8204,443,2020-06-17,1,189,0.00529100529100529,0.00891991923318634,1.23286440827728
Columbia,2020-06-18T00:00:00.000,3,446,454,8658,8658,446,2020-06-18,3,454,0.0066079295154185,0.00868875112307341,3.68993203789361
Columbia,2020-06-19T00:00:00.000,5,451,335,8993,8993,451,2020-06-19,5,335,0.0149253731343284,0.00848540466190115,6.1352260452686
Columbia,2020-06-20T00:00:00.000,0,451,182,9175,9175,451,2020-06-20,0,182,0,0.00830782722596494,0
Columbia,2020-06-21T00:00:00.000,1,452,146,9321,9321,452,2020-06-21,1,146,0.00684931506849315,0.0081541555799541,1.22106442178681
Columbia,2020-06-22T00:00:00.000,2,454,106,9427,9427,454,2020-06-22,2,106,0.0188679245283019,0.0080226950124072,2.43604438894756
Columbia,2020-06-23T00:00:00.000,0,454,174,9601,9601,454,2020-06-23,0,174,0,0.00791189978420252,0
Columbia,2020-06-24T00:00:00.000,1,455,300,9901,9901,455,2020-06-24,1,300,0.00333333333333333,0.00782035482200726,1.21184167816396
Columbia,2020-06-25T00:00:00.000,5,460,447,10348,10348,460,2020-06-25,5,447,0.0111856823266219,0.00774675858378958,6.04351636911707
Columbia,2020-06-26T00:00:00.000,1,461,179,10527,10527,461,2020-06-26,1,179,0.00558659217877095,0.0076899070237315,1.20553110407986
Columbia,2020-06-27T00:00:00.000,2,463,165,10692,10692,463,2020-06-27,2,165,0.0121212121212121,0.00764867858928279,2.4046456981766
Columbia,2020-06-28T00:00:00.000,0,463,96,10788,10788,463,2020-06-28,0,96,0,0.00762202019176122,0
Columbia,2020-06-29T00:00:00.000,1,464,221,11009,11009,464,2020-06-29,1,221,0.00452488687782805,0.00760893410367875,1.1957851696154
Columbia,2020-06-30T00:00:00.000,2,466,136,11145,11145,466,2020-06-30,2,136,0.0147058823529412,0.00760846575003857,2.38489552092876
Columbia,2020-07-01T00:00:00.000,6,472,289,11434,11434,472,2020-07-01,6,289,0.0207612456747405,0.00761969237633711,7.13435095204579
Columbia,2020-07-02T00:00:00.000,2,474,234,11668,11668,474,2020-07-02,2,234,0.00854700854700855,0.0076417125925426,2.37122456335795
Columbia,2020-07-03T00:00:00.000,0,474,150,11818,11818,474,2020-07-03,0,150,0,0.0076736368092201,0
Columbia,2020-07-04T00:00:00.000,1,475,220,12038,12038,475,2020-07-04,1,220,0.00454545454545455,0.00771457859825069,1.17852337249317
Columbia,2020-07-05T00:00:00.000,2,477,247,12285,12285,477,2020-07-05,2,247,0.00809716599190283,0.00776364702611407,2.34975540903662
Columbia,2020-07-06T00:00:00.000,2,479,312,12597,12597,479,2020-07-06,2,312,0.00641025641025641,0.00781994002114402,2.34274125159947
Columbia,2020-07-07T00:00:00.000,3,482,291,12888,12888,482,2020-07-07,3,291,0.0103092783505155,0.00788253884713696,3.50934427335009
Columbia,2020-07-08T00:00:00.000,0,482,191,13079,13079,482,2020-07-08,0,191,0,0.00795050376334464,0
Columbia,2020-07-09T00:00:00.000,0,482,212,13291,13291,482,2020-07-09,0,212,0,0.00802287095425252,0
Columbia,2020-07-10T00:00:00.000,3,485,172,13463,13463,485,2020-07-10,3,172,0.0174418604651163,0.00809865081129813,3.49114357519735
Columbia,2020-07-11T00:00:00.000,1,486,189,13652,13652,486,2020-07-11,1,189,0.00529100529100529,0.00817682764184692,1.16145104532853
Columbia,2020-07-12T00:00:00.000,1,487,197,13849,13849,487,2020-07-12,1,197,0.0050761421319797,0.00825636086801012,1.15907395972427
Columbia,2020-07-13T00:00:00.000,2,489,289,14138,14138,489,2020-07-13,2,289,0.0069204152249135,0.00833618775919127,2.31317529546416
Columbia,2020-07-14T00:00:00.000,0,489,226,14364,14364,489,2020-07-14,0,226,0,0.00841522771700642,0
Columbia,2020-07-15T00:00:00.000,0,489,200,14564,14564,489,2020-07-15,0,200,0,0.00849238810053309,0
Columbia,2020-07-16T00:00:00.000,1,490,201,14765,14765,490,2020-07-16,1,201,0.00497512437810945,0.00856657154343371,1.14852383825233
Columbia,2020-07-17T00:00:00.000,1,491,307,15072,15072,491,2020-07-17,1,307,0.00325732899022801,0.00863668467409741,1.14724482394308
Columbia,2020-07-18T00:00:00.000,1,492,99,15171,15171,492,2020-07-18,1,99,0.0101010101010101,0.00870164810633297,1.14901079738718
Columbia,2020-07-19T00:00:00.000,0,492,99,15270,15270,492,2020-07-19,0,99,0,0.00876040752326653,0
Columbia,2020-07-20T00:00:00.000,3,495,222,15492,15492,495,2020-07-20,3,222,0.0135135135135135,0.00881194563268283,3.45242232375409
Columbia,2020-07-21T00:00:00.000,2,497,197,15689,15689,497,2020-07-21,2,197,0.0101522842639594,0.00885529473054594,2.30133895518395
Columbia,2020-07-22T00:00:00.000,0,497,309,15998,15998,497,2020-07-22,0,309,0,0.00888954957243367,0
Columbia,2020-07-23T00:00:00.000,1,498,324,16322,16322,498,2020-07-23,1,324,0.00308641975308642,0.00891388022336779,1.14840357602384
Columbia,2020-07-24T00:00:00.000,2,500,284,16606,16606,500,2020-07-24,2,284,0.00704225352112676,0.00892754453591292,2.30250251336883
Columbia,2020-07-25T00:00:00.000,0,500,116,16722,16722,500,2020-07-25,0,116,0,0.00892989989728071,0
Columbia,2020-07-26T00:00:00.000,3,503,139,16861,16861,503,2020-07-26,3,139,0.0215827338129496,0.00892041388926619,3.46383746722802
Columbia,2020-07-27T00:00:00.000,1,504,232,17093,17093,504,2020-07-27,1,232,0.00431034482758621,0.00889867352116052,1.15485411176136
Columbia,2020-07-28T00:00:00.000,6,510,119,17212,17212,510,2020-07-28,6,119,0.0504201680672269,0.00886439272563639,6.92510623147559
Columbia,2020-07-29T00:00:00.000,3,513,221,17433,17433,513,2020-07-29,3,221,0.0135746606334842,0.00881741785044634,3.45770402217714
Columbia,2020-07-30T00:00:00.000,3,516,253,17686,17686,516,2020-07-30,3,253,0.0118577075098814,0.00875773093309284,3.44994227424631
Columbia,2020-07-31T00:00:00.000,3,519,258,17944,17944,519,2020-07-31,3,258,0.0116279069767442,0.00868545061030289,3.44226597542418
Columbia,2020-08-01T00:00:00.000,3,522,73,18017,18017,522,2020-08-01,3,73,0.0410958904109589,0.00860083058560842,3.43858405502083
Columbia,2020-08-02T00:00:00.000,1,523,73,18090,18090,523,2020-08-02,1,73,0.0136986301369863,0.00850425565466154,1.14369097661567
Columbia,2020-08-03T00:00:00.000,6,529,268,18358,18358,529,2020-08-03,6,268,0.0223880597014925,0.00839623536516447,6.84334329093964
Columbia,2020-08-04T00:00:00.000,2,531,264,18622,18622,531,2020-08-04,2,264,0.00757575757575758,0.00827739546318006,2.27361487482538
Columbia,2020-08-05T00:00:00.000,3,534,235,18857,18857,534,2020-08-05,3,235,0.0127659574468085,0.00814846734692905,3.39737772398362
Columbia,2020-08-06T00:00:00.000,1,535,194,19051,19051,535,2020-08-06,1,194,0.00515463917525773,0.00801027580988033,1.13103414675851
Columbia,2020-08-07T00:00:00.000,4,539,158,19209,19209,539,2020-08-07,4,158,0.0253164556962025,0.00786372540400876,4.5242818292218
Columbia,2020-08-08T00:00:00.000,1,540,166,19375,19375,540,2020-08-08,1,166,0.00602409638554217,0.00770978579012652,1.13073127619491
Columbia,2020-08-09T00:00:00.000,1,541,120,19495,19495,541,2020-08-09,1,120,0.00833333333333333,0.00754947646354741,1.12998993980595
Columbia,2020-08-10T00:00:00.000,5,546,415,19910,19910,546,2020-08-10,5,415,0.0120481927710843,0.00738385124934786,5.64413196848348
Columbia,2020-08-11T00:00:00.000,2,548,247,20157,20157,548,2020-08-11,2,247,0.00809716599190283,0.00721398295306271,2.25406360677521
Columbia,2020-08-12T00:00:00.000,2,550,222,20379,20379,550,2020-08-12,2,222,0.00900900900900901,0.00704094853015121,2.24920703247758
Columbia,2020-08-13T00:00:00.000,1,551,304,20683,20683,551,2020-08-13,1,304,0.00328947368421053,0.00686581510307432,1.12175242709396
Columbia,2020-08-14T00:00:00.000,0,551,214,20897,20897,551,2020-08-14,0,214,0,0.00668962711053796,0
Columbia,2020-08-15T00:00:00.000,1,552,221,21118,21118,552,2020-08-15,1,221,0.00452488687782805,0.00651339482183643,1.12035652004174
Columbia,2020-08-16T00:00:00.000,0,552,103,21221,21221,552,2020-08-16,0,103,0,0.00633808439289257,0
Columbia,2020-08-17T00:00:00.000,6,558,505,21726,21726,558,2020-08-17,6,505,0.0118811881188119,0.00616460958284802,6.71128978453207
Columbia,2020-08-18T00:00:00.000,1,559,398,22124,22124,559,2020-08-18,1,398,0.00251256281407035,0.00599382519275545,1.11620874483787
Columbia,2020-08-19T00:00:00.000,1,560,228,22352,22352,560,2020-08-19,1,228,0.0043859649122807,0.00582652223399118,1.11377128585361
Columbia,2020-08-20T00:00:00.000,1,561,296,22648,22648,561,2020-08-20,1,296,0.00337837837837838,0.00566342478526749,1.11125908280244
Columbia,2020-08-21T00:00:00.000,0,561,315,22963,22963,561,2020-08-21,0,315,0,0.00550518845474958,0
Columbia,2020-08-22T00:00:00.000,1,562,203,23166,23166,562,2020-08-22,1,203,0.00492610837438424,0.00535240032911786,1.10551583559968
Columbia,2020-08-23T00:00:00.000,0,562,141,23307,23307,562,2020-08-23,0,141,0,0.00520558026502253,0
Columbia,2020-08-24T00:00:00.000,2,564,317,23624,23624,564,2020-08-24,2,317,0.00630914826498423,0.00506518335973804,2.20532378781686
Columbia,2020-08-25T00:00:00.000,0,564,109,23733,23733,564,2020-08-25,0,109,0,0.00493160342746991,0
Columbia,2020-08-26T00:00:00.000,4,568,279,24012,24012,568,2020-08-26,4,279,0.014336917562724,0.00480517730421654,4.38785780349168
Columbia,2020-08-27T00:00:00.000,0,568,295,24307,24307,568,2020-08-27,0,295,0,0.00468618980702296,0
Columbia,2020-08-28T00:00:00.000,1,569,304,24611,24611,569,2020-08-28,1,304,0.00328947368421053,0.00457487918145493,1.09168483707158
Columbia,2020-08-29T00:00:00.000,0,569,280,24891,24891,569,2020-08-29,0,280,0,0.00447144288335859,0
Columbia,2020-08-30T00:00:00.000,0,569,261,25152,25152,569,2020-08-30,0,261,0,0.0043760435558985,0
Columbia,2020-08-31T00:00:00.000,0,569,233,25385,25385,569,2020-08-31,0,233,0,0.00428881507989111,0
Columbia,2020-09-01T00:00:00.000,1,570,347,25732,25732,570,2020-09-01,1,347,0.00288184438040346,0.00420986859311311,1.09358428907254
Columbia,2020-09-02T00:00:00.000,0,570,245,25977,25977,570,2020-09-02,0,245,0,0.0041392983920085,0
Columbia,2020-09-03T00:00:00.000,4,574,206,26183,26183,574,2020-09-03,4,206,0.0194174757281553,0.00407718764611634,4.37990551508365
Columbia,2020-09-04T00:00:00.000,1,575,198,26381,26381,575,2020-09-04,1,198,0.00505050505050505,0.00402361387119395,1.09576786366579
Columbia,2020-09-05T00:00:00.000,0,575,190,26571,26571,575,2020-09-05,0,190,0,0.00397865412075417,0
Columbia,2020-09-06T00:00:00.000,1,576,116,26687,26687,576,2020-09-06,1,116,0.00862068965517241,0.00394238986749125,1.09749839087632
Columbia,2020-09-07T00:00:00.000,0,576,237,26924,26924,576,2020-09-07,0,237,0,0.00391491155546429,0
Columbia,2020-09-08T00:00:00.000,0,576,223,27147,27147,576,2020-09-08,0,223,0,0.00389632281102286,0
Columbia,2020-09-09T00:00:00.000,0,576,213,27360,27360,576,2020-09-09,0,213,0,0.00388674430506904,0
Columbia,2020-09-10T00:00:00.000,1,577,222,27582,27582,577,2020-09-10,1,222,0.0045045045045045,0.00388631726172869,1.10043106087005
Columbia,2020-09-11T00:00:00.000,0,577,182,27764,27764,577,2020-09-11,0,182,0,0.00389520660860123,0
Columbia,2020-09-12T00:00:00.000,0,577,263,28027,28027,577,2020-09-12,0,263,0,0.00391360376194351,0
Columbia,2020-09-13T00:00:00.000,0,577,133,28160,28160,577,2020-09-13,0,133,0,0.0039417290363642,0
Columbia,2020-09-14T00:00:00.000,0,577,285,28445,28445,577,2020-09-14,0,285,0,0.00397983366327134,0
Columbia,2020-09-15T00:00:00.000,0,577,162,28607,28607,577,2020-09-15,0,162,0,0.00402820139543979,0
Columbia,2020-09-16T00:00:00.000,2,579,196,28803,28803,579,2020-09-16,2,196,0.0102040816326531,0.00408714966716219,2.23227193234475
Columbia,2020-09-17T00:00:00.000,1,580,153,28956,28956,580,2020-09-17,1,153,0.0065359477124183,0.00415703027062195,1.11843154031449
Columbia,2020-09-18T00:00:00.000,0,580,195,29151,29151,580,2020-09-18,0,195,0,0.00423822949982454,0
Columbia,2020-09-19T00:00:00.000,1,581,318,29469,29469,581,2020-09-19,1,318,0.00314465408805031,0.00433116770412479,1.12126308620689
Columbia,2020-09-20T00:00:00.000,1,582,230,29699,29699,582,2020-09-20,1,230,0.00434782608695652,0.00443629818430389,1.12126817584647
Columbia,2020-09-21T00:00:00.000,0,582,233,29932,29932,582,2020-09-21,0,233,0,0.00455410535632291,0
Columbia,2020-09-22T00:00:00.000,3,585,130,30062,30062,585,2020-09-22,3,130,0.0230769230769231,0.00468510210129522,3.36097366896954
Columbia,2020-09-23T00:00:00.000,1,586,227,30289,30289,586,2020-09-23,1,227,0.00440528634361234,0.00482982621627888,1.11935512604793
Columbia,2020-09-24T00:00:00.000,2,588,272,30561,30561,588,2020-09-24,2,272,0.00735294117647059,0.00498883587949238,2.23608744264853
Columbia,2020-09-25T00:00:00.000,3,591,220,30781,30781,591,2020-09-25,3,220,0.0136363636363636,0.0051627040465484,3.36038162187978
Columbia,2020-09-26T00:00:00.000,0,591,342,31123,31123,591,2020-09-26,0,342,0,0.00535201170230636,0
Columbia,2020-09-27T00:00:00.000,0,591,180,31303,31303,591,2020-09-27,0,180,0,0.00555733990657642,0
Columbia,2020-09-28T00:00:00.000,1,592,268,31571,31571,592,2020-09-28,1,268,0.00373134328358209,0.00577926059219469,1.13378722599831
Columbia,2020-09-29T00:00:00.000,3,595,236,31807,31807,595,2020-09-29,3,236,0.0127118644067797,0.00601832610162859,3.41269961035481
Columbia,2020-09-30T00:00:00.000,0,595,283,32090,32090,595,2020-09-30,0,283,0,0.00627505748350519,0
Columbia,2020-10-01T00:00:00.000,9,604,267,32357,32357,604,2020-10-01,9,267,0.0337078651685393,0.00654993161374344,10.2950220676116
Columbia,2020-10-02T00:00:00.000,1,605,224,32581,32581,605,2020-10-02,1,224,0.00446428571428571,0.00684336725681653,1.14642150705104
Columbia,2020-10-03T00:00:00.000,3,608,292,32873,32873,608,2020-10-03,3,292,0.0102739726027397,0.00715571024026841,3.44557174820074
Columbia,2020-10-04T00:00:00.000,0,608,138,33011,33011,608,2020-10-04,0,138,0,0.00748721797878779,0
Columbia,2020-10-05T00:00:00.000,1,609,330,33341,33341,609,2020-10-05,1,330,0.00303030303030303,0.00783804365057586,1.1514397715462
Columbia,2020-10-06T00:00:00.000,2,611,202,33543,33543,611,2020-10-06,2,202,0.0099009900990099,0.00820822039578213,2.30451069889501
Columbia,2020-10-07T00:00:00.000,0,611,346,33889,33889,611,2020-10-07,0,346,0,0.00859764597104044,0
Columbia,2020-10-08T00:00:00.000,4,615,242,34131,34131,615,2020-10-08,4,242,0.0165289256198347,0.00900606835156996,4.61048247398288
Columbia,2020-10-09T00:00:00.000,2,617,365,34496,34496,617,2020-10-09,2,365,0.00547945205479452,0.00943307281848356,2.30414481558901
Columbia,2020-10-10T00:00:00.000,4,621,248,34744,34744,621,2020-10-10,4,248,0.0161290322580645,0.00987807109939361,4.60444627096254
Columbia,2020-10-11T00:00:00.000,3,624,267,35011,35011,624,2020-10-11,3,267,0.0112359550561798,0.0103402931404915,3.44931729226542
Columbia,2020-10-12T00:00:00.000,2,626,355,35366,35366,626,2020-10-12,2,355,0.00563380281690141,0.0108187820743599,2.29613088186539
Columbia,2020-10-13T00:00:00.000,3,629,224,35590,35590,629,2020-10-13,3,224,0.0133928571428571,0.0113123929062455,3.43800599638214
Columbia,2020-10-14T00:00:00.000,5,634,435,36025,36025,634,2020-10-14,5,435,0.0114942528735632,0.0118197953712144,5.72284933353421
Columbia,2020-10-15T00:00:00.000,1,635,224,36249,36249,635,2020-10-15,1,224,0.00446428571428571,0.0123394813145592,1.14363480831836
Columbia,2020-10-16T00:00:00.000,6,641,311,36560,36560,641,2020-10-16,6,311,0.0192926045016077,0.0128697768203506,6.86724490649211
Columbia,2020-10-17T00:00:00.000,6,647,362,36922,36922,647,2020-10-17,6,362,0.0165745856353591,0.0134088591611243,6.87448366593251
Columbia,2020-10-18T00:00:00.000,4,651,264,37186,37186,651,2020-10-18,4,264,0.0151515151515152,0.0139547784713278,4.58775343149812
Columbia,2020-10-19T00:00:00.000,6,657,251,37437,37437,657,2020-10-19,6,251,0.0239043824701195,0.0145054838658001,6.89363726530392
Columbia,2020-10-20T00:00:00.000,2,659,272,37709,37709,659,2020-10-20,2,272,0.00735294117647059,0.0150588535403808,2.3040634055085
Columbia,2020-10-21T00:00:00.000,4,663,372,38081,38081,663,2020-10-21,4,372,0.010752688172043,0.0156127282154163,4.61947196379673
Columbia,2020-10-22T00:00:00.000,4,667,374,38455,38455,667,2020-10-22,4,374,0.0106951871657754,0.0161649471234626,4.63159360362903
Columbia,2020-10-23T00:00:00.000,2,669,351,38806,38806,669,2020-10-23,2,351,0.0056980056980057,0.0167133856098713,2.32064420646514
Columbia,2020-10-24T00:00:00.000,11,680,253,39059,39059,680,2020-10-24,11,253,0.0434782608695652,0.0172559933173921,12.7834040110369
Columbia,2020-10-25T00:00:00.000,12,692,304,39363,39363,692,2020-10-25,12,304,0.0394736842105263,0.0177908318692459,13.9597029151378
Columbia,2020-10-26T00:00:00.000,7,699,578,39941,39941,699,2020-10-26,7,578,0.0121107266435986,0.0183161109544269,8.14704490330189
Columbia,2020-10-27T00:00:00.000,11,710,486,40427,40427,710,2020-10-27,11,486,0.0226337448559671,0.018830221753353,12.8017587359138
Columbia,2020-10-28T00:00:00.000,11,721,553,40980,40980,721,2020-10-28,11,553,0.0198915009041591,0.0193317667225884,12.7942677010021
Columbia,2020-10-29T00:00:00.000,2,723,411,41391,41391,723,2020-10-29,2,411,0.0048661800486618,0.0198195848759461,2.32366781549075
Columbia,2020-10-30T00:00:00.000,5,728,398,41789,41789,728,2020-10-30,5,398,0.0125628140703518,0.0202927718526221,5.799850661364
Columbia,2020-10-31T00:00:00.000,8,736,380,42169,42169,736,2020-10-31,8,380,0.0210526315789474,0.020750694238254,9.26036855309072
Columbia,2020-11-01T00:00:00.000,3,739,456,42625,42625,739,2020-11-01,3,456,0.00657894736842105,0.0211929977952296,3.46376335057076
Columbia,2020-11-02T00:00:00.000,6,745,436,43061,43061,745,2020-11-02,6,436,0.0137614678899083,0.0216196094497301,6.9067492144057
Columbia,2020-11-03T00:00:00.000,18,763,421,43482,43482,763,2020-11-03,18,421,0.0427553444180523,0.0220307330673103,20.6494203135582
Columbia,2020-11-04T00:00:00.000,11,774,395,43877,43877,774,2020-11-04,11,395,0.0278481012658228,0.0224268392141074,12.5710040446978
Columbia,2020-11-05T00:00:00.000,8,782,346,44223,44223,782,2020-11-05,8,346,0.023121387283237,0.0228086492399425,9.10438331213292
Columbia,2020-11-06T00:00:00.000,7,789,286,44509,44509,789,2020-11-06,7,286,0.0244755244755245,0.0231771141262353,7.93042010814705
Columbia,2020-11-07T00:00:00.000,12,801,553,45062,45062,801,2020-11-07,12,553,0.0216998191681736,0.0235333886103389,13.5295965284216
Columbia,2020-11-08T00:00:00.000,11,812,403,45465,45465,812,2020-11-08,11,403,0.0272952853598015,0.0238788011292778,12.3382589927353
Columbia,2020-11-09T00:00:00.000,13,825,520,45985,45985,825,2020-11-09,13,520,0.025,0.0242148201170321,14.5074646574068
Columbia,2020-11-10T00:00:00.000,19,844,454,46439,46439,844,2020-11-10,19,454,0.0418502202643172,0.0245430171465754,21.1310986736313
Columbia,2020-11-11T00:00:00.000,11,855,434,46873,46873,855,2020-11-11,11,434,0.0253456221198157,0.0248650273316439,12.2029055169368
Columbia,2020-11-12T00:00:00.000,15,870,443,47316,47316,870,2020-11-12,15,443,0.0338600451467269,0.02518250730278,16.6536002123715
Columbia,2020-11-13T00:00:00.000,7,877,277,47593,47593,877,2020-11-13,7,277,0.0252707581227437,0.02549709095223,7.77780422012216
Columbia,2020-11-14T00:00:00.000,4,881,206,47799,47799,881,2020-11-14,4,206,0.0194174757281553,0.025810343011442,4.44790064612618
Columbia,2020-11-15T00:00:00.000,5,886,206,48005,48005,886,2020-11-15,5,206,0.0242718446601942,0.0261237103931529,5.56408365639845
Columbia,2020-11-16T00:00:00.000,9,895,355,48360,48360,895,2020-11-16,9,355,0.0253521126760563,0.0264384711044961,10.0227268095755
Columbia,2020-11-17T00:00:00.000,11,906,522,48882,48882,906,2020-11-17,11,522,0.0210727969348659,0.0267556804300977,12.2587463101779
Columbia,2020-11-18T00:00:00.000,12,918,609,49491,49491,918,2020-11-18,12,609,0.0197044334975369,0.0270761140049846,13.3824083303649
Cortland,2020-03-01T00:00:00.000,0,0,0,0,0,0,2020-03-01,0,0,0,0.00992671301043599,0
Cortland,2020-03-02T00:00:00.000,0,0,0,0,0,0,2020-03-02,0,0,0,0.0103508405126083,0
Cortland,2020-03-03T00:00:00.000,0,0,0,0,0,0,2020-03-03,0,0,0,0.0107928067843464,0
Cortland,2020-03-04T00:00:00.000,0,0,0,0,0,0,2020-03-04,0,0,0,0.0112531901106545,0
Cortland,2020-03-05T00:00:00.000,0,0,0,0,0,0,2020-03-05,0,0,0,0.0117324938934305,0
Cortland,2020-03-06T00:00:00.000,0,0,0,0,0,0,2020-03-06,0,0,0,0.0122311301674233,0
Cortland,2020-03-07T00:00:00.000,0,0,1,1,1,0,2020-03-07,0,1,0,0.0127494018706543,0
Cortland,2020-03-08T00:00:00.000,0,0,0,1,1,0,2020-03-08,0,0,0,0.0132874839450286,0
Cortland,2020-03-09T00:00:00.000,0,0,0,1,1,0,2020-03-09,0,0,0,0.0138454033864804,0
Cortland,2020-03-10T00:00:00.000,0,0,0,1,1,0,2020-03-10,0,0,0,0.0144230184188615,0
Cortland,2020-03-11T00:00:00.000,0,0,0,1,1,0,2020-03-11,0,0,0,0.0150199970210565,0
Cortland,2020-03-12T00:00:00.000,0,0,0,1,1,0,2020-03-12,0,0,0,0.0156357951007497,0
Cortland,2020-03-13T00:00:00.000,0,0,0,1,1,0,2020-03-13,0,0,0,0.0162696346745582,0
Cortland,2020-03-14T00:00:00.000,0,0,1,2,2,0,2020-03-14,0,1,0,0.0169204824807486,0
Cortland,2020-03-15T00:00:00.000,0,0,0,2,2,0,2020-03-15,0,0,0,0.0175870295211515,0
Cortland,2020-03-16T00:00:00.000,0,0,2,4,4,0,2020-03-16,0,2,0,0.0182676720895264,0
Cortland,2020-03-17T00:00:00.000,0,0,1,5,5,0,2020-03-17,0,1,0,0.0189604949073267,0
Cortland,2020-03-18T00:00:00.000,0,0,1,6,6,0,2020-03-18,0,1,0,0.0196632570323956,0
Cortland,2020-03-19T00:00:00.000,0,0,7,13,13,0,2020-03-19,0,7,0,0.0203733812486242,0
Cortland,2020-03-20T00:00:00.000,0,0,15,28,28,0,2020-03-20,0,15,0,0.0210879476608972,0
Cortland,2020-03-21T00:00:00.000,1,1,17,45,45,1,2020-03-21,1,17,0.0588235294117647,0.0218036922254811,1.02329291235143
Cortland,2020-03-22T00:00:00.000,1,2,55,100,100,2,2020-03-22,1,55,0.0181818181818182,0.022517010922131,1.01244030719396
Cortland,2020-03-23T00:00:00.000,0,2,30,130,130,2,2020-03-23,0,30,0,0.0232239702301549,0
Cortland,2020-03-24T00:00:00.000,0,2,3,133,133,2,2020-03-24,0,3,0,0.0239203244950573,0
Cortland,2020-03-25T00:00:00.000,0,2,41,174,174,2,2020-03-25,0,41,0,0.0246015406704845,0
Cortland,2020-03-26T00:00:00.000,2,4,34,208,208,4,2020-03-26,2,34,0.0588235294117647,0.025262830788447,1.99114554194996
Cortland,2020-03-27T00:00:00.000,1,5,45,253,253,5,2020-03-27,1,45,0.0222222222222222,0.0258991923502949,0.998033194625376
Cortland,2020-03-28T00:00:00.000,1,6,28,281,281,6,2020-03-28,1,28,0.0357142857142857,0.0265054566424031,0.995975193990283
Cortland,2020-03-29T00:00:00.000,2,8,48,329,329,8,2020-03-29,2,48,0.0416666666666667,0.0270763447740964,1.98553721395991
Cortland,2020-03-30T00:00:00.000,0,8,9,338,338,8,2020-03-30,0,9,0,0.0276065310021329,0
Cortland,2020-03-31T00:00:00.000,0,8,12,350,350,8,2020-03-31,0,12,0,0.0280907126671504,0
Cortland,2020-04-01T00:00:00.000,0,8,42,392,392,8,2020-04-01,0,42,0,0.0285236858177428,0
Cortland,2020-04-02T00:00:00.000,2,10,54,446,446,10,2020-04-02,2,54,0.037037037037037,0.0289004253518091,1.99016865766645
Cortland,2020-04-03T00:00:00.000,0,10,32,478,478,10,2020-04-03,0,32,0,0.0292161682660328,0
Cortland,2020-04-04T00:00:00.000,0,10,38,516,516,10,2020-04-04,0,38,0,0.029466498388648,0
Cortland,2020-04-05T00:00:00.000,3,13,42,558,558,13,2020-04-05,3,42,0.0714285714285714,0.0296474307789441,3.00292494991242
Cortland,2020-04-06T00:00:00.000,3,16,25,583,583,16,2020-04-06,3,25,0.12,0.0297554938238106,3.00583982926665
Cortland,2020-04-07T00:00:00.000,0,16,18,601,601,16,2020-04-07,0,18,0,0.0297878069578582,0
Cortland,2020-04-08T00:00:00.000,0,16,41,642,642,16,2020-04-08,0,41,0,0.0297421518803885,0
Cortland,2020-04-09T00:00:00.000,1,17,25,667,667,17,2020-04-09,1,25,0.04,0.0296170351527529,1.00522697255456
Cortland,2020-04-10T00:00:00.000,0,17,20,687,687,17,2020-04-10,0,20,0,0.0294117401435393,0
Cortland,2020-04-11T00:00:00.000,1,18,18,705,705,18,2020-04-11,1,18,0.0555555555555556,0.0291263664330239,1.00796559801099
Cortland,2020-04-12T00:00:00.000,2,20,18,723,723,20,2020-04-12,2,18,0.111111111111111,0.0287618550242663,2.01716755005996
Cortland,2020-04-13T00:00:00.000,2,22,38,761,761,22,2020-04-13,2,38,0.0526315789473684,0.0283199979997949,2.01775807298017
Cortland,2020-04-14T00:00:00.000,1,23,6,767,767,23,2020-04-14,1,6,0.166666666666667,0.0278034316409275,1.01020889353408
Cortland,2020-04-15T00:00:00.000,1,24,17,784,784,24,2020-04-15,1,17,0.0588235294117647,0.0272156124532002,1.01140414329002
Cortland,2020-04-16T00:00:00.000,1,25,13,797,797,25,2020-04-16,1,13,0.0769230769230769,0.0265607760318163,1.01246775372482
Cortland,2020-04-17T00:00:00.000,0,25,19,816,816,25,2020-04-17,0,19,0,0.0258438792180866,0
Cortland,2020-04-18T00:00:00.000,0,25,11,827,827,25,2020-04-18,0,11,0,0.0250705265375435,0
Cortland,2020-04-19T00:00:00.000,0,25,12,839,839,25,2020-04-19,0,12,0,0.0242468824470694,0
Cortland,2020-04-20T00:00:00.000,0,25,2,841,841,25,2020-04-20,0,2,0,0.0233795714206877,0
Cortland,2020-04-21T00:00:00.000,0,25,5,846,846,25,2020-04-21,0,5,0,0.022475568361209,0
Cortland,2020-04-22T00:00:00.000,0,25,30,876,876,25,2020-04-22,0,30,0,0.0215420821974674,0
Cortland,2020-04-23T00:00:00.000,0,25,30,906,906,25,2020-04-23,0,30,0,0.0205864358012456,0
Cortland,2020-04-24T00:00:00.000,3,28,109,1015,1015,28,2020-04-24,3,109,0.0275229357798165,0.0196159455167027,3.09788874083061
Cortland,2020-04-25T00:00:00.000,0,28,26,1041,1041,28,2020-04-25,0,26,0,0.018637803615627,0
Cortland,2020-04-26T00:00:00.000,0,28,16,1057,1057,28,2020-04-26,0,16,0,0.0176589668825873,0
Cortland,2020-04-27T00:00:00.000,0,28,7,1064,1064,28,2020-04-27,0,7,0,0.016686054282495,0
Cortland,2020-04-28T00:00:00.000,0,28,22,1086,1086,28,2020-04-28,0,22,0,0.0157252562944374,0
Cortland,2020-04-29T00:00:00.000,0,28,26,1112,1112,28,2020-04-29,0,26,0,0.0147822580155003,0
Cortland,2020-04-30T00:00:00.000,0,28,31,1143,1143,28,2020-04-30,0,31,0,0.0138621775807595,0
Cortland,2020-05-01T00:00:00.000,0,28,30,1173,1173,28,2020-05-01,0,30,0,0.0129695208392883,0
Cortland,2020-05-02T00:00:00.000,0,28,16,1189,1189,28,2020-05-02,0,16,0,0.0121081525994398,0
Cortland,2020-05-03T00:00:00.000,0,28,42,1231,1231,28,2020-05-03,0,42,0,0.0112812841506302,0
Cortland,2020-05-04T00:00:00.000,0,28,12,1243,1243,28,2020-05-04,0,12,0,0.0104914762090129,0
Cortland,2020-05-05T00:00:00.000,0,28,33,1276,1276,28,2020-05-05,0,33,0,0.00974065594845737,0
Cortland,2020-05-06T00:00:00.000,1,29,27,1303,1303,29,2020-05-06,1,27,0.037037037037037,0.00903014639088626,1.04593444309257
Cortland,2020-05-07T00:00:00.000,0,29,38,1341,1341,29,2020-05-07,0,38,0,0.00836070614676093,0
Cortland,2020-05-08T00:00:00.000,0,29,96,1437,1437,29,2020-05-08,0,96,0,0.00773257733016304,0
Cortland,2020-05-09T00:00:00.000,0,29,29,1466,1466,29,2020-05-09,0,29,0,0.00714553941674023,0
Cortland,2020-05-10T00:00:00.000,0,29,27,1493,1493,29,2020-05-10,0,27,0,0.00659896685883751,0
Cortland,2020-05-11T00:00:00.000,1,30,33,1526,1526,30,2020-05-11,1,33,0.0303030303030303,0.00609188840684631,1.03788483399107
Cortland,2020-05-12T00:00:00.000,1,31,40,1566,1566,31,2020-05-12,1,40,0.025,0.00562304629115393,1.03848898650766
Cortland,2020-05-13T00:00:00.000,2,33,50,1616,1616,33,2020-05-13,2,50,0.04,0.00519095367445456,2.07772792335944
Cortland,2020-05-14T00:00:00.000,0,33,95,1711,1711,33,2020-05-14,0,95,0,0.00479394907040961,0
Cortland,2020-05-15T00:00:00.000,1,34,221,1932,1932,34,2020-05-15,1,221,0.00452488687782805,0.00443024672311457,1.03892029886173
Cortland,2020-05-16T00:00:00.000,0,34,140,2072,2072,34,2020-05-16,0,140,0,0.00409798223433103,0
Cortland,2020-05-17T00:00:00.000,1,35,99,2171,2171,35,2020-05-17,1,99,0.0101010101010101,0.0037952530009326,1.04399628094433
Cortland,2020-05-18T00:00:00.000,1,36,62,2233,2233,36,2020-05-18,1,62,0.0161290322580645,0.00352015327039585,1.04632521464523
Cortland,2020-05-19T00:00:00.000,0,36,77,2310,2310,36,2020-05-19,0,77,0,0.00327080383416763,0
Cortland,2020-05-20T00:00:00.000,0,36,144,2454,2454,36,2020-05-20,0,144,0,0.0030453765500626,0
Cortland,2020-05-21T00:00:00.000,1,37,86,2540,2540,37,2020-05-21,1,86,0.0116279069767442,0.00284211401851878,1.06159823115883
Cortland,2020-05-22T00:00:00.000,1,38,223,2763,2763,38,2020-05-22,1,223,0.00448430493273543,0.00265934483259359,1.06527153087446
Cortland,2020-05-23T00:00:00.000,1,39,147,2910,2910,39,2020-05-23,1,147,0.00680272108843537,0.00249549488236175,1.06462651205826
Cortland,2020-05-24T00:00:00.000,0,39,221,3131,3131,39,2020-05-24,0,221,0,0.00234909522573278,0
Cortland,2020-05-25T00:00:00.000,0,39,64,3195,3195,39,2020-05-25,0,64,0,0.00221878704319025,0
Cortland,2020-05-26T00:00:00.000,0,39,82,3277,3277,39,2020-05-26,0,82,0,0.00210332418072853,0
Cortland,2020-05-27T00:00:00.000,0,39,34,3311,3311,39,2020-05-27,0,34,0,0.00200157375607144,0
Cortland,2020-05-28T00:00:00.000,0,39,207,3518,3518,39,2020-05-28,0,207,0,0.00191251526447418,0
Cortland,2020-05-29T00:00:00.000,2,41,188,3706,3706,41,2020-05-29,2,188,0.0106382978723404,0.00183523857458816,2.09180010455434
Cortland,2020-05-30T00:00:00.000,0,41,261,3967,3967,41,2020-05-30,0,261,0,0.00176894115576048,0
Cortland,2020-05-31T00:00:00.000,0,41,84,4051,4051,41,2020-05-31,0,84,0,0.00171292482790209,0
Cortland,2020-06-01T00:00:00.000,0,41,128,4179,4179,41,2020-06-01,0,128,0,0.00166659227572808,0
Cortland,2020-06-02T00:00:00.000,0,41,92,4271,4271,41,2020-06-02,0,92,0,0.00162944352122299,0
Cortland,2020-06-03T00:00:00.000,0,41,130,4401,4401,41,2020-06-03,0,130,0,0.00160107250276394,0
Cortland,2020-06-04T00:00:00.000,0,41,343,4744,4744,41,2020-06-04,0,343,0,0.00158116386619965,0
Cortland,2020-06-05T00:00:00.000,0,41,294,5038,5038,41,2020-06-05,0,294,0,0.00156949003166612,0
Cortland,2020-06-06T00:00:00.000,0,41,201,5239,5239,41,2020-06-06,0,201,0,0.00156590855993526,0
Cortland,2020-06-07T00:00:00.000,1,42,179,5418,5418,42,2020-06-07,1,179,0.00558659217877095,0.0015703598024003,1.02408173558255
Cortland,2020-06-08T00:00:00.000,0,42,162,5580,5580,42,2020-06-08,0,162,0,0.00158286477839551,0
Cortland,2020-06-09T00:00:00.000,0,42,153,5733,5733,42,2020-06-09,0,153,0,0.0016035231814824,0
Cortland,2020-06-10T00:00:00.000,0,42,110,5843,5843,42,2020-06-10,0,110,0,0.00163251137187249,0
Cortland,2020-06-11T00:00:00.000,0,42,258,6101,6101,42,2020-06-11,0,258,0,0.001670080164247,0
Cortland,2020-06-12T00:00:00.000,0,42,216,6317,6317,42,2020-06-12,0,216,0,0.001716552168778,0
Cortland,2020-06-13T00:00:00.000,0,42,174,6491,6491,42,2020-06-13,0,174,0,0.00177231838848391,0
Cortland,2020-06-14T00:00:00.000,0,42,87,6578,6578,42,2020-06-14,0,87,0,0.00183783371904743,0
Cortland,2020-06-15T00:00:00.000,0,42,155,6733,6733,42,2020-06-15,0,155,0,0.00191361094024023,0
Cortland,2020-06-16T00:00:00.000,0,42,124,6857,6857,42,2020-06-16,0,124,0,0.00200021273439694,0
Cortland,2020-06-17T00:00:00.000,2,44,107,6964,6964,44,2020-06-17,2,107,0.0186915887850467,0.00209824122220408,2.13351037940459
Cortland,2020-06-18T00:00:00.000,0,44,216,7180,7180,44,2020-06-18,0,216,0,0.00220832447622802,0
Cortland,2020-06-19T00:00:00.000,0,44,251,7431,7431,44,2020-06-19,0,251,0,0.00233109946663091,0
Cortland,2020-06-20T00:00:00.000,0,44,130,7561,7561,44,2020-06-20,0,130,0,0.00246719092223294,0
Cortland,2020-06-21T00:00:00.000,0,44,84,7645,7645,44,2020-06-21,0,84,0,0.00261718566494494,0
Cortland,2020-06-22T00:00:00.000,0,44,181,7826,7826,44,2020-06-22,0,181,0,0.00278160210922244,0
Cortland,2020-06-23T00:00:00.000,0,44,90,7916,7916,44,2020-06-23,0,90,0,0.00296085482213727,0
Cortland,2020-06-24T00:00:00.000,0,44,153,8069,8069,44,2020-06-24,0,153,0,0.00315521432346469,0
Cortland,2020-06-25T00:00:00.000,0,44,106,8175,8175,44,2020-06-25,0,106,0,0.00336476267237404,0
Cortland,2020-06-26T00:00:00.000,0,44,234,8409,8409,44,2020-06-26,0,234,0,0.00358934583680985,0
Cortland,2020-06-27T00:00:00.000,2,46,234,8643,8643,46,2020-06-27,2,234,0.00854700854700855,0.00382852435808661,2.24385917240592
Cortland,2020-06-28T00:00:00.000,1,47,95,8738,8738,47,2020-06-28,1,95,0.0105263157894737,0.00408152438323434,1.12647546935827
Cortland,2020-06-29T00:00:00.000,0,47,144,8882,8882,47,2020-06-29,0,144,0,0.00434719170031206,0
Cortland,2020-06-30T00:00:00.000,0,47,111,8993,8993,47,2020-06-30,0,111,0,0.00462395192353347,0
Cortland,2020-07-01T00:00:00.000,0,47,138,9131,9131,47,2020-07-01,0,138,0,0.00490978037035728,0
Cortland,2020-07-02T00:00:00.000,1,48,41,9172,9172,48,2020-07-02,1,41,0.024390243902439,0.00520218537757838,1.14088587142173
Cortland,2020-07-03T00:00:00.000,2,50,135,9307,9307,50,2020-07-03,2,135,0.0148148148148148,0.00549820874461294,2.28360446572487
Cortland,2020-07-04T00:00:00.000,1,51,217,9524,9524,51,2020-07-04,1,217,0.00460829493087558,0.0057944466076096,1.14527076728243
Cortland,2020-07-05T00:00:00.000,1,52,55,9579,9579,52,2020-07-05,1,55,0.0181818181818182,0.00608709329400072,1.14663997908858
Cortland,2020-07-06T00:00:00.000,1,53,164,9743,9743,53,2020-07-06,1,164,0.00609756097560976,0.00637200957744525,1.14762930334828
Cortland,2020-07-07T00:00:00.000,1,54,137,9880,9880,54,2020-07-07,1,137,0.0072992700729927,0.00664481528061055,1.1499697065875
Cortland,2020-07-08T00:00:00.000,1,55,147,10027,10027,55,2020-07-08,1,147,0.00680272108843537,0.00690100444046212,1.15146882614941
Cortland,2020-07-09T00:00:00.000,1,56,92,10119,10119,56,2020-07-09,1,92,0.0108695652173913,0.00713607938803384,1.15228417179533
Cortland,2020-07-10T00:00:00.000,2,58,138,10257,10257,58,2020-07-10,2,138,0.0144927536231884,0.00734569826833167,2.30482784380942
Cortland,2020-07-11T00:00:00.000,0,58,278,10535,10535,58,2020-07-11,0,278,0,0.00752582892876869,0
Cortland,2020-07-12T00:00:00.000,1,59,103,10638,10638,59,2020-07-12,1,103,0.00970873786407767,0.00767290092700481,1.1506102572228
Cortland,2020-07-13T00:00:00.000,0,59,143,10781,10781,59,2020-07-13,0,143,0,0.00778394681674963,0
Cortland,2020-07-14T00:00:00.000,2,61,160,10941,10941,61,2020-07-14,2,160,0.0125,0.0078567239824479,2.29219849154091
Cortland,2020-07-15T00:00:00.000,2,63,85,11026,11026,63,2020-07-15,2,85,0.0235294117647059,0.00788980915197159,2.28572966444455
Cortland,2020-07-16T00:00:00.000,4,67,216,11242,11242,67,2020-07-16,4,216,0.0185185185185185,0.00788265928847914,4.55603000835245
Cortland,2020-07-17T00:00:00.000,1,68,285,11527,11527,68,2020-07-17,1,285,0.00350877192982456,0.00783563472351214,1.1361320694577
Cortland,2020-07-18T00:00:00.000,1,69,133,11660,11660,69,2020-07-18,1,133,0.0075187969924812,0.00774998295348762,1.13577951878424
Cortland,2020-07-19T00:00:00.000,0,69,83,11743,11743,69,2020-07-19,0,83,0,0.00762778423630814,0
Cortland,2020-07-20T00:00:00.000,4,73,182,11925,11925,73,2020-07-20,4,182,0.021978021978022,0.00747186273213086,4.52791598874077
Cortland,2020-07-21T00:00:00.000,4,77,398,12323,12323,77,2020-07-21,4,398,0.0100502512562814,0.00728566918081992,4.51374715060179
Cortland,2020-07-22T00:00:00.000,3,80,259,12582,12582,80,2020-07-22,3,259,0.0115830115830116,0.0070731427964685,3.37151067636097
Cortland,2020-07-23T00:00:00.000,2,82,98,12680,12680,82,2020-07-23,2,98,0.0204081632653061,0.00683856104470465,2.23673392706883
Cortland,2020-07-24T00:00:00.000,2,84,362,13042,13042,84,2020-07-24,2,362,0.00552486187845304,0.00658638620412749,2.23352917472538
Cortland,2020-07-25T00:00:00.000,1,85,212,13254,13254,85,2020-07-25,1,212,0.00471698113207547,0.00632111712495953,1.11430336859078
Cortland,2020-07-26T00:00:00.000,2,87,470,13724,13724,87,2020-07-26,2,470,0.00425531914893617,0.00604715349537118,2.22117535028791
Cortland,2020-07-27T00:00:00.000,2,89,267,13991,13991,89,2020-07-27,2,267,0.00749063670411985,0.00576867836956991,2.21173059623964
Cortland,2020-07-28T00:00:00.000,1,90,148,14139,14139,90,2020-07-28,1,148,0.00675675675675676,0.00548956289312007,1.10018081426756
Cortland,2020-07-29T00:00:00.000,0,90,166,14305,14305,90,2020-07-29,0,166,0,0.00521329527634275,0
Cortland,2020-07-30T00:00:00.000,1,91,247,14552,14552,91,2020-07-30,1,247,0.00404858299595142,0.00494293429315731,1.08605019413005
Cortland,2020-07-31T00:00:00.000,0,91,168,14720,14720,91,2020-07-31,0,168,0,0.00468108605611813,0
Cortland,2020-08-01T00:00:00.000,1,92,233,14953,14953,92,2020-08-01,1,233,0.00429184549356223,0.00442990163387974,1.07261473612102
Cortland,2020-08-02T00:00:00.000,0,92,103,15056,15056,92,2020-08-02,0,103,0,0.00419109227237923,0
Cortland,2020-08-03T00:00:00.000,1,93,311,15367,15367,93,2020-08-03,1,311,0.00321543408360129,0.00396595855463448,1.05814073320773
Cortland,2020-08-04T00:00:00.000,1,94,88,15455,15455,94,2020-08-04,1,88,0.0113636363636364,0.0037554297462637,1.05042125249468
Cortland,2020-08-05T00:00:00.000,0,94,192,15647,15647,94,2020-08-05,0,192,0,0.00356010976117923,0
Cortland,2020-08-06T00:00:00.000,1,95,148,15795,15795,95,2020-08-06,1,148,0.00675675675675676,0.00338032656974932,1.03754474641967
Cortland,2020-08-07T00:00:00.000,0,95,255,16050,16050,95,2020-08-07,0,255,0,0.00321618238540836,0
Cortland,2020-08-08T00:00:00.000,0,95,149,16199,16199,95,2020-08-08,0,149,0,0.00306760253465425,0
Cortland,2020-08-09T00:00:00.000,0,95,247,16446,16446,95,2020-08-09,0,247,0,0.00293438148449123,0
Cortland,2020-08-10T00:00:00.000,0,95,327,16773,16773,95,2020-08-10,0,327,0,0.00281622502892308,0
Cortland,2020-08-11T00:00:00.000,1,96,109,16882,16882,96,2020-08-11,1,109,0.00917431192660551,0.00271278809355412,1.02202200668361
Cortland,2020-08-12T00:00:00.000,1,97,187,17069,17069,97,2020-08-12,1,187,0.0053475935828877,0.0026237079921732,1.01889133747444
Cortland,2020-08-13T00:00:00.000,0,97,113,17182,17182,97,2020-08-13,0,113,0,0.00254863325683868,0
Cortland,2020-08-14T00:00:00.000,0,97,211,17393,17393,97,2020-08-14,0,211,0,0.00248724836743977,0
Cortland,2020-08-15T00:00:00.000,0,97,150,17543,17543,97,2020-08-15,0,150,0,0.00243929483703734,0
Cortland,2020-08-16T00:00:00.000,0,97,112,17655,17655,97,2020-08-16,0,112,0,0.00240458917694939,0
Cortland,2020-08-17T00:00:00.000,0,97,372,18027,18027,97,2020-08-17,0,372,0,0.00238303828092908,0
Cortland,2020-08-18T00:00:00.000,0,97,143,18170,18170,97,2020-08-18,0,143,0,0.00237465274349161,0
Cortland,2020-08-19T00:00:00.000,1,98,176,18346,18346,98,2020-08-19,1,176,0.00568181818181818,0.00237955857116806,1.01836793470552
Cortland,2020-08-20T00:00:00.000,0,98,168,18514,18514,98,2020-08-20,0,168,0,0.00239800766462248,0
Cortland,2020-08-21T00:00:00.000,0,98,223,18737,18737,98,2020-08-21,0,223,0,0.00243038734965814,0
Cortland,2020-08-22T00:00:00.000,0,98,106,18843,18843,98,2020-08-22,0,106,0,0.00247722911845986,0
Cortland,2020-08-23T00:00:00.000,0,98,239,19082,19082,98,2020-08-23,0,239,0,0.00253921661000729,0
Cortland,2020-08-24T00:00:00.000,0,98,103,19185,19185,98,2020-08-24,0,103,0,0.00261719271234463,0
Cortland,2020-08-25T00:00:00.000,0,98,173,19358,19358,98,2020-08-25,0,173,0,0.00271216550680446,0
Cortland,2020-08-26T00:00:00.000,0,98,82,19440,19440,98,2020-08-26,0,82,0,0.00282531259780931,0
Cortland,2020-08-27T00:00:00.000,0,98,200,19640,19640,98,2020-08-27,0,200,0,0.0029579831811172,0
Cortland,2020-08-28T00:00:00.000,0,98,196,19836,19836,98,2020-08-28,0,196,0,0.00311169700314305,0
Cortland,2020-08-29T00:00:00.000,1,99,156,19992,19992,99,2020-08-29,1,156,0.00641025641025641,0.00328813915962667,1.05898719224811
Cortland,2020-08-30T00:00:00.000,1,100,93,20085,20085,100,2020-08-30,1,93,0.010752688172043,0.00348914948607435,1.06801626350631
Cortland,2020-08-31T00:00:00.000,1,101,145,20230,20230,101,2020-08-31,1,145,0.00689655172413793,0.0037167051191676,1.07745779128717
Cortland,2020-09-01T00:00:00.000,1,102,92,20322,20322,102,2020-09-01,1,92,0.0108695652173913,0.00397289468162236,1.08726676656853
Cortland,2020-09-02T00:00:00.000,0,102,112,20434,20434,102,2020-09-02,0,112,0,0.00425988248940956,0
Cortland,2020-09-03T00:00:00.000,0,102,231,20665,20665,102,2020-09-03,0,231,0,0.00457986123439998,0
Cortland,2020-09-04T00:00:00.000,0,102,171,20836,20836,102,2020-09-04,0,171,0,0.00493499179319491,0
Cortland,2020-09-05T00:00:00.000,1,103,223,21059,21059,103,2020-09-05,1,223,0.00448430493273543,0.00532732919299936,1.1290947135962
Cortland,2020-09-06T00:00:00.000,0,103,77,21136,21136,103,2020-09-06,0,77,0,0.00575873435937226,0
Cortland,2020-09-07T00:00:00.000,0,103,224,21360,21360,103,2020-09-07,0,224,0,0.00623077210159591,0
Cortland,2020-09-08T00:00:00.000,0,103,101,21461,21461,103,2020-09-08,0,101,0,0.0067445968610507,0
Cortland,2020-09-09T00:00:00.000,1,104,98,21559,21559,104,2020-09-09,1,98,0.0102040816326531,0.00730082903435607,1.17134943581201
Cortland,2020-09-10T00:00:00.000,5,109,187,21746,21746,109,2020-09-10,5,187,0.0267379679144385,0.00789942612510246,5.90661377237169
Cortland,2020-09-11T00:00:00.000,10,119,378,22124,22124,119,2020-09-11,10,378,0.0264550264550265,0.00853955448176898,11.9254385267131
Cortland,2020-09-12T00:00:00.000,9,128,221,22345,22345,128,2020-09-12,9,221,0.0407239819004525,0.00921946880516226,10.8388961630235
Cortland,2020-09-13T00:00:00.000,4,132,193,22538,22538,132,2020-09-13,4,193,0.0207253886010363,0.0099364077892579,4.86251085518008
Cortland,2020-09-14T00:00:00.000,5,137,241,22779,22779,137,2020-09-14,5,241,0.020746887966805,0.0106865150029012,6.13184161652718
Cortland,2020-09-15T00:00:00.000,0,137,279,23058,23058,137,2020-09-15,0,279,0,0.0114647942424211,0
Cortland,2020-09-16T00:00:00.000,4,141,287,23345,23345,141,2020-09-16,4,287,0.0139372822299652,0.0122651079258089,4.98312954544281
Cortland,2020-09-17T00:00:00.000,9,150,279,23624,23624,150,2020-09-17,9,279,0.032258064516129,0.013080225562449,11.288470956822
Cortland,2020-09-18T00:00:00.000,5,155,356,23980,23980,155,2020-09-18,5,356,0.0140449438202247,0.013901926906627,6.30920684174132
Cortland,2020-09-19T00:00:00.000,4,159,305,24285,24285,159,2020-09-19,4,305,0.0131147540983607,0.0147211611834462,5.06875409967533
Cortland,2020-09-20T00:00:00.000,2,161,193,24478,24478,161,2020-09-20,2,193,0.0103626943005181,0.0155282599769572,2.54184871120057
Cortland,2020-09-21T00:00:00.000,1,162,167,24645,24645,162,2020-09-21,1,167,0.00598802395209581,0.0163131972952328,1.2735129801001
Cortland,2020-09-22T00:00:00.000,2,164,255,24900,24900,164,2020-09-22,2,255,0.00784313725490196,0.017065886373224,2.54985115697316
Cortland,2020-09-23T00:00:00.000,3,167,172,25072,25072,167,2020-09-23,3,172,0.0174418604651163,0.0177764993413492,3.82543318354765
Cortland,2020-09-24T00:00:00.000,2,169,328,25400,25400,169,2020-09-24,2,328,0.00609756097560976,0.0184357933743455,2.5483263459807
Cortland,2020-09-25T00:00:00.000,2,171,376,25776,25776,171,2020-09-25,2,376,0.00531914893617021,0.0190354256459379,2.5525007482811
Cortland,2020-09-26T00:00:00.000,0,171,253,26029,26029,171,2020-09-26,0,253,0,0.0195682395321059,0
Cortland,2020-09-27T00:00:00.000,0,171,176,26205,26205,171,2020-09-27,0,176,0,0.0200285060667751,0
Cortland,2020-09-28T00:00:00.000,10,181,215,26420,26420,181,2020-09-28,10,215,0.0465116279069767,0.0204121075263562,12.8627289070876
Cortland,2020-09-29T00:00:00.000,3,184,858,27278,27278,184,2020-09-29,3,858,0.0034965034965035,0.0207166539311087,3.86173485839417
Cortland,2020-09-30T00:00:00.000,11,195,759,28037,28037,195,2020-09-30,11,759,0.0144927536231884,0.0209415278282596,14.157729796706
Cortland,2020-10-01T00:00:00.000,3,198,350,28387,28387,198,2020-10-01,3,350,0.00857142857142857,0.0210878575170885,3.8573193550284
Cortland,2020-10-02T00:00:00.000,7,205,525,28912,28912,205,2020-10-02,7,525,0.0133333333333333,0.0211584234538722,8.98387520737171
Cortland,2020-10-03T00:00:00.000,18,223,411,29323,29323,223,2020-10-03,18,411,0.0437956204379562,0.0211575065377686,23.040596688425
Cortland,2020-10-04T00:00:00.000,0,223,150,29473,29473,223,2020-10-04,0,150,0,0.0210906900185743,0
Cortland,2020-10-05T00:00:00.000,14,237,166,29639,29639,237,2020-10-05,14,166,0.0843373493975904,0.0209646286989818,17.7867750118115
Cortland,2020-10-06T00:00:00.000,3,240,583,30222,30222,240,2020-10-06,3,583,0.00514579759862779,0.0207867998639203,3.79335816551357
Cortland,2020-10-07T00:00:00.000,20,260,347,30569,30569,260,2020-10-07,20,347,0.0576368876080692,0.0205652500142355,25.1536968442061
Cortland,2020-10-08T00:00:00.000,17,277,790,31359,31359,277,2020-10-08,17,790,0.0215189873417722,0.0203083501718363,21.2544193988297
Cortland,2020-10-09T00:00:00.000,16,293,546,31905,31905,293,2020-10-09,16,546,0.0293040293040293,0.0200245704867352,19.8742505369223
Cortland,2020-10-10T00:00:00.000,8,301,474,32379,32379,301,2020-10-10,8,474,0.0168776371308017,0.0197222823771281,9.86815375823053
Cortland,2020-10-11T00:00:00.000,16,317,498,32877,32877,317,2020-10-11,16,498,0.0321285140562249,0.0194095937436928,19.5920659050762
Cortland,2020-10-12T00:00:00.000,16,333,267,33144,33144,333,2020-10-12,16,267,0.0599250936329588,0.0190942201558055,19.4428077523186
Cortland,2020-10-13T00:00:00.000,13,346,1040,34184,34184,346,2020-10-13,13,1040,0.0125,0.0187833925153298,15.6729476408961
Cortland,2020-10-14T00:00:00.000,25,371,1189,35373,35373,371,2020-10-14,25,1189,0.0210260723296888,0.0184837996921462,29.922677108906
Cortland,2020-10-15T00:00:00.000,16,387,1203,36576,36576,387,2020-10-15,16,1203,0.0133000831255195,0.018201563081038,19.0234169178456
Cortland,2020-10-16T00:00:00.000,12,399,1022,37598,37598,399,2020-10-16,12,1022,0.0117416829745597,0.0179422389653429,14.1985205274113
Cortland,2020-10-17T00:00:00.000,7,406,635,38233,38233,406,2020-10-17,7,635,0.0110236220472441,0.0177108439694259,8.24653709354518
Cortland,2020-10-18T00:00:00.000,10,416,246,38479,38479,416,2020-10-18,10,246,0.040650406504065,0.0175118986755066,11.7327848351174
Cortland,2020-10-19T00:00:00.000,20,436,282,38761,38761,436,2020-10-19,20,282,0.0709219858156028,0.0173494845917078,23.3938988958944
Cortland,2020-10-20T00:00:00.000,15,451,799,39560,39560,451,2020-10-20,15,799,0.0187734668335419,0.0172273100037445,17.5145202412741
Cortland,2020-10-21T00:00:00.000,24,475,1031,40591,40591,475,2020-10-21,24,1031,0.023278370514064,0.0171487807290654,27.9781523562748
Cortland,2020-10-22T00:00:00.000,13,488,454,41045,41045,488,2020-10-22,13,454,0.0286343612334802,0.017117072352095,15.1390745035678
Cortland,2020-10-23T00:00:00.000,8,496,1258,42303,42303,496,2020-10-23,8,1258,0.00635930047694754,0.0171352010846334,9.30574246838618
Cortland,2020-10-24T00:00:00.000,14,510,678,42981,42981,510,2020-10-24,14,678,0.0206489675516224,0.0172060909221285,16.2650757492893
Cortland,2020-10-25T00:00:00.000,14,524,1106,44087,44087,524,2020-10-25,14,1106,0.0126582278481013,0.0173326352273559,16.2438810168387
Cortland,2020-10-26T00:00:00.000,18,542,742,44829,44829,542,2020-10-26,18,742,0.0242587601078167,0.0175177512445693,20.8563873468185
Cortland,2020-10-27T00:00:00.000,5,547,400,45229,45229,547,2020-10-27,5,400,0.0125,0.0177644263408521,5.78517542434961
Cortland,2020-10-28T00:00:00.000,6,553,1116,46345,46345,553,2020-10-28,6,1116,0.00537634408602151,0.0180757549760883,6.93196703328072
Cortland,2020-10-29T00:00:00.000,14,567,426,46771,46771,567,2020-10-29,14,426,0.0328638497652582,0.0184549655581866,16.1500529760993
Cortland,2020-10-30T00:00:00.000,17,584,565,47336,47336,584,2020-10-30,17,565,0.0300884955752212,0.0189054364472936,19.5803414863036
Cortland,2020-10-31T00:00:00.000,5,589,408,47744,47744,589,2020-10-31,5,408,0.0122549019607843,0.0194307004825117,5.74981499934907
Cortland,2020-11-01T00:00:00.000,3,592,219,47963,47963,592,2020-11-01,3,219,0.0136986301369863,0.020034437530605,3.44434534196679
Cortland,2020-11-02T00:00:00.000,6,598,315,48278,48278,598,2020-11-02,6,315,0.019047619047619,0.0207204547548101,6.87747199784262
Cortland,2020-11-03T00:00:00.000,6,604,437,48715,48715,604,2020-11-03,6,437,0.0137299771167048,0.0214926545931342,6.86614104767486
Cortland,2020-11-04T00:00:00.000,9,613,476,49191,49191,613,2020-11-04,9,476,0.0189075630252101,0.0223549908692847,10.2820670864444
Cortland,2020-11-05T00:00:00.000,9,622,366,49557,49557,622,2020-11-05,9,366,0.0245901639344262,0.023311414062383,10.2647874671976
Cortland,2020-11-06T00:00:00.000,11,633,410,49967,49967,633,2020-11-06,11,410,0.0268292682926829,0.0243658075574655,12.5245746194162
Cortland,2020-11-07T00:00:00.000,14,647,983,50950,50950,647,2020-11-07,14,983,0.0142421159715158,0.0255219177096008,15.913089995461
Cortland,2020-11-08T00:00:00.000,9,656,450,51400,51400,656,2020-11-08,9,450,0.02,0.0267832817612972,10.2114833539108
Cortland,2020-11-09T00:00:00.000,9,665,280,51680,51680,665,2020-11-09,9,280,0.0321428571428571,0.0281531590492706,10.1961277218504
Cortland,2020-11-10T00:00:00.000,12,677,774,52454,52454,677,2020-11-10,12,774,0.0155038759689922,0.0296344724548,13.5999292183133
Cortland,2020-11-11T00:00:00.000,15,692,430,52884,52884,692,2020-11-11,15,430,0.0348837209302326,0.0312297686379168,17.02392922818
Cortland,2020-11-12T00:00:00.000,20,712,504,53388,53388,712,2020-11-12,20,504,0.0396825396825397,0.0329412071366418,22.8092458079578
Cortland,2020-11-13T00:00:00.000,11,723,392,53780,53780,723,2020-11-13,11,392,0.0280612244897959,0.0347705898182846,12.6073495632471
Cortland,2020-11-14T00:00:00.000,27,750,419,54199,54199,750,2020-11-14,27,419,0.0644391408114559,0.0367194433338506,31.1006225002042
Cortland,2020-11-15T00:00:00.000,21,771,345,54544,54544,771,2020-11-15,21,345,0.0608695652173913,0.0387891680614756,24.311429834527
Cortland,2020-11-16T00:00:00.000,8,779,330,54874,54874,779,2020-11-16,8,330,0.0242424242424242,0.0409812675191169,9.30825506738322
Cortland,2020-11-17T00:00:00.000,22,801,527,55401,55401,801,2020-11-17,22,527,0.0417457305502846,0.0432976724167214,25.7265119827381
Cortland,2020-11-18T00:00:00.000,26,827,447,55848,55848,827,2020-11-18,26,447,0.058165548098434,0.045741173568107,30.5561389291965
Delaware,2020-03-01T00:00:00.000,0,0,0,0,0,0,2020-03-01,0,0,0,0.117999175672941,0
Delaware,2020-03-02T00:00:00.000,0,0,0,0,0,0,2020-03-02,0,0,0,0.120201992009316,0
Delaware,2020-03-03T00:00:00.000,0,0,0,0,0,0,2020-03-03,0,0,0,0.122437102992708,0
Delaware,2020-03-04T00:00:00.000,0,0,0,0,0,0,2020-03-04,0,0,0,0.124699514222178,0
Delaware,2020-03-05T00:00:00.000,0,0,0,0,0,0,2020-03-05,0,0,0,0.126981628288841,0
Delaware,2020-03-06T00:00:00.000,0,0,0,0,0,0,2020-03-06,0,0,0,0.129273326285419,0
Delaware,2020-03-07T00:00:00.000,0,0,0,0,0,0,2020-03-07,0,0,0,0.131562071910454,0
Delaware,2020-03-08T00:00:00.000,0,0,0,0,0,0,2020-03-08,0,0,0,0.133833042208367,0
Delaware,2020-03-09T00:00:00.000,0,0,1,1,1,0,2020-03-09,0,1,0,0.136069288814221,0
Delaware,2020-03-10T00:00:00.000,0,0,1,2,2,0,2020-03-10,0,1,0,0.138251933020857,0
Delaware,2020-03-11T00:00:00.000,0,0,2,4,4,0,2020-03-11,0,2,0,0.140360397098299,0
Delaware,2020-03-12T00:00:00.000,1,1,1,5,5,1,2020-03-12,1,1,1,0.142372673128443,1.48147905740879
Delaware,2020-03-13T00:00:00.000,0,1,1,6,6,1,2020-03-13,0,1,0,0.144265629236907,0
Delaware,2020-03-14T00:00:00.000,0,1,1,7,7,1,2020-03-14,0,1,0,0.146015351584063,0
Delaware,2020-03-15T00:00:00.000,0,1,5,12,12,1,2020-03-15,0,5,0,0.147597518901055,0
Delaware,2020-03-16T00:00:00.000,0,1,0,12,12,1,2020-03-16,0,0,0,0.148987804802131,0
Delaware,2020-03-17T00:00:00.000,0,1,0,12,12,1,2020-03-17,0,0,0,0.150162301651592,0
Delaware,2020-03-18T00:00:00.000,0,1,1,13,13,1,2020-03-18,0,1,0,0.151097958474541,0
Delaware,2020-03-19T00:00:00.000,0,1,4,17,17,1,2020-03-19,0,4,0,0.151773024332134,0
Delaware,2020-03-20T00:00:00.000,0,1,8,25,25,1,2020-03-20,0,8,0,0.152167487767268,0
Delaware,2020-03-21T00:00:00.000,2,3,10,35,35,3,2020-03-21,2,10,0.2,0.152263502389265,2.48563032637889
Delaware,2020-03-22T00:00:00.000,0,3,10,45,45,3,2020-03-22,0,10,0,0.152045788412434,0
Delaware,2020-03-23T00:00:00.000,0,3,5,50,50,3,2020-03-23,0,5,0,0.151501999990769,0
Delaware,2020-03-24T00:00:00.000,2,5,5,55,55,5,2020-03-24,2,5,0.4,0.150623048491151,2.41886443442199
Delaware,2020-03-25T00:00:00.000,2,7,12,67,67,7,2020-03-25,2,12,0.166666666666667,0.149403372413464,2.39793738209722
Delaware,2020-03-26T00:00:00.000,1,8,7,74,74,8,2020-03-26,1,7,0.142857142857143,0.147841145490502,1.18796690131895
Delaware,2020-03-27T00:00:00.000,0,8,13,87,87,8,2020-03-27,0,13,0,0.145938415587464,0
Delaware,2020-03-28T00:00:00.000,0,8,4,91,91,8,2020-03-28,0,4,0,0.143701168370744,0
Delaware,2020-03-29T00:00:00.000,3,11,12,103,103,11,2020-03-29,3,12,0.25,0.141139311339499,3.51297521839898
Delaware,2020-03-30T00:00:00.000,5,16,11,114,114,16,2020-03-30,5,11,0.454545454545455,0.138266575708102,5.81248052241584
Delaware,2020-03-31T00:00:00.000,4,20,13,127,127,20,2020-03-31,4,13,0.307692307692308,0.135100335784786,4.62589871919908
Delaware,2020-04-01T00:00:00.000,2,22,7,134,134,22,2020-04-01,2,7,0.285714285714286,0.131661347877514,2.31196903454261
Delaware,2020-04-02T00:00:00.000,2,24,9,143,143,24,2020-04-02,2,9,0.222222222222222,0.127973413313631,2.30946526291471
Delaware,2020-04-03T00:00:00.000,2,26,18,161,161,26,2020-04-03,2,18,0.111111111111111,0.124062972793341,2.30557865525439
Delaware,2020-04-04T00:00:00.000,1,27,12,173,173,27,2020-04-04,1,12,0.0833333333333333,0.11995864188674,1.1502219582173
Delaware,2020-04-05T00:00:00.000,2,29,28,201,201,29,2020-04-05,2,28,0.0714285714285714,0.115690699880894,2.29395216630616
Delaware,2020-04-06T00:00:00.000,7,36,30,231,231,36,2020-04-06,7,30,0.233333333333333,0.111290546225803,8.00261145272019
Delaware,2020-04-07T00:00:00.000,1,37,16,247,247,37,2020-04-07,1,16,0.0625,0.106790140353784,1.13908575995497
Delaware,2020-04-08T00:00:00.000,0,37,22,269,269,37,2020-04-08,0,22,0,0.102221441513749,0
Delaware,2020-04-09T00:00:00.000,2,39,20,289,289,39,2020-04-09,2,20,0.1,0.0976158653655088,2.26512415648529
Delaware,2020-04-10T00:00:00.000,0,39,17,306,306,39,2020-04-10,0,17,0,0.0930037733684368,0
Delaware,2020-04-11T00:00:00.000,0,39,10,316,316,39,2020-04-11,0,10,0,0.0884140094862034,0
Delaware,2020-04-12T00:00:00.000,3,42,14,330,330,42,2020-04-12,3,14,0.214285714285714,0.0838734964946641,3.36754972870435
Delaware,2020-04-13T00:00:00.000,3,45,48,378,378,45,2020-04-13,3,48,0.0625,0.0794069013633713,3.35534248380669
Delaware,2020-04-14T00:00:00.000,1,46,7,385,385,46,2020-04-14,1,7,0.142857142857143,0.0750363759728897,1.11565144544091
Delaware,2020-04-15T00:00:00.000,1,47,9,394,394,47,2020-04-15,1,9,0.111111111111111,0.0707813760467331,1.11284535489052
Delaware,2020-04-16T00:00:00.000,1,48,10,404,404,48,2020-04-16,1,10,0.1,0.0666585578455089,1.11005044574664
Delaware,2020-04-17T00:00:00.000,1,49,8,412,412,49,2020-04-17,1,8,0.125,0.0626817490995362,1.10758161396717
Delaware,2020-04-18T00:00:00.000,0,49,10,422,422,49,2020-04-18,0,10,0,0.0588619880213073,0
Delaware,2020-04-19T00:00:00.000,0,49,5,427,427,49,2020-04-19,0,5,0,0.0552076221663704,0
Delaware,2020-04-20T00:00:00.000,0,49,3,430,430,49,2020-04-20,0,3,0,0.0517244574715339,0
Delaware,2020-04-21T00:00:00.000,1,50,18,448,448,50,2020-04-21,1,18,0.0555555555555556,0.0484159470075491,1.10752710399
Delaware,2020-04-22T00:00:00.000,0,50,21,469,469,50,2020-04-22,0,21,0,0.0452834088039928,0
Delaware,2020-04-23T00:00:00.000,1,51,15,484,484,51,2020-04-23,1,15,0.0666666666666667,0.0423262624617658,1.10757655480442
Delaware,2020-04-24T00:00:00.000,7,58,135,619,619,58,2020-04-24,7,135,0.0518518518518519,0.0395422750610766,7.75332238016639
Delaware,2020-04-25T00:00:00.000,0,58,35,654,654,58,2020-04-25,0,35,0,0.0369278079835712,0
Delaware,2020-04-26T00:00:00.000,0,58,21,675,675,58,2020-04-26,0,21,0,0.0344780575786479,0
Delaware,2020-04-27T00:00:00.000,1,59,16,691,691,59,2020-04-27,1,16,0.0625,0.0321872840063816,1.10776376073122
Delaware,2020-04-28T00:00:00.000,1,60,14,705,705,60,2020-04-28,1,14,0.0714285714285714,0.0300490239887887,1.10764967805708
Delaware,2020-04-29T00:00:00.000,1,61,24,729,729,61,2020-04-29,1,24,0.0416666666666667,0.0280562845226724,1.10746357748811
Delaware,2020-04-30T00:00:00.000,0,61,24,753,753,61,2020-04-30,0,24,0,0.0262017157973409,0
Delaware,2020-05-01T00:00:00.000,0,61,29,782,782,61,2020-05-01,0,29,0,0.0244777625853005,0
Delaware,2020-05-02T00:00:00.000,0,61,28,810,810,61,2020-05-02,0,28,0,0.0228767942176954,0
Delaware,2020-05-03T00:00:00.000,1,62,54,864,864,62,2020-05-03,1,54,0.0185185185185185,0.0213912139174777,1.10815920449924
Delaware,2020-05-04T00:00:00.000,0,62,31,895,895,62,2020-05-04,0,31,0,0.0200135487515824,0
Delaware,2020-05-05T00:00:00.000,0,62,30,925,925,62,2020-05-05,0,30,0,0.0187365217957544,0
Delaware,2020-05-06T00:00:00.000,1,63,30,955,955,63,2020-05-06,1,30,0.0333333333333333,0.0175531083039385,1.11781617309877
Delaware,2020-05-07T00:00:00.000,0,63,24,979,979,63,2020-05-07,0,24,0,0.0164565777611695,0
Delaware,2020-05-08T00:00:00.000,0,63,30,1009,1009,63,2020-05-08,0,30,0,0.0154405236983199,0
Delaware,2020-05-09T00:00:00.000,1,64,33,1042,1042,64,2020-05-09,1,33,0.0303030303030303,0.014498883080257,1.11722127837138
Delaware,2020-05-10T00:00:00.000,1,65,19,1061,1061,65,2020-05-10,1,19,0.0526315789473684,0.0136259469653247,1.11590022580821
Delaware,2020-05-11T00:00:00.000,0,65,50,1111,1111,65,2020-05-11,0,50,0,0.0128163639900677,0
Delaware,2020-05-12T00:00:00.000,1,66,53,1164,1164,66,2020-05-12,1,53,0.0188679245283019,0.0120651380721714,1.12087700292117
Delaware,2020-05-13T00:00:00.000,1,67,136,1300,1300,67,2020-05-13,1,136,0.00735294117647059,0.0113676215573855,1.12357204750646
Delaware,2020-05-14T00:00:00.000,0,67,120,1420,1420,67,2020-05-14,0,120,0,0.0107195048707261,0
Delaware,2020-05-15T00:00:00.000,1,68,70,1490,1490,68,2020-05-15,1,70,0.0142857142857143,0.010116803574336,1.12834984159295
Delaware,2020-05-16T00:00:00.000,1,69,51,1541,1541,69,2020-05-16,1,51,0.0196078431372549,0.00955584358780554,1.13311253991834
Delaware,2020-05-17T00:00:00.000,0,69,56,1597,1597,69,2020-05-17,0,56,0,0.00903324519397811,0
Delaware,2020-05-18T00:00:00.000,0,69,65,1662,1662,69,2020-05-18,0,65,0,0.00854590633529707,0
Delaware,2020-05-19T00:00:00.000,0,69,45,1707,1707,69,2020-05-19,0,45,0,0.00809098560298671,0
Delaware,2020-05-20T00:00:00.000,2,71,65,1772,1772,71,2020-05-20,2,65,0.0307692307692308,0.00766588523324042,2.31832426026421
Delaware,2020-05-21T00:00:00.000,1,72,124,1896,1896,72,2020-05-21,1,124,0.00806451612903226,0.00726823435040496,1.16610841333026
Delaware,2020-05-22T00:00:00.000,2,74,51,1947,1947,74,2020-05-22,2,51,0.0392156862745098,0.0068958726356632,2.34353678130634
Delaware,2020-05-23T00:00:00.000,3,77,80,2027,2027,77,2020-05-23,3,80,0.0375,0.0065468345496914,3.51727236634774
Delaware,2020-05-24T00:00:00.000,0,77,44,2071,2071,77,2020-05-24,0,44,0,0.00621933419782153,0
Delaware,2020-05-25T00:00:00.000,0,77,22,2093,2093,77,2020-05-25,0,22,0,0.00591175089499198,0
Delaware,2020-05-26T00:00:00.000,1,78,205,2298,2298,78,2020-05-26,1,205,0.0048780487804878,0.00562261546393627,1.16751327061691
Delaware,2020-05-27T00:00:00.000,0,78,213,2511,2511,78,2020-05-27,0,213,0,0.00535059728235148,0
Delaware,2020-05-28T00:00:00.000,1,79,156,2667,2667,79,2020-05-28,1,156,0.00641025641025641,0.00509449208208196,1.15863173469216
Delaware,2020-05-29T00:00:00.000,0,79,123,2790,2790,79,2020-05-29,0,123,0,0.00485321049460305,0
Delaware,2020-05-30T00:00:00.000,0,79,209,2999,2999,79,2020-05-30,0,209,0,0.00462576733135148,0
Delaware,2020-05-31T00:00:00.000,2,81,96,3095,3095,81,2020-05-31,2,96,0.0208333333333333,0.00441127158392077,2.2772089597914
Delaware,2020-06-01T00:00:00.000,1,82,138,3233,3233,82,2020-06-01,1,138,0.0072463768115942,0.00420891712715525,1.13406617965087
Delaware,2020-06-02T00:00:00.000,0,82,195,3428,3428,82,2020-06-02,0,195,0,0.00401797410710988,0
Delaware,2020-06-03T00:00:00.000,0,82,171,3599,3599,82,2020-06-03,0,171,0,0.00383778099529159,0
Delaware,2020-06-04T00:00:00.000,2,84,129,3728,3728,84,2020-06-04,2,129,0.0155038759689922,0.00366773729018977,2.23323839173972
Delaware,2020-06-05T00:00:00.000,1,85,217,3945,3945,85,2020-06-05,1,217,0.00460829493087558,0.00350729684657717,1.11070240498261
Delaware,2020-06-06T00:00:00.000,0,85,124,4069,4069,85,2020-06-06,0,124,0,0.00335596181230164,0
Delaware,2020-06-07T00:00:00.000,0,85,164,4233,4233,85,2020-06-07,0,164,0,0.00321327715119221,0
Delaware,2020-06-08T00:00:00.000,1,86,194,4427,4427,86,2020-06-08,1,194,0.00515463917525773,0.00307882572928276,1.09366777386323
Delaware,2020-06-09T00:00:00.000,1,87,198,4625,4625,87,2020-06-09,1,198,0.00505050505050505,0.00295222393985305,1.08779924918008
Delaware,2020-06-10T00:00:00.000,1,88,173,4798,4798,88,2020-06-10,1,173,0.00578034682080925,0.00283311784091097,1.0866500927647
Delaware,2020-06-11T00:00:00.000,0,88,92,4890,4890,88,2020-06-11,0,92,0,0.00272117977678678,0
Delaware,2020-06-12T00:00:00.000,0,88,110,5000,5000,88,2020-06-12,0,110,0,0.00261610545362026,0
Delaware,2020-06-13T00:00:00.000,0,88,181,5181,5181,88,2020-06-13,0,181,0,0.00251761143681532,0
Delaware,2020-06-14T00:00:00.000,0,88,111,5292,5292,88,2020-06-14,0,111,0,0.00242543303713189,0
Delaware,2020-06-15T00:00:00.000,0,88,206,5498,5498,88,2020-06-15,0,206,0,0.00233932255106202,0
Delaware,2020-06-16T00:00:00.000,1,89,202,5700,5700,89,2020-06-16,1,202,0.00495049504950495,0.00225904782057388,1.07397352010684
Delaware,2020-06-17T00:00:00.000,0,89,116,5816,5816,89,2020-06-17,0,116,0,0.00218439107722665,0
Delaware,2020-06-18T00:00:00.000,0,89,143,5959,5959,89,2020-06-18,0,143,0,0.00211514803607528,0
Delaware,2020-06-19T00:00:00.000,1,90,144,6103,6103,90,2020-06-19,1,144,0.00694444444444444,0.00205112720565983,1.06461496777883
Delaware,2020-06-20T00:00:00.000,0,90,167,6270,6270,90,2020-06-20,0,167,0,0.00199214938167458,0
Delaware,2020-06-21T00:00:00.000,0,90,134,6404,6404,90,2020-06-21,0,134,0,0.00193804729355067,0
Delaware,2020-06-22T00:00:00.000,1,91,167,6571,6571,91,2020-06-22,1,167,0.00598802395209581,0.00188866537509018,1.0539953031395
Delaware,2020-06-23T00:00:00.000,0,91,91,6662,6662,91,2020-06-23,0,91,0,0.00184385963235618,0
Delaware,2020-06-24T00:00:00.000,0,91,215,6877,6877,91,2020-06-24,0,215,0,0.00180349758416117,0
Delaware,2020-06-25T00:00:00.000,0,91,69,6946,6946,91,2020-06-25,0,69,0,0.00176745825259946,0
Delaware,2020-06-26T00:00:00.000,0,91,131,7077,7077,91,2020-06-26,0,131,0,0.00173563218306425,0
Delaware,2020-06-27T00:00:00.000,0,91,220,7297,7297,91,2020-06-27,0,220,0,0.00170792147497847,0
Delaware,2020-06-28T00:00:00.000,0,91,154,7451,7451,91,2020-06-28,0,154,0,0.00168423980599973,0
Delaware,2020-06-29T00:00:00.000,0,91,147,7598,7598,91,2020-06-29,0,147,0,0.00166451243367577,0
Delaware,2020-06-30T00:00:00.000,0,91,157,7755,7755,91,2020-06-30,0,157,0,0.00164867615939059,0
Delaware,2020-07-01T00:00:00.000,0,91,106,7861,7861,91,2020-07-01,0,106,0,0.00163667923994276,0
Delaware,2020-07-02T00:00:00.000,0,91,62,7923,7923,91,2020-07-02,0,62,0,0.00162848123223155,0
Delaware,2020-07-03T00:00:00.000,0,91,73,7996,7996,91,2020-07-03,0,73,0,0.00162405275631171,0
Delaware,2020-07-04T00:00:00.000,0,91,265,8261,8261,91,2020-07-04,0,265,0,0.00162337516156185,0
Delaware,2020-07-05T00:00:00.000,0,91,85,8346,8346,91,2020-07-05,0,85,0,0.00162644007993817,0
Delaware,2020-07-06T00:00:00.000,0,91,147,8493,8493,91,2020-07-06,0,147,0,0.00163324884934806,0
Delaware,2020-07-07T00:00:00.000,0,91,50,8543,8543,91,2020-07-07,0,50,0,0.00164381178916926,0
Delaware,2020-07-08T00:00:00.000,0,91,83,8626,8626,91,2020-07-08,0,83,0,0.00165814730898402,0
Delaware,2020-07-09T00:00:00.000,0,91,78,8704,8704,91,2020-07-09,0,78,0,0.00167628083084764,0
Delaware,2020-07-10T00:00:00.000,0,91,147,8851,8851,91,2020-07-10,0,147,0,0.00169824350502699,0
Delaware,2020-07-11T00:00:00.000,1,92,247,9098,9098,92,2020-07-11,1,247,0.00404858299595142,0.0017240706993316,0.994026430054598
Delaware,2020-07-12T00:00:00.000,0,92,80,9178,9178,92,2020-07-12,0,80,0,0.00175380024312352,0
Delaware,2020-07-13T00:00:00.000,0,92,111,9289,9289,92,2020-07-13,0,111,0,0.00178747040906246,0
Delaware,2020-07-14T00:00:00.000,0,92,100,9389,9389,92,2020-07-14,0,100,0,0.00182511761886585,0
Delaware,2020-07-15T00:00:00.000,0,92,117,9506,9506,92,2020-07-15,0,117,0,0.00186677386405585,0
Delaware,2020-07-16T00:00:00.000,0,92,161,9667,9667,92,2020-07-16,0,161,0,0.00191246383906874,0
Delaware,2020-07-17T00:00:00.000,1,93,193,9860,9860,93,2020-07-17,1,193,0.00518134715025907,0.00196220179237451,0.989226557843407
Delaware,2020-07-18T00:00:00.000,0,93,64,9924,9924,93,2020-07-18,0,64,0,0.00201598811153756,0
Delaware,2020-07-19T00:00:00.000,0,93,105,10029,10029,93,2020-07-19,0,105,0,0.00207380567047131,0
Delaware,2020-07-20T00:00:00.000,0,93,119,10148,10148,93,2020-07-20,0,119,0,0.00213561598143248,0
Delaware,2020-07-21T00:00:00.000,0,93,187,10335,10335,93,2020-07-21,0,187,0,0.00220135521034272,0
Delaware,2020-07-22T00:00:00.000,2,95,114,10449,10449,95,2020-07-22,2,114,0.0175438596491228,0.002270930131447,2.00628402400824
Delaware,2020-07-23T00:00:00.000,2,97,120,10569,10569,97,2020-07-23,2,120,0.0166666666666667,0.00234421411552188,2.00963682438804
Delaware,2020-07-24T00:00:00.000,1,98,133,10702,10702,98,2020-07-24,1,133,0.0075187969924812,0.00242104326408768,1.01040891582824
Delaware,2020-07-25T00:00:00.000,0,98,77,10779,10779,98,2020-07-25,0,77,0,0.00250121281934916,0
Delaware,2020-07-26T00:00:00.000,0,98,65,10844,10844,98,2020-07-26,0,65,0,0.00258447399475202,0
Delaware,2020-07-27T00:00:00.000,1,99,110,10954,10954,99,2020-07-27,1,110,0.00909090909090909,0.00267053138277877,1.02389251036822
Delaware,2020-07-28T00:00:00.000,2,101,98,11052,11052,101,2020-07-28,2,98,0.0204081632653061,0.00275904110353475,2.05407408481476
Delaware,2020-07-29T00:00:00.000,0,101,186,11238,11238,101,2020-07-29,0,186,0,0.0028496098584008,0
Delaware,2020-07-30T00:00:00.000,1,102,126,11364,11364,102,2020-07-30,1,126,0.00793650793650794,0.00294179504629345,1.03112817781303
Delaware,2020-07-31T00:00:00.000,1,103,156,11520,11520,103,2020-07-31,1,156,0.00641025641025641,0.00303510608479887,1.03290723980509
Delaware,2020-08-01T00:00:00.000,0,103,148,11668,11668,103,2020-08-01,0,148,0,0.00312900705399043,0
Delaware,2020-08-02T00:00:00.000,1,104,134,11802,11802,104,2020-08-02,1,134,0.00746268656716418,0.00322292074686838,1.03793468830081
Delaware,2020-08-03T00:00:00.000,0,104,153,11955,11955,104,2020-08-03,0,153,0,0.00331623416749487,0
Delaware,2020-08-04T00:00:00.000,0,104,130,12085,12085,104,2020-08-04,0,130,0,0.0034083054671174,0
Delaware,2020-08-05T00:00:00.000,0,104,35,12120,12120,104,2020-08-05,0,35,0,0.00349847225164485,0
Delaware,2020-08-06T00:00:00.000,0,104,163,12283,12283,104,2020-08-06,0,163,0,0.00358606113323104,0
Delaware,2020-08-07T00:00:00.000,1,105,184,12467,12467,105,2020-08-07,1,184,0.00543478260869565,0.00367039833748394,1.04808895681015
Delaware,2020-08-08T00:00:00.000,0,105,150,12617,12617,105,2020-08-08,0,150,0,0.00375082111940407,0
Delaware,2020-08-09T00:00:00.000,0,105,135,12752,12752,105,2020-08-09,0,135,0,0.00382668968924842,0
Delaware,2020-08-10T00:00:00.000,1,106,273,13025,13025,106,2020-08-10,1,273,0.00366300366300366,0.00389739930774462,1.05895218744197
Delaware,2020-08-11T00:00:00.000,0,106,154,13179,13179,106,2020-08-11,0,154,0,0.0039623921816651,0
Delaware,2020-08-12T00:00:00.000,1,107,139,13318,13318,107,2020-08-12,1,139,0.00719424460431655,0.00402116877838405,1.06333852876847
Delaware,2020-08-13T00:00:00.000,0,107,102,13420,13420,107,2020-08-13,0,102,0,0.00407329818336959,0
Delaware,2020-08-14T00:00:00.000,0,107,169,13589,13589,107,2020-08-14,0,169,0,0.00411842714825515,0
Delaware,2020-08-15T00:00:00.000,0,107,117,13706,13706,107,2020-08-15,0,117,0,0.0041562875186027,0
Delaware,2020-08-16T00:00:00.000,0,107,80,13786,13786,107,2020-08-16,0,80,0,0.00418670178795592,0
Delaware,2020-08-17T00:00:00.000,0,107,165,13951,13951,107,2020-08-17,0,165,0,0.00420958659531149,0
Delaware,2020-08-18T00:00:00.000,1,108,173,14124,14124,108,2020-08-18,1,173,0.00578034682080925,0.00422495406294506,1.07784723629629
Delaware,2020-08-19T00:00:00.000,1,109,119,14243,14243,109,2020-08-19,1,119,0.00840336134453781,0.00423291095609469,1.07874548149845
Delaware,2020-08-20T00:00:00.000,0,109,146,14389,14389,109,2020-08-20,0,146,0,0.00423365573054462,0
Delaware,2020-08-21T00:00:00.000,0,109,143,14532,14532,109,2020-08-21,0,143,0,0.00422747361399201,0
Delaware,2020-08-22T00:00:00.000,0,109,177,14709,14709,109,2020-08-22,0,177,0,0.00421472993787778,0
Delaware,2020-08-23T00:00:00.000,0,109,143,14852,14852,109,2020-08-23,0,143,0,0.00419586199453803,0
Delaware,2020-08-24T00:00:00.000,0,109,112,14964,14964,109,2020-08-24,0,112,0,0.00417136973752823,0
Delaware,2020-08-25T00:00:00.000,0,109,173,15137,15137,109,2020-08-25,0,173,0,0.00414180566918603,0
Delaware,2020-08-26T00:00:00.000,1,110,131,15268,15268,110,2020-08-26,1,131,0.00763358778625954,0.00410776426865402,1.07989657377356
Delaware,2020-08-27T00:00:00.000,2,112,175,15443,15443,112,2020-08-27,2,175,0.0114285714285714,0.00406987130634941,2.15560595123072
Delaware,2020-08-28T00:00:00.000,0,112,120,15563,15563,112,2020-08-28,0,120,0,0.00402877336896966,0
Delaware,2020-08-29T00:00:00.000,3,115,183,15746,15746,115,2020-08-29,3,183,0.0163934426229508,0.00398512788497205,3.23862877092846
Delaware,2020-08-30T00:00:00.000,0,115,90,15836,15836,115,2020-08-30,0,90,0,0.00393959389702228,0
Delaware,2020-08-31T00:00:00.000,0,115,289,16125,16125,115,2020-08-31,0,289,0,0.00389282377834056,0
Delaware,2020-09-01T00:00:00.000,5,120,159,16284,16284,120,2020-09-01,5,159,0.0314465408805031,0.00384545603738087,5.41863874158202
Delaware,2020-09-02T00:00:00.000,1,121,160,16444,16444,121,2020-09-02,1,160,0.00625,0.0037981093028103,1.0848736552915
Delaware,2020-09-03T00:00:00.000,0,121,382,16826,16826,121,2020-09-03,0,382,0,0.0037513775308921,0
Delaware,2020-09-04T00:00:00.000,2,123,213,17039,17039,123,2020-09-04,2,213,0.00938967136150235,0.00370582643216063,2.17357901697827
Delaware,2020-09-05T00:00:00.000,0,123,134,17173,17173,123,2020-09-05,0,134,0,0.00366199107521746,0
Delaware,2020-09-06T00:00:00.000,1,124,229,17402,17402,124,2020-09-06,1,229,0.00436681222707424,0.00362037459347653,1.08818638037138
Delaware,2020-09-07T00:00:00.000,1,125,165,17567,17567,125,2020-09-07,1,165,0.00606060606060606,0.00358144789610231,1.08864038174567
Delaware,2020-09-08T00:00:00.000,0,125,32,17599,17599,125,2020-09-08,0,32,0,0.00354565026712157,0
Delaware,2020-09-09T00:00:00.000,0,125,69,17668,17668,125,2020-09-09,0,69,0,0.00351339072624735,0
Delaware,2020-09-10T00:00:00.000,3,128,140,17808,17808,128,2020-09-10,3,140,0.0214285714285714,0.00348505002054257,3.26551115366897
Delaware,2020-09-11T00:00:00.000,0,128,213,18021,18021,128,2020-09-11,0,213,0,0.00346098311672538,0
Delaware,2020-09-12T00:00:00.000,0,128,217,18238,18238,128,2020-09-12,0,217,0,0.00344152206861097,0
Delaware,2020-09-13T00:00:00.000,0,128,169,18407,18407,128,2020-09-13,0,169,0,0.00342697914183721,0
Delaware,2020-09-14T00:00:00.000,0,128,82,18489,18489,128,2020-09-14,0,82,0,0.00341765008762149,0
Delaware,2020-09-15T00:00:00.000,1,129,86,18575,18575,129,2020-09-15,1,86,0.0116279069767442,0.00341381746795067,1.09537831608082
Delaware,2020-09-16T00:00:00.000,0,129,127,18702,18702,129,2020-09-16,0,127,0,0.00341575394552243,0
Delaware,2020-09-17T00:00:00.000,0,129,132,18834,18834,129,2020-09-17,0,132,0,0.00342372546233428,0
Delaware,2020-09-18T00:00:00.000,1,130,139,18973,18973,130,2020-09-18,1,139,0.00719424460431655,0.00343799424057963,1.09730605499712
Delaware,2020-09-19T00:00:00.000,0,130,217,19190,19190,130,2020-09-19,0,217,0,0.00345882154814886,0
Delaware,2020-09-20T00:00:00.000,0,130,220,19410,19410,130,2020-09-20,0,220,0,0.00348647017838053,0
Delaware,2020-09-21T00:00:00.000,1,131,205,19615,19615,131,2020-09-21,1,205,0.0048780487804878,0.00352120659970443,1.09249288601701
Delaware,2020-09-22T00:00:00.000,1,132,139,19754,19754,132,2020-09-22,1,139,0.00719424460431655,0.00356330273556496,1.09007711325085
Delaware,2020-09-23T00:00:00.000,1,133,122,19876,19876,133,2020-09-23,1,122,0.00819672131147541,0.00361303733862515,1.08733154315472
Delaware,2020-09-24T00:00:00.000,0,133,107,19983,19983,133,2020-09-24,0,107,0,0.0036706969260263,0
Delaware,2020-09-25T00:00:00.000,0,133,232,20215,20215,133,2020-09-25,0,232,0,0.00373657624467838,0
Delaware,2020-09-26T00:00:00.000,1,134,167,20382,20382,134,2020-09-26,1,167,0.00598802395209581,0.00381097823756906,1.08748826361106
Delaware,2020-09-27T00:00:00.000,1,135,171,20553,20553,135,2020-09-27,1,171,0.00584795321637427,0.00389421348429304,1.09014486093688
Delaware,2020-09-28T00:00:00.000,1,136,237,20790,20790,136,2020-09-28,1,237,0.00421940928270042,0.00398659909183653,1.09245759471544
Delaware,2020-09-29T00:00:00.000,0,136,510,21300,21300,136,2020-09-29,0,510,0,0.00408845701553671,0
Delaware,2020-09-30T00:00:00.000,1,137,111,21411,21411,137,2020-09-30,1,111,0.00900900900900901,0.00420011179548905,1.09603944223191
Delaware,2020-10-01T00:00:00.000,1,138,129,21540,21540,138,2020-10-01,1,129,0.00775193798449612,0.00432188770089052,1.09730774281826
Delaware,2020-10-02T00:00:00.000,2,140,227,21767,21767,140,2020-10-02,2,227,0.00881057268722467,0.00445410528421074,2.19646042977518
Delaware,2020-10-03T00:00:00.000,1,141,170,21937,21937,141,2020-10-03,1,170,0.00588235294117647,0.00459707735895208,1.09881087665497
Delaware,2020-10-04T00:00:00.000,0,141,191,22128,22128,141,2020-10-04,0,191,0,0.00475110442921918,0
Delaware,2020-10-05T00:00:00.000,2,143,139,22267,22267,143,2020-10-05,2,139,0.0143884892086331,0.00491646961639371,2.19793978394917
Delaware,2020-10-06T00:00:00.000,0,143,480,22747,22747,143,2020-10-06,0,480,0,0.00509343314773955,0
Delaware,2020-10-07T00:00:00.000,1,144,159,22906,22906,144,2020-10-07,1,159,0.00628930817610063,0.0052822264933805,1.09784272754135
Delaware,2020-10-08T00:00:00.000,0,144,175,23081,23081,144,2020-10-08,0,175,0,0.0054830462612336,0
Delaware,2020-10-09T00:00:00.000,2,146,185,23266,23266,146,2020-10-09,2,185,0.0108108108108108,0.00569604798332004,2.19079537919586
Delaware,2020-10-10T00:00:00.000,2,148,146,23412,23412,148,2020-10-10,2,146,0.0136986301369863,0.00592133995041855,2.18736973416936
Delaware,2020-10-11T00:00:00.000,1,149,223,23635,23635,149,2020-10-11,1,223,0.00448430493273543,0.00615897727398446,1.09171547385229
Delaware,2020-10-12T00:00:00.000,5,154,332,23967,23967,154,2020-10-12,5,332,0.0150602409638554,0.00640895637326482,5.44750380912443
Delaware,2020-10-13T00:00:00.000,0,154,501,24468,24468,154,2020-10-13,0,501,0,0.00667121010007394,0
Delaware,2020-10-14T00:00:00.000,2,156,143,24611,24611,156,2020-10-14,2,143,0.013986013986014,0.00694560372219547,2.17061254147011
Delaware,2020-10-15T00:00:00.000,1,157,138,24749,24749,157,2020-10-15,1,138,0.0072463768115942,0.00723193198745579,1.08413435806248
Delaware,2020-10-16T00:00:00.000,2,159,206,24955,24955,159,2020-10-16,2,206,0.00970873786407767,0.0075299174827928,2.16961763051077
Delaware,2020-10-17T00:00:00.000,0,159,165,25120,25120,159,2020-10-17,0,165,0,0.00783921048533756,0
Delaware,2020-10-18T00:00:00.000,0,159,231,25351,25351,159,2020-10-18,0,231,0,0.00815939047493963,0
Delaware,2020-10-19T00:00:00.000,0,159,224,25575,25575,159,2020-10-19,0,224,0,0.00848996943984237,0
Delaware,2020-10-20T00:00:00.000,2,161,693,26268,26268,161,2020-10-20,2,693,0.00288600288600289,0.00883039705991812,2.18430489253577
Delaware,2020-10-21T00:00:00.000,3,164,109,26377,26377,164,2020-10-21,3,109,0.0275229357798165,0.00918006779621614,3.28541554698735
Delaware,2020-10-22T00:00:00.000,2,166,105,26482,26482,166,2020-10-22,2,105,0.019047619047619,0.0095383298535148,2.19679865854615
Delaware,2020-10-23T00:00:00.000,2,168,189,26671,26671,168,2020-10-23,2,189,0.0105820105820106,0.00990449591643975,2.20234501336869
Delaware,2020-10-24T00:00:00.000,1,169,226,26897,26897,169,2020-10-24,1,226,0.00442477876106195,0.0102778554924406,1.10344345721168
Delaware,2020-10-25T00:00:00.000,0,169,223,27120,27120,169,2020-10-25,0,223,0,0.0106576886296001,0
Delaware,2020-10-26T00:00:00.000,4,173,176,27296,27296,173,2020-10-26,4,176,0.0227272727272727,0.0110432807170871,4.42576699688372
Delaware,2020-10-27T00:00:00.000,4,177,1016,28312,28312,177,2020-10-27,4,1016,0.00393700787401575,0.0114339380241301,4.42864617885265
Delaware,2020-10-28T00:00:00.000,1,178,160,28472,28472,178,2020-10-28,1,160,0.00625,0.0118290035922334,1.10736402401186
Delaware,2020-10-29T00:00:00.000,3,181,173,28645,28645,181,2020-10-29,3,173,0.0173410404624277,0.0122278730671509,3.32116871739527
Delaware,2020-10-30T00:00:00.000,6,187,142,28787,28787,187,2020-10-30,6,142,0.0422535211267606,0.012630010043011,6.63749626264143
Delaware,2020-10-31T00:00:00.000,5,192,187,28974,28974,192,2020-10-31,5,187,0.0267379679144385,0.0130349604914568,5.52479283334741
Delaware,2020-11-01T00:00:00.000,1,193,176,29150,29150,193,2020-11-01,1,176,0.00568181818181818,0.013442365862984,1.1032026334022
Delaware,2020-11-02T00:00:00.000,4,197,139,29289,29289,197,2020-11-02,4,139,0.0287769784172662,0.0138519744745242,4.40401522545828
Delaware,2020-11-03T00:00:00.000,8,205,298,29587,29587,205,2020-11-03,8,298,0.0268456375838926,0.0142636508341149,8.78709903735796
Delaware,2020-11-04T00:00:00.000,8,213,724,30311,30311,213,2020-11-04,8,724,0.0110497237569061,0.0146773825974256,8.76305066271233
Delaware,2020-11-05T00:00:00.000,9,222,173,30484,30484,222,2020-11-05,9,173,0.0520231213872832,0.0150932848981877,9.82814322599097
Delaware,2020-11-06T00:00:00.000,5,227,197,30681,30681,227,2020-11-06,5,197,0.0253807106598985,0.0155116018415126,5.4416159506081
Delaware,2020-11-07T00:00:00.000,11,238,160,30841,30841,238,2020-11-07,11,160,0.06875,0.01593270499175,11.9277022538552
Delaware,2020-11-08T00:00:00.000,8,246,189,31030,31030,246,2020-11-08,8,189,0.0423280423280423,0.0163570887213279,8.64013509785154
Delaware,2020-11-09T00:00:00.000,9,255,394,31424,31424,255,2020-11-09,9,394,0.0228426395939086,0.0167853623107133,9.68223514097334
Delaware,2020-11-10T00:00:00.000,7,262,1305,32729,32729,262,2020-11-10,7,1305,0.0053639846743295,0.0172182386995024,7.5140242859893
Delaware,2020-11-11T00:00:00.000,4,266,195,32924,32924,266,2020-11-11,4,195,0.0205128205128205,0.0176565197832499,4.28807301122037
Delaware,2020-11-12T00:00:00.000,5,271,130,33054,33054,271,2020-11-12,5,130,0.0384615384615385,0.01810107812847,5.37090446531479
Delaware,2020-11-13T00:00:00.000,5,276,139,33193,33193,276,2020-11-13,5,139,0.0359712230215827,0.0185528349399296,5.38171798740769
Delaware,2020-11-14T00:00:00.000,1,277,136,33329,33329,277,2020-11-14,1,136,0.00735294117647059,0.0190127340607119,1.0785000414881
Delaware,2020-11-15T00:00:00.000,3,280,118,33447,33447,280,2020-11-15,3,118,0.0254237288135593,0.0194817117188904,3.24193368248066
Delaware,2020-11-16T00:00:00.000,1,281,166,33613,33613,281,2020-11-16,1,166,0.00602409638554217,0.0199606616586991,1.08277256475017
Delaware,2020-11-17T00:00:00.000,8,289,338,33951,33951,289,2020-11-17,8,338,0.0236686390532544,0.0204503952137387,8.67904479618323
Delaware,2020-11-18T00:00:00.000,2,291,418,34369,34369,291,2020-11-18,2,418,0.00478468899521531,0.0209515958016822,2.17393274441705
Dutchess,2020-03-01T00:00:00.000,0,0,0,0,0,0,2020-03-01,0,0,0,0.0595065707690075,0
Dutchess,2020-03-02T00:00:00.000,0,0,0,0,0,0,2020-03-02,0,0,0,0.0640163344539458,0
Dutchess,2020-03-03T00:00:00.000,0,0,0,0,0,0,2020-03-03,0,0,0,0.0688401334766199,0
Dutchess,2020-03-04T00:00:00.000,0,0,0,0,0,0,2020-03-04,0,0,0,0.0739909918266569,0
Dutchess,2020-03-05T00:00:00.000,0,0,0,0,0,0,2020-03-05,0,0,0,0.0794788528020954,0
Dutchess,2020-03-06T00:00:00.000,0,0,0,0,0,0,2020-03-06,0,0,0,0.0853098656487522,0
Dutchess,2020-03-07T00:00:00.000,0,0,0,0,0,0,2020-03-07,0,0,0,0.0914856594625046,0
Dutchess,2020-03-08T00:00:00.000,0,0,0,0,0,0,2020-03-08,0,0,0,0.0980026329104366,0
Dutchess,2020-03-09T00:00:00.000,0,0,0,0,0,0,2020-03-09,0,0,0,0.104851293979522,0
Dutchess,2020-03-10T00:00:00.000,0,0,2,2,2,0,2020-03-10,0,2,0,0.112015688106965,0
Dutchess,2020-03-11T00:00:00.000,1,1,5,7,7,1,2020-03-11,1,5,0.2,0.119472954870993,1.48858038972564
Dutchess,2020-03-12T00:00:00.000,0,1,3,10,10,1,2020-03-12,0,3,0,0.12719305233831,0
Dutchess,2020-03-13T00:00:00.000,2,3,10,20,20,3,2020-03-13,2,10,0.2,0.135138683707962,2.88341960153727
Dutchess,2020-03-14T00:00:00.000,4,7,17,37,37,7,2020-03-14,4,17,0.235294117647059,0.143265452956566,5.67654124848918
Dutchess,2020-03-15T00:00:00.000,3,10,20,57,57,10,2020-03-15,3,20,0.15,0.151522265129836,4.19155121621378
Dutchess,2020-03-16T00:00:00.000,6,16,32,89,89,16,2020-03-16,6,32,0.1875,0.159851973403728,8.25534963087458
Dutchess,2020-03-17T00:00:00.000,4,20,23,112,112,20,2020-03-17,4,23,0.173913043478261,0.168192260308141,5.42117811229842
Dutchess,2020-03-18T00:00:00.000,11,31,107,219,219,31,2020-03-18,11,107,0.102803738317757,0.176476725821383,14.6630824499979
Dutchess,2020-03-19T00:00:00.000,5,36,59,278,278,36,2020-03-19,5,59,0.0847457627118644,0.184636142036969,6.57178179309784
Dutchess,2020-03-20T00:00:00.000,13,49,205,483,483,49,2020-03-20,13,205,0.0634146341463415,0.192599823959214,16.854657009968
Dutchess,2020-03-21T00:00:00.000,33,82,205,688,688,82,2020-03-21,33,205,0.160975609756098,0.200297059847984,42.1529874391195
Dutchess,2020-03-22T00:00:00.000,18,100,135,823,823,100,2020-03-22,18,135,0.133333333333333,0.207658542803079,22.7575674399102
Dutchess,2020-03-23T00:00:00.000,24,124,111,934,934,124,2020-03-23,24,111,0.216216216216216,0.21461774800681,30.2748490736421
Dutchess,2020-03-24T00:00:00.000,29,153,146,1080,1080,153,2020-03-24,29,146,0.198630136986301,0.221112206597349,36.4461501251329
Dutchess,2020-03-25T00:00:00.000,37,190,209,1289,1289,190,2020-03-25,37,209,0.177033492822967,0.227084636605247,46.258580491584
Dutchess,2020-03-26T00:00:00.000,35,225,155,1444,1444,225,2020-03-26,35,155,0.225806451612903,0.232483902506907,43.5042956678947
Dutchess,2020-03-27T00:00:00.000,37,262,200,1644,1644,262,2020-03-27,37,200,0.185,0.237265786481603,46.0830908352622
Dutchess,2020-03-28T00:00:00.000,58,320,195,1839,1839,320,2020-03-28,58,195,0.297435897435897,0.241393565254841,72.0469425304899
Dutchess,2020-03-29T00:00:00.000,72,392,227,2066,2066,392,2020-03-29,72,227,0.317180616740088,0.244838395654724,89.0860044318637
Dutchess,2020-03-30T00:00:00.000,92,484,300,2366,2366,484,2020-03-30,92,300,0.306666666666667,0.247579519061149,113.365024014382
Dutchess,2020-03-31T00:00:00.000,63,547,196,2562,2562,547,2020-03-31,63,196,0.321428571428571,0.249604299709973,77.4704790459716
Dutchess,2020-04-01T00:00:00.000,120,667,330,2892,2892,667,2020-04-01,120,330,0.363636363636364,0.250908114351979,147.958154068819
Dutchess,2020-04-02T00:00:00.000,142,809,415,3307,3307,809,2020-04-02,142,415,0.342168674698795,0.251494111454914,175.43271709697
Dutchess,2020-04-03T00:00:00.000,129,938,447,3754,3754,938,2020-04-03,129,447,0.288590604026846,0.251372857432568,159.590588906326
Dutchess,2020-04-04T00:00:00.000,139,1077,352,4106,4106,1077,2020-04-04,139,352,0.394886363636364,0.250561885881665,172.10155777213
Dutchess,2020-04-05T00:00:00.000,112,1189,338,4444,4444,1189,2020-04-05,112,338,0.331360946745562,0.249085163969457,138.700276218819
Dutchess,2020-04-06T00:00:00.000,60,1249,335,4779,4779,1249,2020-04-06,60,335,0.17910447761194,0.246972488421,74.285486517914
Dutchess,2020-04-07T00:00:00.000,146,1395,462,5241,5241,1395,2020-04-07,146,462,0.316017316017316,0.244258822334254,180.651340520541
Dutchess,2020-04-08T00:00:00.000,98,1493,512,5753,5753,1493,2020-04-08,98,512,0.19140625,0.240983583430128,121.159648515111
Dutchess,2020-04-09T00:00:00.000,105,1598,509,6262,6262,1598,2020-04-09,105,509,0.206286836935167,0.237189894399457,129.959757519137
Dutchess,2020-04-10T00:00:00.000,146,1744,584,6846,6846,1744,2020-04-10,146,584,0.25,0.232923806668835,180.79943728831
Dutchess,2020-04-11T00:00:00.000,94,1838,431,7277,7277,1838,2020-04-11,94,431,0.218097447795824,0.228233509874695,116.408012260615
Dutchess,2020-04-12T00:00:00.000,43,1881,499,7776,7776,1881,2020-04-12,43,499,0.0861723446893788,0.223168540542447,53.2306832987915
Dutchess,2020-04-13T00:00:00.000,53,1934,566,8342,8342,1934,2020-04-13,53,566,0.0936395759717314,0.217779004417243,65.5703114472731
Dutchess,2020-04-14T00:00:00.000,114,2048,487,8829,8829,2048,2020-04-14,114,487,0.234086242299795,0.212114827546199,141.111790199789
Dutchess,2020-04-15T00:00:00.000,37,2085,314,9143,9143,2085,2020-04-15,37,314,0.117834394904459,0.206225051164907,45.8225003583823
Dutchess,2020-04-16T00:00:00.000,57,2142,300,9443,9443,2142,2020-04-16,57,300,0.19,0.200157184739174,70.6267298829853
Dutchess,2020-04-17T00:00:00.000,59,2201,381,9824,9824,2201,2020-04-17,59,381,0.154855643044619,0.193956629971005,73.1617528003038
Dutchess,2020-04-18T00:00:00.000,39,2240,196,10020,10020,2240,2020-04-18,39,196,0.198979591836735,0.187666186347926,48.5046509183649
Dutchess,2020-04-19T00:00:00.000,44,2284,357,10377,10377,2284,2020-04-19,44,357,0.123249299719888,0.181325646006433,54.885076301833
Dutchess,2020-04-20T00:00:00.000,47,2331,209,10586,10586,2331,2020-04-20,47,209,0.22488038277512,0.174971482445694,58.7999997645759
Dutchess,2020-04-21T00:00:00.000,60,2391,313,10899,10899,2391,2020-04-21,60,313,0.191693290734824,0.168636634290326,75.2838746952884
Dutchess,2020-04-22T00:00:00.000,69,2460,366,11265,11265,2460,2020-04-22,69,366,0.188524590163934,0.162350381998371,86.8284729884534
Dutchess,2020-04-23T00:00:00.000,57,2517,374,11639,11639,2517,2020-04-23,57,374,0.152406417112299,0.156138312413757,71.9347213660862
Dutchess,2020-04-24T00:00:00.000,143,2660,913,12552,12552,2660,2020-04-24,143,913,0.156626506024096,0.150022363551267,180.981954757606
Dutchess,2020-04-25T00:00:00.000,69,2729,485,13037,13037,2729,2020-04-25,69,485,0.142268041237113,0.144020940026433,87.5719123607172
Dutchess,2020-04-26T00:00:00.000,64,2793,389,13426,13426,2793,2020-04-26,64,389,0.16452442159383,0.138149088251426,81.4495715711127
Dutchess,2020-04-27T00:00:00.000,24,2817,223,13649,13649,2817,2020-04-27,24,223,0.10762331838565,0.132418719810546,30.6256207789396
Dutchess,2020-04-28T00:00:00.000,64,2881,566,14215,14215,2881,2020-04-28,64,566,0.113074204946996,0.126838871352208,81.8699640033119
Dutchess,2020-04-29T00:00:00.000,73,2954,427,14642,14642,2954,2020-04-29,73,427,0.17096018735363,0.121415989716595,93.6002232934279
Dutchess,2020-04-30T00:00:00.000,48,3002,443,15085,15085,3002,2020-04-30,48,443,0.108352144469526,0.116154231811478,61.6819790098678
Dutchess,2020-05-01T00:00:00.000,47,3049,473,15558,15558,3049,2020-05-01,47,473,0.0993657505285412,0.111055769827781,60.5237731440608
Dutchess,2020-05-02T00:00:00.000,37,3086,434,15992,15992,3086,2020-05-02,37,434,0.0852534562211982,0.106121093607992,47.7400901197619
Dutchess,2020-05-03T00:00:00.000,45,3131,370,16362,16362,3131,2020-05-03,45,370,0.121621621621622,0.101349303299962,58.2603655924943
Dutchess,2020-05-04T00:00:00.000,20,3151,307,16669,16669,3151,2020-05-04,20,307,0.0651465798045603,0.0967383867261144,26.0662969907481
Dutchess,2020-05-05T00:00:00.000,41,3192,370,17039,17039,3192,2020-05-05,41,370,0.110810810810811,0.0922854771189423,53.6584783653463
Dutchess,2020-05-06T00:00:00.000,41,3233,438,17477,17477,3233,2020-05-06,41,438,0.0936073059360731,0.0879870880157117,53.8469038563604
Dutchess,2020-05-07T00:00:00.000,44,3277,482,17959,17959,3277,2020-05-07,44,482,0.0912863070539419,0.0838393230841452,57.9516301063086
Dutchess,2020-05-08T00:00:00.000,42,3319,534,18493,18493,3319,2020-05-08,42,534,0.0786516853932584,0.0798380595243734,55.3630945343862
Dutchess,2020-05-09T00:00:00.000,40,3359,471,18964,18964,3359,2020-05-09,40,471,0.0849256900212314,0.0759791044297038,52.7393960557386
Dutchess,2020-05-10T00:00:00.000,19,3378,348,19312,19312,3378,2020-05-10,19,348,0.0545977011494253,0.0722583241112806,25.0513471620862
Dutchess,2020-05-11T00:00:00.000,21,3399,216,19528,19528,3399,2020-05-11,21,216,0.0972222222222222,0.0686717469229085,27.7696928533479
Dutchess,2020-05-12T00:00:00.000,30,3429,387,19915,19915,3429,2020-05-12,30,387,0.0775193798449612,0.0652156405799157,39.807156879174
Dutchess,2020-05-13T00:00:00.000,45,3474,459,20374,20374,3474,2020-05-13,45,459,0.0980392156862745,0.0618865653575172,59.8971443229587
Dutchess,2020-05-14T00:00:00.000,24,3498,394,20768,20768,3498,2020-05-14,24,394,0.0609137055837563,0.0586814049004045,32.0339664621832
Dutchess,2020-05-15T00:00:00.000,29,3527,627,21395,21395,3527,2020-05-15,29,627,0.0462519936204147,0.055597376687646,38.8009955147905
Dutchess,2020-05-16T00:00:00.000,16,3543,491,21886,21886,3543,2020-05-16,16,491,0.0325865580448065,0.0526320244588114,21.5026077571283
Dutchess,2020-05-17T00:00:00.000,9,3552,337,22223,22223,3552,2020-05-17,9,337,0.0267062314540059,0.0497831951446654,12.1541800170024
Dutchess,2020-05-18T00:00:00.000,158,3710,972,23195,23195,3710,2020-05-18,158,972,0.162551440329218,0.0470490030175825,214.250904134369
Dutchess,2020-05-19T00:00:00.000,14,3724,536,23731,23731,3724,2020-05-19,14,536,0.0261194029850746,0.04442778391469,19.1152124766917
Dutchess,2020-05-20T00:00:00.000,21,3745,573,24304,24304,3745,2020-05-20,21,573,0.0366492146596859,0.0419180424338134,28.8501016047062
Dutchess,2020-05-21T00:00:00.000,22,3767,556,24860,24860,3767,2020-05-21,22,556,0.039568345323741,0.0395183949945823,30.3877571615712
Dutchess,2020-05-22T00:00:00.000,26,3793,549,25409,25409,3793,2020-05-22,26,549,0.0473588342440801,0.0372275115561764,36.061401721891
Dutchess,2020-05-23T00:00:00.000,14,3807,874,26283,26283,3807,2020-05-23,14,874,0.0160183066361556,0.0350440585994443,19.4120358268718
Dutchess,2020-05-24T00:00:00.000,18,3825,650,26933,26933,3825,2020-05-24,18,650,0.0276923076923077,0.0329666457234414,24.924859169358
Dutchess,2020-05-25T00:00:00.000,9,3834,301,27234,27234,3834,2020-05-25,9,301,0.0299003322259136,0.0309937778639857,12.4317864737535
Dutchess,2020-05-26T00:00:00.000,13,3847,423,27657,27657,3847,2020-05-26,13,423,0.0307328605200946,0.0291238147553559,17.8910638543973
Dutchess,2020-05-27T00:00:00.000,20,3867,911,28568,28568,3867,2020-05-27,20,911,0.021953896816685,0.0273549388145936,27.3961089004238
Dutchess,2020-05-28T00:00:00.000,20,3887,1257,29825,29825,3887,2020-05-28,20,1257,0.0159108989657916,0.0256851321778966,27.2416561308872
Dutchess,2020-05-29T00:00:00.000,12,3899,1265,31090,31090,3899,2020-05-29,12,1265,0.00948616600790514,0.0241121631656454,16.2377479289007
Dutchess,2020-05-30T00:00:00.000,10,3909,765,31855,31855,3909,2020-05-30,10,765,0.0130718954248366,0.0226335820268659,13.43084396777
Dutchess,2020-05-31T00:00:00.000,15,3924,1034,32889,32889,3924,2020-05-31,15,1034,0.0145067698259188,0.0212467254319898,19.9865101387749
Dutchess,2020-06-01T00:00:00.000,12,3936,936,33825,33825,3936,2020-06-01,12,936,0.0128205128205128,0.0199487288650329,15.8998903882598
Dutchess,2020-06-02T00:00:00.000,15,3951,1003,34828,34828,3951,2020-06-02,15,1003,0.0149551345962114,0.0187365458161061,19.7516377548963
Dutchess,2020-06-03T00:00:00.000,11,3962,771,35599,35599,3962,2020-06-03,11,771,0.0142671854734112,0.01760697250705,14.3863038214011
Dutchess,2020-06-04T00:00:00.000,22,3984,1166,36765,36765,3984,2020-06-04,22,1166,0.0188679245283019,0.0165566767936076,28.5617797212106
Dutchess,2020-06-05T00:00:00.000,11,3995,1072,37837,37837,3995,2020-06-05,11,1072,0.0102611940298507,0.0155822298689937,14.1826082028986
Dutchess,2020-06-06T00:00:00.000,5,4000,793,38630,38630,4000,2020-06-06,5,793,0.00630517023959647,0.0146801394446393,6.40744211926993
Dutchess,2020-06-07T00:00:00.000,6,4006,906,39536,39536,4006,2020-06-07,6,906,0.00662251655629139,0.0138468831878685,7.63872995097441
Dutchess,2020-06-08T00:00:00.000,10,4016,717,40253,40253,4016,2020-06-08,10,717,0.0139470013947001,0.0130789413403633,12.638751175948
Dutchess,2020-06-09T00:00:00.000,6,4022,944,41197,41197,4022,2020-06-09,6,944,0.00635593220338983,0.0123728276124647,7.53237566375663
Dutchess,2020-06-10T00:00:00.000,5,4027,1072,42269,42269,4027,2020-06-10,5,1072,0.00466417910447761,0.0117251176348316,6.26246025637206
Dutchess,2020-06-11T00:00:00.000,8,4035,1046,43315,43315,4035,2020-06-11,8,1046,0.00764818355640535,0.0111324744352479,9.99500753519481
Dutchess,2020-06-12T00:00:00.000,14,4049,1186,44501,44501,4049,2020-06-12,14,1186,0.0118043844856661,0.0105916705867111,17.4450755489837
Dutchess,2020-06-13T00:00:00.000,7,4056,766,45267,45267,4056,2020-06-13,7,766,0.00913838120104439,0.0100996068356689,8.6983660856672
Dutchess,2020-06-14T00:00:00.000,12,4068,1161,46428,46428,4068,2020-06-14,12,1161,0.0103359173126615,0.00965332715958251,14.8685414793297
Dutchess,2020-06-15T00:00:00.000,7,4075,817,47245,47245,4075,2020-06-15,7,817,0.00856793145654835,0.00925003031917747,8.64758022541373
Dutchess,2020-06-16T00:00:00.000,2,4077,841,48086,48086,4077,2020-06-16,2,841,0.00237812128418549,0.00888707806037968,2.46324112233605
Dutchess,2020-06-17T00:00:00.000,11,4088,1071,49157,49157,4088,2020-06-17,11,1071,0.0102707749766573,0.00856200018566833,13.506083529036
Dutchess,2020-06-18T00:00:00.000,22,4110,1206,50363,50363,4110,2020-06-18,22,1206,0.0182421227197347,0.00827249675584075,26.9269843651647
Dutchess,2020-06-19T00:00:00.000,17,4127,978,51341,51341,4127,2020-06-19,17,978,0.0173824130879346,0.00801643770293541,20.7415100773626
Dutchess,2020-06-20T00:00:00.000,11,4138,1101,52442,52442,4138,2020-06-20,11,1101,0.00999091734786558,0.00779186013818802,13.3787445807882
Dutchess,2020-06-21T00:00:00.000,7,4145,781,53223,53223,4145,2020-06-21,7,781,0.0089628681177977,0.00759696362726071,8.48716651090761
Dutchess,2020-06-22T00:00:00.000,5,4150,494,53717,53717,4150,2020-06-22,5,494,0.0101214574898785,0.00743010368325515,6.04355759751406
Dutchess,2020-06-23T00:00:00.000,8,4158,595,54312,54312,4158,2020-06-23,8,595,0.0134453781512605,0.00728978369906483,9.64030983269584
Dutchess,2020-06-24T00:00:00.000,18,4176,1245,55557,55557,4176,2020-06-24,18,1245,0.0144578313253012,0.00717464550853957,21.62597959774
Dutchess,2020-06-25T00:00:00.000,3,4179,958,56515,56515,4179,2020-06-25,3,958,0.00313152400835073,0.00708345873111238,3.59379655247144
Dutchess,2020-06-26T00:00:00.000,12,4191,1099,57614,57614,4191,2020-06-26,12,1099,0.010919017288444,0.00701510902441971,14.3341188085001
Dutchess,2020-06-27T00:00:00.000,7,4198,828,58442,58442,4198,2020-06-27,7,828,0.00845410628019324,0.00696858534004549,8.33825095216292
Dutchess,2020-06-28T00:00:00.000,3,4201,773,59215,59215,4201,2020-06-28,3,773,0.00388098318240621,0.00694296625664536,3.5638158860392
Dutchess,2020-06-29T00:00:00.000,6,4207,422,59637,59637,4207,2020-06-29,6,422,0.014218009478673,0.00693740545068647,7.10872540559084
Dutchess,2020-06-30T00:00:00.000,6,4213,1015,60652,60652,4213,2020-06-30,6,1015,0.00591133004926108,0.00695111636008366,7.09032854393463
Dutchess,2020-07-01T00:00:00.000,12,4225,973,61625,61625,4225,2020-07-01,12,973,0.0123329907502569,0.00698335610252371,14.14481071016
Dutchess,2020-07-02T00:00:00.000,6,4231,967,62592,62592,4231,2020-07-02,6,967,0.0062047569803516,0.00703340872766645,7.05490963777322
Dutchess,2020-07-03T00:00:00.000,7,4238,828,63420,63420,4238,2020-07-03,7,828,0.00845410628019324,0.00710056791140447,8.19966508679648
Dutchess,2020-07-04T00:00:00.000,5,4243,1123,64543,64543,4243,2020-07-04,5,1123,0.00445235975066785,0.00718411924258186,5.85078765838156
Dutchess,2020-07-05T00:00:00.000,3,4246,1096,65639,65639,4246,2020-07-05,3,1096,0.00273722627737226,0.00728332230408806,3.50219474267098
Dutchess,2020-07-06T00:00:00.000,2,4248,772,66411,66411,4248,2020-07-06,2,772,0.00259067357512953,0.00739739281282786,2.32976357358518
Dutchess,2020-07-07T00:00:00.000,2,4250,699,67110,67110,4250,2020-07-07,2,699,0.00286123032904149,0.00752548515195899,2.32874295848038
Dutchess,2020-07-08T00:00:00.000,5,4255,1052,68162,68162,4255,2020-07-08,5,1052,0.00475285171102662,0.00766667570094179,5.81824048178499
Dutchess,2020-07-09T00:00:00.000,7,4262,1041,69203,69203,4262,2020-07-09,7,1041,0.00672430355427474,0.00781994744077521,8.14014333949108
Dutchess,2020-07-10T00:00:00.000,7,4269,1229,70432,70432,4269,2020-07-10,7,1229,0.00569568755085435,0.00798417637542773,8.13441339891287
Dutchess,2020-07-11T00:00:00.000,7,4276,1047,71479,71479,4276,2020-07-11,7,1047,0.00668576886341929,0.00815812036156413,8.12829534894467
Dutchess,2020-07-12T00:00:00.000,4,4280,839,72318,72318,4280,2020-07-12,4,839,0.00476758045292014,0.00834041096903419,4.6409941245986
Dutchess,2020-07-13T00:00:00.000,38,4318,1153,73471,73471,4318,2020-07-13,38,1153,0.0329575021682567,0.00852954899600037,44.0512264614148
Dutchess,2020-07-14T00:00:00.000,19,4337,907,74378,74378,4337,2020-07-14,19,907,0.0209481808158765,0.00872390423178153,22.005070637684
Dutchess,2020-07-15T00:00:00.000,20,4357,1278,75656,75656,4357,2020-07-15,20,1278,0.0156494522691706,0.00892171998709411,23.1399850320092
Dutchess,2020-07-16T00:00:00.000,6,4363,1198,76854,76854,4363,2020-07-16,6,1198,0.00500834724540901,0.00912112279768648,6.93450378716228
Dutchess,2020-07-17T00:00:00.000,10,4373,1125,77979,77979,4373,2020-07-17,10,1125,0.00888888888888889,0.00932013754799532,11.5601543493422
Dutchess,2020-07-18T00:00:00.000,3,4376,802,78781,78781,4376,2020-07-18,3,802,0.00374064837905237,0.00951670806287409,3.47803451573286
Dutchess,2020-07-19T00:00:00.000,0,4376,603,79384,79384,4376,2020-07-19,0,603,0,0.00970872298241317,0
Dutchess,2020-07-20T00:00:00.000,4,4380,852,80236,80236,4380,2020-07-20,4,852,0.00469483568075117,0.00989404647947789,4.65685661820684
Dutchess,2020-07-21T00:00:00.000,7,4387,986,81222,81222,4387,2020-07-21,7,986,0.00709939148073022,0.0100705531138054,8.15893857732599
Dutchess,2020-07-22T00:00:00.000,13,4400,1149,82371,82371,4400,2020-07-22,13,1149,0.0113141862489121,0.0102361658618109,15.1599973611037
Dutchess,2020-07-23T00:00:00.000,8,4408,1146,83517,83517,4408,2020-07-23,8,1146,0.00698080279232112,0.0103888961291395,9.32899336442585
Dutchess,2020-07-24T00:00:00.000,4,4412,1041,84558,84558,4412,2020-07-24,4,1041,0.00384245917387128,0.0105268843702634,4.68152008879365
Dutchess,2020-07-25T00:00:00.000,13,4425,921,85479,85479,4425,2020-07-25,13,921,0.0141150922909881,0.010648439815693,15.2614574449138
Dutchess,2020-07-26T00:00:00.000,15,4440,739,86218,86218,4440,2020-07-26,15,739,0.020297699594046,0.0107520777604483,17.6456738999141
Dutchess,2020-07-27T00:00:00.000,7,4447,1020,87238,87238,4447,2020-07-27,7,1020,0.00686274509803922,0.0108365529046208,8.24483090784108
Dutchess,2020-07-28T00:00:00.000,6,4453,1250,88488,88488,4453,2020-07-28,6,1250,0.0048,0.0109008873596681,7.06980973732005
Dutchess,2020-07-29T00:00:00.000,15,4468,1715,90203,90203,4468,2020-07-29,15,1715,0.0087463556851312,0.0109443921385312,17.6661877557376
Dutchess,2020-07-30T00:00:00.000,22,4490,1610,91813,91813,4490,2020-07-30,22,1610,0.0136645962732919,0.0109666812250973,25.8750749604507
Dutchess,2020-07-31T00:00:00.000,14,4504,1376,93189,93189,4504,2020-07-31,14,1376,0.0101744186046512,0.0109676776463709,16.443090131995
Dutchess,2020-08-01T00:00:00.000,16,4520,1429,94618,94618,4520,2020-08-01,16,1429,0.0111966410076977,0.0109476113357918,18.7869496162198
Dutchess,2020-08-02T00:00:00.000,23,4543,1047,95665,95665,4543,2020-08-02,23,1047,0.0219675262655205,0.0109070089467417,26.9676725917199
Dutchess,2020-08-03T00:00:00.000,14,4557,796,96461,96461,4557,2020-08-03,14,796,0.0175879396984925,0.0108466761320286,16.3819772594485
Dutchess,2020-08-04T00:00:00.000,11,4568,990,97451,97451,4568,2020-08-04,11,990,0.0111111111111111,0.0107676731243271,12.8381488650409
Dutchess,2020-08-05T00:00:00.000,14,4582,1232,98683,98683,4582,2020-08-05,14,1232,0.0113636363636364,0.0106712847139237,16.2878849715595
Dutchess,2020-08-06T00:00:00.000,7,4589,992,99675,99675,4589,2020-08-06,7,992,0.00705645161290323,0.0105589859096114,8.13900341765329
Dutchess,2020-08-07T00:00:00.000,11,4600,1191,100866,100866,4600,2020-08-07,11,1191,0.00923593618807725,0.0104324046815324,12.7984669948148
Dutchess,2020-08-08T00:00:00.000,7,4607,1244,102110,102110,4607,2020-08-08,7,1244,0.00562700964630225,0.0102932832143023,8.14720428513231
Dutchess,2020-08-09T00:00:00.000,6,4613,998,103108,103108,4613,2020-08-09,6,998,0.00601202404809619,0.0101434390525645,6.98317082837879
Dutchess,2020-08-10T00:00:00.000,6,4619,885,103993,103993,4619,2020-08-10,6,885,0.00677966101694915,0.00998472740957335,6.98045502198389
Dutchess,2020-08-11T00:00:00.000,12,4631,1114,105107,105107,4631,2020-08-11,12,1114,0.0107719928186715,0.00981900574113187,13.9478303945776
Dutchess,2020-08-12T00:00:00.000,9,4640,1362,106469,106469,4640,2020-08-12,9,1362,0.0066079295154185,0.00964810148313831,10.4453504581559
Dutchess,2020-08-13T00:00:00.000,15,4655,1549,108018,108018,4655,2020-08-13,15,1549,0.00968366688185926,0.00947378362467105,17.3768644235657
Dutchess,2020-08-14T00:00:00.000,13,4668,1797,109815,109815,4668,2020-08-14,13,1797,0.00723427935447969,0.009297738555762,15.0482314561435
Dutchess,2020-08-15T00:00:00.000,18,4686,1581,111396,111396,4686,2020-08-15,18,1581,0.0113851992409867,0.00912155040488406,20.8571457885959
Dutchess,2020-08-16T00:00:00.000,14,4700,1177,112573,112573,4700,2020-08-16,14,1177,0.0118946474086661,0.00894668587860697,16.2357123622016
Dutchess,2020-08-17T00:00:00.000,4,4704,787,113360,113360,4704,2020-08-17,4,787,0.00508259212198221,0.00877448343845511,4.63496362933126
Dutchess,2020-08-18T00:00:00.000,6,4710,1253,114613,114613,4710,2020-08-18,6,1253,0.00478850758180367,0.00860614650991464,6.94395882949545
Dutchess,2020-08-19T00:00:00.000,11,4721,1406,116019,116019,4721,2020-08-19,11,1406,0.00782361308677098,0.00844274031265459,12.7144068574192
Dutchess,2020-08-20T00:00:00.000,13,4734,1832,117851,117851,4734,2020-08-20,13,1832,0.00709606986899563,0.00828519183030172,15.0065555115279
Dutchess,2020-08-21T00:00:00.000,19,4753,1522,119373,119373,4753,2020-08-21,19,1522,0.0124835742444152,0.00813429240244098,21.898058861618
Dutchess,2020-08-22T00:00:00.000,14,4767,1475,120848,120848,4767,2020-08-22,14,1475,0.00949152542372881,0.00799070241423583,16.1100408031607
Dutchess,2020-08-23T00:00:00.000,10,4777,1245,122093,122093,4777,2020-08-23,10,1245,0.00803212851405622,0.00785495757436121,11.5073174739549
Dutchess,2020-08-24T00:00:00.000,13,4790,1523,123616,123616,4790,2020-08-24,13,1523,0.00853578463558766,0.00772747631005902,14.9530563439581
Dutchess,2020-08-25T00:00:00.000,8,4798,1335,124951,124951,4798,2020-08-25,8,1335,0.00599250936329588,0.00760856785556035,9.19155884849281
Dutchess,2020-08-26T00:00:00.000,17,4815,2006,126957,126957,4815,2020-08-26,17,2006,0.00847457627118644,0.00749844066987882,19.4969927107037
Dutchess,2020-08-27T00:00:00.000,12,4827,1803,128760,128760,4827,2020-08-27,12,1803,0.00665557404326123,0.00739721088195529,13.7299626762463
Dutchess,2020-08-28T00:00:00.000,19,4846,2102,130862,130862,4846,2020-08-28,19,2102,0.00903901046622265,0.00730491052585181,21.7357387924884
Dutchess,2020-08-29T00:00:00.000,6,4852,1867,132729,132729,4852,2020-08-29,6,1867,0.00321371183717193,0.00722149538964675,6.87400198031307
Dutchess,2020-08-30T00:00:00.000,13,4865,1455,134184,134184,4865,2020-08-30,13,1455,0.00893470790378007,0.00714685236133792,14.9162873744773
Dutchess,2020-08-31T00:00:00.000,3,4868,1515,135699,135699,4868,2020-08-31,3,1515,0.00198019801980198,0.00708080620673023,3.44757704938343
Dutchess,2020-09-01T00:00:00.000,10,4878,1329,137028,137028,4878,2020-09-01,10,1329,0.00752445447705041,0.00702312576190727,11.510082933733
Dutchess,2020-09-02T00:00:00.000,14,4892,1400,138428,138428,4892,2020-09-02,14,1400,0.01,0.00697352956244044,16.1397096464917
Dutchess,2020-09-03T00:00:00.000,10,4902,1308,139736,139736,4902,2020-09-03,10,1308,0.00764525993883792,0.00693169096525763,11.5465595518571
Dutchess,2020-09-04T00:00:00.000,12,4914,1692,141428,141428,4914,2020-09-04,12,1692,0.00709219858156028,0.00689724284464488,13.8773239830956
Dutchess,2020-09-05T00:00:00.000,14,4928,1404,142832,142832,4928,2020-09-05,14,1404,0.00997150997150997,0.00686978196398634,16.2144324461657
Dutchess,2020-09-06T00:00:00.000,11,4939,992,143824,143824,4939,2020-09-06,11,992,0.0110887096774194,0.0068488731371491,12.7579980814105
Dutchess,2020-09-07T00:00:00.000,5,4944,609,144433,144433,4944,2020-09-07,5,609,0.00821018062397373,0.00683405330006109,5.80652655655054
Dutchess,2020-09-08T00:00:00.000,12,4956,867,145300,145300,4956,2020-09-08,12,867,0.013840830449827,0.00682483561237419,13.9495328908835
Dutchess,2020-09-09T00:00:00.000,6,4962,1341,146641,146641,4962,2020-09-09,6,1341,0.00447427293064877,0.00682071370378405,6.980451071174
Dutchess,2020-09-10T00:00:00.000,13,4975,1436,148077,148077,4975,2020-09-10,13,1436,0.00905292479108635,0.006821166166415,15.1334599029298
Dutchess,2020-09-11T00:00:00.000,9,4984,1632,149709,149709,4984,2020-09-11,9,1632,0.00551470588235294,0.00682566137806909,10.4951299420475
Dutchess,2020-09-12T00:00:00.000,2,4986,1298,151007,151007,4986,2020-09-12,2,1298,0.00154083204930663,0.00683366271801566,2.3375844309183
Dutchess,2020-09-13T00:00:00.000,8,4994,1157,152164,152164,4994,2020-09-13,8,1157,0.00691443388072602,0.00684463421085507,9.36920331147099
Dutchess,2020-09-14T00:00:00.000,12,5006,1047,153211,153211,5006,2020-09-14,12,1047,0.0114613180515759,0.00685804660342515,14.0779235866861
Dutchess,2020-09-15T00:00:00.000,8,5014,1186,154397,154397,5014,2020-09-15,8,1186,0.00674536256323777,0.00687338384853284,9.39825353279793
Dutchess,2020-09-16T00:00:00.000,28,5042,1294,155691,155691,5042,2020-09-16,28,1294,0.0216383307573416,0.00689014993620476,32.9272868777775
Dutchess,2020-09-17T00:00:00.000,8,5050,1205,156896,156896,5050,2020-09-17,8,1205,0.00663900414937759,0.00690787598200284,9.41359538185337
Dutchess,2020-09-18T00:00:00.000,3,5053,1444,158340,158340,5053,2020-09-18,3,1444,0.00207756232686981,0.00692612745344525,3.53075484564876
Dutchess,2020-09-19T00:00:00.000,6,5059,1591,159931,159931,5059,2020-09-19,6,1591,0.00377121307353866,0.00694451139089375,7.05281422676974
Dutchess,2020-09-20T00:00:00.000,17,5076,1090,161021,161021,5076,2020-09-20,17,1090,0.0155963302752294,0.00696268346270025,19.9404066003974
Dutchess,2020-09-21T00:00:00.000,8,5084,982,162003,162003,5084,2020-09-21,8,982,0.00814663951120163,0.00698035468254273,9.35895163551152
Dutchess,2020-09-22T00:00:00.000,5,5089,910,162913,162913,5089,2020-09-22,5,910,0.00549450549450549,0.00699729761738481,5.8308918771828
Dutchess,2020-09-23T00:00:00.000,16,5105,1303,164216,164216,5105,2020-09-23,16,1303,0.012279355333845,0.00701335192102842,18.5903380795563
Dutchess,2020-09-24T00:00:00.000,3,5108,1388,165604,165604,5108,2020-09-24,3,1388,0.00216138328530259,0.00702842904614498,3.47109057678091
Dutchess,2020-09-25T00:00:00.000,7,5115,1346,166950,166950,5115,2020-09-25,7,1346,0.00520059435364042,0.00704251601418776,8.08817329032206
Dutchess,2020-09-26T00:00:00.000,5,5120,1218,168168,168168,5120,2020-09-26,5,1218,0.00410509031198686,0.00705567815562186,5.78288841481591
Dutchess,2020-09-27T00:00:00.000,4,5124,886,169054,169054,5124,2020-09-27,4,886,0.00451467268623025,0.0070680607732732,4.62841460168146
Dutchess,2020-09-28T00:00:00.000,6,5130,896,169950,169950,5130,2020-09-28,6,896,0.00669642857142857,0.00707988972524047,6.9422177487698
Dutchess,2020-09-29T00:00:00.000,7,5137,837,170787,170787,5137,2020-09-29,7,837,0.00836320191158901,0.00709147096825578,8.0947028256725
Dutchess,2020-09-30T00:00:00.000,11,5148,1617,172404,172404,5148,2020-09-30,11,1617,0.00680272108843537,0.00710318914720264,12.7068563734295
Dutchess,2020-10-01T00:00:00.000,17,5165,2223,174627,174627,5165,2020-10-01,17,2223,0.00764732343679712,0.00711550535628428,19.6078778267541
Dutchess,2020-10-02T00:00:00.000,4,5169,2087,176714,176714,5169,2020-10-02,4,2087,0.00191662673694298,0.00712895423230295,4.60447282467098
Dutchess,2020-10-03T00:00:00.000,10,5179,1408,178122,178122,5179,2020-10-03,10,1408,0.00710227272727273,0.00714414056837534,11.4833808234178
Dutchess,2020-10-04T00:00:00.000,8,5187,1157,179279,179279,5187,2020-10-04,8,1157,0.00691443388072602,0.00716173565472694,9.16076748305068
Dutchess,2020-10-05T00:00:00.000,18,5205,1487,180766,180766,5205,2020-10-05,18,1487,0.0121049092131809,0.00718247356297322,20.545672784799
Dutchess,2020-10-06T00:00:00.000,9,5214,1341,182107,182107,5214,2020-10-06,9,1341,0.00671140939597315,0.00720714759083326,10.2362924034068
Dutchess,2020-10-07T00:00:00.000,8,5222,2438,184545,184545,5222,2020-10-07,8,2438,0.00328137817883511,0.00723660707559751,9.06362468685382
Dutchess,2020-10-08T00:00:00.000,11,5233,1790,186335,186335,5233,2020-10-08,11,1790,0.00614525139664804,0.00727175476851695,12.4105053994072
Dutchess,2020-10-09T00:00:00.000,12,5245,1883,188218,188218,5245,2020-10-09,12,1883,0.00637280934678704,0.00731354493968574,13.477473797353
Dutchess,2020-10-10T00:00:00.000,7,5252,1454,189672,189672,5252,2020-10-10,7,1454,0.00481430536451169,0.00736298235507577,7.82444639317211
Dutchess,2020-10-11T00:00:00.000,7,5259,1465,191137,191137,5259,2020-10-11,7,1465,0.00477815699658703,0.00742112223673356,7.78580646998091
Dutchess,2020-10-12T00:00:00.000,12,5271,1172,192309,192309,5271,2020-10-12,12,1172,0.0102389078498294,0.00748907128334108,13.2792286590205
Dutchess,2020-10-13T00:00:00.000,10,5281,1996,194305,194305,5281,2020-10-13,10,1996,0.00501002004008016,0.0075679897955306,11.0084957935116
Dutchess,2020-10-14T00:00:00.000,8,5289,1951,196256,196256,5289,2020-10-14,8,1951,0.00410046130189646,0.00765909491610856,8.76776789326717
Dutchess,2020-10-15T00:00:00.000,16,5305,1542,197798,197798,5305,2020-10-15,16,1542,0.0103761348897536,0.00776366496381152,17.4696553081114
Dutchess,2020-10-16T00:00:00.000,13,5318,2055,199853,199853,5318,2020-10-16,13,2055,0.00632603406326034,0.00788304480767187,14.1672949554551
Dutchess,2020-10-17T00:00:00.000,10,5328,1421,201274,201274,5328,2020-10-17,10,1421,0.00703729767769177,0.00801865220033891,10.8832796525889
Dutchess,2020-10-18T00:00:00.000,12,5340,1399,202673,202673,5340,2020-10-18,12,1399,0.00857755539671194,0.00817198496055104,13.0461324892642
Dutchess,2020-10-19T00:00:00.000,15,5355,1287,203960,203960,5355,2020-10-19,15,1287,0.0116550116550117,0.00834462886738813,16.3070693015885
Dutchess,2020-10-20T00:00:00.000,11,5366,1182,205142,205142,5366,2020-10-20,11,1182,0.00930626057529611,0.00853826610335159,11.9733283742786
Dutchess,2020-10-21T00:00:00.000,16,5382,1749,206891,206891,5382,2020-10-21,16,1749,0.00914808461978273,0.00875468405558395,17.4392777573266
Dutchess,2020-10-22T00:00:00.000,21,5403,2223,209114,209114,5403,2020-10-22,21,2223,0.00944669365721997,0.00899578425820468,22.9316985025022
Dutchess,2020-10-23T00:00:00.000,18,5421,1919,211033,211033,5421,2020-10-23,18,1919,0.00937988535695675,0.00926359123097295,19.6889504204208
Dutchess,2020-10-24T00:00:00.000,17,5438,1551,212584,212584,5438,2020-10-24,17,1551,0.0109606705351386,0.0095602609412151,18.6232609720792
Dutchess,2020-10-25T00:00:00.000,12,5450,1216,213800,213800,5450,2020-10-25,12,1216,0.00986842105263158,0.00988808858953599,13.1633911101716
Dutchess,2020-10-26T00:00:00.000,15,5465,1516,215316,215316,5465,2020-10-26,15,1516,0.00989445910290238,0.0102495153923295,16.4732896858924
Dutchess,2020-10-27T00:00:00.000,7,5472,1356,216672,216672,5472,2020-10-27,7,1356,0.0051622418879056,0.0106471340151047,7.69507260046742
Dutchess,2020-10-28T00:00:00.000,36,5508,2367,219039,219039,5508,2020-10-28,36,2367,0.0152091254752852,0.0110836922924571,39.606506813515
Dutchess,2020-10-29T00:00:00.000,17,5525,1787,220826,220826,5525,2020-10-29,17,1787,0.00951315053161724,0.0115620948696083,18.7148851346376
Dutchess,2020-10-30T00:00:00.000,22,5547,1793,222619,222619,5547,2020-10-30,22,1793,0.0122699386503067,0.0120854024085481,24.2304490061145
Dutchess,2020-10-31T00:00:00.000,18,5565,1974,224593,224593,5565,2020-10-31,18,1974,0.00911854103343465,0.0126568280372114,19.8307899496575
Dutchess,2020-11-01T00:00:00.000,20,5585,1265,225858,225858,5585,2020-11-01,20,1265,0.0158102766798419,0.0132797307766995,22.037211583347
Dutchess,2020-11-02T00:00:00.000,27,5612,1626,227484,227484,5612,2020-11-02,27,1626,0.0166051660516605,0.013957605778786,29.7496944165777
Dutchess,2020-11-03T00:00:00.000,30,5642,1665,229149,229149,5642,2020-11-03,30,1665,0.018018018018018,0.0146940713392825,33.0497313410828
Dutchess,2020-11-04T00:00:00.000,27,5669,1989,231138,231138,5669,2020-11-04,27,1989,0.0135746606334842,0.0154928528375955,29.7356459903638
Dutchess,2020-11-05T00:00:00.000,41,5710,1828,232966,232966,5710,2020-11-05,41,1828,0.0224288840262582,0.0163577639904676,45.1343134772894
Dutchess,2020-11-06T00:00:00.000,29,5739,2426,235392,235392,5739,2020-11-06,29,2426,0.0119538334707337,0.0172926861015101,31.9063013067699
Dutchess,2020-11-07T00:00:00.000,51,5790,2182,237574,237574,5790,2020-11-07,51,2182,0.0233730522456462,0.0183015463453139,56.0730407111236
Dutchess,2020-11-08T00:00:00.000,49,5839,1529,239103,239103,5839,2020-11-08,49,1529,0.0320470896010464,0.0193882965333856,53.8282165178529
Dutchess,2020-11-09T00:00:00.000,40,5879,1551,240654,240654,5879,2020-11-09,40,1551,0.0257898130238556,0.0205568942765348,43.9132707815188
Dutchess,2020-11-10T00:00:00.000,65,5944,2150,242804,242804,5944,2020-11-10,65,2150,0.0302325581395349,0.0218112889611051,71.4425869012156
Dutchess,2020-11-11T00:00:00.000,59,6003,2240,245044,245044,6003,2020-11-11,59,2240,0.0263392857142857,0.0231554154960842,64.9873665912069
Dutchess,2020-11-12T00:00:00.000,71,6074,3122,248166,248166,6074,2020-11-12,71,3122,0.0227418321588725,0.0245931993335231,78.6406022059671
Dutchess,2020-11-13T00:00:00.000,70,6144,2344,250510,250510,6144,2020-11-13,70,2344,0.0298634812286689,0.0261285768101808,77.9685610617614
Dutchess,2020-11-14T00:00:00.000,41,6185,1598,252108,252108,6185,2020-11-14,41,1598,0.025657071339174,0.0277655353846177,45.9251063533027
Dutchess,2020-11-15T00:00:00.000,39,6224,3281,255389,255389,6224,2020-11-15,39,3281,0.0118866199329473,0.0295081788324037,43.9318010654035
Dutchess,2020-11-16T00:00:00.000,84,6308,2479,257868,257868,6308,2020-11-16,84,2479,0.0338846308995563,0.0313608229230989,95.156351273936
Dutchess,2020-11-17T00:00:00.000,78,6386,2094,259962,259962,6386,2020-11-17,78,2094,0.0372492836676218,0.0333281275369499,88.8561447950968
Dutchess,2020-11-18T00:00:00.000,53,6439,1655,261617,261617,6439,2020-11-18,53,1655,0.03202416918429,0.0354152716209501,60.7140669221165
Erie,2020-03-01T00:00:00.000,0,0,0,0,0,0,2020-03-01,0,0,0,0.100043286202078,0
Erie,2020-03-02T00:00:00.000,0,0,0,0,0,0,2020-03-02,0,0,0,0.103894342278726,0
Erie,2020-03-03T00:00:00.000,0,0,0,0,0,0,2020-03-03,0,0,0,0.107875003445068,0
Erie,2020-03-04T00:00:00.000,0,0,6,6,6,0,2020-03-04,0,6,0,0.111986711354473,0
Erie,2020-03-05T00:00:00.000,0,0,6,12,12,0,2020-03-05,0,6,0,0.11622992568151,0
Erie,2020-03-06T00:00:00.000,0,0,0,12,12,0,2020-03-06,0,0,0,0.120604012684323,0
Erie,2020-03-07T00:00:00.000,0,0,2,14,14,0,2020-03-07,0,2,0,0.125107133534858,0
Erie,2020-03-08T00:00:00.000,0,0,1,15,15,0,2020-03-08,0,1,0,0.129736134264857,0
Erie,2020-03-09T00:00:00.000,0,0,1,16,16,0,2020-03-09,0,1,0,0.134486439491366,0
Erie,2020-03-10T00:00:00.000,0,0,2,18,18,0,2020-03-10,0,2,0,0.139351952365544,0
Erie,2020-03-11T00:00:00.000,0,0,0,18,18,0,2020-03-11,0,0,0,0.144324963427695,0
Erie,2020-03-12T00:00:00.000,0,0,13,31,31,0,2020-03-12,0,13,0,0.149396071222051,0
Erie,2020-03-13T00:00:00.000,0,0,5,36,36,0,2020-03-13,0,5,0,0.154554117616804,0
Erie,2020-03-14T00:00:00.000,3,3,22,58,58,3,2020-03-14,3,22,0.136363636363636,0.159786140772204,4.3041244930081
Erie,2020-03-15T00:00:00.000,3,6,10,68,68,6,2020-03-15,3,10,0.3,0.165077348585756,4.22761938105318
Erie,2020-03-16T00:00:00.000,1,7,2,70,70,7,2020-03-16,1,2,0.5,0.170411115221196,1.38472078944064
Erie,2020-03-17T00:00:00.000,0,7,2,72,72,7,2020-03-17,0,2,0,0.175769002980189,0
Erie,2020-03-18T00:00:00.000,21,28,130,202,202,28,2020-03-18,21,130,0.161538461538462,0.181130811325791,28.0661198640079
Erie,2020-03-19T00:00:00.000,3,31,43,245,245,31,2020-03-19,3,43,0.0697674418604651,0.186474654306167,3.94697789926102
Erie,2020-03-20T00:00:00.000,7,38,55,300,300,38,2020-03-20,7,55,0.127272727272727,0.191777066995972,9.07170012003878
Erie,2020-03-21T00:00:00.000,16,54,111,411,411,54,2020-03-21,16,111,0.144144144144144,0.19701314087754,20.4040539847125
Erie,2020-03-22T00:00:00.000,33,87,247,658,658,87,2020-03-22,33,247,0.133603238866397,0.202156687371697,41.6103246465638
Erie,2020-03-23T00:00:00.000,20,107,100,758,758,107,2020-03-23,20,100,0.2,0.207180428021241,25.1402186182678
Erie,2020-03-24T00:00:00.000,15,122,114,872,872,122,2020-03-24,15,114,0.131578947368421,0.212056209173658,18.7727868182383
Erie,2020-03-25T00:00:00.000,12,134,116,988,988,134,2020-03-25,12,116,0.103448275862069,0.216755238430555,14.9331012111288
Erie,2020-03-26T00:00:00.000,85,219,348,1336,1336,219,2020-03-26,85,348,0.244252873563218,0.221248339662243,105.131227816137
Erie,2020-03-27T00:00:00.000,99,318,370,1706,1706,318,2020-03-27,99,370,0.267567567567568,0.225506223049419,122.678204695914
Erie,2020-03-28T00:00:00.000,40,358,126,1832,1832,358,2020-03-28,40,126,0.317460317460317,0.229499766421806,49.4371252719034
Erie,2020-03-29T00:00:00.000,18,376,67,1899,1899,376,2020-03-29,18,67,0.26865671641791,0.233200304114472,22.1633011901557
Erie,2020-03-30T00:00:00.000,62,438,189,2088,2088,438,2020-03-30,62,189,0.328042328042328,0.236579919656555,76.0517589502865
Erie,2020-03-31T00:00:00.000,26,464,119,2207,2207,464,2020-03-31,26,119,0.218487394957983,0.239611738811309,31.8415824388176
Erie,2020-04-01T00:00:00.000,153,617,571,2778,2778,617,2020-04-01,153,571,0.267950963222417,0.242270219781226,187.986915428203
Erie,2020-04-02T00:00:00.000,103,720,429,3207,3207,720,2020-04-02,103,429,0.24009324009324,0.244531437733571,126.893728429292
Erie,2020-04-03T00:00:00.000,88,808,317,3524,3524,808,2020-04-03,88,317,0.277602523659306,0.24637336115265,108.649510949336
Erie,2020-04-04T00:00:00.000,110,918,402,3926,3926,918,2020-04-04,110,402,0.27363184079602,0.247776117836297,136.0432911311
Erie,2020-04-05T00:00:00.000,105,1023,549,4475,4475,1023,2020-04-05,105,549,0.191256830601093,0.248722248591953,130.012551020334
Erie,2020-04-06T00:00:00.000,112,1135,396,4871,4871,1135,2020-04-06,112,396,0.282828282828283,0.249196946813355,138.790633557379
Erie,2020-04-07T00:00:00.000,70,1205,295,5166,5166,1205,2020-04-07,70,295,0.23728813559322,0.249188282104789,86.7868865626315
Erie,2020-04-08T00:00:00.000,157,1362,458,5624,5624,1362,2020-04-08,157,458,0.342794759825328,0.248687405960663,194.714464644276
Erie,2020-04-09T00:00:00.000,47,1409,309,5933,5933,1409,2020-04-09,47,309,0.15210355987055,0.247688737199222,58.4249647381145
Erie,2020-04-10T00:00:00.000,63,1472,297,6230,6230,1472,2020-04-10,63,297,0.212121212121212,0.24619012440763,78.4495475168556
Erie,2020-04-11T00:00:00.000,99,1571,317,6547,6547,1571,2020-04-11,99,317,0.312302839116719,0.244192982129021,123.431381942289
Erie,2020-04-12T00:00:00.000,53,1624,182,6729,6729,1624,2020-04-12,53,182,0.291208791208791,0.241702396939785,66.1354409469561
Erie,2020-04-13T00:00:00.000,44,1668,223,6952,6952,1668,2020-04-13,44,223,0.197309417040359,0.238727199021735,54.9379744214783
Erie,2020-04-14T00:00:00.000,83,1751,326,7278,7278,1751,2020-04-14,83,326,0.254601226993865,0.235279994379921,103.809700927601
Erie,2020-04-15T00:00:00.000,99,1850,394,7672,7672,1850,2020-04-15,99,394,0.251269035532995,0.231377152601771,124.025263682425
Erie,2020-04-16T00:00:00.000,79,1929,348,8020,8020,1929,2020-04-16,79,348,0.227011494252874,0.227038745061976,99.127513664102
Erie,2020-04-17T00:00:00.000,68,1997,262,8282,8282,1997,2020-04-17,68,262,0.259541984732824,0.22228842884495,85.4795496539142
Erie,2020-04-18T00:00:00.000,73,2070,367,8649,8649,2070,2020-04-18,73,367,0.198910081743869,0.217153272433537,92.1254604376283
Erie,2020-04-19T00:00:00.000,39,2109,199,8848,8848,2109,2020-04-19,39,199,0.195979899497487,0.211663520437058,49.4065900822893
Erie,2020-04-20T00:00:00.000,38,2147,258,9106,9106,2147,2020-04-20,38,258,0.147286821705426,0.205852296311714,48.3194416807727
Erie,2020-04-21T00:00:00.000,86,2233,347,9453,9453,2233,2020-04-21,86,347,0.247838616714697,0.19975524411024,109.749813372848
Erie,2020-04-22T00:00:00.000,217,2450,1307,10760,10760,2450,2020-04-22,217,1307,0.166029074215761,0.193410112713673,277.891583042332
Erie,2020-04-23T00:00:00.000,153,2603,982,11742,11742,2603,2020-04-23,153,982,0.155804480651731,0.186856288611973,196.587076687264
Erie,2020-04-24T00:00:00.000,170,2773,872,12614,12614,2773,2020-04-24,170,872,0.194954128440367,0.180134285944205,219.125134897177
Erie,2020-04-25T00:00:00.000,181,2954,795,13409,13409,2954,2020-04-25,181,795,0.227672955974843,0.1732852050023,234.006489890938
Erie,2020-04-26T00:00:00.000,67,3021,508,13917,13917,3021,2020-04-26,67,508,0.131889763779528,0.166350172530585,86.8662665438043
Erie,2020-04-27T00:00:00.000,68,3089,586,14503,14503,3089,2020-04-27,68,586,0.116040955631399,0.159369778740472,88.3951078538967
Erie,2020-04-28T00:00:00.000,107,3196,716,15219,15219,3196,2020-04-28,107,716,0.149441340782123,0.152383526833194,139.410976218865
Erie,2020-04-29T00:00:00.000,123,3319,885,16104,16104,3319,2020-04-29,123,885,0.138983050847458,0.145429310886868,160.581955513095
Erie,2020-04-30T00:00:00.000,162,3481,905,17009,17009,3481,2020-04-30,162,905,0.179005524861878,0.138542937164656,211.878559552906
Erie,2020-05-01T00:00:00.000,117,3598,1058,18067,18067,3598,2020-05-01,117,1058,0.110586011342155,0.131757702269118,153.2630581842
Erie,2020-05-02T00:00:00.000,112,3710,799,18866,18866,3710,2020-05-02,112,799,0.14017521902378,0.125104039207901,146.908354604791
Erie,2020-05-03T00:00:00.000,92,3802,760,19626,19626,3802,2020-05-03,92,760,0.121052631578947,0.118609239502389,120.998028604421
Erie,2020-05-04T00:00:00.000,89,3891,779,20405,20405,3891,2020-05-04,89,779,0.114249037227214,0.112297256177495,117.737925813997
Erie,2020-05-05T00:00:00.000,117,4008,1498,21903,21903,4008,2020-05-05,117,1498,0.0781041388518024,0.106188589048224,155.286895192543
Erie,2020-05-06T00:00:00.000,128,4136,1164,23067,23067,4136,2020-05-06,128,1164,0.109965635738832,0.10030025039361,170.323729087405
Erie,2020-05-07T00:00:00.000,119,4255,1008,24075,24075,4255,2020-05-07,119,1008,0.118055555555556,0.0946458061001911,158.644603157111
Erie,2020-05-08T00:00:00.000,82,4337,1049,25124,25124,4337,2020-05-08,82,1049,0.0781696854146807,0.0892354848256563,109.29937551122
Erie,2020-05-09T00:00:00.000,116,4453,1231,26355,26355,4453,2020-05-09,116,1231,0.0942323314378554,0.0840763458006905,154.500936357883
Erie,2020-05-10T00:00:00.000,30,4483,386,26741,26741,4483,2020-05-10,30,386,0.077720207253886,0.0791724946112633,39.9178722244981
Erie,2020-05-11T00:00:00.000,47,4530,696,27437,27437,4530,2020-05-11,47,696,0.0675287356321839,0.0745253356862421,62.6617073555996
Erie,2020-05-12T00:00:00.000,76,4606,1591,29028,29028,4606,2020-05-12,76,1591,0.0477686989314896,0.070133850210478,101.580673887345
Erie,2020-05-13T00:00:00.000,65,4671,1664,30692,30692,4671,2020-05-13,65,1664,0.0390625,0.0659948887082027,87.0759762447594
Erie,2020-05-14T00:00:00.000,111,4782,1690,32382,32382,4782,2020-05-14,111,1690,0.0656804733727811,0.0621034684861889,148.999217962254
Erie,2020-05-15T00:00:00.000,85,4867,1164,33546,33546,4867,2020-05-15,85,1164,0.0730240549828179,0.0584530673703471,114.298122555825
Erie,2020-05-16T00:00:00.000,87,4954,1827,35373,35373,4954,2020-05-16,87,1827,0.0476190476190476,0.0550359065963532,117.443776443651
Erie,2020-05-17T00:00:00.000,39,4993,628,36001,36001,4993,2020-05-17,39,628,0.0621019108280255,0.0518432172116281,52.882098384835
Erie,2020-05-18T00:00:00.000,44,5037,934,36935,36935,5037,2020-05-18,44,934,0.0471092077087794,0.048865485824009,59.8912575879808
Erie,2020-05-19T00:00:00.000,94,5131,2198,39133,39133,5131,2020-05-19,94,2198,0.0427661510464058,0.0460926769139823,128.818036680807
Erie,2020-05-20T00:00:00.000,139,5270,2974,42107,42107,5270,2020-05-20,139,2974,0.046738399462004,0.0435144301665038,191.675269824272
Erie,2020-05-21T00:00:00.000,127,5397,2175,44282,44282,5397,2020-05-21,127,2175,0.0583908045977012,0.0411202323379227,176.118636086451
Erie,2020-05-22T00:00:00.000,155,5552,2767,47049,47049,5552,2020-05-22,155,2767,0.0560173473075533,0.0388995640433221,215.928032134796
Erie,2020-05-23T00:00:00.000,74,5626,1742,48791,48791,5626,2020-05-23,74,1742,0.0424799081515499,0.0368420225280986,103.121132720377
Erie,2020-05-24T00:00:00.000,74,5700,1718,50509,50509,5700,2020-05-24,74,1718,0.0430733410942957,0.0349374219852749,103.065552856403
Erie,2020-05-25T00:00:00.000,53,5753,1334,51843,51843,5753,2020-05-25,53,1334,0.0397301349325337,0.0331758733170943,73.7091982144785
Erie,2020-05-26T00:00:00.000,57,5810,1572,53415,53415,5810,2020-05-26,57,1572,0.0362595419847328,0.0315478454353184,79.0751116051922
Erie,2020-05-27T00:00:00.000,76,5886,2367,55782,55782,5886,2020-05-27,76,2367,0.0321081537811576,0.0300442102768421,105.086029924814
Erie,2020-05-28T00:00:00.000,49,5935,1944,57726,57726,5935,2020-05-28,49,1944,0.0252057613168724,0.0286562737007127,67.4766296416715
Erie,2020-05-29T00:00:00.000,79,6014,2434,60160,60160,6014,2020-05-29,79,2434,0.0324568611339359,0.027375794353805,108.264156368945
Erie,2020-05-30T00:00:00.000,56,6070,2402,62562,62562,6070,2020-05-30,56,2402,0.0233139050791007,0.026194992464244,76.3199064532146
Erie,2020-05-31T00:00:00.000,53,6123,1951,64513,64513,6123,2020-05-31,53,1951,0.0271655561250641,0.0251065503616156,71.8077109417285
Erie,2020-06-01T00:00:00.000,50,6173,2225,66738,66738,6173,2020-06-01,50,2225,0.0224719101123595,0.0241036063445902,67.5148906324232
Erie,2020-06-02T00:00:00.000,61,6234,3364,70102,70102,6234,2020-06-02,61,3364,0.0181331747919144,0.0231797433318206,82.0509468958782
Erie,2020-06-03T00:00:00.000,74,6308,2639,72741,72741,6308,2020-06-03,74,2639,0.0280409245926487,0.0223289735483298,99.1075339077806
Erie,2020-06-04T00:00:00.000,51,6359,2896,75637,75637,6359,2020-06-04,51,2896,0.0176104972375691,0.0215457203234976,67.9784950061455
Erie,2020-06-05T00:00:00.000,70,6429,4101,79738,79738,6429,2020-06-05,70,4101,0.0170690075591319,0.020824797912818,92.9087419239272
Erie,2020-06-06T00:00:00.000,57,6486,2102,81840,81840,6486,2020-06-06,57,2102,0.0271170313986679,0.0201613901053687,75.399518464012
Erie,2020-06-07T00:00:00.000,45,6531,1670,83510,83510,6531,2020-06-07,45,1670,0.0269461077844311,0.0195510282442199,59.3012950377049
Erie,2020-06-08T00:00:00.000,64,6595,3600,87110,87110,6595,2020-06-08,64,3600,0.0177777777777778,0.018989569168039,83.9611521958945
Erie,2020-06-09T00:00:00.000,21,6616,2358,89468,89468,6616,2020-06-09,21,2358,0.0089058524173028,0.0184731734784534,27.4414635781625
Erie,2020-06-10T00:00:00.000,43,6659,2427,91895,91895,6659,2020-06-10,43,2427,0.0177173465183354,0.017998284448016,56.2153377374397
Erie,2020-06-11T00:00:00.000,58,6717,3047,94942,94942,6717,2020-06-11,58,3047,0.0190351165080407,0.0175616078073501,75.8435039699237
Erie,2020-06-12T00:00:00.000,36,6753,2819,97761,97761,6753,2020-06-12,36,2819,0.012770485987939,0.0171600925854447,47.0763557191665
Erie,2020-06-13T00:00:00.000,32,6785,2624,100385,100385,6785,2020-06-13,32,2624,0.0121951219512195,0.0167909131227136,41.8375847145075
Erie,2020-06-14T00:00:00.000,32,6817,1796,102181,102181,6817,2020-06-14,32,1796,0.0178173719376392,0.0164514523312286,41.8205579684877
Erie,2020-06-15T00:00:00.000,35,6852,2174,104355,104355,6852,2020-06-15,35,2174,0.016099356025759,0.0161392862389106,45.7128944543332
Erie,2020-06-16T00:00:00.000,30,6882,2419,106774,106774,6882,2020-06-16,30,2419,0.0124018189334436,0.0158521698235196,39.1499451050937
Erie,2020-06-17T00:00:00.000,38,6920,2888,109662,109662,6920,2020-06-17,38,2888,0.0131578947368421,0.0155880241168002,49.538394390442
Erie,2020-06-18T00:00:00.000,35,6955,3405,113067,113067,6955,2020-06-18,35,3405,0.0102790014684288,0.0153449245382853,45.5686221245229
Erie,2020-06-19T00:00:00.000,25,6980,3055,116122,116122,6980,2020-06-19,25,3055,0.00818330605564648,0.0151210904015135,32.5006186545395
Erie,2020-06-20T00:00:00.000,24,7004,2204,118326,118326,7004,2020-06-20,24,2204,0.0108892921960073,0.0149148755218321,31.1481148622833
Erie,2020-06-21T00:00:00.000,31,7035,2224,120550,120550,7035,2020-06-21,31,2224,0.0139388489208633,0.0147247598444473,40.1575486239204
Erie,2020-06-22T00:00:00.000,38,7073,2083,122633,122633,7073,2020-06-22,38,2083,0.0182429188670187,0.0145493420033689,49.123703975768
Erie,2020-06-23T00:00:00.000,35,7108,2861,125494,125494,7108,2020-06-23,35,2861,0.012233484795526,0.0143873327162444,45.1435402016201
Erie,2020-06-24T00:00:00.000,30,7138,3065,128559,128559,7138,2020-06-24,30,3065,0.00978792822185971,0.0142375489164078,38.6000632832386
Erie,2020-06-25T00:00:00.000,43,7181,2620,131179,131179,7181,2020-06-25,43,2620,0.016412213740458,0.0140989085222214,55.1816523861212
Erie,2020-06-26T00:00:00.000,25,7206,2428,133607,133607,7206,2020-06-26,25,2428,0.0102965403624382,0.0139704257437527,31.9924341019347
Erie,2020-06-27T00:00:00.000,22,7228,2116,135723,135723,7228,2020-06-27,22,2116,0.0103969754253308,0.0138512068293596,28.0694499116581
Erie,2020-06-28T00:00:00.000,21,7249,1787,137510,137510,7249,2020-06-28,21,1787,0.0117515388919978,0.0137404461584259,26.7090768343082
Erie,2020-06-29T00:00:00.000,43,7292,2534,140044,140044,7292,2020-06-29,43,2534,0.0169692186266772,0.013637422591954,54.5082784794079
Erie,2020-06-30T00:00:00.000,45,7337,2670,142714,142714,7337,2020-06-30,45,2670,0.0168539325842697,0.0135414959997039,56.8445498444705
Erie,2020-07-01T00:00:00.000,33,7370,2959,145673,145673,7370,2020-07-01,33,2959,0.0111524163568773,0.013452103890556,41.5338735370421
Erie,2020-07-02T00:00:00.000,57,7427,2920,148593,148593,7427,2020-07-02,57,2920,0.0195205479452055,0.0133687580819424,71.4673340078836
Erie,2020-07-03T00:00:00.000,35,7462,2542,151135,151135,7462,2020-07-03,35,2542,0.0137686860739575,0.0132910413541636,43.6508505836027
Erie,2020-07-04T00:00:00.000,13,7475,1775,152910,152910,7475,2020-07-04,13,1775,0.00732394366197183,0.0132186040455561,16.168468718966
Erie,2020-07-05T00:00:00.000,25,7500,1603,154513,154513,7500,2020-07-05,25,1603,0.0155957579538366,0.0131511605551821,30.9615362087404
Erie,2020-07-06T00:00:00.000,44,7544,2750,157263,157263,7544,2020-07-06,44,2750,0.016,0.0130884857299341,54.2644747689016
Erie,2020-07-07T00:00:00.000,52,7596,3240,160503,160503,7596,2020-07-07,52,3240,0.0160493827160494,0.0130304111228701,63.9642429567312
Erie,2020-07-08T00:00:00.000,28,7624,3212,163715,163715,7624,2020-07-08,28,3212,0.0087173100871731,0.012976821118813,34.3428092142158
Erie,2020-07-09T00:00:00.000,36,7660,3299,167014,167014,7660,2020-07-09,36,3299,0.0109123976962716,0.0129276489312839,44.0218292304578
Erie,2020-07-10T00:00:00.000,51,7711,2752,169766,169766,7711,2020-07-10,51,2752,0.018531976744186,0.0128828724819429,62.1693940706713
Erie,2020-07-11T00:00:00.000,31,7742,2421,172187,172187,7742,2020-07-11,31,2421,0.0128046261875258,0.0128425101792563,37.6677006656174
Erie,2020-07-12T00:00:00.000,24,7766,1765,173952,173952,7766,2020-07-12,24,1765,0.0135977337110482,0.0128066166172413,29.0661134785886
Erie,2020-07-13T00:00:00.000,67,7833,2651,176603,176603,7833,2020-07-13,67,2651,0.025273481705017,0.0127752782180144,80.8711539997039
Erie,2020-07-14T00:00:00.000,58,7891,2975,179578,179578,7891,2020-07-14,58,2975,0.0194957983193277,0.0127486088428874,69.7705827366749
Erie,2020-07-15T00:00:00.000,36,7927,3015,182593,182593,7927,2020-07-15,36,3015,0.0119402985074627,0.0127267453969405,43.1581137701566
Erie,2020-07-16T00:00:00.000,55,7982,3391,185984,185984,7982,2020-07-16,55,3391,0.0162194043055146,0.012709843450485,65.7106886524414
Erie,2020-07-17T00:00:00.000,34,8016,2039,188023,188023,8016,2020-07-17,34,2039,0.0166748406081412,0.0126980728986632,40.5390996670969
Erie,2020-07-18T00:00:00.000,19,8035,1699,189722,189722,8035,2020-07-18,19,1699,0.011183048852266,0.0126916136772441,22.6709251735824
Erie,2020-07-19T00:00:00.000,11,8046,1434,191156,191156,8046,2020-07-19,11,1434,0.00767085076708508,0.0126906515490367,13.1299671586115
Erie,2020-07-20T00:00:00.000,60,8106,3225,194381,194381,8106,2020-07-20,60,3225,0.0186046511627907,0.0126953739712958,71.6162012216965
Erie,2020-07-21T00:00:00.000,29,8135,2772,197153,197153,8135,2020-07-21,29,2772,0.0104617604617605,0.0127059660506391,34.5962525024304
Erie,2020-07-22T00:00:00.000,52,8187,3067,200220,200220,8187,2020-07-22,52,3067,0.0169546788392566,0.0127226065878973,61.9730678283818
Erie,2020-07-23T00:00:00.000,47,8234,3348,203568,203568,8234,2020-07-23,47,3348,0.0140382317801673,0.0127454642122824,55.9398478091593
Erie,2020-07-24T00:00:00.000,48,8282,4090,207658,207658,8282,2020-07-24,48,4090,0.0117359413202934,0.0127746936012564,57.2760687032668
Erie,2020-07-25T00:00:00.000,19,8301,1879,209537,209537,8301,2020-07-25,19,1879,0.010111761575306,0.0128104317807917,22.7213450715797
Erie,2020-07-26T00:00:00.000,26,8327,1845,211382,211382,8327,2020-07-26,26,1845,0.0140921409214092,0.012852794499823,31.13657613614
Erie,2020-07-27T00:00:00.000,37,8364,2806,214188,214188,8364,2020-07-27,37,2806,0.0131860299358517,0.012901872672915,44.3467295006773
Erie,2020-07-28T00:00:00.000,46,8410,2416,216604,216604,8410,2020-07-28,46,2416,0.0190397350993377,0.0129577288866974,55.1468881864816
Erie,2020-07-29T00:00:00.000,24,8434,3886,220490,220490,8434,2020-07-29,24,3886,0.00617601646937725,0.0130203939684515,28.7611384320934
Erie,2020-07-30T00:00:00.000,58,8492,3108,223598,223598,8492,2020-07-30,58,3108,0.0186615186615187,0.0130898636190491,69.4341174238468
Erie,2020-07-31T00:00:00.000,56,8548,3740,227338,227338,8548,2020-07-31,56,3740,0.0149732620320856,0.0131660951180369,66.9850151250706
Erie,2020-08-01T00:00:00.000,24,8572,2624,229962,229962,8572,2020-08-01,24,2624,0.00914634146341463,0.0132490041147865,28.7232723493879
Erie,2020-08-02T00:00:00.000,54,8626,2148,232110,232110,8626,2020-08-02,54,2148,0.0251396648044693,0.0133384615273128,64.6025108677126
Erie,2020-08-03T00:00:00.000,41,8667,3906,236016,236016,8667,2020-08-03,41,3906,0.0104966717869944,0.0134342905786902,49.0133002587936
Erie,2020-08-04T00:00:00.000,35,8702,5925,241941,241941,8702,2020-08-04,35,5925,0.00590717299578059,0.0135362640099271,41.7941466004188
Erie,2020-08-05T00:00:00.000,35,8737,3420,245361,245361,8737,2020-08-05,35,3420,0.010233918128655,0.0136441015175539,41.7328001651135
Erie,2020-08-06T00:00:00.000,54,8791,3434,248795,248795,8791,2020-08-06,54,3434,0.0157251019219569,0.0137574674737474,64.4701349212328
Erie,2020-08-07T00:00:00.000,59,8850,4495,253290,253290,8850,2020-08-07,59,4495,0.0131256952169077,0.0138759689956761,70.6325960678965
Erie,2020-08-08T00:00:00.000,54,8904,2649,255939,255939,8904,2020-08-08,54,2649,0.0203850509626274,0.0139991544392304,64.8125507963725
Erie,2020-08-09T00:00:00.000,14,8918,1745,257684,257684,8918,2020-08-09,14,1745,0.00802292263610315,0.0141265123994717,16.8428051581362
Erie,2020-08-10T00:00:00.000,69,8987,4022,261706,261706,8987,2020-08-10,69,4022,0.0171556439582297,0.014257471305295,83.1863756248324
Erie,2020-08-11T00:00:00.000,26,9013,3239,264945,264945,9013,2020-08-11,26,3239,0.00802716887928373,0.0143913996991818,31.3980236154888
Erie,2020-08-12T00:00:00.000,20,9033,2742,267687,267687,9033,2020-08-12,20,2742,0.00729394602479942,0.0145276072931964,24.1816385259969
Erie,2020-08-13T00:00:00.000,31,9064,3467,271154,271154,9064,2020-08-13,31,3467,0.0089414479376983,0.0146653468894878,37.5161907500136
Erie,2020-08-14T00:00:00.000,50,9114,3109,274263,274263,9114,2020-08-14,50,3109,0.0160823415889353,0.0148038172471284,60.63337642475
Erie,2020-08-15T00:00:00.000,33,9147,2644,276907,276907,9147,2020-08-15,33,2644,0.0124810892586989,0.014942166966636,40.1726798608042
Erie,2020-08-16T00:00:00.000,10,9157,1992,278899,278899,9157,2020-08-16,10,1992,0.00502008032128514,0.015079499448533,12.2184407324014
Erie,2020-08-17T00:00:00.000,30,9187,2900,281799,281799,9187,2020-08-17,30,2900,0.0103448275862069,0.0152148789635765,36.7292692837378
Erie,2020-08-18T00:00:00.000,54,9241,3346,285145,285145,9241,2020-08-18,54,3346,0.0161386730424387,0.0153473378487705,66.2173930147426
Erie,2020-08-19T00:00:00.000,42,9283,3339,288484,288484,9283,2020-08-19,42,3339,0.0125786163522013,0.0154758848161904,51.5786434345263
Erie,2020-08-20T00:00:00.000,81,9364,4163,292647,292647,9364,2020-08-20,81,4163,0.0194571222675955,0.015599514331386,99.6101368093589
Erie,2020-08-21T00:00:00.000,49,9413,3703,296350,296350,9413,2020-08-21,49,3703,0.0132325141776938,0.0157172169849534,60.3189377534183
Erie,2020-08-22T00:00:00.000,52,9465,2255,298605,298605,9465,2020-08-22,52,2255,0.023059866962306,0.0158279907463202,64.070192877615
Erie,2020-08-23T00:00:00.000,26,9491,1452,300057,300057,9491,2020-08-23,26,1452,0.0179063360881543,0.0159308529542889,32.1112314935938
Erie,2020-08-24T00:00:00.000,55,9546,3320,303377,303377,9546,2020-08-24,55,3320,0.016566265060241,0.0160248528646407,68.0495008223077
Erie,2020-08-25T00:00:00.000,43,9589,2649,306026,306026,9589,2020-08-25,43,2649,0.0162325405813515,0.0161090845443423,53.2530436806932
Erie,2020-08-26T00:00:00.000,79,9668,3893,309919,309919,9668,2020-08-26,79,3893,0.0202928332905215,0.0161826998745256,97.8484163810971
Erie,2020-08-27T00:00:00.000,45,9713,4199,314118,314118,9713,2020-08-27,45,4199,0.0107168373422243,0.0162449214031162,55.7013326592446
Erie,2020-08-28T00:00:00.000,28,9741,3012,317130,317130,9741,2020-08-28,28,3012,0.00929614873837981,0.0162950547733661,34.7074677756195
Erie,2020-08-29T00:00:00.000,66,9807,3774,320904,320904,9807,2020-08-29,66,3774,0.0174880763116057,0.0163325004485782,82.0436346752676
Erie,2020-08-30T00:00:00.000,65,9872,2691,323595,323595,9872,2020-08-30,65,2691,0.0241545893719807,0.0163567644557932,81.0193967205869
Erie,2020-08-31T00:00:00.000,75,9947,3839,327434,327434,9947,2020-08-31,75,3839,0.0195363375879135,0.0163674678840271,93.7225008303068
Erie,2020-09-01T00:00:00.000,70,10017,4364,331798,331798,10017,2020-09-01,70,4364,0.0160403299725023,0.0163643548946215,87.6825834631293
Erie,2020-09-02T00:00:00.000,69,10086,3801,335599,335599,10086,2020-09-02,69,3801,0.0181531176006314,0.0163472990329684,86.6195869862935
Erie,2020-09-03T00:00:00.000,70,10156,3606,339205,339205,10156,2020-09-03,70,3606,0.0194120909595119,0.016316307670839,88.0499085372817
Erie,2020-09-04T00:00:00.000,56,10212,4124,343329,343329,10212,2020-09-04,56,4124,0.0135790494665373,0.0162715244561084,70.5647457536596
Erie,2020-09-05T00:00:00.000,54,10266,2017,345346,345346,10266,2020-09-05,54,2017,0.0267724343083788,0.0162132296994564,68.149101451629
Erie,2020-09-06T00:00:00.000,54,10320,2176,347522,347522,10320,2020-09-06,54,2176,0.0248161764705882,0.0161418386843611,68.2365396666208
Erie,2020-09-07T00:00:00.000,26,10346,2250,349772,349772,10346,2020-09-07,26,2250,0.0115555555555556,0.0160578979445444,32.8867376254341
Erie,2020-09-08T00:00:00.000,48,10394,2523,352295,352295,10394,2020-09-08,48,2523,0.0190249702734839,0.0159620796102811,60.7462375717178
Erie,2020-09-09T00:00:00.000,50,10444,4218,356513,356513,10444,2020-09-09,50,4218,0.0118539592223803,0.0158551739785782,63.2901843056309
Erie,2020-09-10T00:00:00.000,59,10503,3118,359631,359631,10503,2020-09-10,59,3118,0.0189223861449647,0.0157380805110624,74.6717282581594
Erie,2020-09-11T00:00:00.000,64,10567,3728,363359,363359,10567,2020-09-11,64,3728,0.0171673819742489,0.0156117975044399,81.0692399936082
Erie,2020-09-12T00:00:00.000,70,10637,3130,366489,366489,10637,2020-09-12,70,3130,0.0223642172523962,0.0154774107111335,88.7850466330627
Erie,2020-09-13T00:00:00.000,31,10668,2288,368777,368777,10668,2020-09-13,31,2288,0.013548951048951,0.0153360812103334,39.355984936531
Erie,2020-09-14T00:00:00.000,48,10716,2882,371659,371659,10716,2020-09-14,48,2882,0.0166551006245663,0.0151890328422586,60.9721576419543
Erie,2020-09-15T00:00:00.000,36,10752,2568,374227,374227,10752,2020-09-15,36,2568,0.014018691588785,0.0150375395201829,45.7362221609626
Erie,2020-09-16T00:00:00.000,81,10833,4437,378664,378664,10833,2020-09-16,81,4437,0.0182555780933063,0.0148829127268476,102.879503871652
Erie,2020-09-17T00:00:00.000,40,10873,2670,381334,381334,10873,2020-09-17,40,2670,0.0149812734082397,0.0147264894845709,50.7692796862209
Erie,2020-09-18T00:00:00.000,44,10917,4544,385878,385878,10917,2020-09-18,44,4544,0.0096830985915493,0.014569621063123,55.7820875953414
Erie,2020-09-19T00:00:00.000,82,10999,4104,389982,389982,10999,2020-09-19,82,4104,0.0199805068226121,0.0144136626580199,103.69034332038
Erie,2020-09-20T00:00:00.000,43,11042,2187,392169,392169,11042,2020-09-20,43,2187,0.0196616369455876,0.0142599642352292,54.1860785616752
Erie,2020-09-21T00:00:00.000,40,11082,2592,394761,394761,11082,2020-09-21,40,2592,0.0154320987654321,0.0141098626994743,50.2067069546014
Erie,2020-09-22T00:00:00.000,30,11112,3058,397819,397819,11112,2020-09-22,30,3058,0.00981033355134074,0.0139646755024444,37.4883468050288
Erie,2020-09-23T00:00:00.000,89,11201,4107,401926,401926,11201,2020-09-23,89,4107,0.0216703189676163,0.0138256957675858,110.670901656403
Erie,2020-09-24T00:00:00.000,50,11251,3783,405709,405709,11251,2020-09-24,50,3783,0.0132170235263019,0.0136941889700823,61.8418540323841
Erie,2020-09-25T00:00:00.000,57,11308,3901,409610,409610,11308,2020-09-25,57,3901,0.0146116380415278,0.0135713911756603,70.3261618304135
Erie,2020-09-26T00:00:00.000,34,11342,3908,413518,413518,11342,2020-09-26,34,3908,0.00870010235414534,0.0134585088114074,41.9468683622764
Erie,2020-09-27T00:00:00.000,17,11359,1515,415033,415033,11359,2020-09-27,17,1515,0.0112211221122112,0.013356719915678,20.9633719237913
Erie,2020-09-28T00:00:00.000,86,11445,5162,420195,420195,11445,2020-09-28,86,5162,0.0166602092212321,0.0132671767933897,105.954799684194
Erie,2020-09-29T00:00:00.000,55,11500,5326,425521,425521,11500,2020-09-29,55,5326,0.0103266992114157,0.0131910099875394,67.6736702600786
Erie,2020-09-30T00:00:00.000,74,11574,3856,429377,429377,11574,2020-09-30,74,3856,0.0191908713692946,0.0131293334670296,90.8983679357014
Erie,2020-10-01T00:00:00.000,63,11637,5162,434539,434539,11637,2020-10-01,63,5162,0.0122045718713677,0.0130832509251654,77.2277198385413
Erie,2020-10-02T00:00:00.000,60,11697,4462,439001,439001,11697,2020-10-02,60,4462,0.0134468848050202,0.013053863081391,73.3740507642935
Erie,2020-10-03T00:00:00.000,70,11767,6965,445966,445966,11767,2020-10-03,70,6965,0.0100502512562814,0.0130422758804262,85.3705632389259
Erie,2020-10-04T00:00:00.000,31,11798,2448,448414,448414,11798,2020-10-04,31,2448,0.0126633986928105,0.0130496094875334,37.6930681592321
Erie,2020-10-05T00:00:00.000,66,11864,3354,451768,451768,11864,2020-10-05,66,3354,0.0196779964221825,0.0130770079849526,79.9862309678835
Erie,2020-10-06T00:00:00.000,34,11898,3953,455721,455721,11898,2020-10-06,34,3953,0.00860106248418922,0.0131256496820449,41.0596109577807
Erie,2020-10-07T00:00:00.000,55,11953,4054,459775,459775,11953,2020-10-07,55,4054,0.0135668475579674,0.0131967579596626,66.1710219610949
Erie,2020-10-08T00:00:00.000,45,11998,4900,464675,464675,11998,2020-10-08,45,4900,0.00918367346938776,0.0132916125768633,53.9266126617494
Erie,2020-10-09T00:00:00.000,57,12055,4372,469047,469047,12055,2020-10-09,57,4372,0.0130375114364135,0.0134115613746829,68.0200969310293
Erie,2020-10-10T00:00:00.000,52,12107,3399,472446,472446,12107,2020-10-10,52,3399,0.0152986172403648,0.0135580323167968,61.7836004918081
Erie,2020-10-11T00:00:00.000,47,12154,3798,476244,476244,12154,2020-10-11,47,3798,0.012374934175882,0.0137325458097273,55.5944668117548
Erie,2020-10-12T00:00:00.000,28,12182,3453,479697,479697,12182,2020-10-12,28,3453,0.00810889081957718,0.0139367272458271,32.9703014639212
Erie,2020-10-13T00:00:00.000,34,12216,3972,483669,483669,12216,2020-10-13,34,3972,0.00855991943605237,0.0141723197095497,39.8522584513734
Erie,2020-10-14T00:00:00.000,53,12269,4562,488231,488231,12269,2020-10-14,53,4562,0.0116177115300307,0.0144411967819932,61.8895750000882
Erie,2020-10-15T00:00:00.000,55,12324,4569,492800,492800,12324,2020-10-15,55,4569,0.0120376449989057,0.0147453753694677,64.0303605962044
Erie,2020-10-16T00:00:00.000,69,12393,5236,498036,498036,12393,2020-10-16,69,5236,0.0131779984721161,0.0150870284693765,80.2386560096841
Erie,2020-10-17T00:00:00.000,58,12451,3684,501720,501720,12451,2020-10-17,58,3684,0.0157437567861021,0.0154684977706179,67.4097099653715
Erie,2020-10-18T00:00:00.000,17,12468,2065,503785,503785,12468,2020-10-18,17,2065,0.00823244552058111,0.0158923059663951,19.7531060737932
Erie,2020-10-19T00:00:00.000,45,12513,4108,507893,507893,12513,2020-10-19,45,4108,0.0109542356377799,0.0163611686352048,52.3284536411062
Erie,2020-10-20T00:00:00.000,61,12574,4398,512291,512291,12574,2020-10-20,61,4398,0.0138699408822192,0.0168780055208615,71.0799620279438
Erie,2020-10-21T00:00:00.000,76,12650,5874,518165,518165,12650,2020-10-21,76,5874,0.0129383724889343,0.0174459510162495,88.7498283014601
Erie,2020-10-22T00:00:00.000,55,12705,4845,523010,523010,12705,2020-10-22,55,4845,0.0113519091847265,0.0180683636283741,64.3972908153478
Erie,2020-10-23T00:00:00.000,77,12782,7071,530081,530081,12782,2020-10-23,77,7071,0.0108895488615472,0.0187488341759536,90.3774896197061
Erie,2020-10-24T00:00:00.000,37,12819,2645,532726,532726,12819,2020-10-24,37,2645,0.0139886578449905,0.0194911924470499,43.5256633020798
Erie,2020-10-25T00:00:00.000,36,12855,3109,535835,535835,12855,2020-10-25,36,3109,0.0115792859440335,0.0202995120245874,42.4352108961767
Erie,2020-10-26T00:00:00.000,116,12971,4264,540099,540099,12971,2020-10-26,116,4264,0.0272045028142589,0.0211781129757875,136.982616909043
Erie,2020-10-27T00:00:00.000,50,13021,4485,544584,544584,13021,2020-10-27,50,4485,0.0111482720178372,0.0221315620985667,59.1374536585312
Erie,2020-10-28T00:00:00.000,140,13161,4756,549340,549340,13161,2020-10-28,140,4756,0.0294365012615643,0.0231646704298487,165.808290594683
Erie,2020-10-29T00:00:00.000,101,13262,4797,554137,554137,13262,2020-10-29,101,4797,0.0210548259328747,0.0242824877480323,119.752691531661
Erie,2020-10-30T00:00:00.000,151,13413,5294,559431,559431,13413,2020-10-30,151,5294,0.0285228560634681,0.025490293851839,179.19550070966
Erie,2020-10-31T00:00:00.000,118,13531,4416,563847,563847,13531,2020-10-31,118,4416,0.0267210144927536,0.026793586471182,140.12644809863
Erie,2020-11-01T00:00:00.000,53,13584,2604,566451,566451,13584,2020-11-01,53,2604,0.0203533026113671,0.0281980657697781,62.9659152108265
Erie,2020-11-02T00:00:00.000,164,13748,4798,571249,571249,13748,2020-11-02,164,4798,0.0341809087119633,0.029709615534307,194.881764592266
Erie,2020-11-03T00:00:00.000,160,13908,3924,575173,575173,13908,2020-11-03,160,3924,0.0407747196738022,0.0313342813168248,190.131651633705
Erie,2020-11-04T00:00:00.000,215,14123,5681,580854,580854,14123,2020-11-04,215,5681,0.0378454497447632,0.0330782460056679,255.442514848941
Erie,2020-11-05T00:00:00.000,215,14338,6263,587117,587117,14338,2020-11-05,215,6263,0.03432859651924,0.0349478035467493,255.347164099565
Erie,2020-11-06T00:00:00.000,379,14717,8038,595155,595155,14717,2020-11-06,379,8038,0.0471510325951729,0.0369493318209716,449.875235805125
Erie,2020-11-07T00:00:00.000,271,14988,4678,599833,599833,14988,2020-11-07,271,4678,0.0579307396323215,0.0390892659996492,321.447605688337
Erie,2020-11-08T00:00:00.000,228,15216,3792,603625,603625,15216,2020-11-08,228,3792,0.060126582278481,0.0413740740457087,270.188973288506
Erie,2020-11-09T00:00:00.000,390,15606,6103,609728,609728,15606,2020-11-09,390,6103,0.0639029985253154,0.0438102363925255,461.808806934631
Erie,2020-11-10T00:00:00.000,422,16028,7615,617343,617343,16028,2020-11-10,422,7615,0.0554169402495076,0.0464042322085502,500.200235733223
Erie,2020-11-11T00:00:00.000,512,16540,7940,625283,625283,16540,2020-11-11,512,7940,0.0644836272040302,0.0491625350288543,608.05807083169
Erie,2020-11-12T00:00:00.000,481,17021,10222,635505,635505,17021,2020-11-12,481,10222,0.0470553707689298,0.0520916208950097,574.286810847386
Erie,2020-11-13T00:00:00.000,448,17469,8737,644242,644242,17469,2020-11-13,448,8737,0.0512761817557514,0.0551979924769385,537.749785738402
Erie,2020-11-14T00:00:00.000,277,17746,4435,648677,648677,17746,2020-11-14,277,4435,0.0624577226606539,0.058488222942988,334.27378619559
Erie,2020-11-15T00:00:00.000,272,18018,4561,653238,653238,18018,2020-11-15,272,4561,0.0596360447270335,0.0619690235898432,329.994369621891
Erie,2020-11-16T00:00:00.000,392,18410,5246,658484,658484,18410,2020-11-16,392,5246,0.07472359893252,0.0656473394335349,478.109672375926
Erie,2020-11-17T00:00:00.000,573,18983,9605,668089,668089,18983,2020-11-17,573,9605,0.0596564289432587,0.0695304770986693,702.56080168131
Erie,2020-11-18T00:00:00.000,490,19473,10099,678188,678188,19473,2020-11-18,490,10099,0.0485196554114269,0.0736262694309391,603.939948067673
Essex,2020-03-01T00:00:00.000,0,0,0,0,0,0,2020-03-01,0,0,0,0.0420603266688053,0
Essex,2020-03-02T00:00:00.000,0,0,0,0,0,0,2020-03-02,0,0,0,0.0427090074848387,0
Essex,2020-03-03T00:00:00.000,0,0,0,0,0,0,2020-03-03,0,0,0,0.0433687862935789,0
Essex,2020-03-04T00:00:00.000,0,0,0,0,0,0,2020-03-04,0,0,0,0.044042372877886,0
Essex,2020-03-05T00:00:00.000,0,0,0,0,0,0,2020-03-05,0,0,0,0.0447336205176992,0
Essex,2020-03-06T00:00:00.000,0,0,0,0,0,0,2020-03-06,0,0,0,0.045447406767823,0
Essex,2020-03-07T00:00:00.000,0,0,0,0,0,0,2020-03-07,0,0,0,0.0461895075681792,0
Essex,2020-03-08T00:00:00.000,0,0,0,0,0,0,2020-03-08,0,0,0,0.0469664669175772,0
Essex,2020-03-09T00:00:00.000,0,0,0,0,0,0,2020-03-09,0,0,0,0.0477854640018362,0
Essex,2020-03-10T00:00:00.000,0,0,0,0,0,0,2020-03-10,0,0,0,0.0486541789720288,0
Essex,2020-03-11T00:00:00.000,0,0,0,0,0,0,2020-03-11,0,0,0,0.0495806577242744,0
Essex,2020-03-12T00:00:00.000,0,0,0,0,0,0,2020-03-12,0,0,0,0.0505731750196724,0
Essex,2020-03-13T00:00:00.000,0,0,2,2,2,0,2020-03-13,0,2,0,0.051640094248682,0
Essex,2020-03-14T00:00:00.000,0,0,1,3,3,0,2020-03-14,0,1,0,0.0527897211646058,0
Essex,2020-03-15T00:00:00.000,0,0,2,5,5,0,2020-03-15,0,2,0,0.054030148006327,0
Essex,2020-03-16T00:00:00.000,0,0,0,5,5,0,2020-03-16,0,0,0.25,0.0553690837808294,0
Essex,2020-03-17T00:00:00.000,1,1,2,7,7,1,2020-03-17,1,2,0.5,0.0568136659974191,1.21590141974755
Essex,2020-03-18T00:00:00.000,0,1,1,8,8,1,2020-03-18,0,1,0,0.0583702490948803,0
Essex,2020-03-19T00:00:00.000,0,1,10,18,18,1,2020-03-19,0,10,0,0.060044165058272,0
Essex,2020-03-20T00:00:00.000,1,2,5,23,23,2,2020-03-20,1,5,0.2,0.0618394525589386,1.15727758601068
Essex,2020-03-21T00:00:00.000,1,3,8,31,31,3,2020-03-21,1,8,0.125,0.0637585522696228,1.13920217771265
Essex,2020-03-22T00:00:00.000,0,3,2,33,33,3,2020-03-22,0,2,0,0.0658019680229548,0
Essex,2020-03-23T00:00:00.000,0,3,11,44,44,3,2020-03-23,0,11,0,0.0679678961380417,0
Essex,2020-03-24T00:00:00.000,1,4,6,50,50,4,2020-03-24,1,6,0.166666666666667,0.0702518286344961,1.12061944299791
Essex,2020-03-25T00:00:00.000,0,4,7,57,57,4,2020-03-25,0,7,0,0.0726461400821674,0
Essex,2020-03-26T00:00:00.000,0,4,6,63,63,4,2020-03-26,0,6,0,0.075139672411928,0
Essex,2020-03-27T00:00:00.000,0,4,5,68,68,4,2020-03-27,0,5,0,0.0777173369145245,0
Essex,2020-03-28T00:00:00.000,0,4,3,71,71,4,2020-03-28,0,3,0,0.0803597575673294,0
Essex,2020-03-29T00:00:00.000,0,4,3,74,74,4,2020-03-29,0,3,0,0.0830429842586923,0
Essex,2020-03-30T00:00:00.000,0,4,5,79,79,4,2020-03-30,0,5,0,0.0857383080173977,0
Essex,2020-03-31T00:00:00.000,2,6,8,87,87,6,2020-03-31,2,8,0.25,0.0884122122891606,2.2169286056198
Essex,2020-04-01T00:00:00.000,0,6,2,89,89,6,2020-04-01,0,2,0,0.0910264941688637,0
Essex,2020-04-02T00:00:00.000,0,6,2,91,91,6,2020-04-02,0,2,0,0.093538586748488,0
Essex,2020-04-03T00:00:00.000,1,7,7,98,98,7,2020-04-03,1,7,0.142857142857143,0.0959021080972227,1.12348827458883
Essex,2020-04-04T00:00:00.000,0,7,4,102,102,7,2020-04-04,0,4,0,0.0980676536928304,0
Essex,2020-04-05T00:00:00.000,0,7,4,106,106,7,2020-04-05,0,4,0,0.0999838376339703,0
Essex,2020-04-06T00:00:00.000,0,7,5,111,111,7,2020-04-06,0,5,0,0.101598574096812,0
Essex,2020-04-07T00:00:00.000,0,7,4,115,115,7,2020-04-07,0,4,0,0.102860574944061,0
Essex,2020-04-08T00:00:00.000,1,8,6,121,121,8,2020-04-08,1,6,0.166666666666667,0.103721023113285,1.13637026842273
Essex,2020-04-09T00:00:00.000,2,10,13,134,134,10,2020-04-09,2,13,0.153846153846154,0.104135365319248,2.27981598957191
Essex,2020-04-10T00:00:00.000,2,12,4,138,138,12,2020-04-10,2,4,0.5,0.104065152655202,2.28498502916366
Essex,2020-04-11T00:00:00.000,0,12,12,150,150,12,2020-04-11,0,12,0,0.103479845000887,0
Essex,2020-04-12T00:00:00.000,0,12,5,155,155,12,2020-04-12,0,5,0,0.102358485382511,0
Essex,2020-04-13T00:00:00.000,0,12,24,179,179,12,2020-04-13,0,24,0,0.100691144898224,0
Essex,2020-04-14T00:00:00.000,0,12,3,182,182,12,2020-04-14,0,3,0,0.0984800382134381,0
Essex,2020-04-15T00:00:00.000,0,12,8,190,190,12,2020-04-15,0,8,0,0.09574021540243,0
Essex,2020-04-16T00:00:00.000,3,15,6,196,196,15,2020-04-16,3,6,0.5,0.0924997489384731,3.44106149803296
Essex,2020-04-17T00:00:00.000,1,16,5,201,201,16,2020-04-17,1,5,0.2,0.0887993560878885,1.14683941034811
Essex,2020-04-18T00:00:00.000,2,18,10,211,211,18,2020-04-18,2,10,0.2,0.0846914270292427,2.2971751744549
Essex,2020-04-19T00:00:00.000,2,20,4,215,215,20,2020-04-19,2,4,0.5,0.0802384670295127,2.29944978743885
Essex,2020-04-20T00:00:00.000,1,21,5,220,220,21,2020-04-20,1,5,0.2,0.0755110048627773,1.15022754660142
Essex,2020-04-21T00:00:00.000,1,22,2,222,222,22,2020-04-21,1,2,0.5,0.0705850653683906,1.15007669309717
Essex,2020-04-22T00:00:00.000,0,22,1,223,223,22,2020-04-22,0,1,0,0.0655393464822485,0
Essex,2020-04-23T00:00:00.000,0,22,6,229,229,22,2020-04-23,0,6,0,0.0604522740695491,0
Essex,2020-04-24T00:00:00.000,2,24,35,264,264,24,2020-04-24,2,35,0.0571428571428571,0.0553991256885464,2.29120486924186
Essex,2020-04-25T00:00:00.000,0,24,15,279,279,24,2020-04-25,0,15,0,0.0504494130119392,0
Essex,2020-04-26T00:00:00.000,0,24,27,306,306,24,2020-04-26,0,27,0,0.0456646905708625,0
Essex,2020-04-27T00:00:00.000,2,26,16,322,322,26,2020-04-27,2,16,0.125,0.0410969179973568,2.27033341622704
Essex,2020-04-28T00:00:00.000,1,27,19,341,341,27,2020-04-28,1,19,0.0526315789473684,0.0367874492215175,1.13028862281235
Essex,2020-04-29T00:00:00.000,1,28,22,363,363,28,2020-04-29,1,22,0.0454545454545455,0.0327666628309059,1.1247853663545
Essex,2020-04-30T00:00:00.000,0,28,27,390,390,28,2020-04-30,0,27,0,0.0290541912458364,0
Essex,2020-05-01T00:00:00.000,0,28,31,421,421,28,2020-05-01,0,31,0,0.0256596598701125,0
Essex,2020-05-02T00:00:00.000,1,29,23,444,444,29,2020-05-02,1,23,0.0434782608695652,0.0225838160042429,1.1053022941232
Essex,2020-05-03T00:00:00.000,0,29,10,454,454,29,2020-05-03,0,10,0,0.0198199130322376,0
Essex,2020-05-04T00:00:00.000,1,30,26,480,480,30,2020-05-04,1,26,0.0384615384615385,0.0173552173356907,1.09757059945428
Essex,2020-05-05T00:00:00.000,0,30,18,498,498,30,2020-05-05,0,18,0,0.0151725203430282,0
Essex,2020-05-06T00:00:00.000,0,30,15,513,513,30,2020-05-06,0,15,0,0.0132515616075505,0
Essex,2020-05-07T00:00:00.000,1,31,69,582,582,31,2020-05-07,1,69,0.0144927536231884,0.0115702961894127,1.08044496876968
Essex,2020-05-08T00:00:00.000,0,31,64,646,646,31,2020-05-08,0,64,0,0.0101059667734359,0
Essex,2020-05-09T00:00:00.000,1,32,111,757,757,32,2020-05-09,1,111,0.00900900900900901,0.00883596493179029,1.06323959704512
Essex,2020-05-10T00:00:00.000,0,32,31,788,788,32,2020-05-10,0,31,0,0.00773848499252924,0
Essex,2020-05-11T00:00:00.000,0,32,12,800,800,32,2020-05-11,0,12,0,0.00679298749124819,0
Essex,2020-05-12T00:00:00.000,0,32,77,877,877,32,2020-05-12,0,77,0,0.00598049741995085,0
Essex,2020-05-13T00:00:00.000,0,32,60,937,937,32,2020-05-13,0,60,0,0.00528376624629657,0
Essex,2020-05-14T00:00:00.000,0,32,34,971,971,32,2020-05-14,0,34,0,0.00468732700480365,0
Essex,2020-05-15T00:00:00.000,0,32,173,1144,1144,32,2020-05-15,0,173,0,0.00417746973682497,0
Essex,2020-05-16T00:00:00.000,1,33,146,1290,1290,33,2020-05-16,1,146,0.00684931506849315,0.00374216114253913,1.03171178415258
Essex,2020-05-17T00:00:00.000,0,33,161,1451,1451,33,2020-05-17,0,161,0,0.00337092826418925,0
Essex,2020-05-18T00:00:00.000,1,34,16,1467,1467,34,2020-05-18,1,16,0.0625,0.00305472191065399,1.03159137369927
Essex,2020-05-19T00:00:00.000,0,34,43,1510,1510,34,2020-05-19,0,43,0,0.00278577170946467,0
Essex,2020-05-20T00:00:00.000,2,36,162,1672,1672,36,2020-05-20,2,162,0.0123456790123457,0.00255744134587443,2.0772966313884
Essex,2020-05-21T00:00:00.000,0,36,115,1787,1787,36,2020-05-21,0,115,0,0.00236408978996366,0
Essex,2020-05-22T00:00:00.000,0,36,89,1876,1876,36,2020-05-22,0,89,0,0.00220094212961287,0
Essex,2020-05-23T00:00:00.000,0,36,182,2058,2058,36,2020-05-23,0,182,0,0.00206397196700698,0
Essex,2020-05-24T00:00:00.000,0,36,88,2146,2146,36,2020-05-24,0,88,0,0.00194979612403812,0
Essex,2020-05-25T00:00:00.000,0,36,68,2214,2214,36,2020-05-25,0,68,0,0.00185558155906353,0
Essex,2020-05-26T00:00:00.000,0,36,71,2285,2285,36,2020-05-26,0,71,0,0.00177896383948429,0
Essex,2020-05-27T00:00:00.000,0,36,85,2370,2370,36,2020-05-27,0,85,0,0.00171797617677553,0
Essex,2020-05-28T00:00:00.000,0,36,151,2521,2521,36,2020-05-28,0,151,0,0.00167098784923188,0
Essex,2020-05-29T00:00:00.000,0,36,95,2616,2616,36,2020-05-29,0,95,0,0.00163665076941779,0
Essex,2020-05-30T00:00:00.000,1,37,258,2874,2874,37,2020-05-30,1,258,0.00387596899224806,0.00161385296125338,1.03136970605673
Essex,2020-05-31T00:00:00.000,0,37,144,3018,3018,37,2020-05-31,0,144,0,0.00160167777110513,0
Essex,2020-06-01T00:00:00.000,1,38,64,3082,3082,38,2020-06-01,1,64,0.015625,0.00159936773013358,1.02947592421928
Essex,2020-06-02T00:00:00.000,0,38,109,3191,3191,38,2020-06-02,0,109,0,0.00160629210258237,0
Essex,2020-06-03T00:00:00.000,0,38,193,3384,3384,38,2020-06-03,0,193,0,0.00162191728927597,0
Essex,2020-06-04T00:00:00.000,0,38,106,3490,3490,38,2020-06-04,0,106,0,0.00164577940565283,0
Essex,2020-06-05T00:00:00.000,0,38,96,3586,3586,38,2020-06-05,0,96,0,0.00167745851986594,0
Essex,2020-06-06T00:00:00.000,0,38,178,3764,3764,38,2020-06-06,0,178,0,0.0017165542171242,0
Essex,2020-06-07T00:00:00.000,1,39,160,3924,3924,39,2020-06-07,1,160,0.00625,0.0017626623517447,1.03598058495285
Essex,2020-06-08T00:00:00.000,1,40,25,3949,3949,40,2020-06-08,1,25,0.04,0.00181535305534741,1.03739228691335
Essex,2020-06-09T00:00:00.000,0,40,147,4096,4096,40,2020-06-09,0,147,0,0.00187415028170244,0
Essex,2020-06-10T00:00:00.000,0,40,159,4255,4255,40,2020-06-10,0,159,0,0.00193851337459948,0
Essex,2020-06-11T00:00:00.000,0,40,135,4390,4390,40,2020-06-11,0,135,0,0.00200782133106559,0
Essex,2020-06-12T00:00:00.000,0,40,75,4465,4465,40,2020-06-12,0,75,0,0.00208136057864352,0
Essex,2020-06-13T00:00:00.000,0,40,196,4661,4661,40,2020-06-13,0,196,0,0.00215831717052568,0
Essex,2020-06-14T00:00:00.000,0,40,74,4735,4735,40,2020-06-14,0,74,0,0.00223777430517548,0
Essex,2020-06-15T00:00:00.000,0,40,65,4800,4800,40,2020-06-15,0,65,0,0.00231871597835734,0
Essex,2020-06-16T00:00:00.000,0,40,47,4847,4847,40,2020-06-16,0,47,0,0.00240003736444841,0
Essex,2020-06-17T00:00:00.000,0,40,105,4952,4952,40,2020-06-17,0,105,0,0.00248056219914409,0
Essex,2020-06-18T00:00:00.000,0,40,172,5124,5124,40,2020-06-18,0,172,0,0.00255906701055594,0
Essex,2020-06-19T00:00:00.000,1,41,78,5202,5202,41,2020-06-19,1,78,0.0128205128205128,0.00263431154969218,1.09159118987651
Essex,2020-06-20T00:00:00.000,0,41,109,5311,5311,41,2020-06-20,0,109,0,0.0027050742465358,0
Essex,2020-06-21T00:00:00.000,0,41,79,5390,5390,41,2020-06-21,0,79,0,0.00277019102044727,0
Essex,2020-06-22T00:00:00.000,0,41,88,5478,5478,41,2020-06-22,0,88,0,0.00282859536238207,0
Essex,2020-06-23T00:00:00.000,0,41,108,5586,5586,41,2020-06-23,0,108,0,0.00287935733880873,0
Essex,2020-06-24T00:00:00.000,0,41,100,5686,5686,41,2020-06-24,0,100,0,0.00292171908731545,0
Essex,2020-06-25T00:00:00.000,0,41,65,5751,5751,41,2020-06-25,0,65,0,0.00295512451014622,0
Essex,2020-06-26T00:00:00.000,1,42,176,5927,5927,42,2020-06-26,1,176,0.00568181818181818,0.00297924121859835,1.0964703140841
Essex,2020-06-27T00:00:00.000,0,42,93,6020,6020,42,2020-06-27,0,93,0,0.0029939733190182,0
Essex,2020-06-28T00:00:00.000,0,42,109,6129,6129,42,2020-06-28,0,109,0,0.00299946430164591,0
Essex,2020-06-29T00:00:00.000,0,42,39,6168,6168,42,2020-06-29,0,39,0,0.00299609003167866,0
Essex,2020-06-30T00:00:00.000,0,42,120,6288,6288,42,2020-06-30,0,120,0,0.0029844425695774,0
Essex,2020-07-01T00:00:00.000,0,42,125,6413,6413,42,2020-07-01,0,125,0,0.00296530618863549,0
Essex,2020-07-02T00:00:00.000,4,46,116,6529,6529,46,2020-07-02,4,116,0.0344827586206897,0.00293962745274967,4.31035301754855
Essex,2020-07-03T00:00:00.000,1,47,58,6587,6587,47,2020-07-03,1,58,0.0172413793103448,0.00290848152529066,1.07135992315028
Essex,2020-07-04T00:00:00.000,1,48,166,6753,6753,48,2020-07-04,1,166,0.00602409638554217,0.00287303698313788,1.06767998330857
Essex,2020-07-05T00:00:00.000,1,49,169,6922,6922,49,2020-07-05,1,169,0.00591715976331361,0.00283452132189591,1.06226789743848
Essex,2020-07-06T00:00:00.000,0,49,135,7057,7057,49,2020-07-06,0,135,0,0.00279418908503708,0
Essex,2020-07-07T00:00:00.000,0,49,58,7115,7115,49,2020-07-07,0,58,0,0.00275329417929489,0
Essex,2020-07-08T00:00:00.000,2,51,135,7250,7250,51,2020-07-08,2,135,0.0148148148148148,0.00271306750219445,2.09766923933112
Essex,2020-07-09T00:00:00.000,0,51,85,7335,7335,51,2020-07-09,0,85,0,0.00267470055513362,0
Essex,2020-07-10T00:00:00.000,0,51,104,7439,7439,51,2020-07-10,0,104,0,0.00263933529377093,0
Essex,2020-07-11T00:00:00.000,0,51,104,7543,7543,51,2020-07-11,0,104,0,0.0026080601071541,0
Essex,2020-07-12T00:00:00.000,0,51,74,7617,7617,51,2020-07-12,0,74,0,0.00258191153965074,0
Essex,2020-07-13T00:00:00.000,0,51,126,7743,7743,51,2020-07-13,0,126,0,0.00256188118379578,0
Essex,2020-07-14T00:00:00.000,0,51,55,7798,7798,51,2020-07-14,0,55,0,0.00254892707082238,0
Essex,2020-07-15T00:00:00.000,0,51,80,7878,7878,51,2020-07-15,0,80,0,0.00254398886238384,0
Essex,2020-07-16T00:00:00.000,0,51,69,7947,7947,51,2020-07-16,0,69,0,0.00254800617936826,0
Essex,2020-07-17T00:00:00.000,0,51,88,8035,8035,51,2020-07-17,0,88,0,0.002561939477251,0
Essex,2020-07-18T00:00:00.000,0,51,57,8092,8092,51,2020-07-18,0,57,0,0.00258679296908594,0
Essex,2020-07-19T00:00:00.000,0,51,60,8152,8152,51,2020-07-19,0,60,0,0.00262363919040668,0
Essex,2020-07-20T00:00:00.000,0,51,131,8283,8283,51,2020-07-20,0,131,0,0.0026736448770665,0
Essex,2020-07-21T00:00:00.000,3,54,152,8435,8435,54,2020-07-21,3,152,0.0197368421052632,0.00273809787464794,3.06970359447826
Essex,2020-07-22T00:00:00.000,0,54,134,8569,8569,54,2020-07-22,0,134,0,0.00281843479972516,0
Essex,2020-07-23T00:00:00.000,0,54,101,8670,8670,54,2020-07-23,0,101,0,0.00291626912321181,0
Essex,2020-07-24T00:00:00.000,0,54,146,8816,8816,54,2020-07-24,0,146,0,0.0030334192263241,0
Essex,2020-07-25T00:00:00.000,0,54,98,8914,8914,54,2020-07-25,0,98,0,0.00317193578605872,0
Essex,2020-07-26T00:00:00.000,1,55,59,8973,8973,55,2020-07-26,1,59,0.0169491525423729,0.00333412756629172,1.04639576070914
Essex,2020-07-27T00:00:00.000,0,55,90,9063,9063,55,2020-07-27,0,90,0,0.00352258431575467,0
Essex,2020-07-28T00:00:00.000,0,55,113,9176,9176,55,2020-07-28,0,113,0,0.00374019500172439,0
Essex,2020-07-29T00:00:00.000,0,55,106,9282,9282,55,2020-07-29,0,106,0,0.00399015904027216,0
Essex,2020-07-30T00:00:00.000,0,55,38,9320,9320,55,2020-07-30,0,38,0,0.00427598753040367,0
Essex,2020-07-31T00:00:00.000,0,55,127,9447,9447,55,2020-07-31,0,127,0,0.00460149079444221,0
Essex,2020-08-01T00:00:00.000,0,55,110,9557,9557,55,2020-08-01,0,110,0,0.00497074781156309,0
Essex,2020-08-02T00:00:00.000,0,55,152,9709,9709,55,2020-08-02,0,152,0,0.00538805249066111,0
Essex,2020-08-03T00:00:00.000,0,55,141,9850,9850,55,2020-08-03,0,141,0,0.00585783126729104,0
Essex,2020-08-04T00:00:00.000,0,55,255,10105,10105,55,2020-08-04,0,255,0,0.00638452637241857,0
Essex,2020-08-05T00:00:00.000,0,55,50,10155,10155,55,2020-08-05,0,50,0,0.00697243948639548,0
Essex,2020-08-06T00:00:00.000,0,55,53,10208,10208,55,2020-08-06,0,53,0,0.0076255315594928,0
Essex,2020-08-07T00:00:00.000,0,55,159,10367,10367,55,2020-08-07,0,159,0,0.00834717654284903,0
Essex,2020-08-08T00:00:00.000,0,55,110,10477,10477,55,2020-08-08,0,110,0,0.00913986980483203,0
Essex,2020-08-09T00:00:00.000,0,55,75,10552,10552,55,2020-08-09,0,75,0,0.0100048961886839,0
Essex,2020-08-10T00:00:00.000,1,56,125,10677,10677,56,2020-08-10,1,125,0.008,0.0109419679445471,1.1741089679498
Essex,2020-08-11T00:00:00.000,0,56,96,10773,10773,56,2020-08-11,0,96,0,0.0119488489147475,0
Essex,2020-08-12T00:00:00.000,0,56,121,10894,10894,56,2020-08-12,0,121,0,0.0130209878793742,0
Essex,2020-08-13T00:00:00.000,1,57,60,10954,10954,57,2020-08-13,1,60,0.0166666666666667,0.014151190161923,1.20588836308863
Essex,2020-08-14T00:00:00.000,2,59,131,11085,11085,59,2020-08-14,2,131,0.0152671755725191,0.0153293615125187,2.43381060662384
Essex,2020-08-15T00:00:00.000,0,59,168,11253,11253,59,2020-08-15,0,168,0,0.0165423608566961,0
Essex,2020-08-16T00:00:00.000,0,59,76,11329,11329,59,2020-08-16,0,76,0,0.0177739976657454,0
Essex,2020-08-17T00:00:00.000,4,63,139,11468,11468,63,2020-08-17,4,139,0.0287769784172662,0.0190052046706545,5.007390139737
Essex,2020-08-18T00:00:00.000,0,63,60,11528,11528,63,2020-08-18,0,60,0,0.0202144069882673,0
Essex,2020-08-19T00:00:00.000,22,85,131,11659,11659,85,2020-08-19,22,131,0.16793893129771,0.0213780947154522,27.9045264547004
Essex,2020-08-20T00:00:00.000,0,85,149,11808,11808,85,2020-08-20,0,149,0,0.0224715886327989,0
Essex,2020-08-21T00:00:00.000,13,98,182,11990,11990,98,2020-08-21,13,182,0.0714285714285714,0.0234699694830039,16.6576849782036
Essex,2020-08-22T00:00:00.000,2,100,121,12111,12111,100,2020-08-22,2,121,0.0165289256198347,0.0243491225520664,2.57269579228681
Essex,2020-08-23T00:00:00.000,0,100,124,12235,12235,100,2020-08-23,0,124,0,0.0250868334176456,0
Essex,2020-08-24T00:00:00.000,1,101,99,12334,12334,101,2020-08-24,1,99,0.0101010101010101,0.0256638599722153,1.29692555236715
Essex,2020-08-25T00:00:00.000,4,105,117,12451,12451,105,2020-08-25,4,117,0.0341880341880342,0.0260649020156032,5.19797868490164
Essex,2020-08-26T00:00:00.000,14,119,246,12697,12697,119,2020-08-26,14,246,0.0569105691056911,0.0262793937205061,18.2016677187459
Essex,2020-08-27T00:00:00.000,7,126,102,12799,12799,126,2020-08-27,7,102,0.0686274509803922,0.0263020561019411,9.09239554700249
Essex,2020-08-28T00:00:00.000,0,126,191,12990,12990,126,2020-08-28,0,191,0,0.0261331651577328,0
Essex,2020-08-29T00:00:00.000,2,128,190,13180,13180,128,2020-08-29,2,190,0.0105263157894737,0.0257785146759816,2.60226471724507
Essex,2020-08-30T00:00:00.000,1,129,167,13347,13347,129,2020-08-30,1,167,0.00598802395209581,0.0252490782090921,1.30175861707571
Essex,2020-08-31T00:00:00.000,2,131,197,13544,13544,131,2020-08-31,2,197,0.0101522842639594,0.0245603996077149,2.60278319428852
Essex,2020-09-01T00:00:00.000,4,135,207,13751,13751,135,2020-09-01,4,207,0.0193236714975845,0.0237317630037268,5.2001802787629
Essex,2020-09-02T00:00:00.000,6,141,117,13868,13868,141,2020-09-02,6,117,0.0512820512820513,0.0227852089952952,7.78644049864156
Essex,2020-09-03T00:00:00.000,4,145,106,13974,13974,145,2020-09-03,4,106,0.0377358490566038,0.02174447247576,5.1780180438863
Essex,2020-09-04T00:00:00.000,2,147,179,14153,14153,147,2020-09-04,2,179,0.0111731843575419,0.0206339185095865,2.58074501148054
Essex,2020-09-05T00:00:00.000,1,148,208,14361,14361,148,2020-09-05,1,208,0.00480769230769231,0.0194775462737886,1.28538386815616
Essex,2020-09-06T00:00:00.000,1,149,106,14467,14467,149,2020-09-06,1,106,0.00943396226415094,0.0182981186734624,1.27958334637885
Essex,2020-09-07T00:00:00.000,0,149,62,14529,14529,149,2020-09-07,0,62,0,0.017116458729273,0
Essex,2020-09-08T00:00:00.000,0,149,67,14596,14596,149,2020-09-08,0,67,0,0.0159509355092856,0
Essex,2020-09-09T00:00:00.000,1,150,85,14681,14681,150,2020-09-09,1,85,0.0117647058823529,0.0148171444514288,1.25726175934561
Essex,2020-09-10T00:00:00.000,0,150,133,14814,14814,150,2020-09-10,0,133,0,0.0137277713099587,0
Essex,2020-09-11T00:00:00.000,1,151,241,15055,15055,151,2020-09-11,1,241,0.004149377593361,0.0126926169359484,1.24075477146689
Essex,2020-09-12T00:00:00.000,0,151,115,15170,15170,151,2020-09-12,0,115,0,0.0117187523348281,0
Essex,2020-09-13T00:00:00.000,0,151,47,15217,15217,151,2020-09-13,0,47,0,0.0108107699064632,0
Essex,2020-09-14T00:00:00.000,2,153,110,15327,15327,153,2020-09-14,2,110,0.0181818181818182,0.00997109696028143,2.43579987546242
Essex,2020-09-15T00:00:00.000,1,154,80,15407,15407,154,2020-09-15,1,80,0.0125,0.00920034064244292,1.20954073896976
Essex,2020-09-16T00:00:00.000,0,154,87,15494,15494,154,2020-09-16,0,87,0,0.00849763834233257,0
Essex,2020-09-17T00:00:00.000,3,157,160,15654,15654,157,2020-09-17,3,160,0.01875,0.00786099349300831,3.5760212065869
Essex,2020-09-18T00:00:00.000,1,158,208,15862,15862,158,2020-09-18,1,208,0.00480769230769231,0.00728758264451552,1.18292064245146
Essex,2020-09-19T00:00:00.000,2,160,106,15968,15968,160,2020-09-19,2,106,0.0188679245283019,0.00677402517659842,2.34510180533728
Essex,2020-09-20T00:00:00.000,0,160,60,16028,16028,160,2020-09-20,0,60,0,0.00631661164860545,0
Essex,2020-09-21T00:00:00.000,1,161,167,16195,16195,161,2020-09-21,1,167,0.00598802395209581,0.00591149040765596,1.15058621329723
Essex,2020-09-22T00:00:00.000,0,161,95,16290,16290,161,2020-09-22,0,95,0,0.00555481465721029,0
Essex,2020-09-23T00:00:00.000,3,164,219,16509,16509,164,2020-09-23,3,219,0.0136986301369863,0.00524285384596321,3.38573350908178
Essex,2020-09-24T00:00:00.000,0,164,180,16689,16689,164,2020-09-24,0,180,0,0.00497207410973324,0
Essex,2020-09-25T00:00:00.000,3,167,239,16928,16928,167,2020-09-25,3,239,0.0125523012552301,0.00473919277210026,3.33174162984876
Essex,2020-09-26T00:00:00.000,0,167,195,17123,17123,167,2020-09-26,0,195,0,0.00454121175721004,0
Essex,2020-09-27T00:00:00.000,1,168,80,17203,17203,168,2020-09-27,1,80,0.0125,0.00437543433529719,1.10292086622662
Essex,2020-09-28T00:00:00.000,0,168,170,17373,17373,168,2020-09-28,0,170,0,0.00423946903572285,0
Essex,2020-09-29T00:00:00.000,1,169,233,17606,17606,169,2020-09-29,1,233,0.00429184549356223,0.00413122391507867,1.09556237797455
Essex,2020-09-30T00:00:00.000,0,169,148,17754,17754,169,2020-09-30,0,148,0,0.00404889371985352,0
Essex,2020-10-01T00:00:00.000,0,169,191,17945,17945,169,2020-10-01,0,191,0,0.00399094188208869,0
Essex,2020-10-02T00:00:00.000,1,170,225,18170,18170,170,2020-10-02,1,225,0.00444444444444444,0.00395607875190243,1.08528508102469
Essex,2020-10-03T00:00:00.000,0,170,98,18268,18268,170,2020-10-03,0,98,0,0.00394323701631298,0
Essex,2020-10-04T00:00:00.000,1,171,80,18348,18348,171,2020-10-04,1,80,0.0125,0.00395154488598093,1.07898830231644
Essex,2020-10-05T00:00:00.000,1,172,240,18588,18588,172,2020-10-05,1,240,0.00416666666666667,0.0039802973474664,1.0759993529285
Essex,2020-10-06T00:00:00.000,2,174,107,18695,18695,174,2020-10-06,2,107,0.0186915887850467,0.00402892557801572,2.14621265998273
Essex,2020-10-07T00:00:00.000,2,176,127,18822,18822,176,2020-10-07,2,127,0.015748031496063,0.00409696450146174,2.14059567280641
Essex,2020-10-08T00:00:00.000,1,177,164,18986,18986,177,2020-10-08,1,164,0.00609756097560976,0.00418401842483819,1.06755981831363
Essex,2020-10-09T00:00:00.000,1,178,174,19160,19160,178,2020-10-09,1,174,0.00574712643678161,0.0042897247347401,1.06477390517888
Essex,2020-10-10T00:00:00.000,0,178,176,19336,19336,178,2020-10-10,0,176,0,0.00441371574918965,0
Essex,2020-10-11T00:00:00.000,1,179,102,19438,19438,179,2020-10-11,1,102,0.00980392156862745,0.00455557900902913,1.0592853454893
Essex,2020-10-12T00:00:00.000,2,181,219,19657,19657,181,2020-10-12,2,219,0.0091324200913242,0.00471481654897433,2.11312545838432
Essex,2020-10-13T00:00:00.000,0,181,142,19799,19799,181,2020-10-13,0,142,0,0.00489080399443704,0
Essex,2020-10-14T00:00:00.000,1,182,142,19941,19941,182,2020-10-14,1,142,0.00704225352112676,0.00508275067290711,1.05194054104303
Essex,2020-10-15T00:00:00.000,2,184,155,20096,20096,184,2020-10-15,2,155,0.0129032258064516,0.00528966227422254,2.10150518077787
Essex,2020-10-16T00:00:00.000,6,190,185,20281,20281,190,2020-10-16,6,185,0.0324324324324324,0.00551030791270666,6.3087456909205
Essex,2020-10-17T00:00:00.000,2,192,108,20389,20389,192,2020-10-17,2,108,0.0185185185185185,0.00574319368881054,2.10520790961851
Essex,2020-10-18T00:00:00.000,2,194,137,20526,20526,194,2020-10-18,2,137,0.0145985401459854,0.00598654497656278,2.10773206918546
Essex,2020-10-19T00:00:00.000,0,194,196,20722,20722,194,2020-10-19,0,196,0,0.0062382996313908,0
Essex,2020-10-20T00:00:00.000,0,194,142,20864,20864,194,2020-10-20,0,142,0,0.00649611407943205,0
Essex,2020-10-21T00:00:00.000,1,195,359,21223,21223,195,2020-10-21,1,359,0.00278551532033426,0.00675738380014092,1.06209245337792
Essex,2020-10-22T00:00:00.000,0,195,231,21454,21454,195,2020-10-22,0,231,0,0.00701927903923313,0
Essex,2020-10-23T00:00:00.000,1,196,341,21795,21795,196,2020-10-23,1,341,0.00293255131964809,0.00727879571954261,1.06777088580433
Essex,2020-10-24T00:00:00.000,1,197,180,21975,21975,197,2020-10-24,1,180,0.00555555555555556,0.00753282050569218,1.06968423465996
Essex,2020-10-25T00:00:00.000,0,197,172,22147,22147,197,2020-10-25,0,172,0,0.00777820790008463,0
Essex,2020-10-26T00:00:00.000,0,197,155,22302,22302,197,2020-10-26,0,155,0,0.0080118662133883,0
Essex,2020-10-27T00:00:00.000,1,198,134,22436,22436,198,2020-10-27,1,134,0.00746268656716418,0.00823084835298104,1.07136109018048
Essex,2020-10-28T00:00:00.000,1,199,227,22663,22663,199,2020-10-28,1,227,0.00440528634361234,0.00843244273900526,1.07051050588858
Essex,2020-10-29T00:00:00.000,0,199,230,22893,22893,199,2020-10-29,0,230,0,0.00861425934420561,0
Essex,2020-10-30T00:00:00.000,4,203,272,23165,23165,203,2020-10-30,4,272,0.0147058823529412,0.00877430594628096,4.26671798285809
Essex,2020-10-31T00:00:00.000,0,203,183,23348,23348,203,2020-10-31,0,183,0,0.0089110501604541,0
Essex,2020-11-01T00:00:00.000,1,204,97,23445,23445,204,2020-11-01,1,97,0.0103092783505155,0.00902346368168134,1.06009563473203
Essex,2020-11-02T00:00:00.000,3,207,245,23690,23690,207,2020-11-02,3,245,0.0122448979591837,0.00911104630357695,3.1674934992993
Essex,2020-11-03T00:00:00.000,3,210,148,23838,23838,210,2020-11-03,3,148,0.0202702702702703,0.00917382861187254,3.15288972585666
Essex,2020-11-04T00:00:00.000,2,212,218,24056,24056,212,2020-11-04,2,218,0.00917431192660551,0.00921235362470165,2.0910649846395
Essex,2020-11-05T00:00:00.000,1,213,252,24308,24308,213,2020-11-05,1,252,0.00396825396825397,0.00922763894847686,1.03958415085939
Essex,2020-11-06T00:00:00.000,3,216,316,24624,24624,216,2020-11-06,3,316,0.00949367088607595,0.00922112212017122,3.09950149739626
Essex,2020-11-07T00:00:00.000,0,216,143,24767,24767,216,2020-11-07,0,143,0,0.0091945926131219,0
Essex,2020-11-08T00:00:00.000,0,216,221,24988,24988,216,2020-11-08,0,221,0,0.00915011446154712,0
Essex,2020-11-09T00:00:00.000,2,218,178,25166,25166,218,2020-11-09,2,178,0.0112359550561798,0.00908994357118452,2.02360693265318
Essex,2020-11-10T00:00:00.000,6,224,308,25474,25474,224,2020-11-10,6,308,0.0194805194805195,0.00901644358000229,6.0371290478421
Essex,2020-11-11T00:00:00.000,0,224,115,25589,25589,224,2020-11-11,0,115,0,0.00893200364462319,0
Essex,2020-11-12T00:00:00.000,0,224,294,25883,25883,224,2020-11-12,0,294,0,0.00883896085415816,0
Essex,2020-11-13T00:00:00.000,5,229,194,26077,26077,229,2020-11-13,5,194,0.0257731958762887,0.00873952918112566,4.99147283315931
Essex,2020-11-14T00:00:00.000,1,230,98,26175,26175,230,2020-11-14,1,98,0.0102040816326531,0.00863573606030161,0.996656824320369
Essex,2020-11-15T00:00:00.000,1,231,154,26329,26329,231,2020-11-15,1,154,0.00649350649350649,0.00852936692475237,0.994974247890943
Essex,2020-11-16T00:00:00.000,3,234,267,26596,26596,234,2020-11-16,3,267,0.0112359550561798,0.00842191737153723,2.97976559996921
Essex,2020-11-17T00:00:00.000,2,236,242,26838,26838,236,2020-11-17,2,242,0.00826446280991736,0.00831455213818496,1.98301342406066
Essex,2020-11-18T00:00:00.000,3,239,264,27102,27102,239,2020-11-18,3,264,0.0113636363636364,0.00820806977290031,2.96920208169822
Franklin,2020-03-01T00:00:00.000,0,0,0,0,0,0,2020-03-01,0,0,0,0.0675722527784277,0
Franklin,2020-03-02T00:00:00.000,0,0,0,0,0,0,2020-03-02,0,0,0,0.0677093022403316,0
Franklin,2020-03-03T00:00:00.000,0,0,0,0,0,0,2020-03-03,0,0,0,0.0678459796919692,0
Franklin,2020-03-04T00:00:00.000,0,0,0,0,0,0,2020-03-04,0,0,0,0.06798122049472,0
Franklin,2020-03-05T00:00:00.000,0,0,0,0,0,0,2020-03-05,0,0,0,0.0681134521158015,0
Franklin,2020-03-06T00:00:00.000,0,0,0,0,0,0,2020-03-06,0,0,0,0.068240611372941,0
Franklin,2020-03-07T00:00:00.000,0,0,0,0,0,0,2020-03-07,0,0,0,0.0683601620005628,0
Franklin,2020-03-08T00:00:00.000,0,0,0,0,0,0,2020-03-08,0,0,0,0.0684691131291321,0
Franklin,2020-03-09T00:00:00.000,0,0,0,0,0,0,2020-03-09,0,0,0,0.0685640393717944,0
Franklin,2020-03-10T00:00:00.000,0,0,0,0,0,0,2020-03-10,0,0,0,0.0686411032787639,0
Franklin,2020-03-11T00:00:00.000,0,0,0,0,0,0,2020-03-11,0,0,0,0.0686960809787603,0
Franklin,2020-03-12T00:00:00.000,0,0,1,1,1,0,2020-03-12,0,1,0,0.068724391848783,0
Franklin,2020-03-13T00:00:00.000,0,0,0,1,1,0,2020-03-13,0,0,0,0.068721133052465,0
Franklin,2020-03-14T00:00:00.000,0,0,1,2,2,0,2020-03-14,0,1,0,0.0686811197576664,0
Franklin,2020-03-15T00:00:00.000,0,0,0,2,2,0,2020-03-15,0,0,0,0.0685989317710861,0
Franklin,2020-03-16T00:00:00.000,0,0,3,5,5,0,2020-03-16,0,3,0,0.0684689672322782,0
Franklin,2020-03-17T00:00:00.000,0,0,1,6,6,0,2020-03-17,0,1,0,0.068285503854209,0
Franklin,2020-03-18T00:00:00.000,0,0,5,11,11,0,2020-03-18,0,5,0,0.0680427680207816,0
Franklin,2020-03-19T00:00:00.000,0,0,6,17,17,0,2020-03-19,0,6,0,0.0677350118099617,0
Franklin,2020-03-20T00:00:00.000,0,0,5,22,22,0,2020-03-20,0,5,0,0.0673565977459597,0
Franklin,2020-03-21T00:00:00.000,0,0,10,32,32,0,2020-03-21,0,10,0,0.066902090761119,0
Franklin,2020-03-22T00:00:00.000,0,0,8,40,40,0,2020-03-22,0,8,0,0.0663663565018596,0
Franklin,2020-03-23T00:00:00.000,0,0,3,43,43,0,2020-03-23,0,3,0,0.0657446647296125,0
Franklin,2020-03-24T00:00:00.000,1,1,4,47,47,1,2020-03-24,1,4,0.25,0.065032796173575,1.11200216482756
Franklin,2020-03-25T00:00:00.000,0,1,5,52,52,1,2020-03-25,0,5,0,0.0642271507899352,0
Franklin,2020-03-26T00:00:00.000,1,2,11,63,63,2,2020-03-26,1,11,0.0909090909090909,0.0633248549950657,1.09139567690645
Franklin,2020-03-27T00:00:00.000,2,4,10,73,73,4,2020-03-27,2,10,0.2,0.0623238650879692,2.17927379984432
Franklin,2020-03-28T00:00:00.000,2,6,9,82,82,6,2020-03-28,2,9,0.222222222222222,0.0612230637824524,2.16589049008951
Franklin,2020-03-29T00:00:00.000,0,6,14,96,96,6,2020-03-29,0,14,0,0.0600223465501184,0
Franklin,2020-03-30T00:00:00.000,3,9,10,106,106,9,2020-03-30,3,10,0.3,0.0587226943711077,3.20126508264885
Franklin,2020-03-31T00:00:00.000,0,9,9,115,115,9,2020-03-31,0,9,0,0.0573262295058293,0
Franklin,2020-04-01T00:00:00.000,0,9,8,123,123,9,2020-04-01,0,8,0,0.0558362510731313,0
Franklin,2020-04-02T00:00:00.000,1,10,19,142,142,10,2020-04-02,1,19,0.0526315789473684,0.0542572475556297,1.05977882826635
Franklin,2020-04-03T00:00:00.000,0,10,4,146,146,10,2020-04-03,0,4,0,0.0525948838651865,0
Franklin,2020-04-04T00:00:00.000,0,10,6,152,152,10,2020-04-04,0,6,0,0.0508559612820137,0
Franklin,2020-04-05T00:00:00.000,0,10,5,157,157,10,2020-04-05,0,5,0,0.0490483494259005,0
Franklin,2020-04-06T00:00:00.000,0,10,5,162,162,10,2020-04-06,0,5,0,0.0471808903962028,0
Franklin,2020-04-07T00:00:00.000,0,10,7,169,169,10,2020-04-07,0,7,0,0.0452632762882304,0
Franklin,2020-04-08T00:00:00.000,1,11,5,174,174,11,2020-04-08,1,5,0.2,0.0433059024143315,1.04132883054333
Franklin,2020-04-09T00:00:00.000,0,11,6,180,180,11,2020-04-09,0,6,0,0.0413196996604773,0
Franklin,2020-04-10T00:00:00.000,0,11,5,185,185,11,2020-04-10,0,5,0,0.0393159504250092,0
Franklin,2020-04-11T00:00:00.000,1,12,8,193,193,12,2020-04-11,1,8,0.125,0.0373060934588435,1.03322535799137
Franklin,2020-04-12T00:00:00.000,0,12,6,199,199,12,2020-04-12,0,6,0,0.0353015235691477,0
Franklin,2020-04-13T00:00:00.000,1,13,13,212,212,13,2020-04-13,1,13,0.0769230769230769,0.0333133925332436,1.02539610233857
Franklin,2020-04-14T00:00:00.000,0,13,4,216,216,13,2020-04-14,0,4,0,0.0313524176327515,0
Franklin,2020-04-15T00:00:00.000,0,13,11,227,227,13,2020-04-15,0,11,0,0.0294287039644965,0
Franklin,2020-04-16T00:00:00.000,0,13,3,230,230,13,2020-04-16,0,3,0,0.0275515861023973,0
Franklin,2020-04-17T00:00:00.000,0,13,9,239,239,13,2020-04-17,0,9,0,0.0257294938199778,0
Franklin,2020-04-18T00:00:00.000,0,13,9,248,248,13,2020-04-18,0,9,0,0.0239698454798317,0
Franklin,2020-04-19T00:00:00.000,0,13,5,253,253,13,2020-04-19,0,5,0,0.0222789714292511,0
Franklin,2020-04-20T00:00:00.000,0,13,3,256,256,13,2020-04-20,0,3,0,0.0206620683976394,0
Franklin,2020-04-21T00:00:00.000,0,13,2,258,258,13,2020-04-21,0,2,0,0.019123184550764,0
Franklin,2020-04-22T00:00:00.000,0,13,8,266,266,13,2020-04-22,0,8,0,0.0176652336116748,0
Franklin,2020-04-23T00:00:00.000,0,13,9,275,275,13,2020-04-23,0,9,0,0.0162900353756436,0
Franklin,2020-04-24T00:00:00.000,1,14,35,310,310,14,2020-04-24,1,35,0.0285714285714286,0.0149983790821115,1.00528237745588
Franklin,2020-04-25T00:00:00.000,0,14,3,313,313,14,2020-04-25,0,3,0,0.013790105500255,0
Franklin,2020-04-26T00:00:00.000,0,14,17,330,330,14,2020-04-26,0,17,0,0.0126642032425832,0
Franklin,2020-04-27T00:00:00.000,0,14,13,343,343,14,2020-04-27,0,13,0,0.0116189147423828,0
Franklin,2020-04-28T00:00:00.000,1,15,17,360,360,15,2020-04-28,1,17,0.0588235294117647,0.0106518474837669,0.998531759102927
Franklin,2020-04-29T00:00:00.000,0,15,14,374,374,15,2020-04-29,0,14,0,0.00976008642425909,0
Franklin,2020-04-30T00:00:00.000,0,15,16,390,390,15,2020-04-30,0,16,0,0.00894030404805373,0
Franklin,2020-05-01T00:00:00.000,0,15,9,399,399,15,2020-05-01,0,9,0,0.00818886508382522,0
Franklin,2020-05-02T00:00:00.000,0,15,9,408,408,15,2020-05-02,0,9,0,0.00750192356639404,0
Franklin,2020-05-03T00:00:00.000,1,16,15,423,423,16,2020-05-03,1,15,0.0666666666666667,0.0068755105697302,0.989256950818743
Franklin,2020-05-04T00:00:00.000,0,16,11,434,434,16,2020-05-04,0,11,0,0.00630561155508638,0
Franklin,2020-05-05T00:00:00.000,0,16,15,449,449,16,2020-05-05,0,15,0,0.00578823283419362,0
Franklin,2020-05-06T00:00:00.000,0,16,18,467,467,16,2020-05-06,0,18,0,0.00531945712350809,0
Franklin,2020-05-07T00:00:00.000,1,17,82,549,549,17,2020-05-07,1,82,0.0121951219512195,0.00489548855418149,0.991397473432682
Franklin,2020-05-08T00:00:00.000,0,17,24,573,573,17,2020-05-08,0,24,0,0.00451268779889519,0
Franklin,2020-05-09T00:00:00.000,0,17,50,623,623,17,2020-05-09,0,50,0,0.00416759818624273,0
Franklin,2020-05-10T00:00:00.000,0,17,53,676,676,17,2020-05-10,0,53,0,0.00385696380373851,0
Franklin,2020-05-11T00:00:00.000,0,17,91,767,767,17,2020-05-11,0,91,0,0.00357774065251703,0
Franklin,2020-05-12T00:00:00.000,0,17,52,819,819,17,2020-05-12,0,52,0,0.00332710192271909,0
Franklin,2020-05-13T00:00:00.000,0,17,56,875,875,17,2020-05-13,0,56,0,0.00310243842125811,0
Franklin,2020-05-14T00:00:00.000,0,17,48,923,923,17,2020-05-14,0,48,0,0.00290135511469641,0
Franklin,2020-05-15T00:00:00.000,1,18,196,1119,1119,18,2020-05-15,1,196,0.00510204081632653,0.00272166465991431,0.989516184460732
Franklin,2020-05-16T00:00:00.000,0,18,126,1245,1245,18,2020-05-16,0,126,0,0.00256137869370969,0
Franklin,2020-05-17T00:00:00.000,0,18,285,1530,1530,18,2020-05-17,0,285,0,0.00241869754594384,0
Franklin,2020-05-18T00:00:00.000,0,18,9,1539,1539,18,2020-05-18,0,9,0,0.00229199893598266,0
Franklin,2020-05-19T00:00:00.000,0,18,55,1594,1594,18,2020-05-19,0,55,0,0.00217982611193995,0
Franklin,2020-05-20T00:00:00.000,1,19,245,1839,1839,19,2020-05-20,1,245,0.00408163265306122,0.00208087580062426,1.01744881177814
Franklin,2020-05-21T00:00:00.000,0,19,194,2033,2033,19,2020-05-21,0,194,0,0.0019939862535088,0
Franklin,2020-05-22T00:00:00.000,1,20,83,2116,2116,20,2020-05-22,1,83,0.0120481927710843,0.00191812560206322,1.03102823672703
Franklin,2020-05-23T00:00:00.000,0,20,178,2294,2294,20,2020-05-23,0,178,0,0.0018523806741074,0
Franklin,2020-05-24T00:00:00.000,0,20,138,2432,2432,20,2020-05-24,0,138,0,0.0017959463708673,0
Franklin,2020-05-25T00:00:00.000,0,20,219,2651,2651,20,2020-05-25,0,219,0,0.00174811566191333,0
Franklin,2020-05-26T00:00:00.000,0,20,84,2735,2735,20,2020-05-26,0,84,0,0.0017082702204705,0
Franklin,2020-05-27T00:00:00.000,0,20,157,2892,2892,20,2020-05-27,0,157,0,0.00167587169454297,0
Franklin,2020-05-28T00:00:00.000,1,21,118,3010,3010,21,2020-05-28,1,118,0.00847457627118644,0.00165045358818752,1.03513182715707
Franklin,2020-05-29T00:00:00.000,1,22,129,3139,3139,22,2020-05-29,1,129,0.00775193798449612,0.00163161371168001,1.03367179562007
Franklin,2020-05-30T00:00:00.000,0,22,151,3290,3290,22,2020-05-30,0,151,0,0.00161900714820413,0
Franklin,2020-05-31T00:00:00.000,1,23,167,3457,3457,23,2020-05-31,1,167,0.00598802395209581,0.00161233967746599,1.0295848957675
Franklin,2020-06-01T00:00:00.000,0,23,42,3499,3499,23,2020-06-01,0,42,0,0.0016113615925849,0
Franklin,2020-06-02T00:00:00.000,0,23,222,3721,3721,23,2020-06-02,0,222,0,0.00161586184557034,0
Franklin,2020-06-03T00:00:00.000,0,23,262,3983,3983,23,2020-06-03,0,262,0,0.00162566245805777,0
Franklin,2020-06-04T00:00:00.000,0,23,120,4103,4103,23,2020-06-04,0,120,0,0.00164061313760833,0
Franklin,2020-06-05T00:00:00.000,0,23,207,4310,4310,23,2020-06-05,0,207,0,0.00166058604581506,0
Franklin,2020-06-06T00:00:00.000,0,23,198,4508,4508,23,2020-06-06,0,198,0,0.00168547067229241,0
Franklin,2020-06-07T00:00:00.000,0,23,272,4780,4780,23,2020-06-07,0,272,0,0.00171516877845615,0
Franklin,2020-06-08T00:00:00.000,0,23,53,4833,4833,23,2020-06-08,0,53,0,0.0017495893867489,0
Franklin,2020-06-09T00:00:00.000,0,23,127,4960,4960,23,2020-06-09,0,127,0,0.00178864380446856,0
Franklin,2020-06-10T00:00:00.000,0,23,156,5116,5116,23,2020-06-10,0,156,0,0.00183224068627866,0
Franklin,2020-06-11T00:00:00.000,1,24,205,5321,5321,24,2020-06-11,1,205,0.0048780487804878,0.00188028115571919,1.04581832558203
Franklin,2020-06-12T00:00:00.000,1,25,142,5463,5463,25,2020-06-12,1,142,0.00704225352112676,0.00193265402303209,1.0511477956394
Franklin,2020-06-13T00:00:00.000,0,25,162,5625,5625,25,2020-06-13,0,162,0,0.00198923115374047,0
Franklin,2020-06-14T00:00:00.000,0,25,160,5785,5785,25,2020-06-14,0,160,0,0.0020498630590676,0
Franklin,2020-06-15T00:00:00.000,0,25,67,5852,5852,25,2020-06-15,0,67,0,0.00211437479446085,0
Franklin,2020-06-16T00:00:00.000,0,25,54,5906,5906,25,2020-06-16,0,54,0,0.0021825622653574,0
Franklin,2020-06-17T00:00:00.000,1,26,136,6042,6042,26,2020-06-17,1,136,0.00735294117647059,0.00225418904876261,1.07443032238251
Franklin,2020-06-18T00:00:00.000,1,27,163,6205,6205,27,2020-06-18,1,163,0.00613496932515337,0.00232898384421744,1.07824641880765
Franklin,2020-06-19T00:00:00.000,0,27,251,6456,6456,27,2020-06-19,0,251,0,0.00240663866748253,0
Franklin,2020-06-20T00:00:00.000,0,27,147,6603,6603,27,2020-06-20,0,147,0,0.00248680789381262,0
Franklin,2020-06-21T00:00:00.000,0,27,200,6803,6803,27,2020-06-21,0,200,0,0.00256910824474348,0
Franklin,2020-06-22T00:00:00.000,1,28,39,6842,6842,28,2020-06-22,1,39,0.0256410256410256,0.00265311979259587,1.09043268236585
Franklin,2020-06-23T00:00:00.000,0,28,55,6897,6897,28,2020-06-23,0,55,0,0.00273838803076525,0
Franklin,2020-06-24T00:00:00.000,0,28,90,6987,6987,28,2020-06-24,0,90,0,0.00282442702587683,0
Franklin,2020-06-25T00:00:00.000,0,28,112,7099,7099,28,2020-06-25,0,112,0,0.00291072363173146,0
Franklin,2020-06-26T00:00:00.000,1,29,214,7313,7313,29,2020-06-26,1,214,0.00467289719626168,0.00299674270534068,1.0971127367183
Franklin,2020-06-27T00:00:00.000,0,29,136,7449,7449,29,2020-06-27,0,136,0,0.00308193322545386,0
Franklin,2020-06-28T00:00:00.000,1,30,128,7577,7577,30,2020-06-28,1,128,0.0078125,0.00316573517491652,1.09821395354337
Franklin,2020-06-29T00:00:00.000,0,30,28,7605,7605,30,2020-06-29,0,28,0,0.00324758701293027,0
Franklin,2020-06-30T00:00:00.000,1,31,143,7748,7748,31,2020-06-30,1,143,0.00699300699300699,0.0033269335339473,1.09777684398891
Franklin,2020-07-01T00:00:00.000,1,32,89,7837,7837,32,2020-07-01,1,89,0.0112359550561798,0.00340323388819681,1.09697986143291
Franklin,2020-07-02T00:00:00.000,1,33,78,7915,7915,33,2020-07-02,1,78,0.0128205128205128,0.00347596952660452,1.09579979677599
Franklin,2020-07-03T00:00:00.000,0,33,50,7965,7965,33,2020-07-03,0,50,0,0.00354465183109237,0
Franklin,2020-07-04T00:00:00.000,0,33,156,8121,8121,33,2020-07-04,0,156,0,0.00360882919983743,0
Franklin,2020-07-05T00:00:00.000,0,33,126,8247,8247,33,2020-07-05,0,126,0,0.00366809337652162,0
Franklin,2020-07-06T00:00:00.000,0,33,138,8385,8385,33,2020-07-06,0,138,0,0.00372208484106207,0
Franklin,2020-07-07T00:00:00.000,0,33,177,8562,8562,33,2020-07-07,0,177,0,0.00377049711577697,0
Franklin,2020-07-08T00:00:00.000,1,34,196,8758,8758,34,2020-07-08,1,196,0.00510204081632653,0.00381307988322917,1.0851469259074
Franklin,2020-07-09T00:00:00.000,1,35,187,8945,8945,35,2020-07-09,1,187,0.0053475935828877,0.00384964085745987,1.08331722979101
Franklin,2020-07-10T00:00:00.000,0,35,91,9036,9036,35,2020-07-10,0,91,0,0.00388004639707178,0
Franklin,2020-07-11T00:00:00.000,1,36,180,9216,9216,36,2020-07-11,1,180,0.00555555555555556,0.00390422089362449,1.0786880387022
Franklin,2020-07-12T00:00:00.000,0,36,143,9359,9359,36,2020-07-12,0,143,0,0.00392214501014774,0
Franklin,2020-07-13T00:00:00.000,0,36,91,9450,9450,36,2020-07-13,0,91,0,0.00393385288067859,0
Franklin,2020-07-14T00:00:00.000,1,37,99,9549,9549,37,2020-07-14,1,99,0.0101010101010101,0.00393942841032933,1.06964926820976
Franklin,2020-07-15T00:00:00.000,1,38,94,9643,9643,38,2020-07-15,1,94,0.0106382978723404,0.00393900083689627,1.06617090426632
Franklin,2020-07-16T00:00:00.000,1,39,109,9752,9752,39,2020-07-16,1,109,0.00917431192660551,0.00393273972766683,1.06249973293643
Franklin,2020-07-17T00:00:00.000,1,40,183,9935,9935,40,2020-07-17,1,183,0.00546448087431694,0.00392084959022282,1.06013071836861
Franklin,2020-07-18T00:00:00.000,0,40,184,10119,10119,40,2020-07-18,0,184,0,0.00390356427339005,0
Franklin,2020-07-19T00:00:00.000,0,40,97,10216,10216,40,2020-07-19,0,97,0,0.00388114132542804,0
Franklin,2020-07-20T00:00:00.000,2,42,199,10415,10415,42,2020-07-20,2,199,0.0100502512562814,0.00385385646192457,2.11892229074028
Franklin,2020-07-21T00:00:00.000,0,42,150,10565,10565,42,2020-07-21,0,150,0,0.00382199827741987,0
Franklin,2020-07-22T00:00:00.000,0,42,248,10813,10813,42,2020-07-22,0,248,0,0.00378586331288725,0
Franklin,2020-07-23T00:00:00.000,0,42,107,10920,10920,42,2020-07-23,0,107,0,0.00374575156861748,0
Franklin,2020-07-24T00:00:00.000,0,42,321,11241,11241,42,2020-07-24,0,321,0,0.00370196252820122,0
Franklin,2020-07-25T00:00:00.000,2,44,178,11419,11419,44,2020-07-25,2,178,0.0112359550561798,0.0036547917366905,2.10979529146708
Franklin,2020-07-26T00:00:00.000,0,44,185,11604,11604,44,2020-07-26,0,185,0,0.0036045279545262,0
Franklin,2020-07-27T00:00:00.000,3,47,146,11750,11750,47,2020-07-27,3,146,0.0205479452054795,0.00355145088929956,3.16050465031389
Franklin,2020-07-28T00:00:00.000,1,48,90,11840,11840,48,2020-07-28,1,90,0.0111111111111111,0.00349582949042666,1.05163568565487
Franklin,2020-07-29T00:00:00.000,0,48,78,11918,11918,48,2020-07-29,0,78,0,0.00343792077749202,0
Franklin,2020-07-30T00:00:00.000,2,50,87,12005,12005,50,2020-07-30,2,87,0.0229885057471264,0.00337796916105055,2.09096603113633
Franklin,2020-07-31T00:00:00.000,0,50,288,12293,12293,50,2020-07-31,0,288,0,0.00331620620602258,0
Franklin,2020-08-01T00:00:00.000,0,50,135,12428,12428,50,2020-08-01,0,135,0,0.00325285078092875,0
Franklin,2020-08-02T00:00:00.000,0,50,88,12516,12516,50,2020-08-02,0,88,0,0.00318810953226802,0
Franklin,2020-08-03T00:00:00.000,0,50,164,12680,12680,50,2020-08-03,0,164,0,0.00312217762123169,0
Franklin,2020-08-04T00:00:00.000,2,52,134,12814,12814,52,2020-08-04,2,134,0.0149253731343284,0.00305523965964707,2.05793692531079
Franklin,2020-08-05T00:00:00.000,0,52,91,12905,12905,52,2020-08-05,0,91,0,0.00298747078348314,0
Franklin,2020-08-06T00:00:00.000,2,54,125,13030,13030,54,2020-08-06,2,125,0.016,0.00291903780520684,2.04486639295761
Franklin,2020-08-07T00:00:00.000,0,54,74,13104,13104,54,2020-08-07,0,74,0,0.00285010039003787,0
Franklin,2020-08-08T00:00:00.000,0,54,227,13331,13331,54,2020-08-08,0,227,0,0.00278081220633161,0
Franklin,2020-08-09T00:00:00.000,0,54,85,13416,13416,54,2020-08-09,0,85,0,0.00271132200621065,0
Franklin,2020-08-10T00:00:00.000,0,54,160,13576,13576,54,2020-08-10,0,160,0,0.00264177459889577,0
Franklin,2020-08-11T00:00:00.000,0,54,133,13709,13709,54,2020-08-11,0,133,0,0.00257231168646347,0
Franklin,2020-08-12T00:00:00.000,0,54,364,14073,14073,54,2020-08-12,0,364,0,0.0025030725390575,0
Franklin,2020-08-13T00:00:00.000,0,54,73,14146,14146,54,2020-08-13,0,73,0,0.00243419449416096,0
Franklin,2020-08-14T00:00:00.000,0,54,370,14516,14516,54,2020-08-14,0,370,0,0.0023658132722392,0
Franklin,2020-08-15T00:00:00.000,0,54,155,14671,14671,54,2020-08-15,0,155,0,0.00229806310855272,0
Franklin,2020-08-16T00:00:00.000,0,54,84,14755,14755,54,2020-08-16,0,84,0,0.00223107670786741,0
Franklin,2020-08-17T00:00:00.000,1,55,151,14906,14906,55,2020-08-17,1,151,0.00662251655629139,0.00216498503561124,1.00741792331892
Franklin,2020-08-18T00:00:00.000,1,56,127,15033,15033,56,2020-08-18,1,127,0.0078740157480315,0.00209991696463294,1.00506749018267
Franklin,2020-08-19T00:00:00.000,0,56,136,15169,15169,56,2020-08-19,0,136,0,0.00203599880167262,0
Franklin,2020-08-20T00:00:00.000,0,56,122,15291,15291,56,2020-08-20,0,122,0,0.00197335372161653,0
Franklin,2020-08-21T00:00:00.000,0,56,176,15467,15467,56,2020-08-21,0,176,0,0.00191210114016836,0
Franklin,2020-08-22T00:00:00.000,0,56,270,15737,15737,56,2020-08-22,0,270,0,0.00185235605701385,0
Franklin,2020-08-23T00:00:00.000,0,56,99,15836,15836,56,2020-08-23,0,99,0,0.0017942284019658,0
Franklin,2020-08-24T00:00:00.000,0,56,177,16013,16013,56,2020-08-24,0,177,0,0.00173782241530326,0
Franklin,2020-08-25T00:00:00.000,1,57,114,16127,16127,57,2020-08-25,1,114,0.0087719298245614,0.0016832360916817,0.988060179288378
Franklin,2020-08-26T00:00:00.000,1,58,282,16409,16409,58,2020-08-26,1,282,0.00354609929078014,0.0016305607137566,0.984589748076906
Franklin,2020-08-27T00:00:00.000,0,58,51,16460,16460,58,2020-08-27,0,51,0,0.00157988049792504,0
Franklin,2020-08-28T00:00:00.000,0,58,686,17146,17146,58,2020-08-28,0,686,0,0.00153127237008392,0
Franklin,2020-08-29T00:00:00.000,0,58,171,17317,17317,58,2020-08-29,0,171,0,0.00148480588469038,0
Franklin,2020-08-30T00:00:00.000,0,58,70,17387,17387,58,2020-08-30,0,70,0,0.00144054329540232,0
Franklin,2020-08-31T00:00:00.000,0,58,163,17550,17550,58,2020-08-31,0,163,0,0.00139853978101385,0
Franklin,2020-09-01T00:00:00.000,0,58,183,17733,17733,58,2020-09-01,0,183,0,0.00135884382592474,0
Franklin,2020-09-02T00:00:00.000,1,59,138,17871,17871,59,2020-09-02,1,138,0.0072463768115942,0.00132149775057358,0.976178099385613
Franklin,2020-09-03T00:00:00.000,0,59,145,18016,18016,59,2020-09-03,0,145,0,0.00128653838398101,0
Franklin,2020-09-04T00:00:00.000,0,59,147,18163,18163,59,2020-09-04,0,147,0,0.00125399786813811,0
Franklin,2020-09-05T00:00:00.000,0,59,151,18314,18314,59,2020-09-05,0,151,0,0.0012239045821998,0
Franklin,2020-09-06T00:00:00.000,0,59,172,18486,18486,59,2020-09-06,0,172,0,0.0011962841735772,0
Franklin,2020-09-07T00:00:00.000,0,59,166,18652,18652,59,2020-09-07,0,166,0,0.00117116068281679,0
Franklin,2020-09-08T00:00:00.000,0,59,59,18711,18711,59,2020-09-08,0,59,0,0.00114855774973202,0
Franklin,2020-09-09T00:00:00.000,0,59,54,18765,18765,59,2020-09-09,0,54,0,0.00112849988928002,0
Franklin,2020-09-10T00:00:00.000,1,60,113,18878,18878,60,2020-09-10,1,113,0.00884955752212389,0.00111101382737754,0.970914443047665
Franklin,2020-09-11T00:00:00.000,1,61,319,19197,19197,61,2020-09-11,1,319,0.00313479623824451,0.00109612988872297,0.971218706480911
Franklin,2020-09-12T00:00:00.000,2,63,119,19316,19316,63,2020-09-12,2,119,0.0168067226890756,0.00108388343095369,1.94446535577441
Franklin,2020-09-13T00:00:00.000,0,63,84,19400,19400,63,2020-09-13,0,84,0,0.00107431632174855,0
Franklin,2020-09-14T00:00:00.000,0,63,176,19576,19576,63,2020-09-14,0,176,0,0.00106747845787592,0
Franklin,2020-09-15T00:00:00.000,0,63,109,19685,19685,63,2020-09-15,0,109,0,0.0010634293273711,0
Franklin,2020-09-16T00:00:00.000,0,63,200,19885,19885,63,2020-09-16,0,200,0,0.00106223961813623,0
Franklin,2020-09-17T00:00:00.000,1,64,219,20104,20104,64,2020-09-17,1,219,0.0045662100456621,0.00106399287803218,0.975944136797937
Franklin,2020-09-18T00:00:00.000,0,64,228,20332,20332,64,2020-09-18,0,228,0,0.00106878723298695,0
Franklin,2020-09-19T00:00:00.000,1,65,303,20635,20635,65,2020-09-19,1,303,0.0033003300330033,0.00107673717077875,0.975569008347515
Franklin,2020-09-20T00:00:00.000,0,65,191,20826,20826,65,2020-09-20,0,191,0,0.00108797539868387,0
Franklin,2020-09-21T00:00:00.000,0,65,130,20956,20956,65,2020-09-21,0,130,0,0.00110265478347609,0
Franklin,2020-09-22T00:00:00.000,0,65,113,21069,21069,65,2020-09-22,0,113,0,0.00112095038173463,0
Franklin,2020-09-23T00:00:00.000,1,66,152,21221,21221,66,2020-09-23,1,152,0.00657894736842105,0.0011430615675916,0.969129256156908
Franklin,2020-09-24T00:00:00.000,0,66,190,21411,21411,66,2020-09-24,0,190,0,0.00116921426347294,0
Franklin,2020-09-25T00:00:00.000,0,66,268,21679,21679,66,2020-09-25,0,268,0,0.00119966327718082,0
Franklin,2020-09-26T00:00:00.000,0,66,258,21937,21937,66,2020-09-26,0,258,0,0.0012346947459211,0
Franklin,2020-09-27T00:00:00.000,0,66,141,22078,22078,66,2020-09-27,0,141,0,0.00127462868434206,0
Franklin,2020-09-28T00:00:00.000,0,66,109,22187,22187,66,2020-09-28,0,109,0,0.0013198216294997,0
Franklin,2020-09-29T00:00:00.000,0,66,120,22307,22307,66,2020-09-29,0,120,0,0.0013706693709361,0
Franklin,2020-09-30T00:00:00.000,0,66,103,22410,22410,66,2020-09-30,0,103,0,0.00142760974860275,0
Franklin,2020-10-01T00:00:00.000,0,66,198,22608,22608,66,2020-10-01,0,198,0,0.00149112549556159,0
Franklin,2020-10-02T00:00:00.000,2,68,312,22920,22920,68,2020-10-02,2,312,0.00641025641025641,0.00156174709616411,1.9779185636202
Franklin,2020-10-03T00:00:00.000,2,70,157,23077,23077,70,2020-10-03,2,157,0.0127388535031847,0.0016400556239814,1.98239695478633
Franklin,2020-10-04T00:00:00.000,0,70,82,23159,23159,70,2020-10-04,0,82,0,0.00172668551753595,0
Franklin,2020-10-05T00:00:00.000,0,70,200,23359,23359,70,2020-10-05,0,200,0,0.00182232724601955,0
Franklin,2020-10-06T00:00:00.000,0,70,82,23441,23441,70,2020-10-06,0,82,0,0.00192772981214785,0
Franklin,2020-10-07T00:00:00.000,1,71,130,23571,23571,71,2020-10-07,1,130,0.00769230769230769,0.00204370303561707,0.998389963209701
Franklin,2020-10-08T00:00:00.000,0,71,202,23773,23773,71,2020-10-08,0,202,0,0.00217111955876064,0
Franklin,2020-10-09T00:00:00.000,0,71,383,24156,24156,71,2020-10-09,0,383,0,0.00231091651654197,0
Franklin,2020-10-10T00:00:00.000,0,71,413,24569,24569,71,2020-10-10,0,413,0,0.00246409681663052,0
Franklin,2020-10-11T00:00:00.000,0,71,63,24632,24632,71,2020-10-11,0,63,0,0.00263172998240217,0
Franklin,2020-10-12T00:00:00.000,1,72,518,25150,25150,72,2020-10-12,1,518,0.00193050193050193,0.00281495252311854,1.00345040868542
Franklin,2020-10-13T00:00:00.000,0,72,637,25787,25787,72,2020-10-13,0,637,0,0.00301496781120472,0
Franklin,2020-10-14T00:00:00.000,3,75,471,26258,26258,75,2020-10-14,3,471,0.00636942675159236,0.00323304546728259,3.01622508923474
Franklin,2020-10-15T00:00:00.000,0,75,210,26468,26468,75,2020-10-15,0,210,0,0.00347052027885552,0
Franklin,2020-10-16T00:00:00.000,2,77,597,27065,27065,77,2020-10-16,2,597,0.0033500837520938,0.00372879070855733,2.02237170483081
Franklin,2020-10-17T00:00:00.000,0,77,365,27430,27430,77,2020-10-17,0,365,0,0.0040093170815933,0
Franklin,2020-10-18T00:00:00.000,0,77,120,27550,27550,77,2020-10-18,0,120,0,0.00431361957879191,0
Franklin,2020-10-19T00:00:00.000,0,77,392,27942,27942,77,2020-10-19,0,392,0,0.00464327620028824,0
Franklin,2020-10-20T00:00:00.000,1,78,112,28054,28054,78,2020-10-20,1,112,0.00892857142857143,0.00499992090306091,1.03176680936132
Franklin,2020-10-21T00:00:00.000,1,79,145,28199,28199,79,2020-10-21,1,145,0.00689655172413793,0.00538524215234328,1.03825728732942
Franklin,2020-10-22T00:00:00.000,0,79,333,28532,28532,79,2020-10-22,0,333,0,0.00580098215921077,0
Franklin,2020-10-23T00:00:00.000,0,79,283,28815,28815,79,2020-10-23,0,283,0,0.00624893710277105,0
Franklin,2020-10-24T00:00:00.000,0,79,300,29115,29115,79,2020-10-24,0,300,0,0.00673095865311539,0
Franklin,2020-10-25T00:00:00.000,1,80,92,29207,29207,80,2020-10-25,1,92,0.0108695652173913,0.00724895711781845,1.0634151846555
Franklin,2020-10-26T00:00:00.000,0,80,125,29332,29332,80,2020-10-26,0,125,0,0.00780490653018218,0
Franklin,2020-10-27T00:00:00.000,0,80,123,29455,29455,80,2020-10-27,0,123,0,0.00840085197762619,0
Franklin,2020-10-28T00:00:00.000,0,80,156,29611,29611,80,2020-10-28,0,156,0,0.00903891943684868,0
Franklin,2020-10-29T00:00:00.000,2,82,140,29751,29751,82,2020-10-29,2,140,0.0142857142857143,0.00972132833369648,2.16389980858608
Franklin,2020-10-30T00:00:00.000,4,86,203,29954,29954,86,2020-10-30,4,203,0.0197044334975369,0.0104504069856609,4.34196163055807
Franklin,2020-10-31T00:00:00.000,1,87,145,30099,30099,87,2020-10-31,1,145,0.00689655172413793,0.0112286110092532,1.08859823311314
Franklin,2020-11-01T00:00:00.000,1,88,90,30189,30189,88,2020-11-01,1,90,0.0111111111111111,0.0120585446898224,1.09128254420755
Franklin,2020-11-02T00:00:00.000,8,96,354,30543,30543,96,2020-11-02,8,354,0.0225988700564972,0.0129429852134605,8.74844940776186
Franklin,2020-11-03T00:00:00.000,0,96,54,30597,30597,96,2020-11-03,0,54,0,0.0138849095558612,0
Franklin,2020-11-04T00:00:00.000,9,105,226,30823,30823,105,2020-11-04,9,226,0.0398230088495575,0.0148875237082811,9.87245652827827
Franklin,2020-11-05T00:00:00.000,9,114,256,31079,31079,114,2020-11-05,9,256,0.03515625,0.0159542937980396,9.88281938452822
Franklin,2020-11-06T00:00:00.000,13,127,501,31580,31580,127,2020-11-06,13,501,0.0259481037924152,0.0170889785299398,14.2858860316315
Franklin,2020-11-07T00:00:00.000,9,136,395,31975,31975,136,2020-11-07,9,395,0.0227848101265823,0.0182956622304108,9.89492429128009
Franklin,2020-11-08T00:00:00.000,4,140,284,32259,32259,140,2020-11-08,4,284,0.0140845070422535,0.0195787876202151,4.39843842101602
Franklin,2020-11-09T00:00:00.000,7,147,249,32508,32508,147,2020-11-09,7,249,0.0281124497991968,0.0209431872625689,7.69914256991902
Franklin,2020-11-10T00:00:00.000,5,152,140,32648,32648,152,2020-11-10,5,140,0.0357142857142857,0.0223941124329063,5.51009481115351
Franklin,2020-11-11T00:00:00.000,9,161,316,32964,32964,161,2020-11-11,9,316,0.0284810126582278,0.0239372579196212,9.94630147783422
Franklin,2020-11-12T00:00:00.000,13,174,395,33359,33359,174,2020-11-12,13,395,0.0329113924050633,0.0255787809915163,14.4556729979444
Franklin,2020-11-13T00:00:00.000,10,184,525,33884,33884,184,2020-11-13,10,525,0.019047619047619,0.027325312443831,11.1883596254306
Franklin,2020-11-14T00:00:00.000,4,188,250,34134,34134,188,2020-11-14,4,250,0.016,0.0291839572540028,4.50287735433631
Franklin,2020-11-15T00:00:00.000,1,189,104,34238,34238,189,2020-11-15,1,104,0.00961538461538462,0.0311622819390056,1.13261702608481
Franklin,2020-11-16T00:00:00.000,6,195,239,34477,34477,195,2020-11-16,6,239,0.0251046025104603,0.0332682851975624,6.83713321427297
Franklin,2020-11-17T00:00:00.000,12,207,341,34818,34818,207,2020-11-17,12,341,0.0351906158357771,0.0355103478489822,13.7571512202329
Franklin,2020-11-18T00:00:00.000,8,215,295,35113,35113,215,2020-11-18,8,295,0.0271186440677966,0.037897157450681,9.22667128172858
Fulton,2020-03-01T00:00:00.000,0,0,0,0,0,0,2020-03-01,0,0,0,0.00946647833551116,0
Fulton,2020-03-02T00:00:00.000,0,0,0,0,0,0,2020-03-02,0,0,0,0.0100081768181311,0
Fulton,2020-03-03T00:00:00.000,0,0,0,0,0,0,2020-03-03,0,0,0,0.0105805892409434,0
Fulton,2020-03-04T00:00:00.000,0,0,0,0,0,0,2020-03-04,0,0,0,0.0111854994929862,0
Fulton,2020-03-05T00:00:00.000,0,0,0,0,0,0,2020-03-05,0,0,0,0.0118248289188249,0
Fulton,2020-03-06T00:00:00.000,0,0,0,0,0,0,2020-03-06,0,0,0,0.0125006430560893,0
Fulton,2020-03-07T00:00:00.000,0,0,0,0,0,0,2020-03-07,0,0,0,0.0132151579860686,0
Fulton,2020-03-08T00:00:00.000,0,0,0,0,0,0,2020-03-08,0,0,0,0.0139707461677812,0
Fulton,2020-03-09T00:00:00.000,0,0,1,1,1,0,2020-03-09,0,1,0,0.0147699415971494,0
Fulton,2020-03-10T00:00:00.000,0,0,1,2,2,0,2020-03-10,0,1,0,0.0156154441040848,0
Fulton,2020-03-11T00:00:00.000,0,0,2,4,4,0,2020-03-11,0,2,0,0.0165101225597697,0
Fulton,2020-03-12T00:00:00.000,0,0,1,5,5,0,2020-03-12,0,1,0,0.0174570167242613,0
Fulton,2020-03-13T00:00:00.000,0,0,1,6,6,0,2020-03-13,0,1,0,0.0184593374151124,0
Fulton,2020-03-14T00:00:00.000,0,0,4,10,10,0,2020-03-14,0,4,0,0.0195204646205804,0
Fulton,2020-03-15T00:00:00.000,0,0,1,11,11,0,2020-03-15,0,1,0,0.0206439431235364,0
Fulton,2020-03-16T00:00:00.000,0,0,1,12,12,0,2020-03-16,0,1,0,0.0218334751316208,0
Fulton,2020-03-17T00:00:00.000,0,0,0,12,12,0,2020-03-17,0,0,0.0416666666666667,0.0230929093459853,0
Fulton,2020-03-18T00:00:00.000,1,1,12,24,24,1,2020-03-18,1,12,0.0833333333333333,0.0244262258230721,1.093829128689
Fulton,2020-03-19T00:00:00.000,0,1,6,30,30,1,2020-03-19,0,6,0,0.0258375159193211,0
Fulton,2020-03-20T00:00:00.000,0,1,13,43,43,1,2020-03-20,0,13,0,0.0273309565341937,0
Fulton,2020-03-21T00:00:00.000,0,1,11,54,54,1,2020-03-21,0,11,0,0.0289107778106907,0
Fulton,2020-03-22T00:00:00.000,0,1,11,65,65,1,2020-03-22,0,11,0,0.0305812233987712,0
Fulton,2020-03-23T00:00:00.000,0,1,11,76,76,1,2020-03-23,0,11,0,0.0323465023576412,0
Fulton,2020-03-24T00:00:00.000,0,1,4,80,80,1,2020-03-24,0,4,0,0.0342107317619318,0
Fulton,2020-03-25T00:00:00.000,0,1,2,82,82,1,2020-03-25,0,2,0,0.0361778691018362,0
Fulton,2020-03-26T00:00:00.000,0,1,5,87,87,1,2020-03-26,0,5,0,0.0382516336322332,0
Fulton,2020-03-27T00:00:00.000,0,1,10,97,97,1,2020-03-27,0,10,0,0.0404354159413241,0
Fulton,2020-03-28T00:00:00.000,0,1,10,107,107,1,2020-03-28,0,10,0,0.0427321751829739,0
Fulton,2020-03-29T00:00:00.000,0,1,12,119,119,1,2020-03-29,0,12,0,0.0451443236695515,0
Fulton,2020-03-30T00:00:00.000,0,1,5,124,124,1,2020-03-30,0,5,0,0.0476735988419,0
Fulton,2020-03-31T00:00:00.000,1,2,5,129,129,2,2020-03-31,1,5,0.2,0.0503209230507495,1.04772026878806
Fulton,2020-04-01T00:00:00.000,4,6,10,139,139,6,2020-04-01,4,10,0.4,0.0530862520855471,4.22244873545893
Fulton,2020-04-02T00:00:00.000,0,6,10,149,149,6,2020-04-02,0,10,0,0.0559684139821069,0
Fulton,2020-04-03T00:00:00.000,3,9,24,173,173,9,2020-04-03,3,24,0.125,0.0589649403158916,3.21045339558784
Fulton,2020-04-04T00:00:00.000,0,9,12,185,185,9,2020-04-04,0,12,0,0.0620718929421089,0
Fulton,2020-04-05T00:00:00.000,2,11,20,205,205,11,2020-04-05,2,20,0.1,0.0652836899414804,2.16638171896558
Fulton,2020-04-06T00:00:00.000,2,13,18,223,223,13,2020-04-06,2,18,0.111111111111111,0.0685929353497972,2.17844098096581
Fulton,2020-04-07T00:00:00.000,1,14,6,229,229,14,2020-04-07,1,6,0.166666666666667,0.0719902580579097,1.09504175599674
Fulton,2020-04-08T00:00:00.000,1,15,21,250,250,15,2020-04-08,1,21,0.0476190476190476,0.0754641660030764,1.10079705991931
Fulton,2020-04-09T00:00:00.000,3,18,24,274,274,18,2020-04-09,3,24,0.125,0.0790009223914073,3.3265529911413
Fulton,2020-04-10T00:00:00.000,3,21,17,291,291,21,2020-04-10,3,17,0.176470588235294,0.0825844511494405,3.34914471929697
Fulton,2020-04-11T00:00:00.000,0,21,11,302,302,21,2020-04-11,0,11,0,0.08619627899968,0
Fulton,2020-04-12T00:00:00.000,0,21,7,309,309,21,2020-04-12,0,7,0,0.0898155215149668,0
Fulton,2020-04-13T00:00:00.000,1,22,75,384,384,22,2020-04-13,1,75,0.0133333333333333,0.0934189200965206,1.13677171852985
Fulton,2020-04-14T00:00:00.000,2,24,9,393,393,24,2020-04-14,2,9,0.222222222222222,0.0969809361086654,2.28928561960123
Fulton,2020-04-15T00:00:00.000,1,25,13,406,406,25,2020-04-15,1,13,0.0769230769230769,0.100473907295395,1.15251940510088
Fulton,2020-04-16T00:00:00.000,2,27,16,422,422,27,2020-04-16,2,16,0.125,0.103868270197273,2.32078767701441
Fulton,2020-04-17T00:00:00.000,0,27,7,429,429,27,2020-04-17,0,7,0,0.107132850549287,0
Fulton,2020-04-18T00:00:00.000,0,27,17,446,446,27,2020-04-18,0,17,0,0.110235221675401,0
Fulton,2020-04-19T00:00:00.000,0,27,3,449,449,27,2020-04-19,0,3,0,0.113142128769826,0
Fulton,2020-04-20T00:00:00.000,0,27,4,453,453,27,2020-04-20,0,4,0,0.115819974717688,0
Fulton,2020-04-21T00:00:00.000,1,28,7,460,460,28,2020-04-21,1,7,0.142857142857143,0.118235360903823,1.21096128382596
Fulton,2020-04-22T00:00:00.000,0,28,5,465,465,28,2020-04-22,0,5,0,0.120355674298542,0
Fulton,2020-04-23T00:00:00.000,1,29,16,481,481,29,2020-04-23,1,16,0.0625,0.122149710089315,1.23140810008051
Fulton,2020-04-24T00:00:00.000,32,61,202,683,683,61,2020-04-24,32,202,0.158415841584158,0.123588317299682,39.7220228674587
Fulton,2020-04-25T00:00:00.000,1,62,29,712,712,62,2020-04-25,1,29,0.0344827586206897,0.124645053170909,1.25095210894844
Fulton,2020-04-26T00:00:00.000,0,62,9,721,721,62,2020-04-26,0,9,0,0.12529683066093,0
Fulton,2020-04-27T00:00:00.000,4,66,16,737,737,66,2020-04-27,4,16,0.25,0.125524542159873,5.077051588012
Fulton,2020-04-28T00:00:00.000,1,67,27,764,764,67,2020-04-28,1,27,0.037037037037037,0.125313641528295,1.27767154757406
Fulton,2020-04-29T00:00:00.000,4,71,27,791,791,71,2020-04-29,4,27,0.148148148148148,0.124654665789539,5.14229848204366
Fulton,2020-04-30T00:00:00.000,4,75,37,828,828,75,2020-04-30,4,37,0.108108108108108,0.123543677374047,5.17196529366488
Fulton,2020-05-01T00:00:00.000,4,79,34,862,862,79,2020-05-01,4,34,0.117647058823529,0.121982607832192,5.19952663011878
Fulton,2020-05-02T00:00:00.000,3,82,36,898,898,82,2020-05-02,3,36,0.0833333333333333,0.119979484527144,3.91862128051295
Fulton,2020-05-03T00:00:00.000,2,84,25,923,923,84,2020-05-03,2,25,0.08,0.11754852324631,2.6280300597974
Fulton,2020-05-04T00:00:00.000,13,97,63,986,986,97,2020-05-04,13,63,0.206349206349206,0.114710072098063,17.2342729564432
Fulton,2020-05-05T00:00:00.000,3,100,50,1036,1036,100,2020-05-05,3,50,0.06,0.111490395679791,4.00116222871162
Fulton,2020-05-06T00:00:00.000,1,101,30,1066,1066,101,2020-05-06,1,30,0.0333333333333333,0.107921293475357,1.34043481698243
Fulton,2020-05-07T00:00:00.000,2,103,27,1093,1093,103,2020-05-07,2,27,0.0740740740740741,0.104039552688504,2.69164665305098
Fulton,2020-05-08T00:00:00.000,1,104,30,1123,1123,104,2020-05-08,1,30,0.0333333333333333,0.0998862431513302,1.34803335213996
Fulton,2020-05-09T00:00:00.000,3,107,31,1154,1154,107,2020-05-09,3,31,0.0967741935483871,0.0955058701626449,4.04697018755615
Fulton,2020-05-10T00:00:00.000,2,109,59,1213,1213,109,2020-05-10,2,59,0.0338983050847458,0.0909454095644815,2.69834061292508
Fulton,2020-05-11T00:00:00.000,26,135,100,1313,1313,135,2020-05-11,26,100,0.26,0.0862532573491687,35.1742519822224
Fulton,2020-05-12T00:00:00.000,5,140,61,1374,1374,140,2020-05-12,5,61,0.0819672131147541,0.0814781327988021,6.78389067236909
Fulton,2020-05-13T00:00:00.000,4,144,81,1455,1455,144,2020-05-13,4,81,0.0493827160493827,0.076667978785953,5.43945462400561
Fulton,2020-05-14T00:00:00.000,1,145,67,1522,1522,145,2020-05-14,1,67,0.0149253731343284,0.0718689047542178,1.36208285769929
Fulton,2020-05-15T00:00:00.000,3,148,100,1622,1622,148,2020-05-15,3,100,0.03,0.067124216633684,4.09023836784301
Fulton,2020-05-16T00:00:00.000,23,171,110,1732,1732,171,2020-05-16,23,110,0.209090909090909,0.0624735734177501,31.4444218026085
Fulton,2020-05-17T00:00:00.000,11,182,132,1864,1864,182,2020-05-17,11,132,0.0833333333333333,0.0579523026570493,15.0825451189966
Fulton,2020-05-18T00:00:00.000,0,182,30,1894,1894,182,2020-05-18,0,30,0,0.0535908973104014,0
Fulton,2020-05-19T00:00:00.000,2,184,89,1983,1983,184,2020-05-19,2,89,0.0224719101123595,0.0494147051983872,2.75995019858737
Fulton,2020-05-20T00:00:00.000,2,186,100,2083,2083,186,2020-05-20,2,100,0.02,0.0454438107382611,2.76990849922588
Fulton,2020-05-21T00:00:00.000,3,189,88,2171,2171,189,2020-05-21,3,88,0.0340909090909091,0.0416930978212385,4.16604261167183
Fulton,2020-05-22T00:00:00.000,4,193,142,2313,2313,193,2020-05-22,4,142,0.028169014084507,0.0381724735084681,5.56183213223325
Fulton,2020-05-23T00:00:00.000,1,194,84,2397,2397,194,2020-05-23,1,84,0.0119047619047619,0.0348872253563755,1.38595219868546
Fulton,2020-05-24T00:00:00.000,2,196,86,2483,2483,196,2020-05-24,2,86,0.0232558139534884,0.0318384809976111,2.75980223202866
Fulton,2020-05-25T00:00:00.000,0,196,44,2527,2527,196,2020-05-25,0,44,0,0.0290237371087577,0
Fulton,2020-05-26T00:00:00.000,2,198,112,2639,2639,198,2020-05-26,2,112,0.0178571428571429,0.0264374258685226,2.72596264229573
Fulton,2020-05-27T00:00:00.000,2,200,223,2862,2862,200,2020-05-27,2,223,0.00896860986547085,0.024071489955864,2.70480279398903
Fulton,2020-05-28T00:00:00.000,6,206,202,3064,3064,206,2020-05-28,6,202,0.0297029702970297,0.0219159415053967,8.0438246380069
Fulton,2020-05-29T00:00:00.000,1,207,146,3210,3210,207,2020-05-29,1,146,0.00684931506849315,0.0199593856007172,1.32780912427573
Fulton,2020-05-30T00:00:00.000,1,208,159,3369,3369,208,2020-05-30,1,159,0.00628930817610063,0.0181894942928255,1.31404439185065
Fulton,2020-05-31T00:00:00.000,2,210,169,3538,3538,210,2020-05-31,2,169,0.0118343195266272,0.0165934223136219,2.59980096669678
Fulton,2020-06-01T00:00:00.000,2,212,83,3621,3621,212,2020-06-01,2,83,0.0240963855421687,0.0151581602790448,2.57819645374801
Fulton,2020-06-02T00:00:00.000,1,213,197,3818,3818,213,2020-06-02,1,197,0.0050761421319797,0.0138708250270279,1.2777713004511
Fulton,2020-06-03T00:00:00.000,2,215,187,4005,4005,215,2020-06-03,2,187,0.0106951871657754,0.0127188897287969,2.53199585240859
Fulton,2020-06-04T00:00:00.000,4,219,248,4253,4253,219,2020-06-04,4,248,0.0161290322580645,0.0116903585484147,5.0154284822247
Fulton,2020-06-05T00:00:00.000,3,222,233,4486,4486,222,2020-06-05,3,233,0.0128755364806867,0.0107738919753475,3.72785469634489
Fulton,2020-06-06T00:00:00.000,2,224,205,4691,4691,224,2020-06-06,2,205,0.00975609756097561,0.00995888963877589,2.4654304578662
Fulton,2020-06-07T00:00:00.000,3,227,254,4945,4945,227,2020-06-07,3,254,0.0118110236220472,0.00923553756082145,3.66777069500704
Fulton,2020-06-08T00:00:00.000,1,228,249,5194,5194,228,2020-06-08,1,249,0.00401606425702811,0.00859482655518331,1.21191069000209
Fulton,2020-06-09T00:00:00.000,0,228,132,5326,5326,228,2020-06-09,0,132,0,0.00802854795417779,0
Fulton,2020-06-10T00:00:00.000,2,230,155,5481,5481,230,2020-06-10,2,155,0.0129032258064516,0.00752927215938866,2.39645099623858
Fulton,2020-06-11T00:00:00.000,1,231,352,5833,5833,231,2020-06-11,1,352,0.00284090909090909,0.00709031474330111,1.19426449101343
Fulton,2020-06-12T00:00:00.000,1,232,164,5997,5997,232,2020-06-12,1,164,0.00609756097560976,0.00670569404862028,1.19039952754114
Fulton,2020-06-13T00:00:00.000,2,234,168,6165,6165,234,2020-06-13,2,168,0.0119047619047619,0.00637008348461426,2.3733058134444
Fulton,2020-06-14T00:00:00.000,1,235,101,6266,6266,235,2020-06-14,1,101,0.0099009900990099,0.00607876103445402,1.18304408172694
Fulton,2020-06-15T00:00:00.000,1,236,158,6424,6424,236,2020-06-15,1,158,0.00632911392405063,0.00582755788166441,1.17958951526503
Fulton,2020-06-16T00:00:00.000,0,236,85,6509,6509,236,2020-06-16,0,85,0,0.00561280754311672,0
Fulton,2020-06-17T00:00:00.000,0,236,146,6655,6655,236,2020-06-17,0,146,0,0.0054312964608889,0
Fulton,2020-06-18T00:00:00.000,1,237,173,6828,6828,237,2020-06-18,1,173,0.00578034682080925,0.00528021665063414,1.1702173991055
Fulton,2020-06-19T00:00:00.000,6,243,290,7118,7118,243,2020-06-19,6,290,0.0206896551724138,0.00515712072196292,7.00463142899703
Fulton,2020-06-20T00:00:00.000,0,243,209,7327,7327,243,2020-06-20,0,209,0,0.00505987936938902,0
Fulton,2020-06-21T00:00:00.000,1,244,171,7498,7498,244,2020-06-21,1,171,0.00584795321637427,0.00498664127112952,1.16246929579252
Fulton,2020-06-22T00:00:00.000,0,244,86,7584,7584,244,2020-06-22,0,86,0,0.00493579522048136,0
Fulton,2020-06-23T00:00:00.000,0,244,110,7694,7694,244,2020-06-23,0,110,0,0.00490593424366282,0
Fulton,2020-06-24T00:00:00.000,0,244,98,7792,7792,244,2020-06-24,0,98,0,0.0048958214241693,0
Fulton,2020-06-25T00:00:00.000,4,248,161,7953,7953,248,2020-06-25,4,161,0.0248447204968944,0.00490435715090387,4.61876532235463
Fulton,2020-06-26T00:00:00.000,1,249,171,8124,8124,249,2020-06-26,1,171,0.00584795321637427,0.00493054753592556,1.15312350897765
Fulton,2020-06-27T00:00:00.000,6,255,283,8407,8407,255,2020-06-27,6,283,0.0212014134275618,0.00497347380069982,6.91002618743548
Fulton,2020-06-28T00:00:00.000,1,256,171,8578,8578,256,2020-06-28,1,171,0.00584795321637427,0.00503226250926045,1.15031247065009
Fulton,2020-06-29T00:00:00.000,0,256,126,8704,8704,256,2020-06-29,0,126,0,0.00510605662794689,0
Fulton,2020-06-30T00:00:00.000,1,257,86,8790,8790,257,2020-06-30,1,86,0.0116279069767442,0.00519398751185784,1.14778288194993
Fulton,2020-07-01T00:00:00.000,3,260,202,8992,8992,260,2020-07-01,3,202,0.0148514851485149,0.00529514805453233,3.43968395496332
Fulton,2020-07-02T00:00:00.000,1,261,154,9146,9146,261,2020-07-02,1,154,0.00649350649350649,0.00540856738261292,1.1453331844637
Fulton,2020-07-03T00:00:00.000,0,261,239,9385,9385,261,2020-07-03,0,239,0,0.0055331876235264,0
Fulton,2020-07-04T00:00:00.000,0,261,237,9622,9622,261,2020-07-04,0,237,0,0.00566784341273535,0
Fulton,2020-07-05T00:00:00.000,1,262,131,9753,9753,262,2020-07-05,1,131,0.00763358778625954,0.00581124492308198,1.141334649528
Fulton,2020-07-06T00:00:00.000,0,262,92,9845,9845,262,2020-07-06,0,92,0,0.00596196528106511,0
Fulton,2020-07-07T00:00:00.000,0,262,102,9947,9947,262,2020-07-07,0,102,0,0.00611843326733766,0
Fulton,2020-07-08T00:00:00.000,1,263,110,10057,10057,263,2020-07-08,1,110,0.00909090909090909,0.0062789321679923,1.14064245789867
Fulton,2020-07-09T00:00:00.000,1,264,191,10248,10248,264,2020-07-09,1,191,0.00523560209424084,0.00644160553888775,1.14054661960627
Fulton,2020-07-10T00:00:00.000,1,265,197,10445,10445,265,2020-07-10,1,197,0.0050761421319797,0.00660447045840252,1.14022087531114
Fulton,2020-07-11T00:00:00.000,0,265,175,10620,10620,265,2020-07-11,0,175,0,0.0067654385754381,0
Fulton,2020-07-12T00:00:00.000,0,265,78,10698,10698,265,2020-07-12,0,78,0,0.00692234491494304,0
Fulton,2020-07-13T00:00:00.000,1,266,145,10843,10843,266,2020-07-13,1,145,0.00689655172413793,0.00707298399690555,1.13773748896518
Fulton,2020-07-14T00:00:00.000,0,266,77,10920,10920,266,2020-07-14,0,77,0,0.00721515238347978,0
Fulton,2020-07-15T00:00:00.000,0,266,80,11000,11000,266,2020-07-15,0,80,0,0.00734669631965444,0
Fulton,2020-07-16T00:00:00.000,0,266,265,11265,11265,266,2020-07-16,0,265,0,0.00746556271736175,0
Fulton,2020-07-17T00:00:00.000,0,266,253,11518,11518,266,2020-07-17,0,253,0,0.0075698513857731,0
Fulton,2020-07-18T00:00:00.000,1,267,101,11619,11619,267,2020-07-18,1,101,0.0099009900990099,0.00765786617176163,1.13442224856633
Fulton,2020-07-19T00:00:00.000,0,267,90,11709,11709,267,2020-07-19,0,90,0,0.00772816257301903,0
Fulton,2020-07-20T00:00:00.000,0,267,91,11800,11800,267,2020-07-20,0,91,0,0.00777958944358896,0
Fulton,2020-07-21T00:00:00.000,0,267,127,11927,11927,267,2020-07-21,0,127,0,0.00781132263237426,0
Fulton,2020-07-22T00:00:00.000,1,268,96,12023,12023,268,2020-07-22,1,96,0.0104166666666667,0.00782288877472513,1.13521666385138
Fulton,2020-07-23T00:00:00.000,0,268,292,12315,12315,268,2020-07-23,0,292,0,0.00781417796558039,0
Fulton,2020-07-24T00:00:00.000,2,270,153,12468,12468,270,2020-07-24,2,153,0.0130718954248366,0.00778544464952172,2.27119933596353
Fulton,2020-07-25T00:00:00.000,0,270,171,12639,12639,270,2020-07-25,0,171,0,0.00773729671541244,0
Fulton,2020-07-26T00:00:00.000,0,270,79,12718,12718,270,2020-07-26,0,79,0,0.00767067343290625,0
Fulton,2020-07-27T00:00:00.000,0,270,67,12785,12785,270,2020-07-27,0,67,0,0.0075868134629621,0
Fulton,2020-07-28T00:00:00.000,0,270,74,12859,12859,270,2020-07-28,0,74,0,0.00748721466891666,0
Fulton,2020-07-29T00:00:00.000,5,275,151,13010,13010,275,2020-07-29,5,151,0.033112582781457,0.00737358781467672,5.66070220289322
Fulton,2020-07-30T00:00:00.000,0,275,227,13237,13237,275,2020-07-30,0,227,0,0.00724780644317438,0
Fulton,2020-07-31T00:00:00.000,7,282,190,13427,13427,282,2020-07-31,7,190,0.0368421052631579,0.00711185527155177,7.87300024486328
Fulton,2020-08-01T00:00:00.000,1,283,185,13612,13612,283,2020-08-01,1,185,0.00540540540540541,0.00696777933451102,1.12231247360456
Fulton,2020-08-02T00:00:00.000,2,285,133,13745,13745,285,2020-08-02,2,133,0.0150375939849624,0.00681763586944901,2.23737324179494
Fulton,2020-08-03T00:00:00.000,0,285,93,13838,13838,285,2020-08-03,0,93,0,0.00666345060053741,0
Fulton,2020-08-04T00:00:00.000,2,287,117,13955,13955,287,2020-08-04,2,117,0.0170940170940171,0.0065071796784216,2.21955960025337
Fulton,2020-08-05T00:00:00.000,4,291,128,14083,14083,291,2020-08-05,4,128,0.03125,0.00635067810346688,4.41831818684587
Fulton,2020-08-06T00:00:00.000,2,293,217,14300,14300,293,2020-08-06,2,217,0.00921658986175115,0.00619567503731597,2.20470165727798
Fulton,2020-08-07T00:00:00.000,2,295,213,14513,14513,295,2020-08-07,2,213,0.00938967136150235,0.00604375602047815,2.20337041188996
Fulton,2020-08-08T00:00:00.000,1,296,281,14794,14794,296,2020-08-08,1,281,0.00355871886120996,0.00589635178037696,1.10081290546666
Fulton,2020-08-09T00:00:00.000,1,297,94,14888,14888,297,2020-08-09,1,94,0.0106382978723404,0.00575473305019649,1.099728326694
Fulton,2020-08-10T00:00:00.000,0,297,101,14989,14989,297,2020-08-10,0,101,0,0.00562001062974109,0
Fulton,2020-08-11T00:00:00.000,2,299,129,15118,15118,299,2020-08-11,2,129,0.0155038759689922,0.00549313980120932,2.19346506142904
Fulton,2020-08-12T00:00:00.000,1,300,142,15260,15260,300,2020-08-12,1,142,0.00704225352112676,0.00537492816181373,1.09464572800114
Fulton,2020-08-13T00:00:00.000,3,303,170,15430,15430,303,2020-08-13,3,170,0.0176470588235294,0.00526604593955292,3.27715910366186
Fulton,2020-08-14T00:00:00.000,0,303,305,15735,15735,303,2020-08-14,0,305,0,0.00516703790594724,0
Fulton,2020-08-15T00:00:00.000,0,303,266,16001,16001,303,2020-08-15,0,266,0,0.00507833607826167,0
Fulton,2020-08-16T00:00:00.000,0,303,76,16077,16077,303,2020-08-16,0,76,0,0.00500027250259432,0
Fulton,2020-08-17T00:00:00.000,2,305,112,16189,16189,305,2020-08-17,2,112,0.0178571428571429,0.00493309151515587,2.18779233420538
Fulton,2020-08-18T00:00:00.000,0,305,195,16384,16384,305,2020-08-18,0,195,0,0.00487696098802879,0
Fulton,2020-08-19T00:00:00.000,0,305,173,16557,16557,305,2020-08-19,0,173,0,0.00483198216862282,0
Fulton,2020-08-20T00:00:00.000,1,306,198,16755,16755,306,2020-08-20,1,198,0.00505050505050505,0.00479819781613666,1.09298757470097
Fulton,2020-08-21T00:00:00.000,2,308,205,16960,16960,308,2020-08-21,2,205,0.00975609756097561,0.00477559842335282,2.18551008838643
Fulton,2020-08-22T00:00:00.000,1,309,223,17183,17183,309,2020-08-22,1,223,0.00448430493273543,0.00476412638664924,1.09271885368345
Fulton,2020-08-23T00:00:00.000,0,309,149,17332,17332,309,2020-08-23,0,149,0,0.0047636780520263,0
Fulton,2020-08-24T00:00:00.000,0,309,101,17433,17433,309,2020-08-24,0,101,0,0.00477410362611251,0
Fulton,2020-08-25T00:00:00.000,0,309,102,17535,17535,309,2020-08-25,0,102,0,0.00479520499645295,0
Fulton,2020-08-26T00:00:00.000,1,310,129,17664,17664,310,2020-08-26,1,129,0.00775193798449612,0.00482673156302479,1.09745551837333
Fulton,2020-08-27T00:00:00.000,0,310,197,17861,17861,310,2020-08-27,0,197,0,0.00486837424228597,0
Fulton,2020-08-28T00:00:00.000,1,311,308,18169,18169,311,2020-08-28,1,308,0.00324675324675325,0.00491975787136801,1.0996479988489
Fulton,2020-08-29T00:00:00.000,0,311,136,18305,18305,311,2020-08-29,0,136,0,0.00498043231247091,0
Fulton,2020-08-30T00:00:00.000,0,311,228,18533,18533,311,2020-08-30,0,228,0,0.00504986263976812,0
Fulton,2020-08-31T00:00:00.000,0,311,286,18819,18819,311,2020-08-31,0,286,0,0.00512741887842282,0
Fulton,2020-09-01T00:00:00.000,0,311,96,18915,18915,311,2020-09-01,0,96,0,0.00521236585815395,0
Fulton,2020-09-02T00:00:00.000,1,312,151,19066,19066,312,2020-09-02,1,151,0.00662251655629139,0.00530385383463608,1.12171253192462
Fulton,2020-09-03T00:00:00.000,0,312,136,19202,19202,312,2020-09-03,0,136,0,0.00540091061558602,0
Fulton,2020-09-04T00:00:00.000,0,312,243,19445,19445,312,2020-09-04,0,243,0,0.00550243599363123,0
Fulton,2020-09-05T00:00:00.000,0,312,187,19632,19632,312,2020-09-05,0,187,0,0.00560719932636114,0
Fulton,2020-09-06T00:00:00.000,0,312,137,19769,19769,312,2020-09-06,0,137,0,0.00571384110165229,0
Fulton,2020-09-07T00:00:00.000,0,312,76,19845,19845,312,2020-09-07,0,76,0,0.00582087927367834,0
Fulton,2020-09-08T00:00:00.000,0,312,102,19947,19947,312,2020-09-08,0,102,0,0.00592672104057372,0
Fulton,2020-09-09T00:00:00.000,0,312,75,20022,20022,312,2020-09-09,0,75,0,0.00602968055408155,0
Fulton,2020-09-10T00:00:00.000,3,315,193,20215,20215,315,2020-09-10,3,193,0.0155440414507772,0.00612800279990405,3.45511228226574
Fulton,2020-09-11T00:00:00.000,1,316,159,20374,20374,316,2020-09-11,1,159,0.00628930817610063,0.00621989357325111,1.15533819732477
Fulton,2020-09-12T00:00:00.000,2,318,256,20630,20630,318,2020-09-12,2,256,0.0078125,0.0063035551062402,2.31878513424508
Fulton,2020-09-13T00:00:00.000,2,320,123,20753,20753,320,2020-09-13,2,123,0.016260162601626,0.00637722650511298,2.32579178276845
Fulton,2020-09-14T00:00:00.000,4,324,221,20974,20974,324,2020-09-14,4,221,0.0180995475113122,0.00643922775095294,4.66316394333784
Fulton,2020-09-15T00:00:00.000,1,325,118,21092,21092,325,2020-09-15,1,118,0.00847457627118644,0.00648800564345435,1.16802256162725
Fulton,2020-09-16T00:00:00.000,6,331,138,21230,21230,331,2020-09-16,6,138,0.0434782608695652,0.00652217975680027,7.01722780654746
Fulton,2020-09-17T00:00:00.000,0,331,90,21320,21320,331,2020-09-17,0,90,0,0.00654058626733588,0
Fulton,2020-09-18T00:00:00.000,1,332,261,21581,21581,332,2020-09-18,1,261,0.00383141762452107,0.00654231743383209,1.17022783070543
Fulton,2020-09-19T00:00:00.000,0,332,201,21782,21782,332,2020-09-19,0,201,0,0.00652675458321856,0
Fulton,2020-09-20T00:00:00.000,0,332,172,21954,21954,332,2020-09-20,0,172,0,0.00649359268871187,0
Fulton,2020-09-21T00:00:00.000,0,332,255,22209,22209,332,2020-09-21,0,255,0,0.00644285501145763,0
Fulton,2020-09-22T00:00:00.000,0,332,75,22284,22284,332,2020-09-22,0,75,0,0.00637489679516987,0
Fulton,2020-09-23T00:00:00.000,1,333,112,22396,22396,333,2020-09-23,1,112,0.00892857142857143,0.0062903976117222,1.14932420138942
Fulton,2020-09-24T00:00:00.000,0,333,121,22517,22517,333,2020-09-24,0,121,0,0.00619034261151078,0
Fulton,2020-09-25T00:00:00.000,1,334,148,22665,22665,334,2020-09-25,1,148,0.00675675675675676,0.00607599357934855,1.13852180800685
Fulton,2020-09-26T00:00:00.000,1,335,117,22782,22782,335,2020-09-26,1,117,0.00854700854700855,0.0059488512795825,1.13700989170839
Fulton,2020-09-27T00:00:00.000,2,337,118,22900,22900,337,2020-09-27,2,118,0.0169491525423729,0.00581061104740939,2.26931305936962
Fulton,2020-09-28T00:00:00.000,2,339,208,23108,23108,339,2020-09-28,2,208,0.00961538461538462,0.00566311390831319,2.26297552675584
Fulton,2020-09-29T00:00:00.000,0,339,87,23195,23195,339,2020-09-29,0,87,0,0.00550829566263861,0
Fulton,2020-09-30T00:00:00.000,0,339,126,23321,23321,339,2020-09-30,0,126,0,0.00534813635508307,0
Fulton,2020-10-01T00:00:00.000,5,344,256,23577,23577,344,2020-10-01,5,256,0.01953125,0.0051846123688142,5.58730950383743
Fulton,2020-10-02T00:00:00.000,1,345,361,23938,23938,345,2020-10-02,1,361,0.00277008310249307,0.00501965306992585,1.11143664149183
Fulton,2020-10-03T00:00:00.000,2,347,270,24208,24208,347,2020-10-03,2,270,0.00740740740740741,0.00485510351625194,2.20965572365683
Fulton,2020-10-04T00:00:00.000,1,348,120,24328,24328,348,2020-10-04,1,120,0.00833333333333333,0.0046926942766403,1.0976964774988
Fulton,2020-10-05T00:00:00.000,2,350,272,24600,24600,350,2020-10-05,2,272,0.00735294117647059,0.00453401892667039,2.18021230764221
Fulton,2020-10-06T00:00:00.000,0,350,109,24709,24709,350,2020-10-06,0,109,0,0.00438051933250303,0
Fulton,2020-10-07T00:00:00.000,1,351,228,24937,24937,351,2020-10-07,1,228,0.0043859649122807,0.00423347843684023,1.07381177661772
Fulton,2020-10-08T00:00:00.000,1,352,207,25144,25144,352,2020-10-08,1,207,0.00483091787439614,0.00409401994184786,1.06524095588095
Fulton,2020-10-09T00:00:00.000,0,352,205,25349,25349,352,2020-10-09,0,205,0,0.00396311405445399,0
Fulton,2020-10-10T00:00:00.000,0,352,203,25552,25552,352,2020-10-10,0,203,0,0.00384158832114632,0
Fulton,2020-10-11T00:00:00.000,0,352,173,25725,25725,352,2020-10-11,0,173,0,0.00373014252671619,0
Fulton,2020-10-12T00:00:00.000,2,354,146,25871,25871,354,2020-10-12,2,146,0.0136986301369863,0.00362936665101766,2.05855221268818
Fulton,2020-10-13T00:00:00.000,0,354,89,25960,25960,354,2020-10-13,0,89,0,0.00353976095588806,0
Fulton,2020-10-14T00:00:00.000,3,357,309,26269,26269,357,2020-10-14,3,309,0.00970873786407767,0.00346175739194562,3.03691215446464
Fulton,2020-10-15T00:00:00.000,0,357,278,26547,26547,357,2020-10-15,0,278,0,0.00339574165748141,0
Fulton,2020-10-16T00:00:00.000,1,358,254,26801,26801,358,2020-10-16,1,254,0.00393700787401575,0.00334207539277257,1.00017457014435
Fulton,2020-10-17T00:00:00.000,1,359,216,27017,27017,359,2020-10-17,1,216,0.00462962962962963,0.0033011181420588,0.99590005837893
Fulton,2020-10-18T00:00:00.000,0,359,179,27196,27196,359,2020-10-18,0,179,0,0.00327324885191421,0
Fulton,2020-10-19T00:00:00.000,1,360,200,27396,27396,360,2020-10-19,1,200,0.005,0.00325888679254873,0.989579939100312
Fulton,2020-10-20T00:00:00.000,0,360,152,27548,27548,360,2020-10-20,0,152,0,0.00325851188452334,0
Fulton,2020-10-21T00:00:00.000,0,360,208,27756,27756,360,2020-10-21,0,208,0,0.00327268448384337,0
Fulton,2020-10-22T00:00:00.000,1,361,342,28098,28098,361,2020-10-22,1,342,0.00292397660818713,0.00330206472460262,0.98785131770543
Fulton,2020-10-23T00:00:00.000,0,361,276,28374,28374,361,2020-10-23,0,276,0,0.00334743153950374,0
Fulton,2020-10-24T00:00:00.000,0,361,127,28501,28501,361,2020-10-24,0,127,0,0.00340970147597075,0
Fulton,2020-10-25T00:00:00.000,0,361,114,28615,28615,361,2020-10-25,0,114,0,0.00348994740107743,0
Fulton,2020-10-26T00:00:00.000,1,362,138,28753,28753,362,2020-10-26,1,138,0.0072463768115942,0.00358941714180318,0.988828867690159
Fulton,2020-10-27T00:00:00.000,0,362,267,29020,29020,362,2020-10-27,0,267,0,0.00370955204270265,0
Fulton,2020-10-28T00:00:00.000,1,363,570,29590,29590,363,2020-10-28,1,570,0.00175438596491228,0.00385200533876734,0.989838363128951
Fulton,2020-10-29T00:00:00.000,2,365,208,29798,29798,365,2020-10-29,2,208,0.00961538461538462,0.00401866014463544,1.98094635741618
Fulton,2020-10-30T00:00:00.000,0,365,490,30288,30288,365,2020-10-30,0,490,0,0.00421164675141678,0
Fulton,2020-10-31T00:00:00.000,2,367,205,30493,30493,367,2020-10-31,2,205,0.00975609756097561,0.004433358810011,1.98398463876335
Fulton,2020-11-01T00:00:00.000,0,367,121,30614,30614,367,2020-11-01,0,121,0,0.00468646786892294,0
Fulton,2020-11-02T00:00:00.000,1,368,280,30894,30894,368,2020-11-02,1,280,0.00357142857142857,0.00497393564215161,0.9938198533415
Fulton,2020-11-03T00:00:00.000,1,369,97,30991,30991,369,2020-11-03,1,97,0.0103092783505155,0.00529902332093076,0.99483727090524
Fulton,2020-11-04T00:00:00.000,1,370,228,31219,31219,370,2020-11-04,1,228,0.0043859649122807,0.00566529723630473,0.995916078980491
Fulton,2020-11-05T00:00:00.000,2,372,340,31559,31559,372,2020-11-05,2,340,0.00588235294117647,0.00607663025237618,1.99409969577384
Fulton,2020-11-06T00:00:00.000,0,372,318,31877,31877,372,2020-11-06,0,318,0,0.00653719845257435,0
Fulton,2020-11-07T00:00:00.000,1,373,208,32085,32085,373,2020-11-07,1,208,0.00480769230769231,0.00705147300970309,0.999454752919203
Fulton,2020-11-08T00:00:00.000,2,375,185,32270,32270,375,2020-11-08,2,185,0.0108108108108108,0.00762420763538195,2.00128717592685
Fulton,2020-11-09T00:00:00.000,2,377,157,32427,32427,377,2020-11-09,2,157,0.0127388535031847,0.00826042272384891,2.00433480100281
Fulton,2020-11-10T00:00:00.000,1,378,98,32525,32525,378,2020-11-10,1,98,0.0102040816326531,0.00896538826049458,1.00561696683213
Fulton,2020-11-11T00:00:00.000,3,381,220,32745,32745,381,2020-11-11,3,220,0.0136363636363636,0.00974460877999617,3.03046564486423
Fulton,2020-11-12T00:00:00.000,1,382,648,33393,33393,382,2020-11-12,1,648,0.00154320987654321,0.0106038151307011,1.01824712744697
Fulton,2020-11-13T00:00:00.000,7,389,309,33702,33702,389,2020-11-13,7,309,0.0226537216828479,0.0115489695244203,7.18558725263534
Fulton,2020-11-14T00:00:00.000,4,393,182,33884,33884,393,2020-11-14,4,182,0.021978021978022,0.0125862922986101,4.13966770651877
Fulton,2020-11-15T00:00:00.000,8,401,151,34035,34035,401,2020-11-15,8,151,0.0529801324503311,0.0137223209558934,8.34743228895254
Fulton,2020-11-16T00:00:00.000,2,403,261,34296,34296,403,2020-11-16,2,261,0.00766283524904215,0.014964014354344,2.10404273776448
Fulton,2020-11-17T00:00:00.000,5,408,323,34619,34619,408,2020-11-17,5,323,0.0154798761609907,0.0163189173978107,5.30335758814506
Fulton,2020-11-18T00:00:00.000,7,415,448,35067,35067,415,2020-11-18,7,448,0.015625,0.0177954042791032,7.48554151977601
Genesee,2020-03-01T00:00:00.000,0,0,0,0,0,0,2020-03-01,0,0,0,2.77586420542907e-05,0
Genesee,2020-03-02T00:00:00.000,0,0,0,0,0,0,2020-03-02,0,0,0,3.95058659300362e-05,0
Genesee,2020-03-03T00:00:00.000,0,0,0,0,0,0,2020-03-03,0,0,0,5.62177197426972e-05,0
Genesee,2020-03-04T00:00:00.000,0,0,0,0,0,0,2020-03-04,0,0,0,7.99743082694839e-05,0
Genesee,2020-03-05T00:00:00.000,0,0,0,0,0,0,2020-03-05,0,0,0,0.000113703717401968,0
Genesee,2020-03-06T00:00:00.000,0,0,0,0,0,0,2020-03-06,0,0,0,0.000161508128006353,0
Genesee,2020-03-07T00:00:00.000,0,0,0,0,0,0,2020-03-07,0,0,0,0.000229102058950452,0
Genesee,2020-03-08T00:00:00.000,0,0,0,0,0,0,2020-03-08,0,0,0,0.00032439319667577,0
Genesee,2020-03-09T00:00:00.000,0,0,0,0,0,0,2020-03-09,0,0,0,0.000458239833302784,0
Genesee,2020-03-10T00:00:00.000,0,0,1,1,1,0,2020-03-10,0,1,0,0.000645419951543159,0
Genesee,2020-03-11T00:00:00.000,0,0,0,1,1,0,2020-03-11,0,0,0,0.000905843262452336,0
Genesee,2020-03-12T00:00:00.000,0,0,0,1,1,0,2020-03-12,0,0,0,0.00126602600225492,0
Genesee,2020-03-13T00:00:00.000,0,0,0,1,1,0,2020-03-13,0,0,0,0.00176082521716212,0
Genesee,2020-03-14T00:00:00.000,0,0,0,1,1,0,2020-03-14,0,0,0,0.00243539029429967,0
Genesee,2020-03-15T00:00:00.000,0,0,0,1,1,0,2020-03-15,0,0,0,0.0033472305229956,0
Genesee,2020-03-16T00:00:00.000,0,0,3,4,4,0,2020-03-16,0,3,0,0.00456821592497626,0
Genesee,2020-03-17T00:00:00.000,0,0,5,9,9,0,2020-03-17,0,5,0,0.00618622557411607,0
Genesee,2020-03-18T00:00:00.000,1,1,9,18,18,1,2020-03-18,1,9,0.111111111111111,0.00830604082182907,0.981981381981084
Genesee,2020-03-19T00:00:00.000,0,1,6,24,24,1,2020-03-19,0,6,0,0.0110489678815237,0
Genesee,2020-03-20T00:00:00.000,0,1,6,30,30,1,2020-03-20,0,6,0,0.0145505954160478,0
Genesee,2020-03-21T00:00:00.000,0,1,6,36,36,1,2020-03-21,0,6,0,0.0189560913110608,0
Genesee,2020-03-22T00:00:00.000,0,1,2,38,38,1,2020-03-22,0,2,0,0.0244125696104456,0
Genesee,2020-03-23T00:00:00.000,0,1,8,46,46,1,2020-03-23,0,8,0,0.031058358940863,0
Genesee,2020-03-24T00:00:00.000,1,2,7,53,53,2,2020-03-24,1,7,0.142857142857143,0.039009495084422,1.05659712073636
Genesee,2020-03-25T00:00:00.000,2,4,19,72,72,4,2020-03-25,2,19,0.105263157894737,0.0483444051871273,2.14208361925438
Genesee,2020-03-26T00:00:00.000,2,6,21,93,93,6,2020-03-26,2,21,0.0952380952380952,0.0590884366513596,2.16772933316799
Genesee,2020-03-27T00:00:00.000,1,7,19,112,112,7,2020-03-27,1,19,0.0526315789473684,0.0712004254881343,1.10424291888902
Genesee,2020-03-28T00:00:00.000,2,9,6,118,118,9,2020-03-28,2,6,0.333333333333333,0.0845636824793261,2.23698657213893
Genesee,2020-03-29T00:00:00.000,0,9,12,130,130,9,2020-03-29,0,12,0,0.0989834362580609,0
Genesee,2020-03-30T00:00:00.000,1,10,24,154,154,10,2020-03-30,1,24,0.0416666666666667,0.11419188449094,1.14046853955308
Genesee,2020-03-31T00:00:00.000,3,13,28,182,182,13,2020-03-31,3,28,0.107142857142857,0.129860731633178,3.45572778652416
Genesee,2020-04-01T00:00:00.000,1,14,39,221,221,14,2020-04-01,1,39,0.0256410256410256,0.145619758322477,1.16769176736339
Genesee,2020-04-02T00:00:00.000,2,16,23,244,244,16,2020-04-02,2,23,0.0869565217391304,0.161078945419727,2.36321555591551
Genesee,2020-04-03T00:00:00.000,4,20,30,274,274,20,2020-04-03,4,30,0.133333333333333,0.175851239091089,4.77485583252487
Genesee,2020-04-04T00:00:00.000,2,22,12,286,286,22,2020-04-04,2,12,0.166666666666667,0.189573264235428,2.40816480341242
Genesee,2020-04-05T00:00:00.000,1,23,11,297,297,23,2020-04-05,1,11,0.0909090909090909,0.201922031808767,1.21267070977478
Genesee,2020-04-06T00:00:00.000,10,33,37,334,334,33,2020-04-06,10,37,0.27027027027027,0.212626668828701,12.1969048943601
Genesee,2020-04-07T00:00:00.000,14,47,31,365,365,47,2020-04-07,14,31,0.451612903225806,0.221475141849576,17.1539382128652
Genesee,2020-04-08T00:00:00.000,9,56,43,408,408,56,2020-04-08,9,43,0.209302325581395,0.228316641148368,11.0669882637177
Genesee,2020-04-09T00:00:00.000,9,65,32,440,440,65,2020-04-09,9,32,0.28125,0.233060660431085,11.1198615966875
Genesee,2020-04-10T00:00:00.000,2,67,18,458,458,67,2020-04-10,2,18,0.111111111111111,0.235673868495517,2.47961337059099
Genesee,2020-04-11T00:00:00.000,2,69,19,477,477,69,2020-04-11,2,19,0.105263157894737,0.236175710887523,2.48525294857834
Genesee,2020-04-12T00:00:00.000,2,71,7,484,484,71,2020-04-12,2,7,0.285714285714286,0.234633405552198,2.48828011100279
Genesee,2020-04-13T00:00:00.000,5,76,34,518,518,76,2020-04-13,5,34,0.147058823529412,0.231156698606648,6.22286570669751
Genesee,2020-04-14T00:00:00.000,0,76,15,533,533,76,2020-04-14,0,15,0,0.225892490637376,0
Genesee,2020-04-15T00:00:00.000,2,78,12,545,545,78,2020-04-15,2,12,0.166666666666667,0.219019268599706,2.49184569349025
Genesee,2020-04-16T00:00:00.000,5,83,21,566,566,83,2020-04-16,5,21,0.238095238095238,0.210741198632188,6.22733276125165
Genesee,2020-04-17T00:00:00.000,4,87,13,579,579,87,2020-04-17,4,13,0.307692307692308,0.201281747676996,4.97854065440847
Genesee,2020-04-18T00:00:00.000,30,117,56,635,635,117,2020-04-18,30,56,0.535714285714286,0.19087678956221,37.3746160969508
Genesee,2020-04-19T00:00:00.000,2,119,14,649,649,119,2020-04-19,2,14,0.142857142857143,0.179767286216648,2.49262378250008
Genesee,2020-04-20T00:00:00.000,2,121,8,657,657,121,2020-04-20,2,8,0.25,0.168191782289474,2.49225922499895
Genesee,2020-04-21T00:00:00.000,1,122,17,674,674,122,2020-04-21,1,17,0.0588235294117647,0.156379075805494,1.24529826901966
Genesee,2020-04-22T00:00:00.000,4,126,25,699,699,126,2020-04-22,4,25,0.16,0.14454149824591,4.97538838158438
Genesee,2020-04-23T00:00:00.000,1,127,19,718,718,127,2020-04-23,1,19,0.0526315789473684,0.132869236513797,1.24181015186323
Genesee,2020-04-24T00:00:00.000,14,141,145,863,863,141,2020-04-24,14,145,0.096551724137931,0.121526054926196,17.3491664013952
Genesee,2020-04-25T00:00:00.000,3,144,37,900,900,144,2020-04-25,3,37,0.0810810810810811,0.110646642448306,3.70841438982678
Genesee,2020-04-26T00:00:00.000,4,148,20,920,920,148,2020-04-26,4,20,0.2,0.100335645850596,4.93037036521293
Genesee,2020-04-27T00:00:00.000,1,149,28,948,948,149,2020-04-27,1,28,0.0357142857142857,0.0906682848761136,1.22863889717354
Genesee,2020-04-28T00:00:00.000,3,152,26,974,974,152,2020-04-28,3,26,0.115384615384615,0.0816923090702409,3.67247425927161
Genesee,2020-04-29T00:00:00.000,1,153,32,1006,1006,153,2020-04-29,1,32,0.03125,0.0734309662407851,1.21931063145199
Genesee,2020-04-30T00:00:00.000,1,154,29,1035,1035,154,2020-04-30,1,29,0.0344827586206897,0.065886616118339,1.21420852697211
Genesee,2020-05-01T00:00:00.000,1,155,55,1090,1090,155,2020-05-01,1,55,0.0181818181818182,0.05904463507988,1.20890470663499
Genesee,2020-05-02T00:00:00.000,0,155,25,1115,1115,155,2020-05-02,0,25,0,0.0528773066132411,0
Genesee,2020-05-03T00:00:00.000,4,159,48,1163,1163,159,2020-05-03,4,48,0.0833333333333333,0.0473474622390538,4.79919367977226
Genesee,2020-05-04T00:00:00.000,0,159,47,1210,1210,159,2020-05-04,0,47,0,0.0424117142439776,0
Genesee,2020-05-05T00:00:00.000,3,162,59,1269,1269,162,2020-05-05,3,59,0.0508474576271186,0.0380231934214968,3.59308319924004
Genesee,2020-05-06T00:00:00.000,6,168,98,1367,1367,168,2020-05-06,6,98,0.0612244897959184,0.0341337648926518,7.16810990172799
Genesee,2020-05-07T00:00:00.000,1,169,62,1429,1429,169,2020-05-07,1,62,0.0161290322580645,0.0306957398004474,1.19117621861546
Genesee,2020-05-08T00:00:00.000,1,170,47,1476,1476,170,2020-05-08,1,47,0.0212765957446809,0.0276631302017185,1.18560548965183
Genesee,2020-05-09T00:00:00.000,2,172,149,1625,1625,172,2020-05-09,2,149,0.0134228187919463,0.024992510734545,2.35948232417921
Genesee,2020-05-10T00:00:00.000,1,173,182,1807,1807,173,2020-05-10,1,182,0.00549450549450549,0.0226435564976433,1.17404071990158
Genesee,2020-05-11T00:00:00.000,1,174,77,1884,1884,174,2020-05-11,1,77,0.012987012987013,0.0205793250917407,1.17224147958986
Genesee,2020-05-12T00:00:00.000,0,174,96,1980,1980,174,2020-05-12,0,96,0,0.0187663446817778,0
Genesee,2020-05-13T00:00:00.000,1,175,77,2057,2057,175,2020-05-13,1,77,0.012987012987013,0.0171745614398855,1.17090734711318
Genesee,2020-05-14T00:00:00.000,0,175,66,2123,2123,175,2020-05-14,0,66,0,0.0157771904270706,0
Genesee,2020-05-15T00:00:00.000,3,178,47,2170,2170,178,2020-05-15,3,47,0.0638297872340425,0.0145505049272832,3.51033449390077
Genesee,2020-05-16T00:00:00.000,2,180,69,2239,2239,180,2020-05-16,2,69,0.0289855072463768,0.0134735910788402,2.34544079378081
Genesee,2020-05-17T00:00:00.000,0,180,30,2269,2269,180,2020-05-17,0,30,0,0.0125280876563932,0
Genesee,2020-05-18T00:00:00.000,2,182,77,2346,2346,182,2020-05-18,2,77,0.025974025974026,0.0116979251114786,2.35967077201147
Genesee,2020-05-19T00:00:00.000,2,184,95,2441,2441,184,2020-05-19,2,95,0.0210526315789474,0.0109690734279775,2.37428374424832
Genesee,2020-05-20T00:00:00.000,4,188,145,2586,2586,188,2020-05-20,4,145,0.0275862068965517,0.0103293048495074,4.77699793772647
Genesee,2020-05-21T00:00:00.000,1,189,42,2628,2628,189,2020-05-21,1,42,0.0238095238095238,0.00976797493244133,1.20109259705007
Genesee,2020-05-22T00:00:00.000,2,191,271,2899,2899,191,2020-05-22,2,271,0.00738007380073801,0.00927582349922113,2.41406021406594
Genesee,2020-05-23T00:00:00.000,0,191,181,3080,3080,191,2020-05-23,0,181,0,0.00884479576013885,0
Genesee,2020-05-24T00:00:00.000,1,192,95,3175,3175,192,2020-05-24,1,95,0.0105263157894737,0.00846788300461119,1.20873254844327
Genesee,2020-05-25T00:00:00.000,1,193,58,3233,3233,193,2020-05-25,1,58,0.0172413793103448,0.00813898172132982,1.20842746809258
Genesee,2020-05-26T00:00:00.000,2,195,84,3317,3317,195,2020-05-26,2,84,0.0238095238095238,0.00785276970495071,2.41435022638561
Genesee,2020-05-27T00:00:00.000,2,197,177,3494,3494,197,2020-05-27,2,177,0.0112994350282486,0.00760459757103088,2.41042116885953
Genesee,2020-05-28T00:00:00.000,2,199,119,3613,3613,199,2020-05-28,2,119,0.0168067226890756,0.00739039408119889,2.40509417110444
Genesee,2020-05-29T00:00:00.000,1,200,135,3748,3748,200,2020-05-29,1,135,0.00740740740740741,0.00720658373482483,1.19920622853067
Genesee,2020-05-30T00:00:00.000,2,202,115,3863,3863,202,2020-05-30,2,115,0.0173913043478261,0.00705001518381934,2.39043520087673
Genesee,2020-05-31T00:00:00.000,0,202,82,3945,3945,202,2020-05-31,0,82,0,0.00691789915252574,0
Genesee,2020-06-01T00:00:00.000,0,202,145,4090,4090,202,2020-06-01,0,145,0,0.00680775468129547,0
Genesee,2020-06-02T00:00:00.000,0,202,264,4354,4354,202,2020-06-02,0,264,0,0.00671736264905322,0
Genesee,2020-06-03T00:00:00.000,3,205,326,4680,4680,205,2020-06-03,3,326,0.00920245398773006,0.00664472566215532,3.55923803948352
Genesee,2020-06-04T00:00:00.000,0,205,137,4817,4817,205,2020-06-04,0,137,0,0.00658803351960455,0
Genesee,2020-06-05T00:00:00.000,1,206,322,5139,5139,206,2020-06-05,1,322,0.0031055900621118,0.00654563357510151,1.18221272250991
Genesee,2020-06-06T00:00:00.000,2,208,153,5292,5292,208,2020-06-06,2,153,0.0130718954248366,0.00651600541497466,2.36303311962743
Genesee,2020-06-07T00:00:00.000,0,208,104,5396,5396,208,2020-06-07,0,104,0,0.00649773935644828,0
Genesee,2020-06-08T00:00:00.000,2,210,200,5596,5596,210,2020-06-08,2,200,0.01,0.00648951834331334,2.35666659954978
Genesee,2020-06-09T00:00:00.000,1,211,213,5809,5809,211,2020-06-09,1,213,0.00469483568075117,0.00649010287657499,1.17695262823275
Genesee,2020-06-10T00:00:00.000,1,212,234,6043,6043,212,2020-06-10,1,234,0.00427350427350427,0.00649831866737493,1.18071031666631
Genesee,2020-06-11T00:00:00.000,0,212,187,6230,6230,212,2020-06-11,0,187,0,0.00651304673858891,0
Genesee,2020-06-12T00:00:00.000,0,212,174,6404,6404,212,2020-06-12,0,174,0,0.00653321573155818,0
Genesee,2020-06-13T00:00:00.000,0,212,158,6562,6562,212,2020-06-13,0,158,0,0.00655779619676371,0
Genesee,2020-06-14T00:00:00.000,1,213,91,6653,6653,213,2020-06-14,1,91,0.010989010989011,0.00658579666269127,1.19256003710533
Genesee,2020-06-15T00:00:00.000,0,213,112,6765,6765,213,2020-06-15,0,112,0,0.00661626128733132,0
Genesee,2020-06-16T00:00:00.000,3,216,142,6907,6907,216,2020-06-16,3,142,0.0211267605633803,0.00664826890257495,3.58916268161394
Genesee,2020-06-17T00:00:00.000,1,217,169,7076,7076,217,2020-06-17,1,169,0.00591715976331361,0.00668093326478151,1.19774105524745
Genesee,2020-06-18T00:00:00.000,1,218,243,7319,7319,218,2020-06-18,1,243,0.00411522633744856,0.0067134043261143,1.19865901828136
Genesee,2020-06-19T00:00:00.000,4,222,189,7508,7508,222,2020-06-19,4,189,0.0211640211640212,0.00674487034157088,4.79678949596441
Genesee,2020-06-20T00:00:00.000,0,222,108,7616,7616,222,2020-06-20,0,108,0,0.00677456062769739,0
Genesee,2020-06-21T00:00:00.000,3,225,182,7798,7798,225,2020-06-21,3,182,0.0164835164835165,0.0068017487908466,3.59736074744303
Genesee,2020-06-22T00:00:00.000,4,229,196,7994,7994,229,2020-06-22,4,196,0.0204081632653061,0.00682575624670315,4.79400234970881
Genesee,2020-06-23T00:00:00.000,1,230,196,8190,8190,230,2020-06-23,1,196,0.00510204081632653,0.00684595585887692,1.19749290868175
Genesee,2020-06-24T00:00:00.000,1,231,220,8410,8410,231,2020-06-24,1,220,0.00454545454545455,0.00686177553344328,1.19609834577278
Genesee,2020-06-25T00:00:00.000,1,232,120,8530,8530,232,2020-06-25,1,120,0.00833333333333333,0.00687270161715728,1.19431928525468
Genesee,2020-06-26T00:00:00.000,5,237,154,8684,8684,237,2020-06-26,5,154,0.0324675324675325,0.00687828196217202,5.96079674300216
Genesee,2020-06-27T00:00:00.000,1,238,118,8802,8802,238,2020-06-27,1,118,0.00847457627118644,0.0068781285359048,1.18962337250078
Genesee,2020-06-28T00:00:00.000,0,238,109,8911,8911,238,2020-06-28,0,109,0,0.00687191947386995,0
Genesee,2020-06-29T00:00:00.000,0,238,416,9327,9327,238,2020-06-29,0,416,0,0.0068594004935617,0
Genesee,2020-06-30T00:00:00.000,0,238,249,9576,9576,238,2020-06-30,0,249,0,0.00684038560859247,0
Genesee,2020-07-01T00:00:00.000,0,238,112,9688,9688,238,2020-07-01,0,112,0,0.006814757104331,0
Genesee,2020-07-02T00:00:00.000,1,239,129,9817,9817,239,2020-07-02,1,129,0.00775193798449612,0.00678246475783839,1.17155416976309
Genesee,2020-07-03T00:00:00.000,0,239,170,9987,9987,239,2020-07-03,0,170,0,0.00674352430546769,0
Genesee,2020-07-04T00:00:00.000,0,239,167,10154,10154,239,2020-07-04,0,167,0,0.00669801518154154,0
Genesee,2020-07-05T00:00:00.000,3,242,213,10367,10367,242,2020-07-05,3,213,0.0140845070422535,0.00664607756875746,3.47027490298867
Genesee,2020-07-06T00:00:00.000,0,242,412,10779,10779,242,2020-07-06,0,412,0,0.00658790881689826,0
Genesee,2020-07-07T00:00:00.000,2,244,178,10957,10957,244,2020-07-07,2,178,0.0112359550561798,0.00652375929950424,2.29571460571276
Genesee,2020-07-08T00:00:00.000,0,244,246,11203,11203,244,2020-07-08,0,246,0,0.00645392778848925,0
Genesee,2020-07-09T00:00:00.000,2,246,185,11388,11388,246,2020-07-09,2,185,0.0108108108108108,0.00637875643476562,2.27885780224696
Genesee,2020-07-10T00:00:00.000,1,247,114,11502,11502,247,2020-07-10,1,114,0.0087719298245614,0.00629862544761511,1.13482727687404
Genesee,2020-07-11T00:00:00.000,3,250,269,11771,11771,250,2020-07-11,3,269,0.0111524163568773,0.00621394756807668,3.39000577480925
Genesee,2020-07-12T00:00:00.000,0,250,99,11870,11870,250,2020-07-12,0,99,0,0.00612516243155198,0
Genesee,2020-07-13T00:00:00.000,2,252,196,12066,12066,252,2020-07-13,2,196,0.0102040816326531,0.00603273091195192,2.23956252655226
Genesee,2020-07-14T00:00:00.000,2,254,136,12202,12202,254,2020-07-14,2,136,0.0147058823529412,0.00593712953578971,2.22887506268867
Genesee,2020-07-15T00:00:00.000,0,254,270,12472,12472,254,2020-07-15,0,270,0,0.00583884504766522,0
Genesee,2020-07-16T00:00:00.000,0,254,212,12684,12684,254,2020-07-16,0,212,0,0.00573836920141591,0
Genesee,2020-07-17T00:00:00.000,2,256,173,12857,12857,256,2020-07-17,2,173,0.0115606936416185,0.00563619384192747,2.19861905882091
Genesee,2020-07-18T00:00:00.000,1,257,177,13034,13034,257,2020-07-18,1,177,0.00564971751412429,0.00553280633309578,1.09814200751761
Genesee,2020-07-19T00:00:00.000,1,258,189,13223,13223,258,2020-07-19,1,189,0.00529100529100529,0.00542868537710383,1.09645807403548
Genesee,2020-07-20T00:00:00.000,0,258,234,13457,13457,258,2020-07-20,0,234,0,0.00532429725988608,0
Genesee,2020-07-21T00:00:00.000,0,258,167,13624,13624,258,2020-07-21,0,167,0,0.00522009254688979,0
Genesee,2020-07-22T00:00:00.000,2,260,139,13763,13763,260,2020-07-22,2,139,0.0143884892086331,0.00511650324374843,2.17605246966685
Genesee,2020-07-23T00:00:00.000,1,261,288,14051,14051,261,2020-07-23,1,288,0.00347222222222222,0.0050139404261513,1.08419093981035
Genesee,2020-07-24T00:00:00.000,0,261,224,14275,14275,261,2020-07-24,0,224,0,0.00491279233489864,0
Genesee,2020-07-25T00:00:00.000,3,264,162,14437,14437,264,2020-07-25,3,162,0.0185185185185185,0.00481342292366768,3.25304983560788
Genesee,2020-07-26T00:00:00.000,2,266,128,14565,14565,266,2020-07-26,2,128,0.015625,0.00471617083994767,2.16663971113522
Genesee,2020-07-27T00:00:00.000,0,266,155,14720,14720,266,2020-07-27,0,155,0,0.00462134881355605,0
Genesee,2020-07-28T00:00:00.000,1,267,186,14906,14906,267,2020-07-28,1,186,0.00537634408602151,0.00452924342199155,1.07922713648367
Genesee,2020-07-29T00:00:00.000,3,270,306,15212,15212,270,2020-07-29,3,306,0.00980392156862745,0.00444011519775044,3.22844280383887
Genesee,2020-07-30T00:00:00.000,0,270,241,15453,15453,270,2020-07-30,0,241,0,0.00435419904014428,0
Genesee,2020-07-31T00:00:00.000,2,272,207,15660,15660,272,2020-07-31,2,207,0.00966183574879227,0.00427170489167294,2.13763747159736
Genesee,2020-08-01T00:00:00.000,0,272,125,15785,15785,272,2020-08-01,0,125,0,0.00419281863852021,0
Genesee,2020-08-02T00:00:00.000,1,273,93,15878,15878,273,2020-08-02,1,93,0.010752688172043,0.0041177031942843,1.06367895765818
Genesee,2020-08-03T00:00:00.000,0,273,213,16091,16091,273,2020-08-03,0,213,0,0.00404649972670545,0
Genesee,2020-08-04T00:00:00.000,1,274,293,16384,16384,274,2020-08-04,1,293,0.00341296928327645,0.00397932898858422,1.05652194046668
Genesee,2020-08-05T00:00:00.000,0,274,180,16564,16564,274,2020-08-05,0,180,0,0.00391629271587377,0
Genesee,2020-08-06T00:00:00.000,3,277,309,16873,16873,277,2020-08-06,3,309,0.00970873786407767,0.00385747505803588,3.1540061598603
Genesee,2020-08-07T00:00:00.000,0,277,168,17041,17041,277,2020-08-07,0,168,0,0.00380294400873236,0
Genesee,2020-08-08T00:00:00.000,0,277,85,17126,17126,277,2020-08-08,0,85,0,0.00375275280759495,0
Genesee,2020-08-09T00:00:00.000,0,277,136,17262,17262,277,2020-08-09,0,136,0,0.00370694128682139,0
Genesee,2020-08-10T00:00:00.000,2,279,324,17586,17586,279,2020-08-10,2,324,0.00617283950617284,0.00366553713980161,2.10495404831347
Genesee,2020-08-11T00:00:00.000,1,280,188,17774,17774,280,2020-08-11,1,188,0.00531914893617021,0.00362855709183869,1.05218487925787
Genesee,2020-08-12T00:00:00.000,0,280,210,17984,17984,280,2020-08-12,0,210,0,0.00359600795640134,0
Genesee,2020-08-13T00:00:00.000,4,284,423,18407,18407,284,2020-08-13,4,423,0.00945626477541371,0.00356788756353949,4.20270507860788
Genesee,2020-08-14T00:00:00.000,0,284,158,18565,18565,284,2020-08-14,0,158,0,0.00354418555011733,0
Genesee,2020-08-15T00:00:00.000,1,285,244,18809,18809,285,2020-08-15,1,244,0.00409836065573771,0.00352488400452266,1.05363451414349
Genesee,2020-08-16T00:00:00.000,0,285,104,18913,18913,285,2020-08-16,0,104,0,0.00350995796186457,0
Genesee,2020-08-17T00:00:00.000,3,288,557,19470,19470,288,2020-08-17,3,557,0.00538599640933573,0.00349937574824133,3.17091423667864
Genesee,2020-08-18T00:00:00.000,1,289,367,19837,19837,289,2020-08-18,1,367,0.00272479564032698,0.00349309917604207,1.05753830040463
Genesee,2020-08-19T00:00:00.000,1,290,335,20172,20172,290,2020-08-19,1,335,0.00298507462686567,0.00349108359525502,1.05815941678004
Genesee,2020-08-20T00:00:00.000,0,290,383,20555,20555,290,2020-08-20,0,383,0,0.00349327780867313,0
Genesee,2020-08-21T00:00:00.000,0,290,228,20783,20783,290,2020-08-21,0,228,0,0.00349962386232596,0
Genesee,2020-08-22T00:00:00.000,0,290,150,20933,20933,290,2020-08-22,0,150,0,0.00351005672581704,0
Genesee,2020-08-23T00:00:00.000,0,290,110,21043,21043,290,2020-08-23,0,110,0,0.00352450388023318,0
Genesee,2020-08-24T00:00:00.000,1,291,162,21205,21205,291,2020-08-24,1,162,0.00617283950617284,0.00354288483531498,1.06394346841473
Genesee,2020-08-25T00:00:00.000,1,292,244,21449,21449,292,2020-08-25,1,244,0.00409836065573771,0.00356511060049738,1.06506519824307
Genesee,2020-08-26T00:00:00.000,0,292,211,21660,21660,292,2020-08-26,0,211,0,0.003591083138201,0
Genesee,2020-08-27T00:00:00.000,1,293,316,21976,21976,293,2020-08-27,1,316,0.00316455696202532,0.00362069483072646,1.06527197741059
Genesee,2020-08-28T00:00:00.000,0,293,470,22446,22446,293,2020-08-28,0,470,0,0.00365382799528773,0
Genesee,2020-08-29T00:00:00.000,1,294,178,22624,22624,294,2020-08-29,1,178,0.00561797752808989,0.00369035448390103,1.07127876708769
Genesee,2020-08-30T00:00:00.000,1,295,169,22793,22793,295,2020-08-30,1,169,0.00591715976331361,0.00373013540711257,1.07517304564342
Genesee,2020-08-31T00:00:00.000,2,297,217,23010,23010,297,2020-08-31,2,217,0.00921658986175115,0.00377302102127747,2.15815868112475
Genesee,2020-09-01T00:00:00.000,0,297,201,23211,23211,297,2020-09-01,0,201,0,0.00381885081942573,0
Genesee,2020-09-02T00:00:00.000,1,298,188,23399,23399,298,2020-09-02,1,188,0.00531914893617021,0.0038674538644975,1.08683829216076
Genesee,2020-09-03T00:00:00.000,2,300,222,23621,23621,300,2020-09-03,2,222,0.00900900900900901,0.00391864940147915,2.18128451920101
Genesee,2020-09-04T00:00:00.000,0,300,231,23852,23852,300,2020-09-04,0,231,0,0.00397224778084184,0
Genesee,2020-09-05T00:00:00.000,1,301,116,23968,23968,301,2020-09-05,1,116,0.00862068965517241,0.00402805172044091,1.09796608257277
Genesee,2020-09-06T00:00:00.000,1,302,134,24102,24102,302,2020-09-06,1,134,0.00746268656716418,0.00408585792592918,1.10142837678574
Genesee,2020-09-07T00:00:00.000,1,303,138,24240,24240,303,2020-09-07,1,138,0.0072463768115942,0.00414545908138801,1.10467834196517
Genesee,2020-09-08T00:00:00.000,1,304,316,24556,24556,304,2020-09-08,1,316,0.00316455696202532,0.00420664621198789,1.10754861543059
Genesee,2020-09-09T00:00:00.000,2,306,175,24731,24731,306,2020-09-09,2,175,0.0114285714285714,0.00426921141003604,2.22031205375879
Genesee,2020-09-10T00:00:00.000,0,306,355,25086,25086,306,2020-09-10,0,355,0,0.00433295090403414,0
Genesee,2020-09-11T00:00:00.000,1,307,190,25276,25276,307,2020-09-11,1,190,0.00526315789473684,0.00439766843911473,1.115971452079
Genesee,2020-09-12T00:00:00.000,0,307,189,25465,25465,307,2020-09-12,0,189,0,0.00446317892580002,0
Genesee,2020-09-13T00:00:00.000,0,307,126,25591,25591,307,2020-09-13,0,126,0,0.00452931230393894,0
Genesee,2020-09-14T00:00:00.000,0,307,332,25923,25923,307,2020-09-14,0,332,0,0.00459591755965457,0
Genesee,2020-09-15T00:00:00.000,0,307,225,26148,26148,307,2020-09-15,0,225,0,0.00466286682674251,0
Genesee,2020-09-16T00:00:00.000,2,309,201,26349,26349,309,2020-09-16,2,201,0.00995024875621891,0.00473005949962507,2.26512255655927
Genesee,2020-09-17T00:00:00.000,0,309,415,26764,26764,309,2020-09-17,0,415,0,0.00479742628400548,0
Genesee,2020-09-18T00:00:00.000,5,314,286,27050,27050,314,2020-09-18,5,286,0.0174825174825175,0.00486493311355683,5.68034812831812
Genesee,2020-09-19T00:00:00.000,0,314,209,27259,27259,314,2020-09-19,0,209,0,0.00493258486632375,0
Genesee,2020-09-20T00:00:00.000,2,316,86,27345,27345,316,2020-09-20,2,86,0.0232558139534884,0.0050004288238403,2.26954157979636
Genesee,2020-09-21T00:00:00.000,1,317,346,27691,27691,317,2020-09-21,1,346,0.00289017341040462,0.00506855782722864,1.13302086469213
Genesee,2020-09-22T00:00:00.000,0,317,239,27930,27930,317,2020-09-22,0,239,0,0.00513711309989327,0
Genesee,2020-09-23T00:00:00.000,0,317,269,28199,28199,317,2020-09-23,0,269,0,0.00520628672246446,0
Genesee,2020-09-24T00:00:00.000,0,317,396,28595,28595,317,2020-09-24,0,396,0,0.00527632376400753,0
Genesee,2020-09-25T00:00:00.000,2,319,275,28870,28870,319,2020-09-25,2,275,0.00727272727272727,0.00534752409226867,2.24814797684009
Genesee,2020-09-26T00:00:00.000,2,321,222,29092,29092,321,2020-09-26,2,222,0.00900900900900901,0.0054202439040454,2.25295652050265
Genesee,2020-09-27T00:00:00.000,0,321,95,29187,29187,321,2020-09-27,0,95,0,0.00549489703462291,0
Genesee,2020-09-28T00:00:00.000,6,327,151,29338,29338,327,2020-09-28,6,151,0.0397350993377483,0.00557195612136716,6.77791863416143
Genesee,2020-09-29T00:00:00.000,3,330,485,29823,29823,330,2020-09-29,3,485,0.00618556701030928,0.00565195371026146,3.39133233621824
Genesee,2020-09-30T00:00:00.000,5,335,307,30130,30130,335,2020-09-30,5,307,0.0162866449511401,0.00573548340593232,5.65362638437428
Genesee,2020-10-01T00:00:00.000,1,336,376,30506,30506,336,2020-10-01,1,376,0.00265957446808511,0.00582320117398835,1.13051746305984
Genesee,2020-10-02T00:00:00.000,6,342,448,30954,30954,342,2020-10-02,6,448,0.0133928571428571,0.0059158269101668,6.77907028060787
Genesee,2020-10-03T00:00:00.000,2,344,245,31199,31199,344,2020-10-03,2,245,0.00816326530612245,0.00601414639367031,2.25747091516063
Genesee,2020-10-04T00:00:00.000,2,346,109,31308,31308,346,2020-10-04,2,109,0.018348623853211,0.00611901374187509,2.25443741237319
Genesee,2020-10-05T00:00:00.000,5,351,225,31533,31533,351,2020-10-05,5,225,0.0222222222222222,0.00623135448113953,5.62663454862515
Genesee,2020-10-06T00:00:00.000,1,352,281,31814,31814,352,2020-10-06,1,281,0.00355871886120996,0.00635216934396072,1.12309382368988
Genesee,2020-10-07T00:00:00.000,3,355,433,32247,32247,355,2020-10-07,3,433,0.0069284064665127,0.00648253889626695,3.36166316350918
Genesee,2020-10-08T00:00:00.000,3,358,678,32925,32925,358,2020-10-08,3,678,0.00442477876106195,0.00662362909086577,3.35323287616327
Genesee,2020-10-09T00:00:00.000,0,358,409,33334,33334,358,2020-10-09,0,409,0,0.00677669783416306,0
Genesee,2020-10-10T00:00:00.000,0,358,224,33558,33558,358,2020-10-10,0,224,0,0.00694310264331639,0
Genesee,2020-10-11T00:00:00.000,1,359,180,33738,33738,359,2020-10-11,1,180,0.00555555555555556,0.00712430946046567,1.10772736211532
Genesee,2020-10-12T00:00:00.000,1,360,280,34018,34018,360,2020-10-12,1,280,0.00357142857142857,0.00732190267871445,1.10410709821654
Genesee,2020-10-13T00:00:00.000,3,363,204,34222,34222,363,2020-10-13,3,204,0.0147058823529412,0.00753759642233916,3.30122001718495
Genesee,2020-10-14T00:00:00.000,7,370,277,34499,34499,370,2020-10-14,7,277,0.0252707581227437,0.00777324710919145,7.68315508601654
Genesee,2020-10-15T00:00:00.000,1,371,290,34789,34789,371,2020-10-15,1,290,0.00344827586206897,0.00803086730791065,1.09555433050953
Genesee,2020-10-16T00:00:00.000,0,371,507,35296,35296,371,2020-10-16,0,507,0,0.00831264088390996,0
Genesee,2020-10-17T00:00:00.000,0,371,267,35563,35563,371,2020-10-17,0,267,0,0.0086209394074648,0
Genesee,2020-10-18T00:00:00.000,0,371,165,35728,35728,371,2020-10-18,0,165,0,0.0089583397724159,0
Genesee,2020-10-19T00:00:00.000,0,371,394,36122,36122,371,2020-10-19,0,394,0,0.00932764294484164,0
Genesee,2020-10-20T00:00:00.000,1,372,231,36353,36353,372,2020-10-20,1,231,0.00432900432900433,0.00973189372814506,1.10282086809389
Genesee,2020-10-21T00:00:00.000,1,373,228,36581,36581,373,2020-10-21,1,228,0.0043859649122807,0.0101744013915343,1.1064590646054
Genesee,2020-10-22T00:00:00.000,4,377,336,36917,36917,377,2020-10-22,4,336,0.0119047619047619,0.0106587609655107,4.44266625324788
Genesee,2020-10-23T00:00:00.000,2,379,429,37346,37346,379,2020-10-23,2,429,0.00466200466200466,0.0111888749588495,2.22936284939051
Genesee,2020-10-24T00:00:00.000,1,380,136,37482,37482,380,2020-10-24,1,136,0.00735294117647059,0.0117689751982543,1.11849410098744
Genesee,2020-10-25T00:00:00.000,1,381,155,37637,37637,381,2020-10-25,1,155,0.00645161290322581,0.0124036444364653,1.12209657079121
Genesee,2020-10-26T00:00:00.000,3,384,596,38233,38233,384,2020-10-26,3,596,0.00503355704697987,0.0130978373166245,3.37644715784354
Genesee,2020-10-27T00:00:00.000,4,388,300,38533,38533,388,2020-10-27,4,300,0.0133333333333333,0.0138569002281914,4.51458682534822
Genesee,2020-10-28T00:00:00.000,8,396,316,38849,38849,396,2020-10-28,8,316,0.0253164556962025,0.0146865895394235,9.05269057884834
Genesee,2020-10-29T00:00:00.000,10,406,365,39214,39214,406,2020-10-29,10,365,0.0273972602739726,0.0155930876573983,11.3429966471712
Genesee,2020-10-30T00:00:00.000,1,407,397,39611,39611,407,2020-10-30,1,397,0.00251889168765743,0.0165830163461238,1.13678680104797
Genesee,2020-10-31T00:00:00.000,4,411,256,39867,39867,411,2020-10-31,4,256,0.015625,0.0176634467427426,4.55619767443739
Genesee,2020-11-01T00:00:00.000,2,413,149,40016,40016,413,2020-11-01,2,149,0.0134228187919463,0.018841905550832,2.28218158449577
Genesee,2020-11-02T00:00:00.000,7,420,562,40578,40578,420,2020-11-02,7,562,0.0124555160142349,0.0201263769767886,8.00041015559122
Genesee,2020-11-03T00:00:00.000,8,428,266,40844,40844,428,2020-11-03,8,266,0.0300751879699248,0.0215253001108141,9.15624432540493
Genesee,2020-11-04T00:00:00.000,13,441,357,41201,41201,441,2020-11-04,13,357,0.0364145658263305,0.0230475616542248,14.8972575079375
Genesee,2020-11-05T00:00:00.000,9,450,398,41599,41599,450,2020-11-05,9,398,0.0226130653266332,0.024702484163995,10.3244556447151
Genesee,2020-11-06T00:00:00.000,15,465,635,42234,42234,465,2020-11-06,15,635,0.0236220472440945,0.0264998103290989,17.2229584562712
Genesee,2020-11-07T00:00:00.000,13,478,243,42477,42477,478,2020-11-07,13,243,0.0534979423868313,0.0284496842190294,14.9377865761997
Genesee,2020-11-08T00:00:00.000,17,495,232,42709,42709,495,2020-11-08,17,232,0.0732758620689655,0.0305626309436581,19.5446519239791
Genesee,2020-11-09T00:00:00.000,15,510,422,43131,43131,510,2020-11-09,15,422,0.0355450236966825,0.0328495367393627,17.2577521769303
Genesee,2020-11-10T00:00:00.000,17,527,285,43416,43416,527,2020-11-10,17,285,0.0596491228070175,0.0353216321263519,19.607791476018
Genesee,2020-11-11T00:00:00.000,14,541,317,43733,43733,541,2020-11-11,14,317,0.0441640378548896,0.0379904814623453,16.2034384909221
Genesee,2020-11-12T00:00:00.000,43,584,489,44222,44222,584,2020-11-12,43,489,0.0879345603271984,0.0408679829106872,50.1087714189562
Genesee,2020-11-13T00:00:00.000,13,597,638,44860,44860,597,2020-11-13,13,638,0.0203761755485893,0.0439663835321039,15.253353330968
Genesee,2020-11-14T00:00:00.000,6,603,108,44968,44968,603,2020-11-14,6,108,0.0555555555555556,0.0472983148648325,7.08845400968539
Genesee,2020-11-15T00:00:00.000,12,615,283,45251,45251,615,2020-11-15,12,283,0.0424028268551237,0.0508768549410726,14.2742543909881
Genesee,2020-11-16T00:00:00.000,20,635,430,45681,45681,635,2020-11-16,20,430,0.0465116279069767,0.0547156231844103,23.9530532760053
Genesee,2020-11-17T00:00:00.000,20,655,410,46091,46091,655,2020-11-17,20,410,0.0487804878048781,0.0588289150101308,24.1157543825887
Genesee,2020-11-18T00:00:00.000,19,674,471,46562,46562,674,2020-11-18,19,471,0.0403397027600849,0.0632318832010168,23.0643707364609
Greene,2020-03-01T00:00:00.000,0,0,0,0,0,0,2020-03-01,0,0,0,0.00582924937304308,0
Greene,2020-03-02T00:00:00.000,0,0,0,0,0,0,2020-03-02,0,0,0,0.00661979843165736,0
Greene,2020-03-03T00:00:00.000,0,0,0,0,0,0,2020-03-03,0,0,0,0.00751638714277625,0
Greene,2020-03-04T00:00:00.000,0,0,0,0,0,0,2020-03-04,0,0,0,0.00853228356954228,0
Greene,2020-03-05T00:00:00.000,0,0,0,0,0,0,2020-03-05,0,0,0,0.00968183049463886,0
Greene,2020-03-06T00:00:00.000,0,0,0,0,0,0,2020-03-06,0,0,0,0.0109803601531278,0
Greene,2020-03-07T00:00:00.000,0,0,0,0,0,0,2020-03-07,0,0,0,0.0124440527228303,0
Greene,2020-03-08T00:00:00.000,0,0,0,0,0,0,2020-03-08,0,0,0,0.0140897290600137,0
Greene,2020-03-09T00:00:00.000,0,0,0,0,0,0,2020-03-09,0,0,0,0.0159345693435267,0
Greene,2020-03-10T00:00:00.000,0,0,0,0,0,0,2020-03-10,0,0,0,0.0179957515217372,0
Greene,2020-03-11T00:00:00.000,0,0,3,3,3,0,2020-03-11,0,3,0,0.0202900068751389,0
Greene,2020-03-12T00:00:00.000,0,0,0,3,3,0,2020-03-12,0,0,0,0.022833094691933,0
Greene,2020-03-13T00:00:00.000,0,0,1,4,4,0,2020-03-13,0,1,0,0.0256392039271973,0
Greene,2020-03-14T00:00:00.000,2,2,8,12,12,2,2020-03-14,2,8,0.25,0.0287202965367463,2.41689924798216
Greene,2020-03-15T00:00:00.000,0,2,3,15,15,2,2020-03-15,0,3,0,0.032085414526136,0
Greene,2020-03-16T00:00:00.000,0,2,9,24,24,2,2020-03-16,0,9,0,0.0357399799704115,0
Greene,2020-03-17T00:00:00.000,0,2,8,32,32,2,2020-03-17,0,8,0,0.0396851235927941,0
Greene,2020-03-18T00:00:00.000,0,2,16,48,48,2,2020-03-18,0,16,0,0.0439170819977315,0
Greene,2020-03-19T00:00:00.000,0,2,21,69,69,2,2020-03-19,0,21,0,0.0484267055421598,0
Greene,2020-03-20T00:00:00.000,0,2,24,93,93,2,2020-03-20,0,24,0,0.0531991173274264,0
Greene,2020-03-21T00:00:00.000,0,2,23,116,116,2,2020-03-21,0,23,0,0.0582135585784535,0
Greene,2020-03-22T00:00:00.000,2,4,32,148,148,4,2020-03-22,2,32,0.0625,0.0634434467159596,2.2458824717152
Greene,2020-03-23T00:00:00.000,0,4,8,156,156,4,2020-03-23,0,8,0,0.0688566602857995,0
Greene,2020-03-24T00:00:00.000,0,4,3,159,159,4,2020-03-24,0,3,0,0.0744160505336957,0
Greene,2020-03-25T00:00:00.000,1,5,11,170,170,5,2020-03-25,1,11,0.0909090909090909,0.08008016419034,1.12648210709222
Greene,2020-03-26T00:00:00.000,1,6,11,181,181,6,2020-03-26,1,11,0.0909090909090909,0.085804147489589,1.12505987733991
Greene,2020-03-27T00:00:00.000,1,7,6,187,187,7,2020-03-27,1,6,0.166666666666667,0.0915407890980457,1.13234255563079
Greene,2020-03-28T00:00:00.000,0,7,6,193,193,7,2020-03-28,0,6,0,0.0972416507301263,0
Greene,2020-03-29T00:00:00.000,3,10,13,206,206,10,2020-03-29,3,13,0.230769230769231,0.102858229618723,3.40356611475907
Greene,2020-03-30T00:00:00.000,6,16,15,221,221,16,2020-03-30,6,15,0.4,0.10834309689975,6.80692805551494
Greene,2020-03-31T00:00:00.000,2,18,9,230,230,18,2020-03-31,2,9,0.222222222222222,0.113650960168635,2.27330544615213
Greene,2020-04-01T00:00:00.000,3,21,11,241,241,21,2020-04-01,3,11,0.272727272727273,0.118739606169313,3.43231392941949
Greene,2020-04-02T00:00:00.000,2,23,16,257,257,23,2020-04-02,2,16,0.125,0.123570689772856,2.30139415661866
Greene,2020-04-03T00:00:00.000,1,24,10,267,267,24,2020-04-03,1,10,0.1,0.128110346875759,1.15649603871401
Greene,2020-04-04T00:00:00.000,0,24,7,274,274,24,2020-04-04,0,7,0,0.132329620498202,0
Greene,2020-04-05T00:00:00.000,0,24,12,286,286,24,2020-04-05,0,12,0,0.136204700159534,0
Greene,2020-04-06T00:00:00.000,0,24,13,299,299,24,2020-04-06,0,13,0,0.139716983874263,0
Greene,2020-04-07T00:00:00.000,1,25,6,305,305,25,2020-04-07,1,6,0.166666666666667,0.142852979440016,1.17271434389047
Greene,2020-04-08T00:00:00.000,3,28,29,334,334,28,2020-04-08,3,29,0.103448275862069,0.145604066868232,3.52672656001287
Greene,2020-04-09T00:00:00.000,6,34,36,370,370,34,2020-04-09,6,36,0.166666666666667,0.147966146952224,7.08398221185946
Greene,2020-04-10T00:00:00.000,3,37,27,397,397,37,2020-04-10,3,27,0.111111111111111,0.149939202332386,3.55496725760938
Greene,2020-04-11T00:00:00.000,7,44,40,437,437,44,2020-04-11,7,40,0.175,0.15152679718262,8.32078045657738
Greene,2020-04-12T00:00:00.000,1,45,14,451,451,45,2020-04-12,1,14,0.0714285714285714,0.152735540393663,1.19185740401177
Greene,2020-04-13T00:00:00.000,21,66,93,544,544,66,2020-04-13,21,93,0.225806451612903,0.153574534919261,25.0888636752829
Greene,2020-04-14T00:00:00.000,7,73,25,569,569,73,2020-04-14,7,25,0.28,0.154054833369701,8.39202792323908
Greene,2020-04-15T00:00:00.000,1,74,16,585,585,74,2020-04-15,1,16,0.0625,0.154188916970815,1.20295181850517
Greene,2020-04-16T00:00:00.000,3,77,16,601,601,77,2020-04-16,3,16,0.1875,0.153990212082286,3.62099304488749
Greene,2020-04-17T00:00:00.000,5,82,28,629,629,82,2020-04-17,5,28,0.178571428571429,0.153472655525868,6.05668144422228
Greene,2020-04-18T00:00:00.000,3,85,24,653,653,85,2020-04-18,3,24,0.125,0.15265031723424,3.6548638159144
Greene,2020-04-19T00:00:00.000,1,86,8,661,661,86,2020-04-19,1,8,0.125,0.151537086216802,1.22520162940983
Greene,2020-04-20T00:00:00.000,1,87,16,677,677,87,2020-04-20,1,16,0.0625,0.150146423499919,1.23206675307557
Greene,2020-04-21T00:00:00.000,0,87,15,692,692,87,2020-04-21,0,15,0,0.148491183679633,0
Greene,2020-04-22T00:00:00.000,2,89,25,717,717,89,2020-04-22,2,25,0.08,0.14658350485807,2.49118652993018
Greene,2020-04-23T00:00:00.000,1,90,31,748,748,90,2020-04-23,1,31,0.032258064516129,0.144434765078725,1.25221798165318
Greene,2020-04-24T00:00:00.000,17,107,212,960,960,107,2020-04-24,17,212,0.080188679245283,0.142055601916108,21.3982567763914
Greene,2020-04-25T00:00:00.000,3,110,36,996,996,110,2020-04-25,3,36,0.0833333333333333,0.139455990464432,3.7952304436036
Greene,2020-04-26T00:00:00.000,1,111,25,1021,1021,111,2020-04-26,1,25,0.04,0.136645373730994,1.27125747980065
Greene,2020-04-27T00:00:00.000,1,112,20,1041,1041,112,2020-04-27,1,20,0.05,0.133632838177128,1.27723273143973
Greene,2020-04-28T00:00:00.000,2,114,24,1065,1065,114,2020-04-28,2,24,0.0833333333333333,0.130427326015513,2.56558402830446
Greene,2020-04-29T00:00:00.000,17,131,59,1124,1124,131,2020-04-29,17,59,0.288135593220339,0.127037874713421,21.8961963855853
Greene,2020-04-30T00:00:00.000,8,139,47,1171,1171,139,2020-04-30,8,47,0.170212765957447,0.123473873090725,10.343345988968
Greene,2020-05-01T00:00:00.000,3,142,36,1207,1207,142,2020-05-01,3,36,0.0833333333333333,0.119745322463871,3.89243289965066
Greene,2020-05-02T00:00:00.000,9,151,32,1239,1239,151,2020-05-02,9,32,0.28125,0.115863090473382,11.714893884282
Greene,2020-05-03T00:00:00.000,3,154,34,1273,1273,154,2020-05-03,3,34,0.0882352941176471,0.111839144733081,3.922466593102
Greene,2020-05-04T00:00:00.000,12,166,36,1309,1309,166,2020-05-04,12,36,0.333333333333333,0.107686753284281,15.8083642363303
Greene,2020-05-05T00:00:00.000,22,188,84,1393,1393,188,2020-05-05,22,84,0.261904761904762,0.10342063914866,29.1222256446633
Greene,2020-05-06T00:00:00.000,10,198,55,1448,1448,198,2020-05-06,10,55,0.181818181818182,0.0990570772391489,13.28995580186
Greene,2020-05-07T00:00:00.000,1,199,34,1482,1482,199,2020-05-07,1,34,0.0294117647058824,0.094613923471664,1.33310301011862
Greene,2020-05-08T00:00:00.000,5,204,45,1527,1527,204,2020-05-08,5,45,0.111111111111111,0.0901105683073906,6.67110300864658
Greene,2020-05-09T00:00:00.000,2,206,44,1571,1571,206,2020-05-09,2,44,0.0454545454545455,0.0855678100710281,2.66849738292534
Greene,2020-05-10T00:00:00.000,0,206,14,1585,1585,206,2020-05-10,0,14,0,0.0810076471762581,0
Greene,2020-05-11T00:00:00.000,0,206,28,1613,1613,206,2020-05-11,0,28,0,0.0764529927015769,0
Greene,2020-05-12T00:00:00.000,0,206,41,1654,1654,206,2020-05-12,0,41,0,0.0719273193505673,0
Greene,2020-05-13T00:00:00.000,1,207,46,1700,1700,207,2020-05-13,1,46,0.0217391304347826,0.0674542473622547,1.34256368438153
Greene,2020-05-14T00:00:00.000,2,209,64,1764,1764,209,2020-05-14,2,64,0.03125,0.0630570920512622,2.68876480119971
Greene,2020-05-15T00:00:00.000,2,211,49,1813,1813,211,2020-05-15,2,49,0.0408163265306122,0.0587583909713678,2.69076906206526
Greene,2020-05-16T00:00:00.000,1,212,43,1856,1856,212,2020-05-16,1,43,0.0232558139534884,0.0545794328115203,1.3488046185526
Greene,2020-05-17T00:00:00.000,1,213,33,1889,1889,213,2020-05-17,1,33,0.0303030303030303,0.0505398108288939,1.35250300761641
Greene,2020-05-18T00:00:00.000,1,214,26,1915,1915,214,2020-05-18,1,26,0.0384615384615385,0.0466570226773054,1.35488438017967
Greene,2020-05-19T00:00:00.000,1,215,189,2104,2104,215,2020-05-19,1,189,0.00529100529100529,0.0429461359868931,1.36074904609622
Greene,2020-05-20T00:00:00.000,0,215,44,2148,2148,215,2020-05-20,0,44,0,0.0394195350754829,0
Greene,2020-05-21T00:00:00.000,0,215,48,2196,2196,215,2020-05-21,0,48,0,0.0360867591428096,0
Greene,2020-05-22T00:00:00.000,2,217,69,2265,2265,217,2020-05-22,2,69,0.0289855072463768,0.032954436603509,2.74033867490898
Greene,2020-05-23T00:00:00.000,3,220,55,2320,2320,220,2020-05-23,3,55,0.0545454545454545,0.030026314393088,4.09593509581949
Greene,2020-05-24T00:00:00.000,5,225,35,2355,2355,225,2020-05-24,5,35,0.142857142857143,0.0273033756549067,6.79429454991912
Greene,2020-05-25T00:00:00.000,0,225,24,2379,2379,225,2020-05-25,0,24,0,0.0247840346008448,0
Greene,2020-05-26T00:00:00.000,6,231,108,2487,2487,231,2020-05-26,6,108,0.0555555555555556,0.0224643939119884,8.04579028469092
Greene,2020-05-27T00:00:00.000,5,236,107,2594,2594,236,2020-05-27,5,107,0.0467289719626168,0.0203385479452131,6.64901499119189
Greene,2020-05-28T00:00:00.000,1,237,92,2686,2686,237,2020-05-28,1,92,0.0108695652173913,0.0183989143100315,1.31739056904101
Greene,2020-05-29T00:00:00.000,1,238,110,2796,2796,238,2020-05-29,1,110,0.00909090909090909,0.0166365769396187,1.30384909258493
Greene,2020-05-30T00:00:00.000,0,238,100,2896,2896,238,2020-05-30,0,100,0,0.0150416253950173,0
Greene,2020-05-31T00:00:00.000,1,239,79,2975,2975,239,2020-05-31,1,79,0.0126582278481013,0.0136034775201832,1.27432881348586
Greene,2020-06-01T00:00:00.000,2,241,119,3094,3094,241,2020-06-01,2,119,0.0168067226890756,0.0123111754015095,2.52511585675547
Greene,2020-06-02T00:00:00.000,0,241,153,3247,3247,241,2020-06-02,0,153,0,0.011153647570373,0
Greene,2020-06-03T00:00:00.000,0,241,130,3377,3377,241,2020-06-03,0,130,0,0.0101199332771145,0
Greene,2020-06-04T00:00:00.000,1,242,134,3511,3511,242,2020-06-04,1,134,0.00746268656716418,0.00919936725928434,1.22416811398053
Greene,2020-06-05T00:00:00.000,4,246,181,3692,3692,246,2020-06-05,4,181,0.0220994475138122,0.0083817255952729,4.84723187017518
Greene,2020-06-06T00:00:00.000,0,246,117,3809,3809,246,2020-06-06,0,117,0,0.00765733492172248,0
Greene,2020-06-07T00:00:00.000,1,247,42,3851,3851,247,2020-06-07,1,42,0.0238095238095238,0.00701714848558578,1.18946254276292
Greene,2020-06-08T00:00:00.000,1,248,104,3955,3955,248,2020-06-08,1,104,0.00961538461538462,0.00645279323412106,1.17766475988239
Greene,2020-06-09T00:00:00.000,1,249,172,4127,4127,249,2020-06-09,1,172,0.00581395348837209,0.00595659248126637,1.16689993017026
Greene,2020-06-10T00:00:00.000,0,249,88,4215,4215,249,2020-06-10,0,88,0,0.0055215687045803,0
Greene,2020-06-11T00:00:00.000,0,249,82,4297,4297,249,2020-06-11,0,82,0,0.00514143080014134,0
Greene,2020-06-12T00:00:00.000,1,250,97,4394,4394,250,2020-06-12,1,97,0.0103092783505155,0.00481054973188364,1.15151034313688
Greene,2020-06-13T00:00:00.000,1,251,128,4522,4522,251,2020-06-13,1,128,0.0078125,0.00452392602312732,1.14672886471725
Greene,2020-06-14T00:00:00.000,0,251,110,4632,4632,251,2020-06-14,0,110,0,0.00427715200437768,0
Greene,2020-06-15T00:00:00.000,1,252,67,4699,4699,252,2020-06-15,1,67,0.0149253731343284,0.00406637119520385,1.13789698351105
Greene,2020-06-16T00:00:00.000,0,252,196,4895,4895,252,2020-06-16,0,196,0,0.00388823668672809,0
Greene,2020-06-17T00:00:00.000,0,252,73,4968,4968,252,2020-06-17,0,73,0,0.00373986992385256,0
Greene,2020-06-18T00:00:00.000,2,254,174,5142,5142,254,2020-06-18,2,174,0.0114942528735632,0.00361882087160836,2.25365836331891
Greene,2020-06-19T00:00:00.000,1,255,54,5196,5196,255,2020-06-19,1,54,0.0185185185185185,0.00352303018975074,1.12378943466036
Greene,2020-06-20T00:00:00.000,1,256,67,5263,5263,256,2020-06-20,1,67,0.0149253731343284,0.0034507937330495,1.12111577266043
Greene,2020-06-21T00:00:00.000,0,256,119,5382,5382,256,2020-06-21,0,119,0,0.00340072943507012,0
Greene,2020-06-22T00:00:00.000,0,256,110,5492,5492,256,2020-06-22,0,110,0,0.0033717464149353,0
Greene,2020-06-23T00:00:00.000,0,256,114,5606,5606,256,2020-06-23,0,114,0,0.00336301596235585,0
Greene,2020-06-24T00:00:00.000,1,257,158,5764,5764,257,2020-06-24,1,158,0.00632911392405063,0.00337394390092427,1.11413296608974
Greene,2020-06-25T00:00:00.000,0,257,126,5890,5890,257,2020-06-25,0,126,0,0.00340414369681665,0
Greene,2020-06-26T00:00:00.000,3,260,127,6017,6017,260,2020-06-26,3,127,0.0236220472440945,0.00345340957178964,3.33835390257743
Greene,2020-06-27T00:00:00.000,0,260,166,6183,6183,260,2020-06-27,0,166,0,0.00352168879121954,0
Greene,2020-06-28T00:00:00.000,0,260,58,6241,6241,260,2020-06-28,0,58,0,0.00360905223907434,0
Greene,2020-06-29T00:00:00.000,0,260,154,6395,6395,260,2020-06-29,0,154,0,0.00371566236704265,0
Greene,2020-06-30T00:00:00.000,0,260,72,6467,6467,260,2020-06-30,0,72,0,0.00384173762645469,0
Greene,2020-07-01T00:00:00.000,0,260,195,6662,6662,260,2020-07-01,0,195,0,0.00398751257484046,0
Greene,2020-07-02T00:00:00.000,3,263,99,6761,6761,263,2020-07-02,3,99,0.0303030303030303,0.00415319300941493,3.34644033091271
Greene,2020-07-03T00:00:00.000,0,263,106,6867,6867,263,2020-07-03,0,106,0,0.00433890573495943,0
Greene,2020-07-04T00:00:00.000,0,263,156,7023,7023,263,2020-07-04,0,156,0,0.0045446429408042,0
Greene,2020-07-05T00:00:00.000,0,263,115,7138,7138,263,2020-07-05,0,115,0,0.0047702016477632,0
Greene,2020-07-06T00:00:00.000,0,263,177,7315,7315,263,2020-07-06,0,177,0,0.0050151192952517,0
Greene,2020-07-07T00:00:00.000,0,263,151,7466,7466,263,2020-07-07,0,151,0,0.00527860725591129,0
Greene,2020-07-08T00:00:00.000,0,263,149,7615,7615,263,2020-07-08,0,149,0,0.00555948485876149,0
Greene,2020-07-09T00:00:00.000,1,264,329,7944,7944,264,2020-07-09,1,329,0.00303951367781155,0.00585611732024633,1.12972985503532
Greene,2020-07-10T00:00:00.000,1,265,143,8087,8087,265,2020-07-10,1,143,0.00699300699300699,0.00616636174644958,1.13242145129213
Greene,2020-07-11T00:00:00.000,1,266,55,8142,8142,266,2020-07-11,1,55,0.0181818181818182,0.00648752598465691,1.13488102796874
Greene,2020-07-12T00:00:00.000,0,266,56,8198,8198,266,2020-07-12,0,56,0,0.00681634545533801,0
Greene,2020-07-13T00:00:00.000,1,267,104,8302,8302,267,2020-07-13,1,104,0.00961538461538462,0.00714898306988103,1.13895411449271
Greene,2020-07-14T00:00:00.000,4,271,127,8429,8429,271,2020-07-14,4,127,0.031496062992126,0.00748105683786429,4.56199036689276
Greene,2020-07-15T00:00:00.000,0,271,133,8562,8562,271,2020-07-15,0,133,0,0.00780769871271129,0
Greene,2020-07-16T00:00:00.000,0,271,219,8781,8781,271,2020-07-16,0,219,0,0.0081236466059362,0
Greene,2020-07-17T00:00:00.000,0,271,147,8928,8928,271,2020-07-17,0,147,0,0.00842336936019582,0
Greene,2020-07-18T00:00:00.000,1,272,30,8958,8958,272,2020-07-18,1,30,0.0333333333333333,0.0087012219428832,1.14900516997969
Greene,2020-07-19T00:00:00.000,0,272,51,9009,9009,272,2020-07-19,0,51,0,0.00895162540613136,0
Greene,2020-07-20T00:00:00.000,0,272,148,9157,9157,272,2020-07-20,0,148,0,0.00916926352467912,0
Greene,2020-07-21T00:00:00.000,0,272,110,9267,9267,272,2020-07-21,0,110,0,0.00934928576758108,0
Greene,2020-07-22T00:00:00.000,1,273,80,9347,9347,273,2020-07-22,1,80,0.0125,0.00948750468882376,1.15733008360654
Greene,2020-07-23T00:00:00.000,5,278,212,9559,9559,278,2020-07-23,5,212,0.0235849056603774,0.00958057517426568,5.78358362441396
Greene,2020-07-24T00:00:00.000,1,279,110,9669,9669,279,2020-07-24,1,110,0.00909090909090909,0.00962614343409619,1.15995768778594
Greene,2020-07-25T00:00:00.000,2,281,59,9728,9728,281,2020-07-25,2,59,0.0338983050847458,0.00962295520955739,2.32426103610125
Greene,2020-07-26T00:00:00.000,1,282,48,9776,9776,282,2020-07-26,1,48,0.0208333333333333,0.00957091528121411,1.16276807026778
Greene,2020-07-27T00:00:00.000,1,283,100,9876,9876,283,2020-07-27,1,100,0.01,0.00947109379240721,1.16207621253362
Greene,2020-07-28T00:00:00.000,2,285,78,9954,9954,285,2020-07-28,2,78,0.0256410256410256,0.00932567879769222,2.32010869464644
Greene,2020-07-29T00:00:00.000,2,287,146,10100,10100,287,2020-07-29,2,146,0.0136986301369863,0.00913787841185666,2.31337986540247
Greene,2020-07-30T00:00:00.000,2,289,213,10313,10313,289,2020-07-30,2,213,0.00938967136150235,0.00891177956269319,2.30397548121351
Greene,2020-07-31T00:00:00.000,0,289,189,10502,10502,289,2020-07-31,0,189,0,0.0086521732645518,0
Greene,2020-08-01T00:00:00.000,0,289,54,10556,10556,289,2020-08-01,0,54,0,0.00836435827034524,0
Greene,2020-08-02T00:00:00.000,0,289,76,10632,10632,289,2020-08-02,0,76,0,0.00805393576849958,0
Greene,2020-08-03T00:00:00.000,0,289,132,10764,10764,289,2020-08-03,0,132,0,0.00772660747004159,0
Greene,2020-08-04T00:00:00.000,0,289,163,10927,10927,289,2020-08-04,0,163,0,0.00738798810186824,0
Greene,2020-08-05T00:00:00.000,1,290,107,11034,11034,290,2020-08-05,1,107,0.00934579439252336,0.0070434412115512,1.11607524804802
Greene,2020-08-06T00:00:00.000,1,291,149,11183,11183,291,2020-08-06,1,149,0.00671140939597315,0.00669794458867064,1.11097714525057
Greene,2020-08-07T00:00:00.000,0,291,94,11277,11277,291,2020-08-07,0,94,0,0.00635598883268334,0
Greene,2020-08-08T00:00:00.000,1,292,83,11360,11360,292,2020-08-08,1,83,0.0120481927710843,0.00602150992870488,1.10312750809986
Greene,2020-08-09T00:00:00.000,1,293,61,11421,11421,293,2020-08-09,1,61,0.0163934426229508,0.00569785436777311,1.09863651129278
Greene,2020-08-10T00:00:00.000,1,294,151,11572,11572,294,2020-08-10,1,151,0.00662251655629139,0.0053877735249588,1.09380472378259
Greene,2020-08-11T00:00:00.000,1,295,136,11708,11708,295,2020-08-11,1,136,0.00735294117647059,0.0050934427581873,1.08847836998944
Greene,2020-08-12T00:00:00.000,1,296,89,11797,11797,296,2020-08-12,1,89,0.0112359550561798,0.00481650002038901,1.08270334055633
Greene,2020-08-13T00:00:00.000,0,296,208,12005,12005,296,2020-08-13,0,208,0,0.00455809862594954,0
Greene,2020-08-14T00:00:00.000,1,297,240,12245,12245,297,2020-08-14,1,240,0.00416666666666667,0.00431896908158991,1.07211750410518
Greene,2020-08-15T00:00:00.000,1,298,133,12378,12378,298,2020-08-15,1,133,0.0075187969924812,0.00409948546553725,1.06966661296029
Greene,2020-08-16T00:00:00.000,0,298,45,12423,12423,298,2020-08-16,0,45,0,0.00389973259926409,0
Greene,2020-08-17T00:00:00.000,2,300,269,12692,12692,300,2020-08-17,2,269,0.00743494423791822,0.0037195710921014,2.12688234103439
Greene,2020-08-18T00:00:00.000,0,300,235,12927,12927,300,2020-08-18,0,235,0,0.00355869817031658,0
Greene,2020-08-19T00:00:00.000,1,301,164,13091,13091,301,2020-08-19,1,164,0.00609756097560976,0.00341670296118008,1.05588300260531
Greene,2020-08-20T00:00:00.000,3,304,293,13384,13384,304,2020-08-20,3,293,0.0102389078498294,0.003293115551476,3.15783447439771
Greene,2020-08-21T00:00:00.000,1,305,137,13521,13521,305,2020-08-21,1,137,0.0072992700729927,0.00318744966188653,1.04945633466946
Greene,2020-08-22T00:00:00.000,0,305,97,13618,13618,305,2020-08-22,0,97,0,0.00309923916895344,0
Greene,2020-08-23T00:00:00.000,0,305,49,13667,13667,305,2020-08-23,0,49,0,0.00302806897301268,0
Greene,2020-08-24T00:00:00.000,0,305,101,13768,13768,305,2020-08-24,0,101,0,0.00297360087297926,0
Greene,2020-08-25T00:00:00.000,1,306,101,13869,13869,306,2020-08-25,1,101,0.0099009900990099,0.00293559517929998,1.04457231166864
Greene,2020-08-26T00:00:00.000,0,306,182,14051,14051,306,2020-08-26,0,182,0,0.00291392879903549,0
Greene,2020-08-27T00:00:00.000,0,306,241,14292,14292,306,2020-08-27,0,241,0,0.00290861047422683,0
Greene,2020-08-28T00:00:00.000,1,307,228,14520,14520,307,2020-08-28,1,228,0.0043859649122807,0.00291979376332522,1.04374530024103
Greene,2020-08-29T00:00:00.000,0,307,147,14667,14667,307,2020-08-29,0,147,0,0.00294778823346491,0
Greene,2020-08-30T00:00:00.000,0,307,85,14752,14752,307,2020-08-30,0,85,0,0.00299306918972789,0
Greene,2020-08-31T00:00:00.000,2,309,138,14890,14890,309,2020-08-31,2,138,0.0144927536231884,0.00305628610736757,2.11316715476755
Greene,2020-09-01T00:00:00.000,1,310,107,14997,14997,310,2020-09-01,1,107,0.00934579439252336,0.00313826976087616,1.0619264436365
Greene,2020-09-02T00:00:00.000,0,310,186,15183,15183,310,2020-09-02,0,186,0,0.00324003785901931,0
Greene,2020-09-03T00:00:00.000,3,313,198,15381,15381,313,2020-09-03,3,198,0.0151515151515152,0.00336279880114267,3.22225587110021
Greene,2020-09-04T00:00:00.000,0,313,114,15495,15495,313,2020-09-04,0,114,0,0.00350795296763791,0
Greene,2020-09-05T00:00:00.000,1,314,105,15600,15600,314,2020-09-05,1,105,0.00952380952380952,0.00367709075287948,1.08800240536596
Greene,2020-09-06T00:00:00.000,0,314,41,15641,15641,314,2020-09-06,0,41,0,0.00387198634706549,0
Greene,2020-09-07T00:00:00.000,2,316,140,15781,15781,316,2020-09-07,2,140,0.0142857142857143,0.00409458608671248,2.20663027524735
Greene,2020-09-08T00:00:00.000,0,316,123,15904,15904,316,2020-09-08,0,123,0,0.00434699003552274,0
Greene,2020-09-09T00:00:00.000,1,317,86,15990,15990,317,2020-09-09,1,86,0.0116279069767442,0.00463142535061381,1.1192335542826
Greene,2020-09-10T00:00:00.000,0,317,233,16223,16223,317,2020-09-10,0,233,0,0.00495020995492531,0
Greene,2020-09-11T00:00:00.000,0,317,136,16359,16359,317,2020-09-11,0,136,0,0.00530570510815716,0
Greene,2020-09-12T00:00:00.000,1,318,221,16580,16580,318,2020-09-12,1,221,0.00452488687782805,0.0057002556727436,1.14778723358556
Greene,2020-09-13T00:00:00.000,0,318,42,16622,16622,318,2020-09-13,0,42,0,0.00613611724115131,0
Greene,2020-09-14T00:00:00.000,0,318,127,16749,16749,318,2020-09-14,0,127,0,0.0066153698475352,0
Greene,2020-09-15T00:00:00.000,0,318,106,16855,16855,318,2020-09-15,0,106,0,0.00713981874772819,0
Greene,2020-09-16T00:00:00.000,1,319,215,17070,17070,319,2020-09-16,1,215,0.00465116279069767,0.00771088370933272,1.18928369339761
Greene,2020-09-17T00:00:00.000,0,319,200,17270,17270,319,2020-09-17,0,200,0,0.00832947938500019,0
Greene,2020-09-18T00:00:00.000,0,319,176,17446,17446,319,2020-09-18,0,176,0,0.00899589059087901,0
Greene,2020-09-19T00:00:00.000,0,319,123,17569,17569,319,2020-09-19,0,123,0,0.00970964759163086,0
Greene,2020-09-20T00:00:00.000,1,320,56,17625,17625,320,2020-09-20,1,56,0.0178571428571429,0.0104694076945935,1.22179863144797
Greene,2020-09-21T00:00:00.000,1,321,94,17719,17719,321,2020-09-21,1,94,0.0106382978723404,0.0112728504296165,1.22730595487119
Greene,2020-09-22T00:00:00.000,0,321,103,17822,17822,321,2020-09-22,0,103,0,0.0121165942040737,0
Greene,2020-09-23T00:00:00.000,0,321,184,18006,18006,321,2020-09-23,0,184,0,0.0129961424146465,0
Greene,2020-09-24T00:00:00.000,2,323,268,18274,18274,323,2020-09-24,2,268,0.00746268656716418,0.0139058664643611,2.47747149588092
Greene,2020-09-25T00:00:00.000,0,323,102,18376,18376,323,2020-09-25,0,102,0,0.0148390319024854,0
Greene,2020-09-26T00:00:00.000,0,323,114,18490,18490,323,2020-09-26,0,114,0,0.0157878719708557,0
Greene,2020-09-27T00:00:00.000,0,323,62,18552,18552,323,2020-09-27,0,62,0,0.0167437102908369,0
Greene,2020-09-28T00:00:00.000,0,323,78,18630,18630,323,2020-09-28,0,78,0,0.0176971314160161,0
Greene,2020-09-29T00:00:00.000,2,325,181,18811,18811,325,2020-09-29,2,181,0.0110497237569061,0.0186381947393591,2.54741450119933
Greene,2020-09-30T00:00:00.000,3,328,254,19065,19065,328,2020-09-30,3,254,0.0118110236220472,0.0195566840736751,3.83487201786622
Greene,2020-10-01T00:00:00.000,6,334,192,19257,19257,334,2020-10-01,6,192,0.03125,0.0204423824108957,7.69069338449389
Greene,2020-10-02T00:00:00.000,6,340,205,19462,19462,340,2020-10-02,6,205,0.0292682926829268,0.0212853592029947,7.70507177914601
Greene,2020-10-03T00:00:00.000,7,347,194,19656,19656,347,2020-10-03,7,194,0.0360824742268041,0.0220762562223448,8.99840116857152
Greene,2020-10-04T00:00:00.000,1,348,167,19823,19823,348,2020-10-04,1,167,0.00598802395209581,0.0228065577881294,1.28571887201497
Greene,2020-10-05T00:00:00.000,5,353,128,19951,19951,353,2020-10-05,5,128,0.0390625,0.0234688319342795,6.42450409490508
Greene,2020-10-06T00:00:00.000,13,366,198,20149,20149,366,2020-10-06,13,198,0.0656565656565657,0.0240569308702626,16.6798141174303
Greene,2020-10-07T00:00:00.000,6,372,283,20432,20432,372,2020-10-07,6,283,0.0212014134275618,0.0245661416770289,7.68145291860688
Greene,2020-10-08T00:00:00.000,5,377,266,20698,20698,377,2020-10-08,5,266,0.018796992481203,0.024993281345962,6.3824172447963
Greene,2020-10-09T00:00:00.000,2,379,344,21042,21042,379,2020-10-09,2,344,0.00581395348837209,0.025336733718995,2.54342839253908
Greene,2020-10-10T00:00:00.000,4,383,211,21253,21253,383,2020-10-10,4,211,0.018957345971564,0.0255964293219324,5.06440155409713
Greene,2020-10-11T00:00:00.000,5,388,188,21441,21441,388,2020-10-11,5,188,0.0265957446808511,0.0257737722319549,6.29863451664342
Greene,2020-10-12T00:00:00.000,41,429,345,21786,21786,429,2020-10-12,41,345,0.118840579710145,0.0258715207456991,51.3587989752946
Greene,2020-10-13T00:00:00.000,17,446,310,22096,22096,446,2020-10-13,17,310,0.0548387096774194,0.0258936305772013,21.1640190205367
Greene,2020-10-14T00:00:00.000,8,454,385,22481,22481,454,2020-10-14,8,385,0.0207792207792208,0.0258450705115073,9.90168420666395
Greene,2020-10-15T00:00:00.000,10,464,330,22811,22811,464,2020-10-15,10,330,0.0303030303030303,0.0257316208848688,12.308479006893
Greene,2020-10-16T00:00:00.000,1,465,314,23125,23125,465,2020-10-16,1,314,0.00318471337579618,0.0255596649964854,1.22582845876862
Greene,2020-10-17T00:00:00.000,7,472,176,23301,23301,472,2020-10-17,7,176,0.0397727272727273,0.0253359827066885,8.54715276969944
Greene,2020-10-18T00:00:00.000,2,474,96,23397,23397,474,2020-10-18,2,96,0.0208333333333333,0.0250675541737767,2.43225427069828
Greene,2020-10-19T00:00:00.000,3,477,126,23523,23523,477,2020-10-19,3,126,0.0238095238095238,0.0247613800873675,3.63615756861696
Greene,2020-10-20T00:00:00.000,5,482,203,23726,23726,482,2020-10-20,5,203,0.0246305418719212,0.0244243230374296,6.04557338841832
Greene,2020-10-21T00:00:00.000,5,487,240,23966,23966,487,2020-10-21,5,240,0.0208333333333333,0.0240629729345267,6.02961242173263
Greene,2020-10-22T00:00:00.000,1,488,303,24269,24269,488,2020-10-22,1,303,0.0033003300330033,0.0236835378063346,1.20297799438189
Greene,2020-10-23T00:00:00.000,1,489,287,24556,24556,489,2020-10-23,1,287,0.00348432055749129,0.0232917599071023,1.19947818115432
Greene,2020-10-24T00:00:00.000,1,490,142,24698,24698,490,2020-10-24,1,142,0.00704225352112676,0.0228928559474105,1.19544563537172
Greene,2020-10-25T00:00:00.000,5,495,197,24895,24895,495,2020-10-25,5,197,0.0253807106598985,0.0224914794120029,5.95452483471138
Greene,2020-10-26T00:00:00.000,6,501,274,25169,25169,501,2020-10-26,6,274,0.0218978102189781,0.022091702359992,7.11529502421291
Greene,2020-10-27T00:00:00.000,4,505,191,25360,25360,505,2020-10-27,4,191,0.0209424083769634,0.0216970138073088,4.72162397528965
Greene,2020-10-28T00:00:00.000,2,507,255,25615,25615,507,2020-10-28,2,255,0.00784313725490196,0.0213103316915972,2.34900861907932
Greene,2020-10-29T00:00:00.000,3,510,169,25784,25784,510,2020-10-29,3,169,0.0177514792899408,0.020934025527559,3.50462150338714
Greene,2020-10-30T00:00:00.000,5,515,435,26219,26219,515,2020-10-30,5,435,0.0114942528735632,0.0205699470751315,5.80772429558904
Greene,2020-10-31T00:00:00.000,1,516,303,26522,26522,516,2020-10-31,1,303,0.0033003300330033,0.0202194666710693,1.15454799388475
Greene,2020-11-01T00:00:00.000,1,517,256,26778,26778,517,2020-11-01,1,256,0.00390625,0.0198835132299183,1.1472472648397
Greene,2020-11-02T00:00:00.000,1,518,319,27097,27097,518,2020-11-02,1,319,0.00313479623824451,0.0195626163149358,1.13967322656409
Greene,2020-11-03T00:00:00.000,5,523,528,27625,27625,523,2020-11-03,5,528,0.00946969696969697,0.0192569490469384,5.65928045736768
Greene,2020-11-04T00:00:00.000,0,523,193,27818,27818,523,2020-11-04,0,193,0,0.018966370968771,0
Greene,2020-11-05T00:00:00.000,4,527,252,28070,28070,527,2020-11-05,4,252,0.0158730158730159,0.0186904702869532,4.4624422075901
Greene,2020-11-06T00:00:00.000,25,552,332,28402,28402,552,2020-11-06,25,332,0.0753012048192771,0.0184286051612861,27.6809807690025
Greene,2020-11-07T00:00:00.000,3,555,128,28530,28530,555,2020-11-07,3,128,0.0234375,0.0181799439179129,3.29621598728655
Greene,2020-11-08T00:00:00.000,3,558,73,28603,28603,558,2020-11-08,3,73,0.0410958904109589,0.0179435041964771,3.27018201748267
Greene,2020-11-09T00:00:00.000,5,563,267,28870,28870,563,2020-11-09,5,267,0.0187265917602996,0.0177181911394206,5.40819057265786
Greene,2020-11-10T00:00:00.000,1,564,208,29078,29078,564,2020-11-10,1,208,0.00480769230769231,0.0175028347658026,1.07519323023421
Greene,2020-11-11T00:00:00.000,10,574,303,29381,29381,574,2020-11-11,10,303,0.033003300330033,0.0172962266780715,10.6981037724098
Greene,2020-11-12T00:00:00.000,4,578,324,29705,29705,578,2020-11-12,4,324,0.0123456790123457,0.0170971562082857,4.27227655733045
Greene,2020-11-13T00:00:00.000,5,583,226,29931,29931,583,2020-11-13,5,226,0.0221238938053097,0.0169044460506187,5.33187552958797
Greene,2020-11-14T00:00:00.000,2,585,93,30024,30024,585,2020-11-14,2,93,0.021505376344086,0.0167169873516596,2.12942086832435
Greene,2020-11-15T00:00:00.000,2,587,147,30171,30171,587,2020-11-15,2,147,0.0136054421768707,0.0165337741414321,2.12611796116912
Greene,2020-11-16T00:00:00.000,6,593,245,30416,30416,593,2020-11-16,6,245,0.0244897959183673,0.0163539369152128,6.36844250014831
Greene,2020-11-17T00:00:00.000,3,596,193,30609,30609,596,2020-11-17,3,193,0.0155440414507772,0.016176775115727,3.17923200621048
Greene,2020-11-18T00:00:00.000,4,600,288,30897,30897,600,2020-11-18,4,288,0.0138888888888889,0.0160017882350206,4.23224929086251
Hamilton,2020-03-01T00:00:00.000,0,0,0,0,0,0,2020-03-01,0,0,0.5,0.287947958455166,0
Hamilton,2020-03-02T00:00:00.000,0,0,0,0,0,0,2020-03-02,0,0,0.5,0.278914487372339,0
Hamilton,2020-03-03T00:00:00.000,0,0,0,0,0,0,2020-03-03,0,0,0.5,0.270059288539145,0
Hamilton,2020-03-04T00:00:00.000,0,0,0,0,0,0,2020-03-04,0,0,0.5,0.261389339728709,0
Hamilton,2020-03-05T00:00:00.000,0,0,0,0,0,0,2020-03-05,0,0,0.5,0.252912236184681,0
Hamilton,2020-03-06T00:00:00.000,0,0,0,0,0,0,2020-03-06,0,0,0.5,0.24463576833449,0
Hamilton,2020-03-07T00:00:00.000,0,0,0,0,0,0,2020-03-07,0,0,0.5,0.236567542167656,0
Hamilton,2020-03-08T00:00:00.000,0,0,0,0,0,0,2020-03-08,0,0,0.5,0.228714646158718,0
Hamilton,2020-03-09T00:00:00.000,0,0,0,0,0,0,2020-03-09,0,0,0.5,0.221083367356842,0
Hamilton,2020-03-10T00:00:00.000,0,0,0,0,0,0,2020-03-10,0,0,0.5,0.213678957855534,0
Hamilton,2020-03-11T00:00:00.000,0,0,0,0,0,0,2020-03-11,0,0,0.5,0.206505451532848,0
Hamilton,2020-03-12T00:00:00.000,0,0,0,0,0,0,2020-03-12,0,0,0.5,0.199565529649584,0
Hamilton,2020-03-13T00:00:00.000,0,0,0,0,0,0,2020-03-13,0,0,0.5,0.192860432761592,0
Hamilton,2020-03-14T00:00:00.000,0,0,0,0,0,0,2020-03-14,0,0,0.5,0.186389915481703,0
Hamilton,2020-03-15T00:00:00.000,0,0,0,0,0,0,2020-03-15,0,0,0.5,0.180152239897259,0
Hamilton,2020-03-16T00:00:00.000,0,0,0,0,0,0,2020-03-16,0,0,0.5,0.174144203035828,0
Hamilton,2020-03-17T00:00:00.000,1,1,2,2,2,1,2020-03-17,1,2,0.5,0.168361193517756,1.35543059309726
Hamilton,2020-03-18T00:00:00.000,1,2,8,10,10,2,2020-03-18,1,8,0.125,0.162797272598845,1.32229562235754
Hamilton,2020-03-19T00:00:00.000,0,2,0,10,10,2,2020-03-19,0,0,0.0625,0.157445274974933,0
Hamilton,2020-03-20T00:00:00.000,0,2,1,11,11,2,2020-03-20,0,1,0,0.152296925128385,0
Hamilton,2020-03-21T00:00:00.000,0,2,0,11,11,2,2020-03-21,0,0,0,0.147342965444698,0
Hamilton,2020-03-22T00:00:00.000,0,2,0,11,11,2,2020-03-22,0,0,0,0.142573292892572,0
Hamilton,2020-03-23T00:00:00.000,0,2,2,13,13,2,2020-03-23,0,2,0,0.13797710161158,0
Hamilton,2020-03-24T00:00:00.000,0,2,1,14,14,2,2020-03-24,0,1,0,0.133543029309558,0
Hamilton,2020-03-25T00:00:00.000,0,2,0,14,14,2,2020-03-25,0,0,0,0.12925930586055,0
Hamilton,2020-03-26T00:00:00.000,0,2,0,14,14,2,2020-03-26,0,0,0,0.125113902907208,0
Hamilton,2020-03-27T00:00:00.000,0,2,0,14,14,2,2020-03-27,0,0,0,0.121094683587048,0
Hamilton,2020-03-28T00:00:00.000,0,2,0,14,14,2,2020-03-28,0,0,0,0.117189551707523,0
Hamilton,2020-03-29T00:00:00.000,0,2,0,14,14,2,2020-03-29,0,0,0,0.113386599759643,0
Hamilton,2020-03-30T00:00:00.000,0,2,0,14,14,2,2020-03-30,0,0,0,0.109674255140385,0
Hamilton,2020-03-31T00:00:00.000,0,2,0,14,14,2,2020-03-31,0,0,0,0.106041423790755,0
Hamilton,2020-04-01T00:00:00.000,0,2,3,17,17,2,2020-04-01,0,3,0,0.102477630217063,0
Hamilton,2020-04-02T00:00:00.000,0,2,0,17,17,2,2020-04-02,0,0,0.142857142857143,0.0989731525364339,0
Hamilton,2020-04-03T00:00:00.000,0,2,0,17,17,2,2020-04-03,0,0,0.285714285714286,0.095519150821019,0
Hamilton,2020-04-04T00:00:00.000,0,2,0,17,17,2,2020-04-04,0,0,0.428571428571429,0.0921077866140957,0
Hamilton,2020-04-05T00:00:00.000,0,2,0,17,17,2,2020-04-05,0,0,0.571428571428571,0.0887323311221695,0
Hamilton,2020-04-06T00:00:00.000,0,2,0,17,17,2,2020-04-06,0,0,0.714285714285714,0.0853872592678326,0
Hamilton,2020-04-07T00:00:00.000,0,2,0,17,17,2,2020-04-07,0,0,0.857142857142857,0.0820683265556112,0
Hamilton,2020-04-08T00:00:00.000,1,3,1,18,18,3,2020-04-08,1,1,1,0.0787726256186533,1.1055304663384
Hamilton,2020-04-09T00:00:00.000,0,3,0,18,18,3,2020-04-09,0,0,0.5,0.0754986193928769,0
Hamilton,2020-04-10T00:00:00.000,0,3,1,19,19,3,2020-04-10,0,1,0,0.072246148130178,0
Hamilton,2020-04-11T00:00:00.000,0,3,0,19,19,3,2020-04-11,0,0,0,0.0690164079725926,0
Hamilton,2020-04-12T00:00:00.000,0,3,1,20,20,3,2020-04-12,0,1,0,0.0658118994969071,0
Hamilton,2020-04-13T00:00:00.000,0,3,0,20,20,3,2020-04-13,0,0,0,0.0626363455777345,0
Hamilton,2020-04-14T00:00:00.000,0,3,0,20,20,3,2020-04-14,0,0,0,0.0594945789932548,0
Hamilton,2020-04-15T00:00:00.000,0,3,0,20,20,3,2020-04-15,0,0,0,0.0563924014334125,0
Hamilton,2020-04-16T00:00:00.000,0,3,6,26,26,3,2020-04-16,0,6,0,0.0533364168383158,0
Hamilton,2020-04-17T00:00:00.000,0,3,1,27,27,3,2020-04-17,0,1,0,0.0503338432639359,0
Hamilton,2020-04-18T00:00:00.000,0,3,1,28,28,3,2020-04-18,0,1,0,0.0473923086215242,0
Hamilton,2020-04-19T00:00:00.000,0,3,0,28,28,3,2020-04-19,0,0,0,0.0445196365869445,0
Hamilton,2020-04-20T00:00:00.000,0,3,0,28,28,3,2020-04-20,0,0,0,0.0417236296566991,0
Hamilton,2020-04-21T00:00:00.000,0,3,1,29,29,3,2020-04-21,0,1,0,0.0390118566459528,0
Hamilton,2020-04-22T00:00:00.000,0,3,0,29,29,3,2020-04-22,0,0,0,0.0363914518669335,0
Hamilton,2020-04-23T00:00:00.000,0,3,0,29,29,3,2020-04-23,0,0,0,0.0338689327645633,0
Hamilton,2020-04-24T00:00:00.000,0,3,3,32,32,3,2020-04-24,0,3,0,0.0314500419385672,0
Hamilton,2020-04-25T00:00:00.000,0,3,1,33,33,3,2020-04-25,0,1,0,0.0291396183175319,0
Hamilton,2020-04-26T00:00:00.000,0,3,2,35,35,3,2020-04-26,0,2,0,0.0269415008253936,0
Hamilton,2020-04-27T00:00:00.000,0,3,1,36,36,3,2020-04-27,0,1,0,0.024858466320082,0
Hamilton,2020-04-28T00:00:00.000,0,3,2,38,38,3,2020-04-28,0,2,0,0.0228922019739803,0
Hamilton,2020-04-29T00:00:00.000,0,3,0,38,38,3,2020-04-29,0,0,0,0.021043310736918,0
Hamilton,2020-04-30T00:00:00.000,0,3,2,40,40,3,2020-04-30,0,2,0,0.0193113471591716,0
Hamilton,2020-05-01T00:00:00.000,0,3,3,43,43,3,2020-05-01,0,3,0,0.0176948797372126,0
Hamilton,2020-05-02T00:00:00.000,0,3,1,44,44,3,2020-05-02,0,1,0,0.0161915751377549,0
Hamilton,2020-05-03T00:00:00.000,0,3,2,46,46,3,2020-05-03,0,2,0,0.0147982991704933,0
Hamilton,2020-05-04T00:00:00.000,0,3,1,47,47,3,2020-05-04,0,1,0,0.0135112292216766,0
Hamilton,2020-05-05T00:00:00.000,2,5,6,53,53,5,2020-05-05,2,6,0.333333333333333,0.0123259729999851,2.14019466363383
Hamilton,2020-05-06T00:00:00.000,0,5,0,53,53,5,2020-05-06,0,0,0.166666666666667,0.0112376888309575,0
Hamilton,2020-05-07T00:00:00.000,0,5,4,57,57,5,2020-05-07,0,4,0,0.0102412033178719,0
Hamilton,2020-05-08T00:00:00.000,0,5,3,60,60,5,2020-05-08,0,3,0,0.00933112289147636,0
Hamilton,2020-05-09T00:00:00.000,0,5,1,61,61,5,2020-05-09,0,1,0,0.00850193654147638,0
Hamilton,2020-05-10T00:00:00.000,0,5,0,61,61,5,2020-05-10,0,0,0,0.00774810780108589,0
Hamilton,2020-05-11T00:00:00.000,0,5,0,61,61,5,2020-05-11,0,0,0,0.00706415479442619,0
Hamilton,2020-05-12T00:00:00.000,0,5,6,67,67,5,2020-05-12,0,6,0,0.00644471782004021,0
Hamilton,2020-05-13T00:00:00.000,0,5,45,112,112,5,2020-05-13,0,45,0,0.00588461450990039,0
Hamilton,2020-05-14T00:00:00.000,0,5,10,122,122,5,2020-05-14,0,10,0,0.00537888305896249,0
Hamilton,2020-05-15T00:00:00.000,0,5,34,156,156,5,2020-05-15,0,34,0,0.00492281436309288,0
Hamilton,2020-05-16T00:00:00.000,0,5,139,295,295,5,2020-05-16,0,139,0,0.00451197414032064,0
Hamilton,2020-05-17T00:00:00.000,0,5,35,330,330,5,2020-05-17,0,35,0,0.00414221624986698,0
Hamilton,2020-05-18T00:00:00.000,0,5,2,332,332,5,2020-05-18,0,2,0,0.00380968848289587,0
Hamilton,2020-05-19T00:00:00.000,0,5,10,342,342,5,2020-05-19,0,10,0,0.00351083209037883,0
Hamilton,2020-05-20T00:00:00.000,0,5,12,354,354,5,2020-05-20,0,12,0,0.00324237625691155,0
Hamilton,2020-05-21T00:00:00.000,0,5,8,362,362,5,2020-05-21,0,8,0,0.00300132863552839,0
Hamilton,2020-05-22T00:00:00.000,0,5,38,400,400,5,2020-05-22,0,38,0,0.00278496294341599,0
Hamilton,2020-05-23T00:00:00.000,0,5,3,403,403,5,2020-05-23,0,3,0,0.00259080449164255,0
Hamilton,2020-05-24T00:00:00.000,0,5,3,406,406,5,2020-05-24,0,3,0,0.00241661439193304,0
Hamilton,2020-05-25T00:00:00.000,0,5,5,411,411,5,2020-05-25,0,5,0,0.00226037305804154,0
Hamilton,2020-05-26T00:00:00.000,0,5,1,412,412,5,2020-05-26,0,1,0,0.00212026350097524,0
Hamilton,2020-05-27T00:00:00.000,0,5,3,415,415,5,2020-05-27,0,3,0,0.0019946548112892,0
Hamilton,2020-05-28T00:00:00.000,0,5,4,419,419,5,2020-05-28,0,4,0,0.00188208612753924,0
Hamilton,2020-05-29T00:00:00.000,0,5,3,422,422,5,2020-05-29,0,3,0,0.00178125130953164,0
Hamilton,2020-05-30T00:00:00.000,0,5,22,444,444,5,2020-05-30,0,22,0,0.00169098446737088,0
Hamilton,2020-05-31T00:00:00.000,0,5,5,449,449,5,2020-05-31,0,5,0,0.00161024644191125,0
Hamilton,2020-06-01T00:00:00.000,0,5,1,450,450,5,2020-06-01,0,1,0,0.00153811228764114,0
Hamilton,2020-06-02T00:00:00.000,0,5,2,452,452,5,2020-06-02,0,2,0,0.00147375977451567,0
Hamilton,2020-06-03T00:00:00.000,0,5,74,526,526,5,2020-06-03,0,74,0,0.00141645889885561,0
Hamilton,2020-06-04T00:00:00.000,0,5,8,534,534,5,2020-06-04,0,8,0,0.00136556237406677,0
Hamilton,2020-06-05T00:00:00.000,0,5,7,541,541,5,2020-06-05,0,7,0,0.00132049705864646,0
Hamilton,2020-06-06T00:00:00.000,0,5,38,579,579,5,2020-06-06,0,38,0,0.00128075627007355,0
Hamilton,2020-06-07T00:00:00.000,0,5,8,587,587,5,2020-06-07,0,8,0,0.00124589292809314,0
Hamilton,2020-06-08T00:00:00.000,0,5,4,591,591,5,2020-06-08,0,4,0,0.00121551346874723,0
Hamilton,2020-06-09T00:00:00.000,0,5,7,598,598,5,2020-06-09,0,7,0,0.00118927247050634,0
Hamilton,2020-06-10T00:00:00.000,0,5,5,603,603,5,2020-06-10,0,5,0,0.00116686793529123,0
Hamilton,2020-06-11T00:00:00.000,0,5,13,616,616,5,2020-06-11,0,13,0,0.00114803716986805,0
Hamilton,2020-06-12T00:00:00.000,0,5,6,622,622,5,2020-06-12,0,6,0,0.00113255321649889,0
Hamilton,2020-06-13T00:00:00.000,1,6,27,649,649,6,2020-06-13,1,27,0.037037037037037,0.00112022178551909,0.997331638400829
Hamilton,2020-06-14T00:00:00.000,0,6,12,661,661,6,2020-06-14,0,12,0,0.00111087864662529,0
Hamilton,2020-06-15T00:00:00.000,0,6,1,662,662,6,2020-06-15,0,1,0,0.00110438743978819,0
Hamilton,2020-06-16T00:00:00.000,0,6,6,668,668,6,2020-06-16,0,6,0,0.00110063787088785,0
Hamilton,2020-06-17T00:00:00.000,0,6,12,680,680,6,2020-06-17,0,12,0,0.00109954426121477,0
Hamilton,2020-06-18T00:00:00.000,0,6,6,686,686,6,2020-06-18,0,6,0,0.00110104442387947,0
Hamilton,2020-06-19T00:00:00.000,0,6,4,690,690,6,2020-06-19,0,4,0,0.00110509884399805,0
Hamilton,2020-06-20T00:00:00.000,0,6,57,747,747,6,2020-06-20,0,57,0,0.00111169014306504,0
Hamilton,2020-06-21T00:00:00.000,0,6,8,755,755,6,2020-06-21,0,8,0,0.00112082281137683,0
Hamilton,2020-06-22T00:00:00.000,0,6,1,756,756,6,2020-06-22,0,1,0,0.00113252319559128,0
Hamilton,2020-06-23T00:00:00.000,0,6,7,763,763,6,2020-06-23,0,7,0,0.00114683973155541,0
Hamilton,2020-06-24T00:00:00.000,0,6,10,773,773,6,2020-06-24,0,10,0,0.00116384341524713,0
Hamilton,2020-06-25T00:00:00.000,0,6,2,775,775,6,2020-06-25,0,2,0,0.00118362850739627,0
Hamilton,2020-06-26T00:00:00.000,0,6,3,778,778,6,2020-06-26,0,3,0,0.00120631346929523,0
Hamilton,2020-06-27T00:00:00.000,0,6,35,813,813,6,2020-06-27,0,35,0,0.00123204212934123,0
Hamilton,2020-06-28T00:00:00.000,0,6,5,818,818,6,2020-06-28,0,5,0,0.00126098508100272,0
Hamilton,2020-06-29T00:00:00.000,0,6,6,824,824,6,2020-06-29,0,6,0,0.0012933413135403,0
Hamilton,2020-06-30T00:00:00.000,0,6,2,826,826,6,2020-06-30,0,2,0,0.00132934007668758,0
Hamilton,2020-07-01T00:00:00.000,0,6,10,836,836,6,2020-07-01,0,10,0,0.00136924297918181,0
Hamilton,2020-07-02T00:00:00.000,0,6,13,849,849,6,2020-07-02,0,13,0,0.0014133463185217,0
Hamilton,2020-07-03T00:00:00.000,0,6,52,901,901,6,2020-07-03,0,52,0,0.00146198363528939,0
Hamilton,2020-07-04T00:00:00.000,0,6,9,910,910,6,2020-07-04,0,9,0,0.00151552847911382,0
Hamilton,2020-07-05T00:00:00.000,0,6,8,918,918,6,2020-07-05,0,8,0,0.00157439736505753,0
Hamilton,2020-07-06T00:00:00.000,0,6,1,919,919,6,2020-07-06,0,1,0,0.00163905288777377,0
Hamilton,2020-07-07T00:00:00.000,0,6,5,924,924,6,2020-07-07,0,5,0,0.00171000694609494,0
Hamilton,2020-07-08T00:00:00.000,0,6,3,927,927,6,2020-07-08,0,3,0,0.00178782401211705,0
Hamilton,2020-07-09T00:00:00.000,0,6,11,938,938,6,2020-07-09,0,11,0,0.00187312435549809,0
Hamilton,2020-07-10T00:00:00.000,0,6,9,947,947,6,2020-07-10,0,9,0,0.00196658710545619,0
Hamilton,2020-07-11T00:00:00.000,0,6,3,950,950,6,2020-07-11,0,3,0,0.00206895299882842,0
Hamilton,2020-07-12T00:00:00.000,0,6,10,960,960,6,2020-07-12,0,10,0,0.00218102662231538,0
Hamilton,2020-07-13T00:00:00.000,0,6,16,976,976,6,2020-07-13,0,16,0,0.00230367791076647,0
Hamilton,2020-07-14T00:00:00.000,0,6,85,1061,1061,6,2020-07-14,0,85,0,0.00243784261036708,0
Hamilton,2020-07-15T00:00:00.000,0,6,8,1069,1069,6,2020-07-15,0,8,0,0.00258452135771441,0
Hamilton,2020-07-16T00:00:00.000,0,6,10,1079,1079,6,2020-07-16,0,10,0,0.002744776962955,0
Hamilton,2020-07-17T00:00:00.000,0,6,9,1088,1088,6,2020-07-17,0,9,0,0.0029197294208147,0
Hamilton,2020-07-18T00:00:00.000,0,6,42,1130,1130,6,2020-07-18,0,42,0,0.00311054810994947,0
Hamilton,2020-07-19T00:00:00.000,0,6,3,1133,1133,6,2020-07-19,0,3,0,0.00331844058380862,0
Hamilton,2020-07-20T00:00:00.000,0,6,6,1139,1139,6,2020-07-20,0,6,0,0.00354463731104948,0
Hamilton,2020-07-21T00:00:00.000,0,6,6,1145,1145,6,2020-07-21,0,6,0,0.00379037169923992,0
Hamilton,2020-07-22T00:00:00.000,0,6,9,1154,1154,6,2020-07-22,0,9,0,0.00405685474051735,0
Hamilton,2020-07-23T00:00:00.000,1,7,23,1177,1177,7,2020-07-23,1,23,0.0434782608695652,0.004345243665828,1.06878234282118
Hamilton,2020-07-24T00:00:00.000,0,7,11,1188,1188,7,2020-07-24,0,11,0,0.00465660409531952,0
Hamilton,2020-07-25T00:00:00.000,0,7,32,1220,1220,7,2020-07-25,0,32,0,0.00499186534198651,0
Hamilton,2020-07-26T00:00:00.000,0,7,37,1257,1257,7,2020-07-26,0,37,0,0.00535176877480208,0
Hamilton,2020-07-27T00:00:00.000,0,7,10,1267,1267,7,2020-07-27,0,10,0,0.00573680948674439,0
Hamilton,2020-07-28T00:00:00.000,0,7,2,1269,1269,7,2020-07-28,0,2,0,0.00614717194846676,0
Hamilton,2020-07-29T00:00:00.000,0,7,4,1273,1273,7,2020-07-29,0,4,0,0.00658266085872674,0
Hamilton,2020-07-30T00:00:00.000,0,7,8,1281,1281,7,2020-07-30,0,8,0,0.00704262901626428,0
Hamilton,2020-07-31T00:00:00.000,0,7,9,1290,1290,7,2020-07-31,0,9,0,0.00752590471514111,0
Hamilton,2020-08-01T00:00:00.000,0,7,8,1298,1298,7,2020-08-01,0,8,0,0.00803072186601391,0
Hamilton,2020-08-02T00:00:00.000,0,7,13,1311,1311,7,2020-08-02,0,13,0,0.00855465672243669,0
Hamilton,2020-08-03T00:00:00.000,0,7,56,1367,1367,7,2020-08-03,0,56,0,0.00909457567641095,0
Hamilton,2020-08-04T00:00:00.000,0,7,17,1384,1384,7,2020-08-04,0,17,0,0.00964659900508714,0
Hamilton,2020-08-05T00:00:00.000,1,8,16,1400,1400,8,2020-08-05,1,16,0.0625,0.0102060856195481,1.15824626371411
Hamilton,2020-08-06T00:00:00.000,0,8,7,1407,1407,8,2020-08-06,0,7,0,0.0107676437076188,0
Hamilton,2020-08-07T00:00:00.000,0,8,7,1414,1414,8,2020-08-07,0,7,0,0.0113251716050349,0
Hamilton,2020-08-08T00:00:00.000,0,8,43,1457,1457,8,2020-08-08,0,43,0,0.0118719322332183,0
Hamilton,2020-08-09T00:00:00.000,0,8,2,1459,1459,8,2020-08-09,0,2,0,0.0124006629955721,0
Hamilton,2020-08-10T00:00:00.000,0,8,5,1464,1464,8,2020-08-10,0,5,0,0.0129037211607834,0
Hamilton,2020-08-11T00:00:00.000,0,8,3,1467,1467,8,2020-08-11,0,3,0,0.0133732625704323,0
Hamilton,2020-08-12T00:00:00.000,0,8,8,1475,1475,8,2020-08-12,0,8,0,0.0138014491184205,0
Hamilton,2020-08-13T00:00:00.000,0,8,17,1492,1492,8,2020-08-13,0,17,0,0.0141806780420345,0
Hamilton,2020-08-14T00:00:00.000,0,8,6,1498,1498,8,2020-08-14,0,6,0,0.0145038238480555,0
Hamilton,2020-08-15T00:00:00.000,3,11,42,1540,1540,11,2020-08-15,3,42,0.0714285714285714,0.0147644818909613,3.64769553299751
Hamilton,2020-08-16T00:00:00.000,0,11,1,1541,1541,11,2020-08-16,0,1,0,0.0149572014293621,0
Hamilton,2020-08-17T00:00:00.000,0,11,6,1547,1547,11,2020-08-17,0,6,0,0.0150776955890211,0
Hamilton,2020-08-18T00:00:00.000,0,11,8,1555,1555,11,2020-08-18,0,8,0,0.0151230161563025,0
Hamilton,2020-08-19T00:00:00.000,1,12,46,1601,1601,12,2020-08-19,1,46,0.0217391304347826,0.0150916825536752,1.22497956101821
Hamilton,2020-08-20T00:00:00.000,0,12,6,1607,1607,12,2020-08-20,0,6,0,0.0149837566500903,0
Hamilton,2020-08-21T00:00:00.000,0,12,12,1619,1619,12,2020-08-21,0,12,0,0.0148008580829737,0
Hamilton,2020-08-22T00:00:00.000,0,12,10,1629,1629,12,2020-08-22,0,10,0,0.0145461182940308,0
Hamilton,2020-08-23T00:00:00.000,0,12,7,1636,1636,12,2020-08-23,0,7,0,0.0142240752260815,0
Hamilton,2020-08-24T00:00:00.000,1,13,14,1650,1650,13,2020-08-24,1,14,0.0714285714285714,0.0138405142691829,1.21926490106714
Hamilton,2020-08-25T00:00:00.000,0,13,6,1656,1656,13,2020-08-25,0,6,0,0.0134022642847747,0
Hamilton,2020-08-26T00:00:00.000,0,13,21,1677,1677,13,2020-08-26,0,21,0,0.0129169600892211,0
Hamilton,2020-08-27T00:00:00.000,1,14,45,1722,1722,14,2020-08-27,1,45,0.0222222222222222,0.0123927844464079,1.20475350978522
Hamilton,2020-08-28T00:00:00.000,0,14,19,1741,1741,14,2020-08-28,0,19,0,0.0118382032791563,0
Hamilton,2020-08-29T00:00:00.000,0,14,5,1746,1746,14,2020-08-29,0,5,0,0.0112617074515847,0
Hamilton,2020-08-30T00:00:00.000,0,14,7,1753,1753,14,2020-08-30,0,7,0,0.0106715731757,0
Hamilton,2020-08-31T00:00:00.000,0,14,9,1762,1762,14,2020-08-31,0,9,0,0.0100756510346854,0
Hamilton,2020-09-01T00:00:00.000,0,14,7,1769,1769,14,2020-09-01,0,7,0,0.00948119101759193,0
Hamilton,2020-09-02T00:00:00.000,0,14,12,1781,1781,14,2020-09-02,0,12,0,0.00889470809656411,0
Hamilton,2020-09-03T00:00:00.000,0,14,33,1814,1814,14,2020-09-03,0,33,0,0.00832189001004106,0
Hamilton,2020-09-04T00:00:00.000,0,14,32,1846,1846,14,2020-09-04,0,32,0,0.00776754628332392,0
Hamilton,2020-09-05T00:00:00.000,0,14,15,1861,1861,14,2020-09-05,0,15,0,0.00723559530247909,0
Hamilton,2020-09-06T00:00:00.000,0,14,6,1867,1867,14,2020-09-06,0,6,0,0.00672908458176323,0
Hamilton,2020-09-07T00:00:00.000,0,14,9,1876,1876,14,2020-09-07,0,9,0,0.0062502382770285,0
Hamilton,2020-09-08T00:00:00.000,0,14,7,1883,1883,14,2020-09-08,0,7,0,0.00580052548810769,0
Hamilton,2020-09-09T00:00:00.000,0,14,8,1891,1891,14,2020-09-09,0,8,0,0.00538074289671762,0
Hamilton,2020-09-10T00:00:00.000,0,14,52,1943,1943,14,2020-09-10,0,52,0,0.00499110570898375,0
Hamilton,2020-09-11T00:00:00.000,0,14,14,1957,1957,14,2020-09-11,0,14,0,0.00463134159438977,0
Hamilton,2020-09-12T00:00:00.000,0,14,7,1964,1964,14,2020-09-12,0,7,0,0.00430078322196815,0
Hamilton,2020-09-13T00:00:00.000,0,14,3,1967,1967,14,2020-09-13,0,3,0,0.00399845598031018,0
Hamilton,2020-09-14T00:00:00.000,0,14,8,1975,1975,14,2020-09-14,0,8,0,0.00372315844345465,0
Hamilton,2020-09-15T00:00:00.000,0,14,5,1980,1980,14,2020-09-15,0,5,0,0.00347353404163367,0
Hamilton,2020-09-16T00:00:00.000,0,14,1,1981,1981,14,2020-09-16,0,1,0,0.00324813317255339,0
Hamilton,2020-09-17T00:00:00.000,0,14,10,1991,1991,14,2020-09-17,0,10,0,0.00304546562138598,0
Hamilton,2020-09-18T00:00:00.000,1,15,40,2031,2031,15,2020-09-18,1,40,0.025,0.00286404364148759,1.07744528336468
Hamilton,2020-09-19T00:00:00.000,0,15,11,2042,2042,15,2020-09-19,0,11,0,0.00270241639088034,0
Hamilton,2020-09-20T00:00:00.000,0,15,5,2047,2047,15,2020-09-20,0,5,0,0.00255919663682948,0
Hamilton,2020-09-21T00:00:00.000,0,15,13,2060,2060,15,2020-09-21,0,13,0,0.00243308075530653,0
Hamilton,2020-09-22T00:00:00.000,0,15,17,2077,2077,15,2020-09-22,0,17,0,0.00232286308327295,0
Hamilton,2020-09-23T00:00:00.000,0,15,9,2086,2086,15,2020-09-23,0,9,0,0.00222744565381441,0
Hamilton,2020-09-24T00:00:00.000,0,15,41,2127,2127,15,2020-09-24,0,41,0,0.00214584427422881,0
Hamilton,2020-09-25T00:00:00.000,0,15,12,2139,2139,15,2020-09-25,0,12,0,0.00207719181219893,0
Hamilton,2020-09-26T00:00:00.000,0,15,13,2152,2152,15,2020-09-26,0,13,0,0.00202073944812358,0
Hamilton,2020-09-27T00:00:00.000,0,15,5,2157,2157,15,2020-09-27,0,5,0,0.00197585654120651,0
Hamilton,2020-09-28T00:00:00.000,0,15,7,2164,2164,15,2020-09-28,0,7,0,0.0019420296503035,0
Hamilton,2020-09-29T00:00:00.000,0,15,9,2173,2173,15,2020-09-29,0,9,0,0.00191886115195831,0
Hamilton,2020-09-30T00:00:00.000,0,15,9,2182,2182,15,2020-09-30,0,9,0,0.00190606780926119,0
Hamilton,2020-10-01T00:00:00.000,0,15,10,2192,2192,15,2020-10-01,0,10,0,0.00190347956784468,0
Hamilton,2020-10-02T00:00:00.000,0,15,43,2235,2235,15,2020-10-02,0,43,0,0.00191103878865803,0
Hamilton,2020-10-03T00:00:00.000,0,15,12,2247,2247,15,2020-10-03,0,12,0,0.0019288000705083,0
Hamilton,2020-10-04T00:00:00.000,0,15,5,2252,2252,15,2020-10-04,0,5,0,0.00195693076782937,0
Hamilton,2020-10-05T00:00:00.000,0,15,9,2261,2261,15,2020-10-05,0,9,0,0.00199571226896729,0
Hamilton,2020-10-06T00:00:00.000,0,15,12,2273,2273,15,2020-10-06,0,12,0,0.00204554206627193,0
Hamilton,2020-10-07T00:00:00.000,0,15,8,2281,2281,15,2020-10-07,0,8,0,0.00210693662033986,0
Hamilton,2020-10-08T00:00:00.000,0,15,25,2306,2306,15,2020-10-08,0,25,0,0.00218053499567442,0
Hamilton,2020-10-09T00:00:00.000,0,15,25,2331,2331,15,2020-10-09,0,25,0,0.0022671032230976,0
Hamilton,2020-10-10T00:00:00.000,0,15,8,2339,2339,15,2020-10-10,0,8,0,0.00236753932515057,0
Hamilton,2020-10-11T00:00:00.000,0,15,10,2349,2349,15,2020-10-11,0,10,0,0.00248287892399637,0
Hamilton,2020-10-12T00:00:00.000,1,16,14,2363,2363,16,2020-10-12,1,14,0.0714285714285714,0.0026143013378037,0.996057411295199
Hamilton,2020-10-13T00:00:00.000,0,16,68,2431,2431,16,2020-10-13,0,68,0,0.00276313606090026,0
Hamilton,2020-10-14T00:00:00.000,0,16,23,2454,2454,16,2020-10-14,0,23,0,0.00293086951702759,0
Hamilton,2020-10-15T00:00:00.000,0,16,24,2478,2478,16,2020-10-15,0,24,0,0.00311915197384748,0
Hamilton,2020-10-16T00:00:00.000,0,16,23,2501,2501,16,2020-10-16,0,23,0,0.00332980451264738,0
Hamilton,2020-10-17T00:00:00.000,0,16,14,2515,2515,16,2020-10-17,0,14,0,0.00356482596044845,0
Hamilton,2020-10-18T00:00:00.000,0,16,19,2534,2534,16,2020-10-18,0,19,0,0.00382639971426162,0
Hamilton,2020-10-19T00:00:00.000,0,16,7,2541,2541,16,2020-10-19,0,7,0,0.00411690042015186,0
Hamilton,2020-10-20T00:00:00.000,0,16,12,2553,2553,16,2020-10-20,0,12,0,0.00443890051279109,0
Hamilton,2020-10-21T00:00:00.000,0,16,23,2576,2576,16,2020-10-21,0,23,0,0.00479517667595367,0
Hamilton,2020-10-22T00:00:00.000,0,16,16,2592,2592,16,2020-10-22,0,16,0,0.00518871634865584,0
Hamilton,2020-10-23T00:00:00.000,0,16,14,2606,2606,16,2020-10-23,0,14,0,0.00562272447491065,0
Hamilton,2020-10-24T00:00:00.000,0,16,5,2611,2611,16,2020-10-24,0,5,0,0.00610063077478327,0
Hamilton,2020-10-25T00:00:00.000,0,16,6,2617,2617,16,2020-10-25,0,6,0,0.00662609789608388,0
Hamilton,2020-10-26T00:00:00.000,0,16,10,2627,2627,16,2020-10-26,0,10,0,0.00720303088789183,0
Hamilton,2020-10-27T00:00:00.000,1,17,18,2645,2645,17,2020-10-27,1,18,0.0555555555555556,0.00783558850948068,1.06610154224824
Hamilton,2020-10-28T00:00:00.000,0,17,6,2651,2651,17,2020-10-28,0,6,0,0.00852819695206958,0
Hamilton,2020-10-29T00:00:00.000,1,18,37,2688,2688,18,2020-10-29,1,37,0.027027027027027,0.00928556659218149,1.07699932863195
Hamilton,2020-10-30T00:00:00.000,0,18,33,2721,2721,18,2020-10-30,0,33,0,0.0101127124169435,0
Hamilton,2020-10-31T00:00:00.000,1,19,19,2740,2740,19,2020-10-31,1,19,0.0526315789473684,0.0110149787491721,1.08650914921859
Hamilton,2020-11-01T00:00:00.000,0,19,10,2750,2750,19,2020-11-01,0,10,0,0.0119980688576037,0
Hamilton,2020-11-02T00:00:00.000,0,19,18,2768,2768,19,2020-11-02,0,18,0,0.013068079951493,0
Hamilton,2020-11-03T00:00:00.000,0,19,15,2783,2783,19,2020-11-03,0,15,0,0.01423154393433,0
Hamilton,2020-11-04T00:00:00.000,0,19,23,2806,2806,19,2020-11-04,0,23,0,0.0154954741190534,0
Hamilton,2020-11-05T00:00:00.000,0,19,34,2840,2840,19,2020-11-05,0,34,0,0.0168674178872776,0
Hamilton,2020-11-06T00:00:00.000,0,19,33,2873,2873,19,2020-11-06,0,33,0,0.0183555150061126,0
Hamilton,2020-11-07T00:00:00.000,0,19,16,2889,2889,19,2020-11-07,0,16,0,0.0199685609884034,0
Hamilton,2020-11-08T00:00:00.000,1,20,18,2907,2907,20,2020-11-08,1,18,0.0555555555555556,0.021716074501093,1.11106144546917
Hamilton,2020-11-09T00:00:00.000,0,20,16,2923,2923,20,2020-11-09,0,16,0,0.0236083673718624,0
Hamilton,2020-11-10T00:00:00.000,0,20,18,2941,2941,20,2020-11-10,0,18,0,0.0256566152210551,0
Hamilton,2020-11-11T00:00:00.000,0,20,29,2970,2970,20,2020-11-11,0,29,0,0.0278729261274934,0
Hamilton,2020-11-12T00:00:00.000,2,22,42,3012,3012,22,2020-11-12,2,42,0.0476190476190476,0.030270404024184,2.26171978029033
Hamilton,2020-11-13T00:00:00.000,3,25,67,3079,3079,25,2020-11-13,3,67,0.0447761194029851,0.0328632026862442,3.41902398129953
Hamilton,2020-11-14T00:00:00.000,1,26,15,3094,3094,26,2020-11-14,1,15,0.0666666666666667,0.0356665652055623,1.14852866167756
Hamilton,2020-11-15T00:00:00.000,0,26,9,3103,3103,26,2020-11-15,0,9,0,0.0386968427411507,0
Hamilton,2020-11-16T00:00:00.000,0,26,20,3123,3123,26,2020-11-16,0,20,0,0.0419714850687103,0
Hamilton,2020-11-17T00:00:00.000,5,31,90,3213,3213,31,2020-11-17,5,90,0.0555555555555556,0.0455089940433962,5.87613142109786
Hamilton,2020-11-18T00:00:00.000,4,35,76,3289,3289,35,2020-11-18,4,76,0.0526315789473684,0.0493288295514067,4.73657556380092
Herkimer,2020-03-01T00:00:00.000,0,0,0,0,0,0,2020-03-01,0,0,1,0.453849623200581,0
Herkimer,2020-03-02T00:00:00.000,0,0,0,0,0,0,2020-03-02,0,0,1,0.435465459129394,0
Herkimer,2020-03-03T00:00:00.000,0,0,0,0,0,0,2020-03-03,0,0,1,0.417263306501145,0
Herkimer,2020-03-04T00:00:00.000,0,0,0,0,0,0,2020-03-04,0,0,1,0.399300110701624,0
Herkimer,2020-03-05T00:00:00.000,0,0,0,0,0,0,2020-03-05,0,0,1,0.381633850606886,0
Herkimer,2020-03-06T00:00:00.000,0,0,0,0,0,0,2020-03-06,0,0,1,0.364321973124678,0
Herkimer,2020-03-07T00:00:00.000,0,0,0,0,0,0,2020-03-07,0,0,1,0.347419885690957,0
Herkimer,2020-03-08T00:00:00.000,0,0,0,0,0,0,2020-03-08,0,0,1,0.330979570828398,0
Herkimer,2020-03-09T00:00:00.000,0,0,0,0,0,0,2020-03-09,0,0,1,0.315048377554365,0
Herkimer,2020-03-10T00:00:00.000,0,0,0,0,0,0,2020-03-10,0,0,1,0.29966803175834,0
Herkimer,2020-03-11T00:00:00.000,0,0,0,0,0,0,2020-03-11,0,0,1,0.284873892799378,0
Herkimer,2020-03-12T00:00:00.000,1,1,1,1,1,1,2020-03-12,1,1,1,0.270694467905982,1.57979520261172
Herkimer,2020-03-13T00:00:00.000,0,1,0,1,1,1,2020-03-13,0,0,0.5,0.257151180867972,0
Herkimer,2020-03-14T00:00:00.000,0,1,1,2,2,1,2020-03-14,0,1,0,0.244258378200431,0
Herkimer,2020-03-15T00:00:00.000,0,1,0,2,2,1,2020-03-15,0,0,0,0.232023545345255,0
Herkimer,2020-03-16T00:00:00.000,0,1,0,2,2,1,2020-03-16,0,0,0,0.220447698050707,0
Herkimer,2020-03-17T00:00:00.000,0,1,0,2,2,1,2020-03-17,0,0,0,0.209525909990688,0
Herkimer,2020-03-18T00:00:00.000,0,1,1,3,3,1,2020-03-18,0,1,0,0.19924793670377,0
Herkimer,2020-03-19T00:00:00.000,1,2,1,4,4,2,2020-03-19,1,1,1,0.189598897617313,1.31784714365878
Herkimer,2020-03-20T00:00:00.000,1,3,5,9,9,3,2020-03-20,1,5,0.2,0.180559981619107,1.28816984484127
Herkimer,2020-03-21T00:00:00.000,1,4,10,19,19,4,2020-03-21,1,10,0.1,0.172109146708106,1.25813532672317
Herkimer,2020-03-22T00:00:00.000,0,4,6,25,25,4,2020-03-22,0,6,0,0.164221790026872,0
Herkimer,2020-03-23T00:00:00.000,0,4,3,28,28,4,2020-03-23,0,3,0,0.156871370518648,0
Herkimer,2020-03-24T00:00:00.000,1,5,5,33,33,5,2020-03-24,1,5,0.2,0.150029972111805,1.20895515888383
Herkimer,2020-03-25T00:00:00.000,2,7,6,39,39,7,2020-03-25,2,6,0.333333333333333,0.14366880042136,2.38857039170526
Herkimer,2020-03-26T00:00:00.000,2,9,9,48,48,9,2020-03-26,2,9,0.222222222222222,0.137758610286112,2.3592104310278
Herkimer,2020-03-27T00:00:00.000,0,9,8,56,56,9,2020-03-27,0,8,0,0.132270064957028,0
Herkimer,2020-03-28T00:00:00.000,1,10,14,70,70,10,2020-03-28,1,14,0.0714285714285714,0.127174030423128,1.16507755666828
Herkimer,2020-03-29T00:00:00.000,2,12,8,78,78,12,2020-03-29,2,8,0.25,0.122441810272027,2.30893656753282
Herkimer,2020-03-30T00:00:00.000,0,12,1,79,79,12,2020-03-30,0,1,0,0.118045327719516,0
Herkimer,2020-03-31T00:00:00.000,0,12,4,83,83,12,2020-03-31,0,4,0,0.113957262127804,0
Herkimer,2020-04-01T00:00:00.000,2,14,9,92,92,14,2020-04-01,2,9,0.222222222222222,0.110151147569448,2.27109387468302
Herkimer,2020-04-02T00:00:00.000,0,14,19,111,111,14,2020-04-02,0,19,0,0.106601440890065,0
Herkimer,2020-04-03T00:00:00.000,4,18,27,138,138,18,2020-04-03,4,27,0.148148148148148,0.103283566366301,4.52739975202633
Herkimer,2020-04-04T00:00:00.000,4,22,46,184,184,22,2020-04-04,4,46,0.0869565217391304,0.100173943520917,4.51870478047165
Herkimer,2020-04-05T00:00:00.000,3,25,23,207,207,25,2020-04-05,3,23,0.130434782608696,0.0972500039985842,3.38169733085077
Herkimer,2020-04-06T00:00:00.000,2,27,19,226,226,27,2020-04-06,2,19,0.105263157894737,0.0944902026671457,2.24934741273265
Herkimer,2020-04-07T00:00:00.000,2,29,19,245,245,29,2020-04-07,2,19,0.105263157894737,0.0918740273205071,2.24415359653017
Herkimer,2020-04-08T00:00:00.000,3,32,44,289,289,32,2020-04-08,3,44,0.0681818181818182,0.0893820105367164,3.35876369262948
Herkimer,2020-04-09T00:00:00.000,4,36,23,312,312,36,2020-04-09,4,23,0.173913043478261,0.0869957464036183,4.47836790107235
Herkimer,2020-04-10T00:00:00.000,1,37,12,324,324,37,2020-04-10,1,12,0.0833333333333333,0.0846979139764956,1.1192061867555
Herkimer,2020-04-11T00:00:00.000,0,37,11,335,335,37,2020-04-11,0,11,0,0.0824723084759286,0
Herkimer,2020-04-12T00:00:00.000,1,38,29,364,364,38,2020-04-12,1,29,0.0344827586206897,0.0803038803945349,1.1176451588855
Herkimer,2020-04-13T00:00:00.000,1,39,26,390,390,39,2020-04-13,1,26,0.0384615384615385,0.0781787818524245,1.11670552794541
Herkimer,2020-04-14T00:00:00.000,1,40,9,399,399,40,2020-04-14,1,9,0.111111111111111,0.076084418756729,1.11719998214168
Herkimer,2020-04-15T00:00:00.000,3,43,23,422,422,43,2020-04-15,3,23,0.130434782608696,0.0740095065866358,3.35345839673798
Herkimer,2020-04-16T00:00:00.000,3,46,30,452,452,46,2020-04-16,3,30,0.1,0.0719441269790485,3.35565971051366
Herkimer,2020-04-17T00:00:00.000,1,47,18,470,470,47,2020-04-17,1,18,0.0555555555555556,0.0698797817508434,1.11968737431324
Herkimer,2020-04-18T00:00:00.000,2,49,20,490,490,49,2020-04-18,2,20,0.1,0.0678094405977933,2.24666947826056
Herkimer,2020-04-19T00:00:00.000,0,49,23,513,513,49,2020-04-19,0,23,0,0.0657275784869024,0
Herkimer,2020-04-20T00:00:00.000,1,50,7,520,520,50,2020-04-20,1,7,0.142857142857143,0.0636301987312297,1.1307043610727
Herkimer,2020-04-21T00:00:00.000,3,53,34,554,554,53,2020-04-21,3,34,0.0882352941176471,0.0615148379325786,3.40310041005352
Herkimer,2020-04-22T00:00:00.000,1,54,25,579,579,54,2020-04-22,1,25,0.04,0.059380549401426,1.13797353544299
Herkimer,2020-04-23T00:00:00.000,2,56,27,606,606,56,2020-04-23,2,27,0.0740740740740741,0.0572278623195791,2.28298737579258
Herkimer,2020-04-24T00:00:00.000,0,56,59,665,665,56,2020-04-24,0,59,0,0.0550587147830616,0
Herkimer,2020-04-25T00:00:00.000,1,57,31,696,696,57,2020-04-25,1,31,0.032258064516129,0.0528763599160038,1.14815186053218
Herkimer,2020-04-26T00:00:00.000,1,58,26,722,722,58,2020-04-26,1,26,0.0384615384615385,0.050685245438155,1.15123022517587
Herkimer,2020-04-27T00:00:00.000,0,58,14,736,736,58,2020-04-27,0,14,0,0.0484908683304775,0
Herkimer,2020-04-28T00:00:00.000,0,58,28,764,764,58,2020-04-28,0,28,0,0.0462996075070799,0
Herkimer,2020-04-29T00:00:00.000,0,58,28,792,792,58,2020-04-29,0,28,0,0.0441185385806314,0
Herkimer,2020-04-30T00:00:00.000,2,60,28,820,820,60,2020-04-30,2,28,0.0714285714285714,0.0419552358246448,2.32125135603986
Herkimer,2020-05-01T00:00:00.000,1,61,15,835,835,61,2020-05-01,1,15,0.0666666666666667,0.0398175672141778,1.16220167314322
Herkimer,2020-05-02T00:00:00.000,1,62,29,864,864,62,2020-05-02,1,29,0.0344827586206897,0.0377134889026764,1.16345880281482
Herkimer,2020-05-03T00:00:00.000,1,63,41,905,905,63,2020-05-03,1,41,0.024390243902439,0.0356508456295868,1.1662337315947
Herkimer,2020-05-04T00:00:00.000,4,67,29,934,934,67,2020-05-04,4,29,0.137931034482759,0.0336371833322755,4.69063255036263
Herkimer,2020-05-05T00:00:00.000,1,68,66,1000,1000,68,2020-05-05,1,66,0.0151515151515152,0.0316795796686834,1.17603189690792
Herkimer,2020-05-06T00:00:00.000,6,74,65,1065,1065,74,2020-05-06,6,65,0.0923076923076923,0.0297844972845926,7.07107206634057
Herkimer,2020-05-07T00:00:00.000,2,76,55,1120,1120,76,2020-05-07,2,55,0.0363636363636364,0.0279576635404973,2.36019717871435
Herkimer,2020-05-08T00:00:00.000,1,77,43,1163,1163,77,2020-05-08,1,43,0.0232558139534884,0.0262039791319195,1.17919816295723
Herkimer,2020-05-09T00:00:00.000,2,79,56,1219,1219,79,2020-05-09,2,56,0.0357142857142857,0.0245274566825057,2.35505465902255
Herkimer,2020-05-10T00:00:00.000,2,81,57,1276,1276,81,2020-05-10,2,57,0.0350877192982456,0.0229311890542607,2.35104720546232
Herkimer,2020-05-11T00:00:00.000,0,81,42,1318,1318,81,2020-05-11,0,42,0,0.0214173458897698,0
Herkimer,2020-05-12T00:00:00.000,3,84,61,1379,1379,84,2020-05-12,3,61,0.0491803278688525,0.0199871958486129,3.53672400964731
Herkimer,2020-05-13T00:00:00.000,2,86,54,1433,1433,86,2020-05-13,2,54,0.037037037037037,0.0186411511757623,2.36108288988146
Herkimer,2020-05-14T00:00:00.000,1,87,49,1482,1482,87,2020-05-14,1,49,0.0204081632653061,0.0173788306734784,1.18182039309123
Herkimer,2020-05-15T00:00:00.000,4,91,50,1532,1532,91,2020-05-15,4,50,0.08,0.0161991368471864,4.73095284415155
Herkimer,2020-05-16T00:00:00.000,0,91,157,1689,1689,91,2020-05-16,0,157,0,0.0151003429455393,0
Herkimer,2020-05-17T00:00:00.000,1,92,68,1757,1757,92,2020-05-17,1,68,0.0147058823529412,0.0140801857864107,1.19024322162173
Herkimer,2020-05-18T00:00:00.000,0,92,65,1822,1822,92,2020-05-18,0,65,0,0.0131359606105304,0
Herkimer,2020-05-19T00:00:00.000,1,93,95,1917,1917,93,2020-05-19,1,95,0.0105263157894737,0.0122646146864971,1.20046919423444
Herkimer,2020-05-20T00:00:00.000,0,93,60,1977,1977,93,2020-05-20,0,60,0,0.0114628369533451,0
Herkimer,2020-05-21T00:00:00.000,2,95,77,2054,2054,95,2020-05-21,2,77,0.025974025974026,0.0107271415853162,2.424791681692
Herkimer,2020-05-22T00:00:00.000,5,100,212,2266,2266,100,2020-05-22,5,212,0.0235849056603774,0.0100539439561706,6.08396217877904
Herkimer,2020-05-23T00:00:00.000,1,101,143,2409,2409,101,2020-05-23,1,143,0.00699300699300699,0.00943962803543339,1.21612186502274
Herkimer,2020-05-24T00:00:00.000,2,103,237,2646,2646,103,2020-05-24,2,237,0.00843881856540084,0.00888060474358352,2.4289970183459
Herkimer,2020-05-25T00:00:00.000,0,103,45,2691,2691,103,2020-05-25,0,45,0,0.00837336121161033,0
Herkimer,2020-05-26T00:00:00.000,2,105,328,3019,3019,105,2020-05-26,2,328,0.00609756097560976,0.00791450122735704,2.41624149400406
Herkimer,2020-05-27T00:00:00.000,1,106,442,3461,3461,106,2020-05-27,1,442,0.00226244343891403,0.00750077740499373,1.20355499930333
Herkimer,2020-05-28T00:00:00.000,1,107,154,3615,3615,107,2020-05-28,1,154,0.00649350649350649,0.00712911579096244,1.19822643664676
Herkimer,2020-05-29T00:00:00.000,0,107,332,3947,3947,107,2020-05-29,0,332,0,0.00679663372718087,0
Herkimer,2020-05-30T00:00:00.000,1,108,309,4256,4256,108,2020-05-30,1,309,0.00323624595469256,0.00650065184091314,1.18556034722495
Herkimer,2020-05-31T00:00:00.000,1,109,131,4387,4387,109,2020-05-31,1,131,0.00763358778625954,0.00623870103131671,1.17876145455845
Herkimer,2020-06-01T00:00:00.000,2,111,186,4573,4573,111,2020-06-01,2,186,0.010752688172043,0.00600852528633685,2.35032622531907
Herkimer,2020-06-02T00:00:00.000,2,113,522,5095,5095,113,2020-06-02,2,522,0.00383141762452107,0.00580808109998163,2.34248146337767
Herkimer,2020-06-03T00:00:00.000,0,113,398,5493,5493,113,2020-06-03,0,398,0,0.00563553417824767,0
Herkimer,2020-06-04T00:00:00.000,2,115,334,5827,5827,115,2020-06-04,2,334,0.00598802395209581,0.00548925402916755,2.32512655428216
Herkimer,2020-06-05T00:00:00.000,7,122,523,6350,6350,122,2020-06-05,7,523,0.0133843212237094,0.0053678069343041,8.11293858689368
Herkimer,2020-06-06T00:00:00.000,1,123,357,6707,6707,123,2020-06-06,1,357,0.00280112044817927,0.00526994770023493,1.15670416623186
Herkimer,2020-06-07T00:00:00.000,1,124,377,7084,7084,124,2020-06-07,1,377,0.0026525198938992,0.00519461049215815,1.15422373961099
Herkimer,2020-06-08T00:00:00.000,1,125,308,7392,7392,125,2020-06-08,1,308,0.00324675324675325,0.0051408989598485,1.15120008086365
Herkimer,2020-06-09T00:00:00.000,0,125,245,7637,7637,125,2020-06-09,0,245,0,0.00510807578029891,0
Herkimer,2020-06-10T00:00:00.000,0,125,295,7932,7932,125,2020-06-10,0,295,0,0.0050955516624672,0
Herkimer,2020-06-11T00:00:00.000,2,127,439,8371,8371,127,2020-06-11,2,439,0.00455580865603645,0.00510287378803906,2.31124213648717
Herkimer,2020-06-12T00:00:00.000,1,128,280,8651,8651,128,2020-06-12,1,280,0.00357142857142857,0.00512971359869242,1.1589312784273
Herkimer,2020-06-13T00:00:00.000,0,128,275,8926,8926,128,2020-06-13,0,275,0,0.00517585378569465,0
Herkimer,2020-06-14T00:00:00.000,0,128,119,9045,9045,128,2020-06-14,0,119,0,0.005241174292636,0
Herkimer,2020-06-15T00:00:00.000,0,128,297,9342,9342,128,2020-06-15,0,297,0,0.00532563710817524,0
Herkimer,2020-06-16T00:00:00.000,0,128,208,9550,9550,128,2020-06-16,0,208,0,0.00542926960456458,0
Herkimer,2020-06-17T00:00:00.000,0,128,236,9786,9786,128,2020-06-17,0,236,0,0.00555214617187352,0
Herkimer,2020-06-18T00:00:00.000,3,131,265,10051,10051,131,2020-06-18,3,265,0.0113207547169811,0.00569436791000503,3.53726163560777
Herkimer,2020-06-19T00:00:00.000,3,134,334,10385,10385,134,2020-06-19,3,334,0.00898203592814371,0.00585604017384059,3.54711254069682
Herkimer,2020-06-20T00:00:00.000,2,136,405,10790,10790,136,2020-06-20,2,405,0.00493827160493827,0.00603724782453153,2.371223326111
Herkimer,2020-06-21T00:00:00.000,1,137,232,11022,11022,137,2020-06-21,1,232,0.00431034482758621,0.00623802812493028,1.1887907327363
Herkimer,2020-06-22T00:00:00.000,0,137,146,11168,11168,137,2020-06-22,0,146,0,0.0064583413318476,0
Herkimer,2020-06-23T00:00:00.000,5,142,184,11352,11352,142,2020-06-23,5,184,0.0271739130434783,0.00669803918333298,5.97440023769193
Herkimer,2020-06-24T00:00:00.000,1,143,146,11498,11498,143,2020-06-24,1,146,0.00684931506849315,0.00695683165494804,1.19774506037933
Herkimer,2020-06-25T00:00:00.000,6,149,161,11659,11659,149,2020-06-25,6,161,0.0372670807453416,0.007234252561562,7.20274953798053
Herkimer,2020-06-26T00:00:00.000,5,154,302,11961,11961,154,2020-06-26,5,302,0.0165562913907285,0.00752962480503869,6.01497254291062
Herkimer,2020-06-27T00:00:00.000,4,158,495,12456,12456,158,2020-06-27,4,495,0.00808080808080808,0.00784202630267291,4.82131248247632
Herkimer,2020-06-28T00:00:00.000,1,159,189,12645,12645,159,2020-06-28,1,189,0.00529100529100529,0.00817025786367799,1.20743309547882
Herkimer,2020-06-29T00:00:00.000,0,159,155,12800,12800,159,2020-06-29,0,155,0,0.0085128144936975,0
Herkimer,2020-06-30T00:00:00.000,3,162,212,13012,13012,162,2020-06-30,3,212,0.0141509433962264,0.00886786177994489,3.63256002621491
Herkimer,2020-07-01T00:00:00.000,2,164,201,13213,13213,164,2020-07-01,2,201,0.00995024875621891,0.00923321911997923,2.42423537887867
Herkimer,2020-07-02T00:00:00.000,8,172,96,13309,13309,172,2020-07-02,8,96,0.0833333333333333,0.00960635158227128,9.704417095924
Herkimer,2020-07-03T00:00:00.000,0,172,140,13449,13449,172,2020-07-03,0,140,0,0.00998437210566001,0
Herkimer,2020-07-04T00:00:00.000,1,173,371,13820,13820,173,2020-07-04,1,371,0.00269541778975741,0.0103640555412643,1.21383582830885
Herkimer,2020-07-05T00:00:00.000,6,179,381,14201,14201,179,2020-07-05,6,381,0.015748031496063,0.0107418657041908,7.28190998922278
Herkimer,2020-07-06T00:00:00.000,2,181,210,14411,14411,181,2020-07-06,2,210,0.00952380952380952,0.0111139961341488,2.4265598458713
Herkimer,2020-07-07T00:00:00.000,0,181,182,14593,14593,181,2020-07-07,0,182,0,0.0114764246749102,0
Herkimer,2020-07-08T00:00:00.000,1,182,240,14833,14833,182,2020-07-08,1,240,0.00416666666666667,0.0118249812966721,1.21518108348043
Herkimer,2020-07-09T00:00:00.000,2,184,250,15083,15083,184,2020-07-09,2,250,0.008,0.0121554278395095,2.43064005035223
Herkimer,2020-07-10T00:00:00.000,4,188,213,15296,15296,188,2020-07-10,4,213,0.0187793427230047,0.0124635475969218,4.85992253268561
Herkimer,2020-07-11T00:00:00.000,4,192,270,15566,15566,192,2020-07-11,4,270,0.0148148148148148,0.0127452419412133,4.8566546733956
Herkimer,2020-07-12T00:00:00.000,1,193,210,15776,15776,193,2020-07-12,1,210,0.00476190476190476,0.0129966305746966,1.21287308769321
Herkimer,2020-07-13T00:00:00.000,2,195,327,16103,16103,195,2020-07-13,2,327,0.00611620795107034,0.0132141515277418,2.42223193096009
Herkimer,2020-07-14T00:00:00.000,2,197,322,16425,16425,197,2020-07-14,2,322,0.0062111801242236,0.0133946567650087,2.41780477932649
Herkimer,2020-07-15T00:00:00.000,5,202,134,16559,16559,202,2020-07-15,5,134,0.0373134328358209,0.0135354992378862,6.0312266787859
Herkimer,2020-07-16T00:00:00.000,2,204,263,16822,16822,204,2020-07-16,2,263,0.00760456273764259,0.0136346074523323,2.40632104104176
Herkimer,2020-07-17T00:00:00.000,0,204,203,17025,17025,204,2020-07-17,0,203,0,0.0136905441021658,0
Herkimer,2020-07-18T00:00:00.000,2,206,70,17095,17095,206,2020-07-18,2,70,0.0285714285714286,0.0137025460246958,2.40477296472998
Herkimer,2020-07-19T00:00:00.000,0,206,92,17187,17187,206,2020-07-19,0,92,0,0.0136705436238215,0
Herkimer,2020-07-20T00:00:00.000,2,208,200,17387,17387,208,2020-07-20,2,200,0.01,0.013595158915887,2.40360946231726
Herkimer,2020-07-21T00:00:00.000,3,211,291,17678,17678,211,2020-07-21,3,291,0.0103092783505155,0.0134776824146769,3.60008759427628
Herkimer,2020-07-22T00:00:00.000,2,213,248,17926,17926,213,2020-07-22,2,248,0.00806451612903226,0.0133200301106003,2.39454254780579
Herkimer,2020-07-23T00:00:00.000,10,223,302,18228,18228,223,2020-07-23,10,302,0.033112582781457,0.0131246827420387,11.9370424471192
Herkimer,2020-07-24T00:00:00.000,1,224,283,18511,18511,224,2020-07-24,1,283,0.00353356890459364,0.0128946103434144,1.19436683930567
Herkimer,2020-07-25T00:00:00.000,6,230,242,18753,18753,230,2020-07-25,6,242,0.0247933884297521,0.0126331856352782,7.1651716325327
Herkimer,2020-07-26T00:00:00.000,4,234,233,18986,18986,234,2020-07-26,4,233,0.0171673819742489,0.0123440901679032,4.77093665283851
Herkimer,2020-07-27T00:00:00.000,2,236,145,19131,19131,236,2020-07-27,2,145,0.0137931034482759,0.0120312172316039,2.3804307408873
Herkimer,2020-07-28T00:00:00.000,0,236,178,19309,19309,236,2020-07-28,0,178,0,0.011698575413954,0
Herkimer,2020-07-29T00:00:00.000,3,239,259,19568,19568,239,2020-07-29,3,259,0.0115830115830116,0.0113501963435981,3.54612475537154
Herkimer,2020-07-30T00:00:00.000,0,239,200,19768,19768,239,2020-07-30,0,200,0,0.0109900496534861,0
Herkimer,2020-07-31T00:00:00.000,1,240,244,20012,20012,240,2020-07-31,1,244,0.00409836065573771,0.010621967571556,1.17075071329206
Herkimer,2020-08-01T00:00:00.000,1,241,316,20328,20328,241,2020-08-01,1,316,0.00316455696202532,0.0102495808585024,1.16647372727186
Herkimer,2020-08-02T00:00:00.000,5,246,278,20606,20606,246,2020-08-02,5,278,0.0179856115107914,0.00987626711055427,5.80462744603585
Herkimer,2020-08-03T00:00:00.000,16,262,410,21016,21016,262,2020-08-03,16,410,0.0390243902439024,0.00950511177706595,18.4766963365638
Herkimer,2020-08-04T00:00:00.000,2,264,265,21281,21281,264,2020-08-04,2,265,0.00754716981132075,0.00913888164526672,2.29623766696552
Herkimer,2020-08-05T00:00:00.000,4,268,214,21495,21495,268,2020-08-05,4,214,0.0186915887850467,0.00878001004441368,4.56377767753983
Herkimer,2020-08-06T00:00:00.000,2,270,218,21713,21713,270,2020-08-06,2,218,0.00917431192660551,0.00843059263446642,2.27366656784586
Herkimer,2020-08-07T00:00:00.000,3,273,312,22025,22025,273,2020-08-07,3,312,0.00961538461538462,0.00809239237586592,3.40295160678071
Herkimer,2020-08-08T00:00:00.000,1,274,378,22403,22403,274,2020-08-08,1,378,0.00264550264550265,0.00776685212223688,1.13156544674337
Herkimer,2020-08-09T00:00:00.000,0,274,279,22682,22682,274,2020-08-09,0,279,0,0.00745511322621964,0
Herkimer,2020-08-10T00:00:00.000,3,277,322,23004,23004,277,2020-08-10,3,322,0.0093167701863354,0.00715803858413884,3.37597731460444
Herkimer,2020-08-11T00:00:00.000,0,277,248,23252,23252,277,2020-08-11,0,248,0,0.0068762386486145,0
Herkimer,2020-08-12T00:00:00.000,1,278,213,23465,23465,278,2020-08-12,1,213,0.00469483568075117,0.00661009909073449,1.11752466456132
Herkimer,2020-08-13T00:00:00.000,0,278,227,23692,23692,278,2020-08-13,0,227,0,0.00635980897626855,0
Herkimer,2020-08-14T00:00:00.000,4,282,338,24030,24030,282,2020-08-14,4,338,0.0118343195266272,0.00612538851724974,4.44096890664731
Herkimer,2020-08-15T00:00:00.000,1,283,430,24460,24460,283,2020-08-15,1,430,0.00232558139534884,0.00590671565768201,1.10945607350626
Herkimer,2020-08-16T00:00:00.000,1,284,153,24613,24613,284,2020-08-16,1,153,0.0065359477124183,0.00570355093983055,1.10864276323594
Herkimer,2020-08-17T00:00:00.000,0,284,181,24794,24794,284,2020-08-17,0,181,0,0.00551556026769994,0
Herkimer,2020-08-18T00:00:00.000,0,284,167,24961,24961,284,2020-08-18,0,167,0,0.00534233533310931,0
Herkimer,2020-08-19T00:00:00.000,0,284,302,25263,25263,284,2020-08-19,0,302,0,0.00518341159454649,0
Herkimer,2020-08-20T00:00:00.000,5,289,330,25593,25593,289,2020-08-20,5,330,0.0151515151515152,0.00503828379975484,5.49168574116882
Herkimer,2020-08-21T00:00:00.000,0,289,378,25971,25971,289,2020-08-21,0,378,0,0.00490641912120312,0
Herkimer,2020-08-22T00:00:00.000,0,289,294,26265,26265,289,2020-08-22,0,294,0,0.00478726803120758,0
Herkimer,2020-08-23T00:00:00.000,0,289,194,26459,26459,289,2020-08-23,0,194,0,0.00468027308319111,0
Herkimer,2020-08-24T00:00:00.000,1,290,175,26634,26634,290,2020-08-24,1,175,0.00571428571428571,0.00458487579091499,1.09173091024959
Herkimer,2020-08-25T00:00:00.000,2,292,304,26938,26938,292,2020-08-25,2,304,0.00657894736842105,0.00450052181070447,2.18034478797612
Herkimer,2020-08-26T00:00:00.000,2,294,357,27295,27295,294,2020-08-26,2,357,0.00560224089635854,0.00442666463625249,2.17600189762213
Herkimer,2020-08-27T00:00:00.000,0,294,263,27558,27558,294,2020-08-27,0,263,0,0.00436276801342517,0
Herkimer,2020-08-28T00:00:00.000,1,295,336,27894,27894,295,2020-08-28,1,336,0.00297619047619048,0.00430830727611733,1.08515051870968
Herkimer,2020-08-29T00:00:00.000,2,297,374,28268,28268,297,2020-08-29,2,374,0.0053475935828877,0.00426276979491401,2.17367631070417
Herkimer,2020-08-30T00:00:00.000,0,297,308,28576,28576,297,2020-08-30,0,308,0,0.00422565471987463,0
Herkimer,2020-08-31T00:00:00.000,1,298,360,28936,28936,298,2020-08-31,1,360,0.00277777777777778,0.00419647218753181,1.09061857534727
Herkimer,2020-09-01T00:00:00.000,5,303,160,29096,29096,303,2020-09-01,5,160,0.03125,0.00417474215126755,5.46334188143055
Herkimer,2020-09-02T00:00:00.000,2,305,257,29353,29353,305,2020-09-02,2,257,0.00778210116731518,0.0041599929834969,2.18958431146458
Herkimer,2020-09-03T00:00:00.000,1,306,323,29676,29676,306,2020-09-03,1,323,0.00309597523219814,0.00415175998784264,1.0969628110053
Herkimer,2020-09-04T00:00:00.000,0,306,278,29954,29954,306,2020-09-04,0,278,0,0.00414958394930022,0
Herkimer,2020-09-05T00:00:00.000,2,308,345,30299,30299,308,2020-09-05,2,345,0.00579710144927536,0.00415300984022656,2.20265111003102
Herkimer,2020-09-06T00:00:00.000,0,308,145,30444,30444,308,2020-09-06,0,145,0,0.0041615857891595,0
Herkimer,2020-09-07T00:00:00.000,0,308,251,30695,30695,308,2020-09-07,0,251,0,0.00417486240776723,0
Herkimer,2020-09-08T00:00:00.000,0,308,117,30812,30812,308,2020-09-08,0,117,0,0.00419239255800072,0
Herkimer,2020-09-09T00:00:00.000,0,308,154,30966,30966,308,2020-09-09,0,154,0,0.00421373162669182,0
Herkimer,2020-09-10T00:00:00.000,4,312,343,31309,31309,312,2020-09-10,4,343,0.0116618075801749,0.00423843835783222,4.44006771587507
Herkimer,2020-09-11T00:00:00.000,0,312,454,31763,31763,312,2020-09-11,0,454,0,0.00426607627393656,0
Herkimer,2020-09-12T00:00:00.000,1,313,316,32079,32079,313,2020-09-12,1,316,0.00316455696202532,0.00429621569702659,1.11578511677571
Herkimer,2020-09-13T00:00:00.000,0,313,262,32341,32341,313,2020-09-13,0,262,0,0.00432843635756179,0
Herkimer,2020-09-14T00:00:00.000,0,313,236,32577,32577,313,2020-09-14,0,236,0,0.00436233055643614,0
Herkimer,2020-09-15T00:00:00.000,1,314,169,32746,32746,314,2020-09-15,1,169,0.00591715976331361,0.00439750682207658,1.12346814279111
Herkimer,2020-09-16T00:00:00.000,2,316,206,32952,32952,316,2020-09-16,2,206,0.00970873786407767,0.00443359398244945,2.25050839033052
Herkimer,2020-09-17T00:00:00.000,2,318,280,33232,33232,318,2020-09-17,2,280,0.00714285714285714,0.00447024555175191,2.25317135239944
Herkimer,2020-09-18T00:00:00.000,1,319,309,33541,33541,319,2020-09-18,1,309,0.00323624595469256,0.00450714431479351,1.12742434261218
Herkimer,2020-09-19T00:00:00.000,2,321,397,33938,33938,321,2020-09-19,2,397,0.00503778337531486,0.00454400697961182,2.25330987174285
Herkimer,2020-09-20T00:00:00.000,0,321,316,34254,34254,321,2020-09-20,0,316,0,0.00458058876195018,0
Herkimer,2020-09-21T00:00:00.000,1,322,216,34470,34470,322,2020-09-21,1,216,0.00462962962962963,0.00461668776406048,1.12249009461875
Herkimer,2020-09-22T00:00:00.000,5,327,283,34753,34753,327,2020-09-22,5,283,0.0176678445229682,0.00465214901598497,5.59767030381781
Herkimer,2020-09-23T00:00:00.000,2,329,218,34971,34971,329,2020-09-23,2,218,0.00917431192660551,0.00468686805930099,2.23199393640655
Herkimer,2020-09-24T00:00:00.000,2,331,317,35288,35288,331,2020-09-24,2,317,0.00630914826498423,0.00472079397146361,2.22377255349454
Herkimer,2020-09-25T00:00:00.000,3,334,566,35854,35854,334,2020-09-25,3,566,0.00530035335689046,0.00475393175236258,3.33277636058472
Herkimer,2020-09-26T00:00:00.000,0,334,304,36158,36158,334,2020-09-26,0,304,0,0.00478634402226004,0
Herkimer,2020-09-27T00:00:00.000,1,335,166,36324,36324,335,2020-09-27,1,166,0.00602409638554217,0.00481815201078021,1.11360272748656
Herkimer,2020-09-28T00:00:00.000,2,337,357,36681,36681,337,2020-09-28,2,357,0.00560224089635854,0.00484953584828021,2.22814959243285
Herkimer,2020-09-29T00:00:00.000,1,338,235,36916,36916,338,2020-09-29,1,235,0.00425531914893617,0.00488073420204422,1.11398091961366
Herkimer,2020-09-30T00:00:00.000,2,340,295,37211,37211,340,2020-09-30,2,295,0.00677966101694915,0.0049120433289952,2.2266723310697
Herkimer,2020-10-01T00:00:00.000,2,342,317,37528,37528,342,2020-10-01,2,317,0.00630914826498423,0.00494381564216945,2.22432026342518
Herkimer,2020-10-02T00:00:00.000,2,344,616,38144,38144,344,2020-10-02,2,616,0.00324675324675325,0.00497645790920775,2.22095300644815
Herkimer,2020-10-03T00:00:00.000,2,346,254,38398,38398,346,2020-10-03,2,254,0.0078740157480315,0.00501042921663479,2.21662515393366
Herkimer,2020-10-04T00:00:00.000,2,348,193,38591,38591,348,2020-10-04,2,193,0.0103626943005181,0.00504623884315377,2.21139753068219
Herkimer,2020-10-05T00:00:00.000,1,349,253,38844,38844,349,2020-10-05,1,253,0.00395256916996047,0.00508444418863669,1.10266809035186
Herkimer,2020-10-06T00:00:00.000,4,353,250,39094,39094,353,2020-10-06,4,250,0.016,0.0051256489031716,4.39702271243102
Herkimer,2020-10-07T00:00:00.000,2,355,266,39360,39360,355,2020-10-07,2,266,0.0075187969924812,0.0051705013528914,2.19099652462891
Herkimer,2020-10-08T00:00:00.000,0,355,259,39619,39619,355,2020-10-08,0,259,0,0.00521969354725086,0
Herkimer,2020-10-09T00:00:00.000,3,358,667,40286,40286,358,2020-10-09,3,667,0.00449775112443778,0.00527396063682351,3.26098949521643
Herkimer,2020-10-10T00:00:00.000,1,359,527,40813,40813,359,2020-10-10,1,527,0.00189753320683112,0.00533408107242832,1.08232119852501
Herkimer,2020-10-11T00:00:00.000,2,361,298,41111,41111,361,2020-10-11,2,298,0.00671140939597315,0.00540087749662447,2.15493926345134
Herkimer,2020-10-12T00:00:00.000,2,363,362,41473,41473,363,2020-10-12,2,362,0.00552486187845304,0.00547521841781271,2.14495876307736
Herkimer,2020-10-13T00:00:00.000,0,363,288,41761,41761,363,2020-10-13,0,288,0,0.00555802069647312,0
Herkimer,2020-10-14T00:00:00.000,4,367,307,42068,42068,367,2020-10-14,4,307,0.0130293159609121,0.00565025285245891,4.25253691058592
Herkimer,2020-10-15T00:00:00.000,0,367,397,42465,42465,367,2020-10-15,0,397,0,0.00575293918242833,0
Herkimer,2020-10-16T00:00:00.000,1,368,439,42904,42904,368,2020-10-16,1,439,0.00227790432801822,0.00586716465721019,1.05807636074793
Herkimer,2020-10-17T00:00:00.000,2,370,301,43205,43205,370,2020-10-17,2,301,0.00664451827242525,0.00599408055024733,2.11422840935108
Herkimer,2020-10-18T00:00:00.000,0,370,237,43442,43442,370,2020-10-18,0,237,0,0.00613491072985429,0
Herkimer,2020-10-19T00:00:00.000,1,371,289,43731,43731,371,2020-10-19,1,289,0.00346020761245675,0.00629095852947843,1.05685556224844
Herkimer,2020-10-20T00:00:00.000,3,374,404,44135,44135,374,2020-10-20,3,404,0.00742574257425743,0.00646361409128955,3.17580652212428
Herkimer,2020-10-21T00:00:00.000,2,376,287,44422,44422,376,2020-10-21,2,287,0.00696864111498258,0.0066543620584397,2.12092398135548
Herkimer,2020-10-22T00:00:00.000,4,380,310,44732,44732,380,2020-10-22,4,310,0.0129032258064516,0.00686478947038534,4.25143691261346
Herkimer,2020-10-23T00:00:00.000,4,384,509,45241,45241,384,2020-10-23,4,509,0.00785854616895874,0.00709659369333469,4.26026983765234
Herkimer,2020-10-24T00:00:00.000,3,387,518,45759,45759,387,2020-10-24,3,518,0.00579150579150579,0.00735159019437877,3.20124723879612
Herkimer,2020-10-25T00:00:00.000,2,389,256,46015,46015,389,2020-10-25,2,256,0.0078125,0.00763171994394153,2.13780231227331
Herkimer,2020-10-26T00:00:00.000,1,390,262,46277,46277,390,2020-10-26,1,262,0.00381679389312977,0.00793905620718908,1.07052208448279
Herkimer,2020-10-27T00:00:00.000,4,394,388,46665,46665,394,2020-10-27,4,388,0.0103092783505155,0.00827581046351257,4.28777960731394
Herkimer,2020-10-28T00:00:00.000,0,394,345,47010,47010,394,2020-10-28,0,345,0,0.0086443371748554,0
Herkimer,2020-10-29T00:00:00.000,0,394,338,47348,47348,394,2020-10-29,0,338,0,0.0090471371130253,0
Herkimer,2020-10-30T00:00:00.000,2,396,398,47746,47746,396,2020-10-30,2,398,0.0050251256281407,0.00948685895515014,2.15008143677543
Herkimer,2020-10-31T00:00:00.000,3,399,320,48066,48066,399,2020-10-31,3,320,0.009375,0.00996629887113245,3.22707951698523
Herkimer,2020-11-01T00:00:00.000,8,407,238,48304,48304,407,2020-11-01,8,238,0.0336134453781513,0.0104883978609315,8.60931545253678
Herkimer,2020-11-02T00:00:00.000,7,414,331,48635,48635,414,2020-11-02,7,331,0.0211480362537764,0.0110562366600927,7.53522847036451
Herkimer,2020-11-03T00:00:00.000,4,418,327,48962,48962,418,2020-11-03,4,327,0.0122324159021407,0.0116730281240331,4.30636472028983
Herkimer,2020-11-04T00:00:00.000,6,424,493,49455,49455,424,2020-11-04,6,493,0.0121703853955375,0.0123421071324529,6.45937733931765
Herkimer,2020-11-05T00:00:00.000,10,434,573,50028,50028,434,2020-11-05,10,573,0.0174520069808028,0.0130669182306985,10.7638567107619
Herkimer,2020-11-06T00:00:00.000,9,443,384,50412,50412,443,2020-11-06,9,384,0.0234375,0.0138510014498683,9.68462581028247
Herkimer,2020-11-07T00:00:00.000,4,447,471,50883,50883,447,2020-11-07,4,471,0.00849256900212314,0.0146979770269167,4.30250021378892
Herkimer,2020-11-08T00:00:00.000,2,449,245,51128,51128,449,2020-11-08,2,245,0.00816326530612245,0.0156115300803948,2.14998033667234
Herkimer,2020-11-09T00:00:00.000,12,461,469,51597,51597,461,2020-11-09,12,469,0.0255863539445629,0.0165953966880265,12.8949616256081
Herkimer,2020-11-10T00:00:00.000,11,472,439,52036,52036,472,2020-11-10,11,439,0.0250569476082005,0.0176533532539141,11.8372573155587
Herkimer,2020-11-11T00:00:00.000,4,476,392,52428,52428,476,2020-11-11,4,392,0.0102040816326531,0.0187892115409707,4.31481834340753
Herkimer,2020-11-12T00:00:00.000,4,480,427,52855,52855,480,2020-11-12,4,427,0.00936768149882904,0.0200068222676286,4.3399505543276
Herkimer,2020-11-13T00:00:00.000,5,485,401,53256,53256,485,2020-11-13,5,401,0.0124688279301746,0.0213100907174057,5.45680504337423
Herkimer,2020-11-14T00:00:00.000,6,491,295,53551,53551,491,2020-11-14,6,295,0.0203389830508475,0.0227030083744214,6.58681248636904
Herkimer,2020-11-15T00:00:00.000,13,504,468,54019,54019,504,2020-11-15,13,468,0.0277777777777778,0.0241897051682779,14.3557726029624
Herkimer,2020-11-16T00:00:00.000,4,508,284,54303,54303,508,2020-11-16,4,284,0.0140845070422535,0.0257745274869235,4.4432301803657
Herkimer,2020-11-17T00:00:00.000,16,524,401,54704,54704,524,2020-11-17,16,401,0.0399002493765586,0.0274621477025026,17.8774348872164
Herkimer,2020-11-18T00:00:00.000,13,537,439,55143,55143,537,2020-11-18,13,439,0.0296127562642369,0.0292577115758888,14.6103892118623
Jefferson,2020-03-01T00:00:00.000,0,0,0,0,0,0,2020-03-01,0,0,0,0.0188780049126257,0
Jefferson,2020-03-02T00:00:00.000,0,0,0,0,0,0,2020-03-02,0,0,0,0.0195757683569963,0
Jefferson,2020-03-03T00:00:00.000,0,0,0,0,0,0,2020-03-03,0,0,0,0.0202987351729257,0
Jefferson,2020-03-04T00:00:00.000,0,0,0,0,0,0,2020-03-04,0,0,0,0.0210476685182159,0
Jefferson,2020-03-05T00:00:00.000,0,0,0,0,0,0,2020-03-05,0,0,0,0.0218232721277447,0
Jefferson,2020-03-06T00:00:00.000,0,0,0,0,0,0,2020-03-06,0,0,0,0.0226261648135462,0
Jefferson,2020-03-07T00:00:00.000,0,0,1,1,1,0,2020-03-07,0,1,0,0.0234568512310465,0
Jefferson,2020-03-08T00:00:00.000,0,0,0,1,1,0,2020-03-08,0,0,0,0.0243156887221027,0
Jefferson,2020-03-09T00:00:00.000,0,0,0,1,1,0,2020-03-09,0,0,0,0.0252028501148341,0
Jefferson,2020-03-10T00:00:00.000,0,0,0,1,1,0,2020-03-10,0,0,0,0.0261182824465783,0
Jefferson,2020-03-11T00:00:00.000,0,0,1,2,2,0,2020-03-11,0,1,0,0.0270616616939862,0
Jefferson,2020-03-12T00:00:00.000,0,0,0,2,2,0,2020-03-12,0,0,0,0.0280323437365151,0
Jefferson,2020-03-13T00:00:00.000,0,0,0,2,2,0,2020-03-13,0,0,0,0.0290293119550449,0
Jefferson,2020-03-14T00:00:00.000,0,0,0,2,2,0,2020-03-14,0,0,0,0.0300511220769244,0
Jefferson,2020-03-15T00:00:00.000,0,0,1,3,3,0,2020-03-15,0,1,0,0.0310958451176571,0
Jefferson,2020-03-16T00:00:00.000,0,0,0,3,3,0,2020-03-16,0,0,0,0.0321610095462235,0
Jefferson,2020-03-17T00:00:00.000,0,0,2,5,5,0,2020-03-17,0,2,0,0.0332435440959528,0
Jefferson,2020-03-18T00:00:00.000,1,1,7,12,12,1,2020-03-18,1,7,0.142857142857143,0.034339722966673,1.13173181901927
Jefferson,2020-03-19T00:00:00.000,0,1,13,25,25,1,2020-03-19,0,13,0,0.0354451154854981,0
Jefferson,2020-03-20T00:00:00.000,0,1,18,43,43,1,2020-03-20,0,18,0,0.0365545426175434,0
Jefferson,2020-03-21T00:00:00.000,0,1,4,47,47,1,2020-03-21,0,4,0,0.0376620430069116,0
Jefferson,2020-03-22T00:00:00.000,1,2,20,67,67,2,2020-03-22,1,20,0.05,0.0387608514737356,1.06895071956114
Jefferson,2020-03-23T00:00:00.000,0,2,1,68,68,2,2020-03-23,0,1,0,0.0398433930578039,0
Jefferson,2020-03-24T00:00:00.000,0,2,13,81,81,2,2020-03-24,0,13,0,0.0409012957630152,0
Jefferson,2020-03-25T00:00:00.000,1,3,31,112,112,3,2020-03-25,1,31,0.032258064516129,0.0419254250841128,1.05589212243775
Jefferson,2020-03-26T00:00:00.000,0,3,23,135,135,3,2020-03-26,0,23,0,0.0429059431632784,0
Jefferson,2020-03-27T00:00:00.000,3,6,45,180,180,6,2020-03-27,3,45,0.0666666666666667,0.0438323950049534,3.15585571326328
Jefferson,2020-03-28T00:00:00.000,1,7,52,232,232,7,2020-03-28,1,52,0.0192307692307692,0.0446938235553521,1.04939682007551
Jefferson,2020-03-29T00:00:00.000,4,11,100,332,332,11,2020-03-29,4,100,0.04,0.0454789146153067,4.18244301506736
Jefferson,2020-03-30T00:00:00.000,1,12,19,351,351,12,2020-03-30,1,19,0.0526315789473684,0.0461761715154658,1.04174536722752
Jefferson,2020-03-31T00:00:00.000,0,12,14,365,365,12,2020-03-31,0,14,0,0.0467741182461339,0
Jefferson,2020-04-01T00:00:00.000,3,15,53,418,418,15,2020-04-01,3,53,0.0566037735849057,0.0472615283437753,3.13024419330372
Jefferson,2020-04-02T00:00:00.000,3,18,56,474,474,18,2020-04-02,3,56,0.0535714285714286,0.0476276753361524,3.13817137375483
Jefferson,2020-04-03T00:00:00.000,2,20,38,512,512,20,2020-04-03,2,38,0.0526315789473684,0.0478625990087955,2.09611618940224
Jefferson,2020-04-04T00:00:00.000,6,26,75,587,587,26,2020-04-04,6,75,0.08,0.0479573802511488,6.29673325138057
Jefferson,2020-04-05T00:00:00.000,7,33,98,685,685,33,2020-04-05,7,98,0.0714285714285714,0.0479044158719106,7.35123171401471
Jefferson,2020-04-06T00:00:00.000,6,39,63,748,748,39,2020-04-06,6,63,0.0952380952380952,0.0476976836354045,6.30215155793492
Jefferson,2020-04-07T00:00:00.000,1,40,25,773,773,40,2020-04-07,1,25,0.04,0.047332986965293,1.05007349870669
Jefferson,2020-04-08T00:00:00.000,2,42,84,857,857,42,2020-04-08,2,84,0.0238095238095238,0.0468081683952551,2.09891737984558
Jefferson,2020-04-09T00:00:00.000,1,43,52,909,909,43,2020-04-09,1,52,0.0192307692307692,0.046123280999529,1.05075628036518
Jefferson,2020-04-10T00:00:00.000,1,44,43,952,952,44,2020-04-10,1,43,0.0232558139534884,0.045280707775014,1.05126971014773
Jefferson,2020-04-11T00:00:00.000,2,46,47,999,999,46,2020-04-11,2,47,0.0425531914893617,0.0442852203225308,2.10219479076245
Jefferson,2020-04-12T00:00:00.000,0,46,24,1023,1023,46,2020-04-12,0,24,0,0.0431439701644414,0
Jefferson,2020-04-13T00:00:00.000,1,47,37,1060,1060,47,2020-04-13,1,37,0.027027027027027,0.0418664086221252,1.0490986951796
Jefferson,2020-04-14T00:00:00.000,0,47,1,1061,1061,47,2020-04-14,0,1,0,0.0404641342352512,0
Jefferson,2020-04-15T00:00:00.000,1,48,33,1094,1094,48,2020-04-15,1,33,0.0303030303030303,0.0389506701119975,1.04832130150249
Jefferson,2020-04-16T00:00:00.000,2,50,31,1125,1125,50,2020-04-16,2,31,0.0645161290322581,0.0373411771361294,2.09510561270446
Jefferson,2020-04-17T00:00:00.000,0,50,16,1141,1141,50,2020-04-17,0,16,0,0.0356521124077347,0
Jefferson,2020-04-18T00:00:00.000,4,54,53,1194,1194,54,2020-04-18,4,53,0.0754716981132075,0.0339008453916933,4.1923855715875
Jefferson,2020-04-19T00:00:00.000,0,54,23,1217,1217,54,2020-04-19,0,23,0,0.0321052467425016,0
Jefferson,2020-04-20T00:00:00.000,0,54,7,1224,1224,54,2020-04-20,0,7,0,0.0302832664476711,0
Jefferson,2020-04-21T00:00:00.000,0,54,8,1232,1232,54,2020-04-21,0,8,0,0.0284525186055402,0
Jefferson,2020-04-22T00:00:00.000,2,56,28,1260,1260,56,2020-04-22,2,28,0.0714285714285714,0.0266298897506796,2.1005579806126
Jefferson,2020-04-23T00:00:00.000,2,58,37,1297,1297,58,2020-04-23,2,37,0.0540540540540541,0.0248311861610623,2.10011223074646
Jefferson,2020-04-24T00:00:00.000,1,59,63,1360,1360,59,2020-04-24,1,63,0.0158730158730159,0.0230708331313254,1.0495181768944
Jefferson,2020-04-25T00:00:00.000,1,60,27,1387,1387,60,2020-04-25,1,27,0.037037037037037,0.0213616359812883,1.04866465367947
Jefferson,2020-04-26T00:00:00.000,0,60,52,1439,1439,60,2020-04-26,0,52,0,0.0197146088462332,0
Jefferson,2020-04-27T00:00:00.000,0,60,15,1454,1454,60,2020-04-27,0,15,0,0.0181388733855934,0
Jefferson,2020-04-28T00:00:00.000,0,60,28,1482,1482,60,2020-04-28,0,28,0,0.0166416257541254,0
Jefferson,2020-04-29T00:00:00.000,1,61,36,1518,1518,61,2020-04-29,1,36,0.0277777777777778,0.015228166798392,1.0418164217174
Jefferson,2020-04-30T00:00:00.000,0,61,37,1555,1555,61,2020-04-30,0,37,0,0.0139019876918068,0
Jefferson,2020-05-01T00:00:00.000,1,62,48,1603,1603,62,2020-05-01,1,48,0.0208333333333333,0.0126649012530042,1.03641622914041
Jefferson,2020-05-02T00:00:00.000,0,62,48,1651,1651,62,2020-05-02,0,48,0,0.0115172080682525,0
Jefferson,2020-05-03T00:00:00.000,1,63,82,1733,1733,63,2020-05-03,1,82,0.0121951219512195,0.0104578862326186,1.03162772746754
Jefferson,2020-05-04T00:00:00.000,0,63,13,1746,1746,63,2020-05-04,0,13,0,0.00948479394816868,0
Jefferson,2020-05-05T00:00:00.000,0,63,50,1796,1796,63,2020-05-05,0,50,0,0.00859487522792076,0
Jefferson,2020-05-06T00:00:00.000,1,64,90,1886,1886,64,2020-05-06,1,90,0.0111111111111111,0.0077843603802058,1.03052202683128
Jefferson,2020-05-07T00:00:00.000,2,66,82,1968,1968,66,2020-05-07,2,82,0.024390243902439,0.00704895461871415,2.0564145638446
Jefferson,2020-05-08T00:00:00.000,1,67,47,2015,2015,67,2020-05-08,1,47,0.0212765957446809,0.00638400989260182,1.02390443606148
Jefferson,2020-05-09T00:00:00.000,1,68,64,2079,2079,68,2020-05-09,1,64,0.015625,0.00578467672466655,1.0191395440981
Jefferson,2020-05-10T00:00:00.000,0,68,63,2142,2142,68,2020-05-10,0,63,0,0.00524603437991941,0
Jefferson,2020-05-11T00:00:00.000,0,68,46,2188,2188,68,2020-05-11,0,46,0,0.00476319899370401,0
Jefferson,2020-05-12T00:00:00.000,0,68,80,2268,2268,68,2020-05-12,0,80,0,0.00433141033320884,0
Jefferson,2020-05-13T00:00:00.000,1,69,104,2372,2372,69,2020-05-13,1,104,0.00961538461538462,0.00394609864267278,1.010766312945
Jefferson,2020-05-14T00:00:00.000,2,71,453,2825,2825,71,2020-05-14,2,453,0.00441501103752759,0.00360293354542277,2.0195055238584
Jefferson,2020-05-15T00:00:00.000,0,71,237,3062,3062,71,2020-05-15,0,237,0,0.00329785727484547,0
Jefferson,2020-05-16T00:00:00.000,0,71,152,3214,3214,71,2020-05-16,0,152,0,0.00302710462020817,0
Jefferson,2020-05-17T00:00:00.000,0,71,137,3351,3351,71,2020-05-17,0,137,0,0.00278721194169176,0
Jefferson,2020-05-18T00:00:00.000,0,71,90,3441,3441,71,2020-05-18,0,90,0,0.00257501747304442,0
Jefferson,2020-05-19T00:00:00.000,0,71,64,3505,3505,71,2020-05-19,0,64,0,0.00238765492416864,0
Jefferson,2020-05-20T00:00:00.000,0,71,324,3829,3829,71,2020-05-20,0,324,0,0.00222254215145151,0
Jefferson,2020-05-21T00:00:00.000,1,72,319,4148,4148,72,2020-05-21,1,319,0.00313479623824451,0.00207736640324002,1.02883883016487
Jefferson,2020-05-22T00:00:00.000,0,72,331,4479,4479,72,2020-05-22,0,331,0,0.00195006739055909,0
Jefferson,2020-05-23T00:00:00.000,0,72,305,4784,4784,72,2020-05-23,0,305,0,0.00183881919099079,0
Jefferson,2020-05-24T00:00:00.000,0,72,107,4891,4891,72,2020-05-24,0,107,0,0.00174201177424426,0
Jefferson,2020-05-25T00:00:00.000,0,72,71,4962,4962,72,2020-05-25,0,71,0,0.00165823274595393,0
Jefferson,2020-05-26T00:00:00.000,0,72,97,5059,5059,72,2020-05-26,0,97,0,0.00158624974211043,0
Jefferson,2020-05-27T00:00:00.000,0,72,136,5195,5195,72,2020-05-27,0,136,0,0.00152499377033334,0
Jefferson,2020-05-28T00:00:00.000,2,74,400,5595,5595,74,2020-05-28,2,400,0.005,0.00147354368310314,2.04692357334809
Jefferson,2020-05-29T00:00:00.000,0,74,227,5822,5822,74,2020-05-29,0,227,0,0.00143111187973504,0
Jefferson,2020-05-30T00:00:00.000,0,74,280,6102,6102,74,2020-05-30,0,280,0,0.00139703126488073,0
Jefferson,2020-05-31T00:00:00.000,0,74,256,6358,6358,74,2020-05-31,0,256,0,0.00137074343856487,0
Jefferson,2020-06-01T00:00:00.000,0,74,228,6586,6586,74,2020-06-01,0,228,0,0.0013517880530211,0
Jefferson,2020-06-02T00:00:00.000,0,74,256,6842,6842,74,2020-06-02,0,256,0,0.00133979324239501,0
Jefferson,2020-06-03T00:00:00.000,0,74,253,7095,7095,74,2020-06-03,0,253,0,0.00133446701011005,0
Jefferson,2020-06-04T00:00:00.000,1,75,482,7577,7577,75,2020-06-04,1,482,0.0020746887966805,0.00133558944348018,1.00932856700286
Jefferson,2020-06-05T00:00:00.000,0,75,315,7892,7892,75,2020-06-05,0,315,0,0.00134300561462466,0
Jefferson,2020-06-06T00:00:00.000,2,77,275,8167,8167,77,2020-06-06,2,275,0.00727272727272727,0.00135661901949934,2.01984226310875
Jefferson,2020-06-07T00:00:00.000,1,78,374,8541,8541,78,2020-06-07,1,374,0.00267379679144385,0.00137638540232404,1.01066845199388
Jefferson,2020-06-08T00:00:00.000,1,79,85,8626,8626,79,2020-06-08,1,85,0.0117647058823529,0.00140230681048746,1.010953566975
Jefferson,2020-06-09T00:00:00.000,0,79,257,8883,8883,79,2020-06-09,0,257,0,0.00143442572508342,0
Jefferson,2020-06-10T00:00:00.000,0,79,299,9182,9182,79,2020-06-10,0,299,0,0.00147281911473327,0
Jefferson,2020-06-11T00:00:00.000,1,80,564,9746,9746,80,2020-06-11,1,564,0.00177304964539007,0.00151759226597902,1.02364525745339
Jefferson,2020-06-12T00:00:00.000,1,81,173,9919,9919,81,2020-06-12,1,173,0.00578034682080925,0.00156887225292409,1.02945443891446
Jefferson,2020-06-13T00:00:00.000,0,81,135,10054,10054,81,2020-06-13,0,135,0,0.00162680092280478,0
Jefferson,2020-06-14T00:00:00.000,0,81,261,10315,10315,81,2020-06-14,0,261,0,0.00169152729384285,0
Jefferson,2020-06-15T00:00:00.000,0,81,76,10391,10391,81,2020-06-15,0,76,0,0.0017631992878707,0
Jefferson,2020-06-16T00:00:00.000,1,82,108,10499,10499,82,2020-06-16,1,108,0.00925925925925926,0.00184195475369262,1.05227421095938
Jefferson,2020-06-17T00:00:00.000,0,82,367,10866,10866,82,2020-06-17,0,367,0,0.0019279117783218,0
Jefferson,2020-06-18T00:00:00.000,0,82,534,11400,11400,82,2020-06-18,0,534,0,0.00202115833213807,0
Jefferson,2020-06-19T00:00:00.000,1,83,237,11637,11637,83,2020-06-19,1,237,0.00421940928270042,0.00212174135014304,1.06822454402718
Jefferson,2020-06-20T00:00:00.000,1,84,118,11755,11755,84,2020-06-20,1,118,0.00847457627118644,0.0022296554133479,1.07320413531339
Jefferson,2020-06-21T00:00:00.000,0,84,220,11975,11975,84,2020-06-21,0,220,0,0.00234483125991333,0
Jefferson,2020-06-22T00:00:00.000,0,84,88,12063,12063,84,2020-06-22,0,88,0,0.00246712442180298,0
Jefferson,2020-06-23T00:00:00.000,0,84,120,12183,12183,84,2020-06-23,0,120,0,0.002596304345576,0
Jefferson,2020-06-24T00:00:00.000,1,85,309,12492,12492,85,2020-06-24,1,309,0.00323624595469256,0.0027320444107441,1.09086752867819
Jefferson,2020-06-25T00:00:00.000,0,85,479,12971,12971,85,2020-06-25,0,479,0,0.00287391330123407,0
Jefferson,2020-06-26T00:00:00.000,0,85,184,13155,13155,85,2020-06-26,0,184,0,0.00302136820881501,0
Jefferson,2020-06-27T00:00:00.000,0,85,101,13256,13256,85,2020-06-27,0,101,0,0.00317375034816326,0
Jefferson,2020-06-28T00:00:00.000,1,86,234,13490,13490,86,2020-06-28,1,234,0.00427350427350427,0.00333028323643307,1.10379295125272
Jefferson,2020-06-29T00:00:00.000,0,86,68,13558,13558,86,2020-06-29,0,68,0,0.00349007413374089,0
Jefferson,2020-06-30T00:00:00.000,2,88,135,13693,13693,88,2020-06-30,2,135,0.0148148148148148,0.00365211895400454,2.21612442529745
Jefferson,2020-07-01T00:00:00.000,2,90,240,13933,13933,90,2020-07-01,2,240,0.00833333333333333,0.00381531083925264,2.21917966089149
Jefferson,2020-07-02T00:00:00.000,3,93,213,14146,14146,93,2020-07-02,3,213,0.0140845070422535,0.00397845244913198,3.33208668694769
Jefferson,2020-07-03T00:00:00.000,0,93,324,14470,14470,93,2020-07-03,0,324,0,0.00414027185729049,0
Jefferson,2020-07-04T00:00:00.000,1,94,174,14644,14644,94,2020-07-04,1,174,0.00574712643678161,0.00429944177566893,1.11159909945172
Jefferson,2020-07-05T00:00:00.000,0,94,119,14763,14763,94,2020-07-05,0,119,0,0.00445460165771513,0
Jefferson,2020-07-06T00:00:00.000,0,94,126,14889,14889,94,2020-07-06,0,126,0,0.00460438207235098,0
Jefferson,2020-07-07T00:00:00.000,0,94,293,15182,15182,94,2020-07-07,0,293,0,0.00474743060402086,0
Jefferson,2020-07-08T00:00:00.000,1,95,206,15388,15388,95,2020-07-08,1,206,0.00485436893203883,0.00488243843041931,1.1123069007819
Jefferson,2020-07-09T00:00:00.000,0,95,171,15559,15559,95,2020-07-09,0,171,0,0.00500816666643019,0
Jefferson,2020-07-10T00:00:00.000,0,95,162,15721,15721,95,2020-07-10,0,162,0,0.00512347154668193,0
Jefferson,2020-07-11T00:00:00.000,2,97,95,15816,15816,97,2020-07-11,2,95,0.0210526315789474,0.00522732755142037,2.22126509402637
Jefferson,2020-07-12T00:00:00.000,2,99,495,16311,16311,99,2020-07-12,2,495,0.00404040404040404,0.00531884766014628,2.2184213337123
Jefferson,2020-07-13T00:00:00.000,1,100,154,16465,16465,100,2020-07-13,1,154,0.00649350649350649,0.00539730004024291,1.10738709244419
Jefferson,2020-07-14T00:00:00.000,0,100,251,16716,16716,100,2020-07-14,0,251,0,0.0054621206345931,0
Jefferson,2020-07-15T00:00:00.000,2,102,143,16859,16859,102,2020-07-15,2,143,0.013986013986014,0.00551292129449597,2.20524270486544
Jefferson,2020-07-16T00:00:00.000,1,103,165,17024,17024,103,2020-07-16,1,165,0.00606060606060606,0.0055494932984487,1.0997263780033
Jefferson,2020-07-17T00:00:00.000,1,104,385,17409,17409,104,2020-07-17,1,385,0.0025974025974026,0.00557180629312306,1.09804718151918
Jefferson,2020-07-18T00:00:00.000,1,105,321,17730,17730,105,2020-07-18,1,321,0.00311526479750779,0.0055800028773802,1.09907517998191
Jefferson,2020-07-19T00:00:00.000,1,106,192,17922,17922,106,2020-07-19,1,192,0.00520833333333333,0.00557438921393646,1.0993659749323
Jefferson,2020-07-20T00:00:00.000,6,112,633,18555,18555,112,2020-07-20,6,633,0.00947867298578199,0.00555542218782909,6.59353685137393
Jefferson,2020-07-21T00:00:00.000,1,113,325,18880,18880,113,2020-07-21,1,325,0.00307692307692308,0.00552369373134712,1.09762312999541
Jefferson,2020-07-22T00:00:00.000,7,120,412,19292,19292,120,2020-07-22,7,412,0.0169902912621359,0.00547991299743347,7.6686240687533
Jefferson,2020-07-23T00:00:00.000,3,123,311,19603,19603,123,2020-07-23,3,311,0.00964630225080386,0.00542488708988634,3.27829613609854
Jefferson,2020-07-24T00:00:00.000,3,126,563,20166,20166,126,2020-07-24,3,563,0.00532859680284192,0.00535950104875695,3.28193976122556
Jefferson,2020-07-25T00:00:00.000,1,127,329,20495,20495,127,2020-07-25,1,329,0.00303951367781155,0.00528469774968138,1.09452598111805
Jefferson,2020-07-26T00:00:00.000,1,128,198,20693,20693,128,2020-07-26,1,198,0.00505050505050505,0.00520145831081716,1.09398221704913
Jefferson,2020-07-27T00:00:00.000,0,128,115,20808,20808,128,2020-07-27,0,115,0,0.00511078351744511,0
Jefferson,2020-07-28T00:00:00.000,0,128,67,20875,20875,128,2020-07-28,0,67,0,0.00501367667908387,0
Jefferson,2020-07-29T00:00:00.000,0,128,195,21070,21070,128,2020-07-29,0,195,0,0.00491112823348998,0
Jefferson,2020-07-30T00:00:00.000,1,129,232,21302,21302,129,2020-07-30,1,232,0.00431034482758621,0.00480410231140426,1.08296055534194
Jefferson,2020-07-31T00:00:00.000,1,130,129,21431,21431,130,2020-07-31,1,129,0.00775193798449612,0.0046935253817149,1.07893144599663
Jefferson,2020-08-01T00:00:00.000,4,134,287,21718,21718,134,2020-08-01,4,287,0.0139372822299652,0.00458027701052045,4.30480532959793
Jefferson,2020-08-02T00:00:00.000,0,134,176,21894,21894,134,2020-08-02,0,176,0,0.00446518269403403,0
Jefferson,2020-08-03T00:00:00.000,5,139,292,22186,22186,139,2020-08-03,5,292,0.0171232876712329,0.00434900866458915,5.33970970846846
Jefferson,2020-08-04T00:00:00.000,1,140,309,22495,22495,140,2020-08-04,1,309,0.00323624595469256,0.0042324585220209,1.06305762488673
Jefferson,2020-08-05T00:00:00.000,0,140,428,22923,22923,140,2020-08-05,0,428,0,0.00411617150934604,0
Jefferson,2020-08-06T00:00:00.000,0,140,300,23223,23223,140,2020-08-06,0,300,0,0.00400072223096772,0
Jefferson,2020-08-07T00:00:00.000,0,140,82,23305,23305,140,2020-08-07,0,82,0,0.00388662160147002,0
Jefferson,2020-08-08T00:00:00.000,2,142,194,23499,23499,142,2020-08-08,2,194,0.0103092783505155,0.00377431881288074,2.10556681699575
Jefferson,2020-08-09T00:00:00.000,0,142,65,23564,23564,142,2020-08-09,0,65,0,0.00366420411549995,0
Jefferson,2020-08-10T00:00:00.000,0,142,260,23824,23824,142,2020-08-10,0,260,0,0.00355661222004748,0
Jefferson,2020-08-11T00:00:00.000,0,142,178,24002,24002,142,2020-08-11,0,178,0,0.00345182614623436,0
Jefferson,2020-08-12T00:00:00.000,0,142,355,24357,24357,142,2020-08-12,0,355,0,0.00335008136229966,0
Jefferson,2020-08-13T00:00:00.000,1,143,338,24695,24695,143,2020-08-13,1,338,0.0029585798816568,0.00325157008088535,1.04096737715736
Jefferson,2020-08-14T00:00:00.000,0,143,303,24998,24998,143,2020-08-14,0,303,0,0.00315644559779499,0
Jefferson,2020-08-15T00:00:00.000,0,143,161,25159,25159,143,2020-08-15,0,161,0,0.00306482658065814,0
Jefferson,2020-08-16T00:00:00.000,0,143,102,25261,25261,143,2020-08-16,0,102,0,0.00297680123347381,0
Jefferson,2020-08-17T00:00:00.000,0,143,203,25464,25464,143,2020-08-17,0,203,0,0.00289243128090796,0
Jefferson,2020-08-18T00:00:00.000,0,143,255,25719,25719,143,2020-08-18,0,255,0,0.00281175573155848,0
Jefferson,2020-08-19T00:00:00.000,0,143,440,26159,26159,143,2020-08-19,0,440,0,0.00273479439306038,0
Jefferson,2020-08-20T00:00:00.000,1,144,279,26438,26438,144,2020-08-20,1,279,0.003584229390681,0.00266155112363303,1.03043568713256
Jefferson,2020-08-21T00:00:00.000,0,144,289,26727,26727,144,2020-08-21,0,289,0,0.00259201681410696,0
Jefferson,2020-08-22T00:00:00.000,1,145,142,26869,26869,145,2020-08-22,1,142,0.00704225352112676,0.00252617210224292,1.02554896926514
Jefferson,2020-08-23T00:00:00.000,0,145,135,27004,27004,145,2020-08-23,0,135,0,0.00246398982755983,0
Jefferson,2020-08-24T00:00:00.000,1,146,184,27188,27188,146,2020-08-24,1,184,0.00543478260869565,0.00240543723915622,1.02353394931572
Jefferson,2020-08-25T00:00:00.000,0,146,139,27327,27327,146,2020-08-25,0,139,0,0.00235047797275309,0
Jefferson,2020-08-26T00:00:00.000,2,148,394,27721,27721,148,2020-08-26,2,394,0.0050761421319797,0.00229907381524524,2.03801276173629
Jefferson,2020-08-27T00:00:00.000,1,149,302,28023,28023,149,2020-08-27,1,302,0.0033112582781457,0.00225118627657671,1.01583331999891
Jefferson,2020-08-28T00:00:00.000,0,149,192,28215,28215,149,2020-08-28,0,192,0,0.00220677798926474,0
Jefferson,2020-08-29T00:00:00.000,1,150,183,28398,28398,150,2020-08-29,1,183,0.00546448087431694,0.00216581395612138,1.01568211125849
Jefferson,2020-08-30T00:00:00.000,0,150,96,28494,28494,150,2020-08-30,0,96,0,0.00212826266605711,0
Jefferson,2020-08-31T00:00:00.000,0,150,204,28698,28698,150,2020-08-31,0,204,0,0.00209409709727387,0
Jefferson,2020-09-01T00:00:00.000,0,150,294,28992,28992,150,2020-09-01,0,294,0,0.00206329562595709,0
Jefferson,2020-09-02T00:00:00.000,4,154,819,29811,29811,154,2020-09-02,4,819,0.00488400488400488,0.00203584285740895,4.07715135338557
Jefferson,2020-09-03T00:00:00.000,0,154,146,29957,29957,154,2020-09-03,0,146,0,0.002011730395095,0
Jefferson,2020-09-04T00:00:00.000,0,154,119,30076,30076,154,2020-09-04,0,119,0,0.00199095756172608,0
Jefferson,2020-09-05T00:00:00.000,0,154,134,30210,30210,154,2020-09-05,0,134,0,0.00197353208487344,0
Jefferson,2020-09-06T00:00:00.000,2,156,136,30346,30346,156,2020-09-06,2,136,0.0147058823529412,0.00195947075815379,2.04678303920207
Jefferson,2020-09-07T00:00:00.000,0,156,160,30506,30506,156,2020-09-07,0,160,0,0.00194880008740472,0
Jefferson,2020-09-08T00:00:00.000,0,156,126,30632,30632,156,2020-09-08,0,126,0,0.00194155692980684,0
Jefferson,2020-09-09T00:00:00.000,0,156,92,30724,30724,156,2020-09-09,0,92,0,0.0019377891322031,0
Jefferson,2020-09-10T00:00:00.000,1,157,341,31065,31065,157,2020-09-10,1,341,0.00293255131964809,0.00193755617346293,1.02644207373018
Jefferson,2020-09-11T00:00:00.000,0,157,360,31425,31425,157,2020-09-11,0,360,0,0.00194092981398971,0
Jefferson,2020-09-12T00:00:00.000,0,157,306,31731,31731,157,2020-09-12,0,306,0,0.00194799475392726,0
Jefferson,2020-09-13T00:00:00.000,1,158,82,31813,31813,158,2020-09-13,1,82,0.0121951219512195,0.00195884929984299,1.03342212293009
Jefferson,2020-09-14T00:00:00.000,0,158,134,31947,31947,158,2020-09-14,0,134,0,0.00197360603798693,0
Jefferson,2020-09-15T00:00:00.000,0,158,306,32253,32253,158,2020-09-15,0,306,0,0.00199239251024439,0
Jefferson,2020-09-16T00:00:00.000,1,159,424,32677,32677,159,2020-09-16,1,424,0.00235849056603774,0.00201535188700764,1.03994444035952
Jefferson,2020-09-17T00:00:00.000,1,160,244,32921,32921,160,2020-09-17,1,244,0.00409836065573771,0.00204264362904882,1.04171842962291
Jefferson,2020-09-18T00:00:00.000,1,161,239,33160,33160,161,2020-09-18,1,239,0.00418410041841004,0.00207444412821637,1.04324769880308
Jefferson,2020-09-19T00:00:00.000,2,163,261,33421,33421,163,2020-09-19,2,261,0.00766283524904215,0.00211094731452962,2.08701110421201
Jefferson,2020-09-20T00:00:00.000,0,163,222,33643,33643,163,2020-09-20,0,222,0,0.00215236521456737,0
Jefferson,2020-09-21T00:00:00.000,1,164,145,33788,33788,164,2020-09-21,1,145,0.00689655172413793,0.0021989284437778,1.04224681500809
Jefferson,2020-09-22T00:00:00.000,0,164,241,34029,34029,164,2020-09-22,0,241,0,0.0022508866124355,0
Jefferson,2020-09-23T00:00:00.000,1,165,428,34457,34457,165,2020-09-23,1,428,0.00233644859813084,0.00230850862262078,1.03969963639891
Jefferson,2020-09-24T00:00:00.000,2,167,364,34821,34821,167,2020-09-24,2,364,0.00549450549450549,0.00237208283105432,2.07587809433072
Jefferson,2020-09-25T00:00:00.000,0,167,298,35119,35119,167,2020-09-25,0,298,0,0.00244191705028599,0
Jefferson,2020-09-26T00:00:00.000,3,170,292,35411,35411,170,2020-09-26,3,292,0.0102739726027397,0.00251833835898551,3.13006671691084
Jefferson,2020-09-27T00:00:00.000,0,170,162,35573,35573,170,2020-09-27,0,162,0,0.00260169269057631,0
Jefferson,2020-09-28T00:00:00.000,0,170,194,35767,35767,170,2020-09-28,0,194,0,0.00269234416874374,0
Jefferson,2020-09-29T00:00:00.000,2,172,343,36110,36110,172,2020-09-29,2,343,0.00583090379008746,0.00279067415865239,2.10683316035372
Jefferson,2020-09-30T00:00:00.000,0,172,180,36290,36290,172,2020-09-30,0,180,0,0.0028970800038479,0
Jefferson,2020-10-01T00:00:00.000,2,174,646,36936,36936,174,2020-10-01,2,646,0.00309597523219814,0.00301197342159266,2.11678234707947
Jefferson,2020-10-02T00:00:00.000,2,176,413,37349,37349,176,2020-10-02,2,413,0.00484261501210654,0.00313577853357517,2.12071288020914
Jefferson,2020-10-03T00:00:00.000,0,176,261,37610,37610,176,2020-10-03,0,261,0,0.00326892951479585,0
Jefferson,2020-10-04T00:00:00.000,0,176,174,37784,37784,176,2020-10-04,0,174,0,0.00341186785145594,0
Jefferson,2020-10-05T00:00:00.000,0,176,392,38176,38176,176,2020-10-05,0,392,0,0.00356503920856742,0
Jefferson,2020-10-06T00:00:00.000,0,176,473,38649,38649,176,2020-10-06,0,473,0,0.00372888991996946,0
Jefferson,2020-10-07T00:00:00.000,1,177,461,39110,39110,177,2020-10-07,1,461,0.00216919739696312,0.00390386312747925,1.06514292172119
Jefferson,2020-10-08T00:00:00.000,3,180,321,39431,39431,180,2020-10-08,3,321,0.00934579439252336,0.00409039461171097,3.19543976766228
Jefferson,2020-10-09T00:00:00.000,1,181,275,39706,39706,181,2020-10-09,1,275,0.00363636363636364,0.00428890837435249,1.06475364015629
Jefferson,2020-10-10T00:00:00.000,3,184,301,40007,40007,184,2020-10-10,3,301,0.00996677740863787,0.00449981205003862,3.1922058976679
Jefferson,2020-10-11T00:00:00.000,1,185,179,40186,40186,185,2020-10-11,1,179,0.00558659217877095,0.00472349224446596,1.06312645783785
Jefferson,2020-10-12T00:00:00.000,1,186,268,40454,40454,186,2020-10-12,1,268,0.00373134328358209,0.00496030991383622,1.06193928658713
Jefferson,2020-10-13T00:00:00.000,0,186,217,40671,40671,186,2020-10-13,0,217,0,0.0052105959173058,0
Jefferson,2020-10-14T00:00:00.000,0,186,503,41174,41174,186,2020-10-14,0,503,0,0.00547464688892846,0
Jefferson,2020-10-15T00:00:00.000,0,186,288,41462,41462,186,2020-10-15,0,288,0,0.00575272158643609,0
Jefferson,2020-10-16T00:00:00.000,0,186,295,41757,41757,186,2020-10-16,0,295,0,0.00604503788109472,0
Jefferson,2020-10-17T00:00:00.000,2,188,206,41963,41963,188,2020-10-17,2,206,0.00970873786407767,0.00635177055390021,2.12651831214597
Jefferson,2020-10-18T00:00:00.000,3,191,183,42146,42146,191,2020-10-18,3,183,0.0163934426229508,0.00667305005834588,3.19610821755507
Jefferson,2020-10-19T00:00:00.000,1,192,186,42332,42332,192,2020-10-19,1,186,0.00537634408602151,0.00700896239835216,1.06833960392974
Jefferson,2020-10-20T00:00:00.000,1,193,243,42575,42575,193,2020-10-20,1,243,0.00411522633744856,0.00735955025049043,1.07243348867289
Jefferson,2020-10-21T00:00:00.000,1,194,365,42940,42940,194,2020-10-21,1,365,0.00273972602739726,0.00772481543397194,1.07639897503485
Jefferson,2020-10-22T00:00:00.000,3,197,375,43315,43315,197,2020-10-22,3,375,0.008,0.00810472279889488,3.2419633179011
Jefferson,2020-10-23T00:00:00.000,2,199,359,43674,43674,199,2020-10-23,2,359,0.00557103064066852,0.00849920556479,2.16890210855086
Jefferson,2020-10-24T00:00:00.000,3,202,242,43916,43916,202,2020-10-24,3,242,0.012396694214876,0.0089081720987171,3.26332214245342
Jefferson,2020-10-25T00:00:00.000,1,203,81,43997,43997,203,2020-10-25,1,81,0.0123456790123457,0.00933151407565261,1.09061261259514
Jefferson,2020-10-26T00:00:00.000,3,206,312,44309,44309,206,2020-10-26,3,312,0.00961538461538462,0.00976911591763525,3.27888001273257
Jefferson,2020-10-27T00:00:00.000,1,207,289,44598,44598,207,2020-10-27,1,289,0.00346020761245675,0.0102208653603118,1.09481358137239
Jefferson,2020-10-28T00:00:00.000,4,211,495,45093,45093,211,2020-10-28,4,495,0.00808080808080808,0.0106866649533327,4.38469919218678
Jefferson,2020-10-29T00:00:00.000,3,214,420,45513,45513,214,2020-10-29,3,420,0.00714285714285714,0.0111664442598799,3.29114742457022
Jefferson,2020-10-30T00:00:00.000,6,220,394,45907,45907,220,2020-10-30,6,394,0.0152284263959391,0.0116601724886817,6.58467610862835
Jefferson,2020-10-31T00:00:00.000,2,222,227,46134,46134,222,2020-10-31,2,227,0.00881057268722467,0.0121678712635881,2.19475717603673
Jefferson,2020-11-01T00:00:00.000,9,231,149,46283,46283,231,2020-11-01,9,149,0.0604026845637584,0.0126896272184056,9.87177196087375
Jefferson,2020-11-02T00:00:00.000,6,237,400,46683,46683,237,2020-11-02,6,400,0.015,0.0132256040915262,6.57552531861835
Jefferson,2020-11-03T00:00:00.000,4,241,282,46965,46965,241,2020-11-03,4,282,0.0141843971631206,0.013776053991508,4.37829418623588
Jefferson,2020-11-04T00:00:00.000,8,249,475,47440,47440,249,2020-11-04,8,475,0.0168421052631579,0.0143413275054302,8.74277690535944
Jefferson,2020-11-05T00:00:00.000,11,260,500,47940,47940,260,2020-11-05,11,500,0.022,0.0149218823272041,11.9984635545772
Jefferson,2020-11-06T00:00:00.000,2,262,316,48256,48256,262,2020-11-06,2,316,0.00632911392405063,0.0155182900912892,2.17674021407749
Jefferson,2020-11-07T00:00:00.000,6,268,319,48575,48575,268,2020-11-07,6,319,0.0188087774294671,0.0161312411030402,6.51408140357103
Jefferson,2020-11-08T00:00:00.000,9,277,190,48765,48765,277,2020-11-08,9,190,0.0473684210526316,0.0167615466631028,9.7439234578256
Jefferson,2020-11-09T00:00:00.000,5,282,246,49011,49011,282,2020-11-09,5,246,0.0203252032520325,0.0174101386803885,5.39871338474852
Jefferson,2020-11-10T00:00:00.000,6,288,310,49321,49321,288,2020-11-10,6,310,0.0193548387096774,0.0180780662611451,6.47205396361171
Jefferson,2020-11-11T00:00:00.000,4,292,519,49840,49840,292,2020-11-11,4,519,0.00770712909441233,0.0187664889409979,4.31429624971685
Jefferson,2020-11-12T00:00:00.000,15,307,521,50361,50361,307,2020-11-12,15,521,0.0287907869481766,0.019476666197904,16.2311652746352
Jefferson,2020-11-13T00:00:00.000,9,316,313,50674,50674,316,2020-11-13,9,313,0.0287539936102236,0.0202099428404196,9.77032300585095
Jefferson,2020-11-14T00:00:00.000,8,324,267,50941,50941,324,2020-11-14,8,267,0.0299625468164794,0.0209677298083411,8.7128620299521
Jefferson,2020-11-15T00:00:00.000,8,332,133,51074,51074,332,2020-11-15,8,133,0.0601503759398496,0.0217514798554807,8.740957901141
Jefferson,2020-11-16T00:00:00.000,7,339,668,51742,51742,339,2020-11-16,7,668,0.0104790419161677,0.0225626575028057,7.67285188721297
Jefferson,2020-11-17T00:00:00.000,6,345,435,52177,52177,345,2020-11-17,6,435,0.0137931034482759,0.0234027025615638,6.5976553360673
Jefferson,2020-11-18T00:00:00.000,9,354,549,52726,52726,354,2020-11-18,9,549,0.0163934426229508,0.0242729864328422,9.92771333790962
Kings,2020-03-01T00:00:00.000,0,0,0,0,0,0,2020-03-01,0,0,0,0.0529803127278527,0
Kings,2020-03-02T00:00:00.000,0,0,0,0,0,0,2020-03-02,0,0,0,0.0612343196496508,0
Kings,2020-03-03T00:00:00.000,0,0,2,2,2,0,2020-03-03,0,2,0,0.0706722655053637,0
Kings,2020-03-04T00:00:00.000,1,1,4,6,6,1,2020-03-04,1,4,0.25,0.0814205957840856,1.70085737869533
Kings,2020-03-05T00:00:00.000,0,1,7,13,13,1,2020-03-05,0,7,0,0.0936001997687814,0
Kings,2020-03-06T00:00:00.000,3,4,12,25,25,4,2020-03-06,3,12,0.25,0.107319065946319,4.95382915257982
Kings,2020-03-07T00:00:00.000,0,4,9,34,34,4,2020-03-07,0,9,0,0.122663571799166,0
Kings,2020-03-08T00:00:00.000,2,6,10,44,44,6,2020-03-08,2,10,0.2,0.139688836278445,3.23806709554672
Kings,2020-03-09T00:00:00.000,1,7,31,75,75,7,2020-03-09,1,31,0.032258064516129,0.158408860080919,1.60227718473897
Kings,2020-03-10T00:00:00.000,7,14,29,104,104,14,2020-03-10,7,29,0.241379310344828,0.17878746168159,11.0965135469624
Kings,2020-03-11T00:00:00.000,2,16,24,128,128,16,2020-03-11,2,24,0.0833333333333333,0.200731212293336,3.13571670251435
Kings,2020-03-12T00:00:00.000,8,24,59,187,187,24,2020-03-12,8,59,0.135593220338983,0.224085599529113,12.4017860392575
Kings,2020-03-13T00:00:00.000,17,41,136,323,323,41,2020-03-13,17,136,0.125,0.248635443952633,26.0498428476149
Kings,2020-03-14T00:00:00.000,17,58,99,422,422,58,2020-03-14,17,99,0.171717171717172,0.274110138898974,25.7425218651179
Kings,2020-03-15T00:00:00.000,26,84,166,588,588,84,2020-03-15,26,166,0.156626506024096,0.300193635404054,38.8972925267972
Kings,2020-03-16T00:00:00.000,39,123,171,759,759,123,2020-03-16,39,171,0.228070175438596,0.326538373341695,57.6328969485095
Kings,2020-03-17T00:00:00.000,264,387,741,1500,1500,387,2020-03-17,264,741,0.356275303643725,0.352781730773386,385.307639372172
Kings,2020-03-18T00:00:00.000,273,660,795,2295,2295,660,2020-03-18,273,795,0.343396226415094,0.378563179409759,392.771829615132
Kings,2020-03-19T00:00:00.000,674,1334,1553,3848,3848,1334,2020-03-19,674,1553,0.433998712169994,0.403540286890939,957.92177424901
Kings,2020-03-20T00:00:00.000,538,1872,1378,5226,5226,1872,2020-03-20,538,1378,0.390420899854862,0.42740199426327,755.399874455986
Kings,2020-03-21T00:00:00.000,893,2765,1941,7167,7167,2765,2020-03-21,893,1941,0.460072127769191,0.449878129871562,1236.82401377077
Kings,2020-03-22T00:00:00.000,702,3467,1506,8673,8673,3467,2020-03-22,702,1506,0.466135458167331,0.470744756330681,963.238902768063
Kings,2020-03-23T00:00:00.000,700,4167,1422,10095,10095,4167,2020-03-23,700,1422,0.492264416315049,0.489825540935689,958.972966158206
Kings,2020-03-24T00:00:00.000,779,4946,1474,11569,11569,4946,2020-03-24,779,1474,0.528493894165536,0.506989786130541,1063.72598552902
Kings,2020-03-25T00:00:00.000,755,5701,1550,13119,13119,5701,2020-03-25,755,1550,0.487096774193548,0.522148008660407,1025.88366952138
Kings,2020-03-26T00:00:00.000,1106,6807,1905,15024,15024,6807,2020-03-26,1106,1905,0.580577427821522,0.535246021483609,1494.29134337215
Kings,2020-03-27T00:00:00.000,1238,8045,2254,17278,17278,8045,2020-03-27,1238,2254,0.54924578527063,0.54625839528386,1676.01083230175
Kings,2020-03-28T00:00:00.000,973,9018,1790,19068,19068,9018,2020-03-28,973,1790,0.543575418994413,0.555182013911618,1313.62489973746
Kings,2020-03-29T00:00:00.000,1011,10029,1627,20695,20695,10029,2020-03-29,1011,1627,0.621389059618931,0.562030243570448,1359.30262705099
Kings,2020-03-30T00:00:00.000,1888,11917,3113,23808,23808,11917,2020-03-30,1888,3113,0.606488917442981,0.566828047759727,2527.35884159612
Kings,2020-03-31T00:00:00.000,1198,13115,2011,25819,25819,13115,2020-03-31,1198,2011,0.595723520636499,0.569608221461058,1599.87086187034
Kings,2020-04-01T00:00:00.000,1189,14304,2041,27860,27860,14304,2020-04-01,1189,2041,0.582557569818716,0.570408796569294,1591.50007620716
Kings,2020-04-02T00:00:00.000,1396,15700,2512,30372,30372,15700,2020-04-02,1396,2512,0.555732484076433,0.569271584316442,1871.48707544018
Kings,2020-04-03T00:00:00.000,1804,17504,3234,33606,33606,17504,2020-04-03,1804,3234,0.557823129251701,0.566241762003546,2420.5967826615
Kings,2020-04-04T00:00:00.000,1054,18558,1990,35596,35596,18558,2020-04-04,1054,1990,0.52964824120603,0.561368371749022,1414.63339141879
Kings,2020-04-05T00:00:00.000,1144,19702,2013,37609,37609,19702,2020-04-05,1144,2013,0.568306010928962,0.554705569626985,1534.81768354353
Kings,2020-04-06T00:00:00.000,1177,20879,2245,39854,39854,20879,2020-04-06,1177,2245,0.524276169265033,0.546314438379175,1577.64249053647
Kings,2020-04-07T00:00:00.000,1203,22082,2607,42461,42461,22082,2020-04-07,1203,2607,0.461449942462601,0.536265152617637,1610.30036708198
Kings,2020-04-08T00:00:00.000,1312,23394,2565,45026,45026,23394,2020-04-08,1312,2565,0.511500974658869,0.524639261989011,1753.28734102976
Kings,2020-04-09T00:00:00.000,1321,24715,2578,47604,47604,24715,2020-04-09,1321,2578,0.512412723041117,0.511531838347325,1765.63146505711
Kings,2020-04-10T00:00:00.000,1528,26243,2887,50491,50491,26243,2020-04-10,1528,2887,0.529269137512989,0.497053223238513,2041.20429952168
Kings,2020-04-11T00:00:00.000,1228,27471,2670,53161,53161,27471,2020-04-11,1228,2670,0.459925093632959,0.481330118652358,1638.55019325027
Kings,2020-04-12T00:00:00.000,933,28404,2029,55190,55190,28404,2020-04-12,933,2029,0.459832429768359,0.464505794155915,1242.82804702691
Kings,2020-04-13T00:00:00.000,902,29306,2055,57245,57245,29306,2020-04-13,902,2055,0.438929440389294,0.446739240994715,1199.06223204455
Kings,2020-04-14T00:00:00.000,2663,31969,5103,62348,62348,31969,2020-04-14,2663,5103,0.521849892220263,0.428203189044672,3536.20556721264
Kings,2020-04-15T00:00:00.000,1552,33521,3724,66072,66072,33521,2020-04-15,1552,3724,0.416756176154672,0.409081009375201,2058.33266418397
Kings,2020-04-16T00:00:00.000,1184,34705,3347,69419,69419,34705,2020-04-16,1184,3347,0.353749626531222,0.389562642369787,1568.07401076689
Kings,2020-04-17T00:00:00.000,1058,35763,3016,72435,72435,35763,2020-04-17,1058,3016,0.35079575596817,0.369839802315206,1399.42187934545
Kings,2020-04-18T00:00:00.000,719,36482,2390,74825,74825,36482,2020-04-18,719,2390,0.300836820083682,0.350100796752413,951.762027596373
Kings,2020-04-19T00:00:00.000,548,37030,1835,76660,76660,37030,2020-04-19,548,1835,0.298637602179837,0.330525347517452,725.866424109806
Kings,2020-04-20T00:00:00.000,664,37694,2300,78960,78960,37694,2020-04-20,664,2300,0.288695652173913,0.311279801327245,879.966041383883
Kings,2020-04-21T00:00:00.000,787,38481,2827,81787,81787,38481,2020-04-21,787,2827,0.278386982667138,0.29251307097406,1043.38545986709
Kings,2020-04-22T00:00:00.000,873,39354,3526,85313,85313,39354,2020-04-22,873,3526,0.24758933635848,0.274353561954476,1157.74534944099
Kings,2020-04-23T00:00:00.000,1294,40648,5030,90343,90343,40648,2020-04-23,1294,5030,0.257256461232604,0.256907229000652,1716.42436488024
Kings,2020-04-24T00:00:00.000,1012,41660,4021,94364,94364,41660,2020-04-24,1012,4021,0.251678686893808,0.240256790708738,1342.55385675475
Kings,2020-04-25T00:00:00.000,827,42487,3685,98049,98049,42487,2020-04-25,827,3685,0.224423337856174,0.224462025212024,1097.21813266162
Kings,2020-04-26T00:00:00.000,527,43014,2684,100733,100733,43014,2020-04-26,527,2684,0.196348733233979,0.209560988630581,699.222970428921
Kings,2020-04-27T00:00:00.000,573,43587,2940,103673,103673,43587,2020-04-27,573,2940,0.194897959183673,0.1955719472652,760.263250865096
Kings,2020-04-28T00:00:00.000,649,44236,3873,107546,107546,44236,2020-04-28,649,3873,0.167570358894914,0.182495794974436,860.972681448441
Kings,2020-04-29T00:00:00.000,636,44872,3944,111490,111490,44872,2020-04-29,636,3944,0.161257606490872,0.170318734356255,843.547988216626
Kings,2020-04-30T00:00:00.000,647,45519,3927,115417,115417,45519,2020-04-30,647,3927,0.164756811815635,0.15901502721125,857.949361952004
Kings,2020-05-01T00:00:00.000,756,46275,4717,120134,120134,46275,2020-05-01,756,4717,0.160271358914564,0.148549658195912,1002.26597080696
Kings,2020-05-02T00:00:00.000,564,46839,3804,123938,123938,46839,2020-05-02,564,3804,0.148264984227129,0.1388807981334,747.557603477905
Kings,2020-05-03T00:00:00.000,344,47183,2545,126483,126483,47183,2020-05-03,344,2545,0.13516699410609,0.12996199451985,456.581903532069
Kings,2020-05-04T00:00:00.000,396,47579,3364,129847,129847,47579,2020-05-04,396,3364,0.117717003567182,0.121744052481787,528.116116165157
Kings,2020-05-05T00:00:00.000,395,47974,3597,133444,133444,47974,2020-05-05,395,3597,0.109813733666945,0.114176597899245,528.075434970253
Kings,2020-05-06T00:00:00.000,576,48550,5284,138728,138728,48550,2020-05-06,576,5284,0.109008327024981,0.107209335241949,771.579587033852
Kings,2020-05-07T00:00:00.000,448,48998,4582,143310,143310,48998,2020-05-07,448,4582,0.097773897861196,0.100793026288911,601.020473521131
Kings,2020-05-08T00:00:00.000,463,49461,4747,148057,148057,49461,2020-05-08,463,4747,0.097535285443438,0.0948802235738747,620.938560334293
Kings,2020-05-09T00:00:00.000,356,49817,3682,151739,151739,49817,2020-05-09,356,3682,0.0966865833785986,0.0894257953755592,477.091877723717
Kings,2020-05-10T00:00:00.000,255,50072,2825,154564,154564,50072,2020-05-10,255,2825,0.0902654867256637,0.0843872786856111,341.473160886625
Kings,2020-05-11T00:00:00.000,259,50331,2984,157548,157548,50331,2020-05-11,259,2984,0.0867962466487936,0.0797250940056916,347.642800710402
Kings,2020-05-12T00:00:00.000,336,50667,4615,162163,162163,50667,2020-05-12,336,4615,0.0728060671722644,0.0754026519799194,452.358409742772
Kings,2020-05-13T00:00:00.000,428,51095,6107,168270,168270,51095,2020-05-13,428,6107,0.0700835107253971,0.0713863774471576,577.882135351765
Kings,2020-05-14T00:00:00.000,486,51581,5741,174011,174011,51581,2020-05-14,486,5741,0.0846542414213552,0.0676456720128596,657.975458504123
Kings,2020-05-15T00:00:00.000,410,51991,5793,179804,179804,51991,2020-05-15,410,5793,0.0707750733644053,0.0641528320249646,556.474003580715
Kings,2020-05-16T00:00:00.000,307,52298,4377,184181,184181,52298,2020-05-16,307,4377,0.0701393648617775,0.0608829350478279,418.633593985561
Kings,2020-05-17T00:00:00.000,187,52485,3052,187233,187233,52485,2020-05-17,187,3052,0.0612712975098296,0.0578137047161723,256.341879870719
Kings,2020-05-18T00:00:00.000,196,52681,4133,191366,191366,52681,2020-05-18,196,4133,0.0474231792886523,0.054925361176998,269.92548933336
Kings,2020-05-19T00:00:00.000,208,52889,3890,195256,195256,52889,2020-05-19,208,3890,0.0534704370179949,0.0522004622581269,288.6133387702
Kings,2020-05-20T00:00:00.000,496,53385,7252,202508,202508,53385,2020-05-20,496,7252,0.0683949255377827,0.0496237389007267,693.008526080861
Kings,2020-05-21T00:00:00.000,254,53639,5372,207880,207880,53639,2020-05-21,254,5372,0.0472822040208488,0.04718192729032,357.114365614501
Kings,2020-05-22T00:00:00.000,263,53902,6189,214069,214069,53902,2020-05-22,263,6189,0.0424947487477783,0.0448635993836917,371.644761082766
Kings,2020-05-23T00:00:00.000,273,54175,6813,220882,220882,54175,2020-05-23,273,6813,0.040070453544694,0.0426589931104646,386.051563611362
Kings,2020-05-24T00:00:00.000,185,54360,4990,225872,225872,54360,2020-05-24,185,4990,0.0370741482965932,0.0405598433664181,261.537571780298
Kings,2020-05-25T00:00:00.000,200,54560,5214,231086,231086,54560,2020-05-25,200,5214,0.0383582662063675,0.0385592149009241,282.362094697817
Kings,2020-05-26T00:00:00.000,219,54779,5940,237026,237026,54779,2020-05-26,219,5940,0.0368686868686869,0.0366513383213276,308.404769641429
Kings,2020-05-27T00:00:00.000,368,55147,10938,247964,247964,55147,2020-05-27,368,10938,0.0336441762662278,0.0348314505718864,516.416712012256
Kings,2020-05-28T00:00:00.000,299,55446,10686,258650,258650,55446,2020-05-28,299,10686,0.0279805352798054,0.0330956413955327,417.718393366394
Kings,2020-05-29T00:00:00.000,281,55727,9619,268269,268269,55727,2020-05-29,281,9619,0.0292130159060193,0.0314407073762005,390.459939420023
Kings,2020-05-30T00:00:00.000,173,55900,7167,275436,275436,55900,2020-05-30,173,7167,0.024138412166876,0.0298640151751811,238.885009330435
Kings,2020-05-31T00:00:00.000,153,56053,5765,281201,281201,56053,2020-05-31,153,5765,0.026539462272333,0.028363375493631,209.837803153867
Kings,2020-06-01T00:00:00.000,189,56242,7500,288701,288701,56242,2020-06-01,189,7500,0.0252,0.0269369291205368,258.058384444507
Kings,2020-06-02T00:00:00.000,163,56405,7485,296186,296186,56405,2020-06-02,163,7485,0.0217768871075484,0.0255830461510126,221.4245291659
Kings,2020-06-03T00:00:00.000,182,56587,7880,304066,304066,56587,2020-06-03,182,7880,0.0230964467005076,0.0243002391201237,245.821869257176
Kings,2020-06-04T00:00:00.000,183,56770,7659,311725,311725,56770,2020-06-04,183,7659,0.0238934586760674,0.0230870904086,245.614090267864
Kings,2020-06-05T00:00:00.000,196,56966,9370,321095,321095,56966,2020-06-05,196,9370,0.0209178228388474,0.0219421938582425,261.507733029883
Kings,2020-06-06T00:00:00.000,165,57131,8378,329473,329473,57131,2020-06-06,165,8378,0.0196944378133206,0.0208641101321698,219.010834593957
Kings,2020-06-07T00:00:00.000,129,57260,7254,336727,336727,57260,2020-06-07,129,7254,0.0177832919768404,0.0198513349835296,170.25637629738
Kings,2020-06-08T00:00:00.000,107,57367,5499,342226,342226,57367,2020-06-08,107,5499,0.0194580832878705,0.0189022792785325,140.307892017402
Kings,2020-06-09T00:00:00.000,117,57484,8815,351041,351041,57484,2020-06-09,117,8815,0.0132728304027226,0.0180152593731697,152.504879206587
Kings,2020-06-10T00:00:00.000,121,57605,6515,357556,357556,57605,2020-06-10,121,6515,0.0185725249424405,0.0171884962804885,157.46078646973
Kings,2020-06-11T00:00:00.000,128,57733,8670,366226,366226,57733,2020-06-11,128,8670,0.0147635524798155,0.0164201219799962,166.257626336082
Kings,2020-06-12T00:00:00.000,186,57919,10217,376443,376443,57919,2020-06-12,186,10217,0.0182049525300969,0.0157081912138108,241.087078676286
Kings,2020-06-13T00:00:00.000,140,58059,9012,385455,385455,58059,2020-06-13,140,9012,0.0155348424323125,0.0150506971765832,181.047650156774
Kings,2020-06-14T00:00:00.000,118,58177,8880,394335,394335,58177,2020-06-14,118,8880,0.0132882882882883,0.0144455896215486,152.221134642512
Kings,2020-06-15T00:00:00.000,97,58274,8034,402369,402369,58274,2020-06-15,97,8034,0.0120736868309684,0.013890794062373,124.803477222631
Kings,2020-06-16T00:00:00.000,112,58386,8472,410841,410841,58386,2020-06-16,112,8472,0.0132200188857413,0.0133842309315318,143.707156404394
Kings,2020-06-17T00:00:00.000,116,58502,10052,420893,420893,58502,2020-06-17,116,10052,0.0115399920413848,0.0129238337496879,148.414505142882
Kings,2020-06-18T00:00:00.000,132,58634,10964,431857,431857,58634,2020-06-18,132,10964,0.0120394016782196,0.0125075655539229,168.380807057589
Kings,2020-06-19T00:00:00.000,127,58761,10520,442377,442377,58761,2020-06-19,127,10520,0.0120722433460076,0.0121334330141351,161.508505666745
Kings,2020-06-20T00:00:00.000,113,58874,9864,452241,452241,58874,2020-06-20,113,9864,0.011455798864558,0.0117994978338995,143.259476058707
Kings,2020-06-21T00:00:00.000,75,58949,7192,459433,459433,58949,2020-06-21,75,7192,0.0104282536151279,0.0115038851760919,94.7864799281861
Kings,2020-06-22T00:00:00.000,98,59047,5819,465252,465252,59047,2020-06-22,98,5819,0.0168413816807012,0.0112447889759599,123.465147725291
Kings,2020-06-23T00:00:00.000,64,59111,6732,471984,471984,59111,2020-06-23,64,6732,0.0095068330362448,0.0110204741041174,80.3765836102509
Kings,2020-06-24T00:00:00.000,95,59206,7602,479586,479586,59206,2020-06-24,95,7602,0.012496711391739,0.0108292754237762,118.93420783004
Kings,2020-06-25T00:00:00.000,105,59311,7450,487036,487036,59311,2020-06-25,105,7450,0.0140939597315436,0.0106695938472586,131.042383585003
Kings,2020-06-26T00:00:00.000,109,59420,10239,497275,497275,59420,2020-06-26,109,10239,0.010645570856529,0.0105398895533761,135.611467359493
Kings,2020-06-27T00:00:00.000,87,59507,8508,505783,505783,59507,2020-06-27,87,8508,0.0102256699576869,0.0104386725677403,107.906160436086
Kings,2020-06-28T00:00:00.000,69,59576,5378,511161,511161,59576,2020-06-28,69,5378,0.0128300483451097,0.010364490952159,85.3185346175574
Kings,2020-06-29T00:00:00.000,74,59650,6646,517807,517807,59650,2020-06-29,74,6646,0.0111345170027084,0.010315916892169,91.2227759344222
Kings,2020-06-30T00:00:00.000,92,59742,7756,525563,525563,59742,2020-06-30,92,7756,0.0118617844249613,0.0102915310188051,113.069501993868
Kings,2020-07-01T00:00:00.000,113,59855,9252,534815,534815,59855,2020-07-01,113,9252,0.0122135754431474,0.0102899053574738,138.461507788309
Kings,2020-07-02T00:00:00.000,102,59957,8649,543464,543464,59957,2020-07-02,102,8649,0.0117932708983698,0.0103095853606966,124.60856972718
Kings,2020-07-03T00:00:00.000,121,60078,7506,550970,550970,60078,2020-07-03,121,7506,0.0161204369837463,0.0103490715528802,147.178466927186
Kings,2020-07-04T00:00:00.000,71,60149,7534,558504,558504,60149,2020-07-04,71,7534,0.00942394478364746,0.0104068013964176,86.2178233421177
Kings,2020-07-05T00:00:00.000,62,60211,7273,565777,565777,60211,2020-07-05,62,7273,0.00852468032448783,0.0104811320671875,75.0617340255237
Kings,2020-07-06T00:00:00.000,70,60281,7673,573450,573450,60281,2020-07-06,70,7673,0.00912289847517268,0.0105703249064484,84.5046992798482
Kings,2020-07-07T00:00:00.000,105,60386,6914,580364,580364,60386,2020-07-07,105,6914,0.0151865779577668,0.0106725323816192,126.605961531988
Kings,2020-07-08T00:00:00.000,75,60461,7228,587592,587592,60461,2020-07-08,75,7228,0.0103763143331489,0.0107857884324395,90.3040872152304
Kings,2020-07-09T00:00:00.000,99,60560,8795,596387,596387,60560,2020-07-09,99,8795,0.0112563956793633,0.0109080030937217,119.020932586736
Kings,2020-07-10T00:00:00.000,87,60647,7543,603930,603930,60647,2020-07-10,87,7543,0.0115338724645367,0.0110369622552277,104.426181104163
Kings,2020-07-11T00:00:00.000,101,60748,7261,611191,611191,60748,2020-07-11,101,7261,0.0139099297617408,0.0111703333387552,121.023696010476
Kings,2020-07-12T00:00:00.000,67,60815,5925,617116,617116,60815,2020-07-12,67,5925,0.0113080168776371,0.0113056775317807,80.1376761131338
Kings,2020-07-13T00:00:00.000,89,60904,5637,622753,622753,60904,2020-07-13,89,5637,0.015788540003548,0.0114404690091528,106.2468812023
Kings,2020-07-14T00:00:00.000,108,61012,7601,630354,630354,61012,2020-07-14,108,7601,0.01420865675569,0.0115721213078665,128.665801696951
Kings,2020-07-15T00:00:00.000,112,61124,8189,638543,638543,61124,2020-07-15,112,8189,0.0136768836243742,0.0116980206892185,133.142736971821
Kings,2020-07-16T00:00:00.000,109,61233,10677,649220,649220,61233,2020-07-16,109,10677,0.0102088601667135,0.0118155659538988,129.27997511701
Kings,2020-07-17T00:00:00.000,118,61351,9343,658563,658563,61351,2020-07-17,118,9343,0.0126297763031146,0.01192221377681,139.810277710881
Kings,2020-07-18T00:00:00.000,81,61432,6260,664823,664823,61432,2020-07-18,81,6260,0.0129392971246006,0.0120155282334471,96.1221029920742
Kings,2020-07-19T00:00:00.000,56,61488,5904,670727,670727,61488,2020-07-19,56,5904,0.00948509485094851,0.0120932328236669,66.5219284974719
Kings,2020-07-20T00:00:00.000,80,61568,8084,678811,678811,61568,2020-07-20,80,8084,0.0098960910440376,0.0121532629966989,95.0724656270221
Kings,2020-07-21T00:00:00.000,94,61662,8182,686993,686993,61662,2020-07-21,94,8182,0.0114886335859203,0.0121938169691734,111.679153127393
Kings,2020-07-22T00:00:00.000,90,61752,8779,695772,695772,61752,2020-07-22,90,8779,0.0102517370998975,0.01221340254189,106.823848119228
Kings,2020-07-23T00:00:00.000,72,61824,9523,705295,705295,61824,2020-07-23,72,9523,0.00756064265462564,0.0122108776643756,85.3286827305087
Kings,2020-07-24T00:00:00.000,102,61926,7669,712964,712964,61926,2020-07-24,102,7669,0.0133002999087234,0.0121854826948214,121.138268074535
Kings,2020-07-25T00:00:00.000,62,61988,6610,719574,719574,61988,2020-07-25,62,6610,0.00937972768532526,0.0121368626368797,73.7439494073184
Kings,2020-07-26T00:00:00.000,65,62053,7052,726626,726626,62053,2020-07-26,65,7052,0.00921724333522405,0.0120650780963047,77.3506772716652
Kings,2020-07-27T00:00:00.000,57,62110,6374,733000,733000,62110,2020-07-27,57,6374,0.00894257922811421,0.0119706042576708,67.8080196104373
Kings,2020-07-28T00:00:00.000,84,62194,8815,741815,741815,62194,2020-07-28,84,8815,0.00952921157118548,0.0118543177939958,99.8107303012625
Kings,2020-07-29T00:00:00.000,101,62295,9160,750975,750975,62295,2020-07-29,101,9160,0.0110262008733624,0.0117174722460438,119.767003894102
Kings,2020-07-30T00:00:00.000,90,62385,9095,760070,760070,62385,2020-07-30,90,9095,0.00989554700384827,0.01156166300118,106.41331042117
Kings,2020-07-31T00:00:00.000,109,62494,10667,770737,770737,62494,2020-07-31,109,10667,0.0102184306740414,0.0113887835094905,128.504449539742
Kings,2020-08-01T00:00:00.000,83,62577,7441,778178,778178,62577,2020-08-01,83,7441,0.0111544147292031,0.0112009747767431,97.680534022585
Kings,2020-08-02T00:00:00.000,64,62641,6911,785089,785089,62641,2020-08-02,64,6911,0.00926059904500072,0.0110005704293969,75.1046036390732
Kings,2020-08-03T00:00:00.000,74,62715,7510,792599,792599,62715,2020-08-03,74,7510,0.00985352862849534,0.010790039753289,86.5451310670056
Kings,2020-08-04T00:00:00.000,75,62790,8138,800737,800737,62790,2020-08-04,75,8138,0.0092160235930204,0.0105719310637807,87.372393174995
Kings,2020-08-05T00:00:00.000,100,62890,8929,809666,809666,62890,2020-08-05,100,8929,0.0111994624258036,0.0103488175825367,115.985596502568
Kings,2020-08-06T00:00:00.000,109,62999,8735,818401,818401,62999,2020-08-06,109,8735,0.0124785346307956,0.0101232476987684,126.202934715032
Kings,2020-08-07T00:00:00.000,87,63086,9201,827602,827602,63086,2020-08-07,87,9201,0.00945549396804695,0.00989770111730803,100.693053566835
Kings,2020-08-08T00:00:00.000,69,63155,7685,835287,835287,63155,2020-08-08,69,7685,0.00897852960312297,0.0096745519678624,79.8118450513361
Kings,2020-08-09T00:00:00.000,68,63223,6590,841877,841877,63223,2020-08-09,68,6590,0.0103186646433991,0.00945603950952504,78.589175769571
Kings,2020-08-10T00:00:00.000,85,63308,7833,849710,849710,63308,2020-08-10,85,7833,0.0108515255968339,0.00924424664451434,98.1307096593578
Kings,2020-08-11T00:00:00.000,102,63410,13378,863088,863088,63410,2020-08-11,102,13378,0.00762445806548064,0.00904108607284362,117.582013378859
Kings,2020-08-12T00:00:00.000,132,63542,11994,875082,875082,63542,2020-08-12,132,11994,0.0110055027513757,0.00884829360219804,151.878466614181
Kings,2020-08-13T00:00:00.000,94,63636,11535,886617,886617,63636,2020-08-13,94,11535,0.00814911140008669,0.00866742788026025,107.930623213694
Kings,2020-08-14T00:00:00.000,143,63779,11157,897774,897774,63779,2020-08-14,143,11157,0.0128170655194049,0.00849987564328455,164.05205380828
Kings,2020-08-15T00:00:00.000,82,63861,9558,907332,907332,63861,2020-08-15,82,9558,0.00857920066959615,0.00834686147335838,94.1763118339173
Kings,2020-08-16T00:00:00.000,52,63913,7179,914511,914511,63913,2020-08-16,52,7179,0.00724334865580164,0.00820946102172215,59.7877076350583
Kings,2020-08-17T00:00:00.000,89,64002,6633,921144,921144,64002,2020-08-17,89,6633,0.0134177596864164,0.00808861666787275,102.291987156809
Kings,2020-08-18T00:00:00.000,80,64082,9135,930279,930279,64082,2020-08-18,80,9135,0.00875752599890531,0.00798515464220493,91.8953071044523
Kings,2020-08-19T00:00:00.000,80,64162,8865,939144,939144,64162,2020-08-19,80,8865,0.00902425267907501,0.00789980272214617,91.8558219989466
Kings,2020-08-20T00:00:00.000,74,64236,10187,949331,949331,64236,2020-08-20,74,10187,0.0072641602041818,0.00783320770819154,84.9440754889149
Kings,2020-08-21T00:00:00.000,65,64301,10756,960087,960087,64301,2020-08-21,65,10756,0.00604313871327631,0.00778595199047431,74.5872454423547
Kings,2020-08-22T00:00:00.000,74,64375,9136,969223,969223,64375,2020-08-22,74,9136,0.00809982486865149,0.00775856861617417,84.9024043624684
Kings,2020-08-23T00:00:00.000,47,64422,7826,977049,977049,64422,2020-08-23,47,7826,0.00600562228469205,0.00775155435585109,54.0127697405358
Kings,2020-08-24T00:00:00.000,73,64495,7208,984257,984257,64495,2020-08-24,73,7208,0.0101276359600444,0.0077653803485328,84.0082586438631
Kings,2020-08-25T00:00:00.000,77,64572,7983,992240,992240,64572,2020-08-25,77,7983,0.00964549668044595,0.00780049996637673,88.6894297263052
Kings,2020-08-26T00:00:00.000,92,64664,9336,1001576,1001576,64664,2020-08-26,92,9336,0.00985432733504713,0.00785735359389086,106.007616315834
Kings,2020-08-27T00:00:00.000,90,64754,12225,1013801,1013801,64754,2020-08-27,90,12225,0.00736196319018405,0.00793637005688685,103.701732265621
Kings,2020-08-28T00:00:00.000,103,64857,10972,1024773,1024773,64857,2020-08-28,103,10972,0.00938753189938024,0.00803796447351862,118.962791979805
Kings,2020-08-29T00:00:00.000,73,64930,11050,1035823,1035823,64930,2020-08-29,73,11050,0.00660633484162896,0.00816253233251512,84.6644400253529
Kings,2020-08-30T00:00:00.000,68,64998,6957,1042780,1042780,64998,2020-08-30,68,6957,0.00977432801494897,0.00831043964622981,79.2094907458412
Kings,2020-08-31T00:00:00.000,120,65118,9322,1052102,1052102,65118,2020-08-31,120,9322,0.0128727740828148,0.00848200907527178,140.415669399802
Kings,2020-09-01T00:00:00.000,83,65201,9607,1061709,1061709,65201,2020-09-01,83,9607,0.00863953367336317,0.00867750199273652,97.5759914870896
Kings,2020-09-02T00:00:00.000,127,65328,10442,1072151,1072151,65328,2020-09-02,127,10442,0.0121624209921471,0.00889709654906385,150.020624324263
Kings,2020-09-03T00:00:00.000,112,65440,13256,1085407,1085407,65440,2020-09-03,112,13256,0.00844900422450211,0.00914086192341645,132.949105016571
Kings,2020-09-04T00:00:00.000,100,65540,10629,1096036,1096036,65540,2020-09-04,100,10629,0.00940822278671559,0.00940872910292837,119.291644665283
Kings,2020-09-05T00:00:00.000,86,65626,11109,1107145,1107145,65626,2020-09-05,86,11109,0.0077414708794671,0.00970045872410244,103.099628191698
Kings,2020-09-06T00:00:00.000,74,65700,7350,1114495,1114495,65700,2020-09-06,74,7350,0.0100680272108844,0.0100156067336944,89.1512385864391
Kings,2020-09-07T00:00:00.000,57,65757,6683,1121178,1121178,65757,2020-09-07,57,6683,0.00852910369594494,0.010353488877894,69.0020675505274
Kings,2020-09-08T00:00:00.000,62,65819,8221,1129399,1129399,65819,2020-09-08,62,8221,0.0075416615983457,0.0107131452935628,75.3967435376969
Kings,2020-09-09T00:00:00.000,110,65929,9082,1138481,1138481,65929,2020-09-09,110,9082,0.0121118696322396,0.0110933067437555,134.353208464381
Kings,2020-09-10T00:00:00.000,80,66009,9839,1148320,1148320,66009,2020-09-10,80,9839,0.00813090761256225,0.011492364282159,98.1160239437319
Kings,2020-09-11T00:00:00.000,115,66124,11402,1159722,1159722,66124,2020-09-11,115,11402,0.0100859498333626,0.0119083443322813,141.779622418317
Kings,2020-09-12T00:00:00.000,73,66197,7592,1167314,1167314,66197,2020-09-12,73,7592,0.00961538461538462,0.0123388912897201,90.5153906935105
Kings,2020-09-13T00:00:00.000,77,66274,7304,1174618,1174618,66274,2020-09-13,77,7304,0.0105421686746988,0.0127812597779181,95.9899450899378
Kings,2020-09-14T00:00:00.000,107,66381,7997,1182615,1182615,66381,2020-09-14,107,7997,0.013380017506565,0.0132323185760173,134.055515436805
Kings,2020-09-15T00:00:00.000,87,66468,9006,1191621,1191621,66468,2020-09-15,87,9006,0.00966022651565623,0.0136885679784051,109.495220916591
Kings,2020-09-16T00:00:00.000,118,66586,8620,1200241,1200241,66586,2020-09-16,118,8620,0.0136890951276102,0.0141461719195343,149.114868318806
Kings,2020-09-17T00:00:00.000,151,66737,10338,1210579,1210579,66737,2020-09-17,151,10338,0.0146063068291739,0.0146010056127362,191.490093532399
Kings,2020-09-18T00:00:00.000,234,66971,13785,1224364,1224364,66971,2020-09-18,234,13785,0.016974972796518,0.0150487187219443,297.620657011911
Kings,2020-09-19T00:00:00.000,165,67136,12173,1236537,1236537,67136,2020-09-19,165,12173,0.0135545880226731,0.0154848132419709,210.146212040216
Kings,2020-09-20T00:00:00.000,91,67227,7210,1243747,1243747,67227,2020-09-20,91,7210,0.012621359223301,0.0159047343657129,115.931500627405
Kings,2020-09-21T00:00:00.000,164,67391,11982,1255729,1255729,67391,2020-09-21,164,11982,0.013687197462861,0.0163039717111666,208.844314312384
Kings,2020-09-22T00:00:00.000,119,67510,7472,1263201,1263201,67510,2020-09-22,119,7472,0.0159261241970021,0.0166781674635649,151.367885358937
Kings,2020-09-23T00:00:00.000,207,67717,11102,1274303,1274303,67717,2020-09-23,207,11102,0.0186452891370924,0.0170232273062216,262.814472660612
Kings,2020-09-24T00:00:00.000,175,67892,10044,1284347,1284347,67892,2020-09-24,175,10044,0.0174233373158104,0.0173354295553588,221.610521022443
Kings,2020-09-25T00:00:00.000,203,68095,12389,1296736,1296736,68095,2020-09-25,203,12389,0.016385503269029,0.017611527725328,257.072347951178
Kings,2020-09-26T00:00:00.000,184,68279,9241,1305977,1305977,68279,2020-09-26,184,9241,0.0199112650146088,0.0178488418603199,233.50692189027
Kings,2020-09-27T00:00:00.000,183,68462,6981,1312958,1312958,68462,2020-09-27,183,6981,0.0262140094542329,0.0180453343947983,232.557215788932
Kings,2020-09-28T00:00:00.000,196,68658,11496,1324454,1324454,68658,2020-09-28,196,11496,0.0170494084899095,0.0181996670195426,249.233690011314
Kings,2020-09-29T00:00:00.000,186,68844,10547,1335001,1335001,68844,2020-09-29,186,10547,0.017635346544041,0.0183112359855172,236.49063462388
Kings,2020-09-30T00:00:00.000,218,69062,11390,1346391,1346391,69062,2020-09-30,218,11390,0.0191395961369622,0.0183801844130565,276.943756054959
Kings,2020-10-01T00:00:00.000,257,69319,13484,1359875,1359875,69319,2020-10-01,257,13484,0.0190596262236725,0.018407391390354,325.981867829294
Kings,2020-10-02T00:00:00.000,358,69677,15896,1375771,1375771,69677,2020-10-02,358,15896,0.0225213890286865,0.0183944388602851,453.073875438765
Kings,2020-10-03T00:00:00.000,256,69933,10882,1386653,1386653,69933,2020-10-03,256,10882,0.0235250873001287,0.0183435584152279,323.045051277903
Kings,2020-10-04T00:00:00.000,198,70131,7790,1394443,1394443,70131,2020-10-04,198,7790,0.0254172015404365,0.0182575610607434,248.971428349183
Kings,2020-10-05T00:00:00.000,223,70354,10652,1405095,1405095,70354,2020-10-05,223,10652,0.0209350356740518,0.0181397537168136,279.246964001991
Kings,2020-10-06T00:00:00.000,262,70616,11670,1416765,1416765,70616,2020-10-06,262,11670,0.0224507283633248,0.017993846659472,326.540854575985
Kings,2020-10-07T00:00:00.000,283,70899,17061,1433826,1433826,70899,2020-10-07,283,17061,0.0165875388312526,0.0178238562520201,350.869024988576
Kings,2020-10-08T00:00:00.000,300,71199,15913,1449739,1449739,71199,2020-10-08,300,15913,0.018852510525985,0.0176340071891846,369.818996944087
Kings,2020-10-09T00:00:00.000,236,71435,16528,1466267,1466267,71435,2020-10-09,236,16528,0.0142787996127783,0.0174286381125184,289.103137489658
Kings,2020-10-10T00:00:00.000,200,71635,13012,1479279,1479279,71635,2020-10-10,200,13012,0.0153704272978789,0.0172121138993748,243.368082478274
Kings,2020-10-11T00:00:00.000,121,71756,10104,1489383,1489383,71756,2020-10-11,121,10104,0.0119754552652415,0.0169887472445621,146.204288503863
Kings,2020-10-12T00:00:00.000,185,71941,12300,1501683,1501683,71941,2020-10-12,185,12300,0.0150406504065041,0.0167627313977234,221.898830711093
Kings,2020-10-13T00:00:00.000,218,72159,11198,1512881,1512881,72159,2020-10-13,218,11198,0.0194677621003751,0.0165380851614231,259.498554506539
Kings,2020-10-14T00:00:00.000,210,72369,17754,1530635,1530635,72369,2020-10-14,210,17754,0.0118283203785063,0.0163186105318563,248.238377870701
Kings,2020-10-15T00:00:00.000,229,72598,16348,1546983,1546983,72598,2020-10-15,229,16348,0.0140078297039393,0.0161078627296055,268.965730529457
Kings,2020-10-16T00:00:00.000,296,72894,20191,1567174,1567174,72894,2020-10-16,296,20191,0.014659997028379,0.0159091318364895,346.043378190845
Kings,2020-10-17T00:00:00.000,229,73123,15572,1582746,1582746,73123,2020-10-17,229,15572,0.0147058823529412,0.0157254348510278,266.590948484399
Kings,2020-10-18T00:00:00.000,140,73263,9451,1592197,1592197,73263,2020-10-18,140,9451,0.0148132472754206,0.0155595166937377,162.328744131364
Kings,2020-10-19T00:00:00.000,170,73433,9545,1601742,1601742,73433,2020-10-19,170,9545,0.0178103719224725,0.0154138585291416,196.509709421067
Kings,2020-10-20T00:00:00.000,333,73766,15168,1616910,1616910,73766,2020-10-20,333,15168,0.0219541139240506,0.015290691716242,384.213115977798
Kings,2020-10-21T00:00:00.000,169,73935,14185,1631095,1631095,73935,2020-10-21,169,14185,0.0119139936552697,0.0151920157226525,194.640274812495
Kings,2020-10-22T00:00:00.000,179,74114,17870,1648965,1648965,74114,2020-10-22,179,17870,0.0100167879127029,0.0151196184332526,205.882834802762
Kings,2020-10-23T00:00:00.000,225,74339,16840,1665805,1665805,74339,2020-10-23,225,16840,0.0133610451306413,0.0150750974235342,258.392945621032
Kings,2020-10-24T00:00:00.000,214,74553,14425,1680230,1680230,74553,2020-10-24,214,14425,0.0148353552859619,0.015059880936233,245.332881832795
Kings,2020-10-25T00:00:00.000,150,74703,9490,1689720,1689720,74703,2020-10-25,150,9490,0.0158061116965227,0.0150752474877314,171.629923309938
Kings,2020-10-26T00:00:00.000,200,74903,11831,1701551,1701551,74903,2020-10-26,200,11831,0.0169047417800693,0.0151223432153881,228.35506460473
Kings,2020-10-27T00:00:00.000,266,75169,16524,1718075,1718075,75169,2020-10-27,266,16524,0.0160977971435488,0.0152021962726799,303.014687428948
Kings,2020-10-28T00:00:00.000,348,75517,20517,1738592,1738592,75517,2020-10-28,348,20517,0.0169615440853926,0.0153157277531902,395.447287966449
Kings,2020-10-29T00:00:00.000,262,75779,16919,1755511,1755511,75779,2020-10-29,262,16919,0.0154855487912997,0.0154637588110662,296.939101267113
Kings,2020-10-30T00:00:00.000,206,75985,14343,1769854,1769854,75985,2020-10-30,206,14343,0.0143624067489368,0.0156470138120891,232.821475127477
Kings,2020-10-31T00:00:00.000,253,76238,17552,1787406,1787406,76238,2020-10-31,253,17552,0.0144143117593437,0.0158661195320145,285.103543266623
Kings,2020-11-01T00:00:00.000,208,76446,11520,1798926,1798926,76446,2020-11-01,208,11520,0.0180555555555556,0.0161216005908147,233.674794486533
Kings,2020-11-02T00:00:00.000,217,76663,15312,1814238,1814238,76663,2020-11-02,217,15312,0.0141718913270637,0.016413871507313,243.006834917263
Kings,2020-11-03T00:00:00.000,325,76988,20383,1834621,1834621,76988,2020-11-03,325,20383,0.0159446597654909,0.016743225954531,362.743583615641
Kings,2020-11-04T00:00:00.000,353,77341,20703,1855324,1855324,77341,2020-11-04,353,20703,0.0170506689851712,0.0171098240136802,392.644694604011
Kings,2020-11-05T00:00:00.000,368,77709,18826,1874150,1874150,77709,2020-11-05,368,18826,0.0195474343992351,0.017513678453091,407.883508468999
Kings,2020-11-06T00:00:00.000,349,78058,19342,1893492,1893492,78058,2020-11-06,349,19342,0.0180436356116224,0.0179546412926675,385.420951006123
Kings,2020-11-07T00:00:00.000,356,78414,18824,1912316,1912316,78414,2020-11-07,356,18824,0.01891202719932,0.018432392158937,391.690754880864
Kings,2020-11-08T00:00:00.000,331,78745,13287,1925603,1925603,78745,2020-11-08,331,13287,0.0249115676977497,0.0189464301595009,362.777779620616
Kings,2020-11-09T00:00:00.000,328,79073,17228,1942831,1942831,79073,2020-11-09,328,17228,0.0190387740886928,0.0194960712198835,358.185992657668
Kings,2020-11-10T00:00:00.000,485,79558,17933,1960764,1960764,79558,2020-11-10,485,17933,0.0270451123626833,0.0200804529886288,528.682300536566
Kings,2020-11-11T00:00:00.000,450,80008,19871,1980635,1980635,80008,2020-11-11,450,19871,0.0226460671330079,0.0206985495384035,490.137774513823
Kings,2020-11-12T00:00:00.000,483,80491,21782,2002417,2002417,80491,2020-11-12,483,21782,0.0221742723349555,0.0213491981307354,527.463322833837
Kings,2020-11-13T00:00:00.000,455,80946,21871,2024288,2024288,80946,2020-11-13,455,21871,0.0208038041241827,0.0220311402804695,498.224405897264
Kings,2020-11-14T00:00:00.000,425,81371,19932,2044220,2044220,81371,2020-11-14,425,19932,0.0213224964880594,0.0227430792433647,466.648168118559
Kings,2020-11-15T00:00:00.000,315,81686,16712,2060932,2060932,81686,2020-11-15,315,16712,0.0188487314504548,0.023483755853577,346.822664226283
Kings,2020-11-16T00:00:00.000,404,82090,17493,2078425,2078425,82090,2020-11-16,404,17493,0.0230949522666209,0.0242520443982756,446.042201175307
Kings,2020-11-17T00:00:00.000,453,82543,17351,2095776,2095776,82543,2020-11-17,453,17351,0.0261080053022881,0.0250470699549056,501.517009644731
Kings,2020-11-18T00:00:00.000,540,83083,22956,2118732,2118732,83083,2020-11-18,540,22956,0.0235232618923157,0.0258683483948407,599.466650772155
Lewis,2020-03-01T00:00:00.000,0,0,0,0,0,0,2020-03-01,0,0,0,0.0364855234943231,0
Lewis,2020-03-02T00:00:00.000,0,0,0,0,0,0,2020-03-02,0,0,0,0.0367134612969889,0
Lewis,2020-03-03T00:00:00.000,0,0,0,0,0,0,2020-03-03,0,0,0,0.0369426534773858,0
Lewis,2020-03-04T00:00:00.000,0,0,0,0,0,0,2020-03-04,0,0,0,0.0371729078544612,0
Lewis,2020-03-05T00:00:00.000,0,0,0,0,0,0,2020-03-05,0,0,0,0.037403928108617,0
Lewis,2020-03-06T00:00:00.000,0,0,0,0,0,0,2020-03-06,0,0,0,0.0376353090854408,0
Lewis,2020-03-07T00:00:00.000,0,0,0,0,0,0,2020-03-07,0,0,0,0.0378665308331923,0
Lewis,2020-03-08T00:00:00.000,0,0,0,0,0,0,2020-03-08,0,0,0,0.0380969515397299,0
Lewis,2020-03-09T00:00:00.000,0,0,0,0,0,0,2020-03-09,0,0,0,0.0383257995909115,0
Lewis,2020-03-10T00:00:00.000,0,0,0,0,0,0,2020-03-10,0,0,0,0.0385521650118478,0
Lewis,2020-03-11T00:00:00.000,0,0,0,0,0,0,2020-03-11,0,0,0,0.0387749906079894,0
Lewis,2020-03-12T00:00:00.000,0,0,0,0,0,0,2020-03-12,0,0,0,0.0389930631645905,0
Lewis,2020-03-13T00:00:00.000,0,0,1,1,1,0,2020-03-13,0,1,0,0.0392050051076963,0
Lewis,2020-03-14T00:00:00.000,0,0,0,1,1,0,2020-03-14,0,0,0,0.0394092670748234,0
Lewis,2020-03-15T00:00:00.000,0,0,2,3,3,0,2020-03-15,0,2,0,0.0396041218740995,0
Lewis,2020-03-16T00:00:00.000,0,0,0,3,3,0,2020-03-16,0,0,0,0.0397876603530681,0
Lewis,2020-03-17T00:00:00.000,0,0,1,4,4,0,2020-03-17,0,1,0,0.0399577897111083,0
Lewis,2020-03-18T00:00:00.000,0,0,0,4,4,0,2020-03-18,0,0,0,0.0401122348165943,0
Lewis,2020-03-19T00:00:00.000,0,0,2,6,6,0,2020-03-19,0,2,0,0.0402485430800144,0
Lewis,2020-03-20T00:00:00.000,0,0,1,7,7,0,2020-03-20,0,1,0,0.0403640934315415,0
Lewis,2020-03-21T00:00:00.000,0,0,4,11,11,0,2020-03-21,0,4,0,0.0404561099102974,0
Lewis,2020-03-22T00:00:00.000,0,0,4,15,15,0,2020-03-22,0,4,0,0.0405216803237337,0
Lewis,2020-03-23T00:00:00.000,0,0,5,20,20,0,2020-03-23,0,5,0,0.0405577803511154,0
Lewis,2020-03-24T00:00:00.000,0,0,0,20,20,0,2020-03-24,0,0,0,0.0405613033609958,0
Lewis,2020-03-25T00:00:00.000,0,0,5,25,25,0,2020-03-25,0,5,0,0.040529096074138,0
Lewis,2020-03-26T00:00:00.000,0,0,5,30,30,0,2020-03-26,0,5,0,0.0404580000367381,0
Lewis,2020-03-27T00:00:00.000,0,0,6,36,36,0,2020-03-27,0,6,0,0.0403448986748957,0
Lewis,2020-03-28T00:00:00.000,2,2,7,43,43,2,2020-03-28,2,7,0.285714285714286,0.0401867694836652,2.07660214401391
Lewis,2020-03-29T00:00:00.000,0,2,16,59,59,2,2020-03-29,0,16,0,0.0399807406585233,0
Lewis,2020-03-30T00:00:00.000,0,2,5,64,64,2,2020-03-30,0,5,0,0.039724151231472,0
Lewis,2020-03-31T00:00:00.000,0,2,3,67,67,2,2020-03-31,0,3,0,0.0394146135138034,0
Lewis,2020-04-01T00:00:00.000,0,2,5,72,72,2,2020-04-01,0,5,0,0.0390500764037487,0
Lewis,2020-04-02T00:00:00.000,0,2,5,77,77,2,2020-04-02,0,5,0,0.0386288878926973,0
Lewis,2020-04-03T00:00:00.000,0,2,5,82,82,2,2020-04-03,0,5,0,0.0381498549211046,0
Lewis,2020-04-04T00:00:00.000,1,3,19,101,101,3,2020-04-04,1,19,0.0526315789473684,0.0376122985997132,1.02426300697414
Lewis,2020-04-05T00:00:00.000,3,6,11,112,112,6,2020-04-05,3,11,0.272727272727273,0.0370161027509835,3.07032848032837
Lewis,2020-04-06T00:00:00.000,0,6,11,123,123,6,2020-04-06,0,11,0,0.036361753744798,0
Lewis,2020-04-07T00:00:00.000,0,6,6,129,129,6,2020-04-07,0,6,0,0.0356503697094786,0
Lewis,2020-04-08T00:00:00.000,0,6,8,137,137,6,2020-04-08,0,8,0,0.0348837174107351,0
Lewis,2020-04-09T00:00:00.000,0,6,23,160,160,6,2020-04-09,0,23,0,0.0340642153991795,0
Lewis,2020-04-10T00:00:00.000,0,6,0,160,160,6,2020-04-10,0,0,0,0.0331949224227909,0
Lewis,2020-04-11T00:00:00.000,0,6,6,166,166,6,2020-04-11,0,6,0,0.0322795105927687,0
Lewis,2020-04-12T00:00:00.000,0,6,3,169,169,6,2020-04-12,0,3,0,0.0313222233253663,0
Lewis,2020-04-13T00:00:00.000,1,7,11,180,180,7,2020-04-13,1,11,0.0909090909090909,0.0303278186759896,1.01581329728906
Lewis,2020-04-14T00:00:00.000,0,7,0,180,180,7,2020-04-14,0,0,0.116883116883117,0.0293014992641289,0
Lewis,2020-04-15T00:00:00.000,1,8,7,187,187,8,2020-04-15,1,7,0.142857142857143,0.0282488305619446,1.0151797929574
Lewis,2020-04-16T00:00:00.000,0,8,2,189,189,8,2020-04-16,0,2,0,0.0271756498200276,0
Lewis,2020-04-17T00:00:00.000,0,8,0,189,189,8,2020-04-17,0,0,0,0.026087968325448,0
Lewis,2020-04-18T00:00:00.000,0,8,14,203,203,8,2020-04-18,0,14,0,0.0249918699844683,0
Lewis,2020-04-19T00:00:00.000,1,9,7,210,210,9,2020-04-19,1,7,0.142857142857143,0.0238934093794527,1.0185526543753
Lewis,2020-04-20T00:00:00.000,0,9,1,211,211,9,2020-04-20,0,1,0,0.0227985124624107,0
Lewis,2020-04-21T00:00:00.000,0,9,1,212,212,9,2020-04-21,0,1,0,0.0217128828985844,0
Lewis,2020-04-22T00:00:00.000,0,9,8,220,220,9,2020-04-22,0,8,0,0.0206419167882553,0
Lewis,2020-04-23T00:00:00.000,0,9,3,223,223,9,2020-04-23,0,3,0,0.0195906280823914,0
Lewis,2020-04-24T00:00:00.000,0,9,41,264,264,9,2020-04-24,0,41,0,0.0185635864938079,0
Lewis,2020-04-25T00:00:00.000,0,9,12,276,276,9,2020-04-25,0,12,0,0.0175648691342182,0
Lewis,2020-04-26T00:00:00.000,0,9,14,290,290,9,2020-04-26,0,14,0,0.0165980264998701,0
Lewis,2020-04-27T00:00:00.000,0,9,6,296,296,9,2020-04-27,0,6,0,0.0156660628369641,0
Lewis,2020-04-28T00:00:00.000,0,9,4,300,300,9,2020-04-28,0,4,0,0.0147714303610949,0
Lewis,2020-04-29T00:00:00.000,0,9,14,314,314,9,2020-04-29,0,14,0,0.0139160363242781,0
Lewis,2020-04-30T00:00:00.000,0,9,4,318,318,9,2020-04-30,0,4,0,0.0131012615309358,0
Lewis,2020-05-01T00:00:00.000,0,9,12,330,330,9,2020-05-01,0,12,0,0.0123279886154941,0
Lewis,2020-05-02T00:00:00.000,0,9,1,331,331,9,2020-05-02,0,1,0,0.0115966382181703,0
Lewis,2020-05-03T00:00:00.000,0,9,9,340,340,9,2020-05-03,0,9,0,0.0109072111216364,0
Lewis,2020-05-04T00:00:00.000,0,9,6,346,346,9,2020-05-04,0,6,0,0.0102593344356654,0
Lewis,2020-05-05T00:00:00.000,0,9,4,350,350,9,2020-05-05,0,4,0,0.00965231002403252,0
Lewis,2020-05-06T00:00:00.000,1,10,25,375,375,10,2020-05-06,1,25,0.04,0.00908516353604575,1.04656994957189
Lewis,2020-05-07T00:00:00.000,0,10,20,395,395,10,2020-05-07,0,20,0,0.00855669262294289,0
Lewis,2020-05-08T00:00:00.000,1,11,85,480,480,11,2020-05-08,1,85,0.0117647058823529,0.00806551316076529,1.04812545834662
Lewis,2020-05-09T00:00:00.000,0,11,95,575,575,11,2020-05-09,0,95,0,0.00761010255377811,0
Lewis,2020-05-10T00:00:00.000,0,11,65,640,640,11,2020-05-10,0,65,0,0.00718883944053495,0
Lewis,2020-05-11T00:00:00.000,0,11,16,656,656,11,2020-05-11,0,16,0,0.00680003935620552,0
Lewis,2020-05-12T00:00:00.000,0,11,10,666,666,11,2020-05-12,0,10,0,0.00644198611149676,0
Lewis,2020-05-13T00:00:00.000,1,12,31,697,697,12,2020-05-13,1,31,0.032258064516129,0.00611295882632118,1.05598831498826
Lewis,2020-05-14T00:00:00.000,0,12,236,933,933,12,2020-05-14,0,236,0,0.00581125470180954,0
Lewis,2020-05-15T00:00:00.000,1,13,108,1041,1041,13,2020-05-15,1,108,0.00925925925925926,0.00553520772688503,1.06231382358352
Lewis,2020-05-16T00:00:00.000,3,16,62,1103,1103,16,2020-05-16,3,62,0.0483870967741935,0.00528320359913211,3.20373902938105
Lewis,2020-05-17T00:00:00.000,1,17,123,1226,1226,17,2020-05-17,1,123,0.00813008130081301,0.00505369119386652,1.07432516413153
Lewis,2020-05-18T00:00:00.000,1,18,27,1253,1253,18,2020-05-18,1,27,0.037037037037037,0.0048451909476824,1.08029315317512
Lewis,2020-05-19T00:00:00.000,0,18,34,1287,1287,18,2020-05-19,0,34,0,0.00465630053291924,0
Lewis,2020-05-20T00:00:00.000,0,18,176,1463,1463,18,2020-05-20,0,176,0,0.00448569819669714,0
Lewis,2020-05-21T00:00:00.000,1,19,101,1564,1564,19,2020-05-21,1,101,0.0099009900990099,0.00433214412140877,1.10730261663276
Lewis,2020-05-22T00:00:00.000,0,19,62,1626,1626,19,2020-05-22,0,62,0,0.00419448013984778,0
Lewis,2020-05-23T00:00:00.000,0,19,77,1703,1703,19,2020-05-23,0,77,0,0.00407162810923086,0
Lewis,2020-05-24T00:00:00.000,0,19,43,1746,1746,19,2020-05-24,0,43,0,0.00396258721602286,0
Lewis,2020-05-25T00:00:00.000,1,20,25,1771,1771,20,2020-05-25,1,25,0.04,0.00386643045201449,1.12174618545493
Lewis,2020-05-26T00:00:00.000,0,20,22,1793,1793,20,2020-05-26,0,22,0,0.00378230046981645,0
Lewis,2020-05-27T00:00:00.000,0,20,34,1827,1827,20,2020-05-27,0,34,0,0.00370940499751297,0
Lewis,2020-05-28T00:00:00.000,0,20,148,1975,1975,20,2020-05-28,0,148,0,0.00364701196518863,0
Lewis,2020-05-29T00:00:00.000,0,20,77,2052,2052,20,2020-05-29,0,77,0,0.00359444447297143,0
Lewis,2020-05-30T00:00:00.000,0,20,51,2103,2103,20,2020-05-30,0,51,0,0.00355107571023152,0
Lewis,2020-05-31T00:00:00.000,0,20,64,2167,2167,20,2020-05-31,0,64,0,0.00351632391902703,0
Lewis,2020-06-01T00:00:00.000,0,20,70,2237,2237,20,2020-06-01,0,70,0,0.00348964748088611,0
Lewis,2020-06-02T00:00:00.000,0,20,93,2330,2330,20,2020-06-02,0,93,0,0.00347054019542524,0
Lewis,2020-06-03T00:00:00.000,0,20,72,2402,2402,20,2020-06-03,0,72,0,0.00345852681040306,0
Lewis,2020-06-04T00:00:00.000,0,20,178,2580,2580,20,2020-06-04,0,178,0,0.0034531588555313,0
Lewis,2020-06-05T00:00:00.000,0,20,109,2689,2689,20,2020-06-05,0,109,0,0.00345401082695167,0
Lewis,2020-06-06T00:00:00.000,0,20,59,2748,2748,20,2020-06-06,0,59,0,0.00346067676386774,0
Lewis,2020-06-07T00:00:00.000,0,20,115,2863,2863,20,2020-06-07,0,115,0,0.00347276725366191,0
Lewis,2020-06-08T00:00:00.000,0,20,29,2892,2892,20,2020-06-08,0,29,0,0.00348990689650552,0
Lewis,2020-06-09T00:00:00.000,0,20,64,2956,2956,20,2020-06-09,0,64,0,0.00351173225441348,0
Lewis,2020-06-10T00:00:00.000,0,20,138,3094,3094,20,2020-06-10,0,138,0,0.00353789030214426,0
Lewis,2020-06-11T00:00:00.000,0,20,126,3220,3220,20,2020-06-11,0,126,0,0.00356803738894231,0
Lewis,2020-06-12T00:00:00.000,0,20,71,3291,3291,20,2020-06-12,0,71,0,0.00360183871031035,0
Lewis,2020-06-13T00:00:00.000,0,20,64,3355,3355,20,2020-06-13,0,64,0,0.00363896827773065,0
Lewis,2020-06-14T00:00:00.000,0,20,70,3425,3425,20,2020-06-14,0,70,0,0.00367910936221217,0
Lewis,2020-06-15T00:00:00.000,0,20,21,3446,3446,20,2020-06-15,0,21,0,0.00372195537462601,0
Lewis,2020-06-16T00:00:00.000,1,21,32,3478,3478,21,2020-06-16,1,32,0.03125,0.00376721113296653,1.1303242034574
Lewis,2020-06-17T00:00:00.000,0,21,109,3587,3587,21,2020-06-17,0,109,0,0.00381459445412346,0
Lewis,2020-06-18T00:00:00.000,0,21,94,3681,3681,21,2020-06-18,0,94,0,0.00386383799622812,0
Lewis,2020-06-19T00:00:00.000,1,22,74,3755,3755,22,2020-06-19,1,74,0.0135135135135135,0.00391469126812792,1.13569852040143
Lewis,2020-06-20T00:00:00.000,1,23,61,3816,3816,23,2020-06-20,1,61,0.0163934426229508,0.00396692271497914,1.13685201651463
Lewis,2020-06-21T00:00:00.000,0,23,76,3892,3892,23,2020-06-21,0,76,0,0.0040203217845063,0
Lewis,2020-06-22T00:00:00.000,1,24,18,3910,3910,24,2020-06-22,1,18,0.0555555555555556,0.00407470087707072,1.1382371261507
Lewis,2020-06-23T00:00:00.000,0,24,32,3942,3942,24,2020-06-23,0,32,0,0.00412989708473875,0
Lewis,2020-06-24T00:00:00.000,1,25,89,4031,4031,25,2020-06-24,1,89,0.0112359550561798,0.00418577362949676,1.13841553298317
Lewis,2020-06-25T00:00:00.000,1,26,91,4122,4122,26,2020-06-25,1,91,0.010989010989011,0.00424222091986751,1.13806488749026
Lewis,2020-06-26T00:00:00.000,0,26,56,4178,4178,26,2020-06-26,0,56,0,0.00429915715519288,0
Lewis,2020-06-27T00:00:00.000,3,29,89,4267,4267,29,2020-06-27,3,89,0.0337078651685393,0.00435652842084058,3.40955554013287
Lewis,2020-06-28T00:00:00.000,1,30,61,4328,4328,30,2020-06-28,1,61,0.0163934426229508,0.00441430823148904,1.13533954417388
Lewis,2020-06-29T00:00:00.000,0,30,13,4341,4341,30,2020-06-29,0,13,0,0.00447249649467388,0
Lewis,2020-06-30T00:00:00.000,0,30,25,4366,4366,30,2020-06-30,0,25,0,0.00453111788182202,0
Lewis,2020-07-01T00:00:00.000,0,30,38,4404,4404,30,2020-07-01,0,38,0,0.00459021960755924,0
Lewis,2020-07-02T00:00:00.000,0,30,85,4489,4489,30,2020-07-02,0,85,0,0.00464986863051211,0
Lewis,2020-07-03T00:00:00.000,1,31,64,4553,4553,31,2020-07-03,1,64,0.015625,0.00471014829959183,1.12427414596323
Lewis,2020-07-04T00:00:00.000,0,31,42,4595,4595,31,2020-07-04,0,42,0,0.00477115447743074,0
Lewis,2020-07-05T00:00:00.000,0,31,17,4612,4612,31,2020-07-05,0,17,0,0.00483299117941438,0
Lewis,2020-07-06T00:00:00.000,0,31,41,4653,4653,31,2020-07-06,0,41,0,0.00489576577053011,0
Lewis,2020-07-07T00:00:00.000,0,31,77,4730,4730,31,2020-07-07,0,77,0,0.00495958376497145,0
Lewis,2020-07-08T00:00:00.000,0,31,56,4786,4786,31,2020-07-08,0,56,0,0.0050245432753133,0
Lewis,2020-07-09T00:00:00.000,0,31,33,4819,4819,31,2020-07-09,0,33,0,0.00509072915906058,0
Lewis,2020-07-10T00:00:00.000,0,31,51,4870,4870,31,2020-07-10,0,51,0,0.00515820691276044,0
Lewis,2020-07-11T00:00:00.000,0,31,42,4912,4912,31,2020-07-11,0,42,0,0.00522701636696307,0
Lewis,2020-07-12T00:00:00.000,0,31,103,5015,5015,31,2020-07-12,0,103,0,0.00529716524065839,0
Lewis,2020-07-13T00:00:00.000,1,32,23,5038,5038,32,2020-07-13,1,23,0.0434782608695652,0.00536862262286163,1.10679729405462
Lewis,2020-07-14T00:00:00.000,0,32,72,5110,5110,32,2020-07-14,0,72,0,0.00544131246008139,0
Lewis,2020-07-15T00:00:00.000,0,32,46,5156,5156,32,2020-07-15,0,46,0,0.00551510714523607,0
Lewis,2020-07-16T00:00:00.000,0,32,78,5234,5234,32,2020-07-16,0,78,0,0.00558982132259595,0
Lewis,2020-07-17T00:00:00.000,0,32,68,5302,5302,32,2020-07-17,0,68,0,0.00566520604751629,0
Lewis,2020-07-18T00:00:00.000,1,33,46,5348,5348,33,2020-07-18,1,46,0.0217391304347826,0.00574094346618015,1.10220476747929
Lewis,2020-07-19T00:00:00.000,0,33,32,5380,5380,33,2020-07-19,0,32,0,0.00581664220948324,0
Lewis,2020-07-20T00:00:00.000,0,33,76,5456,5456,33,2020-07-20,0,76,0,0.00589183372406847,0
Lewis,2020-07-21T00:00:00.000,0,33,80,5536,5536,33,2020-07-21,0,80,0,0.00596596979161012,0
Lewis,2020-07-22T00:00:00.000,1,34,173,5709,5709,34,2020-07-22,1,173,0.00578034682080925,0.00603842150924249,1.10620186033897
Lewis,2020-07-23T00:00:00.000,0,34,65,5774,5774,34,2020-07-23,0,65,0,0.00610848002079648,0
Lewis,2020-07-24T00:00:00.000,0,34,99,5873,5873,34,2020-07-24,0,99,0,0.00617535929158797,0
Lewis,2020-07-25T00:00:00.000,0,34,119,5992,5992,34,2020-07-25,0,119,0,0.00623820120971219,0
Lewis,2020-07-26T00:00:00.000,0,34,94,6086,6086,34,2020-07-26,0,94,0,0.00629608326784852,0
Lewis,2020-07-27T00:00:00.000,0,34,35,6121,6121,34,2020-07-27,0,35,0,0.00634802902901501,0
Lewis,2020-07-28T00:00:00.000,0,34,55,6176,6176,34,2020-07-28,0,55,0,0.00639302150574771,0
Lewis,2020-07-29T00:00:00.000,0,34,128,6304,6304,34,2020-07-29,0,128,0,0.0064300194835584,0
Lewis,2020-07-30T00:00:00.000,0,34,49,6353,6353,34,2020-07-30,0,49,0,0.00645797669558812,0
Lewis,2020-07-31T00:00:00.000,0,34,65,6418,6418,34,2020-07-31,0,65,0,0.0064758636125269,0
Lewis,2020-08-01T00:00:00.000,1,35,55,6473,6473,35,2020-08-01,1,55,0.0181818181818182,0.00648269145051421,1.1142429273609
Lewis,2020-08-02T00:00:00.000,0,35,16,6489,6489,35,2020-08-02,0,16,0,0.00647753783256267,0
Lewis,2020-08-03T00:00:00.000,2,37,70,6559,6559,37,2020-08-03,2,70,0.0285714285714286,0.00645957337332944,2.22207644152131
Lewis,2020-08-04T00:00:00.000,0,37,34,6593,6593,37,2020-08-04,0,34,0,0.00642808830571153,0
Lewis,2020-08-05T00:00:00.000,2,39,100,6693,6693,39,2020-08-05,2,100,0.02,0.00638251814494714,2.21026419624606
Lewis,2020-08-06T00:00:00.000,0,39,18,6711,6711,39,2020-08-06,0,18,0,0.0063224673053523,0
Lewis,2020-08-07T00:00:00.000,2,41,38,6749,6749,41,2020-08-07,2,38,0.0526315789473684,0.00624772955685593,2.21069608935159
Lewis,2020-08-08T00:00:00.000,0,41,56,6805,6805,41,2020-08-08,0,56,0,0.00615830424616872,0
Lewis,2020-08-09T00:00:00.000,0,41,16,6821,6821,41,2020-08-09,0,16,0,0.0060544073143947,0
Lewis,2020-08-10T00:00:00.000,4,45,111,6932,6932,45,2020-08-10,4,111,0.036036036036036,0.00593647631909999,4.41785773737727
Lewis,2020-08-11T00:00:00.000,1,46,61,6993,6993,46,2020-08-11,1,61,0.0163934426229508,0.00580516891166563,1.10280860550382
Lewis,2020-08-12T00:00:00.000,1,47,48,7041,7041,47,2020-08-12,1,48,0.0208333333333333,0.00566135451515084,1.10034368476551
Lewis,2020-08-13T00:00:00.000,0,47,36,7077,7077,47,2020-08-13,0,36,0,0.00550609927816712,0
Lewis,2020-08-14T00:00:00.000,0,47,106,7183,7183,47,2020-08-14,0,106,0,0.0053406447244478,0
Lewis,2020-08-15T00:00:00.000,0,47,82,7265,7265,47,2020-08-15,0,82,0,0.00516638085046491,0
Lewis,2020-08-16T00:00:00.000,0,47,14,7279,7279,47,2020-08-16,0,14,0,0.00498481471871348,0
Lewis,2020-08-17T00:00:00.000,0,47,45,7324,7324,47,2020-08-17,0,45,0,0.0047975358320159,0
Lewis,2020-08-18T00:00:00.000,0,47,79,7403,7403,47,2020-08-18,0,79,0,0.00460617973179624,0
Lewis,2020-08-19T00:00:00.000,0,47,71,7474,7474,47,2020-08-19,0,71,0,0.00441239133205207,0
Lewis,2020-08-20T00:00:00.000,0,47,76,7550,7550,47,2020-08-20,0,76,0,0.00421778947566751,0
Lewis,2020-08-21T00:00:00.000,0,47,103,7653,7653,47,2020-08-21,0,103,0,0.00402393408349833,0
Lewis,2020-08-22T00:00:00.000,0,47,81,7734,7734,47,2020-08-22,0,81,0,0.00383229707259796,0
Lewis,2020-08-23T00:00:00.000,0,47,23,7757,7757,47,2020-08-23,0,23,0,0.00364423796632091,0
Lewis,2020-08-24T00:00:00.000,0,47,40,7797,7797,47,2020-08-24,0,40,0,0.00346098482512709,0
Lewis,2020-08-25T00:00:00.000,1,48,85,7882,7882,48,2020-08-25,1,85,0.0117647058823529,0.00328362082091888,1.05634113834835
Lewis,2020-08-26T00:00:00.000,0,48,77,7959,7959,48,2020-08-26,0,77,0,0.00311307647880681,0
Lewis,2020-08-27T00:00:00.000,0,48,75,8034,8034,48,2020-08-27,0,75,0,0.00295012734162401,0
Lewis,2020-08-28T00:00:00.000,0,48,85,8119,8119,48,2020-08-28,0,85,0,0.0027953965881302,0
Lewis,2020-08-29T00:00:00.000,1,49,109,8228,8228,49,2020-08-29,1,109,0.00917431192660551,0.00264936196765238,1.03635803398311
Lewis,2020-08-30T00:00:00.000,0,49,37,8265,8265,49,2020-08-30,0,37,0,0.00251236630443764,0
Lewis,2020-08-31T00:00:00.000,0,49,66,8331,8331,49,2020-08-31,0,66,0,0.00238463077566188,0
Lewis,2020-09-01T00:00:00.000,0,49,68,8399,8399,49,2020-09-01,0,68,0,0.00226627017042673,0
Lewis,2020-09-02T00:00:00.000,0,49,74,8473,8473,49,2020-09-02,0,74,0,0.00215730938605677,0
Lewis,2020-09-03T00:00:00.000,0,49,29,8502,8502,49,2020-09-03,0,29,0,0.00205770050109322,0
Lewis,2020-09-04T00:00:00.000,0,49,42,8544,8544,49,2020-09-04,0,42,0,0.00196733987128129,0
Lewis,2020-09-05T00:00:00.000,0,49,31,8575,8575,49,2020-09-05,0,31,0,0.00188608481395408,0
Lewis,2020-09-06T00:00:00.000,0,49,110,8685,8685,49,2020-09-06,0,110,0,0.00181376956903303,0
Lewis,2020-09-07T00:00:00.000,0,49,107,8792,8792,49,2020-09-07,0,107,0,0.00175022034313304,0
Lewis,2020-09-08T00:00:00.000,1,50,35,8827,8827,50,2020-09-08,1,35,0.0285714285714286,0.00169526935202206,1.01133042015481
Lewis,2020-09-09T00:00:00.000,0,50,26,8853,8853,50,2020-09-09,0,26,0,0.00164876787168884,0
Lewis,2020-09-10T00:00:00.000,0,50,57,8910,8910,50,2020-09-10,0,57,0,0.00161059838875067,0
Lewis,2020-09-11T00:00:00.000,0,50,95,9005,9005,50,2020-09-11,0,95,0,0.00158068600547402,0
Lewis,2020-09-12T00:00:00.000,0,50,54,9059,9059,50,2020-09-12,0,54,0,0.00155900930505663,0
Lewis,2020-09-13T00:00:00.000,0,50,59,9118,9118,50,2020-09-13,0,59,0,0.00154561091972354,0
Lewis,2020-09-14T00:00:00.000,0,50,102,9220,9220,50,2020-09-14,0,102,0,0.00154060806995223,0
Lewis,2020-09-15T00:00:00.000,0,50,49,9269,9269,50,2020-09-15,0,49,0,0.00154420335880363,0
Lewis,2020-09-16T00:00:00.000,0,50,57,9326,9326,50,2020-09-16,0,57,0,0.00155669611290504,0
Lewis,2020-09-17T00:00:00.000,0,50,67,9393,9393,50,2020-09-17,0,67,0,0.00157849456136825,0
Lewis,2020-09-18T00:00:00.000,0,50,43,9436,9436,50,2020-09-18,0,43,0,0.00161012913613003,0
Lewis,2020-09-19T00:00:00.000,0,50,127,9563,9563,50,2020-09-19,0,127,0,0.00165226716117313,0
Lewis,2020-09-20T00:00:00.000,0,50,70,9633,9633,50,2020-09-20,0,70,0,0.00170572917131834,0
Lewis,2020-09-21T00:00:00.000,0,50,24,9657,9657,50,2020-09-21,0,24,0,0.0017715070619783,0
Lewis,2020-09-22T00:00:00.000,0,50,105,9762,9762,50,2020-09-22,0,105,0,0.00185078421367033,0
Lewis,2020-09-23T00:00:00.000,0,50,50,9812,9812,50,2020-09-23,0,50,0,0.00194495765554958,0
Lewis,2020-09-24T00:00:00.000,0,50,70,9882,9882,50,2020-09-24,0,70,0,0.00205566222303423,0
Lewis,2020-09-25T00:00:00.000,0,50,107,9989,9989,50,2020-09-25,0,107,0,0.00218479651887288,0
Lewis,2020-09-26T00:00:00.000,0,50,110,10099,10099,50,2020-09-26,0,110,0,0.00233455029722361,0
Lewis,2020-09-27T00:00:00.000,0,50,66,10165,10165,50,2020-09-27,0,66,0,0.00250743264802927,0
Lewis,2020-09-28T00:00:00.000,0,50,49,10214,10214,50,2020-09-28,0,49,0,0.0027063000580929,0
Lewis,2020-09-29T00:00:00.000,0,50,68,10282,10282,50,2020-09-29,0,68,0,0.00293438306185918,0
Lewis,2020-09-30T00:00:00.000,0,50,39,10321,10321,50,2020-09-30,0,39,0,0.00319530976858456,0
Lewis,2020-10-01T00:00:00.000,1,51,178,10499,10499,51,2020-10-01,1,178,0.00561797752808989,0.00349312407152359,1.07419344289795
Lewis,2020-10-02T00:00:00.000,0,51,121,10620,10620,51,2020-10-02,0,121,0,0.00383229582480091,0
Lewis,2020-10-03T00:00:00.000,0,51,69,10689,10689,51,2020-10-03,0,69,0,0.00421771974387984,0
Lewis,2020-10-04T00:00:00.000,2,53,111,10800,10800,53,2020-10-04,2,111,0.018018018018018,0.00465469929077369,2.19360891785214
Lewis,2020-10-05T00:00:00.000,0,53,43,10843,10843,53,2020-10-05,0,43,0,0.00514891140589435,0
Lewis,2020-10-06T00:00:00.000,0,53,203,11046,11046,53,2020-10-06,0,203,0,0.00570634772353858,0
Lewis,2020-10-07T00:00:00.000,1,54,68,11114,11114,54,2020-10-07,1,68,0.0147058823529412,0.00633322795167874,1.11794629089464
Lewis,2020-10-08T00:00:00.000,0,54,66,11180,11180,54,2020-10-08,0,66,0,0.00703588151212176,0
Lewis,2020-10-09T00:00:00.000,1,55,89,11269,11269,55,2020-10-09,1,89,0.0112359550561798,0.00782059442722541,1.13067667497063
Lewis,2020-10-10T00:00:00.000,0,55,117,11386,11386,55,2020-10-10,0,117,0,0.00869341989234024,0
Lewis,2020-10-11T00:00:00.000,0,55,96,11482,11482,55,2020-10-11,0,96,0,0.00965995304098335,0
Lewis,2020-10-12T00:00:00.000,0,55,37,11519,11519,55,2020-10-12,0,37,0,0.0107250730909657,0
Lewis,2020-10-13T00:00:00.000,0,55,213,11732,11732,55,2020-10-13,0,213,0,0.0118926592691338,0
Lewis,2020-10-14T00:00:00.000,0,55,48,11780,11780,55,2020-10-14,0,48,0,0.013165290476207,0
Lewis,2020-10-15T00:00:00.000,0,55,52,11832,11832,55,2020-10-15,0,52,0,0.0145439422865108,0
Lewis,2020-10-16T00:00:00.000,0,55,129,11961,11961,55,2020-10-16,0,129,0,0.0160276982084728,0
Lewis,2020-10-17T00:00:00.000,1,56,131,12092,12092,56,2020-10-17,1,131,0.00763358778625954,0.0176134947139098,1.17742757985502
Lewis,2020-10-18T00:00:00.000,0,56,36,12128,12128,56,2020-10-18,0,36,0,0.0192959209180795,0
Lewis,2020-10-19T00:00:00.000,1,57,70,12198,12198,57,2020-10-19,1,70,0.0142857142857143,0.0210670935439094,1.19262639701869
Lewis,2020-10-20T00:00:00.000,5,62,49,12247,12247,62,2020-10-20,5,49,0.102040816326531,0.0229166256347252,6.0071753746337
Lewis,2020-10-21T00:00:00.000,2,64,69,12316,12316,64,2020-10-21,2,69,0.0289855072463768,0.0248317032976202,2.41944141849656
Lewis,2020-10-22T00:00:00.000,4,68,102,12418,12418,68,2020-10-22,4,102,0.0392156862745098,0.0267972786991525,4.87171738072693
Lewis,2020-10-23T00:00:00.000,24,92,147,12565,12565,92,2020-10-23,24,147,0.163265306122449,0.0287963800066072,29.4047271088604
Lewis,2020-10-24T00:00:00.000,16,108,114,12679,12679,108,2020-10-24,16,114,0.140350877192982,0.030810530612201,19.7037883391744
Lewis,2020-10-25T00:00:00.000,7,115,168,12847,12847,115,2020-10-25,7,168,0.0416666666666667,0.0328202615968707,8.657401282989
Lewis,2020-10-26T00:00:00.000,5,120,123,12970,12970,120,2020-10-26,5,123,0.040650406504065,0.0348056938694331,6.20517133140661
Lewis,2020-10-27T00:00:00.000,7,127,339,13309,13309,127,2020-10-27,7,339,0.0206489675516224,0.0367471605443591,8.70987311416958
Lewis,2020-10-28T00:00:00.000,7,134,238,13547,13547,134,2020-10-28,7,238,0.0294117647058824,0.0386258365684453,8.72532120454821
Lewis,2020-10-29T00:00:00.000,5,139,250,13797,13797,139,2020-10-29,5,250,0.02,0.0404243417030092,6.23833785686482
Lewis,2020-10-30T00:00:00.000,7,146,357,14154,14154,146,2020-10-30,7,357,0.0196078431372549,0.0421272848172746,8.7350834127245
Lewis,2020-10-31T00:00:00.000,2,148,159,14313,14313,148,2020-10-31,2,159,0.0125786163522013,0.0437217217563033,2.49421991589214
Lewis,2020-11-01T00:00:00.000,5,153,92,14405,14405,153,2020-11-01,5,92,0.0543478260869565,0.0451975053457762,6.22714773965142
Lewis,2020-11-02T00:00:00.000,2,155,165,14570,14570,155,2020-11-02,2,165,0.0121212121212121,0.0465475136518315,2.48574913299944
Lewis,2020-11-03T00:00:00.000,10,165,109,14679,14679,165,2020-11-03,10,109,0.0917431192660551,0.0477677506974178,12.39498323018
Lewis,2020-11-04T00:00:00.000,2,167,109,14788,14788,167,2020-11-04,2,109,0.018348623853211,0.0488573216645134,2.47071945644763
Lewis,2020-11-05T00:00:00.000,4,171,62,14850,14850,171,2020-11-05,4,62,0.0645161290322581,0.0498182915458399,4.92208902836484
Lewis,2020-11-06T00:00:00.000,2,173,179,15029,15029,173,2020-11-06,2,179,0.0111731843575419,0.0506554417574838,2.45010572327023
Lewis,2020-11-07T00:00:00.000,7,180,145,15174,15174,180,2020-11-07,7,145,0.0482758620689655,0.0513759430571808,8.53314594424797
Lewis,2020-11-08T00:00:00.000,5,185,192,15366,15366,185,2020-11-08,5,192,0.0260416666666667,0.051988965149356,6.06207167414925
Lewis,2020-11-09T00:00:00.000,1,186,139,15505,15505,186,2020-11-09,1,139,0.00719424460431655,0.0525052436118106,1.20575844396785
Lewis,2020-11-10T00:00:00.000,9,195,88,15593,15593,195,2020-11-10,9,88,0.102272727272727,0.0529366234918902,10.8092065341538
Lewis,2020-11-11T00:00:00.000,15,210,165,15758,15758,210,2020-11-11,15,165,0.0909090909090909,0.0532955963492511,17.9585827886803
Lewis,2020-11-12T00:00:00.000,9,219,69,15827,15827,219,2020-11-12,9,69,0.130434782608696,0.0535948440680563,10.7761043804584
Lewis,2020-11-13T00:00:00.000,15,234,119,15946,15946,234,2020-11-13,15,119,0.126050420168067,0.0538467987732517,17.9604474349311
Lewis,2020-11-14T00:00:00.000,3,237,91,16037,16037,237,2020-11-14,3,91,0.032967032967033,0.0540632240447259,3.59192415370124
Lewis,2020-11-15T00:00:00.000,10,247,77,16114,16114,247,2020-11-15,10,77,0.12987012987013,0.0542548186858084,11.971925132386
Lewis,2020-11-16T00:00:00.000,6,253,284,16398,16398,253,2020-11-16,6,284,0.0211267605633803,0.054430840837738,7.18216708846646
Lewis,2020-11-17T00:00:00.000,12,265,264,16662,16662,265,2020-11-17,12,264,0.0454545454545455,0.0545987475222131,14.3618797622954
Lewis,2020-11-18T00:00:00.000,10,275,129,16791,16791,275,2020-11-18,10,129,0.0775193798449612,0.0547638429557109,11.9658564738206
Livingston,2020-03-01T00:00:00.000,0,0,0,0,0,0,2020-03-01,0,0,0,0.320746785680502,0
Livingston,2020-03-02T00:00:00.000,0,0,0,0,0,0,2020-03-02,0,0,0,0.301006756951495,0
Livingston,2020-03-03T00:00:00.000,0,0,0,0,0,0,2020-03-03,0,0,0,0.281992102021854,0
Livingston,2020-03-04T00:00:00.000,0,0,0,0,0,0,2020-03-04,0,0,0,0.263762788076597,0
Livingston,2020-03-05T00:00:00.000,0,0,0,0,0,0,2020-03-05,0,0,0,0.24637472034325,0
Livingston,2020-03-06T00:00:00.000,0,0,0,0,0,0,2020-03-06,0,0,0,0.229876544055337,0
Livingston,2020-03-07T00:00:00.000,0,0,0,0,0,0,2020-03-07,0,0,0,0.214307186384483,0
Livingston,2020-03-08T00:00:00.000,0,0,0,0,0,0,2020-03-08,0,0,0,0.199694221810896,0
Livingston,2020-03-09T00:00:00.000,0,0,0,0,0,0,2020-03-09,0,0,0,0.186053068805604,0
Livingston,2020-03-10T00:00:00.000,0,0,1,1,1,0,2020-03-10,0,1,0,0.173386958100123,0
Livingston,2020-03-11T00:00:00.000,0,0,0,1,1,0,2020-03-11,0,0,0,0.161687560394414,0
Livingston,2020-03-12T00:00:00.000,0,0,0,1,1,0,2020-03-12,0,0,0,0.150936127807509,0
Livingston,2020-03-13T00:00:00.000,0,0,0,1,1,0,2020-03-13,0,0,0,0.141104989511786,0
Livingston,2020-03-14T00:00:00.000,0,0,0,1,1,0,2020-03-14,0,0,0,0.132159245598977,0
Livingston,2020-03-15T00:00:00.000,0,0,0,1,1,0,2020-03-15,0,0,0,0.124058520132362,0
Livingston,2020-03-16T00:00:00.000,0,0,0,1,1,0,2020-03-16,0,0,0,0.116758659777335,0
Livingston,2020-03-17T00:00:00.000,0,0,4,5,5,0,2020-03-17,0,4,0,0.110213293373232,0
Livingston,2020-03-18T00:00:00.000,0,0,5,10,10,0,2020-03-18,0,5,0,0.1043751965916,0
Livingston,2020-03-19T00:00:00.000,1,1,11,21,21,1,2020-03-19,1,11,0.0909090909090909,0.0991974313665295,1.2351835566069
Livingston,2020-03-20T00:00:00.000,1,2,13,34,34,2,2020-03-20,1,13,0.0769230769230769,0.0946342506957773,1.20757972582482
Livingston,2020-03-21T00:00:00.000,0,2,5,39,39,2,2020-03-21,0,5,0,0.0906417749279434,0
Livingston,2020-03-22T00:00:00.000,1,3,3,42,42,3,2020-03-22,1,3,0.333333333333333,0.0871784561138405,1.15920239684793
Livingston,2020-03-23T00:00:00.000,0,3,1,43,43,3,2020-03-23,0,1,0,0.0842053529928496,0
Livingston,2020-03-24T00:00:00.000,0,3,9,52,52,3,2020-03-24,0,9,0,0.0816862417035095,0
Livingston,2020-03-25T00:00:00.000,0,3,15,67,67,3,2020-03-25,0,15,0,0.079587587281581,0
Livingston,2020-03-26T00:00:00.000,0,3,8,75,75,3,2020-03-26,0,8,0,0.0778783993796971,0
Livingston,2020-03-27T00:00:00.000,2,5,11,86,86,5,2020-03-27,2,11,0.181818181818182,0.0765299931822187,2.22448523361801
Livingston,2020-03-28T00:00:00.000,5,10,17,103,103,10,2020-03-28,5,17,0.294117647058824,0.0755156738274204,5.52953622268517
Livingston,2020-03-29T00:00:00.000,2,12,10,113,113,12,2020-03-29,2,10,0.2,0.0748103602207515,2.19793680925658
Livingston,2020-03-30T00:00:00.000,1,13,10,123,123,13,2020-03-30,1,10,0.1,0.0743901623198384,1.09262551048593
Livingston,2020-03-31T00:00:00.000,1,14,24,147,147,14,2020-03-31,1,24,0.0416666666666667,0.0742319249212874,1.08925498969059
Livingston,2020-04-01T00:00:00.000,0,14,17,164,164,14,2020-04-01,0,17,0,0.0743127508362283,0
Livingston,2020-04-02T00:00:00.000,2,16,12,176,176,16,2020-04-02,2,12,0.166666666666667,0.0746095170676349,2.1881590279683
Livingston,2020-04-03T00:00:00.000,2,18,18,194,194,18,2020-04-03,2,18,0.111111111111111,0.0750983991233313,2.19269785834369
Livingston,2020-04-04T00:00:00.000,1,19,27,221,221,19,2020-04-04,1,27,0.037037037037037,0.0757544206885917,1.09854865910505
Livingston,2020-04-05T00:00:00.000,3,22,14,235,235,22,2020-04-05,3,14,0.214285714285714,0.0765510482937992,3.30172490898253
Livingston,2020-04-06T00:00:00.000,1,23,18,253,253,23,2020-04-06,1,18,0.0555555555555556,0.077459852946137,1.10254298583752
Livingston,2020-04-07T00:00:00.000,2,25,23,276,276,25,2020-04-07,2,23,0.0869565217391304,0.0784502624971423,2.20898487724756
Livingston,2020-04-08T00:00:00.000,1,26,17,293,293,26,2020-04-08,1,17,0.0588235294117647,0.0794894293355337,1.10653236511576
Livingston,2020-04-09T00:00:00.000,3,29,26,319,319,29,2020-04-09,3,26,0.115384615384615,0.0805422373163285,3.33298683907765
Livingston,2020-04-10T00:00:00.000,1,30,7,326,326,30,2020-04-10,1,7,0.142857142857143,0.0815714692253298,1.11500460036539
Livingston,2020-04-11T00:00:00.000,0,30,6,332,332,30,2020-04-11,0,6,0,0.0825381513031636,0
Livingston,2020-04-12T00:00:00.000,0,30,5,337,337,30,2020-04-12,0,5,0,0.0834020841777372,0
Livingston,2020-04-13T00:00:00.000,1,31,20,357,357,31,2020-04-13,1,20,0.05,0.0841225602437661,1.1249184098117
Livingston,2020-04-14T00:00:00.000,0,31,8,365,365,31,2020-04-14,0,8,0,0.0846592563071492,0
Livingston,2020-04-15T00:00:00.000,1,32,8,373,373,32,2020-04-15,1,8,0.125,0.0849732779381899,1.13336854279376
Livingston,2020-04-16T00:00:00.000,2,34,18,391,391,34,2020-04-16,2,18,0.111111111111111,0.0850283191558816,2.27480136023386
Livingston,2020-04-17T00:00:00.000,3,37,20,411,411,37,2020-04-17,3,20,0.15,0.0847918888795254,3.42466671520174
Livingston,2020-04-18T00:00:00.000,2,39,30,441,441,39,2020-04-18,2,30,0.0666666666666667,0.0842365450048218,2.29593835751094
Livingston,2020-04-19T00:00:00.000,0,39,7,448,448,39,2020-04-19,0,7,0,0.0833410690383661,0
Livingston,2020-04-20T00:00:00.000,0,39,21,469,469,39,2020-04-20,0,21,0,0.0820915099433952,0
Livingston,2020-04-21T00:00:00.000,0,39,15,484,484,39,2020-04-21,0,15,0,0.0804820259359345,0
Livingston,2020-04-22T00:00:00.000,2,41,22,506,506,41,2020-04-22,2,22,0.0909090909090909,0.0785154581014921,2.34041705214508
Livingston,2020-04-23T00:00:00.000,3,44,54,560,560,44,2020-04-23,3,54,0.0555555555555556,0.0762035801580298,3.52396473942197
Livingston,2020-04-24T00:00:00.000,14,58,295,855,855,58,2020-04-24,14,295,0.0474576271186441,0.0735669844248143,16.4998489321526
Livingston,2020-04-25T00:00:00.000,2,60,61,916,916,60,2020-04-25,2,61,0.0327868852459016,0.0706345846387674,2.36376835449264
Livingston,2020-04-26T00:00:00.000,2,62,15,931,931,62,2020-04-26,2,15,0.133333333333333,0.067442740551832,2.36917720035433
Livingston,2020-04-27T00:00:00.000,3,65,24,955,955,65,2020-04-27,3,24,0.125,0.0640340356702297,3.55992675447472
Livingston,2020-04-28T00:00:00.000,2,67,36,991,991,67,2020-04-28,2,36,0.0555555555555556,0.0604557657229944,2.37570852905557
Livingston,2020-04-29T00:00:00.000,2,69,34,1025,1025,69,2020-04-29,2,34,0.0588235294117647,0.056758218888279,2.37661759343088
Livingston,2020-04-30T00:00:00.000,4,73,43,1068,1068,73,2020-04-30,4,43,0.0930232558139535,0.0529928466421418,4.75220617613199
Livingston,2020-05-01T00:00:00.000,3,76,44,1112,1112,76,2020-05-01,3,44,0.0681818181818182,0.0492104338994374,3.56123799549063
Livingston,2020-05-02T00:00:00.000,7,83,52,1164,1164,83,2020-05-02,7,52,0.134615384615385,0.0454593772766124,8.29777638581085
Livingston,2020-05-03T00:00:00.000,2,85,26,1190,1190,85,2020-05-03,2,26,0.0769230769230769,0.0417841703237018,2.36978959888397
Livingston,2020-05-04T00:00:00.000,1,86,52,1242,1242,86,2020-05-04,1,52,0.0192307692307692,0.0382241754224047,1.18774516718139
Livingston,2020-05-05T00:00:00.000,3,89,52,1294,1294,89,2020-05-05,3,52,0.0576923076923077,0.0348127359816381,3.56152691190034
Livingston,2020-05-06T00:00:00.000,6,95,100,1394,1394,95,2020-05-06,6,100,0.06,0.0315766527877986,7.11250926634377
Livingston,2020-05-07T00:00:00.000,5,100,56,1450,1450,100,2020-05-07,5,56,0.0892857142857143,0.0285360185834395,5.91258702603743
Livingston,2020-05-08T00:00:00.000,1,101,49,1499,1499,101,2020-05-08,1,49,0.0204081632653061,0.0257043785442145,1.17693039866532
Livingston,2020-05-09T00:00:00.000,1,102,58,1557,1557,102,2020-05-09,1,58,0.0172413793103448,0.0230891639953482,1.17043301771866
Livingston,2020-05-10T00:00:00.000,0,102,46,1603,1603,102,2020-05-10,0,46,0,0.0206923339831416,0
Livingston,2020-05-11T00:00:00.000,0,102,180,1783,1783,102,2020-05-11,0,180,0,0.0185111544910213,0
Livingston,2020-05-12T00:00:00.000,1,103,197,1980,1980,103,2020-05-12,1,197,0.0050761421319797,0.0165390473726163,1.15679333655705
Livingston,2020-05-13T00:00:00.000,3,106,113,2093,2093,106,2020-05-13,3,113,0.0265486725663717,0.0147664489031647,3.46005360287655
Livingston,2020-05-14T00:00:00.000,0,106,76,2169,2169,106,2020-05-14,0,76,0,0.0131816292678619,0
Livingston,2020-05-15T00:00:00.000,1,107,75,2244,2244,107,2020-05-15,1,75,0.0133333333333333,0.0117714373467684,1.14557199980943
Livingston,2020-05-16T00:00:00.000,3,110,77,2321,2321,110,2020-05-16,3,77,0.038961038961039,0.010521948136139,3.43223497848725
Livingston,2020-05-17T00:00:00.000,0,110,50,2371,2371,110,2020-05-17,0,50,0,0.00941900179729689,0
Livingston,2020-05-18T00:00:00.000,1,111,67,2438,2438,111,2020-05-18,1,67,0.0149253731343284,0.00844863289325404,1.14206067568292
Livingston,2020-05-19T00:00:00.000,0,111,95,2533,2533,111,2020-05-19,0,95,0,0.00759739552399579,0
Livingston,2020-05-20T00:00:00.000,3,114,105,2638,2638,114,2020-05-20,3,105,0.0285714285714286,0.00685259485515419,3.43870336223072
Livingston,2020-05-21T00:00:00.000,0,114,75,2713,2713,114,2020-05-21,0,75,0,0.00620243820846417,0
Livingston,2020-05-22T00:00:00.000,0,114,84,2797,2797,114,2020-05-22,0,84,0,0.0056361198598558,0
Livingston,2020-05-23T00:00:00.000,0,114,65,2862,2862,114,2020-05-23,0,65,0,0.00514385340904583,0
Livingston,2020-05-24T00:00:00.000,1,115,196,3058,3058,115,2020-05-24,1,196,0.00510204081632653,0.00471686446000006,1.14003470308356
Livingston,2020-05-25T00:00:00.000,3,118,74,3132,3132,118,2020-05-25,3,74,0.0405405405405405,0.00434735474616557,3.40492338232216
Livingston,2020-05-26T00:00:00.000,0,118,69,3201,3201,118,2020-05-26,0,69,0,0.00402844701993425,0
Livingston,2020-05-27T00:00:00.000,0,118,129,3330,3330,118,2020-05-27,0,129,0,0.00375411821076463,0
Livingston,2020-05-28T00:00:00.000,0,118,122,3452,3452,118,2020-05-28,0,122,0,0.00351912666495135,0
Livingston,2020-05-29T00:00:00.000,0,118,107,3559,3559,118,2020-05-29,0,107,0,0.00331893779062103,0
Livingston,2020-05-30T00:00:00.000,1,119,128,3687,3687,119,2020-05-30,1,128,0.0078125,0.00314965117346118,1.10269199133719
Livingston,2020-05-31T00:00:00.000,0,119,136,3823,3823,119,2020-05-31,0,136,0,0.00300793120462246,0
Livingston,2020-06-01T00:00:00.000,0,119,218,4041,4041,119,2020-06-01,0,218,0,0.00289094245453899,0
Livingston,2020-06-02T00:00:00.000,1,120,233,4274,4274,120,2020-06-02,1,233,0.00429184549356223,0.00279629041030676,1.08868221285085
Livingston,2020-06-03T00:00:00.000,0,120,172,4446,4446,120,2020-06-03,0,172,0,0.00272196773727345,0
Livingston,2020-06-04T00:00:00.000,1,121,263,4709,4709,121,2020-06-04,1,263,0.00380228136882129,0.00266630589811006,1.08157406504428
Livingston,2020-06-05T00:00:00.000,0,121,167,4876,4876,121,2020-06-05,0,167,0,0.00262793173820943,0
Livingston,2020-06-06T00:00:00.000,0,121,133,5009,5009,121,2020-06-06,0,133,0,0.00260572849934877,0
Livingston,2020-06-07T00:00:00.000,0,121,177,5186,5186,121,2020-06-07,0,177,0,0.00259880063617686,0
Livingston,2020-06-08T00:00:00.000,0,121,122,5308,5308,121,2020-06-08,0,122,0,0.00260644176752503,0
Livingston,2020-06-09T00:00:00.000,0,121,216,5524,5524,121,2020-06-09,0,216,0,0.00262810508610221,0
Livingston,2020-06-10T00:00:00.000,0,121,162,5686,5686,121,2020-06-10,0,162,0,0.0026633755683438,0
Livingston,2020-06-11T00:00:00.000,0,121,237,5923,5923,121,2020-06-11,0,237,0,0.00271194336822277,0
Livingston,2020-06-12T00:00:00.000,1,122,239,6162,6162,122,2020-06-12,1,239,0.00418410041841004,0.00277357784257723,1.08981406435029
Livingston,2020-06-13T00:00:00.000,1,123,135,6297,6297,123,2020-06-13,1,135,0.00740740740740741,0.00284810174096879,1.09487551818803
Livingston,2020-06-14T00:00:00.000,0,123,171,6468,6468,123,2020-06-14,0,171,0,0.00293536520183815,0
Livingston,2020-06-15T00:00:00.000,0,123,111,6579,6579,123,2020-06-15,0,111,0,0.00303521932931474,0
Livingston,2020-06-16T00:00:00.000,0,123,292,6871,6871,123,2020-06-16,0,292,0,0.00314748928228953,0
Livingston,2020-06-17T00:00:00.000,0,123,171,7042,7042,123,2020-06-17,0,171,0,0.00327194698738185,0
Livingston,2020-06-18T00:00:00.000,0,123,268,7310,7310,123,2020-06-18,0,268,0,0.00340828378632058,0
Livingston,2020-06-19T00:00:00.000,0,123,109,7419,7419,123,2020-06-19,0,109,0,0.00355608353927182,0
Livingston,2020-06-20T00:00:00.000,0,123,95,7514,7514,123,2020-06-20,0,95,0,0.00371479691689672,0
Livingston,2020-06-21T00:00:00.000,1,124,108,7622,7622,124,2020-06-21,1,108,0.00925925925925926,0.00388371781169634,1.13377126222804
Livingston,2020-06-22T00:00:00.000,1,125,134,7756,7756,125,2020-06-22,1,134,0.00746268656716418,0.00406196296497532,1.13788080058434
Livingston,2020-06-23T00:00:00.000,0,125,130,7886,7886,125,2020-06-23,0,130,0,0.0042484560199286,0
Livingston,2020-06-24T00:00:00.000,1,126,105,7991,7991,126,2020-06-24,1,105,0.00952380952380952,0.00444191725279588,1.14519722091179
Livingston,2020-06-25T00:00:00.000,0,126,254,8245,8245,126,2020-06-25,0,254,0,0.00464086018689706,0
Livingston,2020-06-26T00:00:00.000,0,126,122,8367,8367,126,2020-06-26,0,122,0,0.00484359614059332,0
Livingston,2020-06-27T00:00:00.000,2,128,86,8453,8453,128,2020-06-27,2,86,0.0232558139534884,0.00504824749976534,2.30678181437331
Livingston,2020-06-28T00:00:00.000,0,128,91,8544,8544,128,2020-06-28,0,91,0,0.00525277013663445,0
Livingston,2020-06-29T00:00:00.000,1,129,165,8709,8709,129,2020-06-29,1,165,0.00606060606060606,0.00545498493803375,1.15664513686658
Livingston,2020-06-30T00:00:00.000,1,130,148,8857,8857,130,2020-06-30,1,148,0.00675675675675676,0.00565261788399363,1.1575362915924
Livingston,2020-07-01T00:00:00.000,0,130,273,9130,9130,130,2020-07-01,0,273,0,0.00584334756732524,0
Livingston,2020-07-02T00:00:00.000,0,130,109,9239,9239,130,2020-07-02,0,109,0,0.00602485851314175,0
Livingston,2020-07-03T00:00:00.000,1,131,175,9414,9414,131,2020-07-03,1,175,0.00571428571428571,0.00619489819174046,1.15550594140962
Livingston,2020-07-04T00:00:00.000,1,132,127,9541,9541,132,2020-07-04,1,127,0.0078740157480315,0.00635133526233476,1.15582872339069
Livingston,2020-07-05T00:00:00.000,1,133,133,9674,9674,133,2020-07-05,1,133,0.0075187969924812,0.00649221638173532,1.15405201270894
Livingston,2020-07-06T00:00:00.000,1,134,113,9787,9787,134,2020-07-06,1,113,0.00884955752212389,0.00661581888265382,1.15194660102212
Livingston,2020-07-07T00:00:00.000,3,137,161,9948,9948,137,2020-07-07,3,161,0.0186335403726708,0.00672069678403766,3.45382869706477
Livingston,2020-07-08T00:00:00.000,3,140,140,10088,10088,140,2020-07-08,3,140,0.0214285714285714,0.00680571793243278,3.44960686409243
Livingston,2020-07-09T00:00:00.000,4,144,126,10214,10214,144,2020-07-09,4,126,0.0317460317460317,0.00687009056211088,4.59166152550484
Livingston,2020-07-10T00:00:00.000,1,145,163,10377,10377,145,2020-07-10,1,163,0.00613496932515337,0.0069133781661977,1.14544494254302
Livingston,2020-07-11T00:00:00.000,2,147,203,10580,10580,147,2020-07-11,2,203,0.00985221674876847,0.0069355022379705,2.28496847244547
Livingston,2020-07-12T00:00:00.000,0,147,119,10699,10699,147,2020-07-12,0,119,0,0.00693673311786484,0
Livingston,2020-07-13T00:00:00.000,4,151,170,10869,10869,151,2020-07-13,4,170,0.0235294117647059,0.00691766981570539,4.54085647543912
Livingston,2020-07-14T00:00:00.000,0,151,144,11013,11013,151,2020-07-14,0,144,0,0.00687921021779108,0
Livingston,2020-07-15T00:00:00.000,2,153,171,11184,11184,153,2020-07-15,2,171,0.0116959064327485,0.00682251350663653,2.25274822023417
Livingston,2020-07-16T00:00:00.000,2,155,189,11373,11373,155,2020-07-16,2,189,0.0105820105820106,0.00674895688787326,2.24291579889764
Livingston,2020-07-17T00:00:00.000,2,157,246,11619,11619,157,2020-07-17,2,246,0.00813008130081301,0.00666008883432104,2.23562726984988
Livingston,2020-07-18T00:00:00.000,1,158,203,11822,11822,158,2020-07-18,1,203,0.00492610837438424,0.00655758102384213,1.11696181073001
Livingston,2020-07-19T00:00:00.000,1,159,111,11933,11933,159,2020-07-19,1,111,0.00900900900900901,0.00644318098689305,1.11540502257256
Livingston,2020-07-20T00:00:00.000,1,160,144,12077,12077,160,2020-07-20,1,144,0.00694444444444444,0.00631866721706361,1.1131611193763
Livingston,2020-07-21T00:00:00.000,1,161,175,12252,12252,161,2020-07-21,1,175,0.00571428571428571,0.00618580816770052,1.11012002293271
Livingston,2020-07-22T00:00:00.000,0,161,263,12515,12515,161,2020-07-22,0,263,0,0.00604632618753224,0
Livingston,2020-07-23T00:00:00.000,0,161,167,12682,12682,161,2020-07-23,0,167,0,0.00590186707655957,0
Livingston,2020-07-24T00:00:00.000,1,162,201,12883,12883,162,2020-07-24,1,201,0.00497512437810945,0.00575397558704519,1.10177703590387
Livingston,2020-07-25T00:00:00.000,0,162,240,13123,13123,162,2020-07-25,0,240,0,0.00560407688116629,0
Livingston,2020-07-26T00:00:00.000,0,162,232,13355,13355,162,2020-07-26,0,232,0,0.00545346369509584,0
Livingston,2020-07-27T00:00:00.000,0,162,162,13517,13517,162,2020-07-27,0,162,0,0.00530328875716393,0
Livingston,2020-07-28T00:00:00.000,1,163,178,13695,13695,163,2020-07-28,1,178,0.00561797752808989,0.00515456186702373,1.09327512364555
Livingston,2020-07-29T00:00:00.000,1,164,201,13896,13896,164,2020-07-29,1,201,0.00497512437810945,0.00500815095940981,1.08918125717463
Livingston,2020-07-30T00:00:00.000,1,165,375,14271,14271,165,2020-07-30,1,375,0.00266666666666667,0.0048647864414978,1.08432080776823
Livingston,2020-07-31T00:00:00.000,1,166,246,14517,14517,166,2020-07-31,1,246,0.0040650406504065,0.00472506810301686,1.07965435565893
Livingston,2020-08-01T00:00:00.000,1,167,130,14647,14647,167,2020-08-01,1,130,0.00769230769230769,0.00458947393683178,1.07641723227508
Livingston,2020-08-02T00:00:00.000,0,167,141,14788,14788,167,2020-08-02,0,141,0,0.00445837027165336,0
Livingston,2020-08-03T00:00:00.000,3,170,109,14897,14897,170,2020-08-03,3,109,0.0275229357798165,0.00433202269502379,3.20257229866778
Livingston,2020-08-04T00:00:00.000,1,171,169,15066,15066,171,2020-08-04,1,169,0.00591715976331361,0.00421060732728015,1.06250751381011
Livingston,2020-08-05T00:00:00.000,2,173,222,15288,15288,173,2020-08-05,2,222,0.00900900900900901,0.00409422209063563,2.11427815475041
Livingston,2020-08-06T00:00:00.000,1,174,321,15609,15609,174,2020-08-06,1,321,0.00311526479750779,0.00398289769719263,1.05470470878458
Livingston,2020-08-07T00:00:00.000,2,176,172,15781,15781,176,2020-08-07,2,172,0.0116279069767442,0.00387660815037399,2.10766707497801
Livingston,2020-08-08T00:00:00.000,0,176,174,15955,15955,176,2020-08-08,0,174,0,0.00377528061752714,0
Livingston,2020-08-09T00:00:00.000,0,176,185,16140,16140,176,2020-08-09,0,185,0,0.00367880458414521,0
Livingston,2020-08-10T00:00:00.000,0,176,146,16286,16286,176,2020-08-10,0,146,0,0.00358704024169022,0
Livingston,2020-08-11T00:00:00.000,0,176,188,16474,16474,176,2020-08-11,0,188,0,0.00349982609489936,0
Livingston,2020-08-12T00:00:00.000,0,176,249,16723,16723,176,2020-08-12,0,249,0,0.0034169857982291,0
Livingston,2020-08-13T00:00:00.000,2,178,290,17013,17013,178,2020-08-13,2,290,0.00689655172413793,0.00333833424784888,2.08742454087605
Livingston,2020-08-14T00:00:00.000,0,178,223,17236,17236,178,2020-08-14,0,223,0,0.00326368296661851,0
Livingston,2020-08-15T00:00:00.000,0,178,199,17435,17435,178,2020-08-15,0,199,0,0.00319284482548468,0
Livingston,2020-08-16T00:00:00.000,0,178,105,17540,17540,178,2020-08-16,0,105,0,0.00312563814618459,0
Livingston,2020-08-17T00:00:00.000,0,178,183,17723,17723,178,2020-08-17,0,183,0,0.00306189023109969,0
Livingston,2020-08-18T00:00:00.000,0,178,160,17883,17883,178,2020-08-18,0,160,0,0.00300144036344729,0
Livingston,2020-08-19T00:00:00.000,0,178,144,18027,18027,178,2020-08-19,0,144,0,0.00294414231877015,0
Livingston,2020-08-20T00:00:00.000,0,178,424,18451,18451,178,2020-08-20,0,424,0,0.00288986642677432,0
Livingston,2020-08-21T00:00:00.000,1,179,188,18639,18639,179,2020-08-21,1,188,0.00531914893617021,0.00283850121999109,1.03735868759007
Livingston,2020-08-22T00:00:00.000,1,180,255,18894,18894,180,2020-08-22,1,255,0.00392156862745098,0.00278995470443686,1.03578549337285
Livingston,2020-08-23T00:00:00.000,0,180,185,19079,19079,180,2020-08-23,0,185,0,0.0027441552880545,0
Livingston,2020-08-24T00:00:00.000,1,181,133,19212,19212,181,2020-08-24,1,133,0.0075187969924812,0.00270105240198188,1.03546673196208
Livingston,2020-08-25T00:00:00.000,0,181,195,19407,19407,181,2020-08-25,0,195,0,0.00266061685236043,0
Livingston,2020-08-26T00:00:00.000,0,181,167,19574,19574,181,2020-08-26,0,167,0,0.00262284094162866,0
Livingston,2020-08-27T00:00:00.000,0,181,253,19827,19827,181,2020-08-27,0,253,0,0.00258773840118599,0
Livingston,2020-08-28T00:00:00.000,1,182,238,20065,20065,182,2020-08-28,1,238,0.00420168067226891,0.00255534417931956,1.02992181150931
Livingston,2020-08-29T00:00:00.000,0,182,223,20288,20288,182,2020-08-29,0,223,0,0.00252571413118898,0
Livingston,2020-08-30T00:00:00.000,1,183,94,20382,20382,183,2020-08-30,1,94,0.0106382978723404,0.00249892465854928,1.03295457785825
Livingston,2020-08-31T00:00:00.000,0,183,143,20525,20525,183,2020-08-31,0,143,0,0.00247507234859454,0
Livingston,2020-09-01T00:00:00.000,1,184,141,20666,20666,184,2020-09-01,1,141,0.00709219858156028,0.00245427366080682,1.03613825146073
Livingston,2020-09-02T00:00:00.000,3,187,152,20818,20818,187,2020-09-02,3,152,0.0197368421052632,0.00243666470993783,3.11331632734216
Livingston,2020-09-03T00:00:00.000,1,188,146,20964,20964,188,2020-09-03,1,146,0.00684931506849315,0.00242240119076575,1.03942531000567
Livingston,2020-09-04T00:00:00.000,0,188,289,21253,21253,188,2020-09-04,0,289,0,0.00241165848747086,0
Livingston,2020-09-05T00:00:00.000,1,189,200,21453,21453,189,2020-09-05,1,200,0.005,0.00240463200586707,1.04275980690131
Livingston,2020-09-06T00:00:00.000,0,189,141,21594,21594,189,2020-09-06,0,141,0,0.00240153776192491,0
Livingston,2020-09-07T00:00:00.000,0,189,78,21672,21672,189,2020-09-07,0,78,0,0.00240261325397044,0
Livingston,2020-09-08T00:00:00.000,1,190,169,21841,21841,190,2020-09-08,1,169,0.00591715976331361,0.00240811863983583,1.0474588912907
Livingston,2020-09-09T00:00:00.000,0,190,102,21943,21943,190,2020-09-09,0,102,0,0.00241833823272148,0
Livingston,2020-09-10T00:00:00.000,0,190,54,21997,21997,190,2020-09-10,0,54,0,0.00243358232269183,0
Livingston,2020-09-11T00:00:00.000,4,194,177,22174,22174,194,2020-09-11,4,177,0.0225988700564972,0.0024541893221466,4.21096502416975
Livingston,2020-09-12T00:00:00.000,2,196,91,22265,22265,196,2020-09-12,2,91,0.021978021978022,0.002480528225307,2.11230374671321
Livingston,2020-09-13T00:00:00.000,0,196,178,22443,22443,196,2020-09-13,0,178,0,0.00251300136191054,0
Livingston,2020-09-14T00:00:00.000,0,196,229,22672,22672,196,2020-09-14,0,229,0,0.00255204741503064,0
Livingston,2020-09-15T00:00:00.000,1,197,270,22942,22942,197,2020-09-15,1,270,0.0037037037037037,0.0025981446603202,1.06587540902784
Livingston,2020-09-16T00:00:00.000,2,199,239,23181,23181,199,2020-09-16,2,239,0.00836820083682008,0.00265181437024908,2.13776201736249
Livingston,2020-09-17T00:00:00.000,2,201,450,23631,23631,201,2020-09-17,2,450,0.00444444444444444,0.00271362431026377,2.1434633147463
Livingston,2020-09-18T00:00:00.000,0,201,209,23840,23840,201,2020-09-18,0,209,0,0.0027841922343866,0
Livingston,2020-09-19T00:00:00.000,0,201,418,24258,24258,201,2020-09-19,0,418,0,0.00286418926560534,0
Livingston,2020-09-20T00:00:00.000,0,201,157,24415,24415,201,2020-09-20,0,157,0,0.00295434301936425,0
Livingston,2020-09-21T00:00:00.000,1,202,376,24791,24791,202,2020-09-21,1,376,0.00265957446808511,0.00305544029964248,1.07710203690542
Livingston,2020-09-22T00:00:00.000,0,202,151,24942,24942,202,2020-09-22,0,151,0,0.00316832916209839,0
Livingston,2020-09-23T00:00:00.000,3,205,227,25169,25169,205,2020-09-23,3,227,0.013215859030837,0.00329392010266345,3.23196986525157
Livingston,2020-09-24T00:00:00.000,1,206,288,25457,25457,206,2020-09-24,1,288,0.00347222222222222,0.00343318609007997,1.07703198227424
Livingston,2020-09-25T00:00:00.000,1,207,203,25660,25660,207,2020-09-25,1,203,0.00492610837438424,0.00358716111997755,1.08007698402589
Livingston,2020-09-26T00:00:00.000,0,207,205,25865,25865,207,2020-09-26,0,205,0,0.00375693692917135,0
Livingston,2020-09-27T00:00:00.000,0,207,158,26023,26023,207,2020-09-27,0,158,0,0.00394365747288957,0
Livingston,2020-09-28T00:00:00.000,0,207,160,26183,26183,207,2020-09-28,0,160,0,0.00414851073986969,0
Livingston,2020-09-29T00:00:00.000,1,208,598,26781,26781,208,2020-09-29,1,598,0.00167224080267559,0.00437271746567182,1.10180408510864
Livingston,2020-09-30T00:00:00.000,0,208,464,27245,27245,208,2020-09-30,0,464,0,0.00461751630692385,0
Livingston,2020-10-01T00:00:00.000,1,209,357,27602,27602,209,2020-10-01,1,357,0.00280112044817927,0.00488414506756483,1.11081043619904
Livingston,2020-10-02T00:00:00.000,1,210,230,27832,27832,210,2020-10-02,1,230,0.00434782608695652,0.00517381762732941,1.11480382913835
Livingston,2020-10-03T00:00:00.000,1,211,181,28013,28013,211,2020-10-03,1,181,0.00552486187845304,0.00548769631968286,1.11844279330004
Livingston,2020-10-04T00:00:00.000,0,211,97,28110,28110,211,2020-10-04,0,97,0,0.0058268596487549,0
Livingston,2020-10-05T00:00:00.000,1,212,305,28415,28415,212,2020-10-05,1,305,0.00327868852459016,0.00619226542519349,1.12461899569232
Livingston,2020-10-06T00:00:00.000,1,213,556,28971,28971,213,2020-10-06,1,556,0.00179856115107914,0.0065847096416883,1.12713904685117
Livingston,2020-10-07T00:00:00.000,3,216,196,29167,29167,216,2020-10-07,3,196,0.0153061224489796,0.0070047816987483,3.38781075690571
Livingston,2020-10-08T00:00:00.000,3,219,643,29810,29810,219,2020-10-08,3,643,0.0046656298600311,0.00745281692252771,3.39301797413062
Livingston,2020-10-09T00:00:00.000,0,219,218,30028,30028,219,2020-10-09,0,218,0,0.0079288476763968,0
Livingston,2020-10-10T00:00:00.000,3,222,297,30325,30325,222,2020-10-10,3,297,0.0101010101010101,0.00843255473793497,3.39912687369482
Livingston,2020-10-11T00:00:00.000,3,225,223,30548,30548,225,2020-10-11,3,223,0.0134529147982063,0.00896322096573078,3.40037074320349
Livingston,2020-10-12T00:00:00.000,2,227,235,30783,30783,227,2020-10-12,2,235,0.00851063829787234,0.00951968958764121,2.26694550953138
Livingston,2020-10-13T00:00:00.000,0,227,453,31236,31236,227,2020-10-13,0,453,0,0.0101003296637552,0
Livingston,2020-10-14T00:00:00.000,5,232,205,31441,31441,232,2020-10-14,5,205,0.024390243902439,0.0107030113831269,5.66633067269678
Livingston,2020-10-15T00:00:00.000,2,234,218,31659,31659,234,2020-10-15,2,218,0.00917431192660551,0.0113250938030458,2.26773264154383
Livingston,2020-10-16T00:00:00.000,5,239,373,32032,32032,239,2020-10-16,5,373,0.0134048257372654,0.0119634274124812,5.6810648938657
Livingston,2020-10-17T00:00:00.000,0,239,170,32202,32202,239,2020-10-17,0,170,0,0.0126143734757868,0
Livingston,2020-10-18T00:00:00.000,4,243,249,32451,32451,243,2020-10-18,4,249,0.0160642570281124,0.0132738414925704,4.56485972810841
Livingston,2020-10-19T00:00:00.000,7,250,315,32766,32766,250,2020-10-19,7,315,0.0222222222222222,0.0139373453125593,8.01050694453045
Livingston,2020-10-20T00:00:00.000,6,256,174,32940,32940,256,2020-10-20,6,174,0.0344827586206897,0.0146000775022133,6.89083746302712
Livingston,2020-10-21T00:00:00.000,5,261,569,33509,33509,261,2020-10-21,5,569,0.00878734622144113,0.0152570005381865,5.76104655617226
Livingston,2020-10-22T00:00:00.000,5,266,285,33794,33794,266,2020-10-22,5,285,0.0175438596491228,0.0159029523621631,5.78003948827922
Livingston,2020-10-23T00:00:00.000,6,272,343,34137,34137,272,2020-10-23,6,343,0.0174927113702624,0.0165327628587364,6.95437196705014
Livingston,2020-10-24T00:00:00.000,8,280,269,34406,34406,280,2020-10-24,8,269,0.0297397769516729,0.0171413769930761,9.29082737349778
Livingston,2020-10-25T00:00:00.000,18,298,237,34643,34643,298,2020-10-25,18,237,0.0759493670886076,0.017723979737599,20.9316726356887
Livingston,2020-10-26T00:00:00.000,5,303,223,34866,34866,303,2020-10-26,5,223,0.0224215246636771,0.0182761175987303,5.81804588574093
Livingston,2020-10-27T00:00:00.000,2,305,175,35041,35041,305,2020-10-27,2,175,0.0114285714285714,0.0187938115408851,2.32714204087943
Livingston,2020-10-28T00:00:00.000,8,313,1042,36083,36083,313,2020-10-28,8,1042,0.00767754318618042,0.0192736564364472,9.30212116250802
Livingston,2020-10-29T00:00:00.000,14,327,386,36469,36469,327,2020-10-29,14,386,0.0362694300518135,0.0197129027910092,16.2568981693785
Livingston,2020-10-30T00:00:00.000,5,332,330,36799,36799,332,2020-10-30,5,330,0.0151515151515152,0.0201095173953785,5.79459168296558
Livingston,2020-10-31T00:00:00.000,18,350,211,37010,37010,350,2020-10-31,18,211,0.0853080568720379,0.0204622206330842,20.8066807136043
Livingston,2020-11-01T00:00:00.000,6,356,267,37277,37277,356,2020-11-01,6,267,0.0224719101123595,0.0207704993771022,6.9135906704906
Livingston,2020-11-02T00:00:00.000,3,359,271,37548,37548,359,2020-11-02,3,271,0.011070110701107,0.0210345956141481,3.44391420375377
Livingston,2020-11-03T00:00:00.000,9,368,647,38195,38195,368,2020-11-03,9,647,0.0139103554868624,0.0212554720836403,10.287789021687
Livingston,2020-11-04T00:00:00.000,7,375,447,38642,38642,375,2020-11-04,7,447,0.0156599552572707,0.0214347572074902,7.96361710773615
Livingston,2020-11-05T00:00:00.000,18,393,922,39564,39564,393,2020-11-05,18,922,0.0195227765726681,0.0215746723675316,20.3712423965683
Livingston,2020-11-06T00:00:00.000,9,402,999,40563,40563,402,2020-11-06,9,999,0.00900900900900901,0.0216779451203004,10.1282995906551
Livingston,2020-11-07T00:00:00.000,4,406,582,41145,41145,406,2020-11-07,4,582,0.00687285223367698,0.0217477121935587,4.47441746857446
Livingston,2020-11-08T00:00:00.000,2,408,109,41254,41254,408,2020-11-08,2,109,0.018348623853211,0.0217874161160853,2.22285182544863
Livingston,2020-11-09T00:00:00.000,24,432,724,41978,41978,432,2020-11-09,24,724,0.0331491712707182,0.0218006990870583,26.5032008590041
Livingston,2020-11-10T00:00:00.000,11,443,693,42671,42671,443,2020-11-10,11,693,0.0158730158730159,0.0217912972669863,12.0891753139285
Livingston,2020-11-11T00:00:00.000,8,451,242,42913,42913,451,2020-11-11,8,242,0.0330578512396694,0.0217629380883395,8.75736415206006
Livingston,2020-11-12T00:00:00.000,15,466,613,43526,43526,466,2020-11-12,15,613,0.0244698205546493,0.0217192425276833,16.4090223056197
Livingston,2020-11-13T00:00:00.000,15,481,458,43984,43984,481,2020-11-13,15,458,0.0327510917030568,0.0216636335846857,16.3973736424375
Livingston,2020-11-14T00:00:00.000,7,488,187,44171,44171,488,2020-11-14,7,187,0.0374331550802139,0.0215992515374436,7.64641066668953
Livingston,2020-11-15T00:00:00.000,11,499,233,44404,44404,499,2020-11-15,11,233,0.0472103004291846,0.021528875944281,12.0064600821989
Livingston,2020-11-16T00:00:00.000,10,509,380,44784,44784,509,2020-11-16,10,380,0.0263157894736842,0.021454853857493,10.9061710765054
Livingston,2020-11-17T00:00:00.000,18,527,666,45450,45450,527,2020-11-17,18,666,0.027027027027027,0.0213790333522652,19.6147638568212
Livingston,2020-11-18T00:00:00.000,15,542,1293,46743,46743,542,2020-11-18,15,1293,0.0116009280742459,0.0213027012715742,16.3316146661912
Madison,2020-03-01T00:00:00.000,0,0,0,0,0,0,2020-03-01,0,0,0,0.267131716910332,0
Madison,2020-03-02T00:00:00.000,0,0,0,0,0,0,2020-03-02,0,0,0,0.259137817397892,0
Madison,2020-03-03T00:00:00.000,0,0,0,0,0,0,2020-03-03,0,0,0,0.251306397025481,0
Madison,2020-03-04T00:00:00.000,0,0,0,0,0,0,2020-03-04,0,0,0,0.243647449129946,0
Madison,2020-03-05T00:00:00.000,0,0,0,0,0,0,2020-03-05,0,0,0,0.236173365172885,0
Madison,2020-03-06T00:00:00.000,0,0,0,0,0,0,2020-03-06,0,0,0,0.228898106878266,0
Madison,2020-03-07T00:00:00.000,0,0,0,0,0,0,2020-03-07,0,0,0,0.221836458915945,0
Madison,2020-03-08T00:00:00.000,0,0,0,0,0,0,2020-03-08,0,0,0,0.215003369654678,0
Madison,2020-03-09T00:00:00.000,0,0,0,0,0,0,2020-03-09,0,0,0,0.208413385189181,0
Madison,2020-03-10T00:00:00.000,0,0,0,0,0,0,2020-03-10,0,0,0,0.202080179107048,0
Madison,2020-03-11T00:00:00.000,0,0,0,0,0,0,2020-03-11,0,0,0,0.196016177575799,0
Madison,2020-03-12T00:00:00.000,0,0,0,0,0,0,2020-03-12,0,0,0,0.190232276463118,0
Madison,2020-03-13T00:00:00.000,0,0,1,1,1,0,2020-03-13,0,1,0,0.184737644586208,0
Madison,2020-03-14T00:00:00.000,0,0,1,2,2,0,2020-03-14,0,1,0,0.179539604974478,0
Madison,2020-03-15T00:00:00.000,0,0,1,3,3,0,2020-03-15,0,1,0,0.174643584316992,0
Madison,2020-03-16T00:00:00.000,0,0,1,4,4,0,2020-03-16,0,1,0,0.170053119651829,0
Madison,2020-03-17T00:00:00.000,0,0,0,4,4,0,2020-03-17,0,0,0,0.165769910790234,0
Madison,2020-03-18T00:00:00.000,0,0,7,11,11,0,2020-03-18,0,7,0,0.16179390698198,0
Madison,2020-03-19T00:00:00.000,0,0,4,15,15,0,2020-03-19,0,4,0,0.158123416784423,0
Madison,2020-03-20T00:00:00.000,0,0,9,24,24,0,2020-03-20,0,9,0,0.154755230968404,0
Madison,2020-03-21T00:00:00.000,1,1,9,33,33,1,2020-03-21,1,9,0.111111111111111,0.151684749425173,1.2423419596874
Madison,2020-03-22T00:00:00.000,3,4,14,47,47,4,2020-03-22,3,14,0.214285714285714,0.148906104374342,3.66885761905705
Madison,2020-03-23T00:00:00.000,1,5,10,57,57,5,2020-03-23,1,10,0.1,0.146412273596381,1.21412088607989
Madison,2020-03-24T00:00:00.000,2,7,15,72,72,7,2020-03-24,2,15,0.133333333333333,0.144195178871274,2.40833811868073
Madison,2020-03-25T00:00:00.000,2,9,28,100,100,9,2020-03-25,2,28,0.0714285714285714,0.142245766227298,2.38619390963436
Madison,2020-03-26T00:00:00.000,8,17,23,123,123,17,2020-03-26,8,23,0.347826086956522,0.140554065959356,9.45581870853438
Madison,2020-03-27T00:00:00.000,2,19,28,151,151,19,2020-03-27,2,28,0.0714285714285714,0.139109231640719,2.36146740210907
Madison,2020-03-28T00:00:00.000,5,24,34,185,185,24,2020-03-28,5,34,0.147058823529412,0.137899558516692,5.87274690618596
Madison,2020-03-29T00:00:00.000,10,34,30,215,215,34,2020-03-29,10,30,0.333333333333333,0.136912482719801,11.6743668596036
Madison,2020-03-30T00:00:00.000,7,41,39,254,254,41,2020-03-30,7,39,0.179487179487179,0.136134563710913,8.12483716776486
Madison,2020-03-31T00:00:00.000,10,51,55,309,309,51,2020-03-31,10,55,0.181818181818182,0.135551453204529,11.5686026256309
Madison,2020-04-01T00:00:00.000,9,60,67,376,376,60,2020-04-01,9,67,0.134328358208955,0.135147854604642,10.4310880831327
Madison,2020-04-02T00:00:00.000,10,70,70,446,446,70,2020-04-02,10,70,0.142857142857143,0.134907477642986,11.6084187377766
Madison,2020-04-03T00:00:00.000,4,74,20,466,466,74,2020-04-03,4,20,0.2,0.134812993476476,4.64963535980032
Madison,2020-04-04T00:00:00.000,5,79,28,494,494,79,2020-04-04,5,28,0.178571428571429,0.134845995935617,5.81878499224326
Madison,2020-04-05T00:00:00.000,3,82,13,507,507,82,2020-04-05,3,13,0.230769230769231,0.134986974915782,3.49441884192207
Madison,2020-04-06T00:00:00.000,6,88,64,571,571,88,2020-04-06,6,64,0.09375,0.135215308031103,6.99425884050426
Madison,2020-04-07T00:00:00.000,2,90,43,614,614,90,2020-04-07,2,43,0.0465116279069767,0.135509276576107,2.33308308628336
Madison,2020-04-08T00:00:00.000,1,91,12,626,626,91,2020-04-08,1,12,0.0833333333333333,0.135846111547071,1.16744896489905
Madison,2020-04-09T00:00:00.000,8,99,54,680,680,99,2020-04-09,8,54,0.148148148148148,0.136202074930258,9.36738423131889
Madison,2020-04-10T00:00:00.000,0,99,7,687,687,99,2020-04-10,0,7,0,0.136552580648479,0
Madison,2020-04-11T00:00:00.000,2,101,9,696,696,101,2020-04-11,2,9,0.222222222222222,0.136872358491644,2.35330734163407
Madison,2020-04-12T00:00:00.000,0,101,7,703,703,101,2020-04-12,0,7,0,0.137135663009595,0
Madison,2020-04-13T00:00:00.000,3,104,50,753,753,104,2020-04-13,3,50,0.06,0.137316527792949,3.54424154606645
Madison,2020-04-14T00:00:00.000,1,105,4,757,757,105,2020-04-14,1,4,0.25,0.137389063801215,1.18521342953709
Madison,2020-04-15T00:00:00.000,0,105,7,764,764,105,2020-04-15,0,7,0,0.137327798517868,0
Madison,2020-04-16T00:00:00.000,0,105,2,766,766,105,2020-04-16,0,2,0,0.137108050744511,0
Madison,2020-04-17T00:00:00.000,0,105,6,772,772,105,2020-04-17,0,6,0,0.13670633390122,0
Madison,2020-04-18T00:00:00.000,1,106,7,779,779,106,2020-04-18,1,7,0.142857142857143,0.136100778832187,1.20438748637844
Madison,2020-04-19T00:00:00.000,0,106,4,783,783,106,2020-04-19,0,4,0,0.135271565411111,0
Madison,2020-04-20T00:00:00.000,0,106,1,784,784,106,2020-04-20,0,1,0,0.134201350788656,0
Madison,2020-04-21T00:00:00.000,0,106,3,787,787,106,2020-04-21,0,3,0,0.132875680975365,0
Madison,2020-04-22T00:00:00.000,0,106,7,794,794,106,2020-04-22,0,7,0,0.131283371702769,0
Madison,2020-04-23T00:00:00.000,0,106,4,798,798,106,2020-04-23,0,4,0,0.129416844206706,0
Madison,2020-04-24T00:00:00.000,15,121,294,1092,1092,121,2020-04-24,15,294,0.0510204081632653,0.127272401786217,18.6744715022814
Madison,2020-04-25T00:00:00.000,2,123,22,1114,1114,123,2020-04-25,2,22,0.0909090909090909,0.124850433788056,2.50231615725151
Madison,2020-04-26T00:00:00.000,1,124,16,1130,1130,124,2020-04-26,1,16,0.0625,0.122155535067094,1.25708702250146
Madison,2020-04-27T00:00:00.000,2,126,26,1156,1156,126,2020-04-27,2,26,0.0769230769230769,0.11919653103957,2.52542850238142
Madison,2020-04-28T00:00:00.000,0,126,47,1203,1203,126,2020-04-28,0,47,0,0.115986401153553,0
Madison,2020-04-29T00:00:00.000,5,131,12,1215,1215,131,2020-04-29,5,12,0.416666666666667,0.112542096944606,6.36250213193742
Madison,2020-04-30T00:00:00.000,8,139,51,1266,1266,139,2020-04-30,8,51,0.156862745098039,0.108884254725826,10.2140987762144
Madison,2020-05-01T00:00:00.000,10,149,54,1320,1320,149,2020-05-01,10,54,0.185185185185185,0.105036807245283,12.8058430680714
Madison,2020-05-02T00:00:00.000,2,151,26,1346,1346,151,2020-05-02,2,26,0.0769230769230769,0.101026503141547,2.56788083788987
Madison,2020-05-03T00:00:00.000,66,217,141,1487,1487,217,2020-05-03,66,141,0.468085106382979,0.0968823474649519,85.064237983865
Madison,2020-05-04T00:00:00.000,6,223,43,1530,1530,223,2020-05-04,6,43,0.13953488372093,0.0926349806220646,7.78606834053465
Madison,2020-05-05T00:00:00.000,8,231,192,1722,1722,231,2020-05-05,8,192,0.0416666666666667,0.088316016524154,10.424016596893
Madison,2020-05-06T00:00:00.000,15,246,204,1926,1926,246,2020-05-06,15,204,0.0735294117647059,0.0839573631607575,19.6079469724347
Madison,2020-05-07T00:00:00.000,3,249,95,2021,2021,249,2020-05-07,3,95,0.0315789473684211,0.0795905500476287,3.93075168400996
Madison,2020-05-08T00:00:00.000,1,250,50,2071,2071,250,2020-05-08,1,50,0.02,0.0752460868282722,1.31038363715375
Madison,2020-05-09T00:00:00.000,1,251,37,2108,2108,251,2020-05-09,1,37,0.027027027027027,0.0709528757048485,1.30949168178554
Madison,2020-05-10T00:00:00.000,0,251,23,2131,2131,251,2020-05-10,0,23,0,0.0667376974171853,0
Madison,2020-05-11T00:00:00.000,0,251,17,2148,2148,251,2020-05-11,0,17,0,0.0626247863867356,0
Madison,2020-05-12T00:00:00.000,2,253,79,2227,2227,253,2020-05-12,2,79,0.0253164556962025,0.0586355057148407,2.62573439053359
Madison,2020-05-13T00:00:00.000,2,255,61,2288,2288,255,2020-05-13,2,61,0.0327868852459016,0.0547881273669428,2.62985986245038
Madison,2020-05-14T00:00:00.000,1,256,30,2318,2318,256,2020-05-14,1,30,0.0333333333333333,0.0510977175033972,1.31640515607355
Madison,2020-05-15T00:00:00.000,2,258,53,2371,2371,258,2020-05-15,2,53,0.0377358490566038,0.0475761219328537,2.63456149392093
Madison,2020-05-16T00:00:00.000,0,258,56,2427,2427,258,2020-05-16,0,56,0,0.0442320424104149,0
Madison,2020-05-17T00:00:00.000,0,258,44,2471,2471,258,2020-05-17,0,44,0,0.0410711912141871,0
Madison,2020-05-18T00:00:00.000,2,260,103,2574,2574,260,2020-05-18,2,103,0.0194174757281553,0.0380965092555676,2.65539447852167
Madison,2020-05-19T00:00:00.000,32,292,201,2775,2775,292,2020-05-19,32,201,0.159203980099502,0.0353084319182131,42.6995649737203
Madison,2020-05-20T00:00:00.000,2,294,101,2876,2876,294,2020-05-20,2,101,0.0198019801980198,0.0327051868147713,2.68027658307349
Madison,2020-05-21T00:00:00.000,3,297,135,3011,3011,297,2020-05-21,3,135,0.0222222222222222,0.0302831085298115,4.03494237358985
Madison,2020-05-22T00:00:00.000,4,301,200,3211,3211,301,2020-05-22,4,200,0.02,0.0280369569882854,5.39282011591245
Madison,2020-05-23T00:00:00.000,0,301,105,3316,3316,301,2020-05-23,0,105,0,0.0259602281227276,0
Madison,2020-05-24T00:00:00.000,2,303,67,3383,3383,303,2020-05-24,2,67,0.0298507462686567,0.0240454477893822,2.68340370156673
Madison,2020-05-25T00:00:00.000,0,303,179,3562,3562,303,2020-05-25,0,179,0,0.0222844422135533,0
Madison,2020-05-26T00:00:00.000,7,310,330,3892,3892,310,2020-05-26,7,330,0.0212121212121212,0.0206685804631122,9.3088727241083
Madison,2020-05-27T00:00:00.000,0,310,67,3959,3959,310,2020-05-27,0,67,0,0.019188986448939,0
Madison,2020-05-28T00:00:00.000,0,310,141,4100,4100,310,2020-05-28,0,141,0,0.017836719652766,0
Madison,2020-05-29T00:00:00.000,1,311,187,4287,4287,311,2020-05-29,1,187,0.0053475935828877,0.0166029251567475,1.30358511498614
Madison,2020-05-30T00:00:00.000,5,316,316,4603,4603,316,2020-05-30,5,316,0.0158227848101266,0.0154789545901475,6.46505377397937
Madison,2020-05-31T00:00:00.000,0,316,138,4741,4741,316,2020-05-31,0,138,0,0.0144564603380482,0
Madison,2020-06-01T00:00:00.000,1,317,98,4839,4839,317,2020-06-01,1,98,0.0102040816326531,0.0135274658099554,1.27450929182955
Madison,2020-06-02T00:00:00.000,2,319,222,5061,5061,319,2020-06-02,2,222,0.00900900900900901,0.0126844147889371,2.53279441131185
Madison,2020-06-03T00:00:00.000,0,319,242,5303,5303,319,2020-06-03,0,242,0,0.0119202029196191,0
Madison,2020-06-04T00:00:00.000,4,323,279,5582,5582,323,2020-06-04,4,279,0.014336917562724,0.0112281942925103,4.99523875378087
Madison,2020-06-05T00:00:00.000,2,325,336,5918,5918,325,2020-06-05,2,336,0.00595238095238095,0.0106022258851268,2.48124792380187
Madison,2020-06-06T00:00:00.000,2,327,123,6041,6041,327,2020-06-06,2,123,0.016260162601626,0.0100366023608384,2.46734759759377
Madison,2020-06-07T00:00:00.000,0,327,148,6189,6189,327,2020-06-07,0,148,0,0.00952608343450666,0
Madison,2020-06-08T00:00:00.000,4,331,157,6346,6346,331,2020-06-08,4,157,0.0254777070063694,0.00906586571216112,4.87357691060732
Madison,2020-06-09T00:00:00.000,0,331,418,6764,6764,331,2020-06-09,0,418,0,0.00865156061654644,0
Madison,2020-06-10T00:00:00.000,2,333,234,6998,6998,333,2020-06-10,2,234,0.00854700854700855,0.0082791697323555,2.41931229089965
Madison,2020-06-11T00:00:00.000,0,333,184,7182,7182,333,2020-06-11,0,184,0,0.0079450586523406,0
Madison,2020-06-12T00:00:00.000,0,333,121,7303,7303,333,2020-06-12,0,121,0,0.0076459301815137,0
Madison,2020-06-13T00:00:00.000,1,334,297,7600,7600,334,2020-06-13,1,297,0.00336700336700337,0.00737879756251495,1.20422532028617
Madison,2020-06-14T00:00:00.000,1,335,78,7678,7678,335,2020-06-14,1,78,0.0128205128205128,0.00714095822080701,1.20225078528857
Madison,2020-06-15T00:00:00.000,1,336,191,7869,7869,336,2020-06-15,1,191,0.00523560209424084,0.00692996839152056,1.20020482809591
Madison,2020-06-16T00:00:00.000,2,338,104,7973,7973,338,2020-06-16,2,104,0.0192307692307692,0.00674361887841821,2.39618490817802
Madison,2020-06-17T00:00:00.000,3,341,186,8159,8159,341,2020-06-17,3,186,0.0161290322580645,0.00657991210642295,3.58775259156556
Madison,2020-06-18T00:00:00.000,1,342,253,8412,8412,342,2020-06-18,1,253,0.00395256916996047,0.00643704055962155,1.193630758
Madison,2020-06-19T00:00:00.000,1,343,242,8654,8654,343,2020-06-19,1,242,0.00413223140495868,0.00631336664392486,1.19129524797641
Madison,2020-06-20T00:00:00.000,2,345,137,8791,8791,345,2020-06-20,2,137,0.0145985401459854,0.00620740397449159,2.37782319507302
Madison,2020-06-21T00:00:00.000,2,347,126,8917,8917,347,2020-06-21,2,126,0.0158730158730159,0.00611780006059457,2.37295882018239
Madison,2020-06-22T00:00:00.000,0,347,204,9121,9121,347,2020-06-22,0,204,0,0.00604332034232172,0
Madison,2020-06-23T00:00:00.000,0,347,194,9315,9315,347,2020-06-23,0,194,0,0.0059828335226105,0
Madison,2020-06-24T00:00:00.000,2,349,174,9489,9489,349,2020-06-24,2,174,0.0114942528735632,0.00593529813267897,2.35774856156873
Madison,2020-06-25T00:00:00.000,2,351,278,9767,9767,351,2020-06-25,2,278,0.00719424460431655,0.00589975026829414,2.35245353837186
Madison,2020-06-26T00:00:00.000,0,351,229,9996,9996,351,2020-06-26,0,229,0,0.00587529243586619,0
Madison,2020-06-27T00:00:00.000,1,352,90,10086,10086,352,2020-06-27,1,90,0.0111111111111111,0.00586108345195575,1.17073944206054
Madison,2020-06-28T00:00:00.000,1,353,130,10216,10216,353,2020-06-28,1,130,0.00769230769230769,0.00585632934487873,1.16789029215087
Madison,2020-06-29T00:00:00.000,4,357,123,10339,10339,357,2020-06-29,4,123,0.032520325203252,0.00586027521301166,4.65985682528878
Madison,2020-06-30T00:00:00.000,0,357,233,10572,10572,357,2020-06-30,0,233,0,0.00587219800038878,0
Madison,2020-07-01T00:00:00.000,2,359,188,10760,10760,359,2020-07-01,2,188,0.0106382978723404,0.00589140015540798,2.31772189209429
Madison,2020-07-02T00:00:00.000,1,360,148,10908,10908,360,2020-07-02,1,148,0.00675675675675676,0.00591720414302002,1.15567381910263
Madison,2020-07-03T00:00:00.000,3,363,182,11090,11090,363,2020-07-03,3,182,0.0164835164835165,0.00594894778433455,3.45250277212375
Madison,2020-07-04T00:00:00.000,0,363,111,11201,11201,363,2020-07-04,0,111,0,0.00598598039941311,0
Madison,2020-07-05T00:00:00.000,1,364,96,11297,11297,364,2020-07-05,1,96,0.0104166666666667,0.00602765973002517,1.14551546545637
Madison,2020-07-06T00:00:00.000,3,367,255,11552,11552,367,2020-07-06,3,255,0.0117647058823529,0.00607334961826426,3.42640006700097
Madison,2020-07-07T00:00:00.000,1,368,307,11859,11859,368,2020-07-07,1,307,0.00325732899022801,0.00612241841488207,1.1405922317046
Madison,2020-07-08T00:00:00.000,0,368,189,12048,12048,368,2020-07-08,0,189,0,0.00617423808796758,0
Madison,2020-07-09T00:00:00.000,3,371,144,12192,12192,371,2020-07-09,3,144,0.0208333333333333,0.00622818399800455,3.41013072087001
Madison,2020-07-10T00:00:00.000,3,374,159,12351,12351,374,2020-07-10,3,159,0.0188679245283019,0.00628363530027047,3.40367072632363
Madison,2020-07-11T00:00:00.000,0,374,121,12472,12472,374,2020-07-11,0,121,0,0.00633997592959466,0
Madison,2020-07-12T00:00:00.000,1,375,331,12803,12803,375,2020-07-12,1,331,0.00302114803625378,0.0063965961162896,1.12986661187022
Madison,2020-07-13T00:00:00.000,1,376,214,13017,13017,376,2020-07-13,1,214,0.00467289719626168,0.00645289437622466,1.12734607370039
Madison,2020-07-14T00:00:00.000,0,376,255,13272,13272,376,2020-07-14,0,255,0,0.00650827991187016,0
Madison,2020-07-15T00:00:00.000,1,377,221,13493,13493,377,2020-07-15,1,221,0.00452488687782805,0.00656217535644456,1.122000375667
Madison,2020-07-16T00:00:00.000,2,379,206,13699,13699,379,2020-07-16,2,206,0.00970873786407767,0.00661401978873619,2.23839049862003
Madison,2020-07-17T00:00:00.000,3,382,256,13955,13955,382,2020-07-17,3,256,0.01171875,0.00666327194336356,3.35360114397386
Madison,2020-07-18T00:00:00.000,1,383,70,14025,14025,383,2020-07-18,1,70,0.0142857142857143,0.00670941353938709,1.11952143758301
Madison,2020-07-19T00:00:00.000,1,384,186,14211,14211,384,2020-07-19,1,186,0.00537634408602151,0.0067519526499717,1.12063840381927
Madison,2020-07-20T00:00:00.000,3,387,197,14408,14408,387,2020-07-20,3,197,0.0152284263959391,0.00679042703691658,3.36361626560434
Madison,2020-07-21T00:00:00.000,1,388,286,14694,14694,388,2020-07-21,1,286,0.0034965034965035,0.0068244073768789,1.1210804665392
Madison,2020-07-22T00:00:00.000,0,388,163,14857,14857,388,2020-07-22,0,163,0,0.00685350030981437,0
Madison,2020-07-23T00:00:00.000,2,390,406,15263,15263,390,2020-07-23,2,406,0.00492610837438424,0.00687735124620702,2.23799943725387
Madison,2020-07-24T00:00:00.000,0,390,152,15415,15415,390,2020-07-24,0,152,0,0.00689564687580862,0
Madison,2020-07-25T00:00:00.000,0,390,185,15600,15600,390,2020-07-25,0,185,0,0.00690811732848085,0
Madison,2020-07-26T00:00:00.000,0,390,120,15720,15720,390,2020-07-26,0,120,0,0.00691453794598527,0
Madison,2020-07-27T00:00:00.000,1,391,156,15876,15876,391,2020-07-27,1,156,0.00641025641025641,0.00691473063227577,1.12608746525858
Madison,2020-07-28T00:00:00.000,2,393,304,16180,16180,393,2020-07-28,2,304,0.00657894736842105,0.00690856475894884,2.25153690344538
Madison,2020-07-29T00:00:00.000,3,396,162,16342,16342,396,2020-07-29,3,162,0.0185185185185185,0.00689595761168797,3.37375181528097
Madison,2020-07-30T00:00:00.000,2,398,250,16592,16592,398,2020-07-30,2,250,0.008,0.00687687437204553,2.24502157271708
Madison,2020-07-31T00:00:00.000,1,399,187,16779,16779,399,2020-07-31,1,187,0.0053475935828877,0.0068513276379066,1.1205246312177
Madison,2020-08-01T00:00:00.000,1,400,142,16921,16921,400,2020-08-01,1,142,0.00704225352112676,0.00681937649342676,1.11989889922104
Madison,2020-08-02T00:00:00.000,1,401,80,17001,17001,401,2020-08-02,1,80,0.0125,0.00678112514683561,1.11808607808528
Madison,2020-08-03T00:00:00.000,4,405,282,17283,17283,405,2020-08-03,4,282,0.0141843971631206,0.006736721161013,4.46286206607822
Madison,2020-08-04T00:00:00.000,1,406,202,17485,17485,406,2020-08-04,1,202,0.00495049504950495,0.00668635330733813,1.11279833678399
Madison,2020-08-05T00:00:00.000,3,409,238,17723,17723,409,2020-08-05,3,238,0.0126050420168067,0.00663024907824012,3.32804527850292
Madison,2020-08-06T00:00:00.000,3,412,374,18097,18097,412,2020-08-06,3,374,0.00802139037433155,0.00656867189810867,3.32644219922513
Madison,2020-08-07T00:00:00.000,0,412,122,18219,18219,412,2020-08-07,0,122,0,0.00650191807504413,0
Madison,2020-08-08T00:00:00.000,0,412,107,18326,18326,412,2020-08-08,0,107,0,0.00643031353849413,0
Madison,2020-08-09T00:00:00.000,0,412,78,18404,18404,412,2020-08-09,0,78,0,0.0063542104094518,0
Madison,2020-08-10T00:00:00.000,1,413,462,18866,18866,413,2020-08-10,1,462,0.00216450216450216,0.00627398345034534,1.11058856702801
Madison,2020-08-11T00:00:00.000,1,414,323,19189,19189,414,2020-08-11,1,323,0.00309597523219814,0.00619002644218046,1.10991037416583
Madison,2020-08-12T00:00:00.000,3,417,125,19314,19314,417,2020-08-12,3,125,0.024,0.00610274853569599,3.32590716202174
Madison,2020-08-13T00:00:00.000,2,419,340,19654,19654,419,2020-08-13,2,340,0.00588235294117647,0.00601257062200546,2.21392967872718
Madison,2020-08-14T00:00:00.000,2,421,268,19922,19922,421,2020-08-14,2,268,0.00746268656716418,0.00591992176646707,2.21292130272415
Madison,2020-08-15T00:00:00.000,0,421,149,20071,20071,421,2020-08-15,0,149,0,0.00582523574719257,0
Madison,2020-08-16T00:00:00.000,0,421,147,20218,20218,421,2020-08-16,0,147,0,0.00572894773639987,0
Madison,2020-08-17T00:00:00.000,2,423,302,20520,20520,423,2020-08-17,2,302,0.00662251655629139,0.00563149115993057,2.21695317187951
Madison,2020-08-18T00:00:00.000,1,424,256,20776,20776,424,2020-08-18,1,256,0.00390625,0.0055332947661569,1.10732063725816
Madison,2020-08-19T00:00:00.000,0,424,228,21004,21004,424,2020-08-19,0,228,0,0.00543477993148704,0
Madison,2020-08-20T00:00:00.000,7,431,1008,22012,22012,431,2020-08-20,7,1008,0.00694444444444444,0.00533635822554673,7.73267838544717
Madison,2020-08-21T00:00:00.000,1,432,473,22485,22485,432,2020-08-21,1,473,0.00211416490486258,0.00523842925433114,1.1029101872231
Madison,2020-08-22T00:00:00.000,0,432,111,22596,22596,432,2020-08-22,0,111,0,0.00514137879493007,0
Madison,2020-08-23T00:00:00.000,0,432,140,22736,22736,432,2020-08-23,0,140,0,0.00504557723109362,0
Madison,2020-08-24T00:00:00.000,2,434,468,23204,23204,434,2020-08-24,2,468,0.00427350427350427,0.00495137829371973,2.20031802102392
Madison,2020-08-25T00:00:00.000,1,435,236,23440,23440,435,2020-08-25,1,236,0.00423728813559322,0.00485911810631738,1.09856216796123
Madison,2020-08-26T00:00:00.000,4,439,546,23986,23986,439,2020-08-26,4,546,0.00732600732600733,0.00476911453087599,4.384553549048
Madison,2020-08-27T00:00:00.000,17,456,1671,25657,25657,456,2020-08-27,17,1671,0.0101735487731897,0.00468166680577572,18.5810512913089
Madison,2020-08-28T00:00:00.000,3,459,993,26650,26650,459,2020-08-28,3,993,0.00302114803625378,0.00459705546355576,3.27663860967165
Madison,2020-08-29T00:00:00.000,2,461,197,26847,26847,461,2020-08-29,2,197,0.0101522842639594,0.00451554251340269,2.1862341701823
Madison,2020-08-30T00:00:00.000,0,461,247,27094,27094,461,2020-08-30,0,247,0,0.00443737187016269,0
Madison,2020-08-31T00:00:00.000,0,461,272,27366,27366,461,2020-08-31,0,272,0,0.00436277000973096,0
Madison,2020-09-01T00:00:00.000,0,461,206,27572,27572,461,2020-09-01,0,206,0,0.00429194682875595,0
Madison,2020-09-02T00:00:00.000,6,467,1767,29339,29339,467,2020-09-02,6,1767,0.0033955857385399,0.00422509668549216,6.57896131537622
Madison,2020-09-03T00:00:00.000,7,474,1108,30447,30447,474,2020-09-03,7,1108,0.00631768953068592,0.00416239959779674,7.68070522255582
Madison,2020-09-04T00:00:00.000,0,474,295,30742,30742,474,2020-09-04,0,295,0,0.00410402257416601,0
Madison,2020-09-05T00:00:00.000,0,474,255,30997,30997,474,2020-09-05,0,255,0,0.00405012105373124,0
Madison,2020-09-06T00:00:00.000,1,475,77,31074,31074,475,2020-09-06,1,77,0.012987012987013,0.00400084043177034,1.09911480599132
Madison,2020-09-07T00:00:00.000,0,475,149,31223,31223,475,2020-09-07,0,149,0,0.00395631764805795,0
Madison,2020-09-08T00:00:00.000,0,475,304,31527,31527,475,2020-09-08,0,304,0,0.00391668281658294,0
Madison,2020-09-09T00:00:00.000,0,475,97,31624,31624,475,2020-09-09,0,97,0,0.00388206087623727,0
Madison,2020-09-10T00:00:00.000,1,476,362,31986,31986,476,2020-09-10,1,362,0.00276243093922652,0.0038525732436788,1.09947182739246
Madison,2020-09-11T00:00:00.000,2,478,341,32327,32327,478,2020-09-11,2,341,0.00586510263929619,0.00382833945078901,2.20121202282832
Madison,2020-09-12T00:00:00.000,0,478,260,32587,32587,478,2020-09-12,0,260,0,0.00380947875067005,0
Madison,2020-09-13T00:00:00.000,0,478,94,32681,32681,478,2020-09-13,0,94,0,0.00379611167734545,0
Madison,2020-09-14T00:00:00.000,2,480,126,32807,32807,480,2020-09-14,2,126,0.0158730158730159,0.00378836154567186,2.21112070806858
Madison,2020-09-15T00:00:00.000,0,480,362,33169,33169,480,2020-09-15,0,362,0,0.00378635587887806,0
Madison,2020-09-16T00:00:00.000,0,480,164,33333,33333,480,2020-09-16,0,164,0,0.00379022775216099,0
Madison,2020-09-17T00:00:00.000,4,484,318,33651,33651,484,2020-09-17,4,318,0.0125786163522013,0.00380011704141107,4.43374565426564
Madison,2020-09-18T00:00:00.000,2,486,284,33935,33935,486,2020-09-18,2,284,0.00704225352112676,0.00381617156663437,2.21763489132345
Madison,2020-09-19T00:00:00.000,1,487,301,34236,34236,487,2020-09-19,1,301,0.00332225913621262,0.00383854812010764,1.10780602711657
Madison,2020-09-20T00:00:00.000,1,488,110,34346,34346,488,2020-09-20,1,110,0.00909090909090909,0.00386741336924756,1.10598562564819
Madison,2020-09-21T00:00:00.000,1,489,124,34470,34470,489,2020-09-21,1,124,0.00806451612903226,0.00390294462459903,1.10379572037627
Madison,2020-09-22T00:00:00.000,0,489,389,34859,34859,489,2020-09-22,0,389,0,0.00394533046297605,0
Madison,2020-09-23T00:00:00.000,3,492,375,35234,35234,492,2020-09-23,3,375,0.008,0.00399477119606664,3.29492237627133
Madison,2020-09-24T00:00:00.000,0,492,251,35485,35485,492,2020-09-24,0,251,0,0.00405147917474583,0
Madison,2020-09-25T00:00:00.000,1,493,386,35871,35871,493,2020-09-25,1,386,0.00259067357512953,0.00411567891944443,1.09502433774626
Madison,2020-09-26T00:00:00.000,0,493,198,36069,36069,493,2020-09-26,0,198,0,0.00418760706745989,0
Madison,2020-09-27T00:00:00.000,0,493,155,36224,36224,493,2020-09-27,0,155,0,0.00426751212865733,0
Madison,2020-09-28T00:00:00.000,4,497,288,36512,36512,497,2020-09-28,4,288,0.0138888888888889,0.00435565404206528,4.40869100259198
Madison,2020-09-29T00:00:00.000,0,497,484,36996,36996,497,2020-09-29,0,484,0,0.00445230352752284,0
Madison,2020-09-30T00:00:00.000,1,498,370,37366,37366,498,2020-09-30,1,370,0.0027027027027027,0.00455774122844663,1.10503253352643
Madison,2020-10-01T00:00:00.000,3,501,367,37733,37733,501,2020-10-01,3,367,0.00817438692098093,0.00467225664462522,3.31768400980709
Madison,2020-10-02T00:00:00.000,2,503,476,38209,38209,503,2020-10-02,2,476,0.00420168067226891,0.00479614685731195,2.21277157078631
Madison,2020-10-03T00:00:00.000,0,503,140,38349,38349,503,2020-10-03,0,140,0,0.00492971505286851,0
Madison,2020-10-04T00:00:00.000,0,503,94,38443,38443,503,2020-10-04,0,94,0,0.00507326885612868,0
Madison,2020-10-05T00:00:00.000,2,505,241,38684,38684,505,2020-10-05,2,241,0.00829875518672199,0.00522711849009546,2.21144777990492
Madison,2020-10-06T00:00:00.000,0,505,469,39153,39153,505,2020-10-06,0,469,0,0.00539157478462811,0
Madison,2020-10-07T00:00:00.000,0,505,448,39601,39601,505,2020-10-07,0,448,0,0.00556694706340197,0
Madison,2020-10-08T00:00:00.000,4,509,523,40124,40124,509,2020-10-08,4,523,0.00764818355640535,0.00575354094534062,4.40845459780839
Madison,2020-10-09T00:00:00.000,0,509,377,40501,40501,509,2020-10-09,0,377,0,0.00595165610373907,0
Madison,2020-10-10T00:00:00.000,2,511,211,40712,40712,511,2020-10-10,2,211,0.00947867298578199,0.00616158403326907,2.19608647224125
Madison,2020-10-11T00:00:00.000,0,511,134,40846,40846,511,2020-10-11,0,134,0,0.00638360588143463,0
Madison,2020-10-12T00:00:00.000,4,515,376,41222,41222,515,2020-10-12,4,376,0.0106382978723404,0.00661799040698715,4.37201266529854
Madison,2020-10-13T00:00:00.000,2,517,297,41519,41519,517,2020-10-13,2,297,0.00673400673400673,0.00686499213218872,2.18033851771369
Madison,2020-10-14T00:00:00.000,4,521,638,42157,42157,521,2020-10-14,4,638,0.00626959247648903,0.00712484975926002,4.35230051469303
Madison,2020-10-15T00:00:00.000,7,528,396,42553,42553,528,2020-10-15,7,396,0.0176767676767677,0.00739778492248996,7.60616749838207
Madison,2020-10-16T00:00:00.000,3,531,520,43073,43073,531,2020-10-16,3,520,0.00576923076923077,0.00768400134701185,3.26102540290003
Madison,2020-10-17T00:00:00.000,2,533,211,43284,43284,533,2020-10-17,2,211,0.00947867298578199,0.00798368448199139,2.17570486712402
Madison,2020-10-18T00:00:00.000,3,536,123,43407,43407,536,2020-10-18,3,123,0.024390243902439,0.0082970016704019,3.26648866295332
Madison,2020-10-19T00:00:00.000,1,537,421,43828,43828,537,2020-10-19,1,421,0.00237529691211401,0.00862410290955933,1.09072520274293
Madison,2020-10-20T00:00:00.000,4,541,691,44519,44519,541,2020-10-20,4,691,0.00578871201157742,0.00896512224541585,4.37522964061196
Madison,2020-10-21T00:00:00.000,4,545,512,45031,45031,545,2020-10-21,4,512,0.0078125,0.0093201798307637,4.38719446207827
Madison,2020-10-22T00:00:00.000,7,552,552,45583,45583,552,2020-10-22,7,552,0.0126811594202899,0.00968938466184398,7.70088583538887
Madison,2020-10-23T00:00:00.000,5,557,472,46055,46055,557,2020-10-23,5,472,0.0105932203389831,0.0100728379907056,5.51514977644471
Madison,2020-10-24T00:00:00.000,2,559,212,46267,46267,559,2020-10-24,2,212,0.00943396226415094,0.0104706373923007,2.21099184546659
Madison,2020-10-25T00:00:00.000,0,559,99,46366,46366,559,2020-10-25,0,99,0,0.0108828814456546,0
Madison,2020-10-26T00:00:00.000,4,563,279,46645,46645,563,2020-10-26,4,279,0.014336917562724,0.0113096749697781,4.43632900996324
Madison,2020-10-27T00:00:00.000,2,565,444,47089,47089,565,2020-10-27,2,444,0.0045045045045045,0.0117511347350189,2.22039062915475
Madison,2020-10-28T00:00:00.000,5,570,351,47440,47440,570,2020-10-28,5,351,0.0142450142450142,0.0122073955540814,5.5542816666562
Madison,2020-10-29T00:00:00.000,7,577,531,47971,47971,577,2020-10-29,7,531,0.0131826741996234,0.0126786166394893,7.77749639954682
Madison,2020-10-30T00:00:00.000,7,584,521,48492,48492,584,2020-10-30,7,521,0.0134357005758157,0.0131649881015439,7.77593741847367
Madison,2020-10-31T00:00:00.000,9,593,241,48733,48733,593,2020-10-31,9,241,0.037344398340249,0.0136667374480583,9.99180652303619
Madison,2020-11-01T00:00:00.000,4,597,176,48909,48909,597,2020-11-01,4,176,0.0227272727272727,0.0141841359395766,4.43657674565642
Madison,2020-11-02T00:00:00.000,4,601,314,49223,49223,601,2020-11-02,4,314,0.0127388535031847,0.0147175046463762,4.43078892639805
Madison,2020-11-03T00:00:00.000,8,609,302,49525,49525,609,2020-11-03,8,302,0.0264900662251656,0.0152672200508388,8.84704931036819
Madison,2020-11-04T00:00:00.000,7,616,722,50247,50247,616,2020-11-04,7,722,0.00969529085872576,0.0158337190369091,7.7260374236148
Madison,2020-11-05T00:00:00.000,11,627,573,50820,50820,627,2020-11-05,11,573,0.0191972076788831,0.0164175031087577,12.1136211277497
Madison,2020-11-06T00:00:00.000,16,643,515,51335,51335,643,2020-11-06,16,515,0.0310679611650485,0.0170191416829676,17.5754302908839
Madison,2020-11-07T00:00:00.000,9,652,287,51622,51622,652,2020-11-07,9,287,0.0313588850174216,0.0176392742998203,9.85883807448422
Madison,2020-11-08T00:00:00.000,6,658,209,51831,51831,658,2020-11-08,6,209,0.0287081339712919,0.0182786116027282,6.55247716498989
Madison,2020-11-09T00:00:00.000,8,666,334,52165,52165,666,2020-11-09,8,334,0.0239520958083832,0.0189379349349437,8.71090531684595
Madison,2020-11-10T00:00:00.000,6,672,798,52963,52963,672,2020-11-10,6,798,0.0075187969924812,0.0196180944040333,6.5251817726058
Madison,2020-11-11T00:00:00.000,12,684,1399,54362,54362,684,2020-11-11,12,1399,0.00857755539671194,0.020320005261081,13.0462380023243
Madison,2020-11-12T00:00:00.000,12,696,569,54931,54931,696,2020-11-12,12,569,0.0210896309314587,0.0210446424382713,13.0858633246759
Madison,2020-11-13T00:00:00.000,13,709,517,55448,55448,709,2020-11-13,13,517,0.0251450676982592,0.0217930330807096,14.2195228624413
Madison,2020-11-14T00:00:00.000,9,718,194,55642,55642,718,2020-11-14,9,194,0.0463917525773196,0.0225662468972371,9.87425075294726
Madison,2020-11-15T00:00:00.000,9,727,146,55788,55788,727,2020-11-15,9,146,0.0616438356164384,0.0233653841428466,9.90421279260351
Madison,2020-11-16T00:00:00.000,12,739,304,56092,56092,739,2020-11-16,12,304,0.0394736842105263,0.0241915610280977,13.2454703604793
Madison,2020-11-17T00:00:00.000,14,753,745,56837,56837,753,2020-11-17,14,745,0.0187919463087248,0.0250458923325726,15.4993490574262
Madison,2020-11-18T00:00:00.000,13,766,592,57429,57429,766,2020-11-18,13,592,0.0219594594594595,0.0259294709791037,14.4350108823142
Monroe,2020-03-01T00:00:00.000,0,0,0,0,0,0,2020-03-01,0,0,0,0.0689689201925378,0
Monroe,2020-03-02T00:00:00.000,0,0,0,0,0,0,2020-03-02,0,0,0,0.0702413903671974,0
Monroe,2020-03-03T00:00:00.000,0,0,0,0,0,0,2020-03-03,0,0,0,0.0715355102630786,0
Monroe,2020-03-04T00:00:00.000,0,0,0,0,0,0,2020-03-04,0,0,0,0.0728515220448412,0
Monroe,2020-03-05T00:00:00.000,0,0,0,0,0,0,2020-03-05,0,0,0,0.0741896062710886,0
Monroe,2020-03-06T00:00:00.000,0,0,0,0,0,0,2020-03-06,0,0,0,0.0755498558790465,0
Monroe,2020-03-07T00:00:00.000,0,0,2,2,2,0,2020-03-07,0,2,0,0.0769322482357979,0
Monroe,2020-03-08T00:00:00.000,0,0,1,3,3,0,2020-03-08,0,1,0,0.078336615334246,0
Monroe,2020-03-09T00:00:00.000,0,0,0,3,3,0,2020-03-09,0,0,0.025,0.0797626122632838,0
Monroe,2020-03-10T00:00:00.000,0,0,0,3,3,0,2020-03-10,0,0,0.05,0.0812096841317092,0
Monroe,2020-03-11T00:00:00.000,0,0,0,3,3,0,2020-03-11,0,0,0.075,0.0826770316863919,0
Monroe,2020-03-12T00:00:00.000,1,1,10,13,13,1,2020-03-12,1,10,0.1,0.0841635759264739,1.40561139932412
Monroe,2020-03-13T00:00:00.000,1,2,4,17,17,2,2020-03-13,1,4,0.25,0.0856679220835777,1.37746859352897
Monroe,2020-03-14T00:00:00.000,0,2,2,19,19,2,2020-03-14,0,2,0,0.0871883234116488,0
Monroe,2020-03-15T00:00:00.000,7,9,39,58,58,9,2020-03-15,7,39,0.179487179487179,0.0887226453038964,9.27058980320778
Monroe,2020-03-16T00:00:00.000,1,10,29,87,87,10,2020-03-16,1,29,0.0344827586206897,0.0902683303370785,1.29946911408859
Monroe,2020-03-17T00:00:00.000,4,14,75,162,162,14,2020-03-17,4,75,0.0533333333333333,0.0918223649191736,5.1027926689559
Monroe,2020-03-18T00:00:00.000,13,27,153,315,315,27,2020-03-18,13,153,0.0849673202614379,0.0933812483000397,16.2604727337876
Monroe,2020-03-19T00:00:00.000,5,32,193,508,508,32,2020-03-19,5,193,0.0259067357512953,0.0949409647753734,6.14889146363513
Monroe,2020-03-20T00:00:00.000,10,42,148,656,656,42,2020-03-20,10,148,0.0675675675675676,0.0964969599865,12.0993584016052
Monroe,2020-03-21T00:00:00.000,15,57,246,902,902,57,2020-03-21,15,246,0.0609756097560976,0.0980441222727034,17.8394054896399
Monroe,2020-03-22T00:00:00.000,19,76,416,1318,1318,76,2020-03-22,19,416,0.0456730769230769,0.0995767700774459,22.319669401411
Monroe,2020-03-23T00:00:00.000,20,96,219,1537,1537,96,2020-03-23,20,219,0.091324200913242,0.101088646431509,23.3993835133785
Monroe,2020-03-24T00:00:00.000,22,118,172,1709,1709,118,2020-03-24,22,172,0.127906976744186,0.102572921537108,25.6046205025886
Monroe,2020-03-25T00:00:00.000,21,139,255,1964,1964,139,2020-03-25,21,255,0.0823529411764706,0.104022204448217,24.2830761843563
Monroe,2020-03-26T00:00:00.000,21,160,232,2196,2196,160,2020-03-26,21,232,0.0905172413793103,0.105428564782187,24.1179245927315
Monroe,2020-03-27T00:00:00.000,32,192,253,2449,2449,192,2020-03-27,32,253,0.126482213438735,0.106783565303122,36.7973703748237
Monroe,2020-03-28T00:00:00.000,27,219,282,2731,2731,219,2020-03-28,27,282,0.0957446808510638,0.108078306085869,30.9494267904382
Monroe,2020-03-29T00:00:00.000,23,242,129,2860,2860,242,2020-03-29,23,129,0.178294573643411,0.109303480795968,26.2530803213497
Monroe,2020-03-30T00:00:00.000,50,292,383,3243,3243,292,2020-03-30,50,383,0.130548302872063,0.110449445413942,56.8337279143688
Monroe,2020-03-31T00:00:00.000,57,349,356,3599,3599,349,2020-03-31,57,356,0.160112359550562,0.111506299482912,64.6658933692146
Monroe,2020-04-01T00:00:00.000,71,420,381,3980,3980,420,2020-04-01,71,381,0.186351706036745,0.112463979678262,80.7915390128621
Monroe,2020-04-02T00:00:00.000,44,464,336,4316,4316,464,2020-04-02,44,336,0.130952380952381,0.113312365186405,50.1937762370232
Monroe,2020-04-03T00:00:00.000,48,512,328,4644,4644,512,2020-04-03,48,328,0.146341463414634,0.114041394046776,54.8697798811871
Monroe,2020-04-04T00:00:00.000,36,548,277,4921,4921,548,2020-04-04,36,277,0.129963898916967,0.114641189259342,41.2206721544781
Monroe,2020-04-05T00:00:00.000,26,574,225,5146,5146,574,2020-04-05,26,225,0.115555555555556,0.115102193104471,29.8061734938236
Monroe,2020-04-06T00:00:00.000,22,596,305,5451,5451,596,2020-04-06,22,305,0.0721311475409836,0.11541530776915,25.2427627856693
Monroe,2020-04-07T00:00:00.000,55,651,420,5871,5871,651,2020-04-07,55,420,0.130952380952381,0.115572040032581,63.1467893886064
Monroe,2020-04-08T00:00:00.000,47,698,382,6253,6253,698,2020-04-08,47,382,0.12303664921466,0.115564647452444,53.9900265556427
Monroe,2020-04-09T00:00:00.000,44,742,380,6633,6633,742,2020-04-09,44,380,0.115789473684211,0.115386283217653,50.6731695794762
Monroe,2020-04-10T00:00:00.000,25,767,284,6917,6917,767,2020-04-10,25,284,0.0880281690140845,0.115031136604771,28.8499045438041
Monroe,2020-04-11T00:00:00.000,31,798,220,7137,7137,798,2020-04-11,31,220,0.140909090909091,0.114494565815982,35.8308623223228
Monroe,2020-04-12T00:00:00.000,25,823,157,7294,7294,823,2020-04-12,25,157,0.159235668789809,0.1137732198797,28.9317232226539
Monroe,2020-04-13T00:00:00.000,27,850,304,7598,7598,850,2020-04-13,27,304,0.0888157894736842,0.112865146293905,31.2787598096614
Monroe,2020-04-14T00:00:00.000,34,884,353,7951,7951,884,2020-04-14,34,353,0.0963172804532578,0.111769881174757,39.474146023309
Monroe,2020-04-15T00:00:00.000,48,932,259,8210,8210,932,2020-04-15,48,259,0.185328185328185,0.11048851886717,55.8490602444756
Monroe,2020-04-16T00:00:00.000,43,975,296,8506,8506,975,2020-04-16,43,296,0.14527027027027,0.109023758267621,50.1392339910347
Monroe,2020-04-17T00:00:00.000,33,1008,260,8766,8766,1008,2020-04-17,33,260,0.126923076923077,0.107379923520804,38.5716196878999
Monroe,2020-04-18T00:00:00.000,24,1032,202,8968,8968,1032,2020-04-18,24,202,0.118811881188119,0.105562957269281,28.1801026019625
Monroe,2020-04-19T00:00:00.000,22,1054,188,9156,9156,1054,2020-04-19,22,188,0.117021276595745,0.103580385255739,25.9481324151965
Monroe,2020-04-20T00:00:00.000,16,1070,229,9385,9385,1070,2020-04-20,16,229,0.0698689956331878,0.101441251794292,18.9550171586174
Monroe,2020-04-21T00:00:00.000,42,1112,409,9794,9794,1112,2020-04-21,42,409,0.102689486552567,0.0991560264122958,49.973149597084
Monroe,2020-04-22T00:00:00.000,40,1152,500,10294,10294,1152,2020-04-22,40,500,0.08,0.0967364828038324,47.7954727667305
Monroe,2020-04-23T00:00:00.000,47,1199,470,10764,10764,1199,2020-04-23,47,470,0.1,0.0941955520940731,56.3915016381332
Monroe,2020-04-24T00:00:00.000,86,1285,1134,11898,11898,1285,2020-04-24,86,1134,0.0758377425044092,0.0915471532526189,103.59685529285
Monroe,2020-04-25T00:00:00.000,31,1316,341,12239,12239,1316,2020-04-25,31,341,0.0909090909090909,0.0888060042834309,37.4868635784384
Monroe,2020-04-26T00:00:00.000,15,1331,234,12473,12473,1331,2020-04-26,15,234,0.0641025641025641,0.0859874185063413,18.2057585248105
Monroe,2020-04-27T00:00:00.000,40,1371,543,13016,13016,1371,2020-04-27,40,543,0.0736648250460405,0.0831070908041985,48.7194660246669
Monroe,2020-04-28T00:00:00.000,33,1404,530,13546,13546,1404,2020-04-28,33,530,0.0622641509433962,0.080180879093636,40.321846296018
Monroe,2020-04-29T00:00:00.000,37,1441,469,14015,14015,1441,2020-04-29,37,469,0.0788912579957356,0.0772245864700352,45.3423181033169
Monroe,2020-04-30T00:00:00.000,37,1478,579,14594,14594,1478,2020-04-30,37,579,0.0639032815198618,0.0742537494543833,45.4660390947664
Monroe,2020-05-01T00:00:00.000,56,1534,520,15114,15114,1534,2020-05-01,56,520,0.107692307692308,0.0712834375283262,68.9859921437617
Monroe,2020-05-02T00:00:00.000,32,1566,571,15685,15685,1566,2020-05-02,32,571,0.0560420315236427,0.0683280686963966,39.5103822731159
Monroe,2020-05-03T00:00:00.000,29,1595,914,16599,16599,1595,2020-05-03,29,914,0.0317286652078775,0.0654012451763507,35.9364534526676
Monroe,2020-05-04T00:00:00.000,28,1623,721,17320,17320,1623,2020-05-04,28,721,0.0388349514563107,0.0625156125284894,34.9338410496365
Monroe,2020-05-05T00:00:00.000,32,1655,842,18162,18162,1655,2020-05-05,32,842,0.0380047505938242,0.0596827446350092,40.0936889707065
Monroe,2020-05-06T00:00:00.000,33,1688,1088,19250,19250,1688,2020-05-06,33,1088,0.0303308823529412,0.0569130559754617,41.492549056193
Monroe,2020-05-07T00:00:00.000,47,1735,1042,20292,20292,1735,2020-05-07,47,1042,0.04510556621881,0.0542157416735407,59.2623135679574
Monroe,2020-05-08T00:00:00.000,40,1775,1114,21406,21406,1775,2020-05-08,40,1114,0.0359066427289048,0.051598744855658,50.4747265177839
Monroe,2020-05-09T00:00:00.000,46,1821,1148,22554,22554,1821,2020-05-09,46,1148,0.0400696864111498,0.0490687500122119,58.0555942742862
Monroe,2020-05-10T00:00:00.000,29,1850,864,23418,23418,1850,2020-05-10,29,864,0.0335648148148148,0.0466312003235076,36.5977472412257
Monroe,2020-05-11T00:00:00.000,40,1890,797,24215,24215,1890,2020-05-11,40,797,0.0501882057716437,0.0442903363293954,50.6249795903171
Monroe,2020-05-12T00:00:00.000,69,1959,1423,25638,25638,1959,2020-05-12,69,1423,0.0484891075193254,0.0420492528997597,87.6253263235398
Monroe,2020-05-13T00:00:00.000,60,2019,1401,27039,27039,2019,2020-05-13,60,1401,0.0428265524625268,0.0399099712070435,76.4351913813858
Monroe,2020-05-14T00:00:00.000,72,2091,1332,28371,28371,2091,2020-05-14,72,1332,0.0540540540540541,0.0378735223044383,91.9846776410313
Monroe,2020-05-15T00:00:00.000,101,2192,1427,29798,29798,2192,2020-05-15,101,1427,0.0707778556412053,0.0359400389590176,129.365558743556
Monroe,2020-05-16T00:00:00.000,66,2258,1508,31306,31306,2258,2020-05-16,66,1508,0.0437665782493369,0.0341088525591508,84.9330634800495
Monroe,2020-05-17T00:00:00.000,45,2303,1324,32630,32630,2303,2020-05-17,45,1324,0.033987915407855,0.0323785921812406,58.2120894854568
Monroe,2020-05-18T00:00:00.000,73,2376,1304,33934,33934,2376,2020-05-18,73,1304,0.0559815950920245,0.0307472832398236,94.8667601147982
Monroe,2020-05-19T00:00:00.000,89,2465,2033,35967,35967,2465,2020-05-19,89,2033,0.043777668470241,0.0292124435258671,116.528571960393
Monroe,2020-05-20T00:00:00.000,65,2530,1852,37819,37819,2530,2020-05-20,65,1852,0.035097192224622,0.027771174842051,85.6960362846439
Monroe,2020-05-21T00:00:00.000,71,2601,2061,39880,39880,2601,2020-05-21,71,2061,0.0344492964580301,0.0264202488442682,94.1993867859447
Monroe,2020-05-22T00:00:00.000,60,2661,1198,41078,41078,2661,2020-05-22,60,1198,0.0500834724540902,0.02515618608218,80.0200070827216
Monroe,2020-05-23T00:00:00.000,36,2697,846,41924,41924,2697,2020-05-23,36,846,0.0425531914893617,0.023975327583738,48.0574324825136
Monroe,2020-05-24T00:00:00.000,36,2733,1729,43653,43653,2733,2020-05-24,36,1729,0.0208212839791787,0.0228738986396703,48.0606070376829
Monroe,2020-05-25T00:00:00.000,29,2762,1595,45248,45248,2762,2020-05-25,29,1595,0.0181818181818182,0.0218480647110657,38.6814616514108
Monroe,2020-05-26T00:00:00.000,29,2791,1297,46545,46545,2791,2020-05-26,29,1297,0.0223592906707787,0.0208939796013741,38.6071819143732
Monroe,2020-05-27T00:00:00.000,33,2824,1632,48177,48177,2824,2020-05-27,33,1632,0.0202205882352941,0.0200078262077379,43.8116131192893
Monroe,2020-05-28T00:00:00.000,36,2860,1127,49304,49304,2860,2020-05-28,36,1127,0.0319432120674357,0.0191858502952482,47.6251039177896
Monroe,2020-05-29T00:00:00.000,49,2909,1322,50626,50626,2909,2020-05-29,49,1322,0.0370650529500756,0.018424387827827,64.5440656863524
Monroe,2020-05-30T00:00:00.000,33,2942,2828,53454,53454,2942,2020-05-30,33,2828,0.0116690240452617,0.0177198864450565,43.2501888274545
Monroe,2020-05-31T00:00:00.000,22,2964,1994,55448,55448,2964,2020-05-31,22,1994,0.0110330992978937,0.0170689217012154,28.6787222594589
Monroe,2020-06-01T00:00:00.000,25,2989,2340,57788,57788,2989,2020-06-01,25,2340,0.0106837606837607,0.0164682086859233,32.4957082100182
Monroe,2020-06-02T00:00:00.000,59,3048,3979,61767,61767,3048,2020-06-02,59,3979,0.0148278461925107,0.0159146096313276,76.4318744784638
Monroe,2020-06-03T00:00:00.000,33,3081,2854,64621,64621,3081,2020-06-03,33,2854,0.01156271899089,0.0154051380822921,42.5861690258167
Monroe,2020-06-04T00:00:00.000,36,3117,2438,67059,67059,3117,2020-06-04,36,2438,0.014766201804758,0.0149369601680805,46.2587603757648
Monroe,2020-06-05T00:00:00.000,50,3167,4685,71744,71744,3167,2020-06-05,50,4685,0.0106723585912487,0.014507393470699,64.0072845606845
Monroe,2020-06-06T00:00:00.000,23,3190,3231,74975,74975,3190,2020-06-06,23,3231,0.00711853915196534,0.0141139039381402,29.3585242307918
Monroe,2020-06-07T00:00:00.000,13,3203,2881,77856,77856,3203,2020-06-07,13,2881,0.00451232211037834,0.0137541012432244,16.5394581539972
Monroe,2020-06-08T00:00:00.000,40,3243,3245,81101,81101,3243,2020-06-08,40,3245,0.012326656394453,0.0134257329422853,50.6874795520011
Monroe,2020-06-09T00:00:00.000,12,3255,2985,84086,84086,3255,2020-06-09,12,2985,0.00402010050251256,0.0131266777437309,15.1541141173588
Monroe,2020-06-10T00:00:00.000,38,3293,2680,86766,86766,3293,2020-06-10,38,2680,0.0141791044776119,0.0128549381550411,48.0345640265811
Monroe,2020-06-11T00:00:00.000,27,3320,3200,89966,89966,3320,2020-06-11,27,3200,0.0084375,0.0126086327391706,34.1558055055626
Monroe,2020-06-12T00:00:00.000,20,3340,2748,92714,92714,3340,2020-06-12,20,2748,0.00727802037845706,0.0123859881774352,25.3146212598246
Monroe,2020-06-13T00:00:00.000,30,3370,3306,96020,96020,3370,2020-06-13,30,3306,0.00907441016333938,0.012185331305723,37.9851795734052
Monroe,2020-06-14T00:00:00.000,10,3380,2541,98561,98561,3380,2020-06-14,10,2541,0.00393545848091303,0.0120050812644293,12.6635634473485
Monroe,2020-06-15T00:00:00.000,22,3402,2556,101117,101117,3402,2020-06-15,22,2556,0.00860719874804382,0.0118437418792953,27.8582491590285
Monroe,2020-06-16T00:00:00.000,16,3418,2668,103785,103785,3418,2020-06-16,16,2668,0.00599700149925037,0.0116998943702728,20.2553246237037
Monroe,2020-06-17T00:00:00.000,21,3439,1704,105489,105489,3439,2020-06-17,21,1704,0.0123239436619718,0.0115721904680113,26.5729686345075
Monroe,2020-06-18T00:00:00.000,22,3461,1725,107214,107214,3461,2020-06-18,22,1725,0.0127536231884058,0.0114593460022431,27.8189056070124
Monroe,2020-06-19T00:00:00.000,26,3487,2028,109242,109242,3487,2020-06-19,26,2028,0.0128205128205128,0.0113601350130048,32.8477030195256
Monroe,2020-06-20T00:00:00.000,11,3498,2118,111360,111360,3498,2020-06-20,11,2118,0.00519357884796978,0.0112733844235401,13.8821482929728
Monroe,2020-06-21T00:00:00.000,14,3512,1708,113068,113068,3512,2020-06-21,14,1708,0.00819672131147541,0.0111979693029169,17.6458523489291
Monroe,2020-06-22T00:00:00.000,28,3540,2314,115382,115382,3540,2020-06-22,28,2314,0.0121002592912705,0.0111328087363093,35.2404690184423
Monroe,2020-06-23T00:00:00.000,27,3567,1882,117264,117264,3567,2020-06-23,27,1882,0.014346439957492,0.0110768623114603,33.9261814653634
Monroe,2020-06-24T00:00:00.000,35,3602,2174,119438,119438,3602,2020-06-24,35,2174,0.016099356025759,0.0110291272206029,43.8980671019427
Monroe,2020-06-25T00:00:00.000,39,3641,2194,121632,121632,3641,2020-06-25,39,2194,0.0177757520510483,0.010988635968688,48.816504868678
Monroe,2020-06-26T00:00:00.000,35,3676,2250,123882,123882,3676,2020-06-26,35,2250,0.0155555555555556,0.0109544546697289,43.7132837368708
Monroe,2020-06-27T00:00:00.000,14,3690,2107,125989,125989,3690,2020-06-27,14,2107,0.00664451827242525,0.0109256819052044,17.4435691138217
Monroe,2020-06-28T00:00:00.000,19,3709,2132,128121,128121,3709,2020-06-28,19,2132,0.00891181988742964,0.0109014481101984,23.6124754493784
Monroe,2020-06-29T00:00:00.000,33,3742,2744,130865,130865,3742,2020-06-29,33,2744,0.0120262390670554,0.0108809154453808,40.8979240451247
Monroe,2020-06-30T00:00:00.000,38,3780,2184,133049,133049,3780,2020-06-30,38,2184,0.0173992673992674,0.0108632781059934,46.9558103283564
Monroe,2020-07-01T00:00:00.000,53,3833,2715,135764,135764,3833,2020-07-01,53,2715,0.0195211786372007,0.0108477630125374,65.2858952020662
Monroe,2020-07-02T00:00:00.000,52,3885,2605,138369,138369,3885,2020-07-02,52,2605,0.0199616122840691,0.0108336308224615,63.8416887263694
Monroe,2020-07-03T00:00:00.000,37,3922,4769,143138,143138,3922,2020-07-03,37,4769,0.00775843992451248,0.0108201771979464,45.2057758122661
Monroe,2020-07-04T00:00:00.000,31,3953,2830,145968,145968,3953,2020-07-04,31,2830,0.0109540636042403,0.0108067342615347,37.7866264355255
Monroe,2020-07-05T00:00:00.000,21,3974,1765,147733,147733,3974,2020-07-05,21,1765,0.0118980169971671,0.0107926721699437,25.4987139767795
Monroe,2020-07-06T00:00:00.000,30,4004,2481,150214,150214,4004,2020-07-06,30,2481,0.0120918984280532,0.0107774007360491,36.2866306995359
Monroe,2020-07-07T00:00:00.000,42,4046,2511,152725,152725,4046,2020-07-07,42,2511,0.016726403823178,0.010760371030451,50.6839114843626
Monroe,2020-07-08T00:00:00.000,28,4074,2744,155469,155469,4074,2020-07-08,28,2744,0.0102040816326531,0.0107410768970763,33.699524109339
Monroe,2020-07-09T00:00:00.000,46,4120,2501,157970,157970,4120,2020-07-09,46,2501,0.0183926429428229,0.0107190563215803,55.2061061283832
Monroe,2020-07-10T00:00:00.000,33,4153,2660,160630,160630,4153,2020-07-10,33,2660,0.012406015037594,0.0106938925973633,39.4850515500069
Monroe,2020-07-11T00:00:00.000,24,4177,2666,163296,163296,4177,2020-07-11,24,2666,0.00900225056264066,0.0106652152410528,28.6253383703802
Monroe,2020-07-12T00:00:00.000,23,4200,2037,165333,165333,4200,2020-07-12,23,2037,0.0112911143838979,0.010632700617393,27.3416347135087
Monroe,2020-07-13T00:00:00.000,47,4247,3260,168593,168593,4247,2020-07-13,47,3260,0.0144171779141104,0.0105960722426373,55.6793491393547
Monroe,2020-07-14T00:00:00.000,34,4281,2854,171447,171447,4281,2020-07-14,34,2854,0.0119131044148563,0.010555100744651,40.134996778162
Monroe,2020-07-15T00:00:00.000,36,4317,3270,174717,174717,4317,2020-07-15,36,3270,0.0110091743119266,0.0105096034679171,42.339853692852
Monroe,2020-07-16T00:00:00.000,36,4353,3172,177889,177889,4353,2020-07-16,36,3172,0.0113493064312736,0.0104594437208883,42.1805917879611
Monroe,2020-07-17T00:00:00.000,30,4383,3061,180950,180950,4383,2020-07-17,30,3061,0.00980071871937275,0.0104045296724948,35.0642779781819
Monroe,2020-07-18T00:00:00.000,18,4401,1762,182712,182712,4401,2020-07-18,18,1762,0.0102156640181612,0.010344812913042,21.0430519503772
Monroe,2020-07-19T00:00:00.000,21,4422,2383,185095,185095,4422,2020-07-19,21,2383,0.00881242131766681,0.0102802867024357,24.543832593571
Monroe,2020-07-20T00:00:00.000,30,4452,3247,188342,188342,4452,2020-07-20,30,3247,0.00923929781336618,0.0102109839351794,35.0367242014808
Monroe,2020-07-21T00:00:00.000,40,4492,2772,191114,191114,4492,2020-07-21,40,2772,0.0144300144300144,0.0101369748571922,46.6531657937106
Monroe,2020-07-22T00:00:00.000,19,4511,2471,193585,193585,4511,2020-07-22,19,2471,0.00768919465803319,0.0100583645732365,22.1181286700869
Monroe,2020-07-23T00:00:00.000,26,4537,3625,197210,197210,4537,2020-07-23,26,3625,0.00717241379310345,0.00997529038694771,30.1963019480036
Monroe,2020-07-24T00:00:00.000,32,4569,2654,199864,199864,4569,2020-07-24,32,2654,0.0120572720422005,0.00988791901654339,37.2183729225537
Monroe,2020-07-25T00:00:00.000,22,4591,2611,202475,202475,4591,2020-07-25,22,2611,0.00842589046342397,0.00979644372970297,25.6125951798846
Monroe,2020-07-26T00:00:00.000,29,4620,2887,205362,205362,4620,2020-07-26,29,2887,0.0100450294423277,0.00970108144010465,33.765855939268
Monroe,2020-07-27T00:00:00.000,12,4632,3058,208420,208420,4632,2020-07-27,12,3058,0.0039241334205363,0.00960206980604675,13.9640800429184
Monroe,2020-07-28T00:00:00.000,24,4656,3644,212064,212064,4656,2020-07-28,24,3644,0.00658616904500549,0.0094996643687557,27.8928157795339
Monroe,2020-07-29T00:00:00.000,21,4677,2914,214978,214978,4677,2020-07-29,21,2914,0.00720658888126287,0.00939413576448791,24.357762757199
Monroe,2020-07-30T00:00:00.000,33,4710,3785,218763,218763,4710,2020-07-30,33,3785,0.00871862615587847,0.0092857670401744,38.1721948571912
Monroe,2020-07-31T00:00:00.000,32,4742,2971,221734,221734,4742,2020-07-31,32,2971,0.010770784247728,0.00917485109825942,36.9193303170127
Monroe,2020-08-01T00:00:00.000,26,4768,2679,224413,224413,4768,2020-08-01,26,2679,0.00970511384845092,0.00906168829139248,29.9570201001722
Monroe,2020-08-02T00:00:00.000,22,4790,2384,226797,226797,4790,2020-08-02,22,2384,0.00922818791946309,0.00894658418319403,25.2891056059985
Monroe,2020-08-03T00:00:00.000,31,4821,2308,229105,229105,4821,2020-08-03,31,2308,0.0134315424610052,0.00882984748675116,35.5357617788295
Monroe,2020-08-04T00:00:00.000,20,4841,3199,232304,232304,4841,2020-08-04,20,3199,0.00625195373554236,0.00871178818811975,22.8527391374301
Monroe,2020-08-05T00:00:00.000,27,4868,3627,235931,235931,4868,2020-08-05,27,3627,0.00744416873449132,0.00859271585818645,30.7391459113722
Monroe,2020-08-06T00:00:00.000,33,4901,3410,239341,239341,4901,2020-08-06,33,3410,0.00967741935483871,0.00847293815284885,37.5342993478467
Monroe,2020-08-07T00:00:00.000,21,4922,2608,241949,241949,4922,2020-08-07,21,2608,0.0080521472392638,0.0083527594981736,23.8962150259576
Monroe,2020-08-08T00:00:00.000,34,4956,3016,244965,244965,4956,2020-08-08,34,3016,0.0112732095490716,0.00823247995478289,38.6978787070913
Monroe,2020-08-09T00:00:00.000,20,4976,2581,247546,247546,4976,2020-08-09,20,2581,0.00774893452150329,0.0081123942537217,22.7629106671286
Monroe,2020-08-10T00:00:00.000,26,5002,3833,251379,251379,5002,2020-08-10,26,3833,0.00678319853900339,0.00799279099430184,29.582989206389
Monroe,2020-08-11T00:00:00.000,33,5035,4321,255700,255700,5035,2020-08-11,33,4321,0.00763712103679704,0.00787395199359084,37.5190537245585
Monroe,2020-08-12T00:00:00.000,44,5079,5806,261506,261506,5079,2020-08-12,44,5806,0.00757836720633827,0.0077561517764782,49.9635889180826
Monroe,2020-08-13T00:00:00.000,43,5122,4457,265963,265963,5122,2020-08-13,43,4457,0.0096477451200359,0.0076396571950061,48.7532587781639
Monroe,2020-08-14T00:00:00.000,21,5143,4144,270107,270107,5143,2020-08-14,21,4144,0.00506756756756757,0.00752472716585591,23.7997693195052
Monroe,2020-08-15T00:00:00.000,22,5165,3599,273706,273706,5165,2020-08-15,22,3599,0.00611280911364268,0.00741161251533394,24.9683277716282
Monroe,2020-08-16T00:00:00.000,18,5183,2882,276588,276588,5183,2020-08-16,18,2882,0.00624566273421235,0.00730055592165633,20.4543268877008
Monroe,2020-08-17T00:00:00.000,30,5213,3645,280233,280233,5213,2020-08-17,30,3645,0.00823045267489712,0.00719179194544769,34.0776116686758
Monroe,2020-08-18T00:00:00.000,28,5241,3503,283736,283736,5241,2020-08-18,28,3503,0.00799314872966029,0.00708554714008665,31.7812067709593
Monroe,2020-08-19T00:00:00.000,15,5256,2807,286543,286543,5256,2020-08-19,15,2807,0.00534378339864624,0.00698204023458071,17.0115767983054
Monroe,2020-08-20T00:00:00.000,17,5273,4549,291092,291092,5273,2020-08-20,17,4549,0.00373708507364256,0.0068814823828186,19.263026920615
Monroe,2020-08-21T00:00:00.000,24,5297,3649,294741,294741,5297,2020-08-21,24,3649,0.00657714442312962,0.00678407747390269,27.163164359077
Monroe,2020-08-22T00:00:00.000,20,5317,3748,298489,298489,5317,2020-08-22,20,3748,0.00533617929562433,0.00669002249919598,22.6090785388478
Monroe,2020-08-23T00:00:00.000,13,5330,3752,302241,302241,5330,2020-08-23,13,3752,0.00346481876332623,0.00659950797281634,14.7012485003399
Monroe,2020-08-24T00:00:00.000,18,5348,2776,305017,305017,5348,2020-08-24,18,2776,0.00648414985590778,0.0065127184027275,20.353147707105
Monroe,2020-08-25T00:00:00.000,16,5364,3000,308017,308017,5364,2020-08-25,16,3000,0.00533333333333333,0.00642983281052765,18.0762710135654
Monroe,2020-08-26T00:00:00.000,21,5385,2660,310677,310677,5385,2020-08-26,21,2660,0.00789473684210526,0.00635102529834445,23.6878307302777
Monroe,2020-08-27T00:00:00.000,13,5398,3205,313882,313882,5398,2020-08-27,13,3205,0.00405616224648986,0.00627646566175591,14.631746850363
Monroe,2020-08-28T00:00:00.000,24,5422,3274,317156,317156,5422,2020-08-28,24,3274,0.00733048259010385,0.00620632004779906,27.0118278829612
Monroe,2020-08-29T00:00:00.000,21,5443,3244,320400,320400,5443,2020-08-29,21,3244,0.00647348951911221,0.0061407516574384,23.672119080949
Monroe,2020-08-30T00:00:00.000,9,5452,2301,322701,322701,5452,2020-08-30,9,2301,0.00391134289439374,0.00607992149167972,10.1610412635589
Monroe,2020-08-31T00:00:00.000,10,5462,2325,325026,325026,5462,2020-08-31,10,2325,0.0043010752688172,0.00602398914064692,11.3076634318698
Monroe,2020-09-01T00:00:00.000,6,5468,2483,327509,327509,5468,2020-09-01,6,2483,0.00241643173580346,0.00597311361465918,6.79511382929715
Monroe,2020-09-02T00:00:00.000,34,5502,3345,330854,330854,5502,2020-09-02,34,3345,0.0101644245142003,0.00592745421619673,38.5645399647325
Monroe,2020-09-03T00:00:00.000,27,5529,3118,333972,333972,5529,2020-09-03,27,3118,0.00865939704939063,0.00588717145127991,30.6706593972713
Monroe,2020-09-04T00:00:00.000,22,5551,3310,337282,337282,5551,2020-09-04,22,3310,0.00664652567975831,0.00585242797856332,25.0272549860391
Monroe,2020-09-05T00:00:00.000,21,5572,3245,340527,340527,5572,2020-09-05,21,3245,0.00647149460708783,0.00582338959397557,23.9230363398709
Monroe,2020-09-06T00:00:00.000,13,5585,2535,343062,343062,5585,2020-09-06,13,2535,0.00512820512820513,0.00580022624841455,14.8291337033011
Monroe,2020-09-07T00:00:00.000,17,5602,2068,345130,345130,5602,2020-09-07,17,2068,0.00822050290135396,0.00578311309552375,19.4152803543148
Monroe,2020-09-08T00:00:00.000,13,5615,2543,347673,347673,5615,2020-09-08,13,2543,0.00511207235548565,0.00577223156622806,14.8609620972281
Monroe,2020-09-09T00:00:00.000,33,5648,2860,350533,350533,5648,2020-09-09,33,2860,0.0115384615384615,0.00576777046610693,37.7540886818077
Monroe,2020-09-10T00:00:00.000,28,5676,1976,352509,352509,5676,2020-09-10,28,1976,0.01417004048583,0.00576992709138019,32.0541362823975
Monroe,2020-09-11T00:00:00.000,36,5712,3722,356231,356231,5712,2020-09-11,36,3722,0.00967221923696937,0.00577890835863895,41.2874364472364
Monroe,2020-09-12T00:00:00.000,15,5727,2553,358784,358784,5727,2020-09-12,15,2553,0.00587544065804935,0.00579493194303337,17.2451926144398
Monroe,2020-09-13T00:00:00.000,37,5764,3760,362544,362544,5764,2020-09-13,37,3760,0.00984042553191489,0.00581822741900812,42.634232104662
Monroe,2020-09-14T00:00:00.000,29,5793,2933,365477,365477,5793,2020-09-14,29,2933,0.00988748721445619,0.00584903739720271,33.4844948901649
Monroe,2020-09-15T00:00:00.000,16,5809,2678,368155,368155,5809,2020-09-15,16,2678,0.00597460791635549,0.00588761865042041,18.5077685481665
Monroe,2020-09-16T00:00:00.000,30,5839,3927,372082,372082,5839,2020-09-16,30,3927,0.00763941940412529,0.00593424322103105,34.7562440284025
Monroe,2020-09-17T00:00:00.000,18,5857,3330,375412,375412,5857,2020-09-17,18,3330,0.00540540540540541,0.00598919950147613,20.8804796287099
Monroe,2020-09-18T00:00:00.000,19,5876,4380,379792,379792,5876,2020-09-18,19,4380,0.004337899543379,0.00605279327884395,22.0620795552711
Monroe,2020-09-19T00:00:00.000,18,5894,3621,383413,383413,5894,2020-09-19,18,3621,0.00497100248550124,0.00612534873390741,20.894530247524
Monroe,2020-09-20T00:00:00.000,17,5911,1855,385268,385268,5911,2020-09-20,17,1855,0.0091644204851752,0.00620720938413571,19.7126941645221
Monroe,2020-09-21T00:00:00.000,14,5925,3498,388766,388766,5925,2020-09-21,14,3498,0.00400228702115495,0.00629873895982687,16.2107408709353
Monroe,2020-09-22T00:00:00.000,15,5940,2959,391725,391725,5940,2020-09-22,15,2959,0.00506928016221697,0.00640032220161474,17.3373769676828
Monroe,2020-09-23T00:00:00.000,30,5970,3426,395151,395151,5970,2020-09-23,30,3426,0.00875656742556918,0.006512365567321,34.5995040655673
Monroe,2020-09-24T00:00:00.000,15,5985,3473,398624,398624,5985,2020-09-24,15,3473,0.00431903253671178,0.00663529783567441,17.2558424372563
Monroe,2020-09-25T00:00:00.000,17,6002,4000,402624,402624,6002,2020-09-25,17,4000,0.00425,0.00676957059413924,19.5652164425706
Monroe,2020-09-26T00:00:00.000,24,6026,3194,405818,405818,6026,2020-09-26,24,3194,0.00751408891671885,0.00691565859826367,27.7022808594377
Monroe,2020-09-27T00:00:00.000,19,6045,2246,408064,408064,6045,2020-09-27,19,2246,0.00845948352626892,0.00707405999015182,21.9868346822128
Monroe,2020-09-28T00:00:00.000,29,6074,2901,410965,410965,6074,2020-09-28,29,2901,0.00999655291278869,0.00724529636429963,33.6316322283
Monroe,2020-09-29T00:00:00.000,11,6085,4323,415288,415288,6085,2020-09-29,11,4323,0.00254452926208651,0.00742991267016969,12.7796892186082
Monroe,2020-09-30T00:00:00.000,36,6121,4670,419958,419958,6121,2020-09-30,36,4670,0.00770877944325482,0.00762847694221757,41.8838294551679
Monroe,2020-10-01T00:00:00.000,39,6160,3116,423074,423074,6160,2020-10-01,39,3116,0.0125160462130937,0.0078415798501937,45.4219798002463
Monroe,2020-10-02T00:00:00.000,26,6186,3983,427057,427057,6186,2020-10-02,26,3983,0.00652774290735626,0.00806983406507587,30.3024085044136
Monroe,2020-10-03T00:00:00.000,20,6206,2865,429922,429922,6206,2020-10-03,20,2865,0.00698080279232112,0.00831387343902719,23.317667492952
Monroe,2020-10-04T00:00:00.000,14,6220,1451,431373,431373,6220,2020-10-04,14,1451,0.00964851826326671,0.00857435200162621,16.3225576419018
Monroe,2020-10-05T00:00:00.000,28,6248,4277,435650,435650,6248,2020-10-05,28,4277,0.00654664484451719,0.00885194277892404,32.6349047569958
Monroe,2020-10-06T00:00:00.000,18,6266,4216,439866,439866,6266,2020-10-06,18,4216,0.00426944971537002,0.00914733644678151,20.966493439836
Monroe,2020-10-07T00:00:00.000,50,6316,3366,443232,443232,6316,2020-10-07,50,3366,0.0148544266191325,0.00946123983543769,58.1866342951677
Monroe,2020-10-08T00:00:00.000,33,6349,4287,447519,447519,6349,2020-10-08,33,4287,0.00769769069279216,0.00979437430817484,38.356985633113
Monroe,2020-10-09T00:00:00.000,38,6387,4004,451523,451523,6387,2020-10-09,38,4004,0.00949050949050949,0.0101474740431729,44.0995185549617
Monroe,2020-10-10T00:00:00.000,34,6421,4015,455538,455538,6421,2020-10-10,34,4015,0.00846824408468244,0.0105212842541479,39.3854666906855
Monroe,2020-10-11T00:00:00.000,32,6453,3867,459405,459405,6453,2020-10-11,32,3867,0.0082751486940781,0.0109165593917218,36.9927964103023
Monroe,2020-10-12T00:00:00.000,37,6490,3713,463118,463118,6490,2020-10-12,37,3713,0.00996498788042014,0.0113340613739105,42.6765287032865
Monroe,2020-10-13T00:00:00.000,26,6516,4189,467307,467307,6516,2020-10-13,26,4189,0.00620673191692528,0.0117745578997198,29.9156012604035
Monroe,2020-10-14T00:00:00.000,56,6572,3748,471055,471055,6572,2020-10-14,56,3748,0.0149413020277481,0.0122388209051947,64.3195944102436
Monroe,2020-10-15T00:00:00.000,56,6628,3526,474581,474581,6628,2020-10-15,56,3526,0.0158820192853091,0.012727625225244,64.2422051201392
Monroe,2020-10-16T00:00:00.000,43,6671,4877,479458,479458,6671,2020-10-16,43,4877,0.008816895632561,0.0132417475276827,49.3556834161262
Monroe,2020-10-17T00:00:00.000,36,6707,3486,482944,482944,6707,2020-10-17,36,3486,0.0103270223752151,0.0137819655872435,41.360260743752
Monroe,2020-10-18T00:00:00.000,37,6744,2606,485550,485550,6744,2020-10-18,37,2606,0.0141980046047583,0.0143490579670233,42.5551225778453
Monroe,2020-10-19T00:00:00.000,54,6798,4109,489659,489659,6798,2020-10-19,54,4109,0.0131418836699927,0.0149438041727822,62.2277118227412
Monroe,2020-10-20T00:00:00.000,52,6850,3269,492928,492928,6850,2020-10-20,52,3269,0.0159070052003671,0.0155669853408695,60.1047831941918
Monroe,2020-10-21T00:00:00.000,67,6917,4833,497761,497761,6917,2020-10-21,67,4833,0.0138630250362094,0.0162193855143327,77.6716814122059
Monroe,2020-10-22T00:00:00.000,75,6992,4453,502214,502214,6992,2020-10-22,75,4453,0.0168425780372782,0.016901793552823,87.230340551315
Monroe,2020-10-23T00:00:00.000,78,7070,4901,507115,507115,7070,2020-10-23,78,4901,0.0159151193633952,0.0176150057109682,90.9819002948223
Monroe,2020-10-24T00:00:00.000,41,7111,3243,510358,510358,7111,2020-10-24,41,3243,0.0126426148627814,0.0183598289070071,47.9435902353167
Monroe,2020-10-25T00:00:00.000,63,7174,3703,514061,514061,7174,2020-10-25,63,3703,0.0170132325141777,0.0191370846881848,73.8249959212237
Monroe,2020-10-26T00:00:00.000,82,7256,4344,518405,518405,7256,2020-10-26,82,4344,0.0188766114180479,0.0199476138834644,96.254643776893
Monroe,2020-10-27T00:00:00.000,56,7312,3602,522007,522007,7312,2020-10-27,56,3602,0.0155469183786785,0.0207922819152311,65.8217844596648
Monroe,2020-10-28T00:00:00.000,74,7386,5031,527038,527038,7386,2020-10-28,74,5031,0.0147088054064798,0.0216719847238928,87.0597031546006
Monroe,2020-10-29T00:00:00.000,107,7493,4413,531451,531451,7493,2020-10-29,107,4413,0.0242465443009291,0.0225876552384946,125.952120739852
Monroe,2020-10-30T00:00:00.000,103,7596,4792,536243,536243,7596,2020-10-30,103,4792,0.0214941569282137,0.023540270307759,121.263762413395
Monroe,2020-10-31T00:00:00.000,109,7705,4919,541162,541162,7705,2020-10-31,109,4919,0.0221589754015044,0.0245308579850167,128.301812951847
Monroe,2020-11-01T00:00:00.000,112,7817,4323,545485,545485,7817,2020-11-01,112,4323,0.0259079343048809,0.0255605050422049,131.759726428313
Monroe,2020-11-02T00:00:00.000,106,7923,4952,550437,550437,7923,2020-11-02,106,4952,0.02140549273021,0.0266303645681575,124.589438515199
Monroe,2020-11-03T00:00:00.000,102,8025,3012,553449,553449,8025,2020-11-03,102,3012,0.0338645418326693,0.0277416634890714,119.741828603465
Monroe,2020-11-04T00:00:00.000,212,8237,4713,558162,558162,8237,2020-11-04,212,4713,0.0449819647782729,0.0288957098313075,248.496154112445
Monroe,2020-11-05T00:00:00.000,161,8398,4536,562698,562698,8398,2020-11-05,161,4536,0.0354938271604938,0.0300938995300649,188.375454488192
Monroe,2020-11-06T00:00:00.000,218,8616,5755,568453,568453,8616,2020-11-06,218,5755,0.0378801042571677,0.031337722572004,254.539657363008
Monroe,2020-11-07T00:00:00.000,208,8824,5635,574088,574088,8824,2020-11-07,208,5635,0.0369121561668145,0.0326287682433511,242.302868585034
Monroe,2020-11-08T00:00:00.000,133,8957,2764,576852,576852,8957,2020-11-08,133,2764,0.0481186685962373,0.033968729240719,154.53238815639
Monroe,2020-11-09T00:00:00.000,284,9241,6957,583809,583809,9241,2020-11-09,284,6957,0.0408221934741987,0.0353594043847426,329.161382964363
Monroe,2020-11-10T00:00:00.000,273,9514,5036,588845,588845,9514,2020-11-10,273,5036,0.0542096902303415,0.0368026996612365,316.174104195999
Monroe,2020-11-11T00:00:00.000,249,9763,4509,593354,593354,9763,2020-11-11,249,4509,0.0552228875582169,0.0383006272954109,288.424139248436
Monroe,2020-11-12T00:00:00.000,311,10074,6141,599495,599495,10074,2020-11-12,311,6141,0.0506432177169842,0.0398553025461048,361.506390480356
Monroe,2020-11-13T00:00:00.000,255,10329,6077,605572,605572,10329,2020-11-13,255,6077,0.0419614941583018,0.0414689378849843,297.455754701731
Monroe,2020-11-14T00:00:00.000,124,10453,2650,608222,608222,10453,2020-11-14,124,2650,0.0467924528301887,0.0431438342007659,145.154086773252
Monroe,2020-11-15T00:00:00.000,227,10680,5488,613710,613710,10680,2020-11-15,227,5488,0.0413629737609329,0.044882368642738,266.657371998747
Monroe,2020-11-16T00:00:00.000,211,10891,5734,619444,619444,10891,2020-11-16,211,5734,0.0367980467387513,0.0466869786872139,248.726341587441
Monroe,2020-11-17T00:00:00.000,257,11148,6461,625905,625905,11148,2020-11-17,257,6461,0.0397771242841665,0.0485601419781684,303.999514858627
Monroe,2020-11-18T00:00:00.000,296,11444,9079,634984,634984,11444,2020-11-18,296,9079,0.0326027095495099,0.0505043514583965,351.333035995977
Montgomery,2020-03-01T00:00:00.000,0,0,0,0,0,0,2020-03-01,0,0,0,0.0226129178795454,0
Montgomery,2020-03-02T00:00:00.000,0,0,0,0,0,0,2020-03-02,0,0,0,0.0241865016649733,0
Montgomery,2020-03-03T00:00:00.000,0,0,0,0,0,0,2020-03-03,0,0,0,0.025866053834448,0
Montgomery,2020-03-04T00:00:00.000,0,0,0,0,0,0,2020-03-04,0,0,0,0.027657128645572,0
Montgomery,2020-03-05T00:00:00.000,0,0,0,0,0,0,2020-03-05,0,0,0,0.0295648067048626,0
Montgomery,2020-03-06T00:00:00.000,0,0,0,0,0,0,2020-03-06,0,0,0,0.0315935336656676,0
Montgomery,2020-03-07T00:00:00.000,0,0,0,0,0,0,2020-03-07,0,0,0,0.0337469428844006,0
Montgomery,2020-03-08T00:00:00.000,0,0,0,0,0,0,2020-03-08,0,0,0,0.0360276640336729,0
Montgomery,2020-03-09T00:00:00.000,0,0,0,0,0,0,2020-03-09,0,0,0,0.0384371207737832,0
Montgomery,2020-03-10T00:00:00.000,0,0,1,1,1,0,2020-03-10,0,1,0,0.0409753217727984,0
Montgomery,2020-03-11T00:00:00.000,0,0,1,2,2,0,2020-03-11,0,1,0,0.0436406505766829,0
Montgomery,2020-03-12T00:00:00.000,0,0,0,2,2,0,2020-03-12,0,0,0.111111111111111,0.0464296610000236,0
Montgomery,2020-03-13T00:00:00.000,0,0,0,2,2,0,2020-03-13,0,0,0.222222222222222,0.0493368857455206,0
Montgomery,2020-03-14T00:00:00.000,1,1,3,5,5,1,2020-03-14,1,3,0.333333333333333,0.0523546667710432,1.28323205267279
Montgomery,2020-03-15T00:00:00.000,0,1,4,9,9,1,2020-03-15,0,4,0,0.0554730164158793,0
Montgomery,2020-03-16T00:00:00.000,0,1,1,10,10,1,2020-03-16,0,1,0,0.0586795183728915,0
Montgomery,2020-03-17T00:00:00.000,1,2,14,24,24,2,2020-03-17,1,14,0.0714285714285714,0.0619592771934854,1.2264891721376
Montgomery,2020-03-18T00:00:00.000,0,2,14,38,38,2,2020-03-18,0,14,0,0.0652949240756985,0
Montgomery,2020-03-19T00:00:00.000,0,2,4,42,42,2,2020-03-19,0,4,0,0.0686666852243274,0
Montgomery,2020-03-20T00:00:00.000,1,3,27,69,69,3,2020-03-20,1,27,0.037037037037037,0.0720525171020266,1.17510288887525
Montgomery,2020-03-21T00:00:00.000,0,3,20,89,89,3,2020-03-21,0,20,0,0.0754283105100823,0
Montgomery,2020-03-22T00:00:00.000,0,3,6,95,95,3,2020-03-22,0,6,0,0.0787681627541199,0
Montgomery,2020-03-23T00:00:00.000,0,3,5,100,100,3,2020-03-23,0,5,0,0.0820447143294386,0
Montgomery,2020-03-24T00:00:00.000,1,4,5,105,105,4,2020-03-24,1,5,0.2,0.0852295437683112,1.14248736638286
Montgomery,2020-03-25T00:00:00.000,1,5,5,110,110,5,2020-03-25,1,5,0.2,0.0882936117118486,1.13753490188349
Montgomery,2020-03-26T00:00:00.000,0,5,7,117,117,5,2020-03-26,0,7,0,0.0912077430607354,0
Montgomery,2020-03-27T00:00:00.000,0,5,10,127,127,5,2020-03-27,0,10,0,0.0939431343573627,0
Montgomery,2020-03-28T00:00:00.000,1,6,6,133,133,6,2020-03-28,1,6,0.166666666666667,0.0964718724428542,1.13332655180567
Montgomery,2020-03-29T00:00:00.000,0,6,2,135,135,6,2020-03-29,0,2,0,0.0987674499663336,0
Montgomery,2020-03-30T00:00:00.000,1,7,8,143,143,7,2020-03-30,1,8,0.125,0.100805263475056,1.1263363660716
Montgomery,2020-03-31T00:00:00.000,0,7,4,147,147,7,2020-03-31,0,4,0,0.102563080544586,0
Montgomery,2020-04-01T00:00:00.000,1,8,10,157,157,8,2020-04-01,1,10,0.1,0.104021463616481,1.12906380108641
Montgomery,2020-04-02T00:00:00.000,2,10,8,165,165,10,2020-04-02,2,8,0.25,0.105164139793092,2.26457248551942
Montgomery,2020-04-03T00:00:00.000,3,13,11,176,176,13,2020-04-03,3,11,0.272727272727273,0.105978307673633,3.40430671595904
Montgomery,2020-04-04T00:00:00.000,2,15,14,190,190,15,2020-04-04,2,14,0.142857142857143,0.106454874298837,2.27313406851394
Montgomery,2020-04-05T00:00:00.000,0,15,8,198,198,15,2020-04-05,0,8,0,0.106588617301325,0
Montgomery,2020-04-06T00:00:00.000,3,18,20,218,218,18,2020-04-06,3,20,0.15,0.106378269370106,3.41424286630508
Montgomery,2020-04-07T00:00:00.000,0,18,9,227,227,18,2020-04-07,0,9,0,0.105826524085848,0
Montgomery,2020-04-08T00:00:00.000,10,28,24,251,251,28,2020-04-08,10,24,0.416666666666667,0.10493996403729,11.3769873284944
Montgomery,2020-04-09T00:00:00.000,1,29,13,264,264,29,2020-04-09,1,13,0.0769230769230769,0.103728913885358,1.13946229315103
Montgomery,2020-04-10T00:00:00.000,0,29,8,272,272,29,2020-04-10,0,8,0,0.102207222704263,0
Montgomery,2020-04-11T00:00:00.000,0,29,1,273,273,29,2020-04-11,0,1,0,0.100391981479854,0
Montgomery,2020-04-12T00:00:00.000,0,29,2,275,275,29,2020-04-12,0,2,0,0.0983031831067901,0
Montgomery,2020-04-13T00:00:00.000,3,32,56,331,331,32,2020-04-13,3,56,0.0535714285714286,0.0959633335422604,3.41949177458151
Montgomery,2020-04-14T00:00:00.000,0,32,0,331,331,32,2020-04-14,0,0,0.0267857142857143,0.0933970239456116,0
Montgomery,2020-04-15T00:00:00.000,0,32,5,336,336,32,2020-04-15,0,5,0,0.0906304745817179,0
Montgomery,2020-04-16T00:00:00.000,1,33,10,346,346,33,2020-04-16,1,10,0.1,0.0876910619638404,1.14091333752819
Montgomery,2020-04-17T00:00:00.000,1,34,4,350,350,34,2020-04-17,1,4,0.25,0.0846068410787649,1.14130619636015
Montgomery,2020-04-18T00:00:00.000,1,35,4,354,354,35,2020-04-18,1,4,0.25,0.081406074539466,1.14405223746792
Montgomery,2020-04-19T00:00:00.000,0,35,4,358,358,35,2020-04-19,0,4,0,0.0781167801100625,0
Montgomery,2020-04-20T00:00:00.000,2,37,3,361,361,37,2020-04-20,2,3,0.666666666666667,0.0747663072270125,2.29817622783228
Montgomery,2020-04-21T00:00:00.000,1,38,3,364,364,38,2020-04-21,1,3,0.333333333333333,0.0713809519306387,1.15136693641829
Montgomery,2020-04-22T00:00:00.000,1,39,7,371,371,39,2020-04-22,1,7,0.142857142857143,0.0679856180531073,1.15347834633134
Montgomery,2020-04-23T00:00:00.000,0,39,6,377,377,39,2020-04-23,0,6,0,0.0646035306656681,0
Montgomery,2020-04-24T00:00:00.000,7,46,226,603,603,46,2020-04-24,7,226,0.0309734513274336,0.061256005764754,8.10021496389571
Montgomery,2020-04-25T00:00:00.000,1,47,35,638,638,47,2020-04-25,1,35,0.0285714285714286,0.0579622780732778,1.15874460068585
Montgomery,2020-04-26T00:00:00.000,0,47,9,647,647,47,2020-04-26,0,9,0,0.054739386775417,0
Montgomery,2020-04-27T00:00:00.000,2,49,19,666,666,49,2020-04-27,2,19,0.105263157894737,0.0516021170832675,2.32260559569181
Montgomery,2020-04-28T00:00:00.000,2,51,18,684,684,51,2020-04-28,2,18,0.111111111111111,0.048562993856963,2.32423442564704
Montgomery,2020-04-29T00:00:00.000,2,53,14,698,698,53,2020-04-29,2,14,0.142857142857143,0.0456323221244143,2.32532515018702
Montgomery,2020-04-30T00:00:00.000,1,54,29,727,727,54,2020-04-30,1,29,0.0344827586206897,0.0428182683248655,1.16299130580201
Montgomery,2020-05-01T00:00:00.000,0,54,27,754,754,54,2020-05-01,0,27,0,0.0401269754478645,0
Montgomery,2020-05-02T00:00:00.000,2,56,53,807,807,56,2020-05-02,2,53,0.0377358490566038,0.0375627049434486,2.32598559238721
Montgomery,2020-05-03T00:00:00.000,0,56,19,826,826,56,2020-05-03,0,19,0,0.0351279983173099,0
Montgomery,2020-05-04T00:00:00.000,5,61,28,854,854,61,2020-05-04,5,28,0.178571428571429,0.0328238516448058,5.84895685627281
Montgomery,2020-05-05T00:00:00.000,2,63,46,900,900,63,2020-05-05,2,46,0.0434782608695652,0.0306498967836416,2.34430469473122
Montgomery,2020-05-06T00:00:00.000,0,63,34,934,934,63,2020-05-06,0,34,0,0.0286045837790256,0
Montgomery,2020-05-07T00:00:00.000,1,64,36,970,970,64,2020-05-07,1,36,0.0277777777777778,0.0266853597684923,1.17461491211961
Montgomery,2020-05-08T00:00:00.000,2,66,36,1006,1006,66,2020-05-08,2,36,0.0555555555555556,0.0248888405569093,2.3462837440847
Montgomery,2020-05-09T00:00:00.000,1,67,33,1039,1039,67,2020-05-09,1,33,0.0303030303030303,0.0232109718921786,1.17104902380354
Montgomery,2020-05-10T00:00:00.000,0,67,30,1069,1069,67,2020-05-10,0,30,0,0.0216471782904132,0
Montgomery,2020-05-11T00:00:00.000,0,67,62,1131,1131,67,2020-05-11,0,62,0,0.0201924980071671,0
Montgomery,2020-05-12T00:00:00.000,1,68,115,1246,1246,68,2020-05-12,1,115,0.00869565217391304,0.0188417034091578,1.17197067658972
Montgomery,2020-05-13T00:00:00.000,1,69,177,1423,1423,69,2020-05-13,1,177,0.00564971751412429,0.0175894065574785,1.1737053500373
Montgomery,2020-05-14T00:00:00.000,3,72,46,1469,1469,72,2020-05-14,3,46,0.0652173913043478,0.0164301502664219,3.52561457447546
Montgomery,2020-05-15T00:00:00.000,3,75,93,1562,1562,75,2020-05-15,3,93,0.032258064516129,0.0153584852550096,3.52935654131967
Montgomery,2020-05-16T00:00:00.000,0,75,52,1614,1614,75,2020-05-16,0,52,0,0.0143690342667245,0
Montgomery,2020-05-17T00:00:00.000,0,75,38,1652,1652,75,2020-05-17,0,38,0,0.0134565442095781,0
Montgomery,2020-05-18T00:00:00.000,0,75,25,1677,1677,75,2020-05-18,0,25,0,0.0126159274720809,0
Montgomery,2020-05-19T00:00:00.000,0,75,43,1720,1720,75,2020-05-19,0,43,0,0.0118422936168349,0
Montgomery,2020-05-20T00:00:00.000,2,77,96,1816,1816,77,2020-05-20,2,96,0.0208333333333333,0.0111309726501271,2.40641906803816
Montgomery,2020-05-21T00:00:00.000,0,77,130,1946,1946,77,2020-05-21,0,130,0,0.0104775310281588,0
Montgomery,2020-05-22T00:00:00.000,0,77,79,2025,2025,77,2020-05-22,0,79,0,0.00987778149551596,0
Montgomery,2020-05-23T00:00:00.000,2,79,131,2156,2156,79,2020-05-23,2,131,0.0152671755725191,0.00932778776877957,2.42934653881857
Montgomery,2020-05-24T00:00:00.000,0,79,159,2315,2315,79,2020-05-24,0,159,0,0.00882386498545207,0
Montgomery,2020-05-25T00:00:00.000,1,80,41,2356,2356,80,2020-05-25,1,41,0.024390243902439,0.00836257673965918,1.2117069327971
Montgomery,2020-05-26T00:00:00.000,2,82,47,2403,2403,82,2020-05-26,2,47,0.0425531914893617,0.00794072942817298,2.41704103090071
Montgomery,2020-05-27T00:00:00.000,0,82,341,2744,2744,82,2020-05-27,0,341,0,0.0075553645339666,0
Montgomery,2020-05-28T00:00:00.000,2,84,182,2926,2926,84,2020-05-28,2,182,0.010989010989011,0.00720374938429909,2.39894994098798
Montgomery,2020-05-29T00:00:00.000,5,89,222,3148,3148,89,2020-05-29,5,222,0.0225225225225225,0.00688336683629184,5.96858011449067
Montgomery,2020-05-30T00:00:00.000,2,91,95,3243,3243,91,2020-05-30,2,95,0.0210526315789474,0.00659190426667589,2.37442829760811
Montgomery,2020-05-31T00:00:00.000,0,91,186,3429,3429,91,2020-05-31,0,186,0,0.00632724217394442,0
Montgomery,2020-06-01T00:00:00.000,2,93,104,3533,3533,93,2020-06-01,2,104,0.0192307692307692,0.00608744264094085,2.35339510298672
Montgomery,2020-06-02T00:00:00.000,1,94,213,3746,3746,94,2020-06-02,1,213,0.00469483568075117,0.00587073785292278,1.17249815732407
Montgomery,2020-06-03T00:00:00.000,2,96,311,4057,4057,96,2020-06-03,2,311,0.00643086816720257,0.00567551882071485,2.33570842119721
Montgomery,2020-06-04T00:00:00.000,0,96,314,4371,4371,96,2020-06-04,0,314,0,0.00550032441976764,0
Montgomery,2020-06-05T00:00:00.000,2,98,370,4741,4741,98,2020-06-05,2,370,0.00540540540540541,0.00534383082279345,2.31694500493479
Montgomery,2020-06-06T00:00:00.000,2,100,226,4967,4967,100,2020-06-06,2,226,0.00884955752212389,0.00520484137619077,2.31053427226565
Montgomery,2020-06-07T00:00:00.000,0,100,246,5213,5213,100,2020-06-07,0,246,0,0.00508227694760356,0
Montgomery,2020-06-08T00:00:00.000,0,100,240,5453,5453,100,2020-06-08,0,240,0,0.0049751667530924,0
Montgomery,2020-06-09T00:00:00.000,0,100,149,5602,5602,100,2020-06-09,0,149,0,0.00488263965705824,0
Montgomery,2020-06-10T00:00:00.000,1,101,235,5837,5837,101,2020-06-10,1,235,0.00425531914893617,0.00480391592593078,1.1455730741982
Montgomery,2020-06-11T00:00:00.000,2,103,327,6164,6164,103,2020-06-11,2,327,0.00611620795107034,0.00473829940692122,2.29417326200103
Montgomery,2020-06-12T00:00:00.000,0,103,218,6382,6382,103,2020-06-12,0,218,0,0.00468517009570777,0
Montgomery,2020-06-13T00:00:00.000,1,104,178,6560,6560,104,2020-06-13,1,178,0.00561797752808989,0.00464397705151449,1.14973618919452
Montgomery,2020-06-14T00:00:00.000,0,104,137,6697,6697,104,2020-06-14,0,137,0,0.00461423161426051,0
Montgomery,2020-06-15T00:00:00.000,0,104,125,6822,6822,104,2020-06-15,0,125,0,0.00459550087629847,0
Montgomery,2020-06-16T00:00:00.000,0,104,76,6898,6898,104,2020-06-16,0,76,0,0.00458740136045581,0
Montgomery,2020-06-17T00:00:00.000,1,105,151,7049,7049,105,2020-06-17,1,151,0.00662251655629139,0.00458959285672049,1.15360369639754
Montgomery,2020-06-18T00:00:00.000,1,106,224,7273,7273,106,2020-06-18,1,224,0.00446428571428571,0.00460177237191893,1.15423407166638
Montgomery,2020-06-19T00:00:00.000,0,106,156,7429,7429,106,2020-06-19,0,156,0,0.00462366815000618,0
Montgomery,2020-06-20T00:00:00.000,0,106,221,7650,7650,106,2020-06-20,0,221,0,0.00465503372542551,0
Montgomery,2020-06-21T00:00:00.000,2,108,237,7887,7887,108,2020-06-21,2,237,0.00843881856540084,0.00469564197819191,2.31100120182944
Montgomery,2020-06-22T00:00:00.000,1,109,162,8049,8049,109,2020-06-22,1,162,0.00617283950617284,0.00474527916713714,1.15571127555687
Montgomery,2020-06-23T00:00:00.000,1,110,63,8112,8112,110,2020-06-23,1,63,0.0158730158730159,0.00480373892707319,1.15581274873184
Montgomery,2020-06-24T00:00:00.000,1,111,160,8272,8272,111,2020-06-24,1,160,0.00625,0.0048708162266667,1.15580192501304
Montgomery,2020-06-25T00:00:00.000,2,113,163,8435,8435,113,2020-06-25,2,163,0.0122699386503067,0.00494630129602636,2.31135018293886
Montgomery,2020-06-26T00:00:00.000,3,116,210,8645,8645,116,2020-06-26,3,210,0.0142857142857143,0.00502997354722702,3.46628394880673
Montgomery,2020-06-27T00:00:00.000,2,118,312,8957,8957,118,2020-06-27,2,312,0.00641025641025641,0.00512159552578145,2.31011171670479
Montgomery,2020-06-28T00:00:00.000,0,118,174,9131,9131,118,2020-06-28,0,174,0,0.00522090694725812,0
Montgomery,2020-06-29T00:00:00.000,0,118,127,9258,9258,118,2020-06-29,0,127,0,0.00532761888972704,0
Montgomery,2020-06-30T00:00:00.000,0,118,83,9341,9341,118,2020-06-30,0,83,0,0.0054414082290679,0
Montgomery,2020-07-01T00:00:00.000,1,119,179,9520,9520,119,2020-07-01,1,179,0.00558659217877095,0.00556191241998623,1.1522106620386
Montgomery,2020-07-02T00:00:00.000,0,119,169,9689,9689,119,2020-07-02,0,169,0,0.00568872473975292,0
Montgomery,2020-07-03T00:00:00.000,0,119,167,9856,9856,119,2020-07-03,0,167,0,0.00582139012335489,0
Montgomery,2020-07-04T00:00:00.000,0,119,242,10098,10098,119,2020-07-04,0,242,0,0.0059594017274106,0
Montgomery,2020-07-05T00:00:00.000,1,120,170,10268,10268,120,2020-07-05,1,170,0.00588235294117647,0.00610219836412764,1.14692419958545
Montgomery,2020-07-06T00:00:00.000,1,121,169,10437,10437,121,2020-07-06,1,169,0.00591715976331361,0.00624916294566255,1.14539734425786
Montgomery,2020-07-07T00:00:00.000,0,121,76,10513,10513,121,2020-07-07,0,76,0,0.00639962207213752,0
Montgomery,2020-07-08T00:00:00.000,4,125,174,10687,10687,125,2020-07-08,4,174,0.0229885057471264,0.00655284688277461,4.58209350485859
Montgomery,2020-07-09T00:00:00.000,3,128,202,10889,10889,128,2020-07-09,3,202,0.0148514851485149,0.00670805526905166,3.43553634172478
Montgomery,2020-07-10T00:00:00.000,2,130,202,11091,11091,130,2020-07-10,2,202,0.0099009900990099,0.0068644155208655,2.28926221303305
Montgomery,2020-07-11T00:00:00.000,2,132,229,11320,11320,132,2020-07-11,2,229,0.00873362445414847,0.00702105144233083,2.28777145032711
Montgomery,2020-07-12T00:00:00.000,1,133,131,11451,11451,133,2020-07-12,1,131,0.00763358778625954,0.00717704893354164,1.14294905510996
Montgomery,2020-07-13T00:00:00.000,8,141,230,11681,11681,141,2020-07-13,8,230,0.0347826086956522,0.0073314639892929,9.13462784790217
Montgomery,2020-07-14T00:00:00.000,0,141,94,11775,11775,141,2020-07-14,0,94,0,0.00748333201792151,0
Montgomery,2020-07-15T00:00:00.000,0,141,133,11908,11908,141,2020-07-15,0,133,0,0.00763167833371181,0
Montgomery,2020-07-16T00:00:00.000,0,141,380,12288,12288,141,2020-07-16,0,380,0,0.00777552962848123,0
Montgomery,2020-07-17T00:00:00.000,2,143,252,12540,12540,143,2020-07-17,2,252,0.00793650793650794,0.00791392618310906,2.27452437724468
Montgomery,2020-07-18T00:00:00.000,0,143,125,12665,12665,143,2020-07-18,0,125,0,0.00804593454128668,0
Montgomery,2020-07-19T00:00:00.000,0,143,123,12788,12788,143,2020-07-19,0,123,0,0.00817066033738982,0
Montgomery,2020-07-20T00:00:00.000,1,144,137,12925,12925,144,2020-07-20,1,137,0.0072992700729927,0.00828726095048752,1.14376441860351
Montgomery,2020-07-21T00:00:00.000,0,144,156,13081,13081,144,2020-07-21,0,156,0,0.00839495764805785,0
Montgomery,2020-07-22T00:00:00.000,1,145,124,13205,13205,145,2020-07-22,1,124,0.00806451612903226,0.00849304688812726,1.14458590668905
Montgomery,2020-07-23T00:00:00.000,1,146,190,13395,13395,146,2020-07-23,1,190,0.00526315789473684,0.00858091046574451,1.14403995918136
Montgomery,2020-07-24T00:00:00.000,1,147,188,13583,13583,147,2020-07-24,1,188,0.00531914893617021,0.00865802422066838,1.14772751782145
Montgomery,2020-07-25T00:00:00.000,1,148,187,13770,13770,148,2020-07-25,1,187,0.0053475935828877,0.00872396506487544,1.15078833615972
Montgomery,2020-07-26T00:00:00.000,0,148,150,13920,13920,148,2020-07-26,0,150,0,0.00877841614033088,0
Montgomery,2020-07-27T00:00:00.000,4,152,68,13988,13988,152,2020-07-27,4,68,0.0588235294117647,0.00882116997676429,4.61537728177685
Montgomery,2020-07-28T00:00:00.000,0,152,102,14090,14090,152,2020-07-28,0,102,0,0.00885212958300157,0
Montgomery,2020-07-29T00:00:00.000,0,152,142,14232,14232,152,2020-07-29,0,142,0,0.00887130747084817,0
Montgomery,2020-07-30T00:00:00.000,2,154,198,14430,14430,154,2020-07-30,2,198,0.0101010101010101,0.00887882267514864,2.30312202069432
Montgomery,2020-07-31T00:00:00.000,1,155,211,14641,14641,155,2020-07-31,1,211,0.004739336492891,0.00887489589316211,1.1499004942957
Montgomery,2020-08-01T00:00:00.000,2,157,293,14934,14934,157,2020-08-01,2,293,0.0068259385665529,0.00885984292024773,2.29920104841604
Montgomery,2020-08-02T00:00:00.000,3,160,202,15136,15136,160,2020-08-02,3,202,0.0148514851485149,0.00883406660302232,3.44415260062202
Montgomery,2020-08-03T00:00:00.000,0,160,196,15332,15332,160,2020-08-03,0,196,0,0.00879804756532474,0
Montgomery,2020-08-04T00:00:00.000,1,161,168,15500,15500,161,2020-08-04,1,168,0.00595238095238095,0.00875233398536945,1.14316764449412
Montgomery,2020-08-05T00:00:00.000,8,169,142,15642,15642,169,2020-08-05,8,142,0.0563380281690141,0.00869753071382858,9.11894447456295
Montgomery,2020-08-06T00:00:00.000,1,170,339,15981,15981,170,2020-08-06,1,339,0.00294985250737463,0.00863428802259538,1.13955062321569
Montgomery,2020-08-07T00:00:00.000,2,172,202,16183,16183,172,2020-08-07,2,202,0.0099009900990099,0.00856329026435829,2.2815021759161
Montgomery,2020-08-08T00:00:00.000,4,176,251,16434,16434,176,2020-08-08,4,251,0.0159362549800797,0.0084852447038825,4.56648044567305
Montgomery,2020-08-09T00:00:00.000,1,177,124,16558,16558,177,2020-08-09,1,124,0.00806451612903226,0.00840087075554067,1.14212943359901
Montgomery,2020-08-10T00:00:00.000,0,177,164,16722,16722,177,2020-08-10,0,164,0,0.00831088983022053,0
Montgomery,2020-08-11T00:00:00.000,0,177,122,16844,16844,177,2020-08-11,0,122,0,0.00821601595899782,0
Montgomery,2020-08-12T00:00:00.000,2,179,157,17001,17001,179,2020-08-12,2,157,0.0127388535031847,0.00811694732408231,2.28142180742606
Montgomery,2020-08-13T00:00:00.000,2,181,175,17176,17176,181,2020-08-13,2,175,0.0114285714285714,0.00801435879048003,2.27847716957262
Montgomery,2020-08-14T00:00:00.000,3,184,260,17436,17436,184,2020-08-14,3,260,0.0115384615384615,0.00790889549603554,3.41693891997845
Montgomery,2020-08-15T00:00:00.000,3,187,254,17690,17690,187,2020-08-15,3,254,0.0118110236220472,0.00780116752445944,3.42225778896425
Montgomery,2020-08-16T00:00:00.000,1,188,130,17820,17820,188,2020-08-16,1,130,0.00769230769230769,0.0076917456569027,1.14229844469069
Montgomery,2020-08-17T00:00:00.000,0,188,192,18012,18012,188,2020-08-17,0,192,0,0.00758115817191067,0
Montgomery,2020-08-18T00:00:00.000,1,189,166,18178,18178,189,2020-08-18,1,166,0.00602409638554217,0.0074698886433222,1.14105460002995
Montgomery,2020-08-19T00:00:00.000,1,190,145,18323,18323,190,2020-08-19,1,145,0.00689655172413793,0.00735837466951297,1.14007458959461
Montgomery,2020-08-20T00:00:00.000,3,193,362,18685,18685,193,2020-08-20,3,362,0.00828729281767956,0.00724700745550462,3.41699651207077
Montgomery,2020-08-21T00:00:00.000,0,193,199,18884,18884,193,2020-08-21,0,199,0,0.00713613216218202,0
Montgomery,2020-08-22T00:00:00.000,1,194,190,19074,19074,194,2020-08-22,1,190,0.00526315789473684,0.00702604893302341,1.13600757161982
Montgomery,2020-08-23T00:00:00.000,2,196,163,19237,19237,196,2020-08-23,2,163,0.0122699386503067,0.00691701450754941,2.27238322657506
Montgomery,2020-08-24T00:00:00.000,0,196,92,19329,19329,196,2020-08-24,0,92,0,0.00680924433308103,0
Montgomery,2020-08-25T00:00:00.000,1,197,169,19498,19498,197,2020-08-25,1,169,0.00591715976331361,0.00670291508952973,1.13447587545091
Montgomery,2020-08-26T00:00:00.000,1,198,138,19636,19636,198,2020-08-26,1,138,0.0072463768115942,0.00659816754742811,1.13230635800644
Montgomery,2020-08-27T00:00:00.000,2,200,263,19899,19899,200,2020-08-27,2,263,0.00760456273764259,0.0064951096851156,2.25875930797435
Montgomery,2020-08-28T00:00:00.000,2,202,218,20117,20117,202,2020-08-28,2,218,0.00917431192660551,0.00639381999762345,2.25769541772453
Montgomery,2020-08-29T00:00:00.000,0,202,217,20334,20334,202,2020-08-29,0,217,0,0.00629435093594848,0
Montgomery,2020-08-30T00:00:00.000,4,206,293,20627,20627,206,2020-08-30,4,293,0.0136518771331058,0.00619673242201784,4.52462065894653
Montgomery,2020-08-31T00:00:00.000,1,207,326,20953,20953,207,2020-08-31,1,326,0.00306748466257669,0.00610097539011002,1.13220321218652
Montgomery,2020-09-01T00:00:00.000,1,208,65,21018,21018,208,2020-09-01,1,65,0.0153846153846154,0.00600707531098589,1.13316125313874
Montgomery,2020-09-02T00:00:00.000,3,211,158,21176,21176,211,2020-09-02,3,158,0.0189873417721519,0.00591501565949692,3.40203879510936
Montgomery,2020-09-03T00:00:00.000,1,212,242,21418,21418,212,2020-09-03,1,242,0.00413223140495868,0.00582477129066662,1.13474053336344
Montgomery,2020-09-04T00:00:00.000,2,214,222,21640,21640,214,2020-09-04,2,222,0.00900900900900901,0.00573631169259544,2.27065001428438
Montgomery,2020-09-05T00:00:00.000,1,215,213,21853,21853,215,2020-09-05,1,213,0.00469483568075117,0.00564960408785197,1.13574601606802
Montgomery,2020-09-06T00:00:00.000,0,215,169,22022,22022,215,2020-09-06,0,169,0,0.00556461635775305,0
Montgomery,2020-09-07T00:00:00.000,0,215,163,22185,22185,215,2020-09-07,0,163,0,0.00548131976675419,0
Montgomery,2020-09-08T00:00:00.000,0,215,75,22260,22260,215,2020-09-08,0,75,0,0.00539969146679372,0
Montgomery,2020-09-09T00:00:00.000,0,215,137,22397,22397,215,2020-09-09,0,137,0,0.00531971676457515,0
Montgomery,2020-09-10T00:00:00.000,2,217,276,22673,22673,217,2020-09-10,2,276,0.0072463768115942,0.00524139113772847,2.26768991077551
Montgomery,2020-09-11T00:00:00.000,1,218,259,22932,22932,218,2020-09-11,1,259,0.00386100386100386,0.00516472198962536,1.13405869197727
Montgomery,2020-09-12T00:00:00.000,0,218,260,23192,23192,218,2020-09-12,0,260,0,0.0050897301365142,0
Montgomery,2020-09-13T00:00:00.000,0,218,322,23514,23514,218,2020-09-13,0,322,0,0.00501645102527605,0
Montgomery,2020-09-14T00:00:00.000,0,218,169,23683,23683,218,2020-09-14,0,169,0,0.00494493568486855,0
Montgomery,2020-09-15T00:00:00.000,0,218,190,23873,23873,218,2020-09-15,0,190,0,0.00487525141996866,0
Montgomery,2020-09-16T00:00:00.000,1,219,177,24050,24050,219,2020-09-16,1,177,0.00564971751412429,0.00480748226068375,1.13440156736059
Montgomery,2020-09-17T00:00:00.000,0,219,213,24263,24263,219,2020-09-17,0,213,0,0.00474172918785219,0
Montgomery,2020-09-18T00:00:00.000,4,223,244,24507,24507,223,2020-09-18,4,244,0.0163934426229508,0.00467811015895657,4.52651847140911
Montgomery,2020-09-19T00:00:00.000,4,227,287,24794,24794,227,2020-09-19,4,287,0.0139372822299652,0.00461675996476036,4.51378371723177
Montgomery,2020-09-20T00:00:00.000,0,227,254,25048,25048,227,2020-09-20,0,254,0,0.00455782995178335,0
Montgomery,2020-09-21T00:00:00.000,2,229,434,25482,25482,229,2020-09-21,2,434,0.00460829493087558,0.00450148764949676,2.23931437959219
Montgomery,2020-09-22T00:00:00.000,1,230,86,25568,25568,230,2020-09-22,1,86,0.0116279069767442,0.00444791634486829,1.11451934341706
Montgomery,2020-09-23T00:00:00.000,2,232,155,25723,25723,232,2020-09-23,2,155,0.0129032258064516,0.00439731464905114,2.21780568257229
Montgomery,2020-09-24T00:00:00.000,0,232,251,25974,25974,232,2020-09-24,0,251,0,0.00434989610268251,0
Montgomery,2020-09-25T00:00:00.000,0,232,159,26133,26133,232,2020-09-25,0,159,0,0.00430588886687241,0
Montgomery,2020-09-26T00:00:00.000,0,232,144,26277,26277,232,2020-09-26,0,144,0,0.00426553554647507,0
Montgomery,2020-09-27T00:00:00.000,0,232,70,26347,26347,232,2020-09-27,0,70,0,0.00422909319113588,0
Montgomery,2020-09-28T00:00:00.000,2,234,217,26564,26564,234,2020-09-28,2,217,0.00921658986175115,0.00419683351769137,2.19617276600487
Montgomery,2020-09-29T00:00:00.000,1,235,75,26639,26639,235,2020-09-29,1,75,0.0133333333333333,0.0041690433948847,1.09656120775418
Montgomery,2020-09-30T00:00:00.000,0,235,100,26739,26739,235,2020-09-30,0,100,0,0.00414602562862184,0
Montgomery,2020-10-01T00:00:00.000,1,236,272,27011,27011,236,2020-10-01,1,272,0.00367647058823529,0.00412810008275569,1.09228537221362
Montgomery,2020-10-02T00:00:00.000,1,237,354,27365,27365,237,2020-10-02,1,354,0.00282485875706215,0.00411560516727301,1.08958398322566
Montgomery,2020-10-03T00:00:00.000,1,238,310,27675,27675,238,2020-10-03,1,310,0.0032258064516129,0.00410889972282803,1.08654401195655
Montgomery,2020-10-04T00:00:00.000,0,238,214,27889,27889,238,2020-10-04,0,214,0,0.00410836532776,0
Montgomery,2020-10-05T00:00:00.000,3,241,180,28069,28069,241,2020-10-05,3,180,0.0166666666666667,0.00411440905141911,3.23871296508805
Montgomery,2020-10-06T00:00:00.000,0,241,71,28140,28140,241,2020-10-06,0,71,0,0.00412746667578798,0
Montgomery,2020-10-07T00:00:00.000,1,242,300,28440,28440,242,2020-10-07,1,300,0.00333333333333333,0.00414800640594112,1.07162384647496
Montgomery,2020-10-08T00:00:00.000,2,244,289,28729,28729,244,2020-10-08,2,289,0.0069204152249135,0.00417653308892952,2.13473734937954
Montgomery,2020-10-09T00:00:00.000,1,245,300,29029,29029,245,2020-10-09,1,300,0.00333333333333333,0.00421359296007937,1.06286893683293
Montgomery,2020-10-10T00:00:00.000,0,245,173,29202,29202,245,2020-10-10,0,173,0,0.00425977893525609,0
Montgomery,2020-10-11T00:00:00.000,0,245,269,29471,29471,245,2020-10-11,0,269,0,0.0043157364673501,0
Montgomery,2020-10-12T00:00:00.000,4,249,149,29620,29620,249,2020-10-12,4,149,0.0268456375838926,0.00438216998451785,4.1954419854186
Montgomery,2020-10-13T00:00:00.000,0,249,65,29685,29685,249,2020-10-13,0,65,0,0.00445984992678365,0
Montgomery,2020-10-14T00:00:00.000,1,250,299,29984,29984,250,2020-10-14,1,299,0.00334448160535117,0.00454962039553188,1.04034845943247
Montgomery,2020-10-15T00:00:00.000,2,252,403,30387,30387,252,2020-10-15,2,403,0.00496277915632754,0.00465240742745465,2.07470065739399
Montgomery,2020-10-16T00:00:00.000,2,254,269,30656,30656,254,2020-10-16,2,269,0.00743494423791822,0.00476922789970077,2.07275984793975
Montgomery,2020-10-17T00:00:00.000,0,254,223,30879,30879,254,2020-10-17,0,223,0,0.00490119906642715,0
Montgomery,2020-10-18T00:00:00.000,1,255,216,31095,31095,255,2020-10-18,1,216,0.00462962962962963,0.00504954871786038,1.03607940128931
Montgomery,2020-10-19T00:00:00.000,1,256,142,31237,31237,256,2020-10-19,1,142,0.00704225352112676,0.00521562594104752,1.03722887612656
Montgomery,2020-10-20T00:00:00.000,1,257,111,31348,31348,257,2020-10-20,1,111,0.00900900900900901,0.00540091244670126,1.03975724059792
Montgomery,2020-10-21T00:00:00.000,2,259,206,31554,31554,259,2020-10-21,2,206,0.00970873786407767,0.00560703440795408,2.08491225522777
Montgomery,2020-10-22T00:00:00.000,2,261,211,31765,31765,261,2020-10-22,2,211,0.00947867298578199,0.00583577473506048,2.09147594020401
Montgomery,2020-10-23T00:00:00.000,0,261,328,32093,32093,261,2020-10-23,0,328,0,0.00608908568458387,0
Montgomery,2020-10-24T00:00:00.000,0,261,239,32332,32332,261,2020-10-24,0,239,0,0.00636910167284328,0
Montgomery,2020-10-25T00:00:00.000,1,262,190,32522,32522,262,2020-10-25,1,190,0.00526315789473684,0.00667815213224511,1.05472911644763
Montgomery,2020-10-26T00:00:00.000,4,266,99,32621,32621,266,2020-10-26,4,99,0.0404040404040404,0.00701877421579912,4.22965419330076
Montgomery,2020-10-27T00:00:00.000,2,268,118,32739,32739,268,2020-10-27,2,118,0.0169491525423729,0.0073937251226502,2.11986270963585
Montgomery,2020-10-28T00:00:00.000,2,270,372,33111,33111,270,2020-10-28,2,372,0.00537634408602151,0.00780599378587436,2.12455710842181
Montgomery,2020-10-29T00:00:00.000,2,272,360,33471,33471,272,2020-10-29,2,360,0.00555555555555556,0.00825881163856617,2.12890530142768
Montgomery,2020-10-30T00:00:00.000,1,273,422,33893,33893,273,2020-10-30,1,422,0.0023696682464455,0.00875566215642667,1.06645262889038
Montgomery,2020-10-31T00:00:00.000,0,273,220,34113,34113,273,2020-10-31,0,220,0,0.00930028887181654,0
Montgomery,2020-11-01T00:00:00.000,3,276,147,34260,34260,276,2020-11-01,3,147,0.0204081632653061,0.00989670156839957,3.20980035590017
Montgomery,2020-11-02T00:00:00.000,5,281,196,34456,34456,281,2020-11-02,5,196,0.0255102040816327,0.0105491804059832,5.35709722563318
Montgomery,2020-11-03T00:00:00.000,2,283,93,34549,34549,283,2020-11-03,2,93,0.021505376344086,0.0112622777963835,2.1454830290656
Montgomery,2020-11-04T00:00:00.000,0,283,242,34791,34791,283,2020-11-04,0,242,0,0.0120408179623189,0
Montgomery,2020-11-05T00:00:00.000,9,292,318,35109,35109,292,2020-11-05,9,318,0.0283018867924528,0.012889894269003,9.67426624403233
Montgomery,2020-11-06T00:00:00.000,3,295,270,35379,35379,295,2020-11-06,3,270,0.0111111111111111,0.0138148646290114,3.22736538365848
Montgomery,2020-11-07T00:00:00.000,1,296,348,35727,35727,296,2020-11-07,1,348,0.0028735632183908,0.0148213455527425,1.07652449498008
Montgomery,2020-11-08T00:00:00.000,0,296,258,35985,35985,296,2020-11-08,0,258,0,0.0159152057515214,0
Montgomery,2020-11-09T00:00:00.000,0,296,97,36082,36082,296,2020-11-09,0,97,0,0.01710256060363,0
Montgomery,2020-11-10T00:00:00.000,4,300,124,36206,36206,300,2020-11-10,4,124,0.032258064516129,0.01838976926194,4.32208497669216
Montgomery,2020-11-11T00:00:00.000,4,304,297,36503,36503,304,2020-11-11,4,297,0.0134680134680135,0.0197834367160605,4.33712395606805
Montgomery,2020-11-12T00:00:00.000,3,307,225,36728,36728,307,2020-11-12,3,225,0.0133333333333333,0.021290423712414,3.27526665704753
Montgomery,2020-11-13T00:00:00.000,12,319,207,36935,36935,319,2020-11-13,12,207,0.0579710144927536,0.0229178680776075,13.1919370815452
Montgomery,2020-11-14T00:00:00.000,3,322,183,37118,37118,322,2020-11-14,3,183,0.0163934426229508,0.0246732216738569,3.32092868569843
Montgomery,2020-11-15T00:00:00.000,3,325,270,37388,37388,325,2020-11-15,3,270,0.0111111111111111,0.0265643079298037,3.34403847764335
Montgomery,2020-11-16T00:00:00.000,6,331,379,37767,37767,331,2020-11-16,6,379,0.0158311345646438,0.0285994056342143,6.73452083583975
Montgomery,2020-11-17T00:00:00.000,18,349,316,38083,38083,349,2020-11-17,18,316,0.0569620253164557,0.0307873654523832,20.3433059294531
Montgomery,2020-11-18T00:00:00.000,13,362,312,38395,38395,362,2020-11-18,13,312,0.0416666666666667,0.033137766438725,14.7934706104037
Nassau,2020-03-01T00:00:00.000,0,0,0,0,0,0,2020-03-01,0,0,1,0.0533045930186762,0
Nassau,2020-03-02T00:00:00.000,0,0,0,0,0,0,2020-03-02,0,0,1,0.0604060883159293,0
Nassau,2020-03-03T00:00:00.000,0,0,0,0,0,0,2020-03-03,0,0,1,0.0683809371361945,0
Nassau,2020-03-04T00:00:00.000,0,0,0,0,0,0,2020-03-04,0,0,1,0.0773089634662687,0
Nassau,2020-03-05T00:00:00.000,1,1,1,1,1,1,2020-03-05,1,1,1,0.0872659472191377,1.66324277303652
Nassau,2020-03-06T00:00:00.000,3,4,10,11,11,4,2020-03-06,3,10,0.3,0.0983197511903126,4.91063226782439
Nassau,2020-03-07T00:00:00.000,2,6,5,16,16,6,2020-03-07,2,5,0.4,0.11052583189404,3.23700220276975
Nassau,2020-03-08T00:00:00.000,4,10,11,27,27,10,2020-03-08,4,11,0.363636363636364,0.123922307524866,6.39903695652199
Nassau,2020-03-09T00:00:00.000,4,14,15,42,42,14,2020-03-09,4,15,0.266666666666667,0.138524863288251,6.32371758374351
Nassau,2020-03-10T00:00:00.000,6,20,22,64,64,20,2020-03-10,6,22,0.272727272727273,0.15432187908107,9.37235656075545
Nassau,2020-03-11T00:00:00.000,11,31,58,122,122,31,2020-03-11,11,58,0.189655172413793,0.171270246655553,16.9748603605908
Nassau,2020-03-12T00:00:00.000,14,45,86,208,208,45,2020-03-12,14,86,0.162790697674419,0.189292379775103,21.3399895013315
Nassau,2020-03-13T00:00:00.000,19,64,100,308,308,64,2020-03-13,19,100,0.19,0.20827489030212,28.6033680755841
Nassau,2020-03-14T00:00:00.000,20,84,82,390,390,84,2020-03-14,20,82,0.24390243902439,0.228069293372628,29.7335206947806
Nassau,2020-03-15T00:00:00.000,23,107,109,499,499,107,2020-03-15,23,109,0.211009174311927,0.248494918781707,33.76489972578
Nassau,2020-03-16T00:00:00.000,24,131,112,611,611,131,2020-03-16,24,112,0.214285714285714,0.269343964709821,34.7899966735602
Nassau,2020-03-17T00:00:00.000,52,183,218,829,829,183,2020-03-17,52,218,0.238532110091743,0.290388372173944,74.4310850328109
Nassau,2020-03-18T00:00:00.000,186,369,632,1461,1461,369,2020-03-18,186,632,0.294303797468354,0.311387970832792,262.426069026786
Nassau,2020-03-19T00:00:00.000,385,754,1036,2497,2497,754,2020-03-19,385,1036,0.371621621621622,0.332099193393853,536.622613913241
Nassau,2020-03-20T00:00:00.000,479,1233,1706,4203,4203,1233,2020-03-20,479,1706,0.280773739742087,0.35228360593072,659.683672098473
Nassau,2020-03-21T00:00:00.000,667,1900,1968,6171,6171,1900,2020-03-21,667,1968,0.338922764227642,0.37171556169102,906.345681920038
Nassau,2020-03-22T00:00:00.000,542,2442,1323,7494,7494,2442,2020-03-22,542,1323,0.409674981103553,0.390188439048336,729.869271038477
Nassau,2020-03-23T00:00:00.000,427,2869,993,8487,8487,2869,2020-03-23,427,993,0.430010070493454,0.407519135325598,574.310633405472
Nassau,2020-03-24T00:00:00.000,416,3285,896,9383,9383,3285,2020-03-24,416,896,0.464285714285714,0.423550715021914,557.925565801517
Nassau,2020-03-25T00:00:00.000,629,3914,1735,11118,11118,3914,2020-03-25,629,1735,0.362536023054755,0.438153315160191,839.817766514966
Nassau,2020-03-26T00:00:00.000,743,4657,1412,12530,12530,4657,2020-03-26,743,1412,0.526203966005666,0.451223565229836,986.853759210518
Nassau,2020-03-27T00:00:00.000,880,5537,1827,14357,14357,5537,2020-03-27,880,1827,0.481663929939792,0.462682872624637,1171.72953910028
Nassau,2020-03-28T00:00:00.000,908,6445,2107,16464,16464,6445,2020-03-28,908,2107,0.43094447081158,0.472474958167247,1206.25387329832
Nassau,2020-03-29T00:00:00.000,899,7344,1830,18294,18294,7344,2020-03-29,899,1830,0.491256830601093,0.480563011354838,1189.93642209134
Nassau,2020-03-30T00:00:00.000,1200,8544,2261,20555,20555,8544,2020-03-30,1200,2261,0.530738611233967,0.486926786558858,1582.14906238747
Nassau,2020-03-31T00:00:00.000,1010,9554,1845,22400,22400,9554,2020-03-31,1010,1845,0.547425474254743,0.491559895142084,1329.07504559528
Nassau,2020-04-01T00:00:00.000,1033,10587,1908,24308,24308,10587,2020-04-01,1033,1908,0.541404612159329,0.494467476822919,1363.07666296293
Nassau,2020-04-02T00:00:00.000,1437,12024,2663,26971,26971,12024,2020-04-02,1437,2663,0.53961697333834,0.495664365364187,1899.96237712942
Nassau,2020-04-03T00:00:00.000,1322,13346,2694,29665,29665,13346,2020-04-03,1322,2694,0.49072011878248,0.495173803467903,1750.22124040251
Nassau,2020-04-04T00:00:00.000,1052,14398,2195,31860,31860,14398,2020-04-04,1052,2195,0.479271070615034,0.49302671127538,1393.73846134375
Nassau,2020-04-05T00:00:00.000,1218,15616,2363,34223,34223,15616,2020-04-05,1218,2363,0.515446466356327,0.489261471535721,1613.71154921594
Nassau,2020-04-06T00:00:00.000,994,16610,2097,36320,36320,16610,2020-04-06,994,2097,0.474010491177873,0.483924160911907,1316.29120302939
Nassau,2020-04-07T00:00:00.000,1938,18548,4179,40499,40499,18548,2020-04-07,1938,4179,0.463747307968414,0.477069129500159,2563.98341191551
Nassau,2020-04-08T00:00:00.000,1592,20140,3598,44097,44097,20140,2020-04-08,1592,3598,0.442468037798777,0.468759808366882,2103.63933783816
Nassau,2020-04-09T00:00:00.000,1372,21512,3021,47118,47118,21512,2020-04-09,1372,3021,0.454154253558424,0.459069607721827,1814.06122557901
Nassau,2020-04-10T00:00:00.000,1072,22584,2527,49645,49645,22584,2020-04-10,1072,2527,0.424218440838939,0.448082757198285,1417.27275759538
Nassau,2020-04-11T00:00:00.000,969,23553,2307,51952,51952,23553,2020-04-11,969,2307,0.420026007802341,0.435894936212783,1280.20358306766
Nassau,2020-04-12T00:00:00.000,805,24358,2072,54024,54024,24358,2020-04-12,805,2072,0.388513513513513,0.422613549007555,1062.23476299477
Nassau,2020-04-13T00:00:00.000,892,25250,2283,56307,56307,25250,2020-04-13,892,2283,0.390713972842751,0.408357517438864,1175.16456053356
Nassau,2020-04-14T00:00:00.000,1465,26715,3155,59462,59462,26715,2020-04-14,1465,3155,0.464342313787639,0.393256496291703,1928.88600734686
Nassau,2020-04-15T00:00:00.000,1057,27772,2814,62276,62276,27772,2020-04-15,1057,2814,0.375621890547264,0.377449460058038,1390.60499611449
Nassau,2020-04-16T00:00:00.000,767,28539,2386,64662,64662,28539,2020-04-16,767,2386,0.321458507963118,0.361082664317797,1008.12213843763
Nassau,2020-04-17T00:00:00.000,641,29180,1973,66635,66635,29180,2020-04-17,641,1973,0.324885960466295,0.344307044011541,841.810323520191
Nassau,2020-04-18T00:00:00.000,833,30013,2658,69293,69293,30013,2020-04-18,833,2658,0.31339352896915,0.327275168489149,1095.2581169253
Nassau,2020-04-19T00:00:00.000,664,30677,2196,71489,71489,30677,2020-04-19,664,2196,0.302367941712204,0.310137921770395,873.935214185704
Nassau,2020-04-20T00:00:00.000,402,31079,1385,72874,72874,31079,2020-04-20,402,1385,0.290252707581227,0.293041108996572,529.543506958626
Nassau,2020-04-21T00:00:00.000,476,31555,1697,74571,74571,31555,2020-04-21,476,1697,0.280494991160872,0.276122201793173,627.440583249662
Nassau,2020-04-22T00:00:00.000,569,32124,1980,76551,76551,32124,2020-04-22,569,1980,0.287373737373737,0.259507424175424,750.403733669589
Nassau,2020-04-23T00:00:00.000,641,32765,2787,79338,79338,32765,2020-04-23,641,2787,0.229996411912451,0.243309348450718,845.642246058038
Nassau,2020-04-24T00:00:00.000,1033,33798,4225,83563,83563,33798,2020-04-24,1033,4225,0.244497041420118,0.227625122195764,1363.03176664211
Nassau,2020-04-25T00:00:00.000,724,34522,3334,86897,86897,34522,2020-04-25,724,3334,0.217156568686263,0.212535389806953,955.333199907593
Nassau,2020-04-26T00:00:00.000,343,34865,1871,88768,88768,34865,2020-04-26,343,1871,0.183324425440941,0.198103913380935,452.540501160105
Nassau,2020-04-27T00:00:00.000,220,35085,1499,90267,90267,35085,2020-04-27,220,1499,0.146764509673115,0.184377844859716,290.183206042639
Nassau,2020-04-28T00:00:00.000,420,35505,2509,92776,92776,35505,2020-04-28,420,2509,0.167397369469908,0.17138856002839,553.690232052665
Nassau,2020-04-29T00:00:00.000,349,35854,2424,95200,95200,35854,2020-04-29,349,2424,0.143976897689769,0.159152937926181,459.762270861006
Nassau,2020-04-30T00:00:00.000,307,36161,2108,97308,97308,36161,2020-04-30,307,2108,0.145635673624288,0.147674957097019,404.094201796396
Nassau,2020-05-01T00:00:00.000,358,36519,2384,99692,99692,36519,2020-05-01,358,2384,0.150167785234899,0.136947481277462,470.773985010494
Nassau,2020-05-02T00:00:00.000,261,36780,2194,101886,101886,36780,2020-05-02,261,2194,0.118960802187785,0.126954118631824,342.851872368429
Nassau,2020-05-03T00:00:00.000,185,36965,1736,103622,103622,36965,2020-05-03,185,1736,0.106566820276498,0.117671057058369,243.118108898483
Nassau,2020-05-04T00:00:00.000,187,37152,1822,105444,105444,37152,2020-05-04,187,1822,0.102634467618002,0.109068799906033,246.66135870792
Nassau,2020-05-05T00:00:00.000,198,37350,1765,107209,107209,37350,2020-05-05,198,1765,0.112181303116147,0.101113748747145,261.509440443628
Nassau,2020-05-06T00:00:00.000,243,37593,2658,109867,109867,37593,2020-05-06,243,2658,0.0914221218961625,0.0937696005330912,321.179239807015
Nassau,2020-05-07T00:00:00.000,219,37812,2050,111917,111917,37812,2020-05-07,219,2050,0.106829268292683,0.0869985440832744,289.509965203324
Nassau,2020-05-08T00:00:00.000,216,38028,2390,114307,114307,38028,2020-05-08,216,2390,0.0903765690376569,0.0807622548666625,285.052375246183
Nassau,2020-05-09T00:00:00.000,189,38217,2260,116567,116567,38217,2020-05-09,189,2260,0.0836283185840708,0.0750226973067785,248.878176124161
Nassau,2020-05-10T00:00:00.000,120,38337,1756,118323,118323,38337,2020-05-10,120,1756,0.0683371298405467,0.0697427506912073,157.659392687461
Nassau,2020-05-11T00:00:00.000,97,38434,1558,119881,119881,38434,2020-05-11,97,1558,0.0622593068035944,0.064886678723715,127.544360542002
Nassau,2020-05-12T00:00:00.000,153,38587,2374,122255,122255,38587,2020-05-12,153,2374,0.0644481887110362,0.060420464426762,201.471938882601
Nassau,2020-05-13T00:00:00.000,156,38743,2633,124888,124888,38743,2020-05-13,156,2633,0.0592480060767186,0.0563120320757491,205.692607582012
Nassau,2020-05-14T00:00:00.000,121,38864,2363,127251,127251,38864,2020-05-14,121,2363,0.0512060939483707,0.0525313766695128,159.72638886005
Nassau,2020-05-15T00:00:00.000,169,39033,2478,129729,129729,39033,2020-05-15,169,2478,0.0682001614205004,0.0490506195626507,223.300962398151
Nassau,2020-05-16T00:00:00.000,103,39136,2020,131749,131749,39136,2020-05-16,103,2020,0.050990099009901,0.0458440066316807,136.524823560499
Nassau,2020-05-17T00:00:00.000,89,39225,1749,133498,133498,39225,2020-05-17,89,1749,0.0508862206975415,0.0428878630010623,118.412711406141
Nassau,2020-05-18T00:00:00.000,70,39295,1635,135133,135133,39295,2020-05-18,70,1635,0.0428134556574924,0.0401605160553064,93.4304632846592
Nassau,2020-05-19T00:00:00.000,73,39368,2281,137414,137414,39368,2020-05-19,73,2281,0.0320035072336694,0.0376421963580898,98.0338333189946
Nassau,2020-05-20T00:00:00.000,119,39487,3112,140526,140526,39487,2020-05-20,119,3112,0.0382390745501285,0.0353149242023101,160.70550068586
Nassau,2020-05-21T00:00:00.000,121,39608,3097,143623,143623,39608,2020-05-21,121,3097,0.0390700678075557,0.0331623878927237,164.227539552791
Nassau,2020-05-22T00:00:00.000,118,39726,4188,147811,147811,39726,2020-05-22,118,4188,0.0281757402101242,0.0311698184836141,160.782319580052
Nassau,2020-05-23T00:00:00.000,111,39837,3739,151550,151550,39837,2020-05-23,111,3739,0.0296870821075154,0.0293238645539491,151.191267520853
Nassau,2020-05-24T00:00:00.000,70,39907,2891,154441,154441,39907,2020-05-24,70,2891,0.0242130750605327,0.0276124696817778,95.2272619112755
Nassau,2020-05-25T00:00:00.000,67,39974,2269,156710,156710,39974,2020-05-25,67,2269,0.0295284266196562,0.026024754532561,90.9446274014364
Nassau,2020-05-26T00:00:00.000,60,40034,2390,159100,159100,40034,2020-05-26,60,2390,0.0251046025104603,0.0245509048980144,81.1756898809312
Nassau,2020-05-27T00:00:00.000,106,40140,4664,163764,163764,40140,2020-05-27,106,4664,0.0227272727272727,0.0231820665589253,142.815844911711
Nassau,2020-05-28T00:00:00.000,86,40226,4760,168524,168524,40226,2020-05-28,86,4760,0.0180672268907563,0.0219102474958817,115.291823971317
Nassau,2020-05-29T00:00:00.000,81,40307,4710,173234,173234,40307,2020-05-29,81,4710,0.0171974522292994,0.0207282276990469,107.959823967866
Nassau,2020-05-30T00:00:00.000,89,40396,4112,177346,177346,40396,2020-05-30,89,4112,0.0216439688715953,0.0196294766214627,117.844373868501
Nassau,2020-05-31T00:00:00.000,83,40479,3878,181224,181224,40479,2020-05-31,83,3878,0.0214027849406911,0.0186080781625459,109.135175994552
Nassau,2020-06-01T00:00:00.000,93,40572,3851,185075,185075,40572,2020-06-01,93,3851,0.0241495715398598,0.0176586629520509,121.730692277717
Nassau,2020-06-02T00:00:00.000,72,40644,4433,189508,189508,40644,2020-06-02,72,4433,0.0162418226934356,0.016776347613661,93.7659456866453
Nassau,2020-06-03T00:00:00.000,69,40713,5104,194612,194612,40713,2020-06-03,69,5104,0.0135188087774295,0.0159566806230652,89.3575844140439
Nassau,2020-06-04T00:00:00.000,84,40797,5177,199789,199789,40797,2020-06-04,84,5177,0.0162256132895499,0.0151955943296619,108.122560687662
Nassau,2020-06-05T00:00:00.000,56,40853,5533,205322,205322,40853,2020-06-05,56,5533,0.010121091632026,0.0144893626769816,71.679243819772
Nassau,2020-06-06T00:00:00.000,51,40904,4119,209441,209441,40904,2020-06-06,51,4119,0.0123816460305899,0.0138345641390484,64.9693308109622
Nassau,2020-06-07T00:00:00.000,43,40947,4033,213474,213474,40947,2020-06-07,43,4033,0.010662038184974,0.0132280493817065,54.494508503718
Nassau,2020-06-08T00:00:00.000,33,40980,3159,216633,216633,40980,2020-06-08,33,3159,0.0104463437796771,0.0126669131583158,41.5745850996321
Nassau,2020-06-09T00:00:00.000,35,41015,4210,220843,220843,41015,2020-06-09,35,4210,0.00831353919239905,0.0121484699577001,43.8585255878952
Nassau,2020-06-10T00:00:00.000,45,41060,4869,225712,225712,41060,2020-06-10,45,4869,0.00924214417744917,0.011670232939335,56.3357037285507
Nassau,2020-06-11T00:00:00.000,54,41114,4796,230508,230508,41114,2020-06-11,54,4796,0.0112593828190158,0.0112298957118654,67.5251100042572
Nassau,2020-06-12T00:00:00.000,58,41172,5228,235736,235736,41172,2020-06-12,58,5228,0.0110941086457536,0.0108253165372788,72.4303237393167
Nassau,2020-06-13T00:00:00.000,32,41204,4039,239775,239775,41204,2020-06-13,32,4039,0.00792275315672196,0.010454504573503,39.9015272636955
Nassau,2020-06-14T00:00:00.000,36,41240,3939,243714,243714,41240,2020-06-14,36,3939,0.00913937547600914,0.0101156078002035,44.8147645691206
Nassau,2020-06-15T00:00:00.000,50,41290,4585,248299,248299,41290,2020-06-15,50,4585,0.0109051254089422,0.00980690230658397,62.1305836475008
Nassau,2020-06-16T00:00:00.000,30,41320,4270,252569,252569,41320,2020-06-16,30,4270,0.00702576112412178,0.00952678265368637,37.2063366679031
Nassau,2020-06-17T00:00:00.000,29,41349,5054,257623,257623,41349,2020-06-17,29,5054,0.00573802928373566,0.00927375305741633,35.8924226793498
Nassau,2020-06-18T00:00:00.000,38,41387,5646,263269,263269,41387,2020-06-18,38,5646,0.0067304286220333,0.00904641917124562,46.9280646712816
Nassau,2020-06-19T00:00:00.000,56,41443,4698,267967,267967,41443,2020-06-19,56,4698,0.0119199659429544,0.00884348027789197,68.9991366125222
Nassau,2020-06-20T00:00:00.000,36,41479,5000,272967,272967,41479,2020-06-20,36,5000,0.0072,0.00866372172887231,44.2518582687193
Nassau,2020-06-21T00:00:00.000,34,41513,4104,277071,277071,41513,2020-06-21,34,4104,0.00828460038986355,0.00850600749766176,41.691946440786
Nassau,2020-06-22T00:00:00.000,31,41544,3374,280445,280445,41544,2020-06-22,31,3374,0.00918790752815649,0.00836927273767474,37.9187174630389
Nassau,2020-06-23T00:00:00.000,41,41585,3983,284428,284428,41585,2020-06-23,41,3983,0.010293748430831,0.0082525162600227,50.0232652141345
Nassau,2020-06-24T00:00:00.000,61,41646,5618,290046,290046,41646,2020-06-24,61,5618,0.0108579565681737,0.00815479286949103,74.2325479526074
Nassau,2020-06-25T00:00:00.000,38,41684,3867,293913,293913,41684,2020-06-25,38,3867,0.00982673907421774,0.0080752055178167,46.1218428021319
Nassau,2020-06-26T00:00:00.000,41,41725,5282,299195,299195,41725,2020-06-26,41,5282,0.0077622112836047,0.00801289725752289,49.6305542710934
Nassau,2020-06-27T00:00:00.000,29,41754,5255,304450,304450,41754,2020-06-27,29,5255,0.0055185537583254,0.00796704300012169,35.0098438255293
Nassau,2020-06-28T00:00:00.000,26,41780,3856,308306,308306,41780,2020-06-28,26,3856,0.00674273858921162,0.00793684110685273,31.3023984860584
Nassau,2020-06-29T00:00:00.000,27,41807,3478,311784,311784,41807,2020-06-29,27,3478,0.00776308223116734,0.00792150486439973,32.4164396667397
Nassau,2020-06-30T00:00:00.000,46,41853,3842,315626,315626,41853,2020-06-30,46,3842,0.0119729307652264,0.00792025392315561,55.0733374392718
Nassau,2020-07-01T00:00:00.000,57,41910,5297,320923,320923,41910,2020-07-01,57,5297,0.0107608080045309,0.00793230580290727,68.0493961261976
Nassau,2020-07-02T00:00:00.000,37,41947,4562,325485,325485,41947,2020-07-02,37,4562,0.00811047786058746,0.0079568675980648,44.0452984124304
Nassau,2020-07-03T00:00:00.000,41,41988,4709,330194,330194,41988,2020-07-03,41,4709,0.008706731790189,0.0079931280413125,48.5986605070907
Nassau,2020-07-04T00:00:00.000,43,42031,6290,336484,336484,42031,2020-07-04,43,6290,0.0068362480127186,0.00804025011182226,50.8864776937055
Nassau,2020-07-05T00:00:00.000,22,42053,3801,340285,340285,42053,2020-07-05,22,3801,0.00578795053933175,0.00809736439659492,25.9563208165537
Nassau,2020-07-06T00:00:00.000,35,42088,4066,344351,344351,42088,2020-07-06,35,4066,0.00860796851942941,0.00816356343343279,41.1746587458667
Nassau,2020-07-07T00:00:00.000,34,42122,3792,348143,348143,42122,2020-07-07,34,3792,0.0089662447257384,0.0082378972767599,39.9483331462463
Nassau,2020-07-08T00:00:00.000,42,42164,5038,353181,353181,42164,2020-07-08,42,5038,0.00833664152441445,0.00831937053152724,49.2741670148216
Nassau,2020-07-09T00:00:00.000,68,42232,6711,359892,359892,42232,2020-07-09,68,6711,0.0101326180897035,0.00840694109496133,79.6501030754429
Nassau,2020-07-10T00:00:00.000,35,42267,5718,365610,365610,42267,2020-07-10,35,5718,0.00612102133613151,0.00849952082643004,40.9272605468983
Nassau,2020-07-11T00:00:00.000,40,42307,5168,370778,370778,42307,2020-07-11,40,5168,0.00773993808049536,0.00859597833336741,46.6908679675897
Nassau,2020-07-12T00:00:00.000,47,42354,4319,375097,375097,42354,2020-07-12,47,4319,0.0108821486455198,0.00869514401384999,54.7592912075303
Nassau,2020-07-13T00:00:00.000,69,42423,3898,378995,378995,42423,2020-07-13,69,3898,0.0177013853258081,0.00879581743286697,80.2340126047725
Nassau,2020-07-14T00:00:00.000,39,42462,4295,383290,383290,42462,2020-07-14,39,4295,0.00908032596041909,0.00889677703446511,45.2570200908698
Nassau,2020-07-15T00:00:00.000,44,42506,5979,389269,389269,42506,2020-07-15,44,5979,0.00735909014885432,0.00899679210222015,50.9506424081581
Nassau,2020-07-16T00:00:00.000,49,42555,5567,394836,394836,42555,2020-07-16,49,5567,0.00880186815160769,0.00909463678567887,56.6153146043124
Nassau,2020-07-17T00:00:00.000,39,42594,4695,399531,399531,42594,2020-07-17,39,4695,0.00830670926517572,0.00918910590950192,45.0208129942194
Nassau,2020-07-18T00:00:00.000,28,42622,3006,402537,402537,42622,2020-07-18,28,3006,0.00931470392548237,0.0092790321845022,32.3796580210422
Nassau,2020-07-19T00:00:00.000,56,42678,3987,406524,406524,42678,2020-07-19,56,3987,0.0140456483571608,0.00936330434947043,64.8415672950868
Nassau,2020-07-20T00:00:00.000,51,42729,4724,411248,411248,42729,2020-07-20,51,4724,0.0107959356477561,0.00944088569751463,59.0972035240984
Nassau,2020-07-21T00:00:00.000,36,42765,3991,415239,415239,42765,2020-07-21,36,3991,0.0090202956652468,0.00951083238429673,41.7209937932223
Nassau,2020-07-22T00:00:00.000,51,42816,4594,419833,419833,42816,2020-07-22,51,4594,0.0111014366565085,0.00957231088797265,59.0763830199375
Nassau,2020-07-23T00:00:00.000,44,42860,5798,425631,425631,42860,2020-07-23,44,5798,0.00758882373232149,0.00962461398832361,50.9188826788306
Nassau,2020-07-24T00:00:00.000,55,42915,5712,431343,431343,42915,2020-07-24,55,5712,0.00962885154061625,0.00966717466613709,63.8248144307075
Nassau,2020-07-25T00:00:00.000,45,42960,3752,435095,435095,42960,2020-07-25,45,3752,0.0119936034115139,0.00969957738576076,52.3373651198099
Nassau,2020-07-26T00:00:00.000,57,43017,4176,439271,439271,43017,2020-07-26,57,4176,0.0136494252873563,0.00972156631615264,66.3813729035982
Nassau,2020-07-27T00:00:00.000,42,43059,4208,443479,443479,43059,2020-07-27,42,4208,0.00998098859315589,0.00973305016291543,48.9405430671062
Nassau,2020-07-28T00:00:00.000,41,43100,4616,448095,448095,43100,2020-07-28,41,4616,0.00888214904679376,0.0097341034185455,47.7665354834315
Nassau,2020-07-29T00:00:00.000,58,43158,5731,453826,453826,43158,2020-07-29,58,5731,0.0101203978363287,0.00972496398300294,67.5070627156328
Nassau,2020-07-30T00:00:00.000,45,43203,5138,458964,458964,43203,2020-07-30,45,5138,0.00875827170105099,0.00970602725528226,52.2839123897043
Nassau,2020-07-31T00:00:00.000,68,43271,7106,466070,466070,43271,2020-07-31,68,7106,0.00956937799043062,0.00967783693460562,78.873420754319
Nassau,2020-08-01T00:00:00.000,51,43322,4727,470797,470797,43322,2020-08-01,51,4727,0.0107890839856146,0.00964107289683052,59.127166026567
Nassau,2020-08-02T00:00:00.000,58,43380,3808,474605,474605,43380,2020-08-02,58,3808,0.0152310924369748,0.00959653661316063,67.1404905381568
Nassau,2020-08-03T00:00:00.000,56,43436,4606,479211,479211,43436,2020-08-03,56,4606,0.0121580547112462,0.00954513465386523,64.6956154567481
Nassau,2020-08-04T00:00:00.000,46,43482,5492,484703,484703,43482,2020-08-04,46,5492,0.00837581937363438,0.0094878608653716,53.0117569572707
Nassau,2020-08-05T00:00:00.000,52,43534,5304,490007,490007,43534,2020-08-05,52,5304,0.00980392156862745,0.00942577782276917,59.7516703857711
Nassau,2020-08-06T00:00:00.000,46,43580,5019,495026,495026,43580,2020-08-06,46,5019,0.00916517234508866,0.00935999814268641,52.8440844258114
Nassau,2020-08-07T00:00:00.000,48,43628,6525,501551,501551,43628,2020-08-07,48,6525,0.00735632183908046,0.0092916661999208,55.2048739314472
Nassau,2020-08-08T00:00:00.000,27,43655,5314,506865,506865,43655,2020-08-08,27,5314,0.00508091832894242,0.00922194072480705,31.0814428053786
Nassau,2020-08-09T00:00:00.000,35,43690,3823,510688,510688,43690,2020-08-09,35,3823,0.00915511378498561,0.0091519786758769,40.318320957759
Nassau,2020-08-10T00:00:00.000,34,43724,5273,515961,515961,43724,2020-08-10,34,5273,0.0064479423478096,0.00908292069089384,39.1832387744166
Nassau,2020-08-11T00:00:00.000,37,43761,5160,521121,521121,43761,2020-08-11,37,5160,0.00717054263565891,0.0090158783203949,42.6403919947312
Nassau,2020-08-12T00:00:00.000,34,43795,5534,526655,526655,43795,2020-08-12,34,5534,0.00614383809179617,0.00895192315211313,39.1657882595544
Nassau,2020-08-13T00:00:00.000,45,43840,6693,533348,533348,43840,2020-08-13,45,6693,0.00672344240251008,0.00889207784406251,51.8012985675523
Nassau,2020-08-14T00:00:00.000,51,43891,6389,539737,539737,43891,2020-08-14,51,6389,0.00798246987008922,0.00883730900232867,58.7362962066788
Nassau,2020-08-15T00:00:00.000,38,43929,5833,545570,545570,43929,2020-08-15,38,5833,0.00651465798045603,0.00878852177030075,43.8682879372195
Nassau,2020-08-16T00:00:00.000,26,43955,4425,549995,549995,43955,2020-08-16,26,4425,0.00587570621468927,0.00874655594224585,30.0839009262668
Nassau,2020-08-17T00:00:00.000,46,44001,4460,554455,554455,44001,2020-08-17,46,4460,0.0103139013452915,0.00871218337133263,53.2641150447779
Nassau,2020-08-18T00:00:00.000,62,44063,7861,562316,562316,44063,2020-08-18,62,7861,0.00788703727261163,0.00868610641724933,71.8206311674508
Nassau,2020-08-19T00:00:00.000,49,44112,5928,568244,568244,44112,2020-08-19,49,5928,0.00826585695006748,0.00866895716513678,56.7868582759933
Nassau,2020-08-20T00:00:00.000,50,44162,7190,575434,575434,44162,2020-08-20,50,7190,0.00695410292072323,0.00866129714560792,57.9743259764805
Nassau,2020-08-21T00:00:00.000,43,44205,6974,582408,582408,44205,2020-08-21,43,6974,0.00616575853168913,0.00866361729629372,49.8721879250483
Nassau,2020-08-22T00:00:00.000,40,44245,5082,587490,587490,44245,2020-08-22,40,5082,0.00787091696182605,0.00867633792433476,46.4091640989461
Nassau,2020-08-23T00:00:00.000,39,44284,4386,591876,591876,44284,2020-08-23,39,4386,0.00889192886456908,0.0086998084538842,45.3393496910997
Nassau,2020-08-24T00:00:00.000,64,44348,5565,597441,597441,44348,2020-08-24,64,5565,0.0115004492362983,0.00873430677810536,74.5221999968248
Nassau,2020-08-25T00:00:00.000,55,44403,5589,603030,603030,44403,2020-08-25,55,5589,0.00984075863302916,0.00878003807091359,64.1034233030334
Nassau,2020-08-26T00:00:00.000,47,44450,6294,609324,609324,44450,2020-08-26,47,6294,0.00746742929774388,0.00883713295799689,54.7962210341213
Nassau,2020-08-27T00:00:00.000,53,44503,9814,619138,619138,44503,2020-08-27,53,9814,0.0054004483391074,0.00890564499203519,61.7765595647215
Nassau,2020-08-28T00:00:00.000,51,44554,6780,625918,625918,44554,2020-08-28,51,6780,0.00752212389380531,0.00898554742782242,59.5640124161829
Nassau,2020-08-29T00:00:00.000,56,44610,6719,632637,632637,44610,2020-08-29,56,6719,0.0083345735972615,0.00907672934404103,65.641221520483
Nassau,2020-08-30T00:00:00.000,67,44677,5442,638079,638079,44677,2020-08-30,67,5442,0.0123116501286292,0.00917899121482185,78.8243152244428
Nassau,2020-08-31T00:00:00.000,84,44761,7238,645317,645317,44761,2020-08-31,84,7238,0.011605415860735,0.00929204008840947,99.1915893240707
Nassau,2020-09-01T00:00:00.000,84,44845,10917,656234,656234,44845,2020-09-01,84,10917,0.00769442154438032,0.00941548458722907,99.5609339820248
Nassau,2020-09-02T00:00:00.000,79,44924,6522,662756,662756,44924,2020-09-02,79,6522,0.0121128488193806,0.00954882999724403,93.9819657557957
Nassau,2020-09-03T00:00:00.000,84,45008,7265,670021,670021,45008,2020-09-03,84,7265,0.0115622849277357,0.00969147376590957,100.296770467948
Nassau,2020-09-04T00:00:00.000,107,45115,6642,676663,676663,45115,2020-09-04,107,6642,0.0161096055404998,0.00984270177128238,128.218927567319
Nassau,2020-09-05T00:00:00.000,78,45193,6573,683236,683236,45193,2020-09-05,78,6573,0.0118667275216796,0.0100016857606653,93.7953576793588
Nassau,2020-09-06T00:00:00.000,36,45229,4189,687425,687425,45229,2020-09-06,36,4189,0.00859393650035808,0.0101674823785075,43.4361954618238
Nassau,2020-09-07T00:00:00.000,65,45294,4216,691641,691641,45294,2020-09-07,65,4216,0.0154174573055028,0.0103390342093917,78.6755757961353
Nassau,2020-09-08T00:00:00.000,78,45372,4238,695879,695879,45372,2020-09-08,78,4238,0.0184049079754601,0.0105151732466755,94.6772087314366
Nassau,2020-09-09T00:00:00.000,73,45445,6033,701912,701912,45445,2020-09-09,73,6033,0.0121001160285099,0.0106946271614135,88.8359354449474
Nassau,2020-09-10T00:00:00.000,105,45550,7023,708935,708935,45550,2020-09-10,105,7023,0.0149508756941478,0.0108760286819805,128.069392269416
Nassau,2020-09-11T00:00:00.000,83,45633,5742,714677,714677,45633,2020-09-11,83,5742,0.0144548937652386,0.0110579283077797,101.572538401676
Nassau,2020-09-12T00:00:00.000,78,45711,5780,720457,720457,45711,2020-09-12,78,5780,0.0134948096885813,0.0112388104655356,95.816122945072
Nassau,2020-09-13T00:00:00.000,52,45763,4258,724715,724715,45763,2020-09-13,52,4258,0.0122123062470643,0.0114171130810664,64.09684097584
Nassau,2020-09-14T00:00:00.000,77,45840,6928,731643,731643,45840,2020-09-14,77,6928,0.0111143187066975,0.0115912503839005,95.2009030964001
Nassau,2020-09-15T00:00:00.000,66,45906,4810,736453,736453,45906,2020-09-15,66,4810,0.0137214137214137,0.0117596385980274,81.8132118885969
Nassau,2020-09-16T00:00:00.000,83,45989,6284,742737,742737,45989,2020-09-16,83,6284,0.0132081476766391,0.0119207240034797,103.105873177577
Nassau,2020-09-17T00:00:00.000,63,46052,6037,748774,748774,46052,2020-09-17,63,6037,0.0104356468444592,0.0120730126944935,78.3886531104635
Nassau,2020-09-18T00:00:00.000,102,46154,8330,757104,757104,46154,2020-09-18,102,8330,0.0122448979591837,0.0122151012198635,127.053648236073
Nassau,2020-09-19T00:00:00.000,64,46218,6759,763863,763863,46218,2020-09-19,64,6759,0.00946885633969522,0.0123457071797139,79.6853704338165
Nassau,2020-09-20T00:00:00.000,41,46259,4905,768768,768768,46259,2020-09-20,41,4905,0.00835881753312946,0.0124636987850243,50.9748520915692
Nassau,2020-09-21T00:00:00.000,66,46325,6020,774788,774788,46325,2020-09-21,66,6020,0.0109634551495017,0.0125681223608469,81.8880336194191
Nassau,2020-09-22T00:00:00.000,63,46388,4360,779148,779148,46388,2020-09-22,63,4360,0.0144495412844037,0.0126582268086563,77.9560429352676
Nassau,2020-09-23T00:00:00.000,46,46434,5634,784782,784782,46434,2020-09-23,46,5634,0.00816471423500177,0.0127334841260762,56.73189609276
Nassau,2020-09-24T00:00:00.000,71,46505,6406,791188,791188,46505,2020-09-24,71,6406,0.0110833593506088,0.01279360522098,87.2200856096427
Nassau,2020-09-25T00:00:00.000,71,46576,6733,797921,797921,46576,2020-09-25,71,6733,0.0105450764889351,0.0128385504408938,87.1143240360447
Nassau,2020-09-26T00:00:00.000,67,46643,5975,803896,803896,46643,2020-09-26,67,5975,0.0112133891213389,0.012868534455993,82.2902995931805
Nassau,2020-09-27T00:00:00.000,68,46711,4043,807939,807939,46711,2020-09-27,68,4043,0.0168191936680683,0.0128840253764628,83.5518953248227
Nassau,2020-09-28T00:00:00.000,80,46791,5621,813560,813560,46791,2020-09-28,80,5621,0.0142323429994663,0.0128857382341598,98.2754971153265
Nassau,2020-09-29T00:00:00.000,66,46857,4876,818436,818436,46857,2020-09-29,66,4876,0.0135356849876948,0.0128746231986555,81.0114909013546
Nassau,2020-09-30T00:00:00.000,72,46929,5967,824403,824403,46929,2020-09-30,72,5967,0.0120663650075415,0.0128518491181507,88.2529347453006
Nassau,2020-10-01T00:00:00.000,105,47034,7917,832320,832320,47034,2020-10-01,105,7917,0.013262599469496,0.0128187831577334,128.450285843328
Nassau,2020-10-02T00:00:00.000,133,47167,9841,842161,842161,47167,2020-10-02,133,9841,0.0135148866985062,0.0127769674456453,162.297473786107
Nassau,2020-10-03T00:00:00.000,79,47246,7752,849913,849913,47246,2020-10-03,79,7752,0.0101909184726522,0.0127280937252378,96.112128713773
Nassau,2020-10-04T00:00:00.000,56,47302,5954,855867,855867,47302,2020-10-04,56,5954,0.0094054417198522,0.0126739770414457,67.8921188849109
Nassau,2020-10-05T00:00:00.000,90,47392,7585,863452,863452,47392,2020-10-05,90,7585,0.011865524060646,0.0126165294704943,108.681834006454
Nassau,2020-10-06T00:00:00.000,124,47516,7817,871269,871269,47516,2020-10-06,124,7817,0.0158628629909172,0.0125577348340639,149.08592634418
Nassau,2020-10-07T00:00:00.000,140,47656,11919,883188,883188,47656,2020-10-07,140,11919,0.0117459518415974,0.0124996252311992,167.523663675938
Nassau,2020-10-08T00:00:00.000,80,47736,8320,891508,891508,47736,2020-10-08,80,8320,0.00961538461538462,0.0124442600838665,95.240080799116
Nassau,2020-10-09T00:00:00.000,105,47841,8925,900433,900433,47841,2020-10-09,105,8925,0.0117647058823529,0.0123937082354557,124.315099682376
Nassau,2020-10-10T00:00:00.000,92,47933,8397,908830,908830,47933,2020-10-10,92,8397,0.0109562939144933,0.0123500334756238,108.294111954402
Nassau,2020-10-11T00:00:00.000,65,47998,5181,914011,914011,47998,2020-10-11,65,5181,0.0125458405713183,0.0123152837012753,76.0530095585934
Nassau,2020-10-12T00:00:00.000,101,48099,7833,921844,921844,48099,2020-10-12,101,7833,0.0128941657091791,0.0122914837669912,117.443939787168
Nassau,2020-10-13T00:00:00.000,85,48184,7559,929403,929403,48184,2020-10-13,85,7559,0.0112448736605371,0.0122806319403487,98.2134403350076
Nassau,2020-10-14T00:00:00.000,88,48272,7980,937383,937383,48272,2020-10-14,88,7980,0.0110275689223058,0.0122846997562956,101.111473400218
Nassau,2020-10-15T00:00:00.000,105,48377,9485,946868,946868,48377,2020-10-15,105,9485,0.011070110701107,0.0123056349683787,120.048676577476
Nassau,2020-10-16T00:00:00.000,117,48494,11691,958559,958559,48494,2020-10-16,117,11691,0.0100076982294072,0.0123453672177617,133.355351047047
Nassau,2020-10-17T00:00:00.000,102,48596,9050,967609,967609,48596,2020-10-17,102,9050,0.0112707182320442,0.0124058159873066,115.961108002292
Nassau,2020-10-18T00:00:00.000,61,48657,5522,973131,973131,48657,2020-10-18,61,5522,0.0110467222021007,0.0124889003712578,69.1910685812211
Nassau,2020-10-19T00:00:00.000,74,48731,6934,980065,980065,48731,2020-10-19,74,6934,0.0106720507643496,0.0125965501689199,83.8302646111603
Nassau,2020-10-20T00:00:00.000,133,48864,7970,988035,988035,48864,2020-10-20,133,7970,0.0166875784190715,0.0127307178027061,150.668397706883
Nassau,2020-10-21T00:00:00.000,77,48941,7088,995123,995123,48941,2020-10-21,77,7088,0.0108634311512415,0.0128933905574956,87.2392460007806
Nassau,2020-10-22T00:00:00.000,101,49042,8982,1004105,1004105,49042,2020-10-22,101,8982,0.0112447116455132,0.0130866026430417,114.503059392769
Nassau,2020-10-23T00:00:00.000,161,49203,10153,1014258,1014258,49203,2020-10-23,161,10153,0.0158573820545652,0.013312446587312,182.609675962423
Nassau,2020-10-24T00:00:00.000,109,49312,8299,1022557,1022557,49312,2020-10-24,109,8299,0.01313411254368,0.0135730834761529,123.667101835533
Nassau,2020-10-25T00:00:00.000,65,49377,5041,1027598,1027598,49377,2020-10-25,65,5041,0.0128942670105138,0.0138707515657259,73.7562215664682
Nassau,2020-10-26T00:00:00.000,119,49496,8086,1035684,1035684,49496,2020-10-26,119,8086,0.0147167944595597,0.0142077728032261,135.026280692064
Nassau,2020-10-27T00:00:00.000,167,49663,8517,1044201,1044201,49663,2020-10-27,167,8517,0.0196078431372549,0.0145865568122489,189.453729699176
Nassau,2020-10-28T00:00:00.000,178,49841,11971,1056172,1056172,49841,2020-10-28,178,11971,0.0148692673962075,0.0150096019191348,201.861043248575
Nassau,2020-10-29T00:00:00.000,166,50007,10195,1066367,1066367,50007,2020-10-29,166,10195,0.0162824914173615,0.0154794928396928,188.156121584285
Nassau,2020-10-30T00:00:00.000,146,50153,9758,1076125,1076125,50153,2020-10-30,146,9758,0.0149620823939332,0.0159988946980963,165.3767768384
Nassau,2020-10-31T00:00:00.000,141,50294,9981,1086106,1086106,50294,2020-10-31,141,9981,0.014126840997896,0.0165705431369261,159.583434807986
Nassau,2020-11-01T00:00:00.000,113,50407,7240,1093346,1093346,50407,2020-11-01,113,7240,0.0156077348066298,0.0171972303881314,127.770917423107
Nassau,2020-11-02T00:00:00.000,195,50602,10365,1103711,1103711,50602,2020-11-02,195,10365,0.0188133140376266,0.0178817873345086,220.248701198943
Nassau,2020-11-03T00:00:00.000,100,50702,7707,1111418,1111418,50702,2020-11-03,100,7707,0.0129752173348904,0.0186270617899364,112.809818344442
Nassau,2020-11-04T00:00:00.000,216,50918,9862,1121280,1121280,50918,2020-11-04,216,9862,0.0219022510646928,0.0194358934817358,243.340656953727
Nassau,2020-11-05T00:00:00.000,246,51164,11881,1133161,1133161,51164,2020-11-05,246,11881,0.0207053278343574,0.0203110865268241,276.731765081392
Nassau,2020-11-06T00:00:00.000,254,51418,10433,1143594,1143594,51418,2020-11-06,254,10433,0.0243458257452315,0.0212553805536364,285.28098381021
Nassau,2020-11-07T00:00:00.000,264,51682,10193,1153787,1153787,51682,2020-11-07,264,10193,0.0259001275385068,0.0222714220380616,296.015106198218
Nassau,2020-11-08T00:00:00.000,213,51895,7560,1161347,1161347,51895,2020-11-08,213,7560,0.0281746031746032,0.0233617378710652,238.391114153982
Nassau,2020-11-09T00:00:00.000,278,52173,8264,1169611,1169611,52173,2020-11-09,278,8264,0.0336398838334947,0.0245287136620883,310.636380677381
Nassau,2020-11-10T00:00:00.000,402,52575,12531,1182142,1182142,52575,2020-11-10,402,12531,0.0320804405075413,0.0257745797690383,449.283939688708
Nassau,2020-11-11T00:00:00.000,322,52897,10104,1192246,1192246,52897,2020-11-11,322,10104,0.0318685669041964,0.0271014085305837,360.302045266351
Nassau,2020-11-12T00:00:00.000,374,53271,12488,1204734,1204734,53271,2020-11-12,374,12488,0.0299487508007687,0.0285111266162879,420.416758031949
Nassau,2020-11-13T00:00:00.000,417,53688,13724,1218458,1218458,53688,2020-11-13,417,13724,0.0303847274846983,0.0300055467985413,470.940578815983
Nassau,2020-11-14T00:00:00.000,326,54014,13152,1231610,1231610,54014,2020-11-14,326,13152,0.024787104622871,0.0315864237652593,369.899168119387
Nassau,2020-11-15T00:00:00.000,295,54309,8711,1240321,1240321,54309,2020-11-15,295,8711,0.0338652278728045,0.0332555388172271,336.301322742143
Nassau,2020-11-16T00:00:00.000,406,54715,11575,1251896,1251896,54715,2020-11-16,406,11575,0.0350755939524838,0.035014818451806,465.019292691
Nassau,2020-11-17T00:00:00.000,397,55112,11920,1263816,1263816,55112,2020-11-17,397,11920,0.0333053691275168,0.036866491938234,456.841407159462
Nassau,2020-11-18T00:00:00.000,374,55486,12509,1276325,1276325,55486,2020-11-18,374,12509,0.0298984730993685,0.038813293095412,432.378458710751
New York,2020-03-01T00:00:00.000,0,0,0,0,0,0,2020-03-01,0,0,0,0.0487281015913836,0
New York,2020-03-02T00:00:00.000,0,0,0,0,0,0,2020-03-02,0,0,0,0.055524059887627,0
New York,2020-03-03T00:00:00.000,0,0,3,3,3,0,2020-03-03,0,3,0,0.0632002401750031,0
New York,2020-03-04T00:00:00.000,1,1,4,7,7,1,2020-03-04,1,4,0.25,0.0718431799509681,1.67970504075957
New York,2020-03-05T00:00:00.000,1,2,18,25,25,2,2020-03-05,1,18,0.0555555555555556,0.0815360532535858,1.65198512670932
New York,2020-03-06T00:00:00.000,3,5,14,39,39,5,2020-03-06,3,14,0.214285714285714,0.092354449990637,4.87999209831423
New York,2020-03-07T00:00:00.000,0,5,22,61,61,5,2020-03-07,0,22,0,0.10436139338218,0
New York,2020-03-08T00:00:00.000,0,5,24,85,85,5,2020-03-08,0,24,0,0.117601776638211,0
New York,2020-03-09T00:00:00.000,7,12,47,132,132,12,2020-03-09,7,47,0.148936170212766,0.132096531316241,11.0140459298603
New York,2020-03-10T00:00:00.000,12,24,78,210,210,24,2020-03-10,12,78,0.153846153846154,0.147836972408593,18.6644137754687
New York,2020-03-11T00:00:00.000,3,27,70,280,280,27,2020-03-11,3,70,0.0428571428571429,0.164779873578427,4.61165706065343
New York,2020-03-12T00:00:00.000,18,45,186,466,466,45,2020-03-12,18,186,0.0967741935483871,0.18284387986676,27.342196527703
New York,2020-03-13T00:00:00.000,39,84,268,734,734,84,2020-03-13,39,268,0.145522388059701,0.201907836153563,58.5301728731901
New York,2020-03-14T00:00:00.000,28,112,193,927,927,112,2020-03-14,28,193,0.145077720207254,0.221811480256421,41.5112768692075
New York,2020-03-15T00:00:00.000,60,172,317,1244,1244,172,2020-03-15,60,317,0.189274447949527,0.242358722354448,87.862385999017
New York,2020-03-16T00:00:00.000,69,241,398,1642,1642,241,2020-03-16,69,398,0.173366834170854,0.263323434575125,99.7953860399672
New York,2020-03-17T00:00:00.000,161,402,598,2240,2240,402,2020-03-17,161,598,0.269230769230769,0.284457355922773,229.975026254244
New York,2020-03-18T00:00:00.000,335,737,1074,3314,3314,737,2020-03-18,335,1074,0.311918063314711,0.305499439431276,471.747596844674
New York,2020-03-19T00:00:00.000,437,1174,1235,4549,4549,1174,2020-03-19,437,1235,0.353846153846154,0.326185787649682,608.008147819712
New York,2020-03-20T00:00:00.000,370,1544,1263,5812,5812,1544,2020-03-20,370,1263,0.292953285827395,0.346259275123363,508.689582586926
New York,2020-03-21T00:00:00.000,522,2066,1370,7182,7182,2066,2020-03-21,522,1370,0.381021897810219,0.365478047709639,708.11467433879
New York,2020-03-22T00:00:00.000,607,2673,1367,8549,8549,2673,2020-03-22,607,1367,0.44403803950256,0.383622291984887,816.013657860558
New York,2020-03-23T00:00:00.000,405,3078,990,9539,9539,3078,2020-03-23,405,990,0.409090909090909,0.400498935830494,543.775130851778
New York,2020-03-24T00:00:00.000,442,3520,1065,10604,10604,3520,2020-03-24,442,1065,0.415023474178404,0.415944218491149,591.722615917879
New York,2020-03-25T00:00:00.000,542,4062,1232,11836,11836,4062,2020-03-25,542,1232,0.439935064935065,0.429824307724345,722.271013841377
New York,2020-03-26T00:00:00.000,523,4585,1062,12898,12898,4585,2020-03-26,523,1062,0.492467043314501,0.442034312811387,693.221615224607
New York,2020-03-27T00:00:00.000,631,5216,1314,14212,14212,5216,2020-03-27,631,1314,0.480213089802131,0.452496134764377,838.314949078299
New York,2020-03-28T00:00:00.000,590,5806,1160,15372,15372,5806,2020-03-28,590,1160,0.508620689655172,0.461155615280756,781.900974854924
New York,2020-03-29T00:00:00.000,422,6228,788,16160,16160,6228,2020-03-29,422,788,0.535532994923858,0.467979410619649,557.088454093973
New York,2020-03-30T00:00:00.000,648,6876,1422,17582,17582,6876,2020-03-30,648,1422,0.455696202531646,0.472951945757108,851.876215867484
New York,2020-03-31T00:00:00.000,497,7373,1015,18597,18597,7373,2020-03-31,497,1015,0.489655172413793,0.476072716882524,651.91984848553
New York,2020-04-01T00:00:00.000,470,7843,1002,19599,19599,7843,2020-04-01,470,1002,0.469061876247505,0.477354120637433,617.999485058232
New York,2020-04-02T00:00:00.000,609,8452,1294,20893,20893,8452,2020-04-02,609,1294,0.470633693972179,0.476819905454433,802.088322713325
New York,2020-04-03T00:00:00.000,848,9300,1820,22713,22713,9300,2020-04-03,848,1820,0.465934065934066,0.474504268025915,1117.90678845909
New York,2020-04-04T00:00:00.000,598,9898,1278,23991,23991,9898,2020-04-04,598,1278,0.4679186228482,0.470451557200317,788.553520897809
New York,2020-04-05T00:00:00.000,542,10440,1162,25153,25153,10440,2020-04-05,542,1162,0.466437177280551,0.464716497378987,714.401919487315
New York,2020-04-06T00:00:00.000,572,11012,1249,26402,26402,11012,2020-04-06,572,1249,0.457966373098479,0.457364802450781,753.199749004581
New York,2020-04-07T00:00:00.000,492,11504,1257,27659,27659,11504,2020-04-07,492,1257,0.391408114558473,0.44847401872245,646.907428950528
New York,2020-04-08T00:00:00.000,602,12106,1424,29083,29083,12106,2020-04-08,602,1424,0.422752808988764,0.438134411587233,790.115189590373
New York,2020-04-09T00:00:00.000,616,12722,1659,30742,30742,12722,2020-04-09,616,1659,0.371308016877637,0.426449697716978,808.495241901775
New York,2020-04-10T00:00:00.000,715,13437,1685,32427,32427,13437,2020-04-10,715,1685,0.42433234421365,0.413537425229055,937.735493591897
New York,2020-04-11T00:00:00.000,708,14145,1783,34210,34210,14145,2020-04-11,708,1783,0.397083567021873,0.399528821449718,927.267734178365
New York,2020-04-12T00:00:00.000,356,14501,1033,35243,35243,14501,2020-04-12,356,1033,0.344627299128751,0.384567964050453,465.347726455628
New York,2020-04-13T00:00:00.000,379,14880,1206,36449,36449,14880,2020-04-13,379,1206,0.314262023217247,0.368810186244316,494.252957588357
New York,2020-04-14T00:00:00.000,1737,16617,4068,40517,40517,16617,2020-04-14,1737,4068,0.426991150442478,0.35241969782967,2262.07595436418
New York,2020-04-15T00:00:00.000,474,17091,1533,42050,42050,17091,2020-04-15,474,1533,0.309197651663405,0.335566484467234,616.309861244588
New York,2020-04-16T00:00:00.000,399,17490,1476,43526,43526,17490,2020-04-16,399,1476,0.270325203252033,0.318422628538837,517.881517851931
New York,2020-04-17T00:00:00.000,442,17932,1585,45111,45111,17932,2020-04-17,442,1585,0.278864353312303,0.301158264930045,572.747728003186
New York,2020-04-18T00:00:00.000,288,18220,1093,46204,46204,18220,2020-04-18,288,1093,0.263494967978042,0.283937433570701,373.331750368616
New York,2020-04-19T00:00:00.000,248,18468,954,47158,47158,18468,2020-04-19,248,954,0.259958071278826,0.266914109544675,321.547032936054
New York,2020-04-20T00:00:00.000,231,18699,1099,48257,48257,18699,2020-04-20,231,1099,0.210191082802548,0.250228677637638,299.521793272387
New York,2020-04-21T00:00:00.000,326,19025,1430,49687,49687,19025,2020-04-21,326,1430,0.227972027972028,0.234005073665128,422.664378457409
New York,2020-04-22T00:00:00.000,323,19348,1581,51268,51268,19348,2020-04-22,323,1581,0.204301075268817,0.21834874696332,418.683006264472
New York,2020-04-23T00:00:00.000,506,19854,2654,53922,53922,19854,2020-04-23,506,2654,0.190655614167295,0.203345517920247,655.672153074908
New York,2020-04-24T00:00:00.000,426,20280,2110,56032,56032,20280,2020-04-24,426,2110,0.201895734597156,0.189061323337199,551.764182815333
New York,2020-04-25T00:00:00.000,493,20773,2354,58386,58386,20773,2020-04-25,493,2354,0.209430756159728,0.175542771346502,638.202341465042
New York,2020-04-26T00:00:00.000,324,21097,2007,60393,60393,21097,2020-04-26,324,2007,0.161434977578475,0.162818374360082,419.169215272764
New York,2020-04-27T00:00:00.000,215,21312,1650,62043,62043,21312,2020-04-27,215,1650,0.13030303030303,0.150900296639328,277.962487559241
New York,2020-04-28T00:00:00.000,292,21604,2260,64303,64303,21604,2020-04-28,292,2260,0.129203539823009,0.139786442561085,377.18007738206
New York,2020-04-29T00:00:00.000,316,21920,2299,66602,66602,21920,2020-04-29,316,2299,0.137451065680731,0.129462719250407,407.781943440666
New York,2020-04-30T00:00:00.000,255,22175,2205,68807,68807,22175,2020-04-30,255,2205,0.115646258503401,0.119905328140952,328.72867312807
New York,2020-05-01T00:00:00.000,321,22496,2606,71413,71413,22496,2020-05-01,321,2606,0.123177283192632,0.111082968755406,413.374615866036
New York,2020-05-02T00:00:00.000,245,22741,2214,73627,73627,22741,2020-05-02,245,2214,0.110659439927733,0.102958869543246,315.16196504669
New York,2020-05-03T00:00:00.000,159,22900,1524,75151,75151,22900,2020-05-03,159,1524,0.104330708661417,0.0954925911037023,204.631603361941
New York,2020-05-04T00:00:00.000,154,23054,2246,77397,77397,23054,2020-05-04,154,2246,0.068566340160285,0.0886415738575152,198.963735502147
New York,2020-05-05T00:00:00.000,203,23257,2499,79896,79896,23257,2020-05-05,203,2499,0.0812324929971989,0.0823624238083953,262.669779656928
New York,2020-05-06T00:00:00.000,272,23529,2966,82862,82862,23529,2020-05-06,272,2966,0.0917060013486177,0.0766119460934494,352.316951219933
New York,2020-05-07T00:00:00.000,201,23730,3036,85898,85898,23730,2020-05-07,201,3036,0.066205533596838,0.0713479468016248,260.496809913643
New York,2020-05-08T00:00:00.000,151,23881,2633,88531,88531,23881,2020-05-08,151,2633,0.0573490315229776,0.0665298298523908,195.44684220534
New York,2020-05-09T00:00:00.000,96,23977,2336,90867,90867,23977,2020-05-09,96,2336,0.0410958904109589,0.0621190184564252,124.050761717298
New York,2020-05-10T00:00:00.000,85,24062,1496,92363,92363,24062,2020-05-10,85,1496,0.0568181818181818,0.0580792307772866,109.650270484639
New York,2020-05-11T00:00:00.000,129,24191,1984,94347,94347,24191,2020-05-11,129,1984,0.0650201612903226,0.0543766377334028,166.649846251246
New York,2020-05-12T00:00:00.000,157,24348,2825,97172,97172,24348,2020-05-12,157,2825,0.0555752212389381,0.0509799281260969,203.25643474112
New York,2020-05-13T00:00:00.000,177,24525,3697,100869,100869,24525,2020-05-13,177,3697,0.0478766567487152,0.0478603029878134,229.617390047508
New York,2020-05-14T00:00:00.000,307,24832,3933,104802,104802,24832,2020-05-14,307,3933,0.0780574624968218,0.0449914176163757,399.025607793345
New York,2020-05-15T00:00:00.000,150,24982,3469,108271,108271,24982,2020-05-15,150,3469,0.0432401268377054,0.0423492864628189,195.305875793628
New York,2020-05-16T00:00:00.000,148,25130,3096,111367,111367,25130,2020-05-16,148,3096,0.0478036175710594,0.0399121630150108,193.472117285938
New York,2020-05-17T00:00:00.000,86,25216,2019,113386,113386,25216,2020-05-17,86,2019,0.0425953442298167,0.0376604041775602,112.943652215658
New York,2020-05-18T00:00:00.000,77,25293,2830,116216,116216,25293,2020-05-18,77,2830,0.027208480565371,0.0355763263869588,101.535373123611
New York,2020-05-19T00:00:00.000,98,25391,3685,119901,119901,25391,2020-05-19,98,3685,0.0265943012211669,0.0336440588506493,130.137525067048
New York,2020-05-20T00:00:00.000,131,25522,4219,124120,124120,25522,2020-05-20,131,4219,0.0310500118511496,0.0318493977878041,175.093236760564
New York,2020-05-21T00:00:00.000,150,25672,4363,128483,128483,25672,2020-05-21,150,4363,0.0343800137520055,0.0301796643787779,201.678097664886
New York,2020-05-22T00:00:00.000,134,25806,4582,133065,133065,25806,2020-05-22,134,4582,0.0292448712352684,0.0286235682246668,181.033951408604
New York,2020-05-23T00:00:00.000,103,25909,4187,137252,137252,25909,2020-05-23,103,4187,0.0245999522331025,0.0271710774442525,139.22894087764
New York,2020-05-24T00:00:00.000,100,26009,3356,140608,140608,26009,2020-05-24,100,3356,0.0297973778307509,0.0258132960546612,135.125426635472
New York,2020-05-25T00:00:00.000,83,26092,3635,144243,144243,26092,2020-05-25,83,3635,0.0228335625859697,0.0245423489380345,112.003936356866
New York,2020-05-26T00:00:00.000,121,26213,3599,147842,147842,26213,2020-05-26,121,3599,0.0336204501250347,0.0233512744792663,162.886246856936
New York,2020-05-27T00:00:00.000,134,26347,6888,154730,154730,26347,2020-05-27,134,6888,0.0194541231126597,0.0222339248131455,179.788423837271
New York,2020-05-28T00:00:00.000,133,26480,7418,162148,162148,26480,2020-05-28,133,7418,0.0179293610137503,0.0211848735417991,177.700872007634
New York,2020-05-29T00:00:00.000,96,26576,5678,167826,167826,26576,2020-05-29,96,5678,0.016907361747094,0.0201993307392474,127.622093030717
New York,2020-05-30T00:00:00.000,77,26653,4425,172251,172251,26653,2020-05-30,77,4425,0.0174011299435028,0.0192730650405786,101.768594928208
New York,2020-05-31T00:00:00.000,68,26721,4385,176636,176636,26721,2020-05-31,68,4385,0.0155074116305587,0.0184023326037704,89.3125951659461
New York,2020-06-01T00:00:00.000,93,26814,5161,181797,181797,26814,2020-06-01,93,5161,0.0180197636117032,0.0175838127282716,121.678995294591
New York,2020-06-02T00:00:00.000,72,26886,4211,186008,186008,26886,2020-06-02,72,4211,0.0170980764663975,0.0168145499027531,93.7872757670364
New York,2020-06-03T00:00:00.000,82,26968,4377,190385,190385,26968,2020-06-03,82,4377,0.0187342928946767,0.0160919020406185,106.282720996475
New York,2020-06-04T00:00:00.000,69,27037,4416,194801,194801,27037,2020-06-04,69,4416,0.015625,0.0154134946416278,88.9415041445421
New York,2020-06-05T00:00:00.000,85,27122,5322,200123,200123,27122,2020-06-05,85,5322,0.0159714393085306,0.0147771805882445,109.013063282828
New York,2020-06-06T00:00:00.000,56,27178,4711,204834,204834,27178,2020-06-06,56,4711,0.011887072808321,0.0141810052556054,71.5155360234247
New York,2020-06-07T00:00:00.000,39,27217,4045,208879,208879,27217,2020-06-07,39,4045,0.00964153275648949,0.0136231765818445,49.570939412298
New York,2020-06-08T00:00:00.000,41,27258,3953,212832,212832,27258,2020-06-08,41,3953,0.0103718694662282,0.0131020397139084,51.8280241522076
New York,2020-06-09T00:00:00.000,66,27324,5433,218265,218265,27324,2020-06-09,66,5433,0.0121479845389288,0.0126160558163543,83.0175898112182
New York,2020-06-10T00:00:00.000,60,27384,4991,223256,223256,27384,2020-06-10,60,4991,0.0120216389501102,0.0121637846110411,75.4260526682879
New York,2020-06-11T00:00:00.000,68,27452,5660,228916,228916,27452,2020-06-11,68,5660,0.0120141342756184,0.0117438702016914,85.4130057295728
New York,2020-06-12T00:00:00.000,77,27529,6296,235212,235212,27529,2020-06-12,77,6296,0.0122299872935197,0.0113550297324805,96.6179737052478
New York,2020-06-13T00:00:00.000,44,27573,5525,240737,240737,27573,2020-06-13,44,5525,0.00796380090497738,0.01099604443458,55.1423816902544
New York,2020-06-14T00:00:00.000,54,27627,6036,246773,246773,27627,2020-06-14,54,6036,0.00894632206759443,0.0106657526268238,67.5790886468824
New York,2020-06-15T00:00:00.000,50,27677,6158,252931,252931,27677,2020-06-15,50,6158,0.00811951932445599,0.0103630442572352,62.4742403021093
New York,2020-06-16T00:00:00.000,31,27708,5830,258761,258761,27708,2020-06-16,31,5830,0.00531732418524871,0.0100868565982253,38.66680690187
New York,2020-06-17T00:00:00.000,52,27760,6701,265462,265462,27760,2020-06-17,52,6701,0.00776003581554992,0.00983617073977894,64.7388786061758
New York,2020-06-18T00:00:00.000,64,27824,7866,273328,273328,27824,2020-06-18,64,7866,0.00813628273582507,0.00961000856001259,79.515854111368
New York,2020-06-19T00:00:00.000,67,27891,7972,281300,281300,27891,2020-06-19,67,7972,0.00840441545408931,0.00940742988864163,83.0644530995716
New York,2020-06-20T00:00:00.000,75,27966,7602,288902,288902,27966,2020-06-20,75,7602,0.00986582478295185,0.00922752961719188,92.7744462209959
New York,2020-06-21T00:00:00.000,51,28017,4871,293773,293773,28017,2020-06-21,51,4871,0.0104701293368918,0.00906943454706017,62.9403096514943
New York,2020-06-22T00:00:00.000,58,28075,4887,298660,298660,28075,2020-06-22,58,4887,0.0118682218129732,0.00893229980371329,71.4081030782467
New York,2020-06-23T00:00:00.000,57,28132,4933,303593,303593,28132,2020-06-23,57,4933,0.0115548347861342,0.00881530468139836,70.0048499771495
New York,2020-06-24T00:00:00.000,60,28192,6494,310087,310087,28192,2020-06-24,60,6494,0.00923929781336618,0.00871764781908571,73.5045835605112
New York,2020-06-25T00:00:00.000,58,28250,6504,316591,316591,28250,2020-06-25,58,6504,0.00891758917589176,0.00863854164172776,70.8728231627539
New York,2020-06-26T00:00:00.000,81,28331,8749,325340,325340,28331,2020-06-26,81,8749,0.00925820093724997,0.00857720603871981,98.7201745109739
New York,2020-06-27T00:00:00.000,49,28380,5886,331226,331226,28380,2020-06-27,49,5886,0.00832483860006796,0.00853286128540971,59.561826611863
New York,2020-06-28T00:00:00.000,21,28401,4009,335235,335235,28401,2020-06-28,21,4009,0.00523821401845847,0.00850472025250188,25.4580301949547
New York,2020-06-29T00:00:00.000,46,28447,5287,340522,340522,28447,2020-06-29,46,5287,0.0087005863438623,0.00849197998795428,55.6134078662046
New York,2020-06-30T00:00:00.000,71,28518,6206,346728,346728,28518,2020-06-30,71,6206,0.0114405414115372,0.00849381279780898,85.6008881066176
New York,2020-07-01T00:00:00.000,78,28596,7185,353913,353913,28596,2020-07-01,78,7185,0.0108559498956159,0.0085093569980937,93.7764422526952
New York,2020-07-02T00:00:00.000,102,28698,7062,360975,360975,28698,2020-07-02,102,7062,0.0144435004248088,0.00853770755694446,122.280700721567
New York,2020-07-03T00:00:00.000,62,28760,6201,367176,367176,28760,2020-07-03,62,6201,0.00999838735687792,0.00857790689379643,74.0113946207651
New York,2020-07-04T00:00:00.000,44,28804,5736,372912,372912,28804,2020-07-04,44,5736,0.00767085076708508,0.00862893615170058,52.4391183194555
New York,2020-07-05T00:00:00.000,66,28870,7734,380646,380646,28870,2020-07-05,66,7734,0.00853374709076804,0.00868970730260743,78.4206674828221
New York,2020-07-06T00:00:00.000,50,28920,6251,386897,386897,28920,2020-07-06,50,6251,0.00799872020476724,0.00875905648558354,59.2365455190437
New York,2020-07-07T00:00:00.000,53,28973,6976,393873,393873,28973,2020-07-07,53,6976,0.00759747706422018,0.00883573900748681,62.7102116056316
New York,2020-07-08T00:00:00.000,56,29029,6504,400377,400377,29029,2020-07-08,56,6504,0.00861008610086101,0.008918426451238,66.1573048791194
New York,2020-07-09T00:00:00.000,80,29109,8363,408740,408740,29109,2020-07-09,80,8363,0.00956594523496353,0.00900570633565077,94.3529306478727
New York,2020-07-10T00:00:00.000,56,29165,8216,416956,416956,29165,2020-07-10,56,8216,0.0068159688412853,0.00909608474550304,65.9293303292629
New York,2020-07-11T00:00:00.000,72,29237,6860,423816,423816,29237,2020-07-11,72,6860,0.0104956268221574,0.00918799230057882,84.6051857981288
New York,2020-07-12T00:00:00.000,65,29302,5419,429235,429235,29302,2020-07-12,65,5419,0.0119948329950175,0.00927979375356516,76.2253577363707
New York,2020-07-13T00:00:00.000,61,29363,5426,434661,434661,29363,2020-07-13,61,5426,0.0112421673424254,0.00936980139647654,71.3813363999921
New York,2020-07-14T00:00:00.000,79,29442,6910,441571,441571,29442,2020-07-14,79,6910,0.0114327062228654,0.00945629231915198,92.2353196748241
New York,2020-07-15T00:00:00.000,74,29516,7547,449118,449118,29516,2020-07-15,74,7547,0.00980522061746389,0.0095375293979456,86.1913192032345
New York,2020-07-16T00:00:00.000,74,29590,8266,457384,457384,29590,2020-07-16,74,8266,0.00895233486571498,0.00961178571152552,85.9748519730181
New York,2020-07-17T00:00:00.000,85,29675,7329,464713,464713,29675,2020-07-17,85,7329,0.0115977623140947,0.00967737188586657,98.6315979680884
New York,2020-07-18T00:00:00.000,56,29731,5436,470149,470149,29731,2020-07-18,56,5436,0.0103016924208977,0.0097326656778156,65.0691548166256
New York,2020-07-19T00:00:00.000,65,29796,5935,476084,476084,29796,2020-07-19,65,5935,0.0109519797809604,0.00977614292622477,75.5879685240614
New York,2020-07-20T00:00:00.000,71,29867,6705,482789,482789,29867,2020-07-20,71,6705,0.0105891126025354,0.00980640884716938,82.5856951677778
New York,2020-07-21T00:00:00.000,76,29943,7540,490329,490329,29943,2020-07-21,76,7540,0.010079575596817,0.00982222853603144,88.3618677015396
New York,2020-07-22T00:00:00.000,90,30033,7521,497850,497850,30033,2020-07-22,90,7521,0.0119664938173115,0.0098225554817042,104.521828933455
New York,2020-07-23T00:00:00.000,64,30097,7406,505256,505256,30097,2020-07-23,64,7406,0.00864164191196327,0.00980655689768524,74.2026620414936
New York,2020-07-24T00:00:00.000,64,30161,7262,512518,512518,30161,2020-07-24,64,7262,0.00881299917378133,0.00977363474648681,74.3502613062995
New York,2020-07-25T00:00:00.000,32,30193,4957,517475,517475,30193,2020-07-25,32,4957,0.00645551745007061,0.00972344146944281,37.2268284890641
New York,2020-07-26T00:00:00.000,57,30250,5377,522852,522852,30250,2020-07-26,57,5377,0.0106007067137809,0.00965588963402471,66.3363902422583
New York,2020-07-27T00:00:00.000,30,30280,5657,528509,528509,30280,2020-07-27,30,5657,0.00530316422131872,0.00957115496360567,34.8989440949587
New York,2020-07-28T00:00:00.000,49,30329,6548,535057,535057,30329,2020-07-28,49,6548,0.00748320097739768,0.00946967250465974,56.9298273377845
New York,2020-07-29T00:00:00.000,70,30399,7387,542444,542444,30399,2020-07-29,70,7387,0.00947610667388656,0.00935212599586108,81.1561606423882
New York,2020-07-30T00:00:00.000,59,30458,7859,550303,550303,30458,2020-07-30,59,7859,0.00750731645247487,0.00921943081457042,68.1983451353626
New York,2020-07-31T00:00:00.000,60,30518,9505,559808,559808,30518,2020-07-31,60,9505,0.00631246712256707,0.00907271116231159,69.1462915179399
New York,2020-08-01T00:00:00.000,46,30564,6825,566633,566633,30564,2020-08-01,46,6825,0.00673992673992674,0.0089132724016294,52.913428282605
New York,2020-08-02T00:00:00.000,57,30621,6704,573337,573337,30621,2020-08-02,57,6704,0.00850238663484487,0.00874256964846962,65.3708044908521
New York,2020-08-03T00:00:00.000,56,30677,6757,580094,580094,30677,2020-08-03,56,6757,0.00828770164274086,0.00856217385113369,63.99632672181
New York,2020-08-04T00:00:00.000,57,30734,6803,586897,586897,30734,2020-08-04,57,6803,0.00837865647508452,0.00837373664224278,64.8730506763517
New York,2020-08-05T00:00:00.000,65,30799,7634,594531,594531,30799,2020-08-05,65,7634,0.0085145402148284,0.00817895523296543,73.6373459072654
New York,2020-08-06T00:00:00.000,60,30859,7423,601954,601954,30859,2020-08-06,60,7423,0.00808298531591001,0.00797953853458657,67.8359634979683
New York,2020-08-07T00:00:00.000,62,30921,7852,609806,609806,30921,2020-08-07,62,7852,0.00789607743250127,0.00777717555433027,70.0488008109794
New York,2020-08-08T00:00:00.000,43,30964,7178,616984,616984,30964,2020-08-08,43,7178,0.00599052660908331,0.00757350692868287,48.5348098073832
New York,2020-08-09T00:00:00.000,52,31016,6513,623497,623497,31016,2020-08-09,52,6513,0.00798403193612774,0.00737010024675569,58.6183482371055
New York,2020-08-10T00:00:00.000,55,31071,6639,630136,630136,31071,2020-08-10,55,6639,0.00828438017773761,0.00716842959486018,61.9018962939908
New York,2020-08-11T00:00:00.000,76,31147,11421,641557,641557,31147,2020-08-11,76,11421,0.0066544085456615,0.00696985953209335,85.3600488817003
New York,2020-08-12T00:00:00.000,70,31217,10009,651566,651566,31217,2020-08-12,70,10009,0.00699370566490159,0.00677563350286431,78.4204537394093
New York,2020-08-13T00:00:00.000,62,31279,9097,660663,660663,31279,2020-08-13,62,9097,0.00681543365944817,0.00658686651322766,69.2607808073269
New York,2020-08-14T00:00:00.000,63,31342,10048,670711,670711,31342,2020-08-14,63,10048,0.00626990445859873,0.00640454175048053,70.2576683501375
New York,2020-08-15T00:00:00.000,56,31398,8885,679596,679596,31398,2020-08-15,56,8885,0.00630275745638717,0.00622951071414272,62.4609990203867
New York,2020-08-16T00:00:00.000,43,31441,6499,686095,686095,31441,2020-08-16,43,6499,0.00661640252346515,0.0060624963528759,47.9634814024113
New York,2020-08-17T00:00:00.000,64,31505,6304,692399,692399,31505,2020-08-17,64,6304,0.0101522842639594,0.00590409866018821,71.2786585851159
New York,2020-08-18T00:00:00.000,36,31541,7227,699626,699626,31541,2020-08-18,36,7227,0.0049813200498132,0.00575480217382988,40.020319734265
New York,2020-08-19T00:00:00.000,62,31603,8868,708494,708494,31603,2020-08-19,62,8868,0.0069914298601714,0.00561498484008056,68.7989206141463
New York,2020-08-20T00:00:00.000,58,31661,13086,721580,721580,31661,2020-08-20,58,13086,0.00443221763716949,0.00548492774013629,64.2469469474596
New York,2020-08-21T00:00:00.000,47,31708,10873,732453,732453,31708,2020-08-21,47,10873,0.00432263404764095,0.00536482522766501,51.9605160482062
New York,2020-08-22T00:00:00.000,44,31752,8758,741211,741211,31752,2020-08-22,44,8758,0.00502397807718657,0.00525479508673496,48.5532565392139
New York,2020-08-23T00:00:00.000,44,31796,7076,748287,748287,31796,2020-08-23,44,7076,0.00621820237422272,0.0051548883823463,48.543860790047
New York,2020-08-24T00:00:00.000,41,31837,6310,754597,754597,31837,2020-08-24,41,6310,0.00649762282091918,0.00506509874216885,45.2090621245278
New York,2020-08-25T00:00:00.000,48,31885,6958,761555,761555,31885,2020-08-25,48,6958,0.00689853406151193,0.00498537086834805,52.8664170670343
New York,2020-08-26T00:00:00.000,50,31935,8610,770165,770165,31935,2020-08-26,50,8610,0.00580720092915215,0.00491560813653717,54.9729878136716
New York,2020-08-27T00:00:00.000,42,31977,10799,780964,780964,31977,2020-08-27,42,10799,0.00388924900453746,0.00485567918980886,46.0739662204761
New York,2020-08-28T00:00:00.000,36,32013,10387,791351,791351,32013,2020-08-28,36,10387,0.00346587080003851,0.00480542348047128,39.4943511006566
New York,2020-08-29T00:00:00.000,62,32075,12710,804061,804061,32075,2020-08-29,62,12710,0.0048780487804878,0.00476465575019195,68.138180283253
New York,2020-08-30T00:00:00.000,44,32119,8524,812585,812585,32119,2020-08-30,44,8524,0.00516189582355702,0.0047331694721906,48.4477698522674
New York,2020-08-31T00:00:00.000,46,32165,8300,820885,820885,32165,2020-08-31,46,8300,0.0055421686746988,0.00471073930523851,50.7517701164908
New York,2020-09-01T00:00:00.000,53,32218,9626,830511,830511,32218,2020-09-01,53,9626,0.00550592146270517,0.0046971226324023,58.5982259216279
New York,2020-09-02T00:00:00.000,33,32251,10431,840942,840942,32251,2020-09-02,33,10431,0.00316364682197297,0.00469206027602067,36.5656009449947
New York,2020-09-03T00:00:00.000,59,32310,11922,852864,852864,32310,2020-09-03,59,11922,0.00494883408824023,0.0046952764970343,65.5219493105701
New York,2020-09-04T00:00:00.000,62,32372,11623,864487,864487,32372,2020-09-04,62,11623,0.00533425105394476,0.00470647840023857,69.0109850124309
New York,2020-09-05T00:00:00.000,54,32426,10016,874503,874503,32426,2020-09-05,54,10016,0.00539137380191693,0.00472535487984508,60.2443916856516
New York,2020-09-06T00:00:00.000,16,32442,5522,880025,880025,32442,2020-09-06,16,5522,0.00289750090546903,0.00475157525009988,17.8908790199557
New York,2020-09-07T00:00:00.000,19,32461,5232,885257,885257,32461,2020-09-07,19,5232,0.00363149847094801,0.00478478771509447,21.2920974183607
New York,2020-09-08T00:00:00.000,39,32500,6601,891858,891858,32500,2020-09-08,39,6601,0.00590819572792001,0.00482461783855304,43.7905196136172
New York,2020-09-09T00:00:00.000,51,32551,7682,899540,899540,32551,2020-09-09,51,7682,0.00663889612080187,0.00487066717965984,57.3691316543692
New York,2020-09-10T00:00:00.000,52,32603,10273,909813,909813,32603,2020-09-10,52,10273,0.00506181251825173,0.00492251226134867,58.5910174147909
New York,2020-09-11T00:00:00.000,40,32643,11620,921433,921433,32643,2020-09-11,40,11620,0.00344234079173838,0.00497970403531916,45.1971636157397
New York,2020-09-12T00:00:00.000,34,32677,7538,928971,928971,32677,2020-09-12,34,7538,0.00451048023348368,0.0050417679995339,38.5486487410149
New York,2020-09-13T00:00:00.000,51,32728,8093,937064,937064,32728,2020-09-13,51,8093,0.00630174224638577,0.00510820511054568,58.0062327275778
New York,2020-09-14T00:00:00.000,44,32772,6557,943621,943621,32772,2020-09-14,44,6557,0.00671038584718621,0.00517849361208404,50.1892071739851
New York,2020-09-15T00:00:00.000,63,32835,8840,952461,952461,32835,2020-09-15,63,8840,0.00712669683257919,0.00525209187482201,72.046666390044
New York,2020-09-16T00:00:00.000,57,32892,8958,961419,961419,32892,2020-09-16,57,8958,0.00636302746148694,0.00532844230787807,65.3295898033752
New York,2020-09-17T00:00:00.000,46,32938,10383,971802,971802,32938,2020-09-17,46,10383,0.00443031879033035,0.00540697636294021,52.8182935547208
New York,2020-09-18T00:00:00.000,73,33011,11603,983405,983405,33011,2020-09-18,73,11603,0.00629147634232526,0.00548712060716876,83.9372181899344
New York,2020-09-19T00:00:00.000,59,33070,10763,994168,994168,33070,2020-09-19,59,10763,0.00548174300845489,0.00556830379243674,67.8377333474739
New York,2020-09-20T00:00:00.000,35,33105,7038,1001206,1001206,33105,2020-09-20,35,7038,0.00497300369423132,0.00564996480061754,40.2049977069411
New York,2020-09-21T00:00:00.000,41,33146,8274,1009480,1009480,33146,2020-09-21,41,8274,0.0049552816050278,0.00573156129570853,47.0284448694457
New York,2020-09-22T00:00:00.000,41,33187,6599,1016079,1016079,33187,2020-09-22,41,6599,0.00621306258524019,0.00581257887257038,46.9345536425739
New York,2020-09-23T00:00:00.000,50,33237,8567,1024646,1024646,33237,2020-09-23,50,8567,0.00583634878020311,0.00589254045535427,57.0919666737103
New York,2020-09-24T00:00:00.000,50,33287,9692,1034338,1034338,33287,2020-09-24,50,9692,0.00515889393314073,0.00597101567396179,56.9159108988834
New York,2020-09-25T00:00:00.000,48,33335,10299,1044637,1044637,33335,2020-09-25,48,10299,0.00466064666472473,0.00604762993423448,54.6234820443552
New York,2020-09-26T00:00:00.000,36,33371,9082,1053719,1053719,33371,2020-09-26,36,9082,0.00396388460691478,0.00612207289762755,41.0500114138371
New York,2020-09-27T00:00:00.000,47,33418,5700,1059419,1059419,33418,2020-09-27,47,5700,0.00824561403508772,0.00619410610192838,53.6707863280551
New York,2020-09-28T00:00:00.000,79,33497,10863,1070282,1070282,33497,2020-09-28,79,10863,0.00727239252508515,0.00626356948397225,90.2929023552521
New York,2020-09-29T00:00:00.000,64,33561,11148,1081430,1081430,33561,2020-09-29,64,11148,0.00574094007893793,0.00633038660680314,73.1732313309582
New York,2020-09-30T00:00:00.000,65,33626,9545,1090975,1090975,33626,2020-09-30,65,9545,0.00680984808800419,0.00639456844719363,74.3009862787068
New York,2020-10-01T00:00:00.000,72,33698,10456,1101431,1101431,33698,2020-10-01,72,10456,0.00688599846977812,0.00645621565879965,82.2415705164306
New York,2020-10-02T00:00:00.000,93,33791,13510,1114941,1114941,33791,2020-10-02,93,13510,0.00688378978534419,0.00651551929030041,106.095067194439
New York,2020-10-03T00:00:00.000,72,33863,10817,1125758,1125758,33863,2020-10-03,72,10817,0.00665618933160765,0.00657276000234455,81.9939941072228
New York,2020-10-04T00:00:00.000,72,33935,10249,1136007,1136007,33935,2020-10-04,72,10249,0.00702507561713338,0.00662830588690748,81.811206061692
New York,2020-10-05T00:00:00.000,70,34005,9469,1145476,1145476,34005,2020-10-05,70,9469,0.00739254409124512,0.00668260904602516,79.3255521803999
New York,2020-10-06T00:00:00.000,46,34051,8754,1154230,1154230,34051,2020-10-06,46,8754,0.0052547406899703,0.00673620113037458,51.9664642008933
New York,2020-10-07T00:00:00.000,93,34144,12926,1167156,1167156,34144,2020-10-07,93,12926,0.00719480117592449,0.00678968806926729,104.695100518464
New York,2020-10-08T00:00:00.000,73,34217,14289,1181445,1181445,34217,2020-10-08,73,14289,0.00510882497025684,0.00684374424188266,81.8625177290596
New York,2020-10-09T00:00:00.000,79,34296,13048,1194493,1194493,34296,2020-10-09,79,13048,0.00605456774984672,0.00689910634453327,88.2106113289693
New York,2020-10-10T00:00:00.000,46,34342,11342,1205835,1205835,34342,2020-10-10,46,11342,0.00405572209486863,0.00695656720062436,51.1266731318524
New York,2020-10-11T00:00:00.000,66,34408,10326,1216161,1216161,34408,2020-10-11,66,10326,0.00639163277164439,0.00701696974118222,72.9990993237807
New York,2020-10-12T00:00:00.000,93,34501,10160,1226321,1226321,34501,2020-10-12,93,10160,0.00915354330708661,0.00708120135416698,102.339301786931
New York,2020-10-13T00:00:00.000,68,34569,9044,1235365,1235365,34569,2020-10-13,68,9044,0.0075187969924812,0.0071501887656379,74.4338684319576
New York,2020-10-14T00:00:00.000,68,34637,12332,1247697,1247697,34637,2020-10-14,68,12332,0.00551410963347389,0.00722489357371997,74.0923501199367
New York,2020-10-15T00:00:00.000,98,34735,13546,1261243,1261243,34735,2020-10-15,98,13546,0.00723460800236232,0.00730630851338654,106.353932101862
New York,2020-10-16T00:00:00.000,136,34871,18142,1279385,1279385,34871,2020-10-16,136,18142,0.00749641715356631,0.00739545448491856,147.268403640906
New York,2020-10-17T00:00:00.000,120,34991,18831,1298216,1298216,34991,2020-10-17,120,18831,0.0063724709256014,0.00749337833653457,129.717527810355
New York,2020-10-18T00:00:00.000,63,35054,8282,1306498,1306498,35054,2020-10-18,63,8282,0.00760685824680029,0.00760115135119464,67.9980205200637
New York,2020-10-19T00:00:00.000,71,35125,7273,1313771,1313771,35125,2020-10-19,71,7273,0.009762133919978,0.00771986835057164,76.588452295031
New York,2020-10-20T00:00:00.000,124,35249,13942,1327713,1327713,35249,2020-10-20,124,13942,0.00889398938459332,0.00785064729849409,133.843557503758
New York,2020-10-21T00:00:00.000,96,35345,11839,1339552,1339552,35345,2020-10-21,96,11839,0.00810879297237942,0.00799462925819143,103.689679065077
New York,2020-10-22T00:00:00.000,114,35459,13307,1352859,1352859,35459,2020-10-22,114,13307,0.00856691966634102,0.00815297853711119,123.267760690373
New York,2020-10-23T00:00:00.000,151,35610,15257,1368116,1368116,35610,2020-10-23,151,15257,0.00989709641476044,0.00832688283703694,163.417030544046
New York,2020-10-24T00:00:00.000,113,35723,12193,1380309,1380309,35723,2020-10-24,113,12193,0.00926761256458624,0.00851755321675229,122.368535436267
New York,2020-10-25T00:00:00.000,66,35789,7380,1387689,1387689,35789,2020-10-25,66,7380,0.00894308943089431,0.00872622367150414,71.4993138250306
New York,2020-10-26T00:00:00.000,108,35897,9720,1397409,1397409,35897,2020-10-26,108,9720,0.0111111111111111,0.00895415013390238,117.015915850281
New York,2020-10-27T00:00:00.000,179,36076,13877,1411286,1411286,36076,2020-10-27,179,13877,0.0128990415795921,0.00920260871326665,193.925775205258
New York,2020-10-28T00:00:00.000,148,36224,20355,1431641,1431641,36224,2020-10-28,148,20355,0.00727094080078605,0.00947289300439836,160.289683842517
New York,2020-10-29T00:00:00.000,176,36400,15072,1446713,1446713,36400,2020-10-29,176,15072,0.0116772823779193,0.0097663103267828,190.511111786885
New York,2020-10-30T00:00:00.000,115,36515,14447,1461160,1461160,36515,2020-10-30,115,14447,0.00796013013082301,0.0100841767889718,124.386874409772
New York,2020-10-31T00:00:00.000,197,36712,22188,1483348,1483348,36712,2020-10-31,197,22188,0.00887867315666126,0.0104278111248317,212.8729914301
New York,2020-11-01T00:00:00.000,102,36814,11785,1495133,1495133,36814,2020-11-01,102,11785,0.00865507000424268,0.0107985273070777,110.089105641722
New York,2020-11-02T00:00:00.000,166,36980,15443,1510576,1510576,36980,2020-11-02,166,15443,0.0107492067603445,0.0111976260229835,178.91977200132
New York,2020-11-03T00:00:00.000,120,37100,13877,1524453,1524453,37100,2020-11-03,120,13877,0.00864740217626288,0.011626385186467,129.139226599043
New York,2020-11-04T00:00:00.000,178,37278,15464,1539917,1539917,37278,2020-11-04,178,15464,0.0115106052767719,0.012086049768896,191.226868940477
New York,2020-11-05T00:00:00.000,152,37430,15129,1555046,1555046,37430,2020-11-05,152,15129,0.0100469297375901,0.0125778213529525,162.987658463509
New York,2020-11-06T00:00:00.000,211,37641,16536,1571582,1571582,37641,2020-11-06,211,16536,0.0127600387034349,0.0131028479475367,225.793400314573
New York,2020-11-07T00:00:00.000,299,37940,17972,1589554,1589554,37940,2020-11-07,299,17972,0.016636990874694,0.0136622147498127,319.270249691757
New York,2020-11-08T00:00:00.000,231,38171,11886,1601440,1601440,38171,2020-11-08,231,11886,0.019434628975265,0.0142569366894812,246.078996601436
New York,2020-11-09T00:00:00.000,213,38384,11968,1613408,1613408,38384,2020-11-09,213,11968,0.0177974598930481,0.0148879537471616,226.413932943162
New York,2020-11-10T00:00:00.000,284,38668,14826,1628234,1628234,38668,2020-11-10,284,14826,0.0191555375691353,0.0155561301847309,301.775639497131
New York,2020-11-11T00:00:00.000,338,39006,17687,1645921,1645921,39006,2020-11-11,338,17687,0.0191100808503421,0.0162622589676858,359.373837331668
New York,2020-11-12T00:00:00.000,349,39355,20508,1666429,1666429,39355,2020-11-12,349,20508,0.0170177491710552,0.0170070727784412,372.559260431576
New York,2020-11-13T00:00:00.000,345,39700,18804,1685233,1685233,39700,2020-11-13,345,18804,0.0183471601786854,0.0177912631208924,369.785329220998
New York,2020-11-14T00:00:00.000,275,39975,16883,1702116,1702116,39975,2020-11-14,275,16883,0.0162885743055144,0.0186155090945447,295.961959747683
New York,2020-11-15T00:00:00.000,251,40226,15673,1717789,1717789,40226,2020-11-15,251,15673,0.0160148025266382,0.0194805174660514,271.240121976248
New York,2020-11-16T00:00:00.000,361,40587,15763,1733552,1733552,40587,2020-11-16,361,15763,0.0229017319038254,0.0203870757034985,391.708003466417
New York,2020-11-17T00:00:00.000,321,40908,14303,1747855,1747855,40908,2020-11-17,321,14303,0.0224428441585681,0.0213361196668398,349.726344667438
New York,2020-11-18T00:00:00.000,355,41263,19969,1767824,1767824,41263,2020-11-18,355,19969,0.0177775552105764,0.0223288176891331,388.337493827135
Niagara,2020-03-01T00:00:00.000,0,0,0,0,0,0,2020-03-01,0,0,0,0.236428060048607,0
Niagara,2020-03-02T00:00:00.000,0,0,0,0,0,0,2020-03-02,0,0,0,0.235374901554345,0
Niagara,2020-03-03T00:00:00.000,0,0,0,0,0,0,2020-03-03,0,0,0,0.234325134772538,0
Niagara,2020-03-04T00:00:00.000,0,0,0,0,0,0,2020-03-04,0,0,0,0.233278958151594,0
Niagara,2020-03-05T00:00:00.000,0,0,0,0,0,0,2020-03-05,0,0,0,0.232236598948376,0
Niagara,2020-03-06T00:00:00.000,0,0,0,0,0,0,2020-03-06,0,0,0,0.23119826782519,0
Niagara,2020-03-07T00:00:00.000,0,0,0,0,0,0,2020-03-07,0,0,0,0.230164116034768,0
Niagara,2020-03-08T00:00:00.000,0,0,1,1,1,0,2020-03-08,0,1,0,0.229134195231874,0
Niagara,2020-03-09T00:00:00.000,0,0,0,1,1,0,2020-03-09,0,0,0,0.228108419961671,0
Niagara,2020-03-10T00:00:00.000,0,0,0,1,1,0,2020-03-10,0,0,0,0.227086532886706,0
Niagara,2020-03-11T00:00:00.000,0,0,1,2,2,0,2020-03-11,0,1,0,0.22606807282231,0
Niagara,2020-03-12T00:00:00.000,0,0,1,3,3,0,2020-03-12,0,1,0,0.225052345658965,0
Niagara,2020-03-13T00:00:00.000,0,0,0,3,3,0,2020-03-13,0,0,0,0.224038398258482,0
Niagara,2020-03-14T00:00:00.000,0,0,1,4,4,0,2020-03-14,0,1,0,0.22302499541812,0
Niagara,2020-03-15T00:00:00.000,0,0,0,4,4,0,2020-03-15,0,0,0,0.222010600006273,0
Niagara,2020-03-16T00:00:00.000,0,0,1,5,5,0,2020-03-16,0,1,0,0.220993356380001,0
Niagara,2020-03-17T00:00:00.000,0,0,1,6,6,0,2020-03-17,0,1,0,0.219971077205503,0
Niagara,2020-03-18T00:00:00.000,1,1,10,16,16,1,2020-03-18,1,10,0.1,0.218941233808776,1.36206114385288
Niagara,2020-03-19T00:00:00.000,2,3,4,20,20,3,2020-03-19,2,4,0.5,0.2179009501938,2.67262094064586
Niagara,2020-03-20T00:00:00.000,1,4,6,26,26,4,2020-03-20,1,6,0.166666666666667,0.216847000870698,1.31197729798299
Niagara,2020-03-21T00:00:00.000,2,6,9,35,35,6,2020-03-21,2,9,0.222222222222222,0.215775812643135,2.57381444258172
Niagara,2020-03-22T00:00:00.000,4,10,38,73,73,10,2020-03-22,4,38,0.105263157894737,0.214683470506075,5.07409045604162
Niagara,2020-03-23T00:00:00.000,1,11,15,88,88,11,2020-03-23,1,15,0.0666666666666667,0.213565727805899,1.26083233389742
Niagara,2020-03-24T00:00:00.000,1,12,16,104,104,12,2020-03-24,1,16,0.0625,0.21241802081012,1.25173249242101
Niagara,2020-03-25T00:00:00.000,2,14,10,114,114,14,2020-03-25,2,10,0.2,0.211235487825796,2.48243843214231
Niagara,2020-03-26T00:00:00.000,9,23,55,169,169,23,2020-03-26,9,55,0.163636363636364,0.210012992991038,11.073679114016
Niagara,2020-03-27T00:00:00.000,10,33,57,226,226,33,2020-03-27,10,57,0.175438596491228,0.208745154843709,12.2964006287921
Niagara,2020-03-28T00:00:00.000,5,38,18,244,244,38,2020-03-28,5,18,0.277777777777778,0.20742637974267,6.11746362854858
Niagara,2020-03-29T00:00:00.000,3,41,6,250,250,41,2020-03-29,3,6,0.5,0.206050900182198,3.64844445129401
Niagara,2020-03-30T00:00:00.000,1,42,15,265,265,42,2020-03-30,1,15,0.0666666666666667,0.204612817994892,1.20896316587979
Niagara,2020-03-31T00:00:00.000,4,46,13,278,278,46,2020-03-31,4,13,0.307692307692308,0.203106152385608,4.81839927731292
Niagara,2020-04-01T00:00:00.000,30,76,89,367,367,76,2020-04-01,30,89,0.337078651685393,0.201524892676452,36.1876442520492
Niagara,2020-04-02T00:00:00.000,18,94,61,428,428,94,2020-04-02,18,61,0.295081967213115,0.199863055570846,21.7327768474555
Niagara,2020-04-03T00:00:00.000,7,101,47,475,475,101,2020-04-03,7,47,0.148936170212766,0.198114746663656,8.45620395549397
Niagara,2020-04-04T00:00:00.000,15,116,54,529,529,116,2020-04-04,15,54,0.277777777777778,0.196274225834542,18.1240848428096
Niagara,2020-04-05T00:00:00.000,4,120,44,573,573,120,2020-04-05,4,44,0.0909090909090909,0.194335976063614,4.83214356787537
Niagara,2020-04-06T00:00:00.000,6,126,44,617,617,126,2020-04-06,6,44,0.136363636363636,0.19229477510304,7.24495784190144
Niagara,2020-04-07T00:00:00.000,8,134,39,656,656,134,2020-04-07,8,39,0.205128205128205,0.190145769327785,9.65388143321435
Niagara,2020-04-08T00:00:00.000,12,146,53,709,709,146,2020-04-08,12,53,0.226415094339623,0.187884548973617,14.4711663531347
Niagara,2020-04-09T00:00:00.000,10,156,79,788,788,156,2020-04-09,10,79,0.126582278481013,0.185507223853968,12.076638259056
Niagara,2020-04-10T00:00:00.000,11,167,46,834,834,167,2020-04-10,11,46,0.239130434782609,0.183010498533306,13.2972892639592
Niagara,2020-04-11T00:00:00.000,16,183,62,896,896,183,2020-04-11,16,62,0.258064516129032,0.180391745822847,19.3534648377198
Niagara,2020-04-12T00:00:00.000,6,189,29,925,925,189,2020-04-12,6,29,0.206896551724138,0.177649077364926,7.26002028515897
Niagara,2020-04-13T00:00:00.000,8,197,48,973,973,197,2020-04-13,8,48,0.166666666666667,0.174781409982263,9.68209382594197
Niagara,2020-04-14T00:00:00.000,7,204,57,1030,1030,204,2020-04-14,7,57,0.12280701754386,0.171788526400221,8.4839637227544
Niagara,2020-04-15T00:00:00.000,12,216,82,1112,1112,216,2020-04-15,12,82,0.146341463414634,0.168671128902396,14.5655952786701
Niagara,2020-04-16T00:00:00.000,11,227,56,1168,1168,227,2020-04-16,11,56,0.196428571428571,0.165430884464455,13.3724649584127
Niagara,2020-04-17T00:00:00.000,7,234,53,1221,1221,234,2020-04-17,7,53,0.132075471698113,0.162070459928512,8.52570013410515
Niagara,2020-04-18T00:00:00.000,12,246,69,1290,1290,246,2020-04-18,12,69,0.173913043478261,0.158593545839137,14.6754007780882
Niagara,2020-04-19T00:00:00.000,9,255,48,1338,1338,255,2020-04-19,9,48,0.1875,0.155004867666439,11.0517923280886
Niagara,2020-04-20T00:00:00.000,5,260,53,1391,1391,260,2020-04-20,5,53,0.0943396226415094,0.151310183293062,6.16509196444149
Niagara,2020-04-21T00:00:00.000,8,268,49,1440,1440,268,2020-04-21,8,49,0.163265306122449,0.147516265846563,9.9044302575105
Niagara,2020-04-22T00:00:00.000,27,295,195,1635,1635,295,2020-04-22,27,195,0.138461538461538,0.143630871212277,33.5626531492938
Niagara,2020-04-23T00:00:00.000,37,332,192,1827,1827,332,2020-04-23,37,192,0.192708333333333,0.139662689865164,46.1766610036928
Niagara,2020-04-24T00:00:00.000,12,344,107,1934,1934,344,2020-04-24,12,107,0.11214953271028,0.135621283006547,15.0348004317047
Niagara,2020-04-25T00:00:00.000,24,368,142,2076,2076,368,2020-04-25,24,142,0.169014084507042,0.13151700337395,30.1844044238728
Niagara,2020-04-26T00:00:00.000,10,378,95,2171,2171,378,2020-04-26,10,95,0.105263157894737,0.127360901500747,12.6234376817576
Niagara,2020-04-27T00:00:00.000,8,386,89,2260,2260,386,2020-04-27,8,89,0.0898876404494382,0.12316461862056,10.1348495021721
Niagara,2020-04-28T00:00:00.000,15,401,130,2390,2390,401,2020-04-28,15,130,0.115384615384615,0.118940267826229,19.0652954068838
Niagara,2020-04-29T00:00:00.000,19,420,154,2544,2544,420,2020-04-29,19,154,0.123376623376623,0.114700305484032,24.2234777484785
Niagara,2020-04-30T00:00:00.000,20,440,239,2783,2783,440,2020-04-30,20,239,0.0836820083682008,0.110457395253905,25.5719021276753
Niagara,2020-05-01T00:00:00.000,17,457,269,3052,3052,457,2020-05-01,17,269,0.0631970260223048,0.106224267357513,21.7944202024735
Niagara,2020-05-02T00:00:00.000,17,474,184,3236,3236,474,2020-05-02,17,184,0.0923913043478261,0.102013575949926,21.8482198489355
Niagara,2020-05-03T00:00:00.000,19,493,318,3554,3554,493,2020-05-03,19,318,0.059748427672956,0.0978377575755038,24.5122323712366
Niagara,2020-05-04T00:00:00.000,15,508,198,3752,3752,508,2020-05-04,15,198,0.0757575757575758,0.0937088937132139,19.4876198696047
Niagara,2020-05-05T00:00:00.000,41,549,353,4105,4105,549,2020-05-05,41,353,0.11614730878187,0.0896385803359207,53.5025539578654
Niagara,2020-05-06T00:00:00.000,39,588,282,4387,4387,588,2020-05-06,39,282,0.138297872340426,0.0856378072239513,51.0817946111977
Niagara,2020-05-07T00:00:00.000,17,605,257,4644,4644,605,2020-05-07,17,257,0.066147859922179,0.0817168494894027,22.3330627742847
Niagara,2020-05-08T00:00:00.000,22,627,273,4917,4917,627,2020-05-08,22,273,0.0805860805860806,0.0778851733979452,28.9279880495321
Niagara,2020-05-09T00:00:00.000,16,643,359,5276,5276,643,2020-05-09,16,359,0.0445682451253482,0.0741513581344072,21.0444527904055
Niagara,2020-05-10T00:00:00.000,12,655,176,5452,5452,655,2020-05-10,12,176,0.0681818181818182,0.0705230346677517,15.7834900674094
Niagara,2020-05-11T00:00:00.000,16,671,186,5638,5638,671,2020-05-11,16,186,0.0860215053763441,0.067006842352896,21.105996894535
Niagara,2020-05-12T00:00:00.000,19,690,343,5981,5981,690,2020-05-12,19,343,0.0553935860058309,0.0636084033849606,25.1483664238173
Niagara,2020-05-13T00:00:00.000,20,710,330,6311,6311,710,2020-05-13,20,330,0.0606060606060606,0.0603323147185923,26.5533279885129
Niagara,2020-05-14T00:00:00.000,33,743,530,6841,6841,743,2020-05-14,33,530,0.0622641509433962,0.0571821566022751,43.9328540350923
Niagara,2020-05-15T00:00:00.000,27,770,383,7224,7224,770,2020-05-15,27,383,0.0704960835509138,0.0541605164729402,36.0305991763408
Niagara,2020-05-16T00:00:00.000,22,792,421,7645,7645,792,2020-05-16,22,421,0.0522565320665083,0.0512690266226191,29.4886119583849
Niagara,2020-05-17T00:00:00.000,26,818,325,7970,7970,818,2020-05-17,26,325,0.08,0.0485084137960918,35.0211121503612
Niagara,2020-05-18T00:00:00.000,27,845,271,8241,8241,845,2020-05-18,27,271,0.0996309963099631,0.0458785587093933,36.5203788919318
Niagara,2020-05-19T00:00:00.000,13,858,370,8611,8611,858,2020-05-19,13,370,0.0351351351351351,0.0433785633942394,17.7074693136682
Niagara,2020-05-20T00:00:00.000,22,880,540,9151,9151,880,2020-05-20,22,540,0.0407407407407407,0.0410068242665166,30.1575632603861
Niagara,2020-05-21T00:00:00.000,17,897,655,9806,9806,897,2020-05-21,17,655,0.0259541984732824,0.0387611088812719,23.4360587062904
Niagara,2020-05-22T00:00:00.000,30,927,501,10307,10307,927,2020-05-22,30,501,0.0598802395209581,0.0366386344603803,41.5430174321421
Niagara,2020-05-23T00:00:00.000,14,941,355,10662,10662,941,2020-05-23,14,355,0.0394366197183099,0.0346361464501824,19.389321020201
Niagara,2020-05-24T00:00:00.000,14,955,501,11163,11163,955,2020-05-24,14,501,0.0279441117764471,0.0327499955725535,19.3732236527282
Niagara,2020-05-25T00:00:00.000,10,965,366,11529,11529,965,2020-05-25,10,366,0.0273224043715847,0.0309762120602435,13.8123130214249
Niagara,2020-05-26T00:00:00.000,7,972,247,11776,11776,972,2020-05-26,7,247,0.0283400809716599,0.0293105760053905,9.63980974902176
Niagara,2020-05-27T00:00:00.000,12,984,502,12278,12278,984,2020-05-27,12,502,0.0239043824701195,0.0277486829870367,16.4611736759809
Niagara,2020-05-28T00:00:00.000,24,1008,583,12861,12861,1008,2020-05-28,24,583,0.0411663807890223,0.0262860043715803,32.7656682466033
Niagara,2020-05-29T00:00:00.000,12,1020,447,13308,13308,1020,2020-05-29,12,447,0.0268456375838926,0.0249179418917108,16.2912119800153
Niagara,2020-05-30T00:00:00.000,17,1037,495,13803,13803,1037,2020-05-30,17,495,0.0343434343434343,0.0236398762998817,22.9319726917776
Niagara,2020-05-31T00:00:00.000,9,1046,420,14223,14223,1046,2020-05-31,9,420,0.0214285714285714,0.0224472100583369,12.0579993218392
Niagara,2020-06-01T00:00:00.000,2,1048,485,14708,14708,1048,2020-06-01,2,485,0.00412371134020619,0.0213354041677815,2.66785022697589
Niagara,2020-06-02T00:00:00.000,19,1067,655,15363,15363,1067,2020-06-02,19,655,0.0290076335877863,0.0203000093503651,25.2200605422781
Niagara,2020-06-03T00:00:00.000,18,1085,739,16102,16102,1085,2020-06-03,18,739,0.0243572395128552,0.019336691891039,23.7628647904245
Niagara,2020-06-04T00:00:00.000,14,1099,726,16828,16828,1099,2020-06-04,14,726,0.0192837465564738,0.018441254506093,18.3726731631672
Niagara,2020-06-05T00:00:00.000,10,1109,999,17827,17827,1109,2020-06-05,10,999,0.01001001001001,0.0176096526509904,13.0519541269426
Niagara,2020-06-06T00:00:00.000,3,1112,521,18348,18348,1112,2020-06-06,3,521,0.00575815738963532,0.0168380067044636,3.89755266150813
Niagara,2020-06-07T00:00:00.000,4,1116,419,18767,18767,1116,2020-06-07,4,419,0.00954653937947494,0.0161226104748751,5.17056772656151
Niagara,2020-06-08T00:00:00.000,9,1125,942,19709,19709,1125,2020-06-08,9,942,0.00955414012738853,0.0154599364708988,11.5667189870543
Niagara,2020-06-09T00:00:00.000,4,1129,510,20219,20219,1129,2020-06-09,4,510,0.00784313725490196,0.0148466383644402,5.11395178696916
Niagara,2020-06-10T00:00:00.000,7,1136,623,20842,20842,1136,2020-06-10,7,623,0.0112359550561798,0.0142795510519208,8.94196061906837
Niagara,2020-06-11T00:00:00.000,7,1143,718,21560,21560,1143,2020-06-11,7,718,0.00974930362116992,0.0137556886927167,8.93264844414553
Niagara,2020-06-12T00:00:00.000,11,1154,630,22190,22190,1154,2020-06-12,11,630,0.0174603174603175,0.0132722410726982,14.0195955109341
Niagara,2020-06-13T00:00:00.000,12,1166,745,22935,22935,1166,2020-06-13,12,745,0.0161073825503356,0.0128265686081027,15.2721960282853
Niagara,2020-06-14T00:00:00.000,3,1169,464,23399,23399,1169,2020-06-14,3,464,0.00646551724137931,0.0124161962716831,3.81188273388752
Niagara,2020-06-15T00:00:00.000,2,1171,424,23823,23823,1171,2020-06-15,2,424,0.00471698113207547,0.0120388066903121,2.53670861521308
Niagara,2020-06-16T00:00:00.000,6,1177,505,24328,24328,1177,2020-06-16,6,505,0.0118811881188119,0.0116922326317537,7.59524917570353
Niagara,2020-06-17T00:00:00.000,6,1183,850,25178,25178,1183,2020-06-17,6,850,0.00705882352941176,0.0113744490687649,7.57920249383955
Niagara,2020-06-18T00:00:00.000,2,1185,977,26155,26155,1185,2020-06-18,2,977,0.00204708290685773,0.0110835649814474,2.52057323099014
Niagara,2020-06-19T00:00:00.000,3,1188,621,26776,26776,1188,2020-06-19,3,621,0.00483091787439614,0.0108178150340163,3.77162510738329
Niagara,2020-06-20T00:00:00.000,4,1192,531,27307,27307,1192,2020-06-20,4,531,0.00753295668549906,0.0105755512400925,5.01589983448458
Niagara,2020-06-21T00:00:00.000,1,1193,402,27709,27709,1193,2020-06-21,1,402,0.00248756218905473,0.0103552347111516,1.2505949560214
Niagara,2020-06-22T00:00:00.000,2,1195,371,28080,28080,1195,2020-06-22,2,371,0.00539083557951483,0.0101554275658771,2.49415242324989
Niagara,2020-06-23T00:00:00.000,4,1199,803,28883,28883,1199,2020-06-23,4,803,0.0049813200498132,0.00997478506367411,4.97370344166728
Niagara,2020-06-24T00:00:00.000,4,1203,963,29846,29846,1203,2020-06-24,4,963,0.00415368639667705,0.00981204801338728,4.95860137888723
Niagara,2020-06-25T00:00:00.000,10,1213,606,30452,30452,1213,2020-06-25,10,606,0.0165016501650165,0.00966603549798232,12.3575545084233
Niagara,2020-06-26T00:00:00.000,10,1223,820,31272,31272,1223,2020-06-26,10,820,0.0121951219512195,0.00953563794760781,12.3174635729222
Niagara,2020-06-27T00:00:00.000,3,1226,513,31785,31785,1226,2020-06-27,3,513,0.00584795321637427,0.00941981058650318,3.68288307631251
Niagara,2020-06-28T00:00:00.000,2,1228,385,32170,32170,1228,2020-06-28,2,385,0.00519480519480519,0.00931756727371017,2.44680719335257
Niagara,2020-06-29T00:00:00.000,6,1234,622,32792,32792,1234,2020-06-29,6,622,0.00964630225080386,0.00922797475305981,7.31446676206995
Niagara,2020-06-30T00:00:00.000,3,1237,517,33309,33309,1237,2020-06-30,3,517,0.00580270793036751,0.00915014732427038,3.64396097000637
Niagara,2020-07-01T00:00:00.000,11,1248,987,34296,34296,1248,2020-07-01,11,987,0.011144883485309,0.0090832419440322,13.311477072198
Niagara,2020-07-02T00:00:00.000,14,1262,763,35059,35059,1262,2020-07-02,14,763,0.018348623853211,0.00902645376341037,16.8773155906292
Niagara,2020-07-03T00:00:00.000,15,1277,683,35742,35742,1277,2020-07-03,15,683,0.0219619326500732,0.00897901210559718,17.9880000582617
Niagara,2020-07-04T00:00:00.000,7,1284,476,36218,36218,1284,2020-07-04,7,476,0.0147058823529412,0.00894017688591588,8.3722006896522
Niagara,2020-07-05T00:00:00.000,6,1290,360,36578,36578,1290,2020-07-05,6,360,0.0166666666666667,0.00890923547372524,7.14696044152582
Niagara,2020-07-06T00:00:00.000,7,1297,442,37020,37020,1297,2020-07-06,7,442,0.0158371040723982,0.00888549999355965,8.30501103845593
Niagara,2020-07-07T00:00:00.000,10,1307,718,37738,37738,1307,2020-07-07,10,718,0.0139275766016713,0.00886830506025919,11.8364691665842
Niagara,2020-07-08T00:00:00.000,8,1315,826,38564,38564,1315,2020-07-08,8,826,0.00968523002421308,0.00885700593998839,9.44451443363471
Niagara,2020-07-09T00:00:00.000,12,1327,835,39399,39399,1327,2020-07-09,12,835,0.0143712574850299,0.00885097712592326,14.1284330146815
Niagara,2020-07-10T00:00:00.000,7,1334,533,39932,39932,1334,2020-07-10,7,533,0.0131332082551595,0.00884961131392151,8.21855843360547
Niagara,2020-07-11T00:00:00.000,6,1340,720,40652,40652,1340,2020-07-11,6,720,0.00833333333333333,0.00885231875981714,7.02424061071469
Niagara,2020-07-12T00:00:00.000,2,1342,266,40918,40918,1342,2020-07-12,2,266,0.0075187969924812,0.00885852699610894,2.33452446298834
Niagara,2020-07-13T00:00:00.000,9,1351,685,41603,41603,1351,2020-07-13,9,685,0.0131386861313869,0.0088676808817958,10.4738250653747
Niagara,2020-07-14T00:00:00.000,5,1356,665,42268,42268,1356,2020-07-14,5,665,0.0075187969924812,0.00887924295520003,5.80103753318031
Niagara,2020-07-15T00:00:00.000,8,1364,930,43198,43198,1364,2020-07-15,8,930,0.00860215053763441,0.00889269405572889,9.25297824911992
Niagara,2020-07-16T00:00:00.000,7,1371,933,44131,44131,1371,2020-07-16,7,933,0.007502679528403,0.00890753417703015,8.07110688690484
Niagara,2020-07-17T00:00:00.000,4,1375,419,44550,44550,1375,2020-07-17,4,419,0.00954653937947494,0.00892328351083341,4.60398458716943
Niagara,2020-07-18T00:00:00.000,7,1382,509,45059,45059,1382,2020-07-18,7,509,0.0137524557956778,0.00893948363822551,8.06479331181616
Niagara,2020-07-19T00:00:00.000,2,1384,209,45268,45268,1384,2020-07-19,2,209,0.00956937799043062,0.00895569882322626,2.30548609035475
Niagara,2020-07-20T00:00:00.000,4,1388,640,45908,45908,1388,2020-07-20,4,640,0.00625,0.00897151736248587,4.61149839740713
Niagara,2020-07-21T00:00:00.000,7,1395,736,46644,46644,1395,2020-07-21,7,736,0.00951086956521739,0.00898655294471575,8.06654656117744
Niagara,2020-07-22T00:00:00.000,10,1405,586,47230,47230,1405,2020-07-22,10,586,0.0170648464163823,0.00900044597432251,11.5124682345568
Niagara,2020-07-23T00:00:00.000,3,1408,707,47937,47937,1408,2020-07-23,3,707,0.00424328147100424,0.00901286481540677,3.44901749406597
Niagara,2020-07-24T00:00:00.000,12,1420,1234,49171,49171,1420,2020-07-24,12,1234,0.00972447325769854,0.00902350691510381,13.8297935272126
Niagara,2020-07-25T00:00:00.000,2,1422,503,49674,49674,1422,2020-07-25,2,503,0.00397614314115308,0.00903209976888027,2.30957956319693
Niagara,2020-07-26T00:00:00.000,2,1424,335,50009,50009,1424,2020-07-26,2,335,0.00597014925373134,0.00903840169492819,2.3122612963827
Niagara,2020-07-27T00:00:00.000,0,1424,698,50707,50707,1424,2020-07-27,0,698,0,0.00904220239006488,0
Niagara,2020-07-28T00:00:00.000,6,1430,543,51250,51250,1430,2020-07-28,6,543,0.0110497237569061,0.00904332324537806,6.93895940073187
Niagara,2020-07-29T00:00:00.000,4,1434,860,52110,52110,1434,2020-07-29,4,860,0.00465116279069767,0.00904161740610287,4.62186251074427
Niagara,2020-07-30T00:00:00.000,6,1440,515,52625,52625,1440,2020-07-30,6,515,0.0116504854368932,0.00903696956676727,6.92157527168473
Niagara,2020-07-31T00:00:00.000,4,1444,748,53373,53373,1444,2020-07-31,4,748,0.0053475935828877,0.00902929549912994,4.60754209731971
Niagara,2020-08-01T00:00:00.000,2,1446,519,53892,53892,1446,2020-08-01,2,519,0.00385356454720617,0.00901854131691722,2.30328657644713
Niagara,2020-08-02T00:00:00.000,3,1449,314,54206,54206,1449,2020-08-02,3,314,0.00955414012738853,0.00900468248742645,3.45074731729777
Niagara,2020-08-03T00:00:00.000,9,1458,996,55202,55202,1458,2020-08-03,9,996,0.00903614457831325,0.00898772260568645,10.335133509119
Niagara,2020-08-04T00:00:00.000,8,1466,1332,56534,56534,1466,2020-08-04,8,1332,0.00600600600600601,0.00896769195187867,9.16759862744677
Niagara,2020-08-05T00:00:00.000,4,1470,639,57173,57173,1470,2020-08-05,4,639,0.00625978090766823,0.00894464585697485,4.57226394927113
Niagara,2020-08-06T00:00:00.000,21,1491,646,57819,57819,1491,2020-08-06,21,646,0.0325077399380805,0.00891866290494829,24.0082353330512
Niagara,2020-08-07T00:00:00.000,3,1494,997,58816,58816,1494,2020-08-07,3,997,0.00300902708124373,0.00888984300252377,3.43508500761117
Niagara,2020-08-08T00:00:00.000,4,1498,462,59278,59278,1498,2020-08-08,4,462,0.00865800865800866,0.00885830534905091,4.58617085204352
Niagara,2020-08-09T00:00:00.000,2,1500,283,59561,59561,1500,2020-08-09,2,283,0.00706713780918728,0.00882418633985039,2.29551616908757
Niagara,2020-08-10T00:00:00.000,12,1512,925,60486,60486,1512,2020-08-10,12,925,0.012972972972973,0.00878763743634263,13.7837478712946
Niagara,2020-08-11T00:00:00.000,2,1514,652,61138,61138,1514,2020-08-11,2,652,0.00306748466257669,0.0087488230353591,2.29796610811913
Niagara,2020-08-12T00:00:00.000,4,1518,551,61689,61689,1518,2020-08-12,4,551,0.00725952813067151,0.00870791836849267,4.59502360086839
Niagara,2020-08-13T00:00:00.000,6,1524,821,62510,62510,1524,2020-08-13,6,821,0.00730816077953715,0.00866510746018779,6.88900425806949
Niagara,2020-08-14T00:00:00.000,5,1529,597,63107,63107,1529,2020-08-14,5,597,0.00837520938023451,0.00862058117059719,5.744179940518
Niagara,2020-08-15T00:00:00.000,3,1532,573,63680,63680,1532,2020-08-15,3,573,0.00523560209424084,0.00857453534618938,3.45475949957486
Niagara,2020-08-16T00:00:00.000,0,1532,319,63999,63999,1532,2020-08-16,0,319,0,0.00852716909784673,0
Niagara,2020-08-17T00:00:00.000,3,1535,459,64458,64458,1535,2020-08-17,3,459,0.0065359477124183,0.00847868322267939,3.46432221753414
Niagara,2020-08-18T00:00:00.000,9,1544,590,65048,65048,1544,2020-08-18,9,590,0.0152542372881356,0.00842927878234792,10.3943315276655
Niagara,2020-08-19T00:00:00.000,3,1547,757,65805,65805,1547,2020-08-19,3,757,0.00396301188903567,0.00837915584723272,3.46494510007556
Niagara,2020-08-20T00:00:00.000,9,1556,768,66573,66573,1556,2020-08-20,9,768,0.01171875,0.00832851241244925,10.3945732282361
Niagara,2020-08-21T00:00:00.000,10,1566,683,67256,67256,1566,2020-08-21,10,683,0.0146412884333821,0.00827754348862263,11.5454319802375
Niagara,2020-08-22T00:00:00.000,9,1575,646,67902,67902,1575,2020-08-22,9,646,0.0139318885448916,0.00822644036748322,10.3866097353958
Niagara,2020-08-23T00:00:00.000,1,1576,286,68188,68188,1576,2020-08-23,1,286,0.0034965034965035,0.00817539005970683,1.15534199300076
Niagara,2020-08-24T00:00:00.000,10,1586,591,68779,68779,1586,2020-08-24,10,591,0.0169204737732657,0.00812457490025941,11.5601352147124
Niagara,2020-08-25T00:00:00.000,4,1590,520,69299,69299,1590,2020-08-25,4,520,0.00769230769230769,0.00807417231449872,4.6231574670661
Niagara,2020-08-26T00:00:00.000,5,1595,913,70212,70212,1595,2020-08-26,5,913,0.00547645125958379,0.00802435473676022,5.77341303310456
Niagara,2020-08-27T00:00:00.000,5,1600,734,70946,70946,1600,2020-08-27,5,734,0.00681198910081744,0.0079752896718587,5.76402640375951
Niagara,2020-08-28T00:00:00.000,5,1605,605,71551,71551,1605,2020-08-28,5,605,0.00826446280991736,0.00792713988904333,5.76688076168982
Niagara,2020-08-29T00:00:00.000,7,1612,957,72508,72508,1612,2020-08-29,7,957,0.00731452455590387,0.00788006373726319,8.0899660996564
Niagara,2020-08-30T00:00:00.000,6,1618,532,73040,73040,1618,2020-08-30,6,532,0.0112781954887218,0.00783421557031081,6.94795041829156
Niagara,2020-08-31T00:00:00.000,8,1626,856,73896,73896,1626,2020-08-31,8,856,0.00934579439252336,0.00778974627026673,9.28168389359256
Niagara,2020-09-01T00:00:00.000,6,1632,895,74791,74791,1632,2020-09-01,6,895,0.00670391061452514,0.00774680385784611,6.97411195397385
Niagara,2020-09-02T00:00:00.000,3,1635,789,75580,75580,1635,2020-09-02,3,789,0.00380228136882129,0.00770553417857037,3.49320398575647
Niagara,2020-09-03T00:00:00.000,3,1638,767,76347,76347,1638,2020-09-03,3,767,0.00391134289439374,0.00766608165424696,3.4990268844118
Niagara,2020-09-04T00:00:00.000,5,1643,806,77153,77153,1643,2020-09-04,5,806,0.00620347394540943,0.00762859008989222,5.84078690893528
Niagara,2020-09-05T00:00:00.000,7,1650,503,77656,77656,1650,2020-09-05,7,503,0.0139165009940358,0.0075932035270879,8.18879435331048
Niagara,2020-09-06T00:00:00.000,4,1654,394,78050,78050,1654,2020-09-06,4,394,0.0101522842639594,0.0075600671356789,4.68533331118588
Niagara,2020-09-07T00:00:00.000,5,1659,547,78597,78597,1659,2020-09-07,5,547,0.00914076782449726,0.00752932813676843,5.86305816890991
Niagara,2020-09-08T00:00:00.000,4,1663,502,79099,79099,1663,2020-09-08,4,502,0.00796812749003984,0.00750113675105483,4.69398718165914
Niagara,2020-09-09T00:00:00.000,3,1666,637,79736,79736,1666,2020-09-09,3,637,0.00470957613814757,0.00747564716776163,3.52237337025305
Niagara,2020-09-10T00:00:00.000,5,1671,724,80460,80460,1671,2020-09-10,5,724,0.0069060773480663,0.00745301853058463,5.87235415639255
Niagara,2020-09-11T00:00:00.000,7,1678,743,81203,81203,1678,2020-09-11,7,743,0.00942126514131898,0.00743341593836845,8.23280293744399
Niagara,2020-09-12T00:00:00.000,7,1685,585,81788,81788,1685,2020-09-12,7,585,0.011965811965812,0.00741701145945977,8.2488402201247
Niagara,2020-09-13T00:00:00.000,4,1689,420,82208,82208,1689,2020-09-13,4,420,0.00952380952380952,0.00740398515998207,4.72154569533843
Niagara,2020-09-14T00:00:00.000,4,1693,679,82887,82887,1693,2020-09-14,4,679,0.00589101620029455,0.00739452614750815,4.72811836821748
Niagara,2020-09-15T00:00:00.000,1,1694,445,83332,83332,1694,2020-09-15,1,445,0.00224719101123596,0.00738883363287722,1.18330772201924
Niagara,2020-09-16T00:00:00.000,9,1703,1145,84477,84477,1703,2020-09-16,9,1145,0.00786026200873362,0.00738711801408755,10.657738546478
Niagara,2020-09-17T00:00:00.000,4,1707,486,84963,84963,1707,2020-09-17,4,486,0.00823045267489712,0.00738960198736882,4.73863418621794
Niagara,2020-09-18T00:00:00.000,7,1714,772,85735,85735,1714,2020-09-18,7,772,0.00906735751295337,0.0073965216916453,8.29274010396523
Niagara,2020-09-19T00:00:00.000,10,1724,1161,86896,86896,1724,2020-09-19,10,1161,0.00861326442721792,0.00740812789361119,11.8309024058853
Niagara,2020-09-20T00:00:00.000,4,1728,444,87340,87340,1728,2020-09-20,4,444,0.00900900900900901,0.00742468722164056,4.72210055272739
Niagara,2020-09-21T00:00:00.000,5,1733,564,87904,87904,1733,2020-09-21,5,564,0.00886524822695036,0.00744648345754564,5.88727868183964
Niagara,2020-09-22T00:00:00.000,8,1741,711,88615,88615,1741,2020-09-22,8,711,0.0112517580872011,0.00747381889603259,9.39109412370044
Niagara,2020-09-23T00:00:00.000,15,1756,884,89499,89499,1756,2020-09-23,15,884,0.0169683257918552,0.00750701578228294,17.5473982957797
Niagara,2020-09-24T00:00:00.000,10,1766,981,90480,90480,1766,2020-09-24,10,981,0.0101936799184506,0.00754641783863925,11.6528713065639
Niagara,2020-09-25T00:00:00.000,7,1773,609,91089,91089,1773,2020-09-25,7,609,0.0114942528735632,0.00759239189176377,8.14921028921259
Niagara,2020-09-26T00:00:00.000,4,1777,990,92079,92079,1777,2020-09-26,4,990,0.00404040404040404,0.00764532961185057,4.66359195554561
Niagara,2020-09-27T00:00:00.000,3,1780,548,92627,92627,1780,2020-09-27,3,548,0.00547445255474453,0.00770564937556866,3.50142167046641
Niagara,2020-09-28T00:00:00.000,3,1783,1727,94354,94354,1783,2020-09-28,3,1727,0.00173711638679792,0.00777379826433127,3.50371613555834
Niagara,2020-09-29T00:00:00.000,5,1788,1119,95473,95473,1788,2020-09-29,5,1119,0.00446827524575514,0.0078502542091761,5.84100546951911
Niagara,2020-09-30T00:00:00.000,11,1799,1127,96600,96600,1799,2020-09-30,11,1127,0.00976042590949423,0.00793552829310318,12.8484390179245
Niagara,2020-10-01T00:00:00.000,10,1809,1480,98080,98080,1809,2020-10-01,10,1480,0.00675675675675676,0.00803016722098062,11.6743727242434
Niagara,2020-10-02T00:00:00.000,4,1813,1139,99219,99219,1813,2020-10-02,4,1139,0.00351185250219491,0.00813475596618738,4.66564600241728
Niagara,2020-10-03T00:00:00.000,15,1828,1260,100479,100479,1828,2020-10-03,15,1260,0.0119047619047619,0.00824992060195559,17.4747513322822
Niagara,2020-10-04T00:00:00.000,6,1834,738,101217,101217,1834,2020-10-04,6,738,0.00813008130081301,0.00837633132382843,6.97905594258236
Niagara,2020-10-05T00:00:00.000,6,1840,906,102123,102123,1840,2020-10-05,6,906,0.00662251655629139,0.00851470566778692,6.96608345097443
Niagara,2020-10-06T00:00:00.000,2,1842,640,102763,102763,1842,2020-10-06,2,640,0.003125,0.00866581192636533,2.31704652223063
Niagara,2020-10-07T00:00:00.000,13,1855,1305,104068,104068,1855,2020-10-07,13,1305,0.00996168582375479,0.00883047276239636,15.0245050925417
Niagara,2020-10-08T00:00:00.000,17,1872,1448,105516,105516,1872,2020-10-08,17,1448,0.0117403314917127,0.00900956901689955,19.5953120228433
Niagara,2020-10-09T00:00:00.000,10,1882,890,106406,106406,1882,2020-10-09,10,890,0.0112359550561798,0.00920404370398492,11.4924420861877
Niagara,2020-10-10T00:00:00.000,13,1895,870,107276,107276,1895,2020-10-10,13,870,0.0149425287356322,0.00941490618142607,14.8927587871872
Niagara,2020-10-11T00:00:00.000,7,1902,1159,108435,108435,1902,2020-10-11,7,1159,0.00603968938740293,0.00964323648078129,7.99243158764265
Niagara,2020-10-12T00:00:00.000,5,1907,495,108930,108930,1907,2020-10-12,5,495,0.0101010101010101,0.00989018977546465,5.68904374959273
Niagara,2020-10-13T00:00:00.000,4,1911,899,109829,109829,1911,2020-10-13,4,899,0.00444938820912125,0.0101570009591268,4.5348869779523
Niagara,2020-10-14T00:00:00.000,17,1928,1204,111033,111033,1928,2020-10-14,17,1204,0.0141196013289037,0.0104449892999128,19.2185683893576
Niagara,2020-10-15T00:00:00.000,10,1938,1440,112473,112473,1938,2020-10-15,10,1440,0.00694444444444444,0.010755563128816,11.2803088399624
Niagara,2020-10-16T00:00:00.000,8,1946,1287,113760,113760,1946,2020-10-16,8,1287,0.00621600621600622,0.0110902245123416,9.02107315679714
Niagara,2020-10-17T00:00:00.000,12,1958,838,114598,114598,1958,2020-10-17,12,838,0.0143198090692124,0.0114505738512729,13.5336089140279
Niagara,2020-10-18T00:00:00.000,3,1961,437,115035,115035,1961,2020-10-18,3,437,0.0068649885583524,0.011838314338519,3.38468318780466
Niagara,2020-10-19T00:00:00.000,7,1968,996,116031,116031,1968,2020-10-19,7,996,0.0070281124497992,0.0122552562000727,7.90813791613382
Niagara,2020-10-20T00:00:00.000,18,1986,1095,117126,117126,1986,2020-10-20,18,1095,0.0164383561643836,0.0127033206343885,20.3868191691454
Niagara,2020-10-21T00:00:00.000,11,1997,1154,118280,118280,1997,2020-10-21,11,1154,0.00953206239168111,0.0131845433571665,12.4906102992806
Niagara,2020-10-22T00:00:00.000,19,2016,1220,119500,119500,2016,2020-10-22,19,1220,0.0155737704918033,0.0137010776513124,21.6392447517491
Niagara,2020-10-23T00:00:00.000,16,2032,1676,121176,121176,2032,2020-10-23,16,1676,0.00954653937947494,0.0142551968161132,18.2721405169594
Niagara,2020-10-24T00:00:00.000,9,2041,767,121943,121943,2041,2020-10-24,9,767,0.0117340286831812,0.0148492959061816,10.303218945785
Niagara,2020-10-25T00:00:00.000,9,2050,835,122778,122778,2050,2020-10-25,9,835,0.0107784431137725,0.0154858926503501,10.3255082538163
Niagara,2020-10-26T00:00:00.000,15,2065,793,123571,123571,2065,2020-10-26,15,793,0.0189155107187894,0.0161676274441137,17.2414835349493
Niagara,2020-10-27T00:00:00.000,10,2075,840,124411,124411,2075,2020-10-27,10,840,0.0119047619047619,0.016897262317863,11.512590154771
Niagara,2020-10-28T00:00:00.000,13,2088,1043,125454,125454,2088,2020-10-28,13,1043,0.012464046021093,0.0176776787975469,14.9858530579607
Niagara,2020-10-29T00:00:00.000,20,2108,1132,126586,126586,2108,2020-10-29,20,1132,0.0176678445229682,0.018511874596389,23.0786088907414
Niagara,2020-10-30T00:00:00.000,16,2124,1223,127809,127809,2124,2020-10-30,16,1223,0.0130825838103025,0.0194029591063714,18.4764890543701
Niagara,2020-10-31T00:00:00.000,13,2137,882,128691,128691,2137,2020-10-31,13,882,0.0147392290249433,0.0203541476982237,15.0190915945122
Niagara,2020-11-01T00:00:00.000,18,2155,690,129381,129381,2155,2020-11-01,18,690,0.0260869565217391,0.0213687548890177,20.79975146131
Niagara,2020-11-02T00:00:00.000,11,2166,1122,130503,130503,2166,2020-11-02,11,1122,0.00980392156862745,0.022450186498819,12.7101984845219
Niagara,2020-11-03T00:00:00.000,25,2191,656,131159,131159,2191,2020-11-03,25,656,0.038109756097561,0.0236019309922161,28.878007620317
Niagara,2020-11-04T00:00:00.000,40,2231,1301,132460,132460,2231,2020-11-04,40,1301,0.0307455803228286,0.0248275502878083,46.1799918961712
Niagara,2020-11-05T00:00:00.000,43,2274,1161,133621,133621,2274,2020-11-05,43,1161,0.037037037037037,0.026130670418717,49.6059876986976
Niagara,2020-11-06T00:00:00.000,39,2313,1519,135140,135140,2313,2020-11-06,39,1519,0.0256747860434496,0.0275149725392775,44.9483479175597
Niagara,2020-11-07T00:00:00.000,41,2354,868,136008,136008,2354,2020-11-07,41,868,0.0472350230414747,0.0289841848967833,47.1992522805355
Niagara,2020-11-08T00:00:00.000,38,2392,813,136821,136821,2392,2020-11-08,38,813,0.046740467404674,0.0305420765203431,43.6851064158168
Niagara,2020-11-09T00:00:00.000,75,2467,1523,138344,138344,2467,2020-11-09,75,1523,0.0492449113591596,0.0321924535203348,86.1145854621168
Niagara,2020-11-10T00:00:00.000,38,2505,945,139289,139289,2505,2020-11-10,38,945,0.0402116402116402,0.033939159038481,43.6545369828428
Niagara,2020-11-11T00:00:00.000,59,2564,1437,140726,140726,2564,2020-11-11,59,1437,0.0410577592205985,0.0357860780382589,67.8789462207873
Niagara,2020-11-12T00:00:00.000,52,2616,1486,142212,142212,2616,2020-11-12,52,1486,0.0349932705248991,0.0377371482746266,60.1156061221943
Niagara,2020-11-13T00:00:00.000,62,2678,1293,143505,143505,2678,2020-11-13,62,1293,0.0479505027068832,0.0397963789289245,72.025444796654
Niagara,2020-11-14T00:00:00.000,30,2708,841,144346,144346,2708,2020-11-14,30,841,0.0356718192627824,0.0419678785370062,35.0210098573828
Niagara,2020-11-15T00:00:00.000,45,2753,1000,145346,145346,2753,2020-11-15,45,1000,0.045,0.04425589397454,52.7873409876488
Niagara,2020-11-16T00:00:00.000,45,2798,963,146309,146309,2798,2020-11-16,45,963,0.0467289719626168,0.0466648623939041,53.0433888377719
Niagara,2020-11-17T00:00:00.000,71,2869,1379,147688,147688,2869,2020-11-17,71,1379,0.0514865844815083,0.0491994781335007,84.0942246561105
Niagara,2020-11-18T00:00:00.000,65,2934,2123,149811,149811,2934,2020-11-18,65,2123,0.0306170513424399,0.051864776747053,77.3561782767183
Oneida,2020-03-01T00:00:00.000,0,0,0,0,0,0,2020-03-01,0,0,0,0.0277683886132275,0
Oneida,2020-03-02T00:00:00.000,0,0,0,0,0,0,2020-03-02,0,0,0,0.0295823179869462,0
Oneida,2020-03-03T00:00:00.000,0,0,0,0,0,0,2020-03-03,0,0,0,0.0315106338550244,0
Oneida,2020-03-04T00:00:00.000,0,0,2,2,2,0,2020-03-04,0,2,0,0.0335595361586366,0
Oneida,2020-03-05T00:00:00.000,0,0,0,2,2,0,2020-03-05,0,0,0,0.0357351731447159,0
Oneida,2020-03-06T00:00:00.000,0,0,0,2,2,0,2020-03-06,0,0,0,0.0380435552556524,0
Oneida,2020-03-07T00:00:00.000,0,0,0,2,2,0,2020-03-07,0,0,0,0.0404904548708801,0
Oneida,2020-03-08T00:00:00.000,0,0,0,2,2,0,2020-03-08,0,0,0,0.0430812911777843,0
Oneida,2020-03-09T00:00:00.000,0,0,0,2,2,0,2020-03-09,0,0,0,0.0458209997578094,0
Oneida,2020-03-10T00:00:00.000,0,0,0,2,2,0,2020-03-10,0,0,0,0.0487138868747685,0
Oneida,2020-03-11T00:00:00.000,0,0,1,3,3,0,2020-03-11,0,1,0,0.0517634689592469,0
Oneida,2020-03-12T00:00:00.000,0,0,1,4,4,0,2020-03-12,0,1,0,0.0549722983904907,0
Oneida,2020-03-13T00:00:00.000,0,0,1,5,5,0,2020-03-13,0,1,0,0.0583417773846678,0
Oneida,2020-03-14T00:00:00.000,0,0,1,6,6,0,2020-03-14,0,1,0,0.0618719625927284,0
Oneida,2020-03-15T00:00:00.000,0,0,3,9,9,0,2020-03-15,0,3,0,0.0655613638672236,0
Oneida,2020-03-16T00:00:00.000,0,0,1,10,10,0,2020-03-16,0,1,0,0.0694067415511609,0
Oneida,2020-03-17T00:00:00.000,0,0,4,14,14,0,2020-03-17,0,4,0,0.0734029075201892,0
Oneida,2020-03-18T00:00:00.000,2,2,14,28,28,2,2020-03-18,2,14,0.142857142857143,0.0775425360345736,2.45554469483113
Oneida,2020-03-19T00:00:00.000,0,2,7,35,35,2,2020-03-19,0,7,0,0.0818159911554509,0
Oneida,2020-03-20T00:00:00.000,2,4,59,94,94,4,2020-03-20,2,59,0.0338983050847458,0.0862111780031849,2.39275003814921
Oneida,2020-03-21T00:00:00.000,1,5,30,124,124,5,2020-03-21,1,30,0.0333333333333333,0.0907134254072326,1.18008725076435
Oneida,2020-03-22T00:00:00.000,2,7,36,160,160,7,2020-03-22,2,36,0.0555555555555556,0.0953054074714124,2.33916093801909
Oneida,2020-03-23T00:00:00.000,1,8,24,184,184,8,2020-03-23,1,24,0.0416666666666667,0.099967111202279,1.16866461858848
Oneida,2020-03-24T00:00:00.000,1,9,48,232,232,9,2020-03-24,1,48,0.0208333333333333,0.104675856602042,1.16621075523921
Oneida,2020-03-25T00:00:00.000,4,13,22,254,254,13,2020-03-25,4,22,0.181818181818182,0.109406374502543,4.6487485546037
Oneida,2020-03-26T00:00:00.000,0,13,41,295,295,13,2020-03-26,0,41,0,0.114130945940963,0
Oneida,2020-03-27T00:00:00.000,10,23,43,338,338,23,2020-03-27,10,43,0.232558139534884,0.118819605104253,11.6226503937559
Oneida,2020-03-28T00:00:00.000,3,26,26,364,364,26,2020-03-28,3,26,0.115384615384615,0.123440405877596,3.48483308798196
Oneida,2020-03-29T00:00:00.000,8,34,26,390,390,34,2020-03-29,8,26,0.307692307692308,0.127959749920442,9.2765471708738
Oneida,2020-03-30T00:00:00.000,6,40,57,447,447,40,2020-03-30,6,57,0.105263157894737,0.132342772086438,6.94450122131689
Oneida,2020-03-31T00:00:00.000,10,50,58,505,505,50,2020-03-31,10,58,0.172413793103448,0.136553777007626,11.5771285996486
Oneida,2020-04-01T00:00:00.000,11,61,82,587,587,61,2020-04-01,11,82,0.134146341463415,0.140556718898323,12.799235616657
Oneida,2020-04-02T00:00:00.000,10,71,77,664,664,71,2020-04-02,10,77,0.12987012987013,0.144315715184901,11.6869403092304
Oneida,2020-04-03T00:00:00.000,9,80,58,722,722,80,2020-04-03,9,58,0.155172413793103,0.147795583500692,10.5583093885516
Oneida,2020-04-04T00:00:00.000,7,87,55,777,777,87,2020-04-04,7,55,0.127272727272727,0.150962390920786,8.23878968803872
Oneida,2020-04-05T00:00:00.000,13,100,87,864,864,100,2020-04-05,13,87,0.149425287356322,0.153784004048226,15.3411877840072
Oneida,2020-04-06T00:00:00.000,18,118,90,954,954,118,2020-04-06,18,90,0.2,0.156230628652997,21.2881041856168
Oneida,2020-04-07T00:00:00.000,7,125,59,1013,1013,125,2020-04-07,7,59,0.11864406779661,0.158275327936002,8.29359204831491
Oneida,2020-04-08T00:00:00.000,33,158,104,1117,1117,158,2020-04-08,33,104,0.317307692307692,0.159894509064978,39.158899500916
Oneida,2020-04-09T00:00:00.000,14,172,85,1202,1202,172,2020-04-09,14,85,0.164705882352941,0.161068368312683,16.6701319220261
Oneida,2020-04-10T00:00:00.000,9,181,42,1244,1244,181,2020-04-10,9,42,0.214285714285714,0.161781285840305,10.7462804042666
Oneida,2020-04-11T00:00:00.000,14,195,83,1327,1327,195,2020-04-11,14,83,0.168674698795181,0.162022161870821,16.7533845372615
Oneida,2020-04-12T00:00:00.000,11,206,61,1388,1388,206,2020-04-12,11,61,0.180327868852459,0.161784686638602,13.1861106120043
Oneida,2020-04-13T00:00:00.000,23,229,100,1488,1488,229,2020-04-13,23,100,0.23,0.161067537130028,27.6094918711651
Oneida,2020-04-14T00:00:00.000,17,246,79,1567,1567,246,2020-04-14,17,79,0.215189873417722,0.159874494263923,20.456351951241
Oneida,2020-04-15T00:00:00.000,3,249,32,1599,1599,249,2020-04-15,3,32,0.09375,0.158214474913428,3.61816854202013
Oneida,2020-04-16T00:00:00.000,12,261,82,1681,1681,261,2020-04-16,12,82,0.146341463414634,0.156101474119154,14.503708770141
Oneida,2020-04-17T00:00:00.000,7,268,85,1766,1766,268,2020-04-17,7,85,0.0823529411764706,0.153554414119318,8.47980562934542
Oneida,2020-04-18T00:00:00.000,7,275,52,1818,1818,275,2020-04-18,7,52,0.134615384615385,0.150596898506077,8.51647383107634
Oneida,2020-04-19T00:00:00.000,4,279,75,1893,1893,279,2020-04-19,4,75,0.0533333333333333,0.147256871973459,4.88678487356975
Oneida,2020-04-20T00:00:00.000,5,284,133,2026,2026,284,2020-04-20,5,133,0.037593984962406,0.143566188768746,6.1327881215439
Oneida,2020-04-21T00:00:00.000,17,301,117,2143,2143,301,2020-04-21,17,117,0.145299145299145,0.139560096022564,20.9305464788038
Oneida,2020-04-22T00:00:00.000,16,317,174,2317,2317,317,2020-04-22,16,174,0.0919540229885057,0.135276641498898,19.7701518501618
Oneida,2020-04-23T00:00:00.000,6,323,67,2384,2384,323,2020-04-23,6,67,0.0895522388059701,0.130756018764364,7.4389250186518
Oneida,2020-04-24T00:00:00.000,41,364,401,2785,2785,364,2020-04-24,41,401,0.102244389027431,0.126039866064699,50.9939069164522
Oneida,2020-04-25T00:00:00.000,20,384,112,2897,2897,384,2020-04-25,20,112,0.178571428571429,0.121170538037669,24.9484103216944
Oneida,2020-04-26T00:00:00.000,13,397,128,3025,3025,397,2020-04-26,13,128,0.1015625,0.116190371475812,16.2605186658751
Oneida,2020-04-27T00:00:00.000,14,411,132,3157,3157,411,2020-04-27,14,132,0.106060606060606,0.111140967444334,17.5547307735547
Oneida,2020-04-28T00:00:00.000,11,422,124,3281,3281,422,2020-04-28,11,124,0.0887096774193548,0.10606251195976,13.8219164864748
Oneida,2020-04-29T00:00:00.000,17,439,145,3426,3426,439,2020-04-29,17,145,0.117241379310345,0.100993156080668,21.3995456223653
Oneida,2020-04-30T00:00:00.000,12,451,149,3575,3575,451,2020-04-30,12,149,0.0805369127516778,0.095968473681105,15.1289108231715
Oneida,2020-05-01T00:00:00.000,23,474,185,3760,3760,474,2020-05-01,23,185,0.124324324324324,0.0910210115325531,29.0346119428577
Oneida,2020-05-02T00:00:00.000,15,489,149,3909,3909,489,2020-05-02,15,149,0.100671140939597,0.0861799418803131,18.9554115258005
Oneida,2020-05-03T00:00:00.000,61,550,241,4150,4150,550,2020-05-03,61,241,0.253112033195021,0.0814708227938355,77.2695993292096
Oneida,2020-05-04T00:00:00.000,24,574,247,4397,4397,574,2020-05-04,24,247,0.097165991902834,0.0769154665788407,30.5704667115232
Oneida,2020-05-05T00:00:00.000,5,579,234,4631,4631,579,2020-05-05,5,234,0.0213675213675214,0.0725319118269179,6.38798778196041
Oneida,2020-05-06T00:00:00.000,30,609,375,5006,5006,609,2020-05-06,30,375,0.08,0.0683344905584222,38.416715950134
Oneida,2020-05-07T00:00:00.000,11,620,323,5329,5329,620,2020-05-07,11,323,0.0340557275541796,0.0643339786398077,14.1092825297943
Oneida,2020-05-08T00:00:00.000,18,638,296,5625,5625,638,2020-05-08,18,296,0.0608108108108108,0.0605378153618676,23.079439049585
Oneida,2020-05-09T00:00:00.000,22,660,329,5954,5954,660,2020-05-09,22,329,0.0668693009118541,0.0569503768032539,28.1824071491084
Oneida,2020-05-10T00:00:00.000,9,669,269,6223,6223,669,2020-05-10,9,269,0.033457249070632,0.0535732873269141,11.5166464623739
Oneida,2020-05-11T00:00:00.000,7,676,161,6384,6384,676,2020-05-11,7,161,0.0434782608695652,0.0504057541447036,8.97470172512731
Oneida,2020-05-12T00:00:00.000,10,686,397,6781,6781,686,2020-05-12,10,397,0.0251889168765743,0.047444911167128,12.8535678077784
Oneida,2020-05-13T00:00:00.000,12,698,376,7157,7157,698,2020-05-13,12,376,0.0319148936170213,0.0446861601359142,15.4608196899546
Oneida,2020-05-14T00:00:00.000,15,713,268,7425,7425,713,2020-05-14,15,268,0.0559701492537313,0.0421234991163079,19.3683724371186
Oneida,2020-05-15T00:00:00.000,38,751,342,7767,7767,751,2020-05-15,38,342,0.111111111111111,0.0397498306197687,49.1650590754331
Oneida,2020-05-16T00:00:00.000,9,760,209,7976,7976,760,2020-05-16,9,209,0.0430622009569378,0.0375572437842178,11.6938635867538
Oneida,2020-05-17T00:00:00.000,12,772,318,8294,8294,772,2020-05-17,12,318,0.0377358490566038,0.0355372670345277,15.6683955549049
Oneida,2020-05-18T00:00:00.000,13,785,326,8620,8620,785,2020-05-18,13,326,0.0398773006134969,0.0336810894041634,17.0487483037168
Oneida,2020-05-19T00:00:00.000,17,802,775,9395,9395,802,2020-05-19,17,775,0.0219354838709677,0.0319797501670654,22.4606363835967
Oneida,2020-05-20T00:00:00.000,15,817,779,10174,10174,817,2020-05-20,15,779,0.0192554557124519,0.0304242975976518,19.9572762121278
Oneida,2020-05-21T00:00:00.000,11,828,815,10989,10989,828,2020-05-21,11,815,0.0134969325153374,0.0290059185468525,14.7311748388169
Oneida,2020-05-22T00:00:00.000,36,864,1305,12294,12294,864,2020-05-22,36,1305,0.0275862068965517,0.027716041122563,48.4795383651291
Oneida,2020-05-23T00:00:00.000,14,878,659,12953,12953,878,2020-05-23,14,659,0.0212443095599393,0.026546413126839,18.8803581892312
Oneida,2020-05-24T00:00:00.000,27,905,930,13883,13883,905,2020-05-24,27,930,0.0290322580645161,0.0254891590690455,36.437791534245
Oneida,2020-05-25T00:00:00.000,12,917,427,14310,14310,917,2020-05-25,12,427,0.0281030444964871,0.0245368185879052,16.1929752599415
Oneida,2020-05-26T00:00:00.000,12,929,488,14798,14798,929,2020-05-26,12,488,0.0245901639344262,0.0236823690112223,16.1767676568333
Oneida,2020-05-27T00:00:00.000,30,959,927,15725,15725,959,2020-05-27,30,927,0.0323624595469256,0.0229192345993819,40.37351663144
Oneida,2020-05-28T00:00:00.000,29,988,1284,17009,17009,988,2020-05-28,29,1284,0.0225856697819315,0.022241284783777,38.9358190946553
Oneida,2020-05-29T00:00:00.000,18,1006,757,17766,17766,1006,2020-05-29,18,757,0.023778071334214,0.0216428234512847,24.0948833765802
Oneida,2020-05-30T00:00:00.000,21,1027,1108,18874,18874,1027,2020-05-30,21,1108,0.0189530685920578,0.0211185710589685,28.0100395628991
Oneida,2020-05-31T00:00:00.000,9,1036,677,19551,19551,1036,2020-05-31,9,677,0.0132939438700148,0.0206636411044725,11.9585824743312
Oneida,2020-06-01T00:00:00.000,13,1049,613,20164,20164,1049,2020-06-01,13,613,0.0212071778140294,0.0202735122367687,17.2527215550533
Oneida,2020-06-02T00:00:00.000,9,1058,1128,21292,21292,1058,2020-06-02,9,1128,0.00797872340425532,0.019943997077453,11.9252263123897
Oneida,2020-06-03T00:00:00.000,11,1069,892,22184,22184,1069,2020-06-03,11,892,0.0123318385650224,0.019671208637529,14.5466792773864
Oneida,2020-06-04T00:00:00.000,8,1077,1050,23234,23234,1077,2020-06-04,8,1050,0.00761904761904762,0.0194515250611563,10.5548148683968
Oneida,2020-06-05T00:00:00.000,50,1127,1505,24739,24739,1127,2020-06-05,50,1505,0.0332225913621262,0.0192815533075281,65.8543800742211
Oneida,2020-06-06T00:00:00.000,16,1143,1276,26015,26015,1143,2020-06-06,16,1276,0.0125391849529781,0.019158092292629,21.0570184702902
Oneida,2020-06-07T00:00:00.000,27,1170,1207,27222,27222,1170,2020-06-07,27,1207,0.0223695111847556,0.0190780959532244,35.4937569163112
Oneida,2020-06-08T00:00:00.000,15,1185,569,27791,27791,1185,2020-06-08,15,569,0.0263620386643234,0.0190386366634956,19.6834738797509
Oneida,2020-06-09T00:00:00.000,18,1203,806,28597,28597,1203,2020-06-09,18,806,0.0223325062034739,0.019036869426917,23.5920610383729
Oneida,2020-06-10T00:00:00.000,13,1216,970,29567,29567,1216,2020-06-10,13,970,0.0134020618556701,0.0190699972777707,17.0939202286849
Oneida,2020-06-11T00:00:00.000,21,1237,1900,31467,31467,1237,2020-06-11,21,1900,0.0110526315789474,0.0191352383546091,27.6972499709851
Oneida,2020-06-12T00:00:00.000,16,1253,1048,32515,32515,1253,2020-06-12,16,1048,0.0152671755725191,0.0192297951462173,21.1624439471912
Oneida,2020-06-13T00:00:00.000,20,1273,978,33493,33493,1273,2020-06-13,20,978,0.0204498977505112,0.0193508264533479,26.5221753736225
Oneida,2020-06-14T00:00:00.000,7,1280,517,34010,34010,1280,2020-06-14,7,517,0.0135396518375242,0.0194954226508733,9.30487890869094
Oneida,2020-06-15T00:00:00.000,21,1301,719,34729,34729,1301,2020-06-15,21,719,0.0292072322670376,0.0196605848678384,27.9744258739999
Oneida,2020-06-16T00:00:00.000,6,1307,675,35404,35404,1307,2020-06-16,6,675,0.00888888888888889,0.0198432087208031,8.00780467807134
Oneida,2020-06-17T00:00:00.000,25,1332,1218,36622,36622,1332,2020-06-17,25,1218,0.0205254515599343,0.0200400732316776,33.4202090337685
Oneida,2020-06-18T00:00:00.000,25,1357,1010,37632,37632,1357,2020-06-18,25,1010,0.0247524752475248,0.0202478355288335,33.4641074395776
Oneida,2020-06-19T00:00:00.000,21,1378,786,38418,38418,1378,2020-06-19,21,786,0.0267175572519084,0.0204630318647048,28.1390610073649
Oneida,2020-06-20T00:00:00.000,15,1393,679,39097,39097,1393,2020-06-20,15,679,0.0220913107511046,0.020682085379887,20.1145005905399
Oneida,2020-06-21T00:00:00.000,23,1416,1126,40223,40223,1416,2020-06-21,23,1126,0.0204262877442274,0.0209013209017996,30.8564448731736
Oneida,2020-06-22T00:00:00.000,5,1421,558,40781,40781,1421,2020-06-22,5,558,0.00896057347670251,0.0211169868854653,6.70897808223646
Oneida,2020-06-23T00:00:00.000,24,1445,802,41583,41583,1445,2020-06-23,24,802,0.029925187032419,0.0213252843885797,32.1981015439387
Oneida,2020-06-24T00:00:00.000,34,1479,1082,42665,42665,1479,2020-06-24,34,1082,0.0314232902033272,0.0215224027287083,45.5922716335714
Oneida,2020-06-25T00:00:00.000,41,1520,2025,44690,44690,1520,2020-06-25,41,2025,0.0202469135802469,0.0217045612080358,54.9346869458707
Oneida,2020-06-26T00:00:00.000,27,1547,664,45354,45354,1547,2020-06-26,27,664,0.0406626506024096,0.0218680560198355,36.1352524533342
Oneida,2020-06-27T00:00:00.000,39,1586,926,46280,46280,1586,2020-06-27,39,926,0.0421166306695464,0.0220093111886666,52.1179963992791
Oneida,2020-06-28T00:00:00.000,30,1616,748,47028,47028,1616,2020-06-28,30,748,0.0401069518716578,0.0221249321554007,40.0174074054204
Oneida,2020-06-29T00:00:00.000,11,1627,626,47654,47654,1627,2020-06-29,11,626,0.0175718849840256,0.0222117604164088,14.6410344933456
Oneida,2020-06-30T00:00:00.000,15,1642,746,48400,48400,1642,2020-06-30,15,746,0.0201072386058981,0.0222669274783588,19.9143869631761
Oneida,2020-07-01T00:00:00.000,30,1672,1005,49405,49405,1672,2020-07-01,30,1005,0.0298507462686567,0.0222879063082391,39.7134536814961
Oneida,2020-07-02T00:00:00.000,36,1708,894,50299,50299,1708,2020-07-02,36,894,0.0402684563758389,0.0222725584532992,47.5010413933853
Oneida,2020-07-03T00:00:00.000,17,1725,855,51154,51154,1725,2020-07-03,17,855,0.0198830409356725,0.0222191750830386,22.3198093181069
Oneida,2020-07-04T00:00:00.000,17,1742,790,51944,51944,1742,2020-07-04,17,790,0.0215189873417722,0.022126510364907,22.2611293420247
Oneida,2020-07-05T00:00:00.000,7,1749,544,52488,52488,1749,2020-07-05,7,544,0.0128676470588235,0.0219938058246509,9.12670814446871
Oneida,2020-07-06T00:00:00.000,11,1760,593,53081,53081,1760,2020-07-06,11,593,0.0185497470489039,0.0218208046494951,14.2775519221435
Oneida,2020-07-07T00:00:00.000,16,1776,1015,54096,54096,1776,2020-07-07,16,1015,0.0157635467980296,0.0216077552548039,20.7023218738547
Oneida,2020-07-08T00:00:00.000,15,1791,1323,55419,55419,1791,2020-07-08,15,1323,0.0113378684807256,0.0213554038340512,19.337618674307
Oneida,2020-07-09T00:00:00.000,15,1806,1226,56645,56645,1806,2020-07-09,15,1226,0.0122349102773246,0.0210649760265173,19.2602085331098
Oneida,2020-07-10T00:00:00.000,12,1818,1388,58033,58033,1818,2020-07-10,12,1388,0.00864553314121038,0.0207381482465144,15.3413448098914
Oneida,2020-07-11T00:00:00.000,5,1823,635,58668,58668,1823,2020-07-11,5,635,0.0078740157480315,0.0203770095991938,6.36248064486563
Oneida,2020-07-12T00:00:00.000,7,1830,559,59227,59227,1830,2020-07-12,7,559,0.0125223613595707,0.0199840156420831,8.86336426676441
Oneida,2020-07-13T00:00:00.000,17,1847,947,60174,60174,1847,2020-07-13,17,947,0.0179514255543823,0.0195619355223567,21.4127232841969
Oneida,2020-07-14T00:00:00.000,13,1860,862,61036,61036,1860,2020-07-14,13,862,0.0150812064965197,0.0191137942134585,16.2845634258188
Oneida,2020-07-15T00:00:00.000,8,1868,833,61869,61869,1868,2020-07-15,8,833,0.00960384153661465,0.0186428116863371,9.9638997070836
Oneida,2020-07-16T00:00:00.000,41,1909,1177,63046,63046,1909,2020-07-16,41,1177,0.0348343245539507,0.0181523408754546,50.7617317309737
Oneida,2020-07-17T00:00:00.000,28,1937,1086,64132,64132,1937,2020-07-17,28,1086,0.0257826887661142,0.0176458062434675,34.5019453192932
Oneida,2020-07-18T00:00:00.000,3,1940,274,64406,64406,1940,2020-07-18,3,274,0.0109489051094891,0.0171266446173385,3.68852253823453
Oneida,2020-07-19T00:00:00.000,2,1942,309,64715,64715,1942,2020-07-19,2,309,0.00647249190938511,0.016598249775263,2.45221637357971
Oneida,2020-07-20T00:00:00.000,20,1962,942,65657,65657,1962,2020-07-20,20,942,0.0212314225053079,0.0160639220222178,24.4405308691416
Oneida,2020-07-21T00:00:00.000,13,1975,1016,66673,66673,1975,2020-07-21,13,1016,0.0127952755905512,0.0155268237190933,15.8227477951014
Oneida,2020-07-22T00:00:00.000,5,1980,903,67576,67576,1980,2020-07-22,5,903,0.00553709856035437,0.0149899414411881,6.057480711575
Oneida,2020-07-23T00:00:00.000,10,1990,1110,68686,68686,1990,2020-07-23,10,1110,0.00900900900900901,0.014456055154556,12.0529356091428
Oneida,2020-07-24T00:00:00.000,10,2000,980,69666,69666,2000,2020-07-24,10,980,0.0102040816326531,0.0139277145244591,12.0360754185297
Oneida,2020-07-25T00:00:00.000,0,2000,526,70192,70192,2000,2020-07-25,0,526,0,0.0134072222230827,0
Oneida,2020-07-26T00:00:00.000,10,2010,772,70964,70964,2010,2020-07-26,10,772,0.0129533678756477,0.0128966238908528,11.9796837615108
Oneida,2020-07-27T00:00:00.000,18,2028,830,71794,71794,2028,2020-07-27,18,830,0.0216867469879518,0.0123977042332731,21.4882589951512
Oneida,2020-07-28T00:00:00.000,25,2053,990,72784,72784,2053,2020-07-28,25,990,0.0252525252525253,0.0119119886059187,29.7199946042234
Oneida,2020-07-29T00:00:00.000,9,2062,1033,73817,73817,2062,2020-07-29,9,1033,0.00871248789932236,0.0114407493538689,10.646831350386
Oneida,2020-07-30T00:00:00.000,8,2070,609,74426,74426,2070,2020-07-30,8,609,0.013136288998358,0.0109850161254608,9.41069007043269
Oneida,2020-07-31T00:00:00.000,11,2081,1031,75457,75457,2081,2020-07-31,11,1031,0.0106692531522793,0.0105455893710083,12.8689675195252
Oneida,2020-08-01T00:00:00.000,6,2087,523,75980,75980,2087,2020-08-01,6,523,0.011472275334608,0.0101230562577046,6.99015436342134
Oneida,2020-08-02T00:00:00.000,3,2090,642,76622,76622,2090,2020-08-02,3,642,0.00467289719626168,0.00971780827812541,3.47714780051354
Oneida,2020-08-03T00:00:00.000,13,2103,816,77438,77438,2103,2020-08-03,13,816,0.0159313725490196,0.00933005989408246,14.9844363481113
Oneida,2020-08-04T00:00:00.000,11,2114,725,78163,78163,2114,2020-08-04,11,725,0.0151724137931034,0.00895986763434501,12.6043478544467
Oneida,2020-08-05T00:00:00.000,3,2117,721,78884,78884,2117,2020-08-05,3,721,0.00416088765603329,0.00860714914862138,3.41603392276189
Oneida,2020-08-06T00:00:00.000,12,2129,894,79778,79778,2129,2020-08-06,12,894,0.0134228187919463,0.00827170180636319,13.6160677230949
Oneida,2020-08-07T00:00:00.000,13,2142,681,80459,80459,2142,2020-08-07,13,681,0.0190895741556534,0.00795322051293685,14.7205650184678
Oneida,2020-08-08T00:00:00.000,4,2146,750,81209,81209,2146,2020-08-08,4,750,0.00533333333333333,0.00765131449537324,4.51948313880123
Oneida,2020-08-09T00:00:00.000,4,2150,455,81664,81664,2150,2020-08-09,4,455,0.00879120879120879,0.00736552288245783,4.50882358435583
Oneida,2020-08-10T00:00:00.000,25,2175,1194,82858,82858,2175,2020-08-10,25,1194,0.0209380234505863,0.00709532896784511,28.1083999030716
Oneida,2020-08-11T00:00:00.000,5,2180,824,83682,83682,2180,2020-08-11,5,824,0.00606796116504854,0.00684017310020392,5.6052549882982
Oneida,2020-08-12T00:00:00.000,3,2183,960,84642,84642,2183,2020-08-12,3,960,0.003125,0.00659946419011152,3.35203421159036
Oneida,2020-08-13T00:00:00.000,6,2189,1079,85721,85721,2189,2020-08-13,6,1079,0.00556070435588508,0.00637258986027259,6.68052594063836
Oneida,2020-08-14T00:00:00.000,6,2195,1271,86992,86992,2195,2020-08-14,6,1271,0.004720692368214,0.00615892529425009,6.66509158081073
Oneida,2020-08-15T00:00:00.000,3,2198,978,87970,87970,2198,2020-08-15,3,978,0.00306748466257669,0.00595784085989591,3.33123790886987
Oneida,2020-08-16T00:00:00.000,3,2201,514,88484,88484,2201,2020-08-16,3,514,0.00583657587548638,0.00576870859785339,3.32970845453022
Oneida,2020-08-17T00:00:00.000,12,2213,746,89230,89230,2213,2020-08-17,12,746,0.0160857908847185,0.00559090767448075,13.2921018841962
Oneida,2020-08-18T00:00:00.000,5,2218,1326,90556,90556,2218,2020-08-18,5,1326,0.00377073906485671,0.00542382890236267,5.52555130607342
Oneida,2020-08-19T00:00:00.000,4,2222,1421,91977,91977,2222,2020-08-19,4,1421,0.00281491907107671,0.00526687843187634,4.41032299921129
Oneida,2020-08-20T00:00:00.000,11,2233,1688,93665,93665,2233,2020-08-20,11,1688,0.00651658767772512,0.00511948071471153,12.1010397143303
Oneida,2020-08-21T00:00:00.000,9,2242,1667,95332,95332,2242,2020-08-21,9,1667,0.00539892021595681,0.00498108083523287,9.87631443602054
Oneida,2020-08-22T00:00:00.000,2,2244,1184,96516,96516,2244,2020-08-22,2,1184,0.00168918918918919,0.00485114629912991,2.18939711700935
Oneida,2020-08-23T00:00:00.000,1,2245,1051,97567,97567,2245,2020-08-23,1,1051,0.000951474785918173,0.00472916836154489,1.09380067772982
Oneida,2020-08-24T00:00:00.000,11,2256,915,98482,98482,2256,2020-08-24,11,915,0.0120218579234973,0.00461466296857143,12.0168193703471
Oneida,2020-08-25T00:00:00.000,3,2259,1621,100103,100103,2259,2020-08-25,3,1621,0.00185070943861814,0.00450717137805423,3.2710000832635
Oneida,2020-08-26T00:00:00.000,5,2264,1067,101170,101170,2264,2020-08-26,5,1067,0.00468603561387067,0.00440626051731613,5.43749203026136
Oneida,2020-08-27T00:00:00.000,1,2265,2058,103228,103228,2265,2020-08-27,1,2058,0.000485908649173955,0.0043115231276959,1.08403769132265
Oneida,2020-08-28T00:00:00.000,3,2268,1563,104791,104791,2268,2020-08-28,3,1563,0.00191938579654511,0.00422257773831302,3.24891489653107
Oneida,2020-08-29T00:00:00.000,4,2272,1878,106669,106669,2272,2020-08-29,4,1878,0.00212992545260916,0.00413906850480644,4.33456920749712
Oneida,2020-08-30T00:00:00.000,2,2274,1730,108399,108399,2274,2020-08-30,2,1730,0.00115606936416185,0.00406066494247749,2.16868072593979
Oneida,2020-08-31T00:00:00.000,7,2281,1095,109494,109494,2281,2020-08-31,7,1095,0.00639269406392694,0.00398706157797753,7.59534997198294
Oneida,2020-09-01T00:00:00.000,2,2283,1486,110980,110980,2283,2020-09-01,2,1486,0.00134589502018843,0.0039179775388567,2.17150882260008
Oneida,2020-09-02T00:00:00.000,3,2286,1878,112858,112858,2286,2020-09-02,3,1878,0.00159744408945687,0.00385315609634529,3.25930747170079
Oneida,2020-09-03T00:00:00.000,9,2295,1298,114156,114156,2295,2020-09-03,9,1298,0.00693374422187982,0.00379236417338215,9.78367896251764
Oneida,2020-09-04T00:00:00.000,3,2298,1822,115978,115978,2298,2020-09-04,3,1822,0.00164654226125137,0.00373539182736211,3.26296038334906
Oneida,2020-09-05T00:00:00.000,4,2302,1716,117694,117694,2302,2020-09-05,4,1716,0.00233100233100233,0.00368205171500673,4.35259641846582
Oneida,2020-09-06T00:00:00.000,3,2305,750,118444,118444,2305,2020-09-06,3,750,0.004,0.00363217854541529,3.26562196698879
Oneida,2020-09-07T00:00:00.000,4,2309,610,119054,119054,2309,2020-09-07,4,610,0.00655737704918033,0.00358562852641709,4.3550695688917
Oneida,2020-09-08T00:00:00.000,7,2316,1582,120636,120636,2316,2020-09-08,7,1582,0.00442477876106195,0.00354227880899195,7.62071137866078
Oneida,2020-09-09T00:00:00.000,6,2322,1166,121802,121802,2322,2020-09-09,6,1166,0.00514579759862779,0.00350202693438454,6.53028978020888
Oneida,2020-09-10T00:00:00.000,11,2333,1588,123390,123390,2333,2020-09-10,11,1588,0.00692695214105793,0.0034647902889489,11.9665620109729
Oneida,2020-09-11T00:00:00.000,8,2341,2315,125705,125705,2341,2020-09-11,8,2315,0.00345572354211663,0.0034305055721852,8.70876630360542
Oneida,2020-09-12T00:00:00.000,6,2347,1718,127423,127423,2347,2020-09-12,6,1718,0.00349243306169965,0.00339912828420993,6.53973216754394
Oneida,2020-09-13T00:00:00.000,1,2348,899,128322,128322,2348,2020-09-13,1,899,0.00111234705228031,0.00337063223967398,1.09106038885175
Oneida,2020-09-14T00:00:00.000,8,2356,658,128980,128980,2356,2020-09-14,8,658,0.0121580547112462,0.00334500911608046,8.7350829179067
Oneida,2020-09-15T00:00:00.000,3,2359,1661,130641,130641,2359,2020-09-15,3,1661,0.00180614087898856,0.0033222680452561,3.27721422630592
Oneida,2020-09-16T00:00:00.000,4,2363,1889,132530,132530,2363,2020-09-16,4,1889,0.00211752249867655,0.00330243525761383,4.37037266735104
Oneida,2020-09-17T00:00:00.000,6,2369,1428,133958,133958,2369,2020-09-17,6,1428,0.00420168067226891,0.00328555378956582,6.55455475421907
Oneida,2020-09-18T00:00:00.000,4,2373,1812,135770,135770,2373,2020-09-18,4,1812,0.0022075055187638,0.00327168326506093,4.36751472395587
Oneida,2020-09-19T00:00:00.000,2,2375,2221,137991,137991,2375,2020-09-19,2,2221,0.00090049527239982,0.00326089976280556,2.17977047259533
Oneida,2020-09-20T00:00:00.000,3,2378,591,138582,138582,2378,2020-09-20,3,591,0.0050761421319797,0.00325329578097867,3.26107684544856
Oneida,2020-09-21T00:00:00.000,0,2378,799,139381,139381,2378,2020-09-21,0,799,0,0.00324898031168394,0
Oneida,2020-09-22T00:00:00.000,9,2387,1886,141267,141267,2387,2020-09-22,9,1886,0.00477200424178155,0.00324807903734288,9.72024289972077
Oneida,2020-09-23T00:00:00.000,1,2388,1980,143247,143247,2388,2020-09-23,1,1980,0.000505050505050505,0.00325073466140434,1.07590244434067
Oneida,2020-09-24T00:00:00.000,12,2400,1178,144425,144425,2400,2020-09-24,12,1178,0.0101867572156197,0.00325710738568027,12.8565167253339
Oneida,2020-09-25T00:00:00.000,7,2407,1826,146251,146251,2407,2020-09-25,7,1826,0.00383351588170865,0.00326737554647841,7.49027165110038
Oneida,2020-09-26T00:00:00.000,5,2412,3062,149313,149313,2412,2020-09-26,5,3062,0.00163291966035271,0.00328173642169065,5.35674910621704
Oneida,2020-09-27T00:00:00.000,8,2420,554,149867,149867,2420,2020-09-27,8,554,0.0144404332129964,0.00330040722081168,8.57805795413303
Oneida,2020-09-28T00:00:00.000,12,2432,1073,150940,150940,2432,2020-09-28,12,1073,0.0111835973904939,0.00332362626977505,12.8732082889843
Oneida,2020-09-29T00:00:00.000,4,2436,1740,152680,152680,2436,2020-09-29,4,1740,0.00229885057471264,0.0033516544024827,4.29155962673009
Oneida,2020-09-30T00:00:00.000,24,2460,2195,154875,154875,2460,2020-09-30,24,2195,0.0109339407744875,0.00338477657080073,25.7433072633707
Oneida,2020-10-01T00:00:00.000,2,2462,1887,156762,156762,2462,2020-10-01,2,1887,0.00105988341282459,0.00342330368487915,2.14405358047131
Oneida,2020-10-02T00:00:00.000,6,2468,2510,159272,159272,2468,2020-10-02,6,2510,0.00239043824701195,0.00346757469569435,6.42645059351658
Oneida,2020-10-03T00:00:00.000,10,2478,3099,162371,162371,2478,2020-10-03,10,3099,0.00322684737011939,0.00351795893173259,10.6980308264266
Oneida,2020-10-04T00:00:00.000,2,2480,578,162949,162949,2480,2020-10-04,2,578,0.00346020761245675,0.00357485870185495,2.13646571651544
Oneida,2020-10-05T00:00:00.000,3,2483,975,163924,163924,2483,2020-10-05,3,975,0.00307692307692308,0.00363871217636689,3.19916384902562
Oneida,2020-10-06T00:00:00.000,7,2490,1675,165599,165599,2490,2020-10-06,7,1675,0.00417910447761194,0.0037099965582207,7.45005060677501
Oneida,2020-10-07T00:00:00.000,13,2503,2883,168482,168482,2503,2020-10-07,13,2883,0.00450919181408255,0.0037892315560602,13.805651121091
Oneida,2020-10-08T00:00:00.000,9,2512,2181,170663,170663,2512,2020-10-08,9,2181,0.00412654745529574,0.00387698317036061,9.53508922384368
Oneida,2020-10-09T00:00:00.000,17,2529,2407,173070,173070,2529,2020-10-09,17,2407,0.00706273369339427,0.00397386780315662,17.9632419533927
Oneida,2020-10-10T00:00:00.000,10,2539,4138,177208,177208,2539,2020-10-10,10,4138,0.00241662638956017,0.00408055670075118,10.5371253184473
Oneida,2020-10-11T00:00:00.000,10,2549,1725,178933,178933,2549,2020-10-11,10,1725,0.00579710144927536,0.0041977807371543,10.5065608677531
Oneida,2020-10-12T00:00:00.000,5,2554,1182,180115,180115,2554,2020-10-12,5,1182,0.00423011844331641,0.00432633554392593,5.23758194756829
Oneida,2020-10-13T00:00:00.000,4,2558,1751,181866,181866,2558,2020-10-13,4,1751,0.00228440890919475,0.0044670869891799,4.17726819466125
Oneida,2020-10-14T00:00:00.000,9,2567,2504,184370,184370,2567,2020-10-14,9,2504,0.00359424920127796,0.00462097700503102,9.37771872447556
Oneida,2020-10-15T00:00:00.000,7,2574,2221,186591,186591,2574,2020-10-15,7,2221,0.00315173345339937,0.00478902975826811,7.28249958307039
Oneida,2020-10-16T00:00:00.000,12,2586,4309,190900,190900,2586,2020-10-16,12,4309,0.00278486887909028,0.00497235815376812,12.4885400314324
Oneida,2020-10-17T00:00:00.000,7,2593,2664,193564,193564,2593,2020-10-17,7,2664,0.00262762762762763,0.00517217065379137,7.29146802585657
Oneida,2020-10-18T00:00:00.000,1,2594,599,194163,194163,2594,2020-10-18,1,599,0.00166944908180301,0.00538977838896345,1.04285727134619
Oneida,2020-10-19T00:00:00.000,5,2599,991,195154,195154,2599,2020-10-19,5,991,0.00504540867810293,0.0056266025284862,5.22562912085317
Oneida,2020-10-20T00:00:00.000,18,2617,2776,197930,197930,2617,2020-10-20,18,2776,0.00648414985590778,0.0058841818677128,18.8767121569142
Oneida,2020-10-21T00:00:00.000,8,2625,2142,200072,200072,2625,2020-10-21,8,2142,0.00373482726423903,0.00616418058124849,8.41902863514992
Oneida,2020-10-22T00:00:00.000,19,2644,2277,202349,202349,2644,2020-10-22,19,2277,0.00834431269213878,0.00646839607898089,20.074571635836
Oneida,2020-10-23T00:00:00.000,26,2670,2508,204857,204857,2670,2020-10-23,26,2508,0.0103668261562998,0.00679876689145447,27.5732834294799
Oneida,2020-10-24T00:00:00.000,11,2681,1954,206811,206811,2681,2020-10-24,11,1954,0.00562947799385875,0.00715738050026497,11.7065231666965
Oneida,2020-10-25T00:00:00.000,5,2686,721,207532,207532,2686,2020-10-25,5,721,0.00693481276005548,0.00754648101889537,5.33850626899544
Oneida,2020-10-26T00:00:00.000,23,2709,2031,209563,209563,2709,2020-10-26,23,2031,0.0113244707040867,0.00796847662109511,24.6311171429877
Oneida,2020-10-27T00:00:00.000,37,2746,2877,212440,212440,2746,2020-10-27,37,2877,0.0128606187000348,0.00842594660727845,39.7333336265816
Oneida,2020-10-28T00:00:00.000,23,2769,2354,214794,214794,2769,2020-10-28,23,2354,0.00977060322854715,0.0089216479972379,24.7609862012765
Oneida,2020-10-29T00:00:00.000,15,2784,4087,218881,218881,2784,2020-10-29,15,4087,0.00367017372155615,0.00945852153904158,16.1848312809521
Oneida,2020-10-30T00:00:00.000,47,2831,3100,221981,221981,2831,2020-10-30,47,3100,0.0151612903225806,0.0100396970329497,50.8139069821408
Oneida,2020-10-31T00:00:00.000,20,2851,3017,224998,224998,2851,2020-10-31,20,3017,0.00662910175671197,0.0106684978850521,21.6608425035489
Oneida,2020-11-01T00:00:00.000,16,2867,821,225819,225819,2867,2020-11-01,16,821,0.0194884287454324,0.0113484448321115,17.3548688644608
Oneida,2020-11-02T00:00:00.000,29,2896,1615,227434,227434,2896,2020-11-02,29,1615,0.0179566563467492,0.0120832588165187,31.4959025344439
Oneida,2020-11-03T00:00:00.000,21,2917,4314,231748,231748,2917,2020-11-03,21,4314,0.00486787204450626,0.0128768630422921,22.8314117719229
Oneida,2020-11-04T00:00:00.000,29,2946,2922,234670,234670,2946,2020-11-04,29,2922,0.00992470910335387,0.0137333843101496,31.5555845210656
Oneida,2020-11-05T00:00:00.000,47,2993,4378,239048,239048,2993,2020-11-05,47,4378,0.0107354956601188,0.014657153814381,51.1744770016207
Oneida,2020-11-06T00:00:00.000,46,3039,2659,241707,241707,3039,2020-11-06,46,2659,0.0172997367431365,0.0156527076882745,50.1082225459189
Oneida,2020-11-07T00:00:00.000,43,3082,3210,244917,244917,3082,2020-11-07,43,3210,0.0133956386292835,0.0167247877083722,46.8532444401036
Oneida,2020-11-08T00:00:00.000,39,3121,1691,246608,246608,3121,2020-11-08,39,1691,0.023063276167948,0.0178783427136898,42.4969026581467
Oneida,2020-11-09T00:00:00.000,56,3177,1404,248012,248012,3177,2020-11-09,56,1404,0.0398860398860399,0.0191185314619031,61.0342376272563
Oneida,2020-11-10T00:00:00.000,74,3251,3202,251214,251214,3251,2020-11-10,74,3202,0.0231105559025609,0.0204507278330328,80.8124509453985
Oneida,2020-11-11T00:00:00.000,69,3320,2533,253747,253747,3320,2020-11-11,69,2533,0.027240426371891,0.0218805294986381,75.5729791700373
Oneida,2020-11-12T00:00:00.000,94,3414,4349,258096,258096,3414,2020-11-12,94,4349,0.0216141641756726,0.0234137714024534,103.605299333095
Oneida,2020-11-13T00:00:00.000,116,3530,1941,260037,260037,3530,2020-11-13,116,1941,0.059763008758372,0.0250565456432134,128.664878059116
Oneida,2020-11-14T00:00:00.000,39,3569,1894,261931,261931,3569,2020-11-14,39,1894,0.0205913410770855,0.0268152296107804,43.5329870683361
Oneida,2020-11-15T00:00:00.000,34,3603,2521,264452,264452,3603,2020-11-15,34,2521,0.0134867116223721,0.0286965245028005,38.1928447788112
Oneida,2020-11-16T00:00:00.000,64,3667,1203,265655,265655,3667,2020-11-16,64,1203,0.0532003325020781,0.0307075066380093,72.3476084019506
Oneida,2020-11-17T00:00:00.000,85,3752,2858,268513,268513,3752,2020-11-17,85,2858,0.029741077676697,0.0328556942864706,96.6922715445065
Oneida,2020-11-18T00:00:00.000,94,3846,3537,272050,272050,3846,2020-11-18,94,3537,0.0265761945151258,0.0351491330588353,107.600357202941
Onondaga,2020-03-01T00:00:00.000,0,0,0,0,0,0,2020-03-01,0,0,0,0.102242892328789,0
Onondaga,2020-03-02T00:00:00.000,0,0,0,0,0,0,2020-03-02,0,0,0,0.0987897522393162,0
Onondaga,2020-03-03T00:00:00.000,0,0,0,0,0,0,2020-03-03,0,0,0,0.0954446917902028,0
Onondaga,2020-03-04T00:00:00.000,0,0,0,0,0,0,2020-03-04,0,0,0,0.0922111245158468,0
Onondaga,2020-03-05T00:00:00.000,0,0,0,0,0,0,2020-03-05,0,0,0,0.0890941827470752,0
Onondaga,2020-03-06T00:00:00.000,0,0,0,0,0,0,2020-03-06,0,0,0,0.0861000677588455,0
Onondaga,2020-03-07T00:00:00.000,0,0,0,0,0,0,2020-03-07,0,0,0,0.0832355072634577,0
Onondaga,2020-03-08T00:00:00.000,0,0,0,0,0,0,2020-03-08,0,0,0,0.0805073162944905,0
Onondaga,2020-03-09T00:00:00.000,0,0,1,1,1,0,2020-03-09,0,1,0,0.0779220559171173,0
Onondaga,2020-03-10T00:00:00.000,0,0,0,1,1,0,2020-03-10,0,0,0,0.0754857824321742,0
Onondaga,2020-03-11T00:00:00.000,0,0,3,4,4,0,2020-03-11,0,3,0,0.0732038781374249,0
Onondaga,2020-03-12T00:00:00.000,0,0,1,5,5,0,2020-03-12,0,1,0,0.0710809534305226,0
Onondaga,2020-03-13T00:00:00.000,0,0,9,14,14,0,2020-03-13,0,9,0,0.0691208092198163,0
Onondaga,2020-03-14T00:00:00.000,0,0,18,32,32,0,2020-03-14,0,18,0,0.0673264482853606,0
Onondaga,2020-03-15T00:00:00.000,1,1,27,59,59,1,2020-03-15,1,27,0.037037037037037,0.0657001243665806,1.28517567284933
Onondaga,2020-03-16T00:00:00.000,1,2,55,114,114,2,2020-03-16,1,55,0.0181818181818182,0.0642434183054182,1.25601632675543
Onondaga,2020-03-17T00:00:00.000,0,2,15,129,129,2,2020-03-17,0,15,0,0.0629573314115325,0
Onondaga,2020-03-18T00:00:00.000,3,5,98,227,227,5,2020-03-18,3,98,0.0306122448979592,0.0618423872788444,3.60092210645837
Onondaga,2020-03-19T00:00:00.000,3,8,60,287,287,8,2020-03-19,3,60,0.05,0.0608987344225569,3.52909655165897
Onondaga,2020-03-20T00:00:00.000,9,17,133,420,420,17,2020-03-20,9,133,0.0676691729323308,0.0601262432772707,10.3862768486099
Onondaga,2020-03-21T00:00:00.000,12,29,157,577,577,29,2020-03-21,12,157,0.0764331210191083,0.0595245921913844,13.5768134500504
Onondaga,2020-03-22T00:00:00.000,23,52,538,1115,1115,52,2020-03-22,23,538,0.0427509293680297,0.0590933380517183,25.6448428097237
Onondaga,2020-03-23T00:00:00.000,8,60,129,1244,1244,60,2020-03-23,8,129,0.062015503875969,0.0588319680288446,8.8665671266523
Onondaga,2020-03-24T00:00:00.000,5,65,124,1368,1368,65,2020-03-24,5,124,0.0403225806451613,0.058739929657694,5.50371246382933
Onondaga,2020-03-25T00:00:00.000,18,83,266,1634,1634,83,2020-03-25,18,266,0.0676691729323308,0.0588166370616846,19.660489492713
Onondaga,2020-03-26T00:00:00.000,32,115,444,2078,2078,115,2020-03-26,32,444,0.0720720720720721,0.0590614516267489,34.6820850408943
Onondaga,2020-03-27T00:00:00.000,14,129,352,2430,2430,129,2020-03-27,14,352,0.0397727272727273,0.0594736358713608,15.1836732311418
Onondaga,2020-03-28T00:00:00.000,23,152,487,2917,2917,152,2020-03-28,23,487,0.0472279260780287,0.0600522796905657,24.8596940082206
Onondaga,2020-03-29T00:00:00.000,28,180,206,3123,3123,180,2020-03-29,28,206,0.135922330097087,0.0607961986177717,30.13940718552
Onondaga,2020-03-30T00:00:00.000,14,194,139,3262,3262,194,2020-03-30,14,139,0.100719424460432,0.061703804318267,15.0133986068332
Onondaga,2020-03-31T00:00:00.000,23,217,163,3425,3425,217,2020-03-31,23,163,0.141104294478528,0.0627729482304991,24.6363051358851
Onondaga,2020-04-01T00:00:00.000,17,234,191,3616,3616,234,2020-04-01,17,191,0.0890052356020942,0.0640007401617866,18.2841008778666
Onondaga,2020-04-02T00:00:00.000,18,252,195,3811,3811,252,2020-04-02,18,195,0.0923076923076923,0.065383344740741,19.4351851253296
Onondaga,2020-04-03T00:00:00.000,10,262,221,4032,4032,262,2020-04-03,10,221,0.0452488687782805,0.0669157599437254,10.8377360648602
Onondaga,2020-04-04T00:00:00.000,6,268,131,4163,4163,268,2020-04-04,6,131,0.0458015267175573,0.0685915834189348,6.52614672154831
Onondaga,2020-04-05T00:00:00.000,3,271,89,4252,4252,271,2020-04-05,3,89,0.0337078651685393,0.0704027739928666,3.27419656900369
Onondaga,2020-04-06T00:00:00.000,64,335,689,4941,4941,335,2020-04-06,64,689,0.0928882438316401,0.0723394174698021,70.0818146435214
Onondaga,2020-04-07T00:00:00.000,12,347,126,5067,5067,347,2020-04-07,12,126,0.0952380952380952,0.0743895075063427,13.1836517143942
Onondaga,2020-04-08T00:00:00.000,11,358,245,5312,5312,358,2020-04-08,11,245,0.0448979591836735,0.0765387538211659,12.1259006911207
Onondaga,2020-04-09T00:00:00.000,11,369,148,5460,5460,369,2020-04-09,11,148,0.0743243243243243,0.0787704311047273,12.1937976124731
Onondaga,2020-04-10T00:00:00.000,11,380,116,5576,5576,380,2020-04-10,11,116,0.0948275862068965,0.0810652825375383,12.2574182657935
Onondaga,2020-04-11T00:00:00.000,17,397,169,5745,5745,397,2020-04-11,17,169,0.100591715976331,0.0834014916573791,19.0363368962306
Onondaga,2020-04-12T00:00:00.000,19,416,142,5887,5887,416,2020-04-12,19,142,0.133802816901408,0.0857547352511024,21.3751760402748
Onondaga,2020-04-13T00:00:00.000,15,431,120,6007,6007,431,2020-04-13,15,120,0.125,0.0880983279426833,16.9518773581498
Onondaga,2020-04-14T00:00:00.000,18,449,219,6226,6226,449,2020-04-14,18,219,0.0821917808219178,0.0904034661382637,20.4593749089142
Onondaga,2020-04-15T00:00:00.000,13,462,134,6360,6360,462,2020-04-15,13,134,0.0970149253731343,0.0926395750869032,14.8616122122635
Onondaga,2020-04-16T00:00:00.000,21,483,181,6541,6541,483,2020-04-16,21,181,0.116022099447514,0.0947747581418921,24.1460273056392
Onondaga,2020-04-17T00:00:00.000,9,492,152,6693,6693,492,2020-04-17,9,152,0.0592105263157895,0.0967763421474432,10.4107269690023
Onondaga,2020-04-18T00:00:00.000,6,498,118,6811,6811,498,2020-04-18,6,118,0.0508474576271186,0.0986115075196064,6.99719832782432
Onondaga,2020-04-19T00:00:00.000,11,509,113,6924,6924,509,2020-04-19,11,113,0.0973451327433628,0.100247986397684,12.9317090073
Onondaga,2020-04-20T00:00:00.000,5,514,101,7025,7025,514,2020-04-20,5,101,0.0495049504950495,0.101654807584613,5.92468869521185
Onondaga,2020-04-21T00:00:00.000,12,526,152,7177,7177,526,2020-04-21,12,152,0.0789473684210526,0.102803063169406,14.3297090237146
Onondaga,2020-04-22T00:00:00.000,74,600,705,7882,7882,600,2020-04-22,74,705,0.104964539007092,0.103666669025825,89.0355355408956
Onondaga,2020-04-23T00:00:00.000,39,639,722,8604,8604,639,2020-04-23,39,722,0.054016620498615,0.104223089978173,47.2687114410055
Onondaga,2020-04-24T00:00:00.000,25,664,530,9134,9134,664,2020-04-24,25,530,0.0471698113207547,0.104454000406641,30.5151952600981
Onondaga,2020-04-25T00:00:00.000,28,692,280,9414,9414,692,2020-04-25,28,280,0.1,0.104345852470999,34.4095291092626
Onondaga,2020-04-26T00:00:00.000,34,726,256,9670,9670,726,2020-04-26,34,256,0.1328125,0.103890326867648,42.0543046273641
Onondaga,2020-04-27T00:00:00.000,16,742,268,9938,9938,742,2020-04-27,16,268,0.0597014925373134,0.103084645027255,19.9121475156166
Onondaga,2020-04-28T00:00:00.000,40,782,386,10324,10324,782,2020-04-28,40,386,0.103626943005181,0.10193172671554,50.062244622554
Onondaga,2020-04-29T00:00:00.000,50,832,343,10667,10667,832,2020-04-29,50,343,0.145772594752187,0.100440182966971,62.9052930794126
Onondaga,2020-04-30T00:00:00.000,28,860,334,11001,11001,860,2020-04-30,28,334,0.0838323353293413,0.0986241409170305,35.3972817588278
Onondaga,2020-05-01T00:00:00.000,43,903,433,11434,11434,903,2020-05-01,43,433,0.0993071593533487,0.0965029041501656,54.6004872136125
Onondaga,2020-05-02T00:00:00.000,49,952,593,12027,12027,952,2020-05-02,49,593,0.0826306913996627,0.0941004593602319,62.4678549387882
Onondaga,2020-05-03T00:00:00.000,19,971,436,12463,12463,971,2020-05-03,19,436,0.0435779816513761,0.0914448470512772,24.3471504693984
Onondaga,2020-05-04T00:00:00.000,31,1002,176,12639,12639,1002,2020-05-04,31,176,0.176136363636364,0.0885674203133977,40.0477898022328
Onondaga,2020-05-05T00:00:00.000,54,1056,731,13370,13370,1056,2020-05-05,54,731,0.0738714090287278,0.0855020209752069,70.1346376919333
Onondaga,2020-05-06T00:00:00.000,59,1115,534,13904,13904,1115,2020-05-06,59,534,0.110486891385768,0.0822841062408068,76.9694871631364
Onondaga,2020-05-07T00:00:00.000,54,1169,407,14311,14311,1169,2020-05-07,54,407,0.132678132678133,0.0789498609627559,70.6963676660617
Onondaga,2020-05-08T00:00:00.000,49,1218,464,14775,14775,1218,2020-05-08,49,464,0.105603448275862,0.0755353307260765,64.2334373163633
Onondaga,2020-05-09T00:00:00.000,47,1265,507,15282,15282,1265,2020-05-09,47,507,0.0927021696252465,0.072075608875624,61.6428108299167
Onondaga,2020-05-10T00:00:00.000,22,1287,240,15522,15522,1287,2020-05-10,22,240,0.0916666666666667,0.0686041066239431,28.8566816424764
Onondaga,2020-05-11T00:00:00.000,21,1308,329,15851,15851,1308,2020-05-11,21,329,0.0638297872340425,0.0651519297283307,27.6239637273438
Onondaga,2020-05-12T00:00:00.000,87,1395,1066,16917,16917,1395,2020-05-12,87,1066,0.0816135084427767,0.0617473783863691,114.811617155312
Onondaga,2020-05-13T00:00:00.000,28,1423,683,17600,17600,1423,2020-05-13,28,683,0.04099560761347,0.058415579541774,37.0548334680323
Onondaga,2020-05-14T00:00:00.000,17,1440,385,17985,17985,1440,2020-05-14,17,385,0.0441558441558442,0.0551782533209556,22.5514847746535
Onondaga,2020-05-15T00:00:00.000,29,1469,1088,19073,19073,1469,2020-05-15,29,1088,0.0266544117647059,0.0520536084087647,38.5462844952664
Onondaga,2020-05-16T00:00:00.000,32,1501,648,19721,19721,1501,2020-05-16,32,648,0.0493827160493827,0.0490563553086965,42.7037140897372
Onondaga,2020-05-17T00:00:00.000,19,1520,483,20204,20204,1520,2020-05-17,19,483,0.0393374741200828,0.046197821937282,25.467753009332
Onondaga,2020-05-18T00:00:00.000,145,1665,1578,21782,21782,1665,2020-05-18,145,1578,0.0918884664131812,0.0434861530629211,195.080398963351
Onondaga,2020-05-19T00:00:00.000,53,1718,1844,23626,23626,1718,2020-05-19,53,1844,0.0287418655097614,0.0409265736984268,71.7731550141929
Onondaga,2020-05-20T00:00:00.000,53,1771,1137,24763,24763,1771,2020-05-20,53,1137,0.0466138962181179,0.0385216965839733,72.1995287953684
Onondaga,2020-05-21T00:00:00.000,57,1828,1344,26107,26107,1828,2020-05-21,57,1344,0.0424107142857143,0.0362718550895986,78.0598781469156
Onondaga,2020-05-22T00:00:00.000,76,1904,2502,28609,28609,1904,2020-05-22,76,2502,0.0303756994404476,0.0341754449429273,104.512410679234
Onondaga,2020-05-23T00:00:00.000,49,1953,1352,29961,29961,1953,2020-05-23,49,1352,0.0362426035502959,0.0322292608251848,67.3756120260962
Onondaga,2020-05-24T00:00:00.000,28,1981,1175,31136,31136,1981,2020-05-24,28,1175,0.0238297872340426,0.0304288167770237,38.4626559192405
Onondaga,2020-05-25T00:00:00.000,31,2012,1129,32265,32265,2012,2020-05-25,31,1129,0.0274579273693534,0.0287686422700973,42.5027677123624
Onondaga,2020-05-26T00:00:00.000,21,2033,676,32941,32941,2033,2020-05-26,21,676,0.0310650887573964,0.0272425485207685,28.7086027242416
Onondaga,2020-05-27T00:00:00.000,21,2054,817,33758,33758,2054,2020-05-27,21,817,0.025703794369645,0.0258438620289721,28.6029185600393
Onondaga,2020-05-28T00:00:00.000,38,2092,1731,35489,35489,2092,2020-05-28,38,1731,0.0219526285384171,0.0245656243287429,51.528999198574
Onondaga,2020-05-29T00:00:00.000,41,2133,2101,37590,37590,2133,2020-05-29,41,2101,0.0195145168967158,0.0234007585193722,55.3130723640612
Onondaga,2020-05-30T00:00:00.000,37,2170,1829,39419,39419,2170,2020-05-30,37,1829,0.0202296336796063,0.0223422043153726,49.6297743435154
Onondaga,2020-05-31T00:00:00.000,27,2197,1074,40493,40493,2197,2020-05-31,27,1074,0.0251396648044693,0.0213830241492823,35.998730484749
Onondaga,2020-06-01T00:00:00.000,31,2228,1035,41528,41528,2228,2020-06-01,31,1035,0.029951690821256,0.0205164833355668,41.1901475397703
Onondaga,2020-06-02T00:00:00.000,28,2256,1522,43050,43050,2256,2020-06-02,28,1522,0.0183968462549277,0.0197361075216133,37.0618489438215
Onondaga,2020-06-03T00:00:00.000,39,2295,2189,45239,45239,2295,2020-06-03,39,2189,0.0178163544997716,0.0190357206692246,51.4055030444268
Onondaga,2020-06-04T00:00:00.000,34,2329,1601,46840,46840,2329,2020-06-04,34,1601,0.0212367270455965,0.0184094666850312,44.6116519483236
Onondaga,2020-06-05T00:00:00.000,46,2375,2186,49026,49026,2375,2020-06-05,46,2186,0.0210430009149131,0.0178518176019682,60.1210470510475
Onondaga,2020-06-06T00:00:00.000,17,2392,1345,50371,50371,2392,2020-06-06,17,1345,0.012639405204461,0.0173575709422558,22.1533539086384
Onondaga,2020-06-07T00:00:00.000,16,2408,2040,52411,52411,2408,2020-06-07,16,2040,0.00784313725490196,0.0169218385994401,20.7825790515235
Onondaga,2020-06-08T00:00:00.000,19,2427,1004,53415,53415,2427,2020-06-08,19,1004,0.0189243027888446,0.0165400292860298,24.5840897633482
Onondaga,2020-06-09T00:00:00.000,6,2433,2197,55612,55612,2433,2020-06-09,6,2197,0.00273099681383705,0.0162078263198622,7.73851364604511
Onondaga,2020-06-10T00:00:00.000,21,2454,1222,56834,56834,2454,2020-06-10,21,1222,0.0171849427168576,0.0159211622751331,27.1193970235539
Onondaga,2020-06-11T00:00:00.000,20,2474,2072,58906,58906,2474,2020-06-11,20,2072,0.00965250965250965,0.0156761918104874,25.8575885592967
Onondaga,2020-06-12T00:00:00.000,24,2498,1498,60404,60404,2498,2020-06-12,24,1498,0.0160213618157543,0.0154692638062313,31.0603666959977
Onondaga,2020-06-13T00:00:00.000,21,2519,2756,63160,63160,2519,2020-06-13,21,2756,0.00761973875181422,0.0152968937934798,27.2012470486599
Onondaga,2020-06-14T00:00:00.000,12,2531,847,64007,64007,2531,2020-06-14,12,847,0.0141676505312869,0.0151557375368539,15.5545830407247
Onondaga,2020-06-15T00:00:00.000,14,2545,1345,65352,65352,2545,2020-06-15,14,1345,0.0104089219330855,0.0150425665324328,18.1569322841943
Onondaga,2020-06-16T00:00:00.000,13,2558,870,66222,66222,2558,2020-06-16,13,870,0.0149425287356322,0.0149542460983921,16.8663394152605
Onondaga,2020-06-17T00:00:00.000,57,2615,1440,67662,67662,2615,2020-06-17,57,1440,0.0395833333333333,0.0148877166591524,73.966809815419
Onondaga,2020-06-18T00:00:00.000,19,2634,1694,69356,69356,2634,2020-06-18,19,1694,0.0112160566706021,0.0148399787479841,24.6546195735079
Onondaga,2020-06-19T00:00:00.000,10,2644,1270,70626,70626,2644,2020-06-19,10,1270,0.0078740157480315,0.0148080821720336,12.9730827964477
Onondaga,2020-06-20T00:00:00.000,22,2666,2328,72954,72954,2666,2020-06-20,22,2328,0.00945017182130584,0.0147891196902961,28.5282725992517
Onondaga,2020-06-21T00:00:00.000,9,2675,954,73908,73908,2675,2020-06-21,9,954,0.00943396226415094,0.0147802254464583,11.6630273300237
Onondaga,2020-06-22T00:00:00.000,27,2702,1060,74968,74968,2702,2020-06-22,27,1060,0.0254716981132075,0.0147785782710739,34.9582918271656
Onondaga,2020-06-23T00:00:00.000,32,2734,1234,76202,76202,2734,2020-06-23,32,1234,0.0259319286871961,0.0147814098214377,41.3857762057322
Onondaga,2020-06-24T00:00:00.000,17,2751,1183,77385,77385,2751,2020-06-24,17,1183,0.0143702451394759,0.014786017363745,21.9562052310234
Onondaga,2020-06-25T00:00:00.000,31,2782,1402,78787,78787,2782,2020-06-25,31,1402,0.0221112696148359,0.0147897808280809,39.9728914183495
Onondaga,2020-06-26T00:00:00.000,9,2791,1517,80304,80304,2791,2020-06-26,9,1517,0.00593276203032301,0.014790183583921,11.5831365776427
Onondaga,2020-06-27T00:00:00.000,25,2816,1721,82025,82025,2816,2020-06-27,25,1721,0.0145264381173736,0.0147848362083225,32.1058461215328
Onondaga,2020-06-28T00:00:00.000,6,2822,1257,83282,83282,2822,2020-06-28,6,1257,0.00477326968973747,0.0147715023548734,7.68658114784115
Onondaga,2020-06-29T00:00:00.000,20,2842,1288,84570,84570,2842,2020-06-29,20,1288,0.015527950310559,0.014748125693904,25.5519741422793
Onondaga,2020-06-30T00:00:00.000,21,2863,1368,85938,85938,2863,2020-06-30,21,1368,0.0153508771929825,0.0147128567939099,26.7484517178246
Onondaga,2020-07-01T00:00:00.000,34,2897,1909,87847,87847,2897,2020-07-01,34,1909,0.0178103719224725,0.0146640787589603,43.1632234525727
Onondaga,2020-07-02T00:00:00.000,12,2909,968,88815,88815,2909,2020-07-02,12,968,0.012396694214876,0.0146004304364849,15.1789395539239
Onondaga,2020-07-03T00:00:00.000,19,2928,843,89658,89658,2928,2020-07-03,19,843,0.0225385527876631,0.014520826068385,23.9068027801828
Onondaga,2020-07-04T00:00:00.000,21,2949,856,90514,90514,2949,2020-07-04,21,856,0.0245327102803738,0.0144244703743967,26.3473087908537
Onondaga,2020-07-05T00:00:00.000,14,2963,651,91165,91165,2963,2020-07-05,14,651,0.021505376344086,0.0143108682302179,17.4856072007704
Onondaga,2020-07-06T00:00:00.000,34,2997,1455,92620,92620,2997,2020-07-06,34,1455,0.0233676975945017,0.0141798283222291,42.2688080530182
Onondaga,2020-07-07T00:00:00.000,32,3029,1911,94531,94531,3029,2020-07-07,32,1911,0.0167451596023025,0.0140314604167244,39.6550383842515
Onondaga,2020-07-08T00:00:00.000,21,3050,2070,96601,96601,3050,2020-07-08,21,2070,0.0101449275362319,0.0138661661591831,25.928410198951
Onondaga,2020-07-09T00:00:00.000,28,3078,1155,97756,97756,3078,2020-07-09,28,1155,0.0242424242424242,0.0136846236006109,34.4345923497022
Onondaga,2020-07-10T00:00:00.000,22,3100,1161,98917,98917,3100,2020-07-10,22,1161,0.0189491817398794,0.0134877659188525,26.9415061155226
Onondaga,2020-07-11T00:00:00.000,24,3124,1344,100261,100261,3124,2020-07-11,24,1344,0.0178571428571429,0.0132767550444671,29.2592278432533
Onondaga,2020-07-12T00:00:00.000,18,3142,1288,101549,101549,3142,2020-07-12,18,1288,0.0139751552795031,0.0130529511006878,21.8411578913343
Onondaga,2020-07-13T00:00:00.000,37,3179,2118,103667,103667,3179,2020-07-13,37,2118,0.0174693106704438,0.0128178787153853,44.6750596280739
Onondaga,2020-07-14T00:00:00.000,24,3203,1227,104894,104894,3203,2020-07-14,24,1227,0.019559902200489,0.0125731913500585,28.830612657078
Onondaga,2020-07-15T00:00:00.000,22,3225,1697,106591,106591,3225,2020-07-15,22,1697,0.0129640542133176,0.012320634819172,26.2890086029934
Onondaga,2020-07-16T00:00:00.000,15,3240,2153,108744,108744,3240,2020-07-16,15,2153,0.00696702275894101,0.0120620111395226,17.827586018384
Onondaga,2020-07-17T00:00:00.000,22,3262,1912,110656,110656,3262,2020-07-17,22,1912,0.0115062761506276,0.0117991437642041,26.0392895382595
Onondaga,2020-07-18T00:00:00.000,16,3278,1100,111756,111756,3278,2020-07-18,16,1100,0.0145454545454545,0.0115338451250716,18.9095569025638
Onondaga,2020-07-19T00:00:00.000,12,3290,1758,113514,113514,3290,2020-07-19,12,1758,0.0068259385665529,0.0112678872443952,14.1542889757397
Onondaga,2020-07-20T00:00:00.000,22,3312,1918,115432,115432,3312,2020-07-20,22,1918,0.0114702815432742,0.0110029759918891,25.886252191366
Onondaga,2020-07-21T00:00:00.000,14,3326,1844,117276,117276,3326,2020-07-21,14,1844,0.00759219088937093,0.0107407293714162,16.4233483362728
Onondaga,2020-07-22T00:00:00.000,18,3344,1965,119241,119241,3344,2020-07-22,18,1965,0.00916030534351145,0.0104826600308946,21.0407733006678
Onondaga,2020-07-23T00:00:00.000,16,3360,2174,121415,121415,3360,2020-07-23,16,2174,0.00735970561177553,0.0102301620138387,18.6292808725761
Onondaga,2020-07-24T00:00:00.000,18,3378,1868,123283,123283,3378,2020-07-24,18,1868,0.00963597430406852,0.00998450161384544,20.9556945229195
Onondaga,2020-07-25T00:00:00.000,11,3389,2415,125698,125698,3389,2020-07-25,11,2415,0.00455486542443064,0.00974681206432205,12.7997947036133
Onondaga,2020-07-26T00:00:00.000,9,3398,1790,127488,127488,3398,2020-07-26,9,1790,0.00502793296089385,0.00951809169484856,10.4591224654854
Onondaga,2020-07-27T00:00:00.000,21,3419,1744,129232,129232,3419,2020-07-27,21,1744,0.0120412844036697,0.00929920511444937,24.3589450132216
Onondaga,2020-07-28T00:00:00.000,18,3437,1664,130896,130896,3437,2020-07-28,18,1664,0.0108173076923077,0.00909088693987384,20.827801089268
Onondaga,2020-07-29T00:00:00.000,22,3459,1408,132304,132304,3459,2020-07-29,22,1408,0.015625,0.00889374757090784,25.3783614727069
Onondaga,2020-07-30T00:00:00.000,5,3464,1481,133785,133785,3464,2020-07-30,5,1481,0.00337609723160027,0.00870828051997492,5.7466488355963
Onondaga,2020-07-31T00:00:00.000,13,3477,1678,135463,135463,3477,2020-07-31,13,1678,0.00774731823599523,0.00853487082846311,14.8904211604203
Onondaga,2020-08-01T00:00:00.000,8,3485,1274,136737,136737,3485,2020-08-01,8,1274,0.00627943485086342,0.00837380413891095,9.1450612340974
Onondaga,2020-08-02T00:00:00.000,5,3490,689,137426,137426,3490,2020-08-02,5,689,0.00725689404934688,0.00822527604001285,5.69941283959847
Onondaga,2020-08-03T00:00:00.000,25,3515,3057,140483,140483,3515,2020-08-03,25,3057,0.00817795224075891,0.00808940135403374,28.4079740632618
Onondaga,2020-08-04T00:00:00.000,10,3525,2030,142513,142513,3525,2020-08-04,10,2030,0.00492610837438424,0.00796622309091343,11.3245976826477
Onondaga,2020-08-05T00:00:00.000,10,3535,1499,144012,144012,3535,2020-08-05,10,1499,0.0066711140760507,0.00785572084794777,11.2832339086157
Onondaga,2020-08-06T00:00:00.000,21,3556,2037,146049,146049,3556,2020-08-06,21,2037,0.0103092783505155,0.00775781848640164,23.6757761926771
Onondaga,2020-08-07T00:00:00.000,9,3565,1799,147848,147848,3565,2020-08-07,9,1799,0.00500277932184547,0.00767239096401006,10.1545903267905
Onondaga,2020-08-08T00:00:00.000,11,3576,1052,148900,148900,3576,2020-08-08,11,1052,0.0104562737642586,0.00759927024642265,12.4200987226224
Onondaga,2020-08-09T00:00:00.000,9,3585,806,149706,149706,3585,2020-08-09,9,806,0.011166253101737,0.00753825025949837,10.1683961619511
Onondaga,2020-08-10T00:00:00.000,17,3602,4122,153828,153828,3602,2020-08-10,17,4122,0.00412421154779233,0.00748909087754125,19.2172257909457
Onondaga,2020-08-11T00:00:00.000,11,3613,1526,155354,155354,3613,2020-08-11,11,1526,0.0072083879423329,0.00745152097241441,12.4375785981738
Onondaga,2020-08-12T00:00:00.000,14,3627,1208,156562,156562,3627,2020-08-12,14,1208,0.0115894039735099,0.00742524057312748,15.8283413903729
Onondaga,2020-08-13T00:00:00.000,19,3646,1784,158346,158346,3646,2020-08-13,19,1784,0.0106502242152466,0.00740992220679184,21.4764637512533
Onondaga,2020-08-14T00:00:00.000,17,3663,1984,160330,160330,3663,2020-08-14,17,1984,0.00856854838709677,0.00740521151033266,19.2356579262566
Onondaga,2020-08-15T00:00:00.000,11,3674,1102,161432,161432,3674,2020-08-15,11,1102,0.00998185117967332,0.00741072721814621,12.484014757817
Onondaga,2020-08-16T00:00:00.000,6,3680,1956,163388,163388,3680,2020-08-16,6,1956,0.00306748466257669,0.00742606064371285,6.8297403551762
Onondaga,2020-08-17T00:00:00.000,16,3696,1933,165321,165321,3696,2020-08-17,16,1933,0.008277289187791,0.00745077478549524,18.2391380158766
Onondaga,2020-08-18T00:00:00.000,16,3712,1885,167206,167206,3712,2020-08-18,16,1885,0.00848806366047745,0.00748440319623904,18.2604179496938
Onondaga,2020-08-19T00:00:00.000,7,3719,2150,169356,169356,3719,2020-08-19,7,2150,0.00325581395348837,0.00752644876232682,7.99856590004064
Onondaga,2020-08-20T00:00:00.000,24,3743,2297,171653,171653,3743,2020-08-20,24,2297,0.0104484109708315,0.00757638254541377,27.4577433399693
Onondaga,2020-08-21T00:00:00.000,13,3756,2177,173830,173830,3756,2020-08-21,13,2177,0.00597152044097382,0.00763364284052744,14.8880073945521
Onondaga,2020-08-22T00:00:00.000,2,3758,1402,175232,175232,3758,2020-08-22,2,1402,0.0014265335235378,0.00769763460395826,2.29285100345019
Onondaga,2020-08-23T00:00:00.000,10,3768,844,176076,176076,3768,2020-08-23,10,844,0.0118483412322275,0.00776772940060666,11.4944744531118
Onondaga,2020-08-24T00:00:00.000,24,3792,3288,179364,179364,3792,2020-08-24,24,3288,0.0072992700729927,0.00784326601048228,27.6467309044534
Onondaga,2020-08-25T00:00:00.000,9,3801,1168,180532,180532,3801,2020-08-25,9,1168,0.00770547945205479,0.00792355182164545,10.3825347412993
Onondaga,2020-08-26T00:00:00.000,31,3832,1590,182122,182122,3832,2020-08-26,31,1590,0.0194968553459119,0.00800786511753978,35.7877982805275
Onondaga,2020-08-27T00:00:00.000,15,3847,1959,184081,184081,3847,2020-08-27,15,1959,0.00765696784073507,0.00809545834335114,17.3179592703929
Onondaga,2020-08-28T00:00:00.000,19,3866,3709,187790,187790,3866,2020-08-28,19,3709,0.00512267457535724,0.00818556240669247,21.984559523908
Onondaga,2020-08-29T00:00:00.000,17,3883,1813,189603,189603,3883,2020-08-29,17,1813,0.00937672366243795,0.00827739203509765,19.7439463639972
Onondaga,2020-08-30T00:00:00.000,9,3892,820,190423,190423,3892,2020-08-30,9,820,0.0109756097560976,0.00837015217464986,10.4911175514317
Onondaga,2020-08-31T00:00:00.000,20,3912,1531,191954,191954,3912,2020-08-31,20,1531,0.0130633572828217,0.008463045374869,23.3973740427568
Onondaga,2020-09-01T00:00:00.000,10,3922,1352,193306,193306,3922,2020-09-01,10,1352,0.00739644970414201,0.00855528006328472,11.7394792206326
Onondaga,2020-09-02T00:00:00.000,15,3937,1535,194841,194841,3937,2020-09-02,15,1535,0.00977198697068404,0.00864607957281214,17.6683339408071
Onondaga,2020-09-03T00:00:00.000,10,3947,1606,196447,196447,3947,2020-09-03,10,1606,0.0062266500622665,0.00873469174652871,11.8166246034193
Onondaga,2020-09-04T00:00:00.000,17,3964,2611,199058,199058,3964,2020-09-04,17,2611,0.00651091535810034,0.0088203989112885,20.1490546055676
Onondaga,2020-09-05T00:00:00.000,19,3983,1554,200612,200612,3983,2020-09-05,19,1554,0.0122265122265122,0.0089025279839839,22.5831415327902
Onondaga,2020-09-06T00:00:00.000,10,3993,853,201465,201465,3993,2020-09-06,10,853,0.0117233294255569,0.00898046045565827,11.9167491005794
Onondaga,2020-09-07T00:00:00.000,9,4002,1305,202770,202770,4002,2020-09-07,9,1305,0.00689655172413793,0.00905364198916368,10.7498750746607
Onondaga,2020-09-08T00:00:00.000,10,4012,652,203422,203422,4012,2020-09-08,10,652,0.0153374233128834,0.00912159136792523,11.9667511778404
Onondaga,2020-09-09T00:00:00.000,11,4023,859,204281,204281,4023,2020-09-09,11,859,0.0128055878928987,0.00918390854527214,13.1839241277718
Onondaga,2020-09-10T00:00:00.000,20,4043,2201,206482,206482,4043,2020-09-10,20,2201,0.00908677873693776,0.00924028156812423,23.9997949586367
Onondaga,2020-09-11T00:00:00.000,17,4060,3386,209868,209868,4060,2020-09-11,17,3386,0.00502067336089781,0.00929049218177318,20.4448359578629
Onondaga,2020-09-12T00:00:00.000,21,4081,1703,211571,211571,4081,2020-09-12,21,1703,0.0123311802701116,0.00933441996533184,25.3221154644401
Onondaga,2020-09-13T00:00:00.000,15,4096,862,212433,212433,4096,2020-09-13,15,862,0.0174013921113689,0.00937204489619817,18.1281024521664
Onondaga,2020-09-14T00:00:00.000,18,4114,1186,213619,213619,4114,2020-09-14,18,1186,0.015177065767285,0.00940344829598842,21.7940796380838
Onondaga,2020-09-15T00:00:00.000,19,4133,1471,215090,215090,4133,2020-09-15,19,1471,0.0129163834126445,0.00942881216530314,23.0377154182264
Onondaga,2020-09-16T00:00:00.000,25,4158,1673,216763,216763,4158,2020-09-16,25,1673,0.0149432157800359,0.00944841696983274,30.342472193536
Onondaga,2020-09-17T00:00:00.000,27,4185,1588,218351,218351,4185,2020-09-17,27,1588,0.0170025188916877,0.00946263799139719,32.7865767218587
Onondaga,2020-09-18T00:00:00.000,16,4201,3815,222166,222166,4201,2020-09-18,16,3815,0.00419397116644823,0.00947194040302774,19.4294782995491
Onondaga,2020-09-19T00:00:00.000,19,4220,2717,224883,224883,4220,2020-09-19,19,2717,0.00699300699300699,0.00947687326571525,23.0391861074295
Onondaga,2020-09-20T00:00:00.000,11,4231,1149,226032,226032,4231,2020-09-20,11,1149,0.00957354221061793,0.00947806267248256,13.3067520901223
Onondaga,2020-09-21T00:00:00.000,22,4253,1394,227426,227426,4253,2020-09-21,22,1394,0.0157819225251076,0.00947620428593681,26.5360079864897
Onondaga,2020-09-22T00:00:00.000,17,4270,1376,228802,228802,4270,2020-09-22,17,1376,0.0123546511627907,0.00947205552302532,20.4345601602414
Onondaga,2020-09-23T00:00:00.000,30,4300,1853,230655,230655,4300,2020-09-23,30,1853,0.0161899622234215,0.00946642764102981,35.9182036641639
Onondaga,2020-09-24T00:00:00.000,21,4321,2429,233084,233084,4321,2020-09-24,21,2429,0.00864553314121038,0.00946017796861096,25.0304173375635
Onondaga,2020-09-25T00:00:00.000,21,4342,2876,235960,235960,4342,2020-09-25,21,2876,0.00730180806675939,0.00945420250781169,24.9897210305816
Onondaga,2020-09-26T00:00:00.000,23,4365,2225,238185,238185,4365,2020-09-26,23,2225,0.0103370786516854,0.00944942910962466,27.3898292553786
Onondaga,2020-09-27T00:00:00.000,14,4379,1240,239425,239425,4379,2020-09-27,14,1240,0.0112903225806452,0.00944681139667653,16.6762653278875
Onondaga,2020-09-28T00:00:00.000,30,4409,1882,241307,241307,4409,2020-09-28,30,1882,0.0159404888416578,0.00944732357509064,35.7269930607055
Onondaga,2020-09-29T00:00:00.000,15,4424,3423,244730,244730,4424,2020-09-29,15,3423,0.00438212094653812,0.00945195624524049,17.8514158013515
Onondaga,2020-09-30T00:00:00.000,32,4456,2579,247309,247309,4456,2020-09-30,32,2579,0.0124079100426522,0.00946171328797329,38.0405734071438
Onondaga,2020-10-01T00:00:00.000,38,4494,5101,252410,252410,4494,2020-10-01,38,5101,0.00744951970201921,0.0094776098723956,45.1039498110053
Onondaga,2020-10-02T00:00:00.000,34,4528,4586,256996,256996,4528,2020-10-02,34,4586,0.00741386829481029,0.00950067160281956,40.2783515262776
Onondaga,2020-10-03T00:00:00.000,9,4537,2564,259560,259560,4537,2020-10-03,9,2564,0.00351014040561622,0.009531934797007,10.6373973985043
Onondaga,2020-10-04T00:00:00.000,19,4556,1620,261180,261180,4556,2020-10-04,19,1620,0.0117283950617284,0.00957244786689716,22.3973143973274
Onondaga,2020-10-05T00:00:00.000,37,4593,2081,263261,263261,4593,2020-10-05,37,2081,0.0177799135031235,0.00962327375540329,43.4865011577663
Onondaga,2020-10-06T00:00:00.000,43,4636,3538,266799,266799,4636,2020-10-06,43,3538,0.0121537591859808,0.00968549336910075,50.3737708860036
Onondaga,2020-10-07T00:00:00.000,33,4669,4536,271335,271335,4669,2020-10-07,33,4536,0.00727513227513227,0.00976020993669101,38.5228387846026
Onondaga,2020-10-08T00:00:00.000,24,4693,3498,274833,274833,4693,2020-10-08,24,3498,0.00686106346483705,0.00984855421611121,27.9113826016981
Onondaga,2020-10-09T00:00:00.000,54,4747,5423,280256,280256,4747,2020-10-09,54,5423,0.00995758805089434,0.00995169046864738,62.5457640903188
Onondaga,2020-10-10T00:00:00.000,32,4779,3349,283605,283605,4779,2020-10-10,32,3349,0.00955509107196178,0.0100708231160092,36.9068244089183
Onondaga,2020-10-11T00:00:00.000,28,4807,1836,285441,285441,4807,2020-10-11,28,1836,0.0152505446623094,0.010207203994683,32.1519499116506
Onondaga,2020-10-12T00:00:00.000,36,4843,1698,287139,287139,4843,2020-10-12,36,1698,0.0212014134275618,0.0103621401216603,41.1525028410577
Onondaga,2020-10-13T00:00:00.000,37,4880,3261,290400,290400,4880,2020-10-13,37,3261,0.0113462128181539,0.0105370018841057,42.1020610696277
Onondaga,2020-10-14T00:00:00.000,28,4908,4032,294432,294432,4908,2020-10-14,28,4032,0.00694444444444444,0.010733231564696,31.7403998469637
Onondaga,2020-10-15T00:00:00.000,38,4946,3429,297861,297861,4946,2020-10-15,38,3429,0.0110819480898221,0.0109523521110639,42.9429634382358
Onondaga,2020-10-16T00:00:00.000,31,4977,4669,302530,302530,4977,2020-10-16,31,4669,0.00663953737417006,0.0111959760540925,34.9898494520212
Onondaga,2020-10-17T00:00:00.000,34,5011,2541,305071,305071,5011,2020-10-17,34,2541,0.0133805588351043,0.0114658144731528,38.350325920834
Onondaga,2020-10-18T00:00:00.000,10,5021,1370,306441,306441,5021,2020-10-18,10,1370,0.0072992700729927,0.0117636858982353,11.2751447159572
Onondaga,2020-10-19T00:00:00.000,31,5052,1783,308224,308224,5052,2020-10-19,31,1783,0.0173864273696018,0.0120915250289918,34.9746805921839
Onondaga,2020-10-20T00:00:00.000,69,5121,3662,311886,311886,5121,2020-10-20,69,3662,0.0188421627525942,0.012451391137495,77.9930883895062
Onondaga,2020-10-21T00:00:00.000,49,5170,6432,318318,318318,5170,2020-10-21,49,6432,0.0076181592039801,0.0128454760083488,55.4952183671493
Onondaga,2020-10-22T00:00:00.000,52,5222,5719,324037,324037,5222,2020-10-22,52,5719,0.00909249868858192,0.0132761112540212,59.0368880998341
Onondaga,2020-10-23T00:00:00.000,55,5277,6258,330295,330295,5277,2020-10-23,55,6258,0.00878875039948866,0.0137457748277835,62.5823308192717
Onondaga,2020-10-24T00:00:00.000,32,5309,3528,333823,333823,5309,2020-10-24,32,3528,0.0090702947845805,0.0142570965420488,36.4848798622525
Onondaga,2020-10-25T00:00:00.000,28,5337,1876,335699,335699,5337,2020-10-25,28,1876,0.0149253731343284,0.0148128623861099,31.9813825629739
Onondaga,2020-10-26T00:00:00.000,62,5399,2764,338463,338463,5399,2020-10-26,62,2764,0.0224312590448625,0.0154160174296098,70.9263567487351
Onondaga,2020-10-27T00:00:00.000,55,5454,5376,343839,343839,5454,2020-10-27,55,5376,0.0102306547619048,0.0160696670922614,63.0020653752208
Onondaga,2020-10-28T00:00:00.000,44,5498,5268,349107,349107,5498,2020-10-28,44,5268,0.00835231586940015,0.0167770765678103,50.4568226554261
Onondaga,2020-10-29T00:00:00.000,105,5603,4415,353522,353522,5603,2020-10-29,105,4415,0.0237825594563986,0.0175416682029604,120.512190348131
Onondaga,2020-10-30T00:00:00.000,93,5696,4191,357713,357713,5696,2020-10-30,93,4191,0.0221904080171797,0.0183670166642981,106.806941808073
Onondaga,2020-10-31T00:00:00.000,66,5762,4241,361954,361954,5762,2020-10-31,66,4241,0.0155623673661872,0.0192568417705249,75.8293726712593
Onondaga,2020-11-01T00:00:00.000,33,5795,1471,363425,363425,5795,2020-11-01,33,1471,0.0224337185588035,0.0202149989379693,37.9218076356242
Onondaga,2020-11-02T00:00:00.000,86,5881,3064,366489,366489,5881,2020-11-02,86,3064,0.0280678851174935,0.0212454672768985,98.8240691136973
Onondaga,2020-11-03T00:00:00.000,120,6001,4008,370497,370497,6001,2020-11-03,120,4008,0.029940119760479,0.0223523354980987,137.862452835501
Onondaga,2020-11-04T00:00:00.000,121,6122,5230,375727,375727,6122,2020-11-04,121,5230,0.0231357552581262,0.0235397859387411,138.95241372654
Onondaga,2020-11-05T00:00:00.000,135,6257,4978,380705,380705,6257,2020-11-05,135,4978,0.0271193250301326,0.024812077199892,154.935404848691
Onondaga,2020-11-06T00:00:00.000,139,6396,5537,386242,386242,6396,2020-11-06,139,5537,0.0251038468484739,0.0261735261068517,159.401807678908
Onondaga,2020-11-07T00:00:00.000,95,6491,3592,389834,389834,6491,2020-11-07,95,3592,0.0264476614699332,0.0276284899528853,108.841488631
Onondaga,2020-11-08T00:00:00.000,85,6576,2069,391903,391903,6576,2020-11-08,85,2069,0.041082648622523,0.0291813502743588,97.2723502773521
Onondaga,2020-11-09T00:00:00.000,250,6826,3815,395718,395718,6826,2020-11-09,250,3815,0.0655307994757536,0.0308364997162669,285.816015396648
Onondaga,2020-11-10T00:00:00.000,195,7021,5017,400735,400735,7021,2020-11-10,195,5017,0.038867849312338,0.0325983338894896,223.115547064937
Onondaga,2020-11-11T00:00:00.000,190,7211,3388,404123,404123,7211,2020-11-11,190,3388,0.0560802833530106,0.0344712504751486,217.776480164636
Onondaga,2020-11-12T00:00:00.000,210,7421,8886,413009,413009,7421,2020-11-12,210,8886,0.0236326806212019,0.0364596582034037,241.93992008446
Onondaga,2020-11-13T00:00:00.000,229,7650,5366,418375,418375,7650,2020-11-13,229,5366,0.0426761088333955,0.038567998705471,265.196688320619
Onondaga,2020-11-14T00:00:00.000,99,7749,2102,420477,420477,7749,2020-11-14,99,2102,0.0470980019029496,0.0408007846042879,115.24384903031
Onondaga,2020-11-15T00:00:00.000,143,7892,3783,424260,424260,7892,2020-11-15,143,3783,0.0378006872852234,0.0431626575716281,167.327381856504
Onondaga,2020-11-16T00:00:00.000,192,8084,3492,427752,427752,8084,2020-11-16,192,3492,0.0549828178694158,0.0456584704246887,225.825569595148
Onondaga,2020-11-17T00:00:00.000,217,8301,5561,433313,433313,8301,2020-11-17,217,5561,0.039021758676497,0.0482933976750461,256.54306695118
Onondaga,2020-11-18T00:00:00.000,193,8494,5464,438777,438777,8494,2020-11-18,193,5464,0.0353221083455344,0.0510730792844851,229.335301675845
Ontario,2020-03-01T00:00:00.000,0,0,0,0,0,0,2020-03-01,0,0,0,0.13702650795631,0
Ontario,2020-03-02T00:00:00.000,0,0,0,0,0,0,2020-03-02,0,0,0,0.134054918181563,0
Ontario,2020-03-03T00:00:00.000,0,0,0,0,0,0,2020-03-03,0,0,0,0.131138544010335,0
Ontario,2020-03-04T00:00:00.000,0,0,0,0,0,0,2020-03-04,0,0,0,0.128277672719491,0
Ontario,2020-03-05T00:00:00.000,0,0,0,0,0,0,2020-03-05,0,0,0,0.125472872891611,0
Ontario,2020-03-06T00:00:00.000,0,0,0,0,0,0,2020-03-06,0,0,0,0.122724908198079,0
Ontario,2020-03-07T00:00:00.000,0,0,0,0,0,0,2020-03-07,0,0,0,0.120034659625136,0
Ontario,2020-03-08T00:00:00.000,0,0,0,0,0,0,2020-03-08,0,0,0,0.117403056018368,0
Ontario,2020-03-09T00:00:00.000,0,0,0,0,0,0,2020-03-09,0,0,0,0.114831012787633,0
Ontario,2020-03-10T00:00:00.000,0,0,0,0,0,0,2020-03-10,0,0,0,0.112319378562682,0
Ontario,2020-03-11T00:00:00.000,0,0,0,0,0,0,2020-03-11,0,0,0,0.109868889539357,0
Ontario,2020-03-12T00:00:00.000,0,0,2,2,2,0,2020-03-12,0,2,0,0.10748013119922,0
Ontario,2020-03-13T00:00:00.000,0,0,4,6,6,0,2020-03-13,0,4,0,0.105153507033561,0
Ontario,2020-03-14T00:00:00.000,0,0,3,9,9,0,2020-03-14,0,3,0,0.102889213858157,0
Ontario,2020-03-15T00:00:00.000,1,1,5,14,14,1,2020-03-15,1,5,0.2,0.100687223265231,1.34123016820093
Ontario,2020-03-16T00:00:00.000,0,1,1,15,15,1,2020-03-16,0,1,0,0.0985472687359099,0
Ontario,2020-03-17T00:00:00.000,0,1,3,18,18,1,2020-03-17,0,3,0,0.0964688379165165,0
Ontario,2020-03-18T00:00:00.000,0,1,8,26,26,1,2020-03-18,0,8,0,0.0944511695618477,0
Ontario,2020-03-19T00:00:00.000,2,3,15,41,41,3,2020-03-19,2,15,0.133333333333333,0.0924932546510015,2.45314071552471
Ontario,2020-03-20T00:00:00.000,1,4,25,66,66,4,2020-03-20,1,25,0.04,0.0905938412010924,1.20232214334061
Ontario,2020-03-21T00:00:00.000,2,6,25,91,91,6,2020-03-21,2,25,0.08,0.0887514423261572,2.35501945598505
Ontario,2020-03-22T00:00:00.000,0,6,5,96,96,6,2020-03-22,0,5,0,0.0869643471216738,0
Ontario,2020-03-23T00:00:00.000,1,7,13,109,109,7,2020-03-23,1,13,0.0769230769230769,0.0852306339900104,1.15017454975728
Ontario,2020-03-24T00:00:00.000,2,9,19,128,128,9,2020-03-24,2,19,0.105263157894737,0.083548186062178,2.28042654738981
Ontario,2020-03-25T00:00:00.000,2,11,21,149,149,11,2020-03-25,2,21,0.0952380952380952,0.0819147084106301,2.25807304724484
Ontario,2020-03-26T00:00:00.000,3,14,29,178,178,14,2020-03-26,3,29,0.103448275862069,0.0803277467868481,3.35299280890527
Ontario,2020-03-27T00:00:00.000,2,16,34,212,212,16,2020-03-27,2,34,0.0588235294117647,0.0787847076539308,2.23095367560125
Ontario,2020-03-28T00:00:00.000,2,18,26,238,238,18,2020-03-28,2,26,0.0769230769230769,0.0772828793173527,2.21693682759288
Ontario,2020-03-29T00:00:00.000,2,20,16,254,254,20,2020-03-29,2,16,0.125,0.0758194539824784,2.20088369470134
Ontario,2020-03-30T00:00:00.000,2,22,26,280,280,22,2020-03-30,2,26,0.0769230769230769,0.074391550590045,2.185255099056
Ontario,2020-03-31T00:00:00.000,2,24,37,317,317,24,2020-03-31,2,37,0.0540540540540541,0.0729962382933476,2.17485611234685
Ontario,2020-04-01T00:00:00.000,2,26,29,346,346,26,2020-04-01,2,29,0.0689655172413793,0.0716305604482137,2.17543453301865
Ontario,2020-04-02T00:00:00.000,2,28,29,375,375,28,2020-04-02,2,29,0.0689655172413793,0.0702915589860164,2.17515282940072
Ontario,2020-04-03T00:00:00.000,3,31,36,411,411,31,2020-04-03,3,36,0.0833333333333333,0.0689762990334092,3.26119653624909
Ontario,2020-04-04T00:00:00.000,1,32,33,444,444,32,2020-04-04,1,33,0.0303030303030303,0.0676818936280097,1.0862398973363
Ontario,2020-04-05T00:00:00.000,0,32,26,470,470,32,2020-04-05,0,26,0,0.0664055283613128,0
Ontario,2020-04-06T00:00:00.000,1,33,32,502,502,33,2020-04-06,1,32,0.03125,0.0651444857576435,1.08361655134642
Ontario,2020-04-07T00:00:00.000,6,39,50,552,552,39,2020-04-07,6,50,0.12,0.0638961691719665,6.49235171920414
Ontario,2020-04-08T00:00:00.000,4,43,38,590,590,43,2020-04-08,4,38,0.105263157894737,0.0626581259641591,4.32206122573932
Ontario,2020-04-09T00:00:00.000,8,51,50,640,640,51,2020-04-09,8,50,0.16,0.0614280696824655,8.65040914152531
Ontario,2020-04-10T00:00:00.000,5,56,39,679,679,56,2020-04-10,5,39,0.128205128205128,0.0602039009654869,5.40823181141119
Ontario,2020-04-11T00:00:00.000,1,57,27,706,706,57,2020-04-11,1,27,0.037037037037037,0.0589837268570322,1.08165882992845
Ontario,2020-04-12T00:00:00.000,0,57,12,718,718,57,2020-04-12,0,12,0,0.0577658782147969,0
Ontario,2020-04-13T00:00:00.000,4,61,48,766,766,61,2020-04-13,4,48,0.0833333333333333,0.0565489248940292,4.32446316947021
Ontario,2020-04-14T00:00:00.000,1,62,25,791,791,62,2020-04-14,1,25,0.04,0.0553316883924754,1.08217809684272
Ontario,2020-04-15T00:00:00.000,3,65,31,822,822,65,2020-04-15,3,31,0.0967741935483871,0.0541132516630375,3.2500836213792
Ontario,2020-04-16T00:00:00.000,2,67,34,856,856,67,2020-04-16,2,34,0.0588235294117647,0.0528929658283067,2.16933644167848
Ontario,2020-04-17T00:00:00.000,2,69,33,889,889,69,2020-04-17,2,33,0.0606060606060606,0.0516704535734439,2.17278047593817
Ontario,2020-04-18T00:00:00.000,1,70,24,913,913,70,2020-04-18,1,24,0.0416666666666667,0.0504456090457794,1.09059250940421
Ontario,2020-04-19T00:00:00.000,1,71,20,933,933,71,2020-04-19,1,20,0.05,0.0492185941512958,1.09488521932417
Ontario,2020-04-20T00:00:00.000,1,72,43,976,976,72,2020-04-20,1,43,0.0232558139534884,0.0479898312103672,1.0992530049808
Ontario,2020-04-21T00:00:00.000,1,73,66,1042,1042,73,2020-04-21,1,66,0.0151515151515152,0.0467599920114231,1.10367946721849
Ontario,2020-04-22T00:00:00.000,0,73,31,1073,1073,73,2020-04-22,0,31,0,0.0455299833835123,0
Ontario,2020-04-23T00:00:00.000,0,73,37,1110,1110,73,2020-04-23,0,37,0,0.0443009294916844,0
Ontario,2020-04-24T00:00:00.000,9,82,239,1349,1349,82,2020-04-24,9,239,0.0376569037656904,0.0430741511389069,10.0542069221051
Ontario,2020-04-25T00:00:00.000,2,84,34,1383,1383,84,2020-04-25,2,34,0.0588235294117647,0.0418511424350983,2.24323052653619
Ontario,2020-04-26T00:00:00.000,2,86,40,1423,1423,86,2020-04-26,2,40,0.05,0.0406335452599578,2.2521250189898
Ontario,2020-04-27T00:00:00.000,4,90,50,1473,1473,90,2020-04-27,4,50,0.08,0.0394231220037067,4.52182565056825
Ontario,2020-04-28T00:00:00.000,0,90,60,1533,1533,90,2020-04-28,0,60,0,0.0382217271114395,0
Ontario,2020-04-29T00:00:00.000,0,90,78,1611,1611,90,2020-04-29,0,78,0,0.0370312779848417,0
Ontario,2020-04-30T00:00:00.000,1,91,91,1702,1702,91,2020-04-30,1,91,0.010989010989011,0.0358537258055696,1.14252835586648
Ontario,2020-05-01T00:00:00.000,1,92,62,1764,1764,92,2020-05-01,1,62,0.0161290322580645,0.0346910268376712,1.14629326209983
Ontario,2020-05-02T00:00:00.000,3,95,90,1854,1854,95,2020-05-02,3,90,0.0333333333333333,0.0335451147439884,3.44973330567759
Ontario,2020-05-03T00:00:00.000,1,96,81,1935,1935,96,2020-05-03,1,81,0.0123456790123457,0.0324178744119791,1.15519970301212
Ontario,2020-05-04T00:00:00.000,1,97,86,2021,2021,97,2020-05-04,1,86,0.0116279069767442,0.0313111177315711,1.16428503825602
Ontario,2020-05-05T00:00:00.000,2,99,105,2126,2126,99,2020-05-05,2,105,0.019047619047619,0.0302265617035988,2.3410464481053
Ontario,2020-05-06T00:00:00.000,2,101,121,2247,2247,101,2020-05-06,2,121,0.0165289256198347,0.0291658091830379,2.35208159908262
Ontario,2020-05-07T00:00:00.000,3,104,108,2355,2355,104,2020-05-07,3,108,0.0277777777777778,0.0281303324829027,3.54247623209627
Ontario,2020-05-08T00:00:00.000,0,104,69,2424,2424,104,2020-05-08,0,69,0,0.0271214599823361,0
Ontario,2020-05-09T00:00:00.000,2,106,109,2533,2533,106,2020-05-09,2,109,0.018348623853211,0.0261403658011009,2.37010128395407
Ontario,2020-05-10T00:00:00.000,1,107,92,2625,2625,107,2020-05-10,1,92,0.0108695652173913,0.0251880625249045,1.18661045992503
Ontario,2020-05-11T00:00:00.000,0,107,74,2699,2699,107,2020-05-11,0,74,0,0.0242653968940818,0
Ontario,2020-05-12T00:00:00.000,2,109,140,2839,2839,109,2020-05-12,2,140,0.0142857142857143,0.023373048304194,2.39500409611539
Ontario,2020-05-13T00:00:00.000,20,129,334,3173,3173,129,2020-05-13,20,334,0.0598802395209581,0.022511529913229,24.0604897023345
Ontario,2020-05-14T00:00:00.000,4,133,135,3308,3308,133,2020-05-14,4,135,0.0296296296296296,0.0216811921068556,4.83301042185717
Ontario,2020-05-15T00:00:00.000,6,139,136,3444,3444,139,2020-05-15,6,136,0.0441176470588235,0.0208822280408904,7.27894393446567
Ontario,2020-05-16T00:00:00.000,7,146,160,3604,3604,146,2020-05-16,7,160,0.04375,0.0201146809598139,8.5446739892833
Ontario,2020-05-17T00:00:00.000,2,148,96,3700,3700,148,2020-05-17,2,96,0.0208333333333333,0.019378452979683,2.45774479116855
Ontario,2020-05-18T00:00:00.000,4,152,157,3857,3857,152,2020-05-18,4,157,0.0254777070063694,0.0186733150242658,4.94530028413247
Ontario,2020-05-19T00:00:00.000,18,170,351,4208,4208,170,2020-05-19,18,351,0.0512820512820513,0.0179989176111257,22.4534341127851
Ontario,2020-05-20T00:00:00.000,6,176,264,4472,4472,176,2020-05-20,6,264,0.0227272727272727,0.0173548022010618,7.54711851941824
Ontario,2020-05-21T00:00:00.000,4,180,191,4663,4663,180,2020-05-21,4,191,0.0209424083769634,0.0167404128456753,5.07028818317885
Ontario,2020-05-22T00:00:00.000,2,182,125,4788,4788,182,2020-05-22,2,125,0.016,0.0161551078942595,2.55178357204823
Ontario,2020-05-23T00:00:00.000,2,184,201,4989,4989,184,2020-05-23,2,201,0.00995024875621891,0.0155981715504906,2.55751961727169
Ontario,2020-05-24T00:00:00.000,1,185,99,5088,5088,185,2020-05-24,1,99,0.0101010101010101,0.0150688250998622,1.28044424095744
Ontario,2020-05-25T00:00:00.000,10,195,218,5306,5306,195,2020-05-25,10,218,0.0458715596330275,0.0145662376603959,12.8085014053071
Ontario,2020-05-26T00:00:00.000,3,198,182,5488,5488,198,2020-05-26,3,182,0.0164835164835165,0.0140895363391856,3.83953748841191
Ontario,2020-05-27T00:00:00.000,3,201,246,5734,5734,201,2020-05-27,3,246,0.0121951219512195,0.0136378157068276,3.83310794681789
Ontario,2020-05-28T00:00:00.000,4,205,209,5943,5943,205,2020-05-28,4,209,0.0191387559808612,0.0132101465284429,5.09783864509666
Ontario,2020-05-29T00:00:00.000,1,206,126,6069,6069,206,2020-05-29,1,126,0.00793650793650794,0.0128055837144817,1.27016713028976
Ontario,2020-05-30T00:00:00.000,1,207,328,6397,6397,207,2020-05-30,1,328,0.00304878048780488,0.0124231734759988,1.26488554508382
Ontario,2020-05-31T00:00:00.000,1,208,188,6585,6585,208,2020-05-31,1,188,0.00531914893617021,0.0120619596876869,1.25909441019709
Ontario,2020-06-01T00:00:00.000,1,209,206,6791,6791,209,2020-06-01,1,206,0.00485436893203883,0.011720989477309,1.25637066978846
Ontario,2020-06-02T00:00:00.000,6,215,485,7276,7276,215,2020-06-02,6,485,0.0123711340206186,0.011399318072971,7.51764887925083
Ontario,2020-06-03T00:00:00.000,3,218,421,7697,7697,218,2020-06-03,3,421,0.00712589073634204,0.0110960129494577,3.74650247883218
Ontario,2020-06-04T00:00:00.000,1,219,379,8076,8076,219,2020-06-04,1,379,0.00263852242744063,0.0108101573220522,1.2440804599256
Ontario,2020-06-05T00:00:00.000,1,220,505,8581,8581,220,2020-06-05,1,505,0.00198019801980198,0.0105408530415063,1.23990392734932
Ontario,2020-06-06T00:00:00.000,1,221,236,8817,8817,221,2020-06-06,1,236,0.00423728813559322,0.0102872229467426,1.23672028573903
Ontario,2020-06-07T00:00:00.000,0,221,293,9110,9110,221,2020-06-07,0,293,0,0.0100484127331295,0
Ontario,2020-06-08T00:00:00.000,1,222,238,9348,9348,222,2020-06-08,1,238,0.00420168067226891,0.00982359239405058,1.2282137018549
Ontario,2020-06-09T00:00:00.000,0,222,403,9751,9751,222,2020-06-09,0,403,0,0.00961195729215518,0
Ontario,2020-06-10T00:00:00.000,7,229,520,10271,10271,229,2020-06-10,7,520,0.0134615384615385,0.00941272891419846,8.57694949287101
Ontario,2020-06-11T00:00:00.000,1,230,392,10663,10663,230,2020-06-11,1,392,0.00255102040816327,0.00922515536030956,1.22611537150747
Ontario,2020-06-12T00:00:00.000,0,230,337,11000,11000,230,2020-06-12,0,337,0,0.00904851161484012,0
Ontario,2020-06-13T00:00:00.000,3,233,420,11420,11420,233,2020-06-13,3,420,0.00714285714285714,0.00888209964176184,3.68028976407045
Ontario,2020-06-14T00:00:00.000,0,233,240,11660,11660,233,2020-06-14,0,240,0,0.00872524834321569,0
Ontario,2020-06-15T00:00:00.000,1,234,338,11998,11998,234,2020-06-15,1,338,0.0029585798816568,0.00857731341521051,1.22607594551876
Ontario,2020-06-16T00:00:00.000,0,234,319,12317,12317,234,2020-06-16,0,319,0,0.00843767712989183,0
Ontario,2020-06-17T00:00:00.000,1,235,214,12531,12531,235,2020-06-17,1,214,0.00467289719626168,0.00830574806919848,1.22410056460271
Ontario,2020-06-18T00:00:00.000,4,239,327,12858,12858,239,2020-06-18,4,327,0.0122324159021407,0.00818096083021499,4.89037091042567
Ontario,2020-06-19T00:00:00.000,0,239,354,13212,13212,239,2020-06-19,0,354,0,0.00806277571828114,0
Ontario,2020-06-20T00:00:00.000,1,240,271,13483,13483,240,2020-06-20,1,271,0.003690036900369,0.00795067843977627,1.21870609018684
Ontario,2020-06-21T00:00:00.000,2,242,271,13754,13754,242,2020-06-21,2,271,0.00738007380073801,0.00784417980272523,2.43268248159326
Ontario,2020-06-22T00:00:00.000,0,242,207,13961,13961,242,2020-06-22,0,207,0,0.00774281542987126,0
Ontario,2020-06-23T00:00:00.000,4,246,293,14254,14254,246,2020-06-23,4,293,0.0136518771331058,0.00764614548574346,4.84321543720872
Ontario,2020-06-24T00:00:00.000,2,248,261,14515,14515,248,2020-06-24,2,261,0.00766283524904215,0.00755375441640499,2.41529132117134
Ontario,2020-06-25T00:00:00.000,4,252,285,14800,14800,252,2020-06-25,4,285,0.0140350877192982,0.00746525069842092,4.81694987648002
Ontario,2020-06-26T00:00:00.000,2,254,408,15208,15208,254,2020-06-26,2,408,0.00490196078431373,0.00738026659140246,2.40117333514446
Ontario,2020-06-27T00:00:00.000,2,256,226,15434,15434,256,2020-06-27,2,226,0.00884955752212389,0.00729845788725439,2.39340153777206
Ontario,2020-06-28T00:00:00.000,1,257,302,15736,15736,257,2020-06-28,1,302,0.0033112582781457,0.00721950364808675,1.19258744573532
Ontario,2020-06-29T00:00:00.000,2,259,252,15988,15988,259,2020-06-29,2,252,0.00793650793650794,0.00714310592418016,2.37650912018202
Ontario,2020-06-30T00:00:00.000,6,265,268,16256,16256,265,2020-06-30,6,268,0.0223880597014925,0.00706898944329634,7.10226114525169
Ontario,2020-07-01T00:00:00.000,3,268,288,16544,16544,268,2020-07-01,3,288,0.0104166666666667,0.00699690126279607,3.53688797376645
Ontario,2020-07-02T00:00:00.000,7,275,301,16845,16845,275,2020-07-02,7,301,0.0232558139534884,0.00692661037666416,8.21814378538362
Ontario,2020-07-03T00:00:00.000,3,278,385,17230,17230,278,2020-07-03,3,385,0.00779220779220779,0.0068579072705622,3.50194387226481
Ontario,2020-07-04T00:00:00.000,2,280,241,17471,17471,280,2020-07-04,2,241,0.00829875518672199,0.00679060341913297,2.32716840215819
Ontario,2020-07-05T00:00:00.000,2,282,223,17694,17694,282,2020-07-05,2,223,0.00896860986547085,0.00672453072138713,2.31623317692248
Ontario,2020-07-06T00:00:00.000,1,283,406,18100,18100,283,2020-07-06,1,406,0.00246305418719212,0.00665954087155537,1.15270563386181
Ontario,2020-07-07T00:00:00.000,3,286,321,18421,18421,286,2020-07-07,3,321,0.00934579439252336,0.00659550466455791,3.44734038139269
Ontario,2020-07-08T00:00:00.000,4,290,370,18791,18791,290,2020-07-08,4,370,0.0108108108108108,0.00653231123708047,4.58065551596547
Ontario,2020-07-09T00:00:00.000,3,293,296,19087,19087,293,2020-07-09,3,296,0.0101351351351351,0.00646986724694294,3.42313810325251
Ontario,2020-07-10T00:00:00.000,3,296,474,19561,19561,296,2020-07-10,3,474,0.00632911392405063,0.00640809599523607,3.41035306959574
Ontario,2020-07-11T00:00:00.000,4,300,324,19885,19885,300,2020-07-11,4,324,0.0123456790123457,0.00634693649722862,4.52958935608308
Ontario,2020-07-12T00:00:00.000,2,302,241,20126,20126,302,2020-07-12,2,241,0.00829875518672199,0.00628634250941585,2.25580773684352
Ontario,2020-07-13T00:00:00.000,5,307,359,20485,20485,307,2020-07-13,5,359,0.0139275766016713,0.00622628152136675,5.61661532561823
Ontario,2020-07-14T00:00:00.000,5,312,386,20871,20871,312,2020-07-14,5,386,0.0129533678756477,0.00616673372180715,5.59337067384177
Ontario,2020-07-15T00:00:00.000,5,317,423,21294,21294,317,2020-07-15,5,423,0.0118203309692671,0.00610769094921746,5.56988115713864
Ontario,2020-07-16T00:00:00.000,2,319,393,21687,21687,319,2020-07-16,2,393,0.00508905852417303,0.00604915563747835,2.21849666679185
Ontario,2020-07-17T00:00:00.000,5,324,437,22124,22124,324,2020-07-17,5,437,0.011441647597254,0.00599113976731955,5.53021925569683
Ontario,2020-07-18T00:00:00.000,0,324,200,22324,22324,324,2020-07-18,0,200,0,0.00593366383414095,0
Ontario,2020-07-19T00:00:00.000,2,326,262,22586,22586,326,2020-07-19,2,262,0.00763358778625954,0.00587675584241625,2.2103768484451
Ontario,2020-07-20T00:00:00.000,3,329,391,22977,22977,329,2020-07-20,3,391,0.00767263427109974,0.00582045033624435,3.3121682825661
Ontario,2020-07-21T00:00:00.000,4,333,377,23354,23354,333,2020-07-21,4,377,0.0106100795755968,0.00576478747491786,4.40928948467863
Ontario,2020-07-22T00:00:00.000,1,334,427,23781,23781,334,2020-07-22,1,427,0.00234192037470726,0.00570981216125709,1.10002922667578
Ontario,2020-07-23T00:00:00.000,3,337,433,24214,24214,337,2020-07-23,3,433,0.0069284064665127,0.00565557322958244,3.29197686524918
Ontario,2020-07-24T00:00:00.000,1,338,450,24664,24664,338,2020-07-24,1,450,0.00222222222222222,0.00560212269886707,1.09883422150475
Ontario,2020-07-25T00:00:00.000,3,341,329,24993,24993,341,2020-07-25,3,329,0.00911854103343465,0.0055495150955034,3.29967235402609
Ontario,2020-07-26T00:00:00.000,2,343,210,25203,25203,343,2020-07-26,2,210,0.00952380952380952,0.00549780684887411,2.2001216453482
Ontario,2020-07-27T00:00:00.000,2,345,295,25498,25498,345,2020-07-27,2,295,0.00677966101694915,0.00544705576168386,2.19907871694954
Ontario,2020-07-28T00:00:00.000,2,347,373,25871,25871,347,2020-07-28,2,373,0.00536193029490617,0.00539732055586866,2.19663605404995
Ontario,2020-07-29T00:00:00.000,2,349,397,26268,26268,349,2020-07-29,2,397,0.00503778337531486,0.00534866049384627,2.19273887896124
Ontario,2020-07-30T00:00:00.000,0,349,579,26847,26847,349,2020-07-30,0,579,0,0.00530113507375367,0
Ontario,2020-07-31T00:00:00.000,0,349,393,27240,27240,349,2020-07-31,0,393,0,0.00525480379658271,0
Ontario,2020-08-01T00:00:00.000,0,349,273,27513,27513,349,2020-08-01,0,273,0,0.00520972600217838,0
Ontario,2020-08-02T00:00:00.000,2,351,221,27734,27734,351,2020-08-02,2,221,0.00904977375565611,0.00516596077049917,2.17615672646756
Ontario,2020-08-03T00:00:00.000,1,352,255,27989,27989,352,2020-08-03,1,255,0.00392156862745098,0.00512356688398698,1.08559005656987
Ontario,2020-08-04T00:00:00.000,0,352,370,28359,28359,352,2020-08-04,0,370,0,0.00508260284643599,0
Ontario,2020-08-05T00:00:00.000,3,355,414,28773,28773,355,2020-08-05,3,414,0.0072463768115942,0.00504312695346555,3.23821911459128
Ontario,2020-08-06T00:00:00.000,2,357,453,29226,29226,357,2020-08-06,2,453,0.00441501103752759,0.00500519740958278,2.15815725515944
Ontario,2020-08-07T00:00:00.000,0,357,273,29499,29499,357,2020-08-07,0,273,0,0.00496887248663325,0
Ontario,2020-08-08T00:00:00.000,3,360,365,29864,29864,360,2020-08-08,3,365,0.00821917808219178,0.00493421071852869,3.24412961657092
Ontario,2020-08-09T00:00:00.000,1,361,231,30095,30095,361,2020-08-09,1,231,0.00432900432900433,0.00490127112727153,1.08221554085407
Ontario,2020-08-10T00:00:00.000,1,362,346,30441,30441,362,2020-08-10,1,346,0.00289017341040462,0.00487011347537889,1.08281127545155
Ontario,2020-08-11T00:00:00.000,1,363,441,30882,30882,363,2020-08-11,1,441,0.00226757369614512,0.00484079854016833,1.0829548763176
Ontario,2020-08-12T00:00:00.000,2,365,471,31353,31353,365,2020-08-12,2,471,0.00424628450106157,0.00481338840561325,2.1652667481529
Ontario,2020-08-13T00:00:00.000,1,366,587,31940,31940,366,2020-08-13,1,587,0.00170357751277683,0.00478794676780504,1.08203856269378
Ontario,2020-08-14T00:00:00.000,1,367,417,32357,32357,367,2020-08-14,1,417,0.00239808153477218,0.00476453925046894,1.08269583984995
Ontario,2020-08-15T00:00:00.000,1,368,414,32771,32771,368,2020-08-15,1,414,0.00241545893719807,0.00474323372739236,1.08538285738026
Ontario,2020-08-16T00:00:00.000,1,369,306,33077,33077,369,2020-08-16,1,306,0.00326797385620915,0.00472410064892656,1.08795017948383
Ontario,2020-08-17T00:00:00.000,2,371,416,33493,33493,371,2020-08-17,2,416,0.00480769230769231,0.00470721337027077,2.17756219220595
Ontario,2020-08-18T00:00:00.000,0,371,499,33992,33992,371,2020-08-18,0,499,0,0.00469264847952343,0
Ontario,2020-08-19T00:00:00.000,2,373,535,34527,34527,373,2020-08-19,2,535,0.00373831775700935,0.00468048612387299,2.17928569544935
Ontario,2020-08-20T00:00:00.000,0,373,720,35247,35247,373,2020-08-20,0,720,0,0.00467081033271195,0
Ontario,2020-08-21T00:00:00.000,5,378,600,35847,35847,378,2020-08-21,5,600,0.00833333333333333,0.00466370933668147,5.45083695633609
Ontario,2020-08-22T00:00:00.000,3,381,466,36313,36313,381,2020-08-22,3,466,0.00643776824034335,0.00465927588189463,3.27086941872516
Ontario,2020-08-23T00:00:00.000,0,381,439,36752,36752,381,2020-08-23,0,439,0,0.00465760753891794,0
Ontario,2020-08-24T00:00:00.000,0,381,382,37134,37134,381,2020-08-24,0,382,0,0.00465880700604212,0
Ontario,2020-08-25T00:00:00.000,0,381,386,37520,37520,381,2020-08-25,0,386,0,0.00466298240662129,0
Ontario,2020-08-26T00:00:00.000,3,384,339,37859,37859,384,2020-08-26,3,339,0.00884955752212389,0.0046702475801467,3.28153361289903
Ontario,2020-08-27T00:00:00.000,1,385,456,38315,38315,385,2020-08-27,1,456,0.00219298245614035,0.0046807223667243,1.09298096583451
Ontario,2020-08-28T00:00:00.000,1,386,396,38711,38711,386,2020-08-28,1,396,0.00252525252525253,0.00469453288440545,1.09450702617327
Ontario,2020-08-29T00:00:00.000,3,389,394,39105,39105,389,2020-08-29,3,394,0.00761421319796954,0.00471181179869103,3.29333369039406
Ontario,2020-08-30T00:00:00.000,2,391,292,39397,39397,391,2020-08-30,2,292,0.00684931506849315,0.00473269858308932,2.20214944718561
Ontario,2020-08-31T00:00:00.000,2,393,218,39615,39615,393,2020-08-31,2,218,0.00917431192660551,0.00475733976933199,2.20877189722569
Ontario,2020-09-01T00:00:00.000,0,393,332,39947,39947,393,2020-09-01,0,332,0,0.00478588918530019,0
Ontario,2020-09-02T00:00:00.000,3,396,369,40316,40316,396,2020-09-02,3,369,0.00813008130081301,0.00481850817820757,3.33299707053579
Ontario,2020-09-03T00:00:00.000,2,398,626,40942,40942,398,2020-09-03,2,626,0.00319488817891374,0.00485536581990487,2.22854224888729
Ontario,2020-09-04T00:00:00.000,3,401,400,41342,41342,401,2020-09-04,3,400,0.0075,0.00489663909054349,3.35249388229021
Ontario,2020-09-05T00:00:00.000,4,405,450,41792,41792,405,2020-09-05,4,450,0.00888888888888889,0.00494251303601008,4.48264342841349
Ontario,2020-09-06T00:00:00.000,3,408,178,41970,41970,408,2020-09-06,3,178,0.0168539325842697,0.00499318089377875,3.37121864262163
Ontario,2020-09-07T00:00:00.000,5,413,211,42181,42181,413,2020-09-07,5,211,0.023696682464455,0.00504884418093473,5.63336352207663
Ontario,2020-09-08T00:00:00.000,8,421,452,42633,42633,421,2020-09-08,8,452,0.0176991150442478,0.00510971273730249,9.03439001575517
Ontario,2020-09-09T00:00:00.000,2,423,268,42901,42901,423,2020-09-09,2,268,0.00746268656716418,0.00517600471562565,2.26349071248062
Ontario,2020-09-10T00:00:00.000,4,427,311,43212,43212,427,2020-09-10,4,311,0.0128617363344051,0.00524794650998274,4.53594673942618
Ontario,2020-09-11T00:00:00.000,8,435,1003,44215,44215,435,2020-09-11,8,1003,0.00797607178464606,0.00532577261267658,9.1003707456679
Ontario,2020-09-12T00:00:00.000,4,439,284,44499,44499,439,2020-09-12,4,284,0.0140845070422535,0.00540972538912004,4.56719410774303
Ontario,2020-09-13T00:00:00.000,4,443,396,44895,44895,443,2020-09-13,4,396,0.0101010101010101,0.00550005475949392,4.58325841559176
Ontario,2020-09-14T00:00:00.000,1,444,311,45206,45206,444,2020-09-14,1,311,0.00321543408360129,0.00559701777546712,1.14956354489632
Ontario,2020-09-15T00:00:00.000,5,449,438,45644,45644,449,2020-09-15,5,438,0.0114155251141553,0.00570087807979944,5.76506607844197
Ontario,2020-09-16T00:00:00.000,3,452,373,46017,46017,452,2020-09-16,3,373,0.00804289544235925,0.00581190523654483,3.46839184174396
Ontario,2020-09-17T00:00:00.000,2,454,673,46690,46690,454,2020-09-17,2,673,0.00297176820208024,0.00593037391963867,2.31776441387635
Ontario,2020-09-18T00:00:00.000,2,456,520,47210,47210,456,2020-09-18,2,520,0.00384615384615385,0.00605656294804921,2.32246875714175
Ontario,2020-09-19T00:00:00.000,5,461,443,47653,47653,461,2020-09-19,5,443,0.0112866817155756,0.00619075415654487,5.81020405104803
Ontario,2020-09-20T00:00:00.000,3,464,266,47919,47919,464,2020-09-20,3,266,0.0112781954887218,0.00633323109218748,3.48570967093746
Ontario,2020-09-21T00:00:00.000,1,465,346,48265,48265,465,2020-09-21,1,346,0.00289017341040462,0.00648427752858641,1.16127647004296
Ontario,2020-09-22T00:00:00.000,1,466,414,48679,48679,466,2020-09-22,1,414,0.00241545893719807,0.00664417579194069,1.16015511952468
Ontario,2020-09-23T00:00:00.000,1,467,466,49145,49145,467,2020-09-23,1,466,0.00214592274678112,0.0068132048958904,1.15853694300089
Ontario,2020-09-24T00:00:00.000,2,469,562,49707,49707,469,2020-09-24,2,562,0.00355871886120996,0.00699163848555366,2.31284621865318
Ontario,2020-09-25T00:00:00.000,2,471,677,50384,50384,471,2020-09-25,2,677,0.00295420974889217,0.00717974259512404,2.31537055653713
Ontario,2020-09-26T00:00:00.000,2,473,542,50926,50926,473,2020-09-26,2,542,0.003690036900369,0.0073777732281999,2.32350417756697
Ontario,2020-09-27T00:00:00.000,1,474,294,51220,51220,474,2020-09-27,1,294,0.00340136054421769,0.0075859737752308,1.16531508892269
Ontario,2020-09-28T00:00:00.000,1,475,299,51519,51519,475,2020-09-28,1,299,0.00334448160535117,0.00780457228831799,1.16836689399886
Ontario,2020-09-29T00:00:00.000,0,475,453,51972,51972,475,2020-09-29,0,453,0,0.00803377864003804,0
Ontario,2020-09-30T00:00:00.000,6,481,798,52770,52770,481,2020-09-30,6,798,0.0075187969924812,0.00827378159954499,7.03755421680778
Ontario,2020-10-01T00:00:00.000,3,484,554,53324,53324,484,2020-10-01,3,554,0.00541516245487365,0.00852474586624511,3.52330706507709
Ontario,2020-10-02T00:00:00.000,2,486,551,53875,53875,486,2020-10-02,2,551,0.00362976406533575,0.00878680910829828,2.35087996597373
Ontario,2020-10-03T00:00:00.000,3,489,518,54393,54393,489,2020-10-03,3,518,0.00579150579150579,0.00906007905991148,3.52784277651045
Ontario,2020-10-04T00:00:00.000,2,491,195,54588,54588,491,2020-10-04,2,195,0.0102564102564103,0.00934463073782697,2.35194008780439
Ontario,2020-10-05T00:00:00.000,9,500,467,55055,55055,500,2020-10-05,9,467,0.019271948608137,0.00964050384300157,10.5796899671466
Ontario,2020-10-06T00:00:00.000,2,502,449,55504,55504,502,2020-10-06,2,449,0.0044543429844098,0.00994770041803847,2.34923302585051
Ontario,2020-10-07T00:00:00.000,3,505,440,55944,55944,505,2020-10-07,3,440,0.00681818181818182,0.0102661828342169,3.51982102854339
Ontario,2020-10-08T00:00:00.000,6,511,1130,57074,57074,511,2020-10-08,6,1130,0.00530973451327434,0.0105958721835712,7.02906859845175
Ontario,2020-10-09T00:00:00.000,1,512,521,57595,57595,512,2020-10-09,1,521,0.00191938579654511,0.0109366471511227,1.16923787977323
Ontario,2020-10-10T00:00:00.000,4,516,932,58527,58527,516,2020-10-10,4,932,0.00429184549356223,0.0112883434398966,4.66630601400395
Ontario,2020-10-11T00:00:00.000,3,519,417,58944,58944,519,2020-10-11,3,417,0.00719424460431655,0.0116507538163699,3.49072199996005
Ontario,2020-10-12T00:00:00.000,8,527,442,59386,59386,527,2020-10-12,8,442,0.0180995475113122,0.0120236288367375,9.28201679403386
Ontario,2020-10-13T00:00:00.000,5,532,421,59807,59807,532,2020-10-13,5,421,0.0118764845605701,0.0124066783042352,5.78316367012136
Ontario,2020-10-14T00:00:00.000,5,537,795,60602,60602,537,2020-10-14,5,795,0.00628930817610063,0.0127995734954965,5.76860585414251
Ontario,2020-10-15T00:00:00.000,12,549,598,61200,61200,549,2020-10-15,12,598,0.020066889632107,0.0132019501789773,13.8166491588767
Ontario,2020-10-16T00:00:00.000,10,559,721,61921,61921,559,2020-10-16,10,721,0.013869625520111,0.0136134124318342,11.5098823425899
Ontario,2020-10-17T00:00:00.000,17,576,436,62357,62357,576,2020-10-17,17,436,0.0389908256880734,0.0140335372430437,19.5665964321228
Ontario,2020-10-18T00:00:00.000,10,586,504,62861,62861,586,2020-10-18,10,504,0.0198412698412698,0.0144618798709411,11.5103958011876
Ontario,2020-10-19T00:00:00.000,12,598,421,63282,63282,598,2020-10-19,12,421,0.0285035629453682,0.0148979799032887,13.824134153348
Ontario,2020-10-20T00:00:00.000,5,603,496,63778,63778,603,2020-10-20,5,496,0.0100806451612903,0.0153413679475552,5.77087480375341
Ontario,2020-10-21T00:00:00.000,14,617,471,64249,64249,617,2020-10-21,14,471,0.029723991507431,0.0157915728599181,16.1865777954031
Ontario,2020-10-22T00:00:00.000,12,629,751,65000,65000,629,2020-10-22,12,751,0.0159786950732357,0.0162481294032916,13.901914343855
Ontario,2020-10-23T00:00:00.000,6,635,549,65549,65549,635,2020-10-23,6,549,0.0109289617486339,0.0167105862087173,6.96181600202195
Ontario,2020-10-24T00:00:00.000,9,644,427,65976,65976,644,2020-10-24,9,427,0.0210772833723653,0.0171785139011829,10.4544430624848
Ontario,2020-10-25T00:00:00.000,6,650,422,66398,66398,650,2020-10-25,6,422,0.014218009478673,0.0176515132403917,6.97436623252994
Ontario,2020-10-26T00:00:00.000,13,663,511,66909,66909,663,2020-10-26,13,511,0.025440313111546,0.0181292231206405,15.1147168262138
Ontario,2020-10-27T00:00:00.000,6,669,424,67333,67333,669,2020-10-27,6,424,0.0141509433962264,0.0186113282700622,6.97461752759324
Ontario,2020-10-28T00:00:00.000,10,679,643,67976,67976,679,2020-10-28,10,643,0.015552099533437,0.0190975664908176,11.6169841489577
Ontario,2020-10-29T00:00:00.000,18,697,676,68652,68652,697,2020-10-29,18,676,0.0266272189349112,0.0195877352849426,20.8884165472089
Ontario,2020-10-30T00:00:00.000,4,701,627,69279,69279,701,2020-10-30,4,627,0.00637958532695375,0.0200816977185937,4.63503164381025
Ontario,2020-10-31T00:00:00.000,9,710,464,69743,69743,710,2020-10-31,9,464,0.0193965517241379,0.0205793873865862,10.4092820195973
Ontario,2020-11-01T00:00:00.000,11,721,470,70213,70213,721,2020-11-01,11,470,0.0234042553191489,0.0210808123520335,12.693726540089
Ontario,2020-11-02T00:00:00.000,15,736,549,70762,70762,736,2020-11-02,15,549,0.0273224043715847,0.0215860579486575,17.2641915144695
Ontario,2020-11-03T00:00:00.000,9,745,455,71217,71217,745,2020-11-03,9,455,0.0197802197802198,0.0220952883480784,10.327731560188
Ontario,2020-11-04T00:00:00.000,13,758,826,72043,72043,758,2020-11-04,13,826,0.0157384987893462,0.0226087468081118,14.8686478375289
Ontario,2020-11-05T00:00:00.000,20,778,608,72651,72651,778,2020-11-05,20,608,0.0328947368421053,0.0231267545311144,22.7925048126011
Ontario,2020-11-06T00:00:00.000,16,794,653,73304,73304,794,2020-11-06,16,653,0.0245022970903522,0.0236497080730119,18.1633009757286
Ontario,2020-11-07T00:00:00.000,28,822,551,73855,73855,822,2020-11-07,28,551,0.0508166969147005,0.0241780752519048,31.6544926143387
Ontario,2020-11-08T00:00:00.000,7,829,255,74110,74110,829,2020-11-08,7,255,0.0274509803921569,0.0247123895117275,7.87860739490224
Ontario,2020-11-09T00:00:00.000,19,848,704,74814,74814,848,2020-11-09,19,704,0.0269886363636364,0.0252532426980911,21.292436484193
Ontario,2020-11-10T00:00:00.000,22,870,858,75672,75672,870,2020-11-10,22,858,0.0256410256410256,0.025801276202877,24.5902238133549
Ontario,2020-11-11T00:00:00.000,19,889,759,76431,76431,889,2020-11-11,19,759,0.0250329380764163,0.0263571704282406,21.2009415576801
Ontario,2020-11-12T00:00:00.000,23,912,747,77178,77178,912,2020-11-12,23,747,0.0307898259705489,0.0269216325124815,25.7066185936538
Ontario,2020-11-13T00:00:00.000,27,939,603,77781,77781,939,2020-11-13,27,603,0.0447761194029851,0.0274953822477378,30.2273200264772
Ontario,2020-11-14T00:00:00.000,16,955,446,78227,78227,955,2020-11-14,16,446,0.0358744394618834,0.0280791361038769,17.9421327514449
Ontario,2020-11-15T00:00:00.000,14,969,451,78678,78678,969,2020-11-15,14,451,0.0310421286031042,0.0286735892561257,15.7252081318086
Ontario,2020-11-16T00:00:00.000,17,986,604,79282,79282,986,2020-11-16,17,604,0.0281456953642384,0.0292793954946879,19.1260321625012
Ontario,2020-11-17T00:00:00.000,22,1008,652,79934,79934,1008,2020-11-17,22,652,0.0337423312883436,0.0298971448757437,24.7911929131599
Ontario,2020-11-18T00:00:00.000,14,1022,1434,81368,81368,1022,2020-11-18,14,1434,0.0097629009762901,0.0305273389555169,15.8012457765003
Orange,2020-03-01T00:00:00.000,0,0,0,0,0,0,2020-03-01,0,0,0,0.0597081234418348,0
Orange,2020-03-02T00:00:00.000,0,0,0,0,0,0,2020-03-02,0,0,0,0.065605185683858,0
Orange,2020-03-03T00:00:00.000,0,0,0,0,0,0,2020-03-03,0,0,0,0.0720368024816596,0
Orange,2020-03-04T00:00:00.000,0,0,0,0,0,0,2020-03-04,0,0,0,0.0790362613954246,0
Orange,2020-03-05T00:00:00.000,0,0,0,0,0,0,2020-03-05,0,0,0,0.0866331219322758,0
Orange,2020-03-06T00:00:00.000,0,0,0,0,0,0,2020-03-06,0,0,0,0.0948516966721804,0
Orange,2020-03-07T00:00:00.000,0,0,0,0,0,0,2020-03-07,0,0,0,0.103709416171473,0
Orange,2020-03-08T00:00:00.000,0,0,0,0,0,0,2020-03-08,0,0,0,0.113215140527788,0
Orange,2020-03-09T00:00:00.000,0,0,1,1,1,0,2020-03-09,0,1,0,0.123367500986465,0
Orange,2020-03-10T00:00:00.000,0,0,0,1,1,0,2020-03-10,0,0,0.125,0.134153372652455,0
Orange,2020-03-11T00:00:00.000,1,1,4,5,5,1,2020-03-11,1,4,0.25,0.145546591065856,1.51825785490435
Orange,2020-03-12T00:00:00.000,0,1,12,17,17,1,2020-03-12,0,12,0,0.157507028155539,0
Orange,2020-03-13T00:00:00.000,5,6,22,39,39,6,2020-03-13,5,22,0.227272727272727,0.169980134372648,7.375809706292
Orange,2020-03-14T00:00:00.000,0,6,12,51,51,6,2020-03-14,0,12,0,0.18289703236681,0
Orange,2020-03-15T00:00:00.000,5,11,36,87,87,11,2020-03-15,5,36,0.138888888888889,0.196175214002742,7.16869816278237
Orange,2020-03-16T00:00:00.000,4,15,36,123,123,15,2020-03-16,4,36,0.111111111111111,0.209719849239497,5.65504891277256
Orange,2020-03-17T00:00:00.000,17,32,83,206,206,32,2020-03-17,17,83,0.204819277108434,0.223425667130003,23.7036546954752
Orange,2020-03-18T00:00:00.000,19,51,94,300,300,51,2020-03-18,19,94,0.202127659574468,0.237179321519895,26.0870596276213
Orange,2020-03-19T00:00:00.000,33,84,180,480,480,84,2020-03-19,33,180,0.183333333333333,0.250862113457356,44.7238215937357
Orange,2020-03-20T00:00:00.000,79,163,377,857,857,163,2020-03-20,79,377,0.209549071618037,0.26435291403574,105.719835749649
Orange,2020-03-21T00:00:00.000,84,247,393,1250,1250,247,2020-03-21,84,393,0.213740458015267,0.277531119315473,110.855543758111
Orange,2020-03-22T00:00:00.000,142,389,472,1722,1722,389,2020-03-22,142,472,0.300847457627119,0.290279474044572,185.647168706649
Orange,2020-03-23T00:00:00.000,109,498,340,2062,2062,498,2020-03-23,109,340,0.320588235294118,0.302486621820228,142.298819368893
Orange,2020-03-24T00:00:00.000,140,638,298,2360,2360,638,2020-03-24,140,298,0.469798657718121,0.314049272269401,182.230138307867
Orange,2020-03-25T00:00:00.000,113,751,322,2682,2682,751,2020-03-25,113,322,0.350931677018634,0.324873915776303,146.427190665928
Orange,2020-03-26T00:00:00.000,160,911,394,3076,3076,911,2020-03-26,160,394,0.406091370558376,0.334878057713632,206.268761352849
Orange,2020-03-27T00:00:00.000,190,1101,498,3574,3574,1101,2020-03-27,190,498,0.381526104417671,0.343990982144749,245.597912301175
Orange,2020-03-28T00:00:00.000,146,1247,373,3947,3947,1247,2020-03-28,146,373,0.39142091152815,0.35215408587315,188.339373653946
Orange,2020-03-29T00:00:00.000,188,1435,394,4341,4341,1435,2020-03-29,188,394,0.477157360406091,0.359320845546544,241.710280633458
Orange,2020-03-30T00:00:00.000,121,1556,306,4647,4647,1556,2020-03-30,121,306,0.395424836601307,0.365456492556322,155.020353898691
Orange,2020-03-31T00:00:00.000,200,1756,477,5124,5124,1756,2020-03-31,200,477,0.419287211740042,0.370537473680369,255.848983050215
Orange,2020-04-01T00:00:00.000,237,1993,628,5752,5752,1993,2020-04-01,237,628,0.377388535031847,0.374550771233448,304.162453876997
Orange,2020-04-02T00:00:00.000,404,2397,1114,6866,6866,2397,2020-04-02,404,1114,0.362657091561939,0.377493147043807,519.806535553199
Orange,2020-04-03T00:00:00.000,344,2741,1046,7912,7912,2741,2020-04-03,344,1046,0.32887189292543,0.379370361883035,443.455975464036
Orange,2020-04-04T00:00:00.000,361,3102,1077,8989,8989,3102,2020-04-04,361,1077,0.33519034354689,0.380196408013278,466.000629146883
Orange,2020-04-05T00:00:00.000,295,3397,827,9816,9816,3397,2020-04-05,295,827,0.35671100362757,0.379992778692358,381.086941710783
Orange,2020-04-06T00:00:00.000,202,3599,604,10420,10420,3599,2020-04-06,202,604,0.334437086092715,0.378787785994776,261.023031969506
Orange,2020-04-07T00:00:00.000,266,3865,711,11131,11131,3865,2020-04-07,266,711,0.374120956399437,0.376615927929953,343.69626442132
Orange,2020-04-08T00:00:00.000,225,4090,578,11709,11709,4090,2020-04-08,225,578,0.389273356401384,0.373517297883035,290.634237002982
Orange,2020-04-09T00:00:00.000,442,4532,1335,13044,13044,4532,2020-04-09,442,1335,0.331086142322097,0.369537024097402,571.870955838936
Orange,2020-04-10T00:00:00.000,315,4847,879,13923,13923,4847,2020-04-10,315,879,0.358361774744027,0.364724724252504,407.971574898423
Orange,2020-04-11T00:00:00.000,180,5027,563,14486,14486,5027,2020-04-11,180,563,0.319715808170515,0.359133959741261,233.246551461073
Orange,2020-04-12T00:00:00.000,155,5182,492,14978,14978,5182,2020-04-12,155,492,0.315040650406504,0.352821676072854,200.871125140869
Orange,2020-04-13T00:00:00.000,396,5578,1161,16139,16139,5578,2020-04-13,396,1161,0.341085271317829,0.345847619059699,513.113499937854
Orange,2020-04-14T00:00:00.000,138,5716,341,16480,16480,5716,2020-04-14,138,341,0.404692082111437,0.338273721063027,178.981135837479
Orange,2020-04-15T00:00:00.000,172,5888,521,17001,17001,5888,2020-04-15,172,521,0.330134357005758,0.33016345665588,223.277141977138
Orange,2020-04-16T00:00:00.000,196,6084,512,17513,17513,6084,2020-04-16,196,512,0.3828125,0.321581172443506,254.64916531291
Orange,2020-04-17T00:00:00.000,182,6266,575,18088,18088,6266,2020-04-17,182,575,0.316521739130435,0.312591400653845,236.717691966295
Orange,2020-04-18T00:00:00.000,113,6379,411,18499,18499,6379,2020-04-18,113,411,0.274939172749392,0.303258170224744,147.448333360519
Orange,2020-04-19T00:00:00.000,103,6482,278,18777,18777,6482,2020-04-19,103,278,0.370503597122302,0.293644332063751,134.826437519358
Orange,2020-04-20T00:00:00.000,79,6561,298,19075,19075,6561,2020-04-20,79,298,0.26510067114094,0.283810916611393,103.731997327889
Orange,2020-04-21T00:00:00.000,129,6690,430,19505,19505,6690,2020-04-21,129,430,0.3,0.273816541909971,169.899147078358
Orange,2020-04-22T00:00:00.000,126,6816,399,19904,19904,6816,2020-04-22,126,399,0.315789473684211,0.26371688891206,166.437843702694
Orange,2020-04-23T00:00:00.000,339,7155,1213,21117,21117,7155,2020-04-23,339,1213,0.279472382522671,0.253564258064462,449.077466395285
Orange,2020-04-24T00:00:00.000,818,7973,2748,23865,23865,7973,2020-04-24,818,2748,0.297671033478894,0.243407217587937,1086.60146370313
Orange,2020-04-25T00:00:00.000,133,8106,643,24508,24508,8106,2020-04-25,133,643,0.206842923794712,0.233290349549442,177.139125878749
Orange,2020-04-26T00:00:00.000,132,8238,587,25095,25095,8238,2020-04-26,132,587,0.224872231686542,0.223254095381238,176.249503641349
Orange,2020-04-27T00:00:00.000,136,8374,645,25740,25740,8374,2020-04-27,136,645,0.210852713178295,0.213334698079887,182.021956642144
Orange,2020-04-28T00:00:00.000,114,8488,602,26342,26342,8488,2020-04-28,114,602,0.18936877076412,0.203564234447146,152.895388760048
Orange,2020-04-29T00:00:00.000,162,8650,880,27222,27222,8650,2020-04-29,162,880,0.184090909090909,0.193970727452506,217.678266497609
Orange,2020-04-30T00:00:00.000,101,8751,787,28009,28009,8751,2020-04-30,101,787,0.128335451080051,0.184578326384291,135.941795680908
Orange,2020-05-01T00:00:00.000,159,8910,839,28848,28848,8910,2020-05-01,159,839,0.189511323003576,0.175407540950871,214.32655062922
Orange,2020-05-02T00:00:00.000,57,8967,510,29358,29358,8967,2020-05-02,57,510,0.111764705882353,0.166475514803344,76.9327454441087
Orange,2020-05-03T00:00:00.000,48,9015,421,29779,29779,9015,2020-05-03,48,421,0.114014251781473,0.157796324122837,64.9575356902571
Orange,2020-05-04T00:00:00.000,129,9144,869,30648,30648,9144,2020-05-04,129,869,0.148446490218642,0.149381287738988,175.593643203128
Orange,2020-05-05T00:00:00.000,71,9215,509,31157,31157,9215,2020-05-05,71,509,0.139489194499018,0.141239276589364,96.9605470582834
Orange,2020-05-06T00:00:00.000,113,9328,1181,32338,32338,9328,2020-05-06,113,1181,0.0956816257408975,0.133377012126794,154.711119088854
Orange,2020-05-07T00:00:00.000,74,9402,842,33180,33180,9402,2020-05-07,74,842,0.0878859857482185,0.12579934524117,101.500401840343
Orange,2020-05-08T00:00:00.000,84,9486,690,33870,33870,9486,2020-05-08,84,690,0.121739130434783,0.11850950939619,115.187320432668
Orange,2020-05-09T00:00:00.000,57,9543,535,34405,34405,9543,2020-05-09,57,535,0.106542056074766,0.11150934379045,78.0929314206795
Orange,2020-05-10T00:00:00.000,41,9584,402,34807,34807,9584,2020-05-10,41,402,0.101990049751244,0.10479948435902,56.1058914761594
Orange,2020-05-11T00:00:00.000,48,9632,516,35323,35323,9632,2020-05-11,48,516,0.0930232558139535,0.0983795222739259,65.7969375489303
Orange,2020-05-12T00:00:00.000,61,9693,614,35937,35937,9693,2020-05-12,61,614,0.0993485342019544,0.0922481312206543,83.7973571648952
Orange,2020-05-13T00:00:00.000,78,9771,939,36876,36876,9771,2020-05-13,78,939,0.0830670926517572,0.0864031660619017,107.344929186328
Orange,2020-05-14T00:00:00.000,54,9825,766,37642,37642,9825,2020-05-14,54,766,0.0704960835509138,0.0808417365410124,74.422927217879
Orange,2020-05-15T00:00:00.000,54,9879,715,38357,38357,9879,2020-05-15,54,715,0.0755244755244755,0.0755602604197234,74.501075950107
Orange,2020-05-16T00:00:00.000,64,9943,662,39019,39019,9943,2020-05-16,64,662,0.0966767371601208,0.0705545008466296,88.568357124796
Orange,2020-05-17T00:00:00.000,22,9965,367,39386,39386,9965,2020-05-17,22,367,0.0599455040871935,0.0658195928870907,30.5515380220122
Orange,2020-05-18T00:00:00.000,23,9988,362,39748,39748,9988,2020-05-18,23,362,0.0635359116022099,0.0613500639618431,32.0272663729529
Orange,2020-05-19T00:00:00.000,55,10043,819,40567,40567,10043,2020-05-19,55,819,0.0671550671550672,0.0571398525608238,77.0091323138294
Orange,2020-05-20T00:00:00.000,49,10092,919,41486,41486,10092,2020-05-20,49,919,0.0533188248095756,0.0531823289673411,68.9383315231331
Orange,2020-05-21T00:00:00.000,50,10142,753,42239,42239,10142,2020-05-21,50,753,0.0664010624169987,0.0494703209915708,70.6318389765209
Orange,2020-05-22T00:00:00.000,55,10197,764,43003,43003,10197,2020-05-22,55,764,0.0719895287958115,0.0459961468617903,77.9143927006098
Orange,2020-05-23T00:00:00.000,28,10225,638,43641,43641,10225,2020-05-23,28,638,0.0438871473354232,0.0427516565416449,39.6036245623024
Orange,2020-05-24T00:00:00.000,19,10244,478,44119,44119,10244,2020-05-24,19,478,0.0397489539748954,0.0397282818990154,26.8050308425384
Orange,2020-05-25T00:00:00.000,33,10277,617,44736,44736,10277,2020-05-25,33,617,0.053484602917342,0.0369170953591847,46.3874258692198
Orange,2020-05-26T00:00:00.000,15,10292,528,45264,45264,10292,2020-05-26,15,528,0.0284090909090909,0.0343088760250025,20.9845613579176
Orange,2020-05-27T00:00:00.000,33,10325,1013,46277,46277,10325,2020-05-27,33,1013,0.0325765054294176,0.0318941817120502,45.9029291703287
Orange,2020-05-28T00:00:00.000,36,10361,868,47145,47145,10361,2020-05-28,36,868,0.0414746543778802,0.0296634249931189,49.7462056129664
Orange,2020-05-29T00:00:00.000,28,10389,776,47921,47921,10389,2020-05-29,28,776,0.0360824742268041,0.0276069511439051,38.4043843822102
Orange,2020-05-30T00:00:00.000,17,10406,683,48604,48604,10406,2020-05-30,17,683,0.0248901903367496,0.025715115838116,23.1257456364057
Orange,2020-05-31T00:00:00.000,16,10422,713,49317,49317,10422,2020-05-31,16,713,0.0224403927068724,0.0239783605310602,21.578360274018
Orange,2020-06-01T00:00:00.000,27,10449,1027,50344,50344,10449,2020-06-01,27,1027,0.0262901655306719,0.0223872836789352,36.1897235808218
Orange,2020-06-02T00:00:00.000,11,10460,842,51186,51186,10460,2020-06-02,11,842,0.0130641330166271,0.0209327062231587,14.6459694208521
Orange,2020-06-03T00:00:00.000,11,10471,941,52127,52127,10471,2020-06-03,11,941,0.0116896918172157,0.019605730110241,14.5418299318121
Orange,2020-06-04T00:00:00.000,13,10484,978,53105,53105,10484,2020-06-04,13,978,0.0132924335378323,0.0183977889816427,17.0563140199348
Orange,2020-06-05T00:00:00.000,24,10508,1157,54262,54262,10508,2020-06-05,24,1157,0.020743301642178,0.0173006905229776,31.2692917964836
Orange,2020-06-06T00:00:00.000,6,10514,847,55109,55109,10514,2020-06-06,6,847,0.00708382526564345,0.0163066502990343,7.77014986907451
Orange,2020-06-07T00:00:00.000,9,10523,827,55936,55936,10523,2020-06-07,9,827,0.0108827085852479,0.0154083171958791,11.5811779311376
Orange,2020-06-08T00:00:00.000,10,10533,957,56893,56893,10533,2020-06-08,10,957,0.0104493207941484,0.0145987908339553,12.7784622181163
Orange,2020-06-09T00:00:00.000,8,10541,937,57830,57830,10541,2020-06-09,8,937,0.00853788687299893,0.0138716315027843,10.158663300683
Orange,2020-06-10T00:00:00.000,9,10550,1056,58886,58886,10550,2020-06-10,9,1056,0.00852272727272727,0.0132208633003785,11.4085841058304
Orange,2020-06-11T00:00:00.000,8,10558,1048,59934,59934,10558,2020-06-11,8,1048,0.00763358778625954,0.0126409712355222,10.1228313062015
Orange,2020-06-12T00:00:00.000,5,10563,967,60901,60901,10563,2020-06-12,5,967,0.00517063081695967,0.0121268930780144,6.31529048384939
Orange,2020-06-13T00:00:00.000,8,10571,655,61556,61556,10571,2020-06-13,8,655,0.0122137404580153,0.0116740067280267,10.0860513728238
Orange,2020-06-14T00:00:00.000,2,10573,810,62366,62366,10573,2020-06-14,2,810,0.00246913580246914,0.0112781138262899,2.51694116173798
Orange,2020-06-15T00:00:00.000,7,10580,758,63124,63124,10580,2020-06-15,7,758,0.00923482849604222,0.0109354202525734,8.79354179109723
Orange,2020-06-16T00:00:00.000,19,10599,744,63868,63868,10599,2020-06-16,19,744,0.0255376344086022,0.0106425140663739,23.8264343901608
Orange,2020-06-17T00:00:00.000,5,10604,793,64661,64661,10604,2020-06-17,5,793,0.00630517023959647,0.0103963413401808,6.25946593402938
Orange,2020-06-18T00:00:00.000,16,10620,1197,65858,65858,10620,2020-06-18,16,1197,0.0133667502088555,0.0101941802280919,19.9966198391665
Orange,2020-06-19T00:00:00.000,18,10638,646,66504,66504,10638,2020-06-19,18,646,0.0278637770897833,0.0100336135053743,22.460092998365
Orange,2020-06-20T00:00:00.000,10,10648,698,67202,67202,10648,2020-06-20,10,698,0.0143266475644699,0.00991249971612781,12.458819137619
Orange,2020-06-21T00:00:00.000,6,10654,577,67779,67779,10654,2020-06-21,6,577,0.0103986135181976,0.00982894297826248,7.46453244322786
Orange,2020-06-22T00:00:00.000,12,10666,1239,69018,69018,10666,2020-06-22,12,1239,0.00968523002421308,0.00978126142412579,14.9088418000743
Orange,2020-06-23T00:00:00.000,3,10669,502,69520,69520,10669,2020-06-23,3,502,0.00597609561752988,0.00976795420465741,3.72246957695743
Orange,2020-06-24T00:00:00.000,10,10679,912,70432,70432,10679,2020-06-24,10,912,0.0109649122807018,0.00978766696108585,12.393419704815
Orange,2020-06-25T00:00:00.000,19,10698,887,71319,71319,10698,2020-06-25,19,887,0.0214205186020293,0.00983915566993923,23.5210703219631
Orange,2020-06-26T00:00:00.000,12,10710,1012,72331,72331,10710,2020-06-26,12,1012,0.0118577075098814,0.00992124880859747,14.8396682259285
Orange,2020-06-27T00:00:00.000,3,10713,508,72839,72839,10713,2020-06-27,3,508,0.00590551181102362,0.0100328078602758,3.70617535373907
Orange,2020-06-28T00:00:00.000,3,10716,459,73298,73298,10716,2020-06-28,3,459,0.0065359477124183,0.0101726862938062,3.70257887669069
Orange,2020-06-29T00:00:00.000,7,10723,734,74032,74032,10723,2020-06-29,7,734,0.00953678474114441,0.0103396873088594,8.63116782478202
Orange,2020-06-30T00:00:00.000,7,10730,638,74670,74670,10730,2020-06-30,7,638,0.0109717868338558,0.0105325208313923,8.6230504296378
Orange,2020-07-01T00:00:00.000,14,10744,702,75372,75372,10744,2020-07-01,14,702,0.0199430199430199,0.0107497604754422,17.2296870599705
Orange,2020-07-02T00:00:00.000,15,10759,1204,76576,76576,10759,2020-07-02,15,1204,0.0124584717607973,0.0109898014443021,18.4422482259132
Orange,2020-07-03T00:00:00.000,7,10766,923,77499,77499,10766,2020-07-03,7,923,0.0075839653304442,0.0112508206138887,8.58588813088265
Orange,2020-07-04T00:00:00.000,9,10775,885,78384,78384,10775,2020-07-04,9,885,0.0101694915254237,0.0115307403097173,11.0416812960992
Orange,2020-07-05T00:00:00.000,6,10781,622,79006,79006,10781,2020-07-05,6,622,0.00964630225080386,0.0118271975254095,7.35233893788241
Orange,2020-07-06T00:00:00.000,17,10798,642,79648,79648,10798,2020-07-06,17,642,0.0264797507788162,0.0121375205154648,20.8082667196499
Orange,2020-07-07T00:00:00.000,8,10806,734,80382,80382,10806,2020-07-07,8,734,0.0108991825613079,0.0124587147923877,9.79660099621493
Orange,2020-07-08T00:00:00.000,4,10810,866,81248,81248,10810,2020-07-08,4,866,0.0046189376443418,0.0127874605386186,4.89890904266
Orange,2020-07-09T00:00:00.000,10,10820,959,82207,82207,10820,2020-07-09,10,959,0.0104275286757039,0.0131201232820695,12.2463712391119
Orange,2020-07-10T00:00:00.000,10,10830,1007,83214,83214,10830,2020-07-10,10,1007,0.0099304865938431,0.0134527793538792,12.2429588444088
Orange,2020-07-11T00:00:00.000,5,10835,847,84061,84061,10835,2020-07-11,5,847,0.00590318772136954,0.0137812571438648,6.1184485557245
Orange,2020-07-12T00:00:00.000,6,10841,605,84666,84666,10841,2020-07-12,6,605,0.00991735537190083,0.0141011944951403,7.33684126155108
Orange,2020-07-13T00:00:00.000,9,10850,914,85580,85580,10850,2020-07-13,9,914,0.00984682713347921,0.0144081117540796,10.9947413540554
Orange,2020-07-14T00:00:00.000,28,10878,947,86527,86527,10878,2020-07-14,28,947,0.0295670538542767,0.0146974990655931,34.1649234980887
Orange,2020-07-15T00:00:00.000,17,10895,796,87323,87323,10895,2020-07-15,17,796,0.021356783919598,0.0149649155229203,20.7130745133607
Orange,2020-07-16T00:00:00.000,13,10908,1081,88404,88404,10908,2020-07-16,13,1081,0.0120259019426457,0.0152060968348729,15.8126419251464
Orange,2020-07-17T00:00:00.000,13,10921,796,89200,89200,10921,2020-07-17,13,796,0.0163316582914573,0.0154170673320008,15.8039239008016
Orange,2020-07-18T00:00:00.000,10,10931,596,89796,89796,10931,2020-07-18,10,596,0.0167785234899329,0.0155942514897377,12.1803680538021
Orange,2020-07-19T00:00:00.000,7,10938,417,90213,90213,10938,2020-07-19,7,417,0.0167865707434053,0.0157345797714699,8.53701643592646
Orange,2020-07-20T00:00:00.000,15,10953,864,91077,91077,10953,2020-07-20,15,864,0.0173611111111111,0.0158355835489369,18.3041744732199
Orange,2020-07-21T00:00:00.000,7,10960,670,91747,91747,10960,2020-07-21,7,670,0.0104477611940299,0.0158954741670944,8.53995692185678
Orange,2020-07-22T00:00:00.000,8,10968,831,92578,92578,10968,2020-07-22,8,831,0.00962695547533093,0.0159132018964019,9.75007117940694
Orange,2020-07-23T00:00:00.000,8,10976,974,93552,93552,10976,2020-07-23,8,974,0.0082135523613963,0.0158884915046484,9.73388274431949
Orange,2020-07-24T00:00:00.000,18,10994,972,94524,94524,10994,2020-07-24,18,972,0.0185185185185185,0.0158218524362333,21.9429570380308
Orange,2020-07-25T00:00:00.000,4,10998,418,94942,94942,10998,2020-07-25,4,418,0.00956937799043062,0.0157145629969368,4.88218555942874
Orange,2020-07-26T00:00:00.000,12,11010,634,95576,95576,11010,2020-07-26,12,634,0.0189274447949527,0.0155686294062538,14.648866947708
Orange,2020-07-27T00:00:00.000,14,11024,792,96368,96368,11024,2020-07-27,14,792,0.0176767676767677,0.0153867219771724,17.0780092303024
Orange,2020-07-28T00:00:00.000,10,11034,648,97016,97016,11034,2020-07-28,10,648,0.0154320987654321,0.0151720919026273,12.1790899245863
Orange,2020-07-29T00:00:00.000,38,11072,2123,99139,99139,11072,2020-07-29,38,2123,0.0178991992463495,0.0149284730779328,46.1655010782783
Orange,2020-07-30T00:00:00.000,10,11082,712,99851,99851,11082,2020-07-30,10,712,0.0140449438202247,0.0146599740097918,12.1077859297536
Orange,2020-07-31T00:00:00.000,6,11088,986,100837,100837,11088,2020-07-31,6,986,0.00608519269776876,0.0143709651112194,7.24008688200457
Orange,2020-08-01T00:00:00.000,5,11093,585,101422,101422,11093,2020-08-01,5,585,0.00854700854700855,0.0140659665791722,6.01992822721272
Orange,2020-08-02T00:00:00.000,3,11096,583,102005,102005,11096,2020-08-02,3,583,0.00514579759862779,0.0137495416161625,3.59993899004395
Orange,2020-08-03T00:00:00.000,9,11105,1050,103055,103055,11105,2020-08-03,9,1050,0.00857142857142857,0.013426199061056,10.7583689351161
Orange,2020-08-04T00:00:00.000,8,11113,659,103714,103714,11113,2020-08-04,8,659,0.0121396054628225,0.0131003086136429,9.52172590162857
Orange,2020-08-05T00:00:00.000,14,11127,848,104562,104562,11127,2020-08-05,14,848,0.0165094339622642,0.0127760308562884,16.5837452621414
Orange,2020-08-06T00:00:00.000,2,11129,734,105296,105296,11129,2020-08-06,2,734,0.00272479564032698,0.0124572632782235,2.3641946475809
Orange,2020-08-07T00:00:00.000,27,11156,1153,106449,106449,11156,2020-08-07,27,1153,0.023417172593235,0.0121476025741754,31.8962514788175
Orange,2020-08-08T00:00:00.000,3,11159,644,107093,107093,11159,2020-08-08,3,644,0.0046583850931677,0.011850322667144,3.54119176910334
Orange,2020-08-09T00:00:00.000,9,11168,543,107636,107636,11168,2020-08-09,9,543,0.0165745856353591,0.011568367241113,10.6133530123679
Orange,2020-08-10T00:00:00.000,12,11180,1202,108838,108838,11180,2020-08-10,12,1202,0.00998336106489185,0.011304355084139,14.1352888166791
Orange,2020-08-11T00:00:00.000,11,11191,990,109828,109828,11191,2020-08-11,11,990,0.0111111111111111,0.0110605962287188,12.9386569788485
Orange,2020-08-12T00:00:00.000,19,11210,904,110732,110732,11210,2020-08-12,19,904,0.0210176991150442,0.0108391167308252,22.309472948781
Orange,2020-08-13T00:00:00.000,7,11217,1055,111787,111787,11217,2020-08-13,7,1055,0.00663507109004739,0.01064168992209,8.20402372361222
Orange,2020-08-14T00:00:00.000,12,11229,1349,113136,113136,11229,2020-08-14,12,1349,0.00889547813194959,0.0104698720707462,14.0565829801003
Orange,2020-08-15T00:00:00.000,25,11254,858,113994,113994,11254,2020-08-15,25,858,0.0291375291375291,0.0103250405650827,29.3295021255274
Orange,2020-08-16T00:00:00.000,2,11256,662,114656,114656,11256,2020-08-16,2,662,0.00302114803625378,0.0102084329587061,2.35019012836087
Orange,2020-08-17T00:00:00.000,13,11269,942,115598,115598,11269,2020-08-17,13,942,0.0138004246284501,0.0101211854528487,15.2802575353933
Orange,2020-08-18T00:00:00.000,13,11282,1068,116666,116666,11282,2020-08-18,13,1068,0.0121722846441948,0.0100643696258013,15.2825921622926
Orange,2020-08-19T00:00:00.000,10,11292,1080,117746,117746,11292,2020-08-19,10,1080,0.00925925925925926,0.0100390264258628,11.7604580223514
Orange,2020-08-20T00:00:00.000,24,11316,1128,118874,118874,11316,2020-08-20,24,1128,0.0212765957446809,0.0100461966120306,28.2435198036059
Orange,2020-08-21T00:00:00.000,12,11328,1315,120189,120189,11328,2020-08-21,12,1315,0.0091254752851711,0.0100869469533401,14.1311419702422
Orange,2020-08-22T00:00:00.000,6,11334,940,121129,121129,11334,2020-08-22,6,940,0.00638297872340425,0.0101623915765737,7.07230451325498
Orange,2020-08-23T00:00:00.000,9,11343,587,121716,121716,11343,2020-08-23,9,587,0.0153321976149915,0.010273707882969,10.6383663360485
Orange,2020-08-24T00:00:00.000,11,11354,671,122387,122387,11354,2020-08-24,11,671,0.0163934426229508,0.010422146453788,13.0368074613812
Orange,2020-08-25T00:00:00.000,12,11366,798,123185,123185,11366,2020-08-25,12,798,0.0150375939849624,0.010609034325125,14.25337543991
Orange,2020-08-26T00:00:00.000,16,11382,873,124058,124058,11382,2020-08-26,16,873,0.0183276059564719,0.0108357709607744,19.0382741483137
Orange,2020-08-27T00:00:00.000,17,11399,1435,125493,125493,11399,2020-08-27,17,1435,0.0118466898954704,0.0111038161912297,20.2571086932035
Orange,2020-08-28T00:00:00.000,11,11410,1140,126633,126633,11410,2020-08-28,11,1140,0.00964912280701754,0.0114146693421069,13.1582560746106
Orange,2020-08-29T00:00:00.000,8,11418,1565,128198,128198,11418,2020-08-29,8,1565,0.00511182108626198,0.0117698387578774,9.624157618898
Orange,2020-08-30T00:00:00.000,15,11433,668,128866,128866,11433,2020-08-30,15,668,0.0224550898203593,0.0121708009686589,18.1521922925646
Orange,2020-08-31T00:00:00.000,12,11445,829,129695,129695,11445,2020-08-31,12,829,0.014475271411339,0.012618948860105,14.6105989364404
Orange,2020-09-01T00:00:00.000,15,11460,1787,131482,131482,11460,2020-09-01,15,1787,0.00839395635142697,0.0131155284239607,18.3778730285281
Orange,2020-09-02T00:00:00.000,18,11478,1105,132587,132587,11478,2020-09-02,18,1105,0.016289592760181,0.0136615640032806,22.1944794946141
Orange,2020-09-03T00:00:00.000,9,11487,1220,133807,133807,11487,2020-09-03,9,1220,0.00737704918032787,0.0142577724258166,11.1690531559007
Orange,2020-09-04T00:00:00.000,17,11504,1095,134902,134902,11504,2020-09-04,17,1095,0.0155251141552511,0.0149044670453459,21.234277872736
Orange,2020-09-05T00:00:00.000,11,11515,944,135846,135846,11515,2020-09-05,11,944,0.0116525423728814,0.0156014534900829,13.8289310691442
Orange,2020-09-06T00:00:00.000,10,11525,654,136500,136500,11525,2020-09-06,10,654,0.0152905198776758,0.0163479198253872,12.652437045731
Orange,2020-09-07T00:00:00.000,10,11535,651,137151,137151,11535,2020-09-07,10,651,0.0153609831029186,0.0171423248439721,12.7316751265379
Orange,2020-09-08T00:00:00.000,17,11552,891,138042,138042,11552,2020-09-08,17,891,0.0190796857463524,0.0179822892354567,21.7722152309084
Orange,2020-09-09T00:00:00.000,20,11572,973,139015,139015,11572,2020-09-09,20,973,0.0205549845837616,0.018864495384574,25.7598760967598
Orange,2020-09-10T00:00:00.000,22,11594,1354,140369,140369,11594,2020-09-10,22,1354,0.0162481536189069,0.0197846023875403,28.48816189077
Orange,2020-09-11T00:00:00.000,17,11611,1222,141591,141591,11611,2020-09-11,17,1222,0.013911620294599,0.0207371834556772,22.1541317966885
Orange,2020-09-12T00:00:00.000,24,11635,798,142389,142389,11635,2020-09-12,24,798,0.0300751879699248,0.021715693057699,31.489123161921
Orange,2020-09-13T00:00:00.000,17,11652,759,143148,143148,11652,2020-09-13,17,759,0.0223978919631094,0.0227124708343822,22.4467263211695
Orange,2020-09-14T00:00:00.000,24,11676,1534,144682,144682,11676,2020-09-14,24,1534,0.015645371577575,0.0237187884036763,31.8755587360886
Orange,2020-09-15T00:00:00.000,35,11711,816,145498,145498,11711,2020-09-15,35,816,0.0428921568627451,0.0247249436283935,46.7327873664214
Orange,2020-09-16T00:00:00.000,23,11734,1112,146610,146610,11734,2020-09-16,23,1112,0.0206834532374101,0.0257204047443427,30.8553633303012
Orange,2020-09-17T00:00:00.000,26,11760,1228,147838,147838,11760,2020-09-17,26,1228,0.0211726384364821,0.0266940040387374,35.0223922128878
Orange,2020-09-18T00:00:00.000,30,11790,1413,149251,149251,11790,2020-09-18,30,1413,0.0212314225053079,0.0276341776784252,40.5474148514455
Orange,2020-09-19T00:00:00.000,22,11812,916,150167,150167,11812,2020-09-19,22,916,0.0240174672489083,0.0285292450322361,29.7850774298655
Orange,2020-09-20T00:00:00.000,10,11822,724,150891,150891,11822,2020-09-20,10,724,0.0138121546961326,0.029367717696237,13.5454813540919
Orange,2020-09-21T00:00:00.000,13,11835,1278,152169,152169,11835,2020-09-21,13,1278,0.0101721439749609,0.0301386256766201,17.603748841179
Orange,2020-09-22T00:00:00.000,16,11851,845,153014,153014,11851,2020-09-22,16,845,0.0189349112426036,0.0308318461322646,21.6417255399575
Orange,2020-09-23T00:00:00.000,39,11890,1507,154521,154521,11890,2020-09-23,39,1507,0.0258792302587923,0.0314384189211196,52.6484292514802
Orange,2020-09-24T00:00:00.000,65,11955,1592,156113,156113,11955,2020-09-24,65,1592,0.0408291457286432,0.0319508331246949,87.5024958577197
Orange,2020-09-25T00:00:00.000,59,12014,1462,157575,157575,12014,2020-09-25,59,1462,0.0403556771545828,0.0323632697937906,79.4029932270999
Orange,2020-09-26T00:00:00.000,22,12036,1205,158780,158780,12036,2020-09-26,22,1205,0.0182572614107884,0.0326717883137983,29.6593004364307
Orange,2020-09-27T00:00:00.000,26,12062,566,159346,159346,12062,2020-09-27,26,566,0.0459363957597173,0.0328744468950521,35.08338017423
Orange,2020-09-28T00:00:00.000,60,12122,1497,160843,160843,12122,2020-09-28,60,1497,0.0400801603206413,0.0329713514964827,80.967225424023
Orange,2020-09-29T00:00:00.000,21,12143,1121,161964,161964,12143,2020-09-29,21,1121,0.0187332738626227,0.0329646316784408,28.3173985990183
Orange,2020-09-30T00:00:00.000,56,12199,1405,163369,163369,12199,2020-09-30,56,1405,0.0398576512455516,0.0328583461252952,75.3967620004485
Orange,2020-10-01T00:00:00.000,74,12273,1595,164964,164964,12273,2020-10-01,74,1595,0.0463949843260188,0.032658324518435,99.4013323532295
Orange,2020-10-02T00:00:00.000,87,12360,1425,166389,166389,12360,2020-10-02,87,1425,0.0610526315789474,0.0323719557898554,116.507393576254
Orange,2020-10-03T00:00:00.000,34,12394,875,167264,167264,12394,2020-10-03,34,875,0.0388571428571429,0.0320079353046417,45.3606690469759
Orange,2020-10-04T00:00:00.000,44,12438,945,168209,168209,12438,2020-10-04,44,945,0.0465608465608466,0.0315759850490248,58.4424496943092
Orange,2020-10-05T00:00:00.000,55,12493,1702,169911,169911,12493,2020-10-05,55,1702,0.0323149236192714,0.0310865613973326,72.6842672424002
Orange,2020-10-06T00:00:00.000,70,12563,1790,171701,171701,12563,2020-10-06,70,1790,0.0391061452513966,0.0305505645338021,91.9864367704391
Orange,2020-10-07T00:00:00.000,101,12664,2622,174323,174323,12664,2020-10-07,101,2622,0.0385202135774218,0.0299790622366492,131.905105485166
Orange,2020-10-08T00:00:00.000,84,12748,2324,176647,176647,12748,2020-10-08,84,2324,0.036144578313253,0.0293830386866331,108.973730161551
Orange,2020-10-09T00:00:00.000,50,12798,2234,178881,178881,12798,2020-10-09,50,2234,0.0223813786929275,0.0287731764677597,64.3996106861689
Orange,2020-10-10T00:00:00.000,44,12842,1789,180670,180670,12842,2020-10-10,44,1789,0.0245947456679709,0.0281596772217336,56.2426334155791
Orange,2020-10-11T00:00:00.000,27,12869,1170,181840,181840,12869,2020-10-11,27,1170,0.0230769230769231,0.027552123734453,34.2403249822681
Orange,2020-10-12T00:00:00.000,61,12930,2106,183946,183946,12930,2020-10-12,61,2106,0.0289648622981956,0.0269593837535648,76.7272508814116
Orange,2020-10-13T00:00:00.000,53,12983,1848,185794,185794,12983,2020-10-13,53,1848,0.0286796536796537,0.02638955372437,66.1072362890061
Orange,2020-10-14T00:00:00.000,50,13033,1914,187708,187708,13033,2020-10-14,50,1914,0.0261233019853709,0.0258499389576684,61.8866919329536
Orange,2020-10-15T00:00:00.000,65,13098,2966,190674,190674,13098,2020-10-15,65,2966,0.0219150370869858,0.0253470655651476,79.8847352689855
Orange,2020-10-16T00:00:00.000,41,13139,1930,192604,192604,13139,2020-10-16,41,1930,0.0212435233160622,0.0248867187879999,50.1250483703001
Orange,2020-10-17T00:00:00.000,30,13169,2291,194895,194895,13169,2020-10-17,30,2291,0.013094718463553,0.02447400207002,36.5040797914522
Orange,2020-10-18T00:00:00.000,13,13182,1107,196002,196002,13182,2020-10-18,13,1107,0.011743450767841,0.0241134113037138,15.7484204289746
Orange,2020-10-19T00:00:00.000,36,13218,1970,197972,197972,13218,2020-10-19,36,1970,0.0182741116751269,0.0238089190234874,43.4630724477041
Orange,2020-10-20T00:00:00.000,40,13258,2107,200079,200079,13258,2020-10-20,40,2107,0.018984337921215,0.0235640638541609,48.1914784495859
Orange,2020-10-21T00:00:00.000,45,13303,2056,202135,202135,13303,2020-10-21,45,2056,0.0218871595330739,0.0233820411463044,54.110957661159
Orange,2020-10-22T00:00:00.000,39,13342,2644,204779,204779,13342,2020-10-22,39,2644,0.014750378214826,0.0232657913907799,46.8327236013561
Orange,2020-10-23T00:00:00.000,71,13413,2452,207231,207231,13413,2020-10-23,71,2452,0.0289559543230016,0.0232180836356808,85.1359737766156
Orange,2020-10-24T00:00:00.000,44,13457,2062,209293,209293,13457,2020-10-24,44,2062,0.0213385063045587,0.0232415916950004,52.6791909465929
Orange,2020-10-25T00:00:00.000,18,13475,1113,210406,210406,13475,2020-10-25,18,1113,0.0161725067385445,0.0233389614238336,21.5157238732525
Orange,2020-10-26T00:00:00.000,73,13548,2724,213130,213130,13548,2020-10-26,73,2724,0.026798825256975,0.0235128677147325,87.110832367712
Orange,2020-10-27T00:00:00.000,49,13597,2001,215131,215131,13597,2020-10-27,49,2001,0.024487756121939,0.0237660601778304,58.3691284783794
Orange,2020-10-28T00:00:00.000,75,13672,2918,218049,218049,13672,2020-10-28,75,2918,0.0257025359835504,0.0241013966773049,89.178687888199
Orange,2020-10-29T00:00:00.000,71,13743,2980,221029,221029,13743,2020-10-29,71,2980,0.0238255033557047,0.0245218640790668,84.2652063223443
Orange,2020-10-30T00:00:00.000,87,13830,2916,223945,223945,13830,2020-10-30,87,2916,0.0298353909465021,0.0250305856999801,103.057362458617
Orange,2020-10-31T00:00:00.000,59,13889,1799,225744,225744,13889,2020-10-31,59,1799,0.0327959977765425,0.0256308151161175,69.7530616673762
Orange,2020-11-01T00:00:00.000,44,13933,1540,227284,227284,13933,2020-11-01,44,1540,0.0285714285714286,0.0263259161792367,51.9157036405199
Orange,2020-11-02T00:00:00.000,65,13998,2871,230155,230155,13998,2020-11-02,65,2871,0.0226401950539882,0.0271193293863384,76.5383161348939
Orange,2020-11-03T00:00:00.000,57,14055,1764,231919,231919,14055,2020-11-03,57,1764,0.032312925170068,0.028014525144134,66.9800776346674
Orange,2020-11-04T00:00:00.000,80,14135,2663,234582,234582,14135,2020-11-04,80,2663,0.0300413067968457,0.0290149450284524,93.8107560780406
Orange,2020-11-05T00:00:00.000,86,14221,2453,237035,237035,14221,2020-11-05,86,2453,0.0350591112922952,0.0301239328682656,100.632951112447
Orange,2020-11-06T00:00:00.000,80,14301,2860,239895,239895,14301,2020-11-06,80,2860,0.027972027972028,0.0313446583954765,93.4111157440775
Orange,2020-11-07T00:00:00.000,68,14369,2626,242521,242521,14369,2020-11-07,68,2626,0.0258948971820259,0.0326800373096429,79.2268373859694
Orange,2020-11-08T00:00:00.000,96,14465,2728,245249,245249,14465,2020-11-08,96,2728,0.0351906158357771,0.0341326528576053,111.595885520057
Orange,2020-11-09T00:00:00.000,88,14553,3701,248950,248950,14553,2020-11-09,88,3701,0.0237773574709538,0.0357046854141356,102.092828795549
Orange,2020-11-10T00:00:00.000,148,14701,2695,251645,251645,14701,2020-11-10,148,2695,0.0549165120593692,0.0373978579628294,171.680935113735
Orange,2020-11-11T00:00:00.000,102,14803,2401,254046,254046,14803,2020-11-11,102,2401,0.0424822990420658,0.0392134067679742,118.428246407796
Orange,2020-11-12T00:00:00.000,107,14910,2746,256792,256792,14910,2020-11-12,107,2746,0.038965768390386,0.0411520877543037,124.775679557737
Orange,2020-11-13T00:00:00.000,121,15031,3036,259828,259828,15031,2020-11-13,121,3036,0.0398550724637681,0.0432142300991766,141.728748446022
Orange,2020-11-14T00:00:00.000,93,15124,1531,261359,261359,15124,2020-11-14,93,1531,0.0607446113651208,0.0453998491913388,109.421861394464
Orange,2020-11-15T00:00:00.000,58,15182,1754,263113,263113,15182,2020-11-15,58,1754,0.0330672748004561,0.0477088313492403,68.5500904293313
Orange,2020-11-16T00:00:00.000,101,15283,2148,265261,265261,15283,2020-11-16,101,2148,0.0470204841713222,0.0501412025590671,119.911434402853
Orange,2020-11-17T00:00:00.000,129,15412,2464,267725,267725,15412,2020-11-17,129,2464,0.0523538961038961,0.0526974930493767,153.843969907673
Orange,2020-11-18T00:00:00.000,154,15566,2403,270128,270128,15566,2020-11-18,154,2403,0.0640865584685809,0.0553792089702451,184.4802138274
Orleans,2020-03-01T00:00:00.000,0,0,0,0,0,0,2020-03-01,0,0,0,0.0212140492540429,0
Orleans,2020-03-02T00:00:00.000,0,0,0,0,0,0,2020-03-02,0,0,0,0.0226003326590719,0
Orleans,2020-03-03T00:00:00.000,0,0,0,0,0,0,2020-03-03,0,0,0,0.0240747406470135,0
Orleans,2020-03-04T00:00:00.000,0,0,0,0,0,0,2020-03-04,0,0,0,0.0256421414660763,0
Orleans,2020-03-05T00:00:00.000,0,0,0,0,0,0,2020-03-05,0,0,0,0.0273073733221397,0
Orleans,2020-03-06T00:00:00.000,0,0,0,0,0,0,2020-03-06,0,0,0,0.029075191387696,0
Orleans,2020-03-07T00:00:00.000,0,0,0,0,0,0,2020-03-07,0,0,0,0.0309502080096163,0
Orleans,2020-03-08T00:00:00.000,0,0,0,0,0,0,2020-03-08,0,0,0,0.0329368260993409,0
Orleans,2020-03-09T00:00:00.000,0,0,0,0,0,0,2020-03-09,0,0,0,0.0350391658721394,0
Orleans,2020-03-10T00:00:00.000,0,0,0,0,0,0,2020-03-10,0,0,0,0.0372609853136021,0
Orleans,2020-03-11T00:00:00.000,0,0,0,0,0,0,2020-03-11,0,0,0,0.0396055949879393,0
Orleans,2020-03-12T00:00:00.000,0,0,0,0,0,0,2020-03-12,0,0,0,0.0420757680597619,0
Orleans,2020-03-13T00:00:00.000,0,0,1,1,1,0,2020-03-13,0,1,0,0.0446736466715422,0
Orleans,2020-03-14T00:00:00.000,0,0,0,1,1,0,2020-03-14,0,0,0,0.0474006460938136,0
Orleans,2020-03-15T00:00:00.000,0,0,0,1,1,0,2020-03-15,0,0,0,0.05025735833406,0
Orleans,2020-03-16T00:00:00.000,0,0,5,6,6,0,2020-03-16,0,5,0,0.0532434571393539,0
Orleans,2020-03-17T00:00:00.000,0,0,5,11,11,0,2020-03-17,0,5,0,0.056357606544934,0
Orleans,2020-03-18T00:00:00.000,0,0,3,14,14,0,2020-03-18,0,3,0,0.0595973752896826,0
Orleans,2020-03-19T00:00:00.000,0,0,6,20,20,0,2020-03-19,0,6,0,0.0629591595279404,0
Orleans,2020-03-20T00:00:00.000,0,0,5,25,25,0,2020-03-20,0,5,0,0.0664381163004033,0
Orleans,2020-03-21T00:00:00.000,0,0,7,32,32,0,2020-03-21,0,7,0,0.0700281101762444,0
Orleans,2020-03-22T00:00:00.000,0,0,4,36,36,0,2020-03-22,0,4,0,0.0737216753356641,0
Orleans,2020-03-23T00:00:00.000,2,2,9,45,45,2,2020-03-23,2,9,0.222222222222222,0.0775099951248767,2.27860973411861
Orleans,2020-03-24T00:00:00.000,0,2,7,52,52,2,2020-03-24,0,7,0,0.0813829007853932,0
Orleans,2020-03-25T00:00:00.000,0,2,11,63,63,2,2020-03-25,0,11,0,0.0853288906446141,0
Orleans,2020-03-26T00:00:00.000,1,3,11,74,74,3,2020-03-26,1,11,0.0909090909090909,0.0893351705674657,1.12960617002456
Orleans,2020-03-27T00:00:00.000,0,3,8,82,82,3,2020-03-27,0,8,0,0.0933877159275122,0
Orleans,2020-03-28T00:00:00.000,0,3,3,85,85,3,2020-03-28,0,3,0,0.0974713547819115,0
Orleans,2020-03-29T00:00:00.000,1,4,11,96,96,4,2020-03-29,1,11,0.0909090909090909,0.101569871353913,1.13309291048636
Orleans,2020-03-30T00:00:00.000,2,6,14,110,110,6,2020-03-30,2,14,0.142857142857143,0.10566612836391,2.26330644792219
Orleans,2020-03-31T00:00:00.000,0,6,6,116,116,6,2020-03-31,0,6,0,0.109742206232906,0
Orleans,2020-04-01T00:00:00.000,0,6,11,127,127,6,2020-04-01,0,11,0,0.113779556733166,0
Orleans,2020-04-02T00:00:00.000,3,9,13,140,140,9,2020-04-02,3,13,0.230769230769231,0.117759168300548,3.43550188362658
Orleans,2020-04-03T00:00:00.000,1,10,11,151,151,10,2020-04-03,1,11,0.0909090909090909,0.121661739965975,1.15053843455523
Orleans,2020-04-04T00:00:00.000,1,11,9,160,160,11,2020-04-04,1,9,0.111111111111111,0.125467860719204,1.15539836727968
Orleans,2020-04-05T00:00:00.000,2,13,16,176,176,13,2020-04-05,2,16,0.125,0.129158191088138,2.31935223103401
Orleans,2020-04-06T00:00:00.000,2,15,17,193,193,15,2020-04-06,2,17,0.117647058823529,0.132713643797887,2.32706983657164
Orleans,2020-04-07T00:00:00.000,1,16,14,207,207,16,2020-04-07,1,14,0.0714285714285714,0.136115560555759,1.16706241930247
Orleans,2020-04-08T00:00:00.000,6,22,27,234,234,22,2020-04-08,6,27,0.222222222222222,0.139345882275719,7.02253395284461
Orleans,2020-04-09T00:00:00.000,2,24,14,248,248,24,2020-04-09,2,14,0.142857142857143,0.142387310390746,2.352269619007
Orleans,2020-04-10T00:00:00.000,0,24,3,251,251,24,2020-04-10,0,3,0,0.14522345728305,0
Orleans,2020-04-11T00:00:00.000,1,25,7,258,258,25,2020-04-11,1,7,0.142857142857143,0.147838984267345,1.18575776120757
Orleans,2020-04-12T00:00:00.000,1,26,6,264,264,26,2020-04-12,1,6,0.166666666666667,0.150219725972902,1.18987950658042
Orleans,2020-04-13T00:00:00.000,5,31,18,282,282,31,2020-04-13,5,18,0.277777777777778,0.152352800363285,5.96876973057936
Orleans,2020-04-14T00:00:00.000,2,33,8,290,290,33,2020-04-14,2,8,0.25,0.154226703995964,2.397989630456
Orleans,2020-04-15T00:00:00.000,1,34,5,295,295,34,2020-04-15,1,5,0.2,0.155831392440508,1.20422714431445
Orleans,2020-04-16T00:00:00.000,0,34,4,299,299,34,2020-04-16,0,4,0,0.157158346038984,0
Orleans,2020-04-17T00:00:00.000,7,41,14,313,313,41,2020-04-17,7,14,0.5,0.158200621396508,8.50512078539003
Orleans,2020-04-18T00:00:00.000,5,46,35,348,348,46,2020-04-18,5,35,0.142857142857143,0.158952889135103,6.116134401555
Orleans,2020-04-19T00:00:00.000,0,46,3,351,351,46,2020-04-19,0,3,0,0.159411458531215,0
Orleans,2020-04-20T00:00:00.000,7,53,33,384,384,53,2020-04-20,7,33,0.212121212121212,0.159574289690666,8.67714932467213
Orleans,2020-04-21T00:00:00.000,3,56,11,395,395,56,2020-04-21,3,11,0.272727272727273,0.159440993903934,3.74314606281066
Orleans,2020-04-22T00:00:00.000,3,59,11,406,406,59,2020-04-22,3,11,0.272727272727273,0.159012822776248,3.76731739233594
Orleans,2020-04-23T00:00:00.000,1,60,13,419,419,60,2020-04-23,1,13,0.0769230769230769,0.15829264665275,1.26374321244019
Orleans,2020-04-24T00:00:00.000,15,75,98,517,517,75,2020-04-24,15,98,0.153061224489796,0.157284922769883,19.0740802389179
Orleans,2020-04-25T00:00:00.000,5,80,28,545,545,80,2020-04-25,5,28,0.178571428571429,0.15599565346956,6.39667716824205
Orleans,2020-04-26T00:00:00.000,0,80,14,559,559,80,2020-04-26,0,14,0,0.154432334725052,0
Orleans,2020-04-27T00:00:00.000,0,80,8,567,567,80,2020-04-27,0,8,0,0.152603895154043,0
Orleans,2020-04-28T00:00:00.000,5,85,26,593,593,85,2020-04-28,5,26,0.192307692307692,0.150520625645738,6.50652337550119
Orleans,2020-04-29T00:00:00.000,4,89,35,628,628,89,2020-04-29,4,35,0.114285714285714,0.148194099709449,5.23202148639748
Orleans,2020-04-30T00:00:00.000,3,92,23,651,651,92,2020-04-30,3,23,0.130434782608696,0.145637084668306,3.94331990081719
Orleans,2020-05-01T00:00:00.000,1,93,29,680,680,93,2020-05-01,1,29,0.0344827586206897,0.142863443876083,1.32058431783977
Orleans,2020-05-02T00:00:00.000,4,97,22,702,702,97,2020-05-02,4,22,0.181818181818182,0.139888030227217,5.30565962985323
Orleans,2020-05-03T00:00:00.000,0,97,21,723,723,97,2020-05-03,0,21,0,0.136726571359746,0
Orleans,2020-05-04T00:00:00.000,2,99,15,738,738,99,2020-05-04,2,15,0.133333333333333,0.133395547113021,2.69174297546706
Orleans,2020-05-05T00:00:00.000,4,103,36,774,774,103,2020-05-05,4,36,0.111111111111111,0.129912059990474,5.41709058862756
Orleans,2020-05-06T00:00:00.000,5,108,33,807,807,108,2020-05-06,5,33,0.151515151515152,0.126293699585656,6.80837014333694
Orleans,2020-05-07T00:00:00.000,13,121,62,869,869,121,2020-05-07,13,62,0.209677419354839,0.122558402145031,17.7846722122696
Orleans,2020-05-08T00:00:00.000,1,122,29,898,898,122,2020-05-08,1,29,0.0344827586206897,0.118724306654929,1.37152596436396
Orleans,2020-05-09T00:00:00.000,4,126,41,939,939,126,2020-05-09,4,41,0.0975609756097561,0.114809609039397,5.49621304996905
Orleans,2020-05-10T00:00:00.000,4,130,40,979,979,130,2020-05-10,4,40,0.1,0.11083241622888,5.50446820508349
Orleans,2020-05-11T00:00:00.000,3,133,31,1010,1010,133,2020-05-11,3,31,0.0967741935483871,0.106810601995758,4.14626125086077
Orleans,2020-05-12T00:00:00.000,9,142,61,1071,1071,142,2020-05-12,9,61,0.147540983606557,0.10276166654159,12.4977073968995
Orleans,2020-05-13T00:00:00.000,3,145,57,1128,1128,145,2020-05-13,3,57,0.0526315789473684,0.0987026018542657,4.18396536059783
Orleans,2020-05-14T00:00:00.000,2,147,38,1166,1166,147,2020-05-14,2,38,0.0526315789473684,0.0946497648256927,2.80021497729646
Orleans,2020-05-15T00:00:00.000,16,163,102,1268,1268,163,2020-05-15,16,102,0.156862745098039,0.0906187600298797,22.4792198427793
Orleans,2020-05-16T00:00:00.000,4,167,59,1327,1327,167,2020-05-16,4,59,0.0677966101694915,0.0866243339070194,5.65028201486232
Orleans,2020-05-17T00:00:00.000,0,167,42,1369,1369,167,2020-05-17,0,42,0,0.0826802818864231,0
Orleans,2020-05-18T00:00:00.000,1,168,48,1417,1417,168,2020-05-18,1,48,0.0208333333333333,0.078799369715479,1.42778497760532
Orleans,2020-05-19T00:00:00.000,3,171,60,1477,1477,171,2020-05-19,3,60,0.05,0.0749932699545445,4.31627505988164
Orleans,2020-05-20T00:00:00.000,3,174,98,1575,1575,174,2020-05-20,3,98,0.0306122448979592,0.0712725142586812,4.34611702041857
Orleans,2020-05-21T00:00:00.000,1,175,50,1625,1625,175,2020-05-21,1,50,0.02,0.0676464617116612,1.45754021127397
Orleans,2020-05-22T00:00:00.000,21,196,85,1710,1710,196,2020-05-22,21,85,0.247058823529412,0.0641232831184484,30.7541497688269
Orleans,2020-05-23T00:00:00.000,6,202,129,1839,1839,202,2020-05-23,6,129,0.0465116279069767,0.0607099608136243,8.7893924098917
Orleans,2020-05-24T00:00:00.000,3,205,63,1902,1902,205,2020-05-24,3,63,0.0476190476190476,0.0574123032185786,4.39111168911815
Orleans,2020-05-25T00:00:00.000,3,208,49,1951,1951,208,2020-05-25,3,49,0.0612244897959184,0.0542349730898641,4.38240770756368
Orleans,2020-05-26T00:00:00.000,2,210,44,1995,1995,210,2020-05-26,2,44,0.0454545454545455,0.0511815281557737,2.91212027455562
Orleans,2020-05-27T00:00:00.000,2,212,117,2112,2112,212,2020-05-27,2,117,0.0170940170940171,0.0482544726430408,2.8996065123154
Orleans,2020-05-28T00:00:00.000,4,216,112,2224,2224,216,2020-05-28,4,112,0.0357142857142857,0.0454553180558754,5.76837906258527
Orleans,2020-05-29T00:00:00.000,12,228,83,2307,2307,228,2020-05-29,12,83,0.144578313253012,0.042784651485763,17.1961402181675
Orleans,2020-05-30T00:00:00.000,1,229,101,2408,2408,229,2020-05-30,1,101,0.0099009900990099,0.0402422097015912,1.4226437379196
Orleans,2020-05-31T00:00:00.000,7,236,105,2513,2513,236,2020-05-31,7,105,0.0666666666666667,0.0378269572919578,9.88085871728145
Orleans,2020-06-01T00:00:00.000,5,241,89,2602,2602,241,2020-06-01,5,89,0.0561797752808989,0.035537167199792,7.01874794501004
Orleans,2020-06-02T00:00:00.000,5,246,157,2759,2759,246,2020-06-02,5,157,0.0318471337579618,0.033370502096316,6.97507976581289
Orleans,2020-06-03T00:00:00.000,1,247,81,2840,2840,247,2020-06-03,1,81,0.0123456790123457,0.0313240951797344,1.38540237419801
Orleans,2020-06-04T00:00:00.000,0,247,102,2942,2942,247,2020-06-04,0,102,0,0.0293946291454813,0
Orleans,2020-06-05T00:00:00.000,7,254,183,3125,3125,254,2020-06-05,7,183,0.0382513661202186,0.0275784122511674,9.55554420010831
Orleans,2020-06-06T00:00:00.000,1,255,115,3240,3240,255,2020-06-06,1,115,0.00869565217391304,0.0258714505833158,1.35620002263647
Orleans,2020-06-07T00:00:00.000,1,256,69,3309,3309,256,2020-06-07,1,69,0.0144927536231884,0.0242695158174067,1.34660683605512
Orleans,2020-06-08T00:00:00.000,1,257,77,3386,3386,257,2020-06-08,1,77,0.012987012987013,0.022768207941719,1.33591796309855
Orleans,2020-06-09T00:00:00.000,2,259,117,3503,3503,259,2020-06-09,2,117,0.0170940170940171,0.0213630125841766,2.65173469094252
Orleans,2020-06-10T00:00:00.000,1,260,89,3592,3592,260,2020-06-10,1,89,0.0112359550561798,0.0200493527361485,1.32151863985038
Orleans,2020-06-11T00:00:00.000,0,260,89,3681,3681,260,2020-06-11,0,89,0,0.0188226348051347,0
Orleans,2020-06-12T00:00:00.000,1,261,114,3795,3795,261,2020-06-12,1,114,0.0087719298245614,0.0176782890479536,1.3115727816864
Orleans,2020-06-13T00:00:00.000,6,267,92,3887,3887,267,2020-06-13,6,92,0.0652173913043478,0.0166118045367586,7.83613891945624
Orleans,2020-06-14T00:00:00.000,1,268,60,3947,3947,268,2020-06-14,1,60,0.0166666666666667,0.0156187588919765,1.30012189525845
Orleans,2020-06-15T00:00:00.000,0,268,117,4064,4064,268,2020-06-15,0,117,0,0.0146948430798569,0
Orleans,2020-06-16T00:00:00.000,2,270,81,4145,4145,270,2020-06-16,2,81,0.0246913580246914,0.0138358816189447,2.5747301019185
Orleans,2020-06-17T00:00:00.000,1,271,121,4266,4266,271,2020-06-17,1,121,0.00826446280991736,0.0130378485710385,1.28055965850756
Orleans,2020-06-18T00:00:00.000,3,274,110,4376,4376,274,2020-06-18,3,110,0.0272727272727273,0.0122968797098735,3.82034095284162
Orleans,2020-06-19T00:00:00.000,1,275,89,4465,4465,275,2020-06-19,1,89,0.0112359550561798,0.0116092812667308,1.26611700452197
Orleans,2020-06-20T00:00:00.000,1,276,97,4562,4562,276,2020-06-20,1,97,0.0103092783505155,0.0109715356484308,1.25859297795878
Orleans,2020-06-21T00:00:00.000,0,276,111,4673,4673,276,2020-06-21,0,111,0,0.0103803045114931,0
Orleans,2020-06-22T00:00:00.000,1,277,98,4771,4771,277,2020-06-22,1,98,0.0102040816326531,0.00983242955845065,1.24305188959882
Orleans,2020-06-23T00:00:00.000,0,277,53,4824,4824,277,2020-06-23,0,53,0,0.00932493139994518,0
Orleans,2020-06-24T00:00:00.000,2,279,85,4909,4909,279,2020-06-24,2,85,0.0235294117647059,0.00885500680077084,2.45398624785792
Orleans,2020-06-25T00:00:00.000,0,279,37,4946,4946,279,2020-06-25,0,37,0,0.00842002460059016,0
Orleans,2020-06-26T00:00:00.000,1,280,128,5074,5074,280,2020-06-26,1,128,0.0078125,0.00801752057184066,1.21057114955909
Orleans,2020-06-27T00:00:00.000,1,281,98,5172,5172,281,2020-06-27,1,98,0.0102040816326531,0.00764519144899965,1.20226802224712
Orleans,2020-06-28T00:00:00.000,0,281,121,5293,5293,281,2020-06-28,0,121,0,0.00730088833576187,0
Orleans,2020-06-29T00:00:00.000,0,281,70,5363,5363,281,2020-06-29,0,70,0,0.00698260967020029,0
Orleans,2020-06-30T00:00:00.000,0,281,84,5447,5447,281,2020-06-30,0,84,0,0.00668849390304198,0
Orleans,2020-07-01T00:00:00.000,1,282,68,5515,5515,282,2020-07-01,1,68,0.0147058823529412,0.00641681202107765,1.16880323985224
Orleans,2020-07-02T00:00:00.000,0,282,78,5593,5593,282,2020-07-02,0,78,0,0.00616596002655923,0
Orleans,2020-07-03T00:00:00.000,0,282,152,5745,5745,282,2020-07-03,0,152,0,0.00593445146429914,0
Orleans,2020-07-04T00:00:00.000,0,282,138,5883,5883,282,2020-07-04,0,138,0,0.00572091007112441,0
Orleans,2020-07-05T00:00:00.000,2,284,95,5978,5978,284,2020-07-05,2,95,0.0210526315789474,0.00552406260721971,2.27112971216977
Orleans,2020-07-06T00:00:00.000,1,285,98,6076,6076,285,2020-07-06,1,98,0.0102040816326531,0.00534273191572813,1.12758768800457
Orleans,2020-07-07T00:00:00.000,1,286,115,6191,6191,286,2020-07-07,1,115,0.00869565217391304,0.00517583024558368,1.12159512026642
Orleans,2020-07-08T00:00:00.000,0,286,41,6232,6232,286,2020-07-08,0,41,0,0.00502235286281704,0
Orleans,2020-07-09T00:00:00.000,1,287,140,6372,6372,287,2020-07-09,1,140,0.00714285714285714,0.00488137196738248,1.1093480371645
Orleans,2020-07-10T00:00:00.000,0,287,105,6477,6477,287,2020-07-10,0,105,0,0.00475203092570264,0
Orleans,2020-07-11T00:00:00.000,0,287,144,6621,6621,287,2020-07-11,0,144,0,0.00463353882352744,0
Orleans,2020-07-12T00:00:00.000,0,287,66,6687,6687,287,2020-07-12,0,66,0,0.00452516533917415,0
Orleans,2020-07-13T00:00:00.000,1,288,65,6752,6752,288,2020-07-13,1,65,0.0153846153846154,0.00442623593361608,1.08563855155716
Orleans,2020-07-14T00:00:00.000,0,288,81,6833,6833,288,2020-07-14,0,81,0,0.00433612735114013,0
Orleans,2020-07-15T00:00:00.000,0,288,147,6980,6980,288,2020-07-15,0,147,0,0.00425426342219235,0
Orleans,2020-07-16T00:00:00.000,0,288,73,7053,7053,288,2020-07-16,0,73,0,0.00418011115856516,0
Orleans,2020-07-17T00:00:00.000,0,288,114,7167,7167,288,2020-07-17,0,114,0,0.00411317713006356,0
Orleans,2020-07-18T00:00:00.000,0,288,48,7215,7215,288,2020-07-18,0,48,0,0.00405300411119064,0
Orleans,2020-07-19T00:00:00.000,0,288,64,7279,7279,288,2020-07-19,0,64,0,0.0039991679861027,0
Orleans,2020-07-20T00:00:00.000,0,288,90,7369,7369,288,2020-07-20,0,90,0,0.00395127490004931,0
Orleans,2020-07-21T00:00:00.000,0,288,72,7441,7441,288,2020-07-21,0,72,0,0.00390895864564326,0
Orleans,2020-07-22T00:00:00.000,0,288,78,7519,7519,288,2020-07-22,0,78,0,0.00387187827260298,0
Orleans,2020-07-23T00:00:00.000,1,289,85,7604,7604,289,2020-07-23,1,85,0.0117647058823529,0.00383971590993915,1.05564468659092
Orleans,2020-07-24T00:00:00.000,0,289,71,7675,7675,289,2020-07-24,0,71,0,0.00381217478998167,0
Orleans,2020-07-25T00:00:00.000,1,290,70,7745,7745,290,2020-07-25,1,70,0.0142857142857143,0.00378897746404183,1.05870816356297
Orleans,2020-07-26T00:00:00.000,0,290,75,7820,7820,290,2020-07-26,0,75,0,0.00376986419990316,0
Orleans,2020-07-27T00:00:00.000,0,290,74,7894,7894,290,2020-07-27,0,74,0,0.00375459155169832,0
Orleans,2020-07-28T00:00:00.000,1,291,111,8005,8005,291,2020-07-28,1,111,0.00900900900900901,0.00374293109303426,1.05884276589154
Orleans,2020-07-29T00:00:00.000,0,291,80,8085,8085,291,2020-07-29,0,80,0,0.00373466830446936,0
Orleans,2020-07-30T00:00:00.000,2,293,100,8185,8185,293,2020-07-30,2,100,0.02,0.00372960160664093,2.1117750466141
Orleans,2020-07-31T00:00:00.000,2,295,170,8355,8355,295,2020-07-31,2,170,0.0117647058823529,0.00372754153043248,2.10870670367845
Orleans,2020-08-01T00:00:00.000,0,295,81,8436,8436,295,2020-08-01,0,81,0,0.00372831001563968,0
Orleans,2020-08-02T00:00:00.000,0,295,61,8497,8497,295,2020-08-02,0,61,0,0.00373173982957528,0
Orleans,2020-08-03T00:00:00.000,0,295,123,8620,8620,295,2020-08-03,0,123,0,0.00373767409700179,0
Orleans,2020-08-04T00:00:00.000,2,297,162,8782,8782,297,2020-08-04,2,162,0.0123456790123457,0.0037459659327049,2.10031248404217
Orleans,2020-08-05T00:00:00.000,0,297,66,8848,8848,297,2020-08-05,0,66,0,0.00375647816791987,0
Orleans,2020-08-06T00:00:00.000,0,297,111,8959,8959,297,2020-08-06,0,111,0,0.0037690831617171,0
Orleans,2020-08-07T00:00:00.000,1,298,199,9158,9158,298,2020-08-07,1,199,0.0050251256281407,0.00378366268839519,1.05127918679617
Orleans,2020-08-08T00:00:00.000,0,298,89,9247,9247,298,2020-08-08,0,89,0,0.00380010789187598,0
Orleans,2020-08-09T00:00:00.000,0,298,65,9312,9312,298,2020-08-09,0,65,0,0.00381831929811416,0
Orleans,2020-08-10T00:00:00.000,0,298,110,9422,9422,298,2020-08-10,0,110,0,0.00383820687663018,0
Orleans,2020-08-11T00:00:00.000,0,298,110,9532,9532,298,2020-08-11,0,110,0,0.00385969014243158,0
Orleans,2020-08-12T00:00:00.000,1,299,166,9698,9698,299,2020-08-12,1,166,0.00602409638554217,0.00388269828985563,1.05961887197222
Orleans,2020-08-13T00:00:00.000,0,299,113,9811,9811,299,2020-08-13,0,113,0,0.00390717035023498,0
Orleans,2020-08-14T00:00:00.000,1,300,104,9915,9915,300,2020-08-14,1,104,0.00961538461538462,0.00393305536574778,1.06212928448384
Orleans,2020-08-15T00:00:00.000,1,301,174,10089,10089,301,2020-08-15,1,174,0.00574712643678161,0.0039603125723785,1.06597851605463
Orleans,2020-08-16T00:00:00.000,1,302,75,10164,10164,302,2020-08-16,1,75,0.0133333333333333,0.00398891158560228,1.06970132809178
Orleans,2020-08-17T00:00:00.000,0,302,96,10260,10260,302,2020-08-17,0,96,0,0.00401883258313478,0
Orleans,2020-08-18T00:00:00.000,1,303,134,10394,10394,303,2020-08-18,1,134,0.00746268656716418,0.00405006647994342,1.07330024515286
Orleans,2020-08-19T00:00:00.000,0,303,95,10489,10489,303,2020-08-19,0,95,0,0.00408261509160628,0
Orleans,2020-08-20T00:00:00.000,0,303,94,10583,10583,303,2020-08-20,0,94,0,0.00411649128303363,0
Orleans,2020-08-21T00:00:00.000,1,304,130,10713,10713,304,2020-08-21,1,130,0.00769230769230769,0.00415171910054128,1.07756341029598
Orleans,2020-08-22T00:00:00.000,0,304,111,10824,10824,304,2020-08-22,0,111,0,0.00418833388623933,0
Orleans,2020-08-23T00:00:00.000,0,304,99,10923,10923,304,2020-08-23,0,99,0,0.00422638237462478,0
Orleans,2020-08-24T00:00:00.000,0,304,67,10990,10990,304,2020-08-24,0,67,0,0.00426592277222048,0
Orleans,2020-08-25T00:00:00.000,1,305,143,11133,11133,305,2020-08-25,1,143,0.00699300699300699,0.00430702482192798,1.08539203626786
Orleans,2020-08-26T00:00:00.000,0,305,105,11238,11238,305,2020-08-26,0,105,0,0.00434976985457846,0
Orleans,2020-08-27T00:00:00.000,1,306,97,11335,11335,306,2020-08-27,1,97,0.0103092783505155,0.00439425083084784,1.08609995314815
Orleans,2020-08-28T00:00:00.000,0,306,147,11482,11482,306,2020-08-28,0,147,0,0.0044405723773282,0
Orleans,2020-08-29T00:00:00.000,0,306,114,11596,11596,306,2020-08-29,0,114,0,0.00448885082102349,0
Orleans,2020-08-30T00:00:00.000,0,306,118,11714,11714,306,2020-08-30,0,118,0,0.00453921422695114,0
Orleans,2020-08-31T00:00:00.000,0,306,71,11785,11785,306,2020-08-31,0,71,0,0.00459180244378398,0
Orleans,2020-09-01T00:00:00.000,0,306,112,11897,11897,306,2020-09-01,0,112,0,0.00464676716264658,0
Orleans,2020-09-02T00:00:00.000,0,306,184,12081,12081,306,2020-09-02,0,184,0,0.00470427199421942,0
Orleans,2020-09-03T00:00:00.000,1,307,225,12306,12306,307,2020-09-03,1,225,0.00444444444444444,0.00476449256927546,1.11216787407148
Orleans,2020-09-04T00:00:00.000,3,310,161,12467,12467,310,2020-09-04,3,161,0.0186335403726708,0.00482761666761245,3.34773800236001
Orleans,2020-09-05T00:00:00.000,4,314,347,12814,12814,314,2020-09-05,4,347,0.0115273775216138,0.00489384438013385,4.47820971191978
Orleans,2020-09-06T00:00:00.000,1,315,66,12880,12880,315,2020-09-06,1,66,0.0151515151515152,0.00496338830852672,1.12306724386545
Orleans,2020-09-07T00:00:00.000,2,317,130,13010,13010,317,2020-09-07,2,130,0.0153846153846154,0.00503647380662786,2.2527926980207
Orleans,2020-09-08T00:00:00.000,0,317,86,13096,13096,317,2020-09-08,0,86,0,0.00511333926715095,0
Orleans,2020-09-09T00:00:00.000,1,318,99,13195,13195,318,2020-09-09,1,99,0.0101010101010101,0.00519423645701721,1.13214336700162
Orleans,2020-09-10T00:00:00.000,2,320,195,13390,13390,320,2020-09-10,2,195,0.0102564102564103,0.00527943090403032,2.26933035231509
Orleans,2020-09-11T00:00:00.000,1,321,123,13513,13513,321,2020-09-11,1,123,0.00813008130081301,0.00536920233716299,1.13847058404526
Orleans,2020-09-12T00:00:00.000,0,321,132,13645,13645,321,2020-09-12,0,132,0,0.00546384518220121,0
Orleans,2020-09-13T00:00:00.000,0,321,81,13726,13726,321,2020-09-13,0,81,0,0.00556366911399921,0
Orleans,2020-09-14T00:00:00.000,1,322,57,13783,13783,322,2020-09-14,1,57,0.0175438596491228,0.00566899966607781,1.15103348363446
Orleans,2020-09-15T00:00:00.000,0,322,165,13948,13948,322,2020-09-15,0,165,0,0.00578017889782169,0
Orleans,2020-09-16T00:00:00.000,0,322,251,14199,14199,322,2020-09-16,0,251,0,0.00589756611903431,0
Orleans,2020-09-17T00:00:00.000,0,322,160,14359,14359,322,2020-09-17,0,160,0,0.00602153867114961,0
Orleans,2020-09-18T00:00:00.000,1,323,240,14599,14599,323,2020-09-18,1,240,0.00416666666666667,0.00615249276395003,1.16306067656425
Orleans,2020-09-19T00:00:00.000,0,323,171,14770,14770,323,2020-09-19,0,171,0,0.00629084436619217,0
Orleans,2020-09-20T00:00:00.000,1,324,62,14832,14832,324,2020-09-20,1,62,0.0161290322580645,0.00643703014815393,1.16379363447747
Orleans,2020-09-21T00:00:00.000,1,325,278,15110,15110,325,2020-09-21,1,278,0.00359712230215827,0.0065915084736767,1.16318273777771
Orleans,2020-09-22T00:00:00.000,0,325,144,15254,15254,325,2020-09-22,0,144,0,0.00675476043894189,0
Orleans,2020-09-23T00:00:00.000,2,327,256,15510,15510,327,2020-09-23,2,256,0.0078125,0.00692729095481307,2.32092486082897
Orleans,2020-09-24T00:00:00.000,3,330,164,15674,15674,330,2020-09-24,3,164,0.0182926829268293,0.00710962986925417,3.47508009839541
Orleans,2020-09-25T00:00:00.000,2,332,149,15823,15823,332,2020-09-25,2,149,0.0134228187919463,0.00730233312599886,2.31929388507756
Orleans,2020-09-26T00:00:00.000,3,335,162,15985,15985,335,2020-09-26,3,162,0.0185185185185185,0.00750598395532614,3.49126608562095
Orleans,2020-09-27T00:00:00.000,0,335,80,16065,16065,335,2020-09-27,0,80,0,0.00772119409251208,0
Orleans,2020-09-28T00:00:00.000,0,335,131,16196,16196,335,2020-09-28,0,131,0,0.0079486050192725,0
Orleans,2020-09-29T00:00:00.000,1,336,135,16331,16331,336,2020-09-29,1,135,0.00740740740740741,0.00818888922324645,1.1731451139574
Orleans,2020-09-30T00:00:00.000,0,336,192,16523,16523,336,2020-09-30,0,192,0,0.00844275147039565,0
Orleans,2020-10-01T00:00:00.000,0,336,118,16641,16641,336,2020-10-01,0,118,0,0.00871093008500115,0
Orleans,2020-10-02T00:00:00.000,1,337,164,16805,16805,337,2020-10-02,1,164,0.00609756097560976,0.00899419823182556,1.17818526159653
Orleans,2020-10-03T00:00:00.000,0,337,130,16935,16935,337,2020-10-03,0,130,0,0.00929336519494468,0
Orleans,2020-10-04T00:00:00.000,0,337,47,16982,16982,337,2020-10-04,0,47,0,0.0096092776477318,0
Orleans,2020-10-05T00:00:00.000,1,338,89,17071,17071,338,2020-10-05,1,89,0.0112359550561798,0.00994282090853925,1.17915642067307
Orleans,2020-10-06T00:00:00.000,2,340,148,17219,17219,340,2020-10-06,2,148,0.0135135135135135,0.0102949201767635,2.35730689329065
Orleans,2020-10-07T00:00:00.000,2,342,190,17409,17409,342,2020-10-07,2,190,0.0105263157894737,0.0106665417441965,2.35554164508816
Orleans,2020-10-08T00:00:00.000,1,343,163,17572,17572,343,2020-10-08,1,163,0.00613496932515337,0.0110586941768943,1.17653064870706
Orleans,2020-10-09T00:00:00.000,1,344,178,17750,17750,344,2020-10-09,1,178,0.00561797752808989,0.0114724294632056,1.17484344011285
Orleans,2020-10-10T00:00:00.000,6,350,170,17920,17920,350,2020-10-10,6,170,0.0352941176470588,0.0119088441241403,7.03701399814716
Orleans,2020-10-11T00:00:00.000,2,352,81,18001,18001,352,2020-10-11,2,81,0.0246913580246914,0.0123690802829124,2.34111281542585
Orleans,2020-10-12T00:00:00.000,2,354,133,18134,18134,354,2020-10-12,2,133,0.0150375939849624,0.0128543266912356,2.33605861544937
Orleans,2020-10-13T00:00:00.000,1,355,97,18231,18231,355,2020-10-13,1,97,0.0103092783505155,0.0133658197108664,1.16527783814536
Orleans,2020-10-14T00:00:00.000,1,356,175,18406,18406,356,2020-10-14,1,175,0.00571428571428571,0.0139048442498584,1.16331659925534
Orleans,2020-10-15T00:00:00.000,3,359,176,18582,18582,359,2020-10-15,3,176,0.0170454545454545,0.0144727346541519,3.48605303172554
Orleans,2020-10-16T00:00:00.000,1,360,161,18743,18743,360,2020-10-16,1,161,0.0062111801242236,0.0150708755562867,1.16275450903814
Orleans,2020-10-17T00:00:00.000,2,362,105,18848,18848,362,2020-10-17,2,105,0.019047619047619,0.0157007026844059,2.32793878347638
Orleans,2020-10-18T00:00:00.000,1,363,133,18981,18981,363,2020-10-18,1,133,0.0075187969924812,0.0163637036360751,1.16534882679314
Orleans,2020-10-19T00:00:00.000,5,368,105,19086,19086,368,2020-10-19,5,105,0.0476190476190476,0.0170614186228773,5.83869075379664
Orleans,2020-10-20T00:00:00.000,8,376,114,19200,19200,376,2020-10-20,8,114,0.0701754385964912,0.0177954411933002,9.37143511525888
Orleans,2020-10-21T00:00:00.000,2,378,190,19390,19390,378,2020-10-21,2,190,0.0105263157894737,0.0185674189428274,2.35011770155473
Orleans,2020-10-22T00:00:00.000,1,379,174,19564,19564,379,2020-10-22,1,174,0.00574712643678161,0.0193790542216958,1.17908817291322
Orleans,2020-10-23T00:00:00.000,6,385,228,19792,19792,385,2020-10-23,6,228,0.0263157894736842,0.0202321048521339,7.09622666398232
Orleans,2020-10-24T00:00:00.000,8,393,137,19929,19929,393,2020-10-24,8,137,0.0583941605839416,0.021128384868198,9.48716491773376
Orleans,2020-10-25T00:00:00.000,6,399,167,20096,20096,399,2020-10-25,6,167,0.0359281437125748,0.0220697652925235,7.13191775311613
Orleans,2020-10-26T00:00:00.000,2,401,146,20242,20242,401,2020-10-26,2,146,0.0136986301369863,0.0230581749651764,2.38194227328145
Orleans,2020-10-27T00:00:00.000,5,406,106,20348,20348,406,2020-10-27,5,106,0.0471698113207547,0.0240956014406502,5.96424109744902
Orleans,2020-10-28T00:00:00.000,6,412,205,20553,20553,412,2020-10-28,6,205,0.0292682926829268,0.0251840919693475,7.16571405376163
Orleans,2020-10-29T00:00:00.000,1,413,158,20711,20711,413,2020-10-29,1,158,0.00632911392405063,0.0263257545801231,1.19528831664519
Orleans,2020-10-30T00:00:00.000,0,413,149,20860,20860,413,2020-10-30,0,149,0,0.0275227592800589,0
Orleans,2020-10-31T00:00:00.000,0,413,157,21017,21017,413,2020-10-31,0,157,0,0.0287773393870776,0
Orleans,2020-11-01T00:00:00.000,2,415,196,21213,21213,415,2020-11-01,2,196,0.0102040816326531,0.0300917930096136,2.39156682799343
Orleans,2020-11-02T00:00:00.000,3,418,132,21345,21345,418,2020-11-02,3,132,0.0227272727272727,0.0314684846860554,3.58547327649017
Orleans,2020-11-03T00:00:00.000,3,421,96,21441,21441,421,2020-11-03,3,96,0.03125,0.0329098471941931,3.58250087932392
Orleans,2020-11-04T00:00:00.000,1,422,182,21623,21623,422,2020-11-04,1,182,0.00549450549450549,0.0344183835381079,1.19283265813457
Orleans,2020-11-05T00:00:00.000,7,429,191,21814,21814,429,2020-11-05,7,191,0.0366492146596859,0.0359966691163829,8.33824903824622
Orleans,2020-11-06T00:00:00.000,5,434,234,22048,22048,434,2020-11-06,5,234,0.0213675213675214,0.0376473540711485,5.94614736998675
Orleans,2020-11-07T00:00:00.000,8,442,161,22209,22209,442,2020-11-07,8,161,0.0496894409937888,0.0393731658126489,9.49609768289439
Orleans,2020-11-08T00:00:00.000,8,450,63,22272,22272,450,2020-11-08,8,63,0.126984126984127,0.0411769117081275,9.47578742419386
Orleans,2020-11-09T00:00:00.000,3,453,181,22453,22453,453,2020-11-09,3,181,0.0165745856353591,0.0430614819173584,3.5462569184275
Orleans,2020-11-10T00:00:00.000,13,466,214,22667,22667,466,2020-11-10,13,214,0.0607476635514019,0.04502985234959,15.3627543612567
Orleans,2020-11-11T00:00:00.000,14,480,133,22800,22800,480,2020-11-11,14,133,0.105263157894737,0.0470850877085754,16.5549564829937
Orleans,2020-11-12T00:00:00.000,18,498,238,23038,23038,498,2020-11-12,18,238,0.0756302521008403,0.0492303445828844,21.3699138560601
Orleans,2020-11-13T00:00:00.000,10,508,242,23280,23280,508,2020-11-13,10,242,0.0413223140495868,0.0514688745284659,11.9196738123619
Orleans,2020-11-14T00:00:00.000,7,515,64,23344,23344,515,2020-11-14,7,64,0.109375,0.0538040270792981,8.37712945977555
Orleans,2020-11-15T00:00:00.000,6,521,141,23485,23485,521,2020-11-15,6,141,0.0425531914893617,0.056239252609173,7.20900563611083
Orleans,2020-11-16T00:00:00.000,5,526,197,23682,23682,526,2020-11-16,5,197,0.0253807106598985,0.0587781049542281,6.03130529217829
Orleans,2020-11-17T00:00:00.000,12,538,136,23818,23818,538,2020-11-17,12,136,0.0882352941176471,0.06142424369072,14.5320539078316
Orleans,2020-11-18T00:00:00.000,10,548,192,24010,24010,548,2020-11-18,10,192,0.0520833333333333,0.0641814359461764,12.1572498061602
Oswego,2020-03-01T00:00:00.000,0,0,0,0,0,0,2020-03-01,0,0,0,0.0445818790749618,0
Oswego,2020-03-02T00:00:00.000,0,0,0,0,0,0,2020-03-02,0,0,0,0.0441364852800318,0
Oswego,2020-03-03T00:00:00.000,0,0,0,0,0,0,2020-03-03,0,0,0,0.0436967073663222,0
Oswego,2020-03-04T00:00:00.000,0,0,0,0,0,0,2020-03-04,0,0,0,0.0432646510565387,0
Oswego,2020-03-05T00:00:00.000,0,0,0,0,0,0,2020-03-05,0,0,0,0.042843193922168,0
Oswego,2020-03-06T00:00:00.000,0,0,0,0,0,0,2020-03-06,0,0,0,0.0424357953503717,0
Oswego,2020-03-07T00:00:00.000,0,0,0,0,0,0,2020-03-07,0,0,0,0.0420463238014802,0
Oswego,2020-03-08T00:00:00.000,0,0,0,0,0,0,2020-03-08,0,0,0,0.0416789021576022,0
Oswego,2020-03-09T00:00:00.000,0,0,0,0,0,0,2020-03-09,0,0,0,0.0413377715254158,0
Oswego,2020-03-10T00:00:00.000,0,0,1,1,1,0,2020-03-10,0,1,0,0.0410271732789945,0
Oswego,2020-03-11T00:00:00.000,0,0,0,1,1,0,2020-03-11,0,0,0,0.0407512485408532,0
Oswego,2020-03-12T00:00:00.000,0,0,0,1,1,0,2020-03-12,0,0,0,0.04051395372323,0
Oswego,2020-03-13T00:00:00.000,0,0,2,3,3,0,2020-03-13,0,2,0,0.0403189902597464,0
Oswego,2020-03-14T00:00:00.000,0,0,2,5,5,0,2020-03-14,0,2,0,0.0401697462783029,0
Oswego,2020-03-15T00:00:00.000,0,0,0,5,5,0,2020-03-15,0,0,0,0.040069247697426,0
Oswego,2020-03-16T00:00:00.000,0,0,4,9,9,0,2020-03-16,0,4,0,0.0400201161142562,0
Oswego,2020-03-17T00:00:00.000,0,0,3,12,12,0,2020-03-17,0,3,0,0.0400245308375636,0
Oswego,2020-03-18T00:00:00.000,0,0,8,20,20,0,2020-03-18,0,8,0,0.0400841925600623,0
Oswego,2020-03-19T00:00:00.000,0,0,3,23,23,0,2020-03-19,0,3,0,0.0402002863853926,0
Oswego,2020-03-20T00:00:00.000,0,0,11,34,34,0,2020-03-20,0,11,0,0.0403734422827639,0
Oswego,2020-03-21T00:00:00.000,0,0,19,53,53,0,2020-03-21,0,19,0,0.0406036914706418,0
Oswego,2020-03-22T00:00:00.000,1,1,23,76,76,1,2020-03-22,1,23,0.0434782608695652,0.0408904177700371,1.07468331886044
Oswego,2020-03-23T00:00:00.000,1,2,28,104,104,2,2020-03-23,1,28,0.0357142857142857,0.041232303578896,1.06961612519654
Oswego,2020-03-24T00:00:00.000,0,2,13,117,117,2,2020-03-24,0,13,0,0.0416272708216912,0
Oswego,2020-03-25T00:00:00.000,2,4,25,142,142,4,2020-03-25,2,25,0.08,0.0420724179950192,2.11252348280615
Oswego,2020-03-26T00:00:00.000,0,4,18,160,160,4,2020-03-26,0,18,0,0.0425639552595683,0
Oswego,2020-03-27T00:00:00.000,3,7,38,198,198,7,2020-03-27,3,38,0.0789473684210526,0.043097140396371,3.15052162002868
Oswego,2020-03-28T00:00:00.000,1,8,35,233,233,8,2020-03-28,1,35,0.0285714285714286,0.0436662193247057,1.04695870450595
Oswego,2020-03-29T00:00:00.000,6,14,53,286,286,14,2020-03-29,6,53,0.113207547169811,0.0442643757109172,6.25670554793742
Oswego,2020-03-30T00:00:00.000,1,15,30,316,316,15,2020-03-30,1,30,0.0333333333333333,0.0448836949556552,1.03879211808396
Oswego,2020-03-31T00:00:00.000,2,17,27,343,343,17,2020-03-31,2,27,0.0740740740740741,0.0455151484279844,2.07451260400006
Oswego,2020-04-01T00:00:00.000,5,22,80,423,423,22,2020-04-01,5,80,0.0625,0.0461486041664024,5.20465622474513
Oswego,2020-04-02T00:00:00.000,4,26,82,505,505,26,2020-04-02,4,82,0.0487804878048781,0.0467728702896967,4.17665743946758
Oswego,2020-04-03T00:00:00.000,0,26,31,536,536,26,2020-04-03,0,31,0,0.047375776983576,0
Oswego,2020-04-04T00:00:00.000,2,28,26,562,562,28,2020-04-04,2,26,0.0769230769230769,0.047944302067293,2.09885383856023
Oswego,2020-04-05T00:00:00.000,1,29,39,601,601,29,2020-04-05,1,39,0.0256410256410256,0.0484647437682833,1.0513979098262
Oswego,2020-04-06T00:00:00.000,2,31,70,671,671,31,2020-04-06,2,70,0.0285714285714286,0.0489229424166762,2.10605212822694
Oswego,2020-04-07T00:00:00.000,2,33,27,698,698,33,2020-04-07,2,27,0.0740740740740741,0.0493045503405748,2.10873498284618
Oswego,2020-04-08T00:00:00.000,3,36,61,759,759,36,2020-04-08,3,61,0.0491803278688525,0.0495953463952317,3.16663881474974
Oswego,2020-04-09T00:00:00.000,0,36,32,791,791,36,2020-04-09,0,32,0,0.0497815884167489,0
Oswego,2020-04-10T00:00:00.000,1,37,12,803,803,37,2020-04-10,1,12,0.0833333333333333,0.0498503936355853,1.06142592263343
Oswego,2020-04-11T00:00:00.000,1,38,15,818,818,38,2020-04-11,1,15,0.0666666666666667,0.0497901339866181,1.06348509719992
Oswego,2020-04-12T00:00:00.000,0,38,10,828,828,38,2020-04-12,0,10,0,0.0495908305100341,0
Oswego,2020-04-13T00:00:00.000,3,41,74,902,902,41,2020-04-13,3,74,0.0405405405405405,0.0492445290009772,3.19879810159562
Oswego,2020-04-14T00:00:00.000,1,42,17,919,919,42,2020-04-14,1,17,0.0588235294117647,0.0487456379156804,1.06855018339929
Oswego,2020-04-15T00:00:00.000,2,44,18,937,937,44,2020-04-15,2,18,0.111111111111111,0.0480912095631112,2.14130969302366
Oswego,2020-04-16T00:00:00.000,1,45,28,965,965,45,2020-04-16,1,28,0.0357142857142857,0.0472811468880264,1.07257068897063
Oswego,2020-04-17T00:00:00.000,0,45,14,979,979,45,2020-04-17,0,14,0,0.0463183207896122,0
Oswego,2020-04-18T00:00:00.000,2,47,18,997,997,47,2020-04-18,2,18,0.111111111111111,0.0452085868268509,2.15740788816059
Oswego,2020-04-19T00:00:00.000,1,48,18,1015,1015,48,2020-04-19,1,18,0.0555555555555556,0.0439606951662404,1.08258530484387
Oswego,2020-04-20T00:00:00.000,1,49,12,1027,1027,49,2020-04-20,1,12,0.0833333333333333,0.0425860934472722,1.08619930240028
Oswego,2020-04-21T00:00:00.000,0,49,4,1031,1031,49,2020-04-21,0,4,0,0.0410986284359943,0
Oswego,2020-04-22T00:00:00.000,0,49,21,1052,1052,49,2020-04-22,0,21,0,0.0395141584635001,0
Oswego,2020-04-23T00:00:00.000,2,51,18,1070,1070,51,2020-04-23,2,18,0.111111111111111,0.0378500941698454,2.1905312544106
Oswego,2020-04-24T00:00:00.000,6,57,298,1368,1368,57,2020-04-24,6,298,0.0201342281879195,0.0361248894991188,6.58590618483274
Oswego,2020-04-25T00:00:00.000,4,61,67,1435,1435,61,2020-04-25,4,67,0.0597014925373134,0.0343575078291385,4.39881133656151
Oswego,2020-04-26T00:00:00.000,0,61,33,1468,1468,61,2020-04-26,0,33,0,0.0325668892526582,0
Oswego,2020-04-27T00:00:00.000,2,63,40,1508,1508,63,2020-04-27,2,40,0.05,0.0307714442829001,2.20558349979492
Oswego,2020-04-28T00:00:00.000,0,63,39,1547,1547,63,2020-04-28,0,39,0,0.0289885966819097,0
Oswego,2020-04-29T00:00:00.000,0,63,45,1592,1592,63,2020-04-29,0,45,0,0.0272343940057652,0
Oswego,2020-04-30T00:00:00.000,1,64,36,1628,1628,64,2020-04-30,1,36,0.0277777777777778,0.0255231992256862,1.10435084847812
Oswego,2020-05-01T00:00:00.000,2,66,30,1658,1658,66,2020-05-01,2,30,0.0666666666666667,0.023867470944316,2.20843519677949
Oswego,2020-05-02T00:00:00.000,0,66,37,1695,1695,66,2020-05-02,0,37,0,0.0222776338440238,0
Oswego,2020-05-03T00:00:00.000,1,67,44,1739,1739,67,2020-05-03,1,44,0.0227272727272727,0.0207620355752016,1.10485582095962
Oswego,2020-05-04T00:00:00.000,1,68,40,1779,1779,68,2020-05-04,1,40,0.025,0.0193269817490541,1.10944521932252
Oswego,2020-05-05T00:00:00.000,2,70,41,1820,1820,70,2020-05-05,2,41,0.0487804878048781,0.0179768373202666,2.22250365817348
Oswego,2020-05-06T00:00:00.000,0,70,48,1868,1868,70,2020-05-06,0,48,0,0.0167141805468421,0
Oswego,2020-05-07T00:00:00.000,2,72,54,1922,1922,72,2020-05-07,2,54,0.037037037037037,0.015539994898177,2.22558039338566
Oswego,2020-05-08T00:00:00.000,3,75,52,1974,1974,75,2020-05-08,3,52,0.0576923076923077,0.0144538845876145,3.33326454162376
Oswego,2020-05-09T00:00:00.000,0,75,59,2033,2033,75,2020-05-09,0,59,0,0.0134543006186918,0
Oswego,2020-05-10T00:00:00.000,0,75,49,2082,2082,75,2020-05-10,0,49,0,0.0125387660837912,0
Oswego,2020-05-11T00:00:00.000,1,76,53,2135,2135,76,2020-05-11,1,53,0.0188679245283019,0.0117040916645844,1.1079183192805
Oswego,2020-05-12T00:00:00.000,0,76,59,2194,2194,76,2020-05-12,0,59,0,0.0109465746083412,0
Oswego,2020-05-13T00:00:00.000,2,78,64,2258,2258,78,2020-05-13,2,64,0.03125,0.0102621766927258,2.22427207752884
Oswego,2020-05-14T00:00:00.000,2,80,110,2368,2368,80,2020-05-14,2,110,0.0181818181818182,0.00964667869583382,2.22852341516973
Oswego,2020-05-15T00:00:00.000,3,83,241,2609,2609,83,2020-05-15,3,241,0.012448132780083,0.00909581056709727,3.34922894535857
Oswego,2020-05-16T00:00:00.000,1,84,81,2690,2690,84,2020-05-16,1,81,0.0123456790123457,0.00860535781292827,1.12130313371411
Oswego,2020-05-17T00:00:00.000,0,84,197,2887,2887,84,2020-05-17,0,197,0,0.00817124556231909,0
Oswego,2020-05-18T00:00:00.000,5,89,95,2982,2982,89,2020-05-18,5,95,0.0526315789473684,0.0077896023993081,5.6641150639449
Oswego,2020-05-19T00:00:00.000,1,90,129,3111,3111,90,2020-05-19,1,129,0.00775193798449612,0.00745680637871809,1.1421967384395
Oswego,2020-05-20T00:00:00.000,2,92,300,3411,3411,92,2020-05-20,2,300,0.00666666666666667,0.00716951574460799,2.30285679002498
Oswego,2020-05-21T00:00:00.000,4,96,215,3626,3626,96,2020-05-21,4,215,0.0186046511627907,0.00692468679291268,4.64190279085235
Oswego,2020-05-22T00:00:00.000,3,99,302,3928,3928,99,2020-05-22,3,302,0.00993377483443709,0.00671958111982254,3.50621327798455
Oswego,2020-05-23T00:00:00.000,1,100,479,4407,4407,100,2020-05-23,1,479,0.00208768267223382,0.00655176421739679,1.17251237398515
Oswego,2020-05-24T00:00:00.000,4,104,131,4538,4538,104,2020-05-24,4,131,0.0305343511450382,0.0064190970527814,4.70283906906395
Oswego,2020-05-25T00:00:00.000,0,104,175,4713,4713,104,2020-05-25,0,175,0,0.0063197219303338,0
Oswego,2020-05-26T00:00:00.000,1,105,337,5050,5050,105,2020-05-26,1,337,0.0029673590504451,0.00625204360184384,1.17996788473698
Oswego,2020-05-27T00:00:00.000,2,107,260,5310,5310,107,2020-05-27,2,260,0.00769230769230769,0.00621470628186905,2.36225822548929
Oswego,2020-05-28T00:00:00.000,1,108,252,5562,5562,108,2020-05-28,1,252,0.00396825396825397,0.0062065669483604,1.18173602425291
Oswego,2020-05-29T00:00:00.000,0,108,317,5879,5879,108,2020-05-29,0,317,0,0.00622666507679637,0
Oswego,2020-05-30T00:00:00.000,1,109,443,6322,6322,109,2020-05-30,1,443,0.00225733634311512,0.00627418877508569,1.18136400099405
Oswego,2020-05-31T00:00:00.000,1,110,138,6460,6460,110,2020-05-31,1,138,0.0072463768115942,0.00634843716554064,1.18081861549521
Oswego,2020-06-01T00:00:00.000,0,110,308,6768,6768,110,2020-06-01,0,308,0,0.00644877880630275,0
Oswego,2020-06-02T00:00:00.000,2,112,409,7177,7177,112,2020-06-02,2,409,0.00488997555012225,0.00657460596970123,2.37170062852359
Oswego,2020-06-03T00:00:00.000,0,112,185,7362,7362,112,2020-06-03,0,185,0,0.00672528470572136,0
Oswego,2020-06-04T00:00:00.000,0,112,609,7971,7971,112,2020-06-04,0,609,0,0.00690010082440783,0
Oswego,2020-06-05T00:00:00.000,2,114,475,8446,8446,114,2020-06-05,2,475,0.00421052631578947,0.00709820223925231,2.38366539879695
Oswego,2020-06-06T00:00:00.000,1,115,272,8718,8718,115,2020-06-06,1,272,0.00367647058823529,0.00731853852197769,1.19531977837305
Oswego,2020-06-07T00:00:00.000,0,115,414,9132,9132,115,2020-06-07,0,414,0,0.00755979902199508,0
Oswego,2020-06-08T00:00:00.000,0,115,149,9281,9281,115,2020-06-08,0,149,0,0.00782035148281401,0
Oswego,2020-06-09T00:00:00.000,0,115,489,9770,9770,115,2020-06-09,0,489,0,0.00809818371034513,0
Oswego,2020-06-10T00:00:00.000,4,119,297,10067,10067,119,2020-06-10,4,297,0.0134680134680135,0.00839085146465086,4.84511235120438
Oswego,2020-06-11T00:00:00.000,1,120,614,10681,10681,120,2020-06-11,1,614,0.00162866449511401,0.00869543629565344,1.21888604823318
Oswego,2020-06-12T00:00:00.000,2,122,246,10927,10927,122,2020-06-12,2,246,0.00813008130081301,0.0090085174453081,2.45213118454127
Oswego,2020-06-13T00:00:00.000,0,122,274,11201,11201,122,2020-06-13,0,274,0,0.0093261621069761,0
Oswego,2020-06-14T00:00:00.000,4,126,199,11400,11400,126,2020-06-14,4,199,0.0201005025125628,0.00964393818214806,4.95569823610952
Oswego,2020-06-15T00:00:00.000,13,139,197,11597,11597,139,2020-06-15,13,197,0.065989847715736,0.00995695312940485,16.1784996065962
Oswego,2020-06-16T00:00:00.000,0,139,117,11714,11714,139,2020-06-16,0,117,0,0.0102599215129763,0
Oswego,2020-06-17T00:00:00.000,5,144,417,12131,12131,144,2020-06-17,5,417,0.0119904076738609,0.0105472624181525,6.26849382442525
Oswego,2020-06-18T00:00:00.000,23,167,771,12902,12902,167,2020-06-18,23,771,0.0298313878080415,0.0108132260509029,28.9151028239994
Oswego,2020-06-19T00:00:00.000,2,169,351,13253,13253,169,2020-06-19,2,351,0.0056980056980057,0.0110520466824679,2.51980872282031
Oswego,2020-06-20T00:00:00.000,4,173,191,13444,13444,173,2020-06-20,4,191,0.0209424083769634,0.0112581167944532,5.04736984598036
Oswego,2020-06-21T00:00:00.000,0,173,258,13702,13702,173,2020-06-21,0,258,0,0.0114261750387046,0
Oswego,2020-06-22T00:00:00.000,6,179,176,13878,13878,179,2020-06-22,6,176,0.0340909090909091,0.0115514986877176,7.57945986144558
Oswego,2020-06-23T00:00:00.000,9,188,191,14069,14069,188,2020-06-23,9,191,0.0471204188481675,0.0116300898598791,11.3639772939607
Oswego,2020-06-24T00:00:00.000,3,191,343,14412,14412,191,2020-06-24,3,343,0.0087463556851312,0.0116588441714361,3.78364205102776
Oswego,2020-06-25T00:00:00.000,1,192,363,14775,14775,192,2020-06-25,1,363,0.00275482093663912,0.0116356907502311,1.25888747665878
Oswego,2020-06-26T00:00:00.000,2,194,401,15176,15176,194,2020-06-26,2,401,0.00498753117206983,0.0115596937956062,2.51137137591374
Oswego,2020-06-27T00:00:00.000,1,195,127,15303,15303,195,2020-06-27,1,127,0.0078740157480315,0.0114311080502459,1.25161653634453
Oswego,2020-06-28T00:00:00.000,1,196,272,15575,15575,196,2020-06-28,1,272,0.00367647058823529,0.0112513834924507,1.24669463910908
Oswego,2020-06-29T00:00:00.000,1,197,145,15720,15720,197,2020-06-29,1,145,0.00689655172413793,0.0110231180117339,1.2409412647454
Oswego,2020-06-30T00:00:00.000,4,201,233,15953,15953,201,2020-06-30,4,233,0.0171673819742489,0.0107499604686136,4.93753663892875
Oswego,2020-07-01T00:00:00.000,5,206,218,16171,16171,206,2020-07-01,5,218,0.0229357798165138,0.0104364700015189,6.13528642226888
Oswego,2020-07-02T00:00:00.000,0,206,286,16457,16457,206,2020-07-02,0,286,0,0.0100879403919457,0
Oswego,2020-07-03T00:00:00.000,0,206,200,16657,16657,206,2020-07-03,0,200,0,0.00971020045106952,0
Oswego,2020-07-04T00:00:00.000,0,206,221,16878,16878,206,2020-07-04,0,221,0,0.00930940255739858,0
Oswego,2020-07-05T00:00:00.000,0,206,186,17064,17064,206,2020-07-05,0,186,0,0.00889181159260058,0
Oswego,2020-07-06T00:00:00.000,1,207,308,17372,17372,207,2020-07-06,1,308,0.00324675324675325,0.00846360563577262,1.18067272013584
Oswego,2020-07-07T00:00:00.000,3,210,367,17739,17739,210,2020-07-07,3,367,0.00817438692098093,0.00803069804825212,3.51588525666868
Oswego,2020-07-08T00:00:00.000,1,211,358,18097,18097,211,2020-07-08,1,358,0.00279329608938547,0.00759858824813893,1.16261051152684
Oswego,2020-07-09T00:00:00.000,5,216,248,18345,18345,216,2020-07-09,5,248,0.0201612903225806,0.00717224581511475,5.7643341716937
Oswego,2020-07-10T00:00:00.000,3,219,208,18553,18553,219,2020-07-10,3,208,0.0144230769230769,0.00675602986920694,3.42843246145462
Oswego,2020-07-11T00:00:00.000,1,220,139,18692,18692,220,2020-07-11,1,139,0.00719424460431655,0.00635364318036482,1.13251694036328
Oswego,2020-07-12T00:00:00.000,2,222,322,19014,19014,222,2020-07-12,2,322,0.0062111801242236,0.00596811838498621,2.24411971339342
Oswego,2020-07-13T00:00:00.000,3,225,367,19381,19381,225,2020-07-13,3,367,0.00817438692098093,0.00560183213290212,3.33454102350612
Oswego,2020-07-14T00:00:00.000,1,226,349,19730,19730,226,2020-07-14,1,349,0.00286532951289398,0.00525654200666663,1.10095125550509
Oswego,2020-07-15T00:00:00.000,1,227,269,19999,19999,227,2020-07-15,1,269,0.00371747211895911,0.00493344062955616,1.09044360477858
Oswego,2020-07-16T00:00:00.000,0,227,510,20509,20509,227,2020-07-16,0,510,0,0.00463322143219035,0
Oswego,2020-07-17T00:00:00.000,2,229,391,20900,20900,229,2020-07-17,2,391,0.0051150895140665,0.00435615098129817,2.14270157385794
Oswego,2020-07-18T00:00:00.000,0,229,223,21123,21123,229,2020-07-18,0,223,0,0.0041021434670793,0
Oswego,2020-07-19T00:00:00.000,0,229,213,21336,21336,229,2020-07-19,0,213,0,0.00387083378481487,0
Oswego,2020-07-20T00:00:00.000,2,231,398,21734,21734,231,2020-07-20,2,398,0.0050251256281407,0.00366164653013329,2.10810927011519
Oswego,2020-07-21T00:00:00.000,1,232,640,22374,22374,232,2020-07-21,1,640,0.0015625,0.00347385907750803,1.04787990215242
Oswego,2020-07-22T00:00:00.000,2,234,402,22776,22776,234,2020-07-22,2,402,0.00497512437810945,0.00330665766995935,2.08310404002228
Oswego,2020-07-23T00:00:00.000,0,234,402,23178,23178,234,2020-07-23,0,402,0,0.00315918608546661,0
Oswego,2020-07-24T00:00:00.000,2,236,422,23600,23600,236,2020-07-24,2,422,0.004739336492891,0.00303058694445123,2.06671021100059
Oswego,2020-07-25T00:00:00.000,2,238,512,24112,24112,238,2020-07-25,2,512,0.00390625,0.00292003608825901,2.06296983262217
Oswego,2020-07-26T00:00:00.000,1,239,349,24461,24461,239,2020-07-26,1,349,0.00286532951289398,0.0028267707003497,1.02926406030381
Oswego,2020-07-27T00:00:00.000,0,239,311,24772,24772,239,2020-07-27,0,311,0,0.00275011197834326,0
Oswego,2020-07-28T00:00:00.000,0,239,254,25026,25026,239,2020-07-28,0,254,0,0.00268948321641642,0
Oswego,2020-07-29T00:00:00.000,1,240,341,25367,25367,240,2020-07-29,1,341,0.00293255131964809,0.00264442414322674,1.02179913229914
Oswego,2020-07-30T00:00:00.000,1,241,253,25620,25620,241,2020-07-30,1,253,0.00395256916996047,0.00261460229734799,1.0190417507358
Oswego,2020-07-31T00:00:00.000,3,244,413,26033,26033,244,2020-07-31,3,413,0.00726392251815981,0.00259982212653289,3.0511218512964
Oswego,2020-08-01T00:00:00.000,2,246,307,26340,26340,246,2020-08-01,2,307,0.00651465798045603,0.00260003237722712,2.03391229773085
Oswego,2020-08-02T00:00:00.000,2,248,199,26539,26539,248,2020-08-02,2,199,0.0100502512562814,0.00261533220702575,2.03295490763586
Oswego,2020-08-03T00:00:00.000,1,249,459,26998,26998,249,2020-08-03,1,459,0.00217864923747277,0.00264597630825373,1.01617196928731
Oswego,2020-08-04T00:00:00.000,1,250,231,27229,27229,250,2020-08-04,1,231,0.00432900432900433,0.00269237917840701,1.01604082417443
Oswego,2020-08-05T00:00:00.000,1,251,372,27601,27601,251,2020-08-05,1,372,0.00268817204301075,0.00275511851392027,1.0160826032633
Oswego,2020-08-06T00:00:00.000,0,251,328,27929,27929,251,2020-08-06,0,328,0,0.00283493753759634,0
Oswego,2020-08-07T00:00:00.000,2,253,492,28421,28421,253,2020-08-07,2,492,0.0040650406504065,0.00293274589572381,2.04967150900901
Oswego,2020-08-08T00:00:00.000,0,253,218,28639,28639,253,2020-08-08,0,218,0,0.00304961858070991,0
Oswego,2020-08-09T00:00:00.000,0,253,236,28875,28875,253,2020-08-09,0,236,0,0.00318679215015412,0
Oswego,2020-08-10T00:00:00.000,2,255,540,29415,29415,255,2020-08-10,2,540,0.0037037037037037,0.00334565732802882,2.08582084248521
Oswego,2020-08-11T00:00:00.000,2,257,193,29608,29608,257,2020-08-11,2,193,0.0103626943005181,0.00352774689809521,2.0984488989161
Oswego,2020-08-12T00:00:00.000,1,258,330,29938,29938,258,2020-08-12,1,330,0.00303030303030303,0.00373471764456106,1.05550938082807
Oswego,2020-08-13T00:00:00.000,6,264,612,30550,30550,264,2020-08-13,6,612,0.00980392156862745,0.00396832497881247,6.3714720302079
Oswego,2020-08-14T00:00:00.000,7,271,350,30900,30900,271,2020-08-14,7,350,0.02,0.00423038883671943,7.48928652101545
Oswego,2020-08-15T00:00:00.000,0,271,259,31159,31159,271,2020-08-15,0,259,0,0.00452274946563413,0
Oswego,2020-08-16T00:00:00.000,1,272,276,31435,31435,272,2020-08-16,1,276,0.0036231884057971,0.00484721187370893,1.09075269401961
Oswego,2020-08-17T00:00:00.000,0,272,317,31752,31752,272,2020-08-17,0,317,0,0.00520547802140803,0
Oswego,2020-08-18T00:00:00.000,2,274,353,32105,32105,274,2020-08-18,2,353,0.0056657223796034,0.00559906632149942,2.21725973414005
Oswego,2020-08-19T00:00:00.000,2,276,368,32473,32473,276,2020-08-19,2,368,0.00543478260869565,0.00602921870381201,2.23517317027095
Oswego,2020-08-20T00:00:00.000,3,279,410,32883,32883,279,2020-08-20,3,410,0.00731707317073171,0.00649679640207229,3.37985905832027
Oswego,2020-08-21T00:00:00.000,2,281,710,33593,33593,281,2020-08-21,2,710,0.0028169014084507,0.00700216671700669,2.27077069150085
Oswego,2020-08-22T00:00:00.000,1,282,186,33779,33779,282,2020-08-22,1,186,0.00537634408602151,0.00754508426392725,1.14413301680648
Oswego,2020-08-23T00:00:00.000,0,282,180,33959,33959,282,2020-08-23,0,180,0,0.00812457155347427,0
Oswego,2020-08-24T00:00:00.000,3,285,354,34313,34313,285,2020-08-24,3,354,0.00847457627118644,0.00873880506832458,3.49340798930725
Oswego,2020-08-25T00:00:00.000,1,286,153,34466,34466,286,2020-08-25,1,153,0.0065359477124183,0.00938501415773499,1.17330895814407
Oswego,2020-08-26T00:00:00.000,1,287,203,34669,34669,287,2020-08-26,1,203,0.00492610837438424,0.0100594009073357,1.18107866278365
Oswego,2020-08-27T00:00:00.000,1,288,290,34959,34959,288,2020-08-27,1,290,0.00344827586206897,0.0107570894933794,1.18782042480542
Oswego,2020-08-28T00:00:00.000,3,291,489,35448,35448,291,2020-08-28,3,489,0.00613496932515337,0.0114721132405967,3.59041717356318
Oswego,2020-08-29T00:00:00.000,4,295,501,35949,35949,295,2020-08-29,4,501,0.00798403193612774,0.0121974465624506,4.82928206901212
Oswego,2020-08-30T00:00:00.000,8,303,215,36164,36164,303,2020-08-30,8,215,0.0372093023255814,0.012925087113603,9.73955789054111
Oswego,2020-08-31T00:00:00.000,1,304,482,36646,36646,304,2020-08-31,1,482,0.0020746887966805,0.0136461908704735,1.22711594559543
Oswego,2020-09-01T00:00:00.000,3,307,203,36849,36849,307,2020-09-01,3,203,0.0147783251231527,0.0143512595985691,3.7088192216149
Oswego,2020-09-02T00:00:00.000,4,311,351,37200,37200,311,2020-09-02,4,351,0.0113960113960114,0.0150303764981694,4.97942728204065
Oswego,2020-09-03T00:00:00.000,3,314,294,37494,37494,314,2020-09-03,3,294,0.0102040816326531,0.015673482044396,3.75843015867571
Oswego,2020-09-04T00:00:00.000,11,325,708,38202,38202,325,2020-09-04,11,708,0.0155367231638418,0.0162706785166096,13.8608601383923
Oswego,2020-09-05T00:00:00.000,0,325,416,38618,38618,325,2020-09-05,0,416,0,0.0168125488046812,0
Oswego,2020-09-06T00:00:00.000,4,329,240,38858,38858,329,2020-09-06,4,240,0.0166666666666667,0.0172904731218397,5.08942377435727
Oswego,2020-09-07T00:00:00.000,2,331,280,39138,39138,331,2020-09-07,2,280,0.00714285714285714,0.0176969264872865,2.55445558861766
Oswego,2020-09-08T00:00:00.000,0,331,149,39287,39287,331,2020-09-08,0,149,0,0.0180257404031521,0
Oswego,2020-09-09T00:00:00.000,2,333,135,39422,39422,333,2020-09-09,2,135,0.0148148148148148,0.01827231402542,2.56778469253187
Oswego,2020-09-10T00:00:00.000,24,357,498,39920,39920,357,2020-09-10,24,498,0.0481927710843374,0.0184337631839449,30.8589864158171
Oswego,2020-09-11T00:00:00.000,5,362,735,40655,40655,362,2020-09-11,5,735,0.00680272108843537,0.0185089995617005,6.44227316085676
Oswego,2020-09-12T00:00:00.000,26,388,508,41163,41163,388,2020-09-12,26,508,0.0511811023622047,0.0184987368525684,33.5706315728936
Oswego,2020-09-13T00:00:00.000,2,390,293,41456,41456,390,2020-09-13,2,293,0.0068259385665529,0.0184054253655485,2.58584347845963
Oswego,2020-09-14T00:00:00.000,12,402,398,41854,41854,402,2020-09-14,12,398,0.0301507537688442,0.0182331209330361,15.5240367302871
Oswego,2020-09-15T00:00:00.000,7,409,226,42080,42080,409,2020-09-15,7,226,0.0309734513274336,0.0179872977399239,9.05388016952351
Oswego,2020-09-16T00:00:00.000,3,412,320,42400,42400,412,2020-09-16,3,320,0.009375,0.017674617545841,3.87642428857223
Oswego,2020-09-17T00:00:00.000,6,418,416,42816,42816,418,2020-09-17,6,416,0.0144230769230769,0.0173026695397398,7.73915685516866
Oswego,2020-09-18T00:00:00.000,6,424,543,43359,43359,424,2020-09-18,6,543,0.0110497237569061,0.0168796956863717,7.71942536928455
Oswego,2020-09-19T00:00:00.000,23,447,477,43836,43836,447,2020-09-19,23,477,0.0482180293501048,0.0164143159512379,29.4643686458313
Oswego,2020-09-20T00:00:00.000,9,456,348,44184,44184,456,2020-09-20,9,348,0.0258620689655172,0.0159152663628567,11.4665118367989
Oswego,2020-09-21T00:00:00.000,8,464,331,44515,44515,464,2020-09-21,8,331,0.0241691842900302,0.0153911607237891,10.1290004696237
Oswego,2020-09-22T00:00:00.000,4,468,287,44802,44802,468,2020-09-22,4,287,0.0139372822299652,0.0148502841524048,5.02927538960481
Oswego,2020-09-23T00:00:00.000,2,470,326,45128,45128,470,2020-09-23,2,326,0.00613496932515337,0.0143004238165147,2.49539688442549
Oswego,2020-09-24T00:00:00.000,9,479,457,45585,45585,479,2020-09-24,9,457,0.0196936542669584,0.013748739439603,11.1359600166551
Oswego,2020-09-25T00:00:00.000,4,483,520,46105,46105,483,2020-09-25,4,520,0.00769230769230769,0.0132016736342745,4.921556936216
Oswego,2020-09-26T00:00:00.000,10,493,440,46545,46545,493,2020-09-26,10,440,0.0227272727272727,0.0126648999995831,12.2625589528415
Oswego,2020-09-27T00:00:00.000,0,493,297,46842,46842,493,2020-09-27,0,297,0,0.0121433052909444,0
Oswego,2020-09-28T00:00:00.000,6,499,482,47324,47324,499,2020-09-28,6,482,0.012448132780083,0.0116410008703291,7.29616445542485
Oswego,2020-09-29T00:00:00.000,4,503,564,47888,47888,503,2020-09-29,4,564,0.00709219858156028,0.011161358049475,4.84017352588431
Oswego,2020-09-30T00:00:00.000,3,506,466,48354,48354,506,2020-09-30,3,466,0.00643776824034335,0.0107070617871209,3.61067487220394
Oswego,2020-10-01T00:00:00.000,8,514,1026,49380,49380,514,2020-10-01,8,1026,0.00779727095516569,0.0102801774170138,9.57306800036157
Oswego,2020-10-02T00:00:00.000,4,518,676,50056,50056,518,2020-10-02,4,676,0.00591715976331361,0.00988222556689256,4.75732484857695
Oswego,2020-10-03T00:00:00.000,3,521,733,50789,50789,521,2020-10-03,3,733,0.00409276944065484,0.00951426108770363,3.54514113659563
Oswego,2020-10-04T00:00:00.000,2,523,440,51229,51229,523,2020-10-04,2,440,0.00454545454545455,0.00917695256424242,2.34768534397167
Oswego,2020-10-05T00:00:00.000,6,529,389,51618,51618,529,2020-10-05,6,389,0.0154241645244216,0.00887065974859241,6.99467114566035
Oswego,2020-10-06T00:00:00.000,2,531,684,52302,52302,531,2020-10-06,2,684,0.00292397660818713,0.00859550699353301,2.31515982550423
Oswego,2020-10-07T00:00:00.000,5,536,363,52665,52665,536,2020-10-07,5,363,0.0137741046831956,0.00835145142750733,5.7465160986562
Oswego,2020-10-08T00:00:00.000,6,542,824,53489,53489,542,2020-10-08,6,824,0.00728155339805825,0.00813834518235426,6.84601302796321
Oswego,2020-10-09T00:00:00.000,5,547,923,54412,54412,547,2020-10-09,5,923,0.00541711809317443,0.00795599145087505,5.66309558270324
Oswego,2020-10-10T00:00:00.000,3,550,749,55161,55161,550,2020-10-10,3,749,0.00400534045393859,0.00780419451434781,3.37290622355739
Oswego,2020-10-11T00:00:00.000,2,552,581,55742,55742,552,2020-10-11,2,581,0.00344234079173838,0.00768280414592161,2.23223841492984
Oswego,2020-10-12T00:00:00.000,5,557,275,56017,56017,557,2020-10-12,5,275,0.0181818181818182,0.00759175497868462,5.54055192504581
Oswego,2020-10-13T00:00:00.000,9,566,779,56796,56796,566,2020-10-13,9,779,0.0115532734274711,0.00753110153613402,9.90280635634054
Oswego,2020-10-14T00:00:00.000,2,568,738,57534,57534,568,2020-10-14,2,738,0.002710027100271,0.0075010496763982,2.18737634906019
Oswego,2020-10-15T00:00:00.000,11,579,1138,58672,58672,579,2020-10-15,11,1138,0.00966608084358524,0.00750198520772311,11.9692787243708
Oswego,2020-10-16T00:00:00.000,3,582,820,59492,59492,582,2020-10-16,3,820,0.00365853658536585,0.00753450040674964,3.25462446527468
Oswego,2020-10-17T00:00:00.000,2,584,366,59858,59858,584,2020-10-17,2,366,0.00546448087431694,0.00759941911853012,2.16499893209062
Oswego,2020-10-18T00:00:00.000,3,587,804,60662,60662,587,2020-10-18,3,804,0.00373134328358209,0.00769782104773472,3.24209561310158
Oswego,2020-10-19T00:00:00.000,7,594,326,60988,60988,594,2020-10-19,7,326,0.0214723926380368,0.00783106576876822,7.56178077276674
Oswego,2020-10-20T00:00:00.000,5,599,633,61621,61621,599,2020-10-20,5,633,0.00789889415481832,0.00800081688959943,5.40715323176155
Oswego,2020-10-21T00:00:00.000,7,606,586,62207,62207,606,2020-10-21,7,586,0.0119453924914676,0.00820906670657574,7.58074490763036
Oswego,2020-10-22T00:00:00.000,1,607,573,62780,62780,607,2020-10-22,1,573,0.00174520069808028,0.00845816158149626,1.08527705961603
Oswego,2020-10-23T00:00:00.000,2,609,998,63778,63778,609,2020-10-23,2,998,0.00200400801603206,0.00875082816116867,2.17523926075003
Oswego,2020-10-24T00:00:00.000,7,616,388,64166,64166,616,2020-10-24,7,388,0.0180412371134021,0.00909020044292439,7.62983628248142
Oswego,2020-10-25T00:00:00.000,4,620,480,64646,64646,620,2020-10-25,4,480,0.00833333333333333,0.00947984756480115,4.36933587916974
Oswego,2020-10-26T00:00:00.000,3,623,369,65015,65015,623,2020-10-26,3,369,0.00813008130081301,0.00992380207252549,3.28403523043731
Oswego,2020-10-27T00:00:00.000,4,627,755,65770,65770,627,2020-10-27,4,755,0.00529801324503311,0.0104265882788045,4.3879899410269
Oswego,2020-10-28T00:00:00.000,4,631,591,66361,66361,631,2020-10-28,4,591,0.00676818950930626,0.0109932502003774,4.39711876814137
Oswego,2020-10-29T00:00:00.000,8,639,566,66927,66927,639,2020-10-29,8,566,0.0141342756183746,0.0116293784232267,8.81211647718215
Oswego,2020-10-30T00:00:00.000,5,644,822,67749,67749,644,2020-10-30,5,822,0.00608272506082725,0.012341135130463,5.51846363064136
Oswego,2020-10-31T00:00:00.000,4,648,644,68393,68393,648,2020-10-31,4,644,0.0062111801242236,0.0131352764239269,4.42322401030638
Oswego,2020-11-01T00:00:00.000,13,661,366,68759,68759,661,2020-11-01,13,366,0.0355191256830601,0.0140191710093264,14.4020165068641
Oswego,2020-11-02T00:00:00.000,8,669,350,69109,69109,669,2020-11-02,8,350,0.0228571428571429,0.0150008142951281,8.87849026031081
Oswego,2020-11-03T00:00:00.000,9,678,409,69518,69518,678,2020-11-03,9,409,0.0220048899755501,0.0160888370127938,10.0052383484409
Oswego,2020-11-04T00:00:00.000,11,689,756,70274,70274,689,2020-11-04,11,756,0.0145502645502645,0.017292507611109,12.2483886034443
Oswego,2020-11-05T00:00:00.000,22,711,1125,71399,71399,711,2020-11-05,22,1125,0.0195555555555556,0.0186217279404988,24.5343902503284
Oswego,2020-11-06T00:00:00.000,23,734,1106,72505,72505,734,2020-11-06,23,1106,0.0207956600361664,0.0200870221513335,25.686894989395
Oswego,2020-11-07T00:00:00.000,24,758,888,73393,73393,758,2020-11-07,24,888,0.027027027027027,0.0216995192985746,26.8405496894718
Oswego,2020-11-08T00:00:00.000,29,787,1274,74667,74667,787,2020-11-08,29,1274,0.0227629513343799,0.0234709309108335,32.4721447816359
Oswego,2020-11-09T00:00:00.000,22,809,492,75159,75159,809,2020-11-09,22,492,0.0447154471544715,0.0254135257401381,24.6700038417229
Oswego,2020-11-10T00:00:00.000,31,840,743,75902,75902,840,2020-11-10,31,743,0.0417227456258412,0.0275401050880334,34.8765835107424
Oswego,2020-11-11T00:00:00.000,31,871,761,76663,76663,871,2020-11-11,31,761,0.0407358738501971,0.0298639834763403,35.0258059229198
Oswego,2020-11-12T00:00:00.000,26,897,873,77536,77536,897,2020-11-12,26,873,0.0297823596792669,0.0323989810028749,29.6028457300463
Oswego,2020-11-13T00:00:00.000,57,954,1137,78673,78673,954,2020-11-13,57,1137,0.050131926121372,0.0351594354447154,65.4016866754654
Oswego,2020-11-14T00:00:00.000,14,968,308,78981,78981,968,2020-11-14,14,308,0.0454545454545455,0.0381602440046412,16.1884347371458
Oswego,2020-11-15T00:00:00.000,19,987,616,79597,79597,987,2020-11-15,19,616,0.0308441558441558,0.0414169465010635,22.1407113114124
Oswego,2020-11-16T00:00:00.000,19,1006,644,80241,80241,1006,2020-11-16,19,644,0.0295031055900621,0.0449458637018195,22.312196383769
Oswego,2020-11-17T00:00:00.000,47,1053,645,80886,80886,1053,2020-11-17,47,645,0.0728682170542636,0.0487643063656944,55.6185721602116
Oswego,2020-11-18T00:00:00.000,28,1081,1204,82090,82090,1081,2020-11-18,28,1204,0.0232558139534884,0.0528908723445422,33.3880074731868
Otsego,2020-03-01T00:00:00.000,0,0,0,0,0,0,2020-03-01,0,0,0,0.149282177058173,0
Otsego,2020-03-02T00:00:00.000,0,0,0,0,0,0,2020-03-02,0,0,0,0.144271236025838,0
Otsego,2020-03-03T00:00:00.000,0,0,0,0,0,0,2020-03-03,0,0,0,0.139406601916152,0
Otsego,2020-03-04T00:00:00.000,0,0,0,0,0,0,2020-03-04,0,0,0,0.134694542767133,0
Otsego,2020-03-05T00:00:00.000,0,0,0,0,0,0,2020-03-05,0,0,0,0.130143623820401,0
Otsego,2020-03-06T00:00:00.000,0,0,0,0,0,0,2020-03-06,0,0,0,0.125763673652522,0
Otsego,2020-03-07T00:00:00.000,0,0,1,1,1,0,2020-03-07,0,1,0,0.121564912546154,0
Otsego,2020-03-08T00:00:00.000,0,0,1,2,2,0,2020-03-08,0,1,0,0.117557239661615,0
Otsego,2020-03-09T00:00:00.000,0,0,0,2,2,0,2020-03-09,0,0,0,0.113749671849077,0
Otsego,2020-03-10T00:00:00.000,0,0,0,2,2,0,2020-03-10,0,0,0,0.110149922957682,0
Otsego,2020-03-11T00:00:00.000,0,0,0,2,2,0,2020-03-11,0,0,0,0.106764109083912,0
Otsego,2020-03-12T00:00:00.000,0,0,0,2,2,0,2020-03-12,0,0,0,0.103596562450869,0
Otsego,2020-03-13T00:00:00.000,0,0,1,3,3,0,2020-03-13,0,1,0,0.100649734909747,0
Otsego,2020-03-14T00:00:00.000,0,0,2,5,5,0,2020-03-14,0,2,0,0.0979241714557434,0
Otsego,2020-03-15T00:00:00.000,0,0,1,6,6,0,2020-03-15,0,1,0,0.0954185345002204,0
Otsego,2020-03-16T00:00:00.000,0,0,0,6,6,0,2020-03-16,0,0,0,0.0931296610282713,0
Otsego,2020-03-17T00:00:00.000,0,0,1,7,7,0,2020-03-17,0,1,0,0.0910526367095555,0
Otsego,2020-03-18T00:00:00.000,0,0,2,9,9,0,2020-03-18,0,2,0,0.0891808736809662,0
Otsego,2020-03-19T00:00:00.000,0,0,10,19,19,0,2020-03-19,0,10,0,0.0875061815275426,0
Otsego,2020-03-20T00:00:00.000,0,0,20,39,39,0,2020-03-20,0,20,0,0.0860188241476352,0
Otsego,2020-03-21T00:00:00.000,0,0,11,50,50,0,2020-03-21,0,11,0,0.0847075582654606,0
Otsego,2020-03-22T00:00:00.000,1,1,10,60,60,1,2020-03-22,1,10,0.1,0.0835596525050947,1.1542981925008
Otsego,2020-03-23T00:00:00.000,0,1,11,71,71,1,2020-03-23,0,11,0,0.0825608889256731,0
Otsego,2020-03-24T00:00:00.000,1,2,5,76,76,2,2020-03-24,1,5,0.2,0.0816955518195422,1.13765932527027
Otsego,2020-03-25T00:00:00.000,1,3,6,82,82,3,2020-03-25,1,6,0.166666666666667,0.0809464112524866,1.12769475955735
Otsego,2020-03-26T00:00:00.000,2,5,12,94,94,5,2020-03-26,2,12,0.166666666666667,0.0802947112707445,2.23523659233434
Otsego,2020-03-27T00:00:00.000,2,7,19,113,113,7,2020-03-27,2,19,0.105263157894737,0.0797201748122273,2.23358859801836
Otsego,2020-03-28T00:00:00.000,3,10,21,134,134,10,2020-03-28,3,21,0.142857142857143,0.0792010390342621,3.33356812995126
Otsego,2020-03-29T00:00:00.000,7,17,16,150,150,17,2020-03-29,7,16,0.4375,0.0787141357847307,7.73200889916315
Otsego,2020-03-30T00:00:00.000,1,18,8,158,158,18,2020-03-30,1,8,0.125,0.0782350322422101,1.09814556536792
Otsego,2020-03-31T00:00:00.000,1,19,19,177,177,19,2020-03-31,1,19,0.0526315789473684,0.077738245978627,1.09429385267618
Otsego,2020-04-01T00:00:00.000,2,21,17,194,194,21,2020-04-01,2,17,0.117647058823529,0.077197546774682,2.19177784814591
Otsego,2020-04-02T00:00:00.000,0,21,12,206,206,21,2020-04-02,0,12,0,0.0765863542126909,0
Otsego,2020-04-03T00:00:00.000,5,26,53,259,259,26,2020-04-03,5,53,0.0943396226415094,0.0758782353318783,5.48741056877504
Otsego,2020-04-04T00:00:00.000,3,29,25,284,284,29,2020-04-04,3,25,0.12,0.0750475004058228,3.29255757601416
Otsego,2020-04-05T00:00:00.000,5,34,41,325,325,34,2020-04-05,5,41,0.121951219512195,0.0740698874104776,5.48477340406352
Otsego,2020-04-06T00:00:00.000,0,34,43,368,368,34,2020-04-06,0,43,0,0.0729233172584132,0
Otsego,2020-04-07T00:00:00.000,4,38,31,399,399,38,2020-04-07,4,31,0.129032258064516,0.0715886928604055,4.37771759061199
Otsego,2020-04-08T00:00:00.000,1,39,42,441,441,39,2020-04-08,1,42,0.0238095238095238,0.0700507062779797,1.09263330707068
Otsego,2020-04-09T00:00:00.000,2,41,40,481,481,41,2020-04-09,2,40,0.05,0.0682986104337935,2.18565271922761
Otsego,2020-04-10T00:00:00.000,2,43,34,515,515,43,2020-04-10,2,34,0.0588235294117647,0.066326905983504,2.18434785423572
Otsego,2020-04-11T00:00:00.000,0,43,15,530,530,43,2020-04-11,0,15,0,0.0641358911435653,0
Otsego,2020-04-12T00:00:00.000,0,43,35,565,565,43,2020-04-12,0,35,0,0.0617320232287715,0
Otsego,2020-04-13T00:00:00.000,1,44,90,655,655,44,2020-04-13,1,90,0.0111111111111111,0.0591280463763418,1.08594824821413
Otsego,2020-04-14T00:00:00.000,0,44,14,669,669,44,2020-04-14,0,14,0,0.0563428505445224,0
Otsego,2020-04-15T00:00:00.000,0,44,15,684,684,44,2020-04-15,0,15,0,0.0534010424639422,0
Otsego,2020-04-16T00:00:00.000,0,44,9,693,693,44,2020-04-16,0,9,0,0.0503322288187474,0
Otsego,2020-04-17T00:00:00.000,3,47,18,711,711,47,2020-04-17,3,18,0.166666666666667,0.0471700342225725,3.22960568556072
Otsego,2020-04-18T00:00:00.000,1,48,18,729,729,48,2020-04-18,1,18,0.0555555555555556,0.0439508992950986,1.07566478275
Otsego,2020-04-19T00:00:00.000,1,49,10,739,739,49,2020-04-19,1,10,0.1,0.0407127247837902,1.07430770225561
Otsego,2020-04-20T00:00:00.000,0,49,10,749,749,49,2020-04-20,0,10,0,0.0374934435522116,0
Otsego,2020-04-21T00:00:00.000,0,49,15,764,764,49,2020-04-21,0,15,0,0.0343296109078035,0
Otsego,2020-04-22T00:00:00.000,1,50,22,786,786,50,2020-04-22,1,22,0.0454545454545455,0.0312551036813101,1.06723444959903
Otsego,2020-04-23T00:00:00.000,0,50,18,804,804,50,2020-04-23,0,18,0,0.0283000092239123,0
Otsego,2020-04-24T00:00:00.000,10,60,249,1053,1053,60,2020-04-24,10,249,0.0401606425702811,0.025489767983447,10.6003504917881
Otsego,2020-04-25T00:00:00.000,0,60,43,1096,1096,60,2020-04-25,0,43,0,0.0228446097874342,0
Otsego,2020-04-26T00:00:00.000,2,62,38,1134,1134,62,2020-04-26,2,38,0.0526315789473684,0.0203792974010407,2.10195272617198
Otsego,2020-04-27T00:00:00.000,3,65,33,1167,1167,65,2020-04-27,3,33,0.0909090909090909,0.0181031648363414,3.13743997472802
Otsego,2020-04-28T00:00:00.000,1,66,34,1201,1201,66,2020-04-28,1,34,0.0294117647058824,0.0160204153553112,1.04012794753775
Otsego,2020-04-29T00:00:00.000,1,67,45,1246,1246,67,2020-04-29,1,45,0.0222222222222222,0.0141306275579746,1.03405248164055
Otsego,2020-04-30T00:00:00.000,0,67,40,1286,1286,67,2020-04-30,0,40,0,0.0124294085927303,0
Otsego,2020-05-01T00:00:00.000,0,67,88,1374,1374,67,2020-05-01,0,88,0,0.0109091314497626,0
Otsego,2020-05-02T00:00:00.000,0,67,42,1416,1416,67,2020-05-02,0,42,0,0.00955969756528119,0
Otsego,2020-05-03T00:00:00.000,0,67,36,1452,1452,67,2020-05-03,0,36,0,0.00836927491309085,0
Otsego,2020-05-04T00:00:00.000,0,67,87,1539,1539,67,2020-05-04,0,87,0,0.00732497347745315,0
Otsego,2020-05-05T00:00:00.000,0,67,70,1609,1609,67,2020-05-05,0,70,0,0.00641343261139629,0
Otsego,2020-05-06T00:00:00.000,0,67,43,1652,1652,67,2020-05-06,0,43,0,0.00562130673382611,0
Otsego,2020-05-07T00:00:00.000,0,67,44,1696,1696,67,2020-05-07,0,44,0,0.00493564605067434,0
Otsego,2020-05-08T00:00:00.000,0,67,39,1735,1735,67,2020-05-08,0,39,0,0.00434417689677851,0
Otsego,2020-05-09T00:00:00.000,0,67,46,1781,1781,67,2020-05-09,0,46,0,0.00383549174831501,0
Otsego,2020-05-10T00:00:00.000,0,67,40,1821,1821,67,2020-05-10,0,40,0,0.0033991621206028,0
Otsego,2020-05-11T00:00:00.000,0,67,62,1883,1883,67,2020-05-11,0,62,0,0.00302578881633052,0
Otsego,2020-05-12T00:00:00.000,0,67,82,1965,1965,67,2020-05-12,0,82,0,0.00270700378930237,0
Otsego,2020-05-13T00:00:00.000,0,67,45,2010,2010,67,2020-05-13,0,45,0,0.00243543670678989,0
Otsego,2020-05-14T00:00:00.000,0,67,27,2037,2037,67,2020-05-14,0,27,0,0.0022046575411773,0
Otsego,2020-05-15T00:00:00.000,0,67,181,2218,2218,67,2020-05-15,0,181,0,0.00200910452924555,0
Otsego,2020-05-16T00:00:00.000,0,67,50,2268,2268,67,2020-05-16,0,50,0,0.00184400484783698,0
Otsego,2020-05-17T00:00:00.000,0,67,79,2347,2347,67,2020-05-17,0,79,0,0.00170529351978227,0
Otsego,2020-05-18T00:00:00.000,0,67,129,2476,2476,67,2020-05-18,0,129,0,0.00158953447473382,0
Otsego,2020-05-19T00:00:00.000,0,67,124,2600,2600,67,2020-05-19,0,124,0,0.00149384637397013,0
Otsego,2020-05-20T00:00:00.000,0,67,65,2665,2665,67,2020-05-20,0,65,0,0.00141583476898071,0
Otsego,2020-05-21T00:00:00.000,0,67,102,2767,2767,67,2020-05-21,0,102,0,0.00135353136952204,0
Otsego,2020-05-22T00:00:00.000,1,68,90,2857,2857,68,2020-05-22,1,90,0.0111111111111111,0.00130534061448698,0.992099521873042
Otsego,2020-05-23T00:00:00.000,1,69,51,2908,2908,69,2020-05-23,1,51,0.0196078431372549,0.00126999332558803,0.995088603877315
Otsego,2020-05-24T00:00:00.000,0,69,38,2946,2946,69,2020-05-24,0,38,0,0.0012465069387375,0
Otsego,2020-05-25T00:00:00.000,0,69,17,2963,2963,69,2020-05-25,0,17,0,0.00123415161725544,0
Otsego,2020-05-26T00:00:00.000,0,69,243,3206,3206,69,2020-05-26,0,243,0,0.00123242142083874,0
Otsego,2020-05-27T00:00:00.000,1,70,191,3397,3397,70,2020-05-27,1,191,0.00523560209424084,0.0012410096134834,1.00538598757806
Otsego,2020-05-28T00:00:00.000,1,71,128,3525,3525,71,2020-05-28,1,128,0.0078125,0.00125978712068144,1.0075463795972
Otsego,2020-05-29T00:00:00.000,0,71,127,3652,3652,71,2020-05-29,0,127,0,0.00128878308085201,0
Otsego,2020-05-30T00:00:00.000,1,72,184,3836,3836,72,2020-05-30,1,184,0.00543478260869565,0.00132816637072563,1.0114705038554
Otsego,2020-05-31T00:00:00.000,0,72,93,3929,3929,72,2020-05-31,0,93,0,0.00137822691958399,0
Otsego,2020-06-01T00:00:00.000,1,73,189,4118,4118,73,2020-06-01,1,189,0.00529100529100529,0.00143935556848121,1.01868091748984
Otsego,2020-06-02T00:00:00.000,0,73,183,4301,4301,73,2020-06-02,0,183,0,0.0015120211925844,0
Otsego,2020-06-03T00:00:00.000,0,73,112,4413,4413,73,2020-06-03,0,112,0,0.00159674380668914,0
Otsego,2020-06-04T00:00:00.000,0,73,132,4545,4545,73,2020-06-04,0,132,0,0.00169406244348677,0
Otsego,2020-06-05T00:00:00.000,1,74,265,4810,4810,74,2020-06-05,1,265,0.00377358490566038,0.00180449676519552,1.03928837752008
Otsego,2020-06-06T00:00:00.000,0,74,163,4973,4973,74,2020-06-06,0,163,0,0.00192850167547588,0
Otsego,2020-06-07T00:00:00.000,1,75,144,5117,5117,75,2020-06-07,1,144,0.00694444444444444,0.00206641467427705,1.05258324185001
Otsego,2020-06-08T00:00:00.000,0,75,238,5355,5355,75,2020-06-08,0,238,0,0.00221839636767101,0
Otsego,2020-06-09T00:00:00.000,2,77,144,5499,5499,77,2020-06-09,2,144,0.0138888888888889,0.00238436541378986,2.12961502389096
Otsego,2020-06-10T00:00:00.000,1,78,187,5686,5686,78,2020-06-10,1,187,0.0053475935828877,0.00256393023151137,1.07585533507818
Otsego,2020-06-11T00:00:00.000,0,78,148,5834,5834,78,2020-06-11,0,148,0,0.00275632096222085,0
Otsego,2020-06-12T00:00:00.000,2,80,204,6038,6038,80,2020-06-12,2,204,0.00980392156862745,0.00296032635195836,2.19387726272508
Otsego,2020-06-13T00:00:00.000,0,80,54,6092,6092,80,2020-06-13,0,54,0,0.00317424126235593,0
Otsego,2020-06-14T00:00:00.000,0,80,172,6264,6264,80,2020-06-14,0,172,0,0.00339583124008565,0
Otsego,2020-06-15T00:00:00.000,1,81,260,6524,6524,81,2020-06-15,1,260,0.00384615384615385,0.003622320773913,1.1248145739528
Otsego,2020-06-16T00:00:00.000,1,82,233,6757,6757,82,2020-06-16,1,233,0.00429184549356223,0.00385041136063493,1.13279609724447
Otsego,2020-06-17T00:00:00.000,0,82,165,6922,6922,82,2020-06-17,0,165,0,0.00407633415312733,0
Otsego,2020-06-18T00:00:00.000,0,82,237,7159,7159,82,2020-06-18,0,237,0,0.00429593973910979,0
Otsego,2020-06-19T00:00:00.000,0,82,122,7281,7281,82,2020-06-19,0,122,0,0.00450482459312894,0
Otsego,2020-06-20T00:00:00.000,0,82,163,7444,7444,82,2020-06-20,0,163,0,0.0046984901954486,0
Otsego,2020-06-21T00:00:00.000,1,83,138,7582,7582,83,2020-06-21,1,138,0.0072463768115942,0.00487252710125686,1.15978130623679
Otsego,2020-06-22T00:00:00.000,0,83,193,7775,7775,83,2020-06-22,0,193,0,0.00502281284733116,0
Otsego,2020-06-23T00:00:00.000,0,83,86,7861,7861,83,2020-06-23,0,86,0,0.00514571000845119,0
Otsego,2020-06-24T00:00:00.000,0,83,125,7986,7986,83,2020-06-24,0,125,0,0.00523824941035443,0
Otsego,2020-06-25T00:00:00.000,0,83,128,8114,8114,83,2020-06-25,0,128,0,0.0052982837810998,0
Otsego,2020-06-26T00:00:00.000,1,84,162,8276,8276,84,2020-06-26,1,162,0.00617283950617284,0.00532459905905555,1.16202374439163
Otsego,2020-06-27T00:00:00.000,0,84,141,8417,8417,84,2020-06-27,0,141,0,0.00531697403118755,0
Otsego,2020-06-28T00:00:00.000,0,84,158,8575,8575,84,2020-06-28,0,158,0,0.00527618354459297,0
Otsego,2020-06-29T00:00:00.000,0,84,155,8730,8730,84,2020-06-29,0,155,0,0.00520394565496546,0
Otsego,2020-06-30T00:00:00.000,0,84,150,8880,8880,84,2020-06-30,0,150,0,0.00510281809233681,0
Otsego,2020-07-01T00:00:00.000,0,84,120,9000,9000,84,2020-07-01,0,120,0,0.00497605370519151,0
Otsego,2020-07-02T00:00:00.000,0,84,195,9195,9195,84,2020-07-02,0,195,0,0.00482742759253071,0
Otsego,2020-07-03T00:00:00.000,2,86,112,9307,9307,86,2020-07-03,2,112,0.0178571428571429,0.00466105015250569,2.24619335848995
Otsego,2020-07-04T00:00:00.000,0,86,115,9422,9422,86,2020-07-04,0,115,0,0.00448118020315852,0
Otsego,2020-07-05T00:00:00.000,0,86,99,9521,9521,86,2020-07-05,0,99,0,0.00429205084040209,0
Otsego,2020-07-06T00:00:00.000,0,86,166,9687,9687,86,2020-07-06,0,166,0,0.00409771812568148,0
Otsego,2020-07-07T00:00:00.000,0,86,68,9755,9755,86,2020-07-07,0,68,0,0.00390193948976231,0
Otsego,2020-07-08T00:00:00.000,0,86,136,9891,9891,86,2020-07-08,0,136,0,0.00370808536037663,0
Otsego,2020-07-09T00:00:00.000,2,88,127,10018,10018,88,2020-07-09,2,127,0.015748031496063,0.00351908437678352,2.14726968433339
Otsego,2020-07-10T00:00:00.000,0,88,138,10156,10156,88,2020-07-10,0,138,0,0.00333739995197092,0
Otsego,2020-07-11T00:00:00.000,1,89,139,10295,10295,89,2020-07-11,1,139,0.00719424460431655,0.00316503405544769,1.05628293518045
Otsego,2020-07-12T00:00:00.000,0,89,75,10370,10370,89,2020-07-12,0,75,0,0.00300355296916404,0
Otsego,2020-07-13T00:00:00.000,1,90,175,10545,10545,90,2020-07-13,1,175,0.00571428571428571,0.00285412936321853,1.03903258188246
Otsego,2020-07-14T00:00:00.000,1,91,190,10735,10735,91,2020-07-14,1,190,0.00526315789473684,0.00271759521671214,1.03066268810659
Otsego,2020-07-15T00:00:00.000,1,92,171,10906,10906,92,2020-07-15,1,171,0.00584795321637427,0.00259450071701535,1.02257129822379
Otsego,2020-07-16T00:00:00.000,2,94,275,11181,11181,94,2020-07-16,2,275,0.00727272727272727,0.00248517513327353,2.02966799998617
Otsego,2020-07-17T00:00:00.000,0,94,255,11436,11436,94,2020-07-17,0,255,0,0.00238978663349431,0
Otsego,2020-07-18T00:00:00.000,4,98,90,11526,11526,98,2020-07-18,4,90,0.0444444444444444,0.00230839897627491,4.02489946396187
Otsego,2020-07-19T00:00:00.000,0,98,125,11651,11651,98,2020-07-19,0,125,0,0.00224102387801448,0
Otsego,2020-07-20T00:00:00.000,2,100,206,11857,11857,100,2020-07-20,2,206,0.00970873786407767,0.00218766858493146,2.00227455897331
Otsego,2020-07-21T00:00:00.000,1,101,126,11983,11983,101,2020-07-21,1,126,0.00793650793650794,0.00214837874877994,0.998714547578254
Otsego,2020-07-22T00:00:00.000,1,102,148,12131,12131,102,2020-07-22,1,148,0.00675675675675676,0.00212327711371797,0.99642062811899
Otsego,2020-07-23T00:00:00.000,0,102,112,12243,12243,102,2020-07-23,0,112,0,0.00211259878904959,0
Otsego,2020-07-24T00:00:00.000,1,103,160,12403,12403,103,2020-07-24,1,160,0.00625,0.00211672402251383,0.996926954870923
Otsego,2020-07-25T00:00:00.000,0,103,104,12507,12507,103,2020-07-25,0,104,0,0.00213620942761938,0
Otsego,2020-07-26T00:00:00.000,0,103,102,12609,12609,103,2020-07-26,0,102,0,0.00217181857031641,0
Otsego,2020-07-27T00:00:00.000,2,105,171,12780,12780,105,2020-07-27,2,171,0.0116959064327485,0.00222455269765829,2.01070733907139
Otsego,2020-07-28T00:00:00.000,2,107,124,12904,12904,107,2020-07-28,2,124,0.0161290322580645,0.00229568219924395,2.01665432897629
Otsego,2020-07-29T00:00:00.000,0,107,175,13079,13079,107,2020-07-29,0,175,0,0.00238677912847163,0
Otsego,2020-07-30T00:00:00.000,5,112,249,13328,13328,112,2020-07-30,5,249,0.0200803212851406,0.00249975076429441,5.07237191369727
Otsego,2020-07-31T00:00:00.000,0,112,152,13480,13480,112,2020-07-31,0,152,0,0.002636873754753,0
Otsego,2020-08-01T00:00:00.000,0,112,153,13633,13633,112,2020-08-01,0,153,0,0.0028008278278686,0
Otsego,2020-08-02T00:00:00.000,2,114,135,13768,13768,114,2020-08-02,2,135,0.0148148148148148,0.00299472737135134,2.06068110426902
Otsego,2020-08-03T00:00:00.000,1,115,218,13986,13986,115,2020-08-03,1,218,0.00458715596330275,0.00322214835386889,1.03638989289408
Otsego,2020-08-04T00:00:00.000,0,115,193,14179,14179,115,2020-08-04,0,193,0,0.00348714708621914,0
Otsego,2020-08-05T00:00:00.000,0,115,72,14251,14251,115,2020-08-05,0,72,0,0.0037942662193889,0
Otsego,2020-08-06T00:00:00.000,1,116,189,14440,14440,116,2020-08-06,1,189,0.00529100529100529,0.00414852219632136,1.0590106109136
Otsego,2020-08-07T00:00:00.000,0,116,271,14711,14711,116,2020-08-07,0,271,0,0.00455536720008001,0
Otsego,2020-08-08T00:00:00.000,0,116,141,14852,14852,116,2020-08-08,0,141,0,0.00502061761820162,0
Otsego,2020-08-09T00:00:00.000,0,116,145,14997,14997,116,2020-08-09,0,145,0,0.00555034036819231,0
Otsego,2020-08-10T00:00:00.000,2,118,432,15429,15429,118,2020-08-10,2,432,0.00462962962962963,0.00615068835935874,2.21677303179697
Otsego,2020-08-11T00:00:00.000,0,118,160,15589,15589,118,2020-08-11,0,160,0,0.00682767721645703,0
Otsego,2020-08-12T00:00:00.000,0,118,276,15865,15865,118,2020-08-12,0,276,0,0.00758689748274276,0
Otsego,2020-08-13T00:00:00.000,0,118,157,16022,16022,118,2020-08-13,0,157,0,0.00843316015676034,0
Otsego,2020-08-14T00:00:00.000,0,118,183,16205,16205,118,2020-08-14,0,183,0,0.00937007879908739,0
Otsego,2020-08-15T00:00:00.000,0,118,116,16321,16321,118,2020-08-15,0,116,0,0.0103995985802577,0
Otsego,2020-08-16T00:00:00.000,0,118,92,16413,16413,118,2020-08-16,0,92,0,0.0115214912485421,0
Otsego,2020-08-17T00:00:00.000,2,120,203,16616,16616,120,2020-08-17,2,203,0.00985221674876847,0.012732844454633,2.40539676428043
Otsego,2020-08-18T00:00:00.000,2,122,151,16767,16767,122,2020-08-18,2,151,0.0132450331125828,0.0140275831279613,2.43054291781604
Otsego,2020-08-19T00:00:00.000,1,123,219,16986,16986,123,2020-08-19,1,219,0.0045662100456621,0.0153960682873896,1.22742809342383
Otsego,2020-08-20T00:00:00.000,1,124,162,17148,17148,124,2020-08-20,1,162,0.00617283950617284,0.0168248231929625,1.23908888391671
Otsego,2020-08-21T00:00:00.000,0,124,181,17329,17329,124,2020-08-21,0,181,0,0.0182964365278799,0
Otsego,2020-08-22T00:00:00.000,0,124,277,17606,17606,124,2020-08-22,0,277,0,0.0197896861324046,0
Otsego,2020-08-23T00:00:00.000,0,124,199,17805,17805,124,2020-08-23,0,199,0,0.0212799141700824,0
Otsego,2020-08-24T00:00:00.000,0,124,113,17918,17918,124,2020-08-24,0,113,0,0.0227396658675264,0
Otsego,2020-08-25T00:00:00.000,0,124,190,18108,18108,124,2020-08-25,0,190,0,0.0241395806763528,0
Otsego,2020-08-26T00:00:00.000,0,124,283,18391,18391,124,2020-08-26,0,283,0,0.0254494992766757,0
Otsego,2020-08-27T00:00:00.000,1,125,201,18592,18592,125,2020-08-27,1,201,0.00497512437810945,0.026639725456711,1.30057165631815
Otsego,2020-08-28T00:00:00.000,9,134,272,18864,18864,134,2020-08-28,9,272,0.0330882352941176,0.027682361845354,11.7631094749639
Otsego,2020-08-29T00:00:00.000,9,143,286,19150,19150,143,2020-08-29,9,286,0.0314685314685315,0.0285526257068489,11.8304919226613
Otsego,2020-08-30T00:00:00.000,1,144,103,19253,19253,144,2020-08-30,1,103,0.00970873786407767,0.0292300475044514,1.32095754729669
Otsego,2020-08-31T00:00:00.000,35,179,233,19486,19486,179,2020-08-31,35,233,0.150214592274678,0.0296994615322124,46.42237519015
Otsego,2020-09-01T00:00:00.000,10,189,240,19726,19726,189,2020-09-01,10,240,0.0416666666666667,0.0299517139453383,13.3066145293978
Otsego,2020-09-02T00:00:00.000,20,209,495,20221,20221,209,2020-09-02,20,495,0.0404040404040404,0.0299840371805715,26.67727241592
Otsego,2020-09-03T00:00:00.000,26,235,568,20789,20789,235,2020-09-03,26,568,0.0457746478873239,0.0298000682339981,34.7347161643222
Otsego,2020-09-04T00:00:00.000,14,249,353,21142,21142,249,2020-09-04,14,353,0.0396600566572238,0.0294095182986887,18.7168929554171
Otsego,2020-09-05T00:00:00.000,19,268,495,21637,21637,268,2020-09-05,19,495,0.0383838383838384,0.0288275294945995,25.3988330909519
Otsego,2020-09-06T00:00:00.000,17,285,512,22149,22149,285,2020-09-06,17,512,0.033203125,0.0280737779409702,22.7042386222381
Otsego,2020-09-07T00:00:00.000,3,288,183,22332,22332,288,2020-09-07,3,183,0.0163934426229508,0.0271713989814817,3.99954908266122
Otsego,2020-09-08T00:00:00.000,3,291,164,22496,22496,291,2020-09-08,3,164,0.0182926829268293,0.0261458187309378,3.98869362420309
Otsego,2020-09-09T00:00:00.000,0,291,125,22621,22621,291,2020-09-09,0,125,0,0.0250235760069306,0
Otsego,2020-09-10T00:00:00.000,5,296,207,22828,22828,296,2020-09-10,5,207,0.0241545893719807,0.0238312109547527,6.59619719652024
Otsego,2020-09-11T00:00:00.000,16,312,248,23076,23076,312,2020-09-11,16,248,0.0645161290322581,0.0225942828076521,21.0305521640171
Otsego,2020-09-12T00:00:00.000,2,314,337,23413,23413,314,2020-09-12,2,337,0.00593471810089021,0.0213365614375682,2.61947582738945
Otsego,2020-09-13T00:00:00.000,0,314,107,23520,23520,314,2020-09-13,0,107,0,0.0200794179683073,0
Otsego,2020-09-14T00:00:00.000,2,316,143,23663,23663,316,2020-09-14,2,143,0.013986013986014,0.0188414210092929,2.59584451318895
Otsego,2020-09-15T00:00:00.000,2,318,172,23835,23835,318,2020-09-15,2,172,0.0116279069767442,0.0176381288265417,2.58175696026135
Otsego,2020-09-16T00:00:00.000,4,322,491,24326,24326,322,2020-09-16,4,491,0.00814663951120163,0.0164820552644226,5.13258531183535
Otsego,2020-09-17T00:00:00.000,2,324,178,24504,24504,324,2020-09-17,2,178,0.0112359550561798,0.0153827790180831,2.54955604381241
Otsego,2020-09-18T00:00:00.000,1,325,180,24684,24684,325,2020-09-18,1,180,0.00555555555555556,0.0143471619011491,1.26582556071724
Otsego,2020-09-19T00:00:00.000,7,332,199,24883,24883,332,2020-09-19,7,199,0.0351758793969849,0.0133796415319135,8.78596588300871
Otsego,2020-09-20T00:00:00.000,0,332,160,25043,25043,332,2020-09-20,0,160,0,0.0124825665196175,0
Otsego,2020-09-21T00:00:00.000,0,332,193,25236,25236,332,2020-09-21,0,193,0,0.0116565468472989,0
Otsego,2020-09-22T00:00:00.000,1,333,209,25445,25445,333,2020-09-22,1,209,0.00478468899521531,0.0109007977450311,1.21903949844551
Otsego,2020-09-23T00:00:00.000,2,335,301,25746,25746,335,2020-09-23,2,301,0.00664451827242525,0.0102134611875698,2.41280393202273
Otsego,2020-09-24T00:00:00.000,0,335,245,25991,25991,335,2020-09-24,0,245,0,0.00959189460848607,0
Otsego,2020-09-25T00:00:00.000,3,338,285,26276,26276,338,2020-09-25,3,285,0.0105263157894737,0.00903292113614604,3.55372403641864
Otsego,2020-09-26T00:00:00.000,0,338,231,26507,26507,338,2020-09-26,0,231,0,0.0085330394408857,0
Otsego,2020-09-27T00:00:00.000,2,340,152,26659,26659,340,2020-09-27,2,152,0.0131578947368421,0.00808859408768354,2.345630153977
Otsego,2020-09-28T00:00:00.000,0,340,363,27022,27022,340,2020-09-28,0,363,0,0.00769590919499257,0
Otsego,2020-09-29T00:00:00.000,1,341,454,27476,27476,341,2020-09-29,1,454,0.00220264317180617,0.00735138933822059,1.16055620777521
Otsego,2020-09-30T00:00:00.000,1,342,160,27636,27636,342,2020-09-30,1,160,0.00625,0.00705159215689117,1.15432690047262
Otsego,2020-10-01T00:00:00.000,2,344,216,27852,27852,344,2020-10-01,2,216,0.00925925925925926,0.0067932771994456,2.2961434941001
Otsego,2020-10-02T00:00:00.000,0,344,281,28133,28133,344,2020-10-02,0,281,0,0.00657343530377724,0
Otsego,2020-10-03T00:00:00.000,2,346,206,28339,28339,346,2020-10-03,2,206,0.00970873786407767,0.00638930238864933,2.27117243407998
Otsego,2020-10-04T00:00:00.000,1,347,229,28568,28568,347,2020-10-04,1,229,0.00436681222707424,0.0062383610192046,1.12939820936231
Otsego,2020-10-05T00:00:00.000,6,353,621,29189,29189,353,2020-10-05,6,621,0.00966183574879227,0.00611833257245557,6.73961389246916
Otsego,2020-10-06T00:00:00.000,0,353,351,29540,29540,353,2020-10-06,0,351,0,0.00602716231609804,0
Otsego,2020-10-07T00:00:00.000,1,354,296,29836,29836,354,2020-10-07,1,296,0.00337837837837838,0.00596299925715424,1.11123241886353
Otsego,2020-10-08T00:00:00.000,3,357,302,30138,30138,357,2020-10-08,3,302,0.00993377483443709,0.005924172230431,3.31601802492618
Otsego,2020-10-09T00:00:00.000,2,359,233,30371,30371,359,2020-10-09,2,233,0.00858369098712446,0.00590916338810727,2.19885733268532
Otsego,2020-10-10T00:00:00.000,1,360,235,30606,30606,360,2020-10-10,1,235,0.00425531914893617,0.00591658002206205,1.0935969183135
Otsego,2020-10-11T00:00:00.000,0,360,148,30754,30754,360,2020-10-11,0,148,0,0.00594512549217727,0
Otsego,2020-10-12T00:00:00.000,2,362,303,31057,31057,362,2020-10-12,2,303,0.0066006600660066,0.00599356994415713,2.16444901499238
Otsego,2020-10-13T00:00:00.000,0,362,671,31728,31728,362,2020-10-13,0,671,0,0.00606072146119751,0
Otsego,2020-10-14T00:00:00.000,0,362,178,31906,31906,362,2020-10-14,0,178,0,0.0061453983019815,0
Otsego,2020-10-15T00:00:00.000,0,362,178,32084,32084,362,2020-10-15,0,178,0,0.00624640290993904,0
Otsego,2020-10-16T00:00:00.000,2,364,256,32340,32340,364,2020-10-16,2,256,0.0078125,0.0063624984279421,2.13337375684379
Otsego,2020-10-17T00:00:00.000,0,364,190,32530,32530,364,2020-10-17,0,190,0,0.00649238849528104,0
Otsego,2020-10-18T00:00:00.000,3,367,259,32789,32789,367,2020-10-18,3,259,0.0115830115830116,0.00663470112791829,3.19426669894519
Otsego,2020-10-19T00:00:00.000,1,368,775,33564,33564,368,2020-10-19,1,775,0.00129032258064516,0.00678797747190742,1.06492247893753
Otsego,2020-10-20T00:00:00.000,1,369,214,33778,33778,369,2020-10-20,1,214,0.00467289719626168,0.00695066615413382,1.06632080448494
Otsego,2020-10-21T00:00:00.000,5,374,185,33963,33963,374,2020-10-21,5,185,0.027027027027027,0.00712112383329101,5.33837800534514
Otsego,2020-10-22T00:00:00.000,4,378,185,34148,34148,378,2020-10-22,4,185,0.0216216216216216,0.00729762236175614,4.27751119873878
Otsego,2020-10-23T00:00:00.000,6,384,228,34376,34376,384,2020-10-23,6,228,0.0263157894736842,0.0074783627138824,6.42397770310191
Otsego,2020-10-24T00:00:00.000,6,390,451,34827,34827,390,2020-10-24,6,451,0.0133037694013304,0.00766149552572748,6.42898538957693
Otsego,2020-10-25T00:00:00.000,3,393,268,35095,35095,393,2020-10-25,3,268,0.0111940298507463,0.00784514773736006,3.21556040033017
Otsego,2020-10-26T00:00:00.000,5,398,694,35789,35789,398,2020-10-26,5,694,0.00720461095100865,0.00802745446721971,5.35854068932317
Otsego,2020-10-27T00:00:00.000,2,400,470,36259,36259,400,2020-10-27,2,470,0.00425531914893617,0.00820659488738613,2.14208995540446
Otsego,2020-10-28T00:00:00.000,4,404,192,36451,36451,404,2020-10-28,4,192,0.0208333333333333,0.00838083056889895,4.27941388158258
Otsego,2020-10-29T00:00:00.000,6,410,250,36701,36701,410,2020-10-29,6,250,0.024,0.00854854452451259,6.40877552054369
Otsego,2020-10-30T00:00:00.000,5,415,347,37048,37048,415,2020-10-30,5,347,0.0144092219020173,0.00870827905263811,5.32937042675869
Otsego,2020-10-31T00:00:00.000,6,421,216,37264,37264,421,2020-10-31,6,216,0.0277777777777778,0.00885877046552379,6.37857427018118
Otsego,2020-11-01T00:00:00.000,1,422,290,37554,37554,422,2020-11-01,1,290,0.00344827586206897,0.00899897890580625,1.0598076305523
Otsego,2020-11-02T00:00:00.000,0,422,214,37768,37768,422,2020-11-02,0,214,0,0.00912811168158202,0
Otsego,2020-11-03T00:00:00.000,11,433,741,38509,38509,433,2020-11-03,11,741,0.0148448043184885,0.00924563889224086,11.5696132680852
Otsego,2020-11-04T00:00:00.000,4,437,594,39103,39103,437,2020-11-04,4,594,0.00673400673400673,0.00935130052662719,4.18839533089129
Otsego,2020-11-05T00:00:00.000,3,440,246,39349,39349,440,2020-11-05,3,246,0.0121951219512195,0.00944510466687888,3.12602554511407
Otsego,2020-11-06T00:00:00.000,2,442,328,39677,39677,442,2020-11-06,2,328,0.00609756097560976,0.00952731688820902,2.0730953386722
Otsego,2020-11-07T00:00:00.000,2,444,256,39933,39933,444,2020-11-07,2,256,0.0078125,0.00959844135687962,2.06150892842085
Otsego,2020-11-08T00:00:00.000,5,449,188,40121,40121,449,2020-11-08,5,188,0.0265957446808511,0.00965919448454404,5.12299628167534
Otsego,2020-11-09T00:00:00.000,7,456,805,40926,40926,456,2020-11-09,7,805,0.00869565217391304,0.00971047224593297,7.12955000407158
Otsego,2020-11-10T00:00:00.000,0,456,943,41869,41869,456,2020-11-10,0,943,0,0.00975331242136069,0
Otsego,2020-11-11T00:00:00.000,2,458,291,42160,42160,458,2020-11-11,2,291,0.00687285223367698,0.00978885305563125,2.0212258598002
Otsego,2020-11-12T00:00:00.000,1,459,116,42276,42276,459,2020-11-12,1,116,0.00862068965517241,0.00981828836312322,1.01044006274099
Otsego,2020-11-13T00:00:00.000,1,460,158,42434,42434,460,2020-11-13,1,158,0.00632911392405063,0.00984282315122603,1.01023374664593
Otsego,2020-11-14T00:00:00.000,3,463,193,42627,42627,463,2020-11-14,3,193,0.0155440414507772,0.00986362660997284,3.02998602796235
Otsego,2020-11-15T00:00:00.000,3,466,294,42921,42921,466,2020-11-15,3,294,0.0102040816326531,0.00988178606050042,3.02917915823006
Otsego,2020-11-16T00:00:00.000,4,470,635,43556,43556,470,2020-11-16,4,635,0.0062992125984252,0.00989826097997688,4.03771472013662
Otsego,2020-11-17T00:00:00.000,10,480,823,44379,44379,480,2020-11-17,10,823,0.0121506682867558,0.00991383736973077,10.0910405522411
Otsego,2020-11-18T00:00:00.000,12,492,1174,45553,45553,492,2020-11-18,12,1174,0.010221465076661,0.00992908232886754,12.1050490878939
Putnam,2020-03-01T00:00:00.000,0,0,0,0,0,0,2020-03-01,0,0,0,0.0268910091082401,0
Putnam,2020-03-02T00:00:00.000,0,0,0,0,0,0,2020-03-02,0,0,0,0.0301677538442553,0
Putnam,2020-03-03T00:00:00.000,0,0,0,0,0,0,2020-03-03,0,0,0,0.0338283102666677,0
Putnam,2020-03-04T00:00:00.000,0,0,0,0,0,0,2020-03-04,0,0,0,0.0379109828168298,0
Putnam,2020-03-05T00:00:00.000,0,0,1,1,1,0,2020-03-05,0,1,0,0.0424548323167954,0
Putnam,2020-03-06T00:00:00.000,0,0,0,1,1,0,2020-03-06,0,0,0,0.0474987711197325,0
Putnam,2020-03-07T00:00:00.000,0,0,1,2,2,0,2020-03-07,0,1,0,0.0530804286856642,0
Putnam,2020-03-08T00:00:00.000,0,0,0,2,2,0,2020-03-08,0,0,0,0.0592347849132576,0
Putnam,2020-03-09T00:00:00.000,0,0,1,3,3,0,2020-03-09,0,1,0,0.0659925854839969,0
Putnam,2020-03-10T00:00:00.000,0,0,0,3,3,0,2020-03-10,0,0,0,0.0733785747310979,0
Putnam,2020-03-11T00:00:00.000,0,0,7,10,10,0,2020-03-11,0,7,0,0.0814096060054198,0
Putnam,2020-03-12T00:00:00.000,0,0,1,11,11,0,2020-03-12,0,1,0,0.0900927151853534,0
Putnam,2020-03-13T00:00:00.000,0,0,14,25,25,0,2020-03-13,0,14,0,0.0994232668989925,0
Putnam,2020-03-14T00:00:00.000,0,0,3,28,28,0,2020-03-14,0,3,0,0.109383301515806,0
Putnam,2020-03-15T00:00:00.000,2,2,10,38,38,2,2020-03-15,2,10,0.2,0.119940220110735,2.72980960061281
Putnam,2020-03-16T00:00:00.000,0,2,5,43,43,2,2020-03-16,0,5,0,0.131045940841129,0
Putnam,2020-03-17T00:00:00.000,0,2,7,50,50,2,2020-03-17,0,7,0,0.142636641322434,0
Putnam,2020-03-18T00:00:00.000,3,5,32,82,82,5,2020-03-18,3,32,0.09375,0.154633167310621,3.94652962790028
Putnam,2020-03-19T00:00:00.000,2,7,35,117,117,7,2020-03-19,2,35,0.0571428571428571,0.166942140690022,2.60236405888685
Putnam,2020-03-20T00:00:00.000,15,22,79,196,196,22,2020-03-20,15,79,0.189873417721519,0.179457744133869,19.310719597489
Putnam,2020-03-21T00:00:00.000,15,37,75,271,271,37,2020-03-21,15,75,0.2,0.192064102727671,19.0801964107316
Putnam,2020-03-22T00:00:00.000,8,45,47,318,318,45,2020-03-22,8,47,0.170212765957447,0.204638131842794,10.0996656416111
Putnam,2020-03-23T00:00:00.000,22,67,70,388,388,67,2020-03-23,22,70,0.314285714285714,0.217052682703887,27.7832712078516
Putnam,2020-03-24T00:00:00.000,16,83,51,439,439,83,2020-03-24,16,51,0.313725490196078,0.229179797405745,20.1804109438866
Putnam,2020-03-25T00:00:00.000,11,94,75,514,514,94,2020-03-25,11,75,0.146666666666667,0.240893885753751,13.8339775068606
Putnam,2020-03-26T00:00:00.000,17,111,47,561,561,111,2020-03-26,17,47,0.361702127659574,0.252074656063291,21.3023074524193
Putnam,2020-03-27T00:00:00.000,20,131,84,645,645,131,2020-03-27,20,84,0.238095238095238,0.262609666972526,25.1638698687292
Putnam,2020-03-28T00:00:00.000,13,144,41,686,686,144,2020-03-28,13,41,0.317073170731707,0.272396411511197,16.3447575682022
Putnam,2020-03-29T00:00:00.000,23,167,63,749,749,167,2020-03-29,23,63,0.365079365079365,0.281343891663827,28.8562981855157
Putnam,2020-03-30T00:00:00.000,19,186,71,820,820,186,2020-03-30,19,71,0.267605633802817,0.289373685412315,23.7804073693803
Putnam,2020-03-31T00:00:00.000,21,207,57,877,877,207,2020-03-31,21,57,0.368421052631579,0.29642054431095,26.271242337602
Putnam,2020-04-01T00:00:00.000,9,216,46,923,923,216,2020-04-01,9,46,0.195652173913043,0.30243258528801,11.3060670146244
Putnam,2020-04-02T00:00:00.000,36,252,90,1013,1013,252,2020-04-02,36,90,0.4,0.307371154832531,45.3772606761214
Putnam,2020-04-03T00:00:00.000,31,283,96,1109,1109,283,2020-04-03,31,96,0.322916666666667,0.311210447733059,39.1789542245338
Putnam,2020-04-04T00:00:00.000,31,314,78,1187,1187,314,2020-04-04,31,78,0.397435897435897,0.313936957949885,39.2576626383167
Putnam,2020-04-05T00:00:00.000,31,345,122,1309,1309,345,2020-04-05,31,122,0.254098360655738,0.315548828323019,39.3090789716939
Putnam,2020-04-06T00:00:00.000,21,366,72,1381,1381,366,2020-04-06,21,72,0.291666666666667,0.31605515114416,26.6491551891532
Putnam,2020-04-07T00:00:00.000,37,403,115,1496,1496,403,2020-04-07,37,115,0.321739130434783,0.315475255417545,46.9679452428488
Putnam,2020-04-08T00:00:00.000,35,438,158,1654,1654,438,2020-04-08,35,158,0.221518987341772,0.313838000725815,44.4295362828547
Putnam,2020-04-09T00:00:00.000,49,487,169,1823,1823,487,2020-04-09,49,169,0.289940828402367,0.311181083467832,62.3171199849163
Putnam,2020-04-10T00:00:00.000,7,494,18,1841,1841,494,2020-04-10,7,18,0.388888888888889,0.307550349857676,8.91276577052349
Putnam,2020-04-11T00:00:00.000,3,497,12,1853,1853,497,2020-04-11,3,12,0.25,0.302999101957446,3.82192770538361
Putnam,2020-04-12T00:00:00.000,5,502,8,1861,1861,502,2020-04-12,5,8,0.625,0.29758737861489,6.37032725322534
Putnam,2020-04-13T00:00:00.000,56,558,217,2078,2078,558,2020-04-13,56,217,0.258064516129032,0.291381192245691,71.3286418294674
Putnam,2020-04-14T00:00:00.000,13,571,43,2121,2121,571,2020-04-14,13,43,0.302325581395349,0.284451704892733,16.5708792923949
Putnam,2020-04-15T00:00:00.000,2,573,6,2127,2127,573,2020-04-15,2,6,0.333333333333333,0.276874332218128,2.55094551364642
Putnam,2020-04-16T00:00:00.000,5,578,11,2138,2138,578,2020-04-16,5,11,0.454545454545455,0.268727771529701,6.38055392744381
Putnam,2020-04-17T00:00:00.000,4,582,13,2151,2151,582,2020-04-17,4,13,0.307692307692308,0.260092958614852,5.10780698782381
Putnam,2020-04-18T00:00:00.000,10,592,37,2188,2188,592,2020-04-18,10,37,0.27027027027027,0.251051967206555,12.8043205029684
Putnam,2020-04-19T00:00:00.000,7,599,21,2209,2209,599,2020-04-19,7,21,0.333333333333333,0.241686873340194,8.9862608053369
Putnam,2020-04-20T00:00:00.000,6,605,30,2239,2239,605,2020-04-20,6,30,0.2,0.232078613727453,7.72142578958339
Putnam,2020-04-21T00:00:00.000,6,611,31,2270,2270,611,2020-04-21,6,31,0.193548387096774,0.222305871932908,7.73930325018465
Putnam,2020-04-22T00:00:00.000,4,615,19,2289,2289,615,2020-04-22,4,19,0.210526315789474,0.212444027997815,5.17073386199022
Putnam,2020-04-23T00:00:00.000,4,619,25,2314,2314,619,2020-04-23,4,25,0.16,0.202564206088842,5.18118409774532
Putnam,2020-04-24T00:00:00.000,266,885,1134,3448,3448,885,2020-04-24,266,1134,0.234567901234568,0.192732450906248,345.192028404174
Putnam,2020-04-25T00:00:00.000,19,904,112,3560,3560,904,2020-04-25,19,112,0.169642857142857,0.183009057332677,24.6986967697541
Putnam,2020-04-26T00:00:00.000,21,925,127,3687,3687,925,2020-04-26,21,127,0.165354330708661,0.173448069907072,27.3407403084205
Putnam,2020-04-27T00:00:00.000,7,932,82,3769,3769,932,2020-04-27,7,82,0.0853658536585366,0.164096959867144,9.12613342488676
Putnam,2020-04-28T00:00:00.000,14,946,150,3919,3919,946,2020-04-28,14,150,0.0933333333333333,0.154996478651993,18.2717274052614
Putnam,2020-04-29T00:00:00.000,24,970,251,4170,4170,970,2020-04-29,24,251,0.0956175298804781,0.146180678561518,31.3492153575248
Putnam,2020-04-30T00:00:00.000,20,990,144,4314,4314,990,2020-04-30,20,144,0.138888888888889,0.137677084396548,26.141452811359
Putnam,2020-05-01T00:00:00.000,13,1003,115,4429,4429,1003,2020-05-01,13,115,0.11304347826087,0.129506994742549,16.9999130076778
Putnam,2020-05-02T00:00:00.000,10,1013,90,4519,4519,1013,2020-05-02,10,90,0.111111111111111,0.12168588825903,13.0805305787494
Putnam,2020-05-03T00:00:00.000,13,1026,114,4633,4633,1026,2020-05-03,13,114,0.114035087719298,0.114223908929516,17.0332558238145
Putnam,2020-05-04T00:00:00.000,5,1031,87,4720,4720,1031,2020-05-04,5,87,0.0574712643678161,0.107126404486431,6.5833829238749
Putnam,2020-05-05T00:00:00.000,9,1040,96,4816,4816,1040,2020-05-05,9,96,0.09375,0.100394493857047,11.8783100977556
Putnam,2020-05-06T00:00:00.000,26,1066,317,5133,5133,1066,2020-05-06,26,317,0.082018927444795,0.0940256421557266,34.374228884947
Putnam,2020-05-07T00:00:00.000,8,1074,121,5254,5254,1074,2020-05-07,8,121,0.0661157024793388,0.0880142250413747,10.5879889102925
Putnam,2020-05-08T00:00:00.000,6,1080,161,5415,5415,1080,2020-05-08,6,161,0.0372670807453416,0.0823520678839663,7.93357205942102
Putnam,2020-05-09T00:00:00.000,9,1089,155,5570,5570,1089,2020-05-09,9,155,0.0580645161290323,0.0770289488132346,11.882659441988
Putnam,2020-05-10T00:00:00.000,9,1098,122,5692,5692,1098,2020-05-10,9,122,0.0737704918032787,0.0720330581395576,11.8627230336366
Putnam,2020-05-11T00:00:00.000,0,1098,42,5734,5734,1098,2020-05-11,0,42,0,0.0673514096918806,0
Putnam,2020-05-12T00:00:00.000,10,1108,138,5872,5872,1108,2020-05-12,10,138,0.072463768115942,0.062970202218588,13.2226419486838
Putnam,2020-05-13T00:00:00.000,7,1115,151,6023,6023,1115,2020-05-13,7,151,0.0463576158940397,0.0588751311006908,9.27097039451391
Putnam,2020-05-14T00:00:00.000,6,1121,149,6172,6172,1121,2020-05-14,6,149,0.0402684563758389,0.0550516522458437,7.95751948525608
Putnam,2020-05-15T00:00:00.000,6,1127,153,6325,6325,1127,2020-05-15,6,153,0.0392156862745098,0.0514852012049827,7.9663417301407
Putnam,2020-05-16T00:00:00.000,9,1136,131,6456,6456,1136,2020-05-16,9,131,0.0687022900763359,0.0481613713192667,11.9883257841194
Putnam,2020-05-17T00:00:00.000,5,1141,116,6572,6572,1141,2020-05-17,5,116,0.0431034482758621,0.045066055150588,6.68543756118777
Putnam,2020-05-18T00:00:00.000,18,1159,125,6697,6697,1159,2020-05-18,18,125,0.144,0.0421855536107067,24.1434547334095
Putnam,2020-05-19T00:00:00.000,9,1168,155,6852,6852,1168,2020-05-19,9,155,0.0580645161290323,0.0395066571772049,12.1449342190246
Putnam,2020-05-20T00:00:00.000,7,1175,165,7017,7017,1175,2020-05-20,7,165,0.0424242424242424,0.0370167033870382,9.49786006909532
Putnam,2020-05-21T00:00:00.000,12,1187,156,7173,7173,1187,2020-05-21,12,156,0.0769230769230769,0.0347036145141892,16.3611849366332
Putnam,2020-05-22T00:00:00.000,13,1200,236,7409,7409,1200,2020-05-22,13,236,0.0550847457627119,0.0325559189806439,17.7905429877108
Putnam,2020-05-23T00:00:00.000,8,1208,161,7570,7570,1208,2020-05-23,8,161,0.0496894409937888,0.030562759661025,10.9418524065246
Putnam,2020-05-24T00:00:00.000,6,1214,185,7755,7755,1214,2020-05-24,6,185,0.0324324324324324,0.0287138918488532,8.19432506747284
Putnam,2020-05-25T00:00:00.000,8,1222,184,7939,7939,1222,2020-05-25,8,184,0.0434782608695652,0.0269996732595242,10.8990694246208
Putnam,2020-05-26T00:00:00.000,5,1227,125,8064,8064,1227,2020-05-26,5,125,0.04,0.0254110480843216,6.78797524098744
Putnam,2020-05-27T00:00:00.000,9,1236,425,8489,8489,1236,2020-05-27,9,425,0.0211764705882353,0.0239395267667333,12.1649234104903
Putnam,2020-05-28T00:00:00.000,5,1241,194,8683,8683,1241,2020-05-28,5,194,0.0257731958762887,0.0225771628709886,6.72314180217994
Putnam,2020-05-29T00:00:00.000,7,1248,312,8995,8995,1248,2020-05-29,7,312,0.0224358974358974,0.0213165281419566,9.35600874356226
Putnam,2020-05-30T00:00:00.000,4,1252,264,9259,9259,1252,2020-05-30,4,264,0.0151515151515152,0.0201506866215366,5.31027424928805
Putnam,2020-05-31T00:00:00.000,5,1257,247,9506,9506,1257,2020-05-31,5,247,0.0202429149797571,0.0190731684857124,6.59065832595824
Putnam,2020-06-01T00:00:00.000,5,1262,248,9754,9754,1262,2020-06-01,5,248,0.0201612903225806,0.0180779440996645,6.56003671160314
Putnam,2020-06-02T00:00:00.000,2,1264,286,10040,10040,1264,2020-06-02,2,286,0.00699300699300699,0.0171593986469301,2.61049642078623
Putnam,2020-06-03T00:00:00.000,4,1268,311,10351,10351,1268,2020-06-03,4,311,0.0128617363344051,0.0163123075761618,5.1915806559701
Putnam,2020-06-04T00:00:00.000,2,1270,313,10664,10664,1270,2020-06-04,2,313,0.00638977635782748,0.0155318130195514,2.57998676746046
Putnam,2020-06-05T00:00:00.000,4,1274,306,10970,10970,1274,2020-06-05,4,306,0.0130718954248366,0.0148134012645306,5.13128255483931
Putnam,2020-06-06T00:00:00.000,3,1277,203,11173,11173,1277,2020-06-06,3,203,0.0147783251231527,0.0141528813076114,3.8304289445809
Putnam,2020-06-07T00:00:00.000,2,1279,252,11425,11425,1279,2020-06-07,2,252,0.00793650793650794,0.013546364479598,2.54066248518009
Putnam,2020-06-08T00:00:00.000,1,1280,228,11653,11653,1280,2020-06-08,1,228,0.0043859649122807,0.0129902451025744,1.26301538022965
Putnam,2020-06-09T00:00:00.000,2,1282,296,11949,11949,1282,2020-06-09,2,296,0.00675675675675676,0.0124811821194224,2.51298208568621
Putnam,2020-06-10T00:00:00.000,0,1282,319,12268,12268,1282,2020-06-10,0,319,0,0.0120160816254882,0
Putnam,2020-06-11T00:00:00.000,0,1282,253,12521,12521,1282,2020-06-11,0,253,0,0.011592080224884,0
Putnam,2020-06-12T00:00:00.000,3,1285,329,12850,12850,1285,2020-06-12,3,329,0.00911854103343465,0.0112065291312267,3.75938443982008
Putnam,2020-06-13T00:00:00.000,3,1288,209,13059,13059,1288,2020-06-13,3,209,0.0143540669856459,0.0108569789334562,3.75492571132581
Putnam,2020-06-14T00:00:00.000,3,1291,214,13273,13273,1291,2020-06-14,3,214,0.014018691588785,0.0105411649496603,3.74998504579238
Putnam,2020-06-15T00:00:00.000,1,1292,193,13466,13466,1292,2020-06-15,1,193,0.00518134715025907,0.0102569930961962,1.24820020745852
Putnam,2020-06-16T00:00:00.000,2,1294,324,13790,13790,1294,2020-06-16,2,324,0.00617283950617284,0.0100025262043158,2.49253919643997
Putnam,2020-06-17T00:00:00.000,1,1295,185,13975,13975,1295,2020-06-17,1,185,0.00540540540540541,0.00977597072273909,1.24421436766208
Putnam,2020-06-18T00:00:00.000,4,1299,432,14407,14407,1299,2020-06-18,4,432,0.00925925925925926,0.00957566375182014,4.96796190413032
Putnam,2020-06-19T00:00:00.000,2,1301,248,14655,14655,1301,2020-06-19,2,248,0.00806451612903226,0.00940006036241748,2.47934160477346
Putnam,2020-06-20T00:00:00.000,0,1301,241,14896,14896,1301,2020-06-20,0,241,0,0.00924772116203995,0
Putnam,2020-06-21T00:00:00.000,4,1305,253,15149,15149,1305,2020-06-21,4,253,0.0158102766798419,0.00911730008090289,4.93909402958865
Putnam,2020-06-22T00:00:00.000,0,1305,194,15343,15343,1305,2020-06-22,0,194,0,0.00900753236249266,0
Putnam,2020-06-23T00:00:00.000,1,1306,226,15569,15569,1306,2020-06-23,1,226,0.00442477876106195,0.00891722275677786,1.22956785970345
Putnam,2020-06-24T00:00:00.000,5,1311,343,15912,15912,1311,2020-06-24,5,343,0.0145772594752187,0.00884523393042356,6.13428819474042
Putnam,2020-06-25T00:00:00.000,6,1317,216,16128,16128,1317,2020-06-25,6,216,0.0277777777777778,0.00879047512469346,7.34446527025892
Putnam,2020-06-26T00:00:00.000,2,1319,376,16504,16504,1319,2020-06-26,2,376,0.00531914893617021,0.00875189111314035,2.44245458670886
Putnam,2020-06-27T00:00:00.000,4,1323,199,16703,16703,1323,2020-06-27,4,199,0.0201005025125628,0.00872845153087359,4.87322172015356
Putnam,2020-06-28T00:00:00.000,2,1325,213,16916,16916,1325,2020-06-28,2,213,0.00938967136150235,0.00871914067071047,2.43061885956818
Putnam,2020-06-29T00:00:00.000,1,1326,174,17090,17090,1326,2020-06-29,1,174,0.00574712643678161,0.00872294786457079,1.21223580767176
Putnam,2020-06-30T00:00:00.000,3,1329,271,17361,17361,1329,2020-06-30,3,271,0.011070110701107,0.00873885859080142,3.62724072754945
Putnam,2020-07-01T00:00:00.000,3,1332,373,17734,17734,1332,2020-07-01,3,373,0.00804289544235925,0.00876584646974528,3.61751312740176
Putnam,2020-07-02T00:00:00.000,1,1333,308,18042,18042,1333,2020-07-02,1,308,0.00324675324675325,0.00880286632775426,1.20250261707801
Putnam,2020-07-03T00:00:00.000,2,1335,219,18261,18261,1335,2020-07-03,2,219,0.0091324200913242,0.00884884852254284,2.3949002938618
Putnam,2020-07-04T00:00:00.000,1,1336,231,18492,18492,1336,2020-07-04,1,231,0.00432900432900433,0.00890269473032352,1.19552628016007
Putnam,2020-07-05T00:00:00.000,1,1337,217,18709,18709,1337,2020-07-05,1,217,0.00460829493087558,0.00896327539227463,1.19188061987499
Putnam,2020-07-06T00:00:00.000,3,1340,214,18923,18923,1340,2020-07-06,3,214,0.014018691588785,0.00902942900644203,3.5650142521875
Putnam,2020-07-07T00:00:00.000,4,1344,256,19179,19179,1344,2020-07-07,4,256,0.015625,0.00909996342729862,4.7468123623089
Putnam,2020-07-08T00:00:00.000,4,1348,422,19601,19601,1348,2020-07-08,4,422,0.00947867298578199,0.00917365929846941,4.73887448559238
Putnam,2020-07-09T00:00:00.000,7,1355,357,19958,19958,1355,2020-07-09,7,357,0.0196078431372549,0.0092492756953733,8.2779431882139
Putnam,2020-07-10T00:00:00.000,6,1361,438,20396,20396,1361,2020-07-10,6,438,0.0136986301369863,0.00932555799190989,7.08147817114801
Putnam,2020-07-11T00:00:00.000,0,1361,323,20719,20719,1361,2020-07-11,0,323,0,0.00940124789258217,0
Putnam,2020-07-12T00:00:00.000,4,1365,293,21012,21012,1365,2020-07-12,4,293,0.0136518771331058,0.00947509548985173,4.70057117524014
Putnam,2020-07-13T00:00:00.000,11,1376,291,21303,21303,1376,2020-07-13,11,291,0.0378006872852234,0.00954587311847801,12.896030508549
Putnam,2020-07-14T00:00:00.000,6,1382,236,21539,21539,1382,2020-07-14,6,236,0.0254237288135593,0.00961239069180037,7.01669289636079
Putnam,2020-07-15T00:00:00.000,3,1385,398,21937,21937,1385,2020-07-15,3,398,0.00753768844221105,0.00967351211939482,3.49919295970529
Putnam,2020-07-16T00:00:00.000,1,1386,539,22476,22476,1386,2020-07-16,1,539,0.00185528756957328,0.00972817233228306,1.16322153708923
Putnam,2020-07-17T00:00:00.000,4,1390,424,22900,22900,1390,2020-07-17,4,424,0.00943396226415094,0.00977539438150928,4.64616705158448
Putnam,2020-07-18T00:00:00.000,1,1391,286,23186,23186,1391,2020-07-18,1,286,0.0034965034965035,0.00981430603694547,1.16292020937256
Putnam,2020-07-19T00:00:00.000,1,1392,218,23404,23404,1392,2020-07-19,1,218,0.00458715596330275,0.00984415529784779,1.1636983226108
Putnam,2020-07-20T00:00:00.000,1,1393,279,23683,23683,1393,2020-07-20,1,279,0.003584229390681,0.00986432423918894,1.16386394476298
Putnam,2020-07-21T00:00:00.000,1,1394,296,23979,23979,1394,2020-07-21,1,296,0.00337837837837838,0.00987434065736617,1.16327153680329
Putnam,2020-07-22T00:00:00.000,3,1397,320,24299,24299,1397,2020-07-22,3,320,0.009375,0.00987388704886661,3.48587742781262
Putnam,2020-07-23T00:00:00.000,2,1399,385,24684,24684,1399,2020-07-23,2,385,0.00519480519480519,0.00986280654706768,2.32015983282317
Putnam,2020-07-24T00:00:00.000,4,1403,299,24983,24983,1403,2020-07-24,4,299,0.0133779264214047,0.00984110555829049,4.65008932086763
Putnam,2020-07-25T00:00:00.000,1,1404,230,25213,25213,1404,2020-07-25,1,230,0.00434782608695652,0.00980895296615769,1.16435744616232
Putnam,2020-07-26T00:00:00.000,4,1408,256,25469,25469,1408,2020-07-26,4,256,0.015625,0.00976667590984349,4.66049900170073
Putnam,2020-07-27T00:00:00.000,4,1412,282,25751,25751,1412,2020-07-27,4,282,0.0141843971631206,0.00971475227804835,4.6601271026163
Putnam,2020-07-28T00:00:00.000,4,1416,295,26046,26046,1416,2020-07-28,4,295,0.0135593220338983,0.0096538001880246,4.6562909820981
Putnam,2020-07-29T00:00:00.000,2,1418,422,26468,26468,1418,2020-07-29,2,422,0.004739336492891,0.00958456483085688,2.32444702975784
Putnam,2020-07-30T00:00:00.000,3,1421,286,26754,26754,1421,2020-07-30,3,286,0.0104895104895105,0.00950790315613504,3.47841298384783
Putnam,2020-07-31T00:00:00.000,4,1425,309,27063,27063,1425,2020-07-31,4,309,0.0129449838187702,0.00942476693229706,4.62733548386019
Putnam,2020-08-01T00:00:00.000,3,1428,213,27276,27276,1428,2020-08-01,3,213,0.0140845070422535,0.00933618475689362,3.46690985450613
Putnam,2020-08-02T00:00:00.000,5,1433,222,27498,27498,1433,2020-08-02,5,222,0.0225225225225225,0.00924324359726918,5.76630364714132
Putnam,2020-08-03T00:00:00.000,4,1437,245,27743,27743,1437,2020-08-03,4,245,0.0163265306122449,0.00914707042180712,4.60147227206321
Putnam,2020-08-04T00:00:00.000,2,1439,292,28035,28035,1439,2020-08-04,2,292,0.00684931506849315,0.00904881443716746,2.29396453659767
Putnam,2020-08-05T00:00:00.000,5,1444,337,28372,28372,1444,2020-08-05,5,337,0.0148367952522255,0.00894963038134597,5.71564835120687
Putnam,2020-08-06T00:00:00.000,2,1446,288,28660,28660,1446,2020-08-06,2,288,0.00694444444444444,0.00885066324115005,2.28474926939064
Putnam,2020-08-07T00:00:00.000,1,1447,320,28980,28980,1447,2020-08-07,1,320,0.003125,0.0087530346738515,1.14325389586413
Putnam,2020-08-08T00:00:00.000,2,1449,276,29256,29256,1449,2020-08-08,2,276,0.0072463768115942,0.00865783131818899,2.28784227931424
Putnam,2020-08-09T00:00:00.000,0,1449,256,29512,29512,1449,2020-08-09,0,256,0,0.00856609508720579,0
Putnam,2020-08-10T00:00:00.000,0,1449,310,29822,29822,1449,2020-08-10,0,310,0,0.00847881544970987,0
Putnam,2020-08-11T00:00:00.000,1,1450,267,30089,30089,1450,2020-08-11,1,267,0.00374531835205993,0.00839692362859647,1.14427571396784
Putnam,2020-08-12T00:00:00.000,5,1455,360,30449,30449,1455,2020-08-12,5,360,0.0138888888888889,0.00832128857914378,5.7177528992674
Putnam,2020-08-13T00:00:00.000,2,1457,365,30814,30814,1457,2020-08-13,2,365,0.00547945205479452,0.00825271455799207,2.28516458893967
Putnam,2020-08-14T00:00:00.000,2,1459,498,31312,31312,1459,2020-08-14,2,498,0.00401606425702811,0.00819194005423923,2.28598327890615
Putnam,2020-08-15T00:00:00.000,2,1461,454,31766,31766,1461,2020-08-15,2,454,0.00440528634361234,0.00813963782827452,2.29121587276171
Putnam,2020-08-16T00:00:00.000,2,1463,266,32032,32032,1463,2020-08-16,2,266,0.0075187969924812,0.00809641579173078,2.29634094702061
Putnam,2020-08-17T00:00:00.000,0,1463,318,32350,32350,1463,2020-08-17,0,318,0,0.00806281845817698,0
Putnam,2020-08-18T00:00:00.000,3,1466,346,32696,32696,1466,2020-08-18,3,346,0.00867052023121387,0.00803932870250277,3.44840484552561
Putnam,2020-08-19T00:00:00.000,2,1468,354,33050,33050,1468,2020-08-19,2,354,0.00564971751412429,0.00802636958169022,2.30004846542765
Putnam,2020-08-20T00:00:00.000,2,1470,411,33461,33461,1470,2020-08-20,2,411,0.0048661800486618,0.00802430599020475,2.30132605122296
Putnam,2020-08-21T00:00:00.000,3,1473,401,33862,33862,1473,2020-08-21,3,401,0.00748129675810474,0.00803344595014947,3.45327752556087
Putnam,2020-08-22T00:00:00.000,0,1473,361,34223,34223,1473,2020-08-22,0,361,0,0.00805404136651947,0
Putnam,2020-08-23T00:00:00.000,2,1475,294,34517,34517,1475,2020-08-23,2,294,0.00680272108843537,0.00808628810968848,2.3081531803155
Putnam,2020-08-24T00:00:00.000,5,1480,233,34750,34750,1480,2020-08-24,5,233,0.0214592274678112,0.00813032532487705,5.78047657966432
Putnam,2020-08-25T00:00:00.000,2,1482,336,35086,35086,1482,2020-08-25,2,336,0.00595238095238095,0.00818623390459742,2.31476711512124
Putnam,2020-08-26T00:00:00.000,5,1487,403,35489,35489,1487,2020-08-26,5,403,0.0124069478908189,0.00825403410150979,5.78972908045495
Putnam,2020-08-27T00:00:00.000,5,1492,381,35870,35870,1492,2020-08-27,5,381,0.0131233595800525,0.00833368230071726,5.78941935834
Putnam,2020-08-28T00:00:00.000,2,1494,426,36296,36296,1494,2020-08-28,2,426,0.00469483568075117,0.00842506701583777,2.32084772942937
Putnam,2020-08-29T00:00:00.000,6,1500,396,36692,36692,1500,2020-08-29,6,396,0.0151515151515152,0.00852800421858077,6.98926777689488
Putnam,2020-08-30T00:00:00.000,1,1501,230,36922,36922,1501,2020-08-30,1,230,0.00434782608695652,0.00864223216086899,1.16941457219466
Putnam,2020-08-31T00:00:00.000,4,1505,376,37298,37298,1505,2020-08-31,4,376,0.0106382978723404,0.00876740589597559,4.69603751864427
Putnam,2020-09-01T00:00:00.000,5,1510,420,37718,37718,1510,2020-09-01,5,420,0.0119047619047619,0.00890309175408416,5.89317716798946
Putnam,2020-09-02T00:00:00.000,8,1518,400,38118,38118,1518,2020-09-02,8,400,0.02,0.00904876207294639,9.46610507936795
Putnam,2020-09-03T00:00:00.000,5,1523,337,38455,38455,1523,2020-09-03,5,337,0.0148367952522255,0.00920379052615695,5.93930129903518
Putnam,2020-09-04T00:00:00.000,5,1528,360,38815,38815,1528,2020-09-04,5,360,0.0138888888888889,0.00936744842466432,5.96196009922522
Putnam,2020-09-05T00:00:00.000,3,1531,314,39129,39129,1531,2020-09-05,3,314,0.00955414012738853,0.00953890239124303,3.59046349762703
Putnam,2020-09-06T00:00:00.000,3,1534,240,39369,39369,1534,2020-09-06,3,240,0.0125,0.00971721381665287,3.60332442699295
Putnam,2020-09-07T00:00:00.000,5,1539,143,39512,39512,1539,2020-09-07,5,143,0.034965034965035,0.00990134049891348,6.02584532947672
Putnam,2020-09-08T00:00:00.000,2,1541,346,39858,39858,1541,2020-09-08,2,346,0.00578034682080925,0.0100901408384632,2.41762488980057
Putnam,2020-09-09T00:00:00.000,0,1541,312,40170,40170,1541,2020-09-09,0,312,0,0.0102823809124368,0
Putnam,2020-09-10T00:00:00.000,9,1550,377,40547,40547,1550,2020-09-10,9,377,0.0238726790450928,0.0104767446754568,10.9363943187593
Putnam,2020-09-11T00:00:00.000,4,1554,370,40917,40917,1554,2020-09-11,4,370,0.0108108108108108,0.01067184743717,4.87769666466744
Putnam,2020-09-12T00:00:00.000,3,1557,348,41265,41265,1557,2020-09-12,3,348,0.00862068965517241,0.0108662526457232,3.67283307685951
Putnam,2020-09-13T00:00:00.000,4,1561,205,41470,41470,1561,2020-09-13,4,205,0.0195121951219512,0.0110584918686864,4.91481566121764
Putnam,2020-09-14T00:00:00.000,3,1564,334,41804,41804,1564,2020-09-14,3,334,0.00898203592814371,0.0112470877112454,3.69796313403022
Putnam,2020-09-15T00:00:00.000,1,1565,270,42074,42074,1565,2020-09-15,1,270,0.0037037037037037,0.011430579256854,1.23608100823769
Putnam,2020-09-16T00:00:00.000,2,1567,364,42438,42438,1567,2020-09-16,2,364,0.00549450549450549,0.0116075494633223,2.47787331593556
Putnam,2020-09-17T00:00:00.000,2,1569,347,42785,42785,1569,2020-09-17,2,347,0.00576368876080692,0.0117766538105108,2.48235147870305
Putnam,2020-09-18T00:00:00.000,4,1573,391,43176,43176,1573,2020-09-18,4,391,0.010230179028133,0.0119366493831274,4.9710198376149
Putnam,2020-09-19T00:00:00.000,1,1574,431,43607,43607,1574,2020-09-19,1,431,0.00232018561484919,0.0120864234922594,1.24244394937558
Putnam,2020-09-20T00:00:00.000,3,1577,343,43950,43950,1577,2020-09-20,3,343,0.0087463556851312,0.0122250209039018,3.72266228064483
Putnam,2020-09-21T00:00:00.000,6,1583,357,44307,44307,1583,2020-09-21,6,357,0.0168067226890756,0.0123516687504398,7.43144522253102
Putnam,2020-09-22T00:00:00.000,4,1587,294,44601,44601,1587,2020-09-22,4,294,0.0136054421768707,0.0124657982638929,4.94201375844569
Putnam,2020-09-23T00:00:00.000,2,1589,346,44947,44947,1589,2020-09-23,2,346,0.00578034682080925,0.0125670625765054,2.46336130647863
Putnam,2020-09-24T00:00:00.000,5,1594,401,45348,45348,1594,2020-09-24,5,401,0.0124688279301746,0.0126553499882144,6.13558936104964
Putnam,2020-09-25T00:00:00.000,3,1597,396,45744,45744,1597,2020-09-25,3,396,0.00757575757575758,0.0127307922901997,3.67778571097363
Putnam,2020-09-26T00:00:00.000,2,1599,323,46067,46067,1599,2020-09-26,2,323,0.00619195046439629,0.0127937679469438,2.45499591815045
Putnam,2020-09-27T00:00:00.000,5,1604,223,46290,46290,1604,2020-09-27,5,223,0.0224215246636771,0.0128449001667357,6.14165354367293
Putnam,2020-09-28T00:00:00.000,8,1612,397,46687,46687,1612,2020-09-28,8,397,0.0201511335012594,0.01288505011577,9.82749722963309
Putnam,2020-09-29T00:00:00.000,5,1617,292,46979,46979,1617,2020-09-29,5,292,0.0171232876712329,0.0129153057400456,6.13917071264673
Putnam,2020-09-30T00:00:00.000,12,1629,422,47401,47401,1629,2020-09-30,12,422,0.028436018957346,0.0129369668432303,14.7185351901798
Putnam,2020-10-01T00:00:00.000,8,1637,487,47888,47888,1637,2020-10-01,8,487,0.0164271047227926,0.0129515272129049,9.79677606626478
Putnam,2020-10-02T00:00:00.000,9,1646,530,48418,48418,1646,2020-10-02,9,530,0.0169811320754717,0.0129606546889629,10.9982235668106
Putnam,2020-10-03T00:00:00.000,4,1650,414,48832,48832,1650,2020-10-03,4,414,0.00966183574879227,0.0129661701220761,4.87546374558057
Putnam,2020-10-04T00:00:00.000,2,1652,396,49228,49228,1652,2020-10-04,2,396,0.00505050505050505,0.01297002617529,2.43032371836715
Putnam,2020-10-05T00:00:00.000,4,1656,433,49661,49661,1656,2020-10-05,4,433,0.0092378752886836,0.0129742868836643,4.84382896032837
Putnam,2020-10-06T00:00:00.000,5,1661,395,50056,50056,1661,2020-10-06,5,395,0.0126582278481013,0.0129811088105505,6.03149560246475
Putnam,2020-10-07T00:00:00.000,8,1669,699,50755,50755,1669,2020-10-07,8,699,0.011444921316166,0.0129927245317661,9.60989046350243
Putnam,2020-10-08T00:00:00.000,4,1673,574,51329,51329,1673,2020-10-08,4,574,0.00696864111498258,0.013011429050698,4.78327501472456
Putnam,2020-10-09T00:00:00.000,2,1675,477,51806,51806,1675,2020-10-09,2,477,0.00419287211740042,0.0130395696072049,2.37996613827204
Putnam,2020-10-10T00:00:00.000,8,1683,528,52334,52334,1683,2020-10-10,8,528,0.0151515151515152,0.0130795391992993,9.47107846975785
Putnam,2020-10-11T00:00:00.000,6,1689,482,52816,52816,1689,2020-10-11,6,482,0.012448132780083,0.013133773998175,7.06559613965258
Putnam,2020-10-12T00:00:00.000,9,1698,468,53284,53284,1698,2020-10-12,9,468,0.0192307692307692,0.0132047547073077,10.5405761459734
Putnam,2020-10-13T00:00:00.000,7,1705,479,53763,53763,1705,2020-10-13,7,479,0.0146137787056367,0.0132950118036285,8.15261323780737
Putnam,2020-10-14T00:00:00.000,5,1710,481,54244,54244,1710,2020-10-14,5,481,0.0103950103950104,0.013407134500114,5.7954199724656
Putnam,2020-10-15T00:00:00.000,6,1716,587,54831,54831,1716,2020-10-15,6,587,0.010221465076661,0.013543783190172,6.92600697420797
Putnam,2020-10-16T00:00:00.000,15,1731,531,55362,55362,1731,2020-10-16,15,531,0.0282485875706215,0.0137077050689646,17.276744799203
Putnam,2020-10-17T00:00:00.000,5,1736,501,55863,55863,1736,2020-10-17,5,501,0.00998003992015968,0.0139017525770706,5.74945409610815
Putnam,2020-10-18T00:00:00.000,3,1739,509,56372,56372,1739,2020-10-18,3,509,0.00589390962671906,0.0141289042710497,3.44508455637683
Putnam,2020-10-19T00:00:00.000,13,1752,490,56862,56862,1752,2020-10-19,13,490,0.026530612244898,0.0143922876902876,14.9245171947164
Putnam,2020-10-20T00:00:00.000,3,1755,411,57273,57273,1755,2020-10-20,3,411,0.0072992700729927,0.0146952037586507,3.44765702637042
Putnam,2020-10-21T00:00:00.000,13,1768,594,57867,57867,1768,2020-10-21,13,594,0.0218855218855219,0.0150411522236262,14.9573937783188
Putnam,2020-10-22T00:00:00.000,12,1780,623,58490,58490,1780,2020-10-22,12,623,0.0192616372391653,0.0154338575973961,13.8306222651151
Putnam,2020-10-23T00:00:00.000,8,1788,590,59080,59080,1788,2020-10-23,8,590,0.0135593220338983,0.0158772950171007,9.23506082973462
Putnam,2020-10-24T00:00:00.000,6,1794,437,59517,59517,1794,2020-10-24,6,437,0.0137299771167048,0.0163757153853651,6.93635180017729
Putnam,2020-10-25T00:00:00.000,6,1800,398,59915,59915,1800,2020-10-25,6,398,0.0150753768844221,0.0169336690895516,6.94547034846006
Putnam,2020-10-26T00:00:00.000,5,1805,454,60369,60369,1805,2020-10-26,5,454,0.0110132158590308,0.0175560275250978,5.79470555337496
Putnam,2020-10-27T00:00:00.000,7,1812,522,60891,60891,1812,2020-10-27,7,522,0.0134099616858238,0.0182480015800062,8.12102748901192
Putnam,2020-10-28T00:00:00.000,13,1825,755,61646,61646,1825,2020-10-28,13,755,0.0172185430463576,0.0190151561653106,15.0955498147568
Putnam,2020-10-29T00:00:00.000,8,1833,460,62106,62106,1833,2020-10-29,8,460,0.0173913043478261,0.0198634198282456,9.29672492019543
Putnam,2020-10-30T00:00:00.000,12,1845,585,62691,62691,1845,2020-10-30,12,585,0.0205128205128205,0.0207990884543899,13.9539880209727
Putnam,2020-10-31T00:00:00.000,16,1861,461,63152,63152,1861,2020-10-31,16,461,0.03470715835141,0.0218288220861516,18.6147854144865
Putnam,2020-11-01T00:00:00.000,8,1869,508,63660,63660,1869,2020-11-01,8,508,0.015748031496063,0.0229596339577048,9.31095444222095
Putnam,2020-11-02T00:00:00.000,5,1874,454,64114,64114,1874,2020-11-02,5,454,0.0110132158590308,0.0241988710097528,5.82086017337247
Putnam,2020-11-03T00:00:00.000,9,1883,528,64642,64642,1883,2020-11-03,9,528,0.0170454545454545,0.0255541854061841,10.4790322745936
Putnam,2020-11-04T00:00:00.000,13,1896,652,65294,65294,1896,2020-11-04,13,652,0.0199386503067485,0.0270334969632284,15.1367991789758
Putnam,2020-11-05T00:00:00.000,25,1921,562,65856,65856,1921,2020-11-05,25,562,0.0444839857651246,0.0286449469335634,29.1068629697528
Putnam,2020-11-06T00:00:00.000,16,1937,535,66391,66391,1937,2020-11-06,16,535,0.0299065420560748,0.0303968442767538,18.6249472297036
Putnam,2020-11-07T00:00:00.000,11,1948,549,66940,66940,1948,2020-11-07,11,549,0.0200364298724954,0.0322976064103345,12.8010287144888
Putnam,2020-11-08T00:00:00.000,30,1978,665,67605,67605,1978,2020-11-08,30,665,0.0451127819548872,0.0343556974549261,34.8964362054759
Putnam,2020-11-09T00:00:00.000,26,2004,507,68112,68112,2004,2020-11-09,26,507,0.0512820512820513,0.0365795681661181,30.2368990232135
Putnam,2020-11-10T00:00:00.000,26,2030,481,68593,68593,2030,2020-11-10,26,481,0.0540540540540541,0.0389776030352549,30.2852067451798
Putnam,2020-11-11T00:00:00.000,29,2059,701,69294,69294,2059,2020-11-11,29,701,0.0413694721825963,0.0415580814180116,33.8668821334219
Putnam,2020-11-12T00:00:00.000,32,2091,589,69883,69883,2091,2020-11-12,32,589,0.0543293718166384,0.0443291609333686,37.5946380781436
Putnam,2020-11-13T00:00:00.000,43,2134,669,70552,70552,2134,2020-11-13,43,669,0.0642750373692078,0.0472988927171632,50.8233697415849
Putnam,2020-11-14T00:00:00.000,19,2153,634,71186,71186,2153,2020-11-14,19,634,0.0299684542586751,0.0504752793397873,22.5931706612854
Putnam,2020-11-15T00:00:00.000,33,2186,524,71710,71710,2186,2020-11-15,33,524,0.0629770992366412,0.0538663872343773,39.47897653743
Putnam,2020-11-16T00:00:00.000,57,2243,913,72623,72623,2243,2020-11-16,57,913,0.0624315443592552,0.0574805263082247,68.6035641381691
Putnam,2020-11-17T00:00:00.000,26,2269,472,73095,73095,2269,2020-11-17,26,472,0.0550847457627119,0.0613265100012095,31.481103372809
Putnam,2020-11-18T00:00:00.000,37,2306,801,73896,73896,2306,2020-11-18,37,801,0.0461922596754057,0.0654140094546741,45.0674721157685
Queens,2020-03-01T00:00:00.000,0,0,0,0,0,0,2020-03-01,0,0,0,0.100563631122609,0
Queens,2020-03-02T00:00:00.000,0,0,0,0,0,0,2020-03-02,0,0,0,0.112706580930468,0
Queens,2020-03-03T00:00:00.000,0,0,2,2,2,0,2020-03-03,0,2,0,0.126101469405345,0
Queens,2020-03-04T00:00:00.000,0,0,0,2,2,0,2020-03-04,0,0,0.0833333333333333,0.140810327831354,0
Queens,2020-03-05T00:00:00.000,1,1,6,8,8,1,2020-03-05,1,6,0.166666666666667,0.156874591139476,1.76370694503677
Queens,2020-03-06T00:00:00.000,1,2,10,18,18,2,2020-03-06,1,10,0.1,0.174308965916805,1.73334117667146
Queens,2020-03-07T00:00:00.000,0,2,14,32,32,2,2020-03-07,0,14,0,0.193095569890582,0
Queens,2020-03-08T00:00:00.000,1,3,13,45,45,3,2020-03-08,1,13,0.0769230769230769,0.213178939883887,1.68893955766617
Queens,2020-03-09T00:00:00.000,0,3,15,60,60,3,2020-03-09,0,15,0,0.234462561914413,0
Queens,2020-03-10T00:00:00.000,4,7,18,78,78,7,2020-03-10,4,18,0.222222222222222,0.256807543380166,6.57469439557099
Queens,2020-03-11T00:00:00.000,5,12,44,122,122,12,2020-03-11,5,44,0.113636363636364,0.280033902696819,8.10468982344217
Queens,2020-03-12T00:00:00.000,15,27,74,196,196,27,2020-03-12,15,74,0.202702702702703,0.303924697976262,23.9729075778681
Queens,2020-03-13T00:00:00.000,30,57,154,350,350,57,2020-03-13,30,154,0.194805194805195,0.328232882713279,47.2649655602103
Queens,2020-03-14T00:00:00.000,18,75,110,460,460,75,2020-03-14,18,110,0.163636363636364,0.352690418482851,27.9525562559818
Queens,2020-03-15T00:00:00.000,49,124,198,658,658,124,2020-03-15,49,198,0.247474747474747,0.377018862518865,74.9960284098737
Queens,2020-03-16T00:00:00.000,38,162,136,794,794,162,2020-03-16,38,136,0.279411764705882,0.400940447481884,57.3197126207445
Queens,2020-03-17T00:00:00.000,123,285,371,1165,1165,285,2020-03-17,123,371,0.331536388140162,0.424188624505796,182.858055589796
Queens,2020-03-18T00:00:00.000,336,621,768,1933,1933,621,2020-03-18,336,768,0.4375,0.446517154609018,491.458600862596
Queens,2020-03-19T00:00:00.000,519,1140,1179,3112,3112,1140,2020-03-19,519,1179,0.440203562340967,0.467707077321887,748.593774066069
Queens,2020-03-20T00:00:00.000,491,1631,1218,4330,4330,1631,2020-03-20,491,1218,0.40311986863711,0.487571201431207,698.548034372036
Queens,2020-03-21T00:00:00.000,843,2474,1927,6257,6257,2474,2020-03-21,843,1927,0.437467566165023,0.505956086025782,1181.36967561186
Queens,2020-03-22T00:00:00.000,1152,3626,2048,8305,8305,3626,2020-03-22,1152,2048,0.5625,0.522741754197171,1597.34803287155
Queens,2020-03-23T00:00:00.000,839,4465,1518,9823,9823,4465,2020-03-23,839,1518,0.55270092226614,0.53783957207538,1160.1961442375
Queens,2020-03-24T00:00:00.000,1010,5475,1736,11559,11559,5475,2020-03-24,1010,1736,0.581797235023041,0.551188821585599,1390.73314075241
Queens,2020-03-25T00:00:00.000,1238,6713,2110,13669,13669,6713,2020-03-25,1238,2110,0.586729857819905,0.56275250622957,1694.8223823981
Queens,2020-03-26T00:00:00.000,1324,8037,2115,15784,15784,8037,2020-03-26,1324,2115,0.626004728132388,0.572512877282971,1800.90713968456
Queens,2020-03-27T00:00:00.000,1238,9275,2055,17839,17839,9275,2020-03-27,1238,2055,0.602433090024331,0.58046707900278,1686.22206576503
Queens,2020-03-28T00:00:00.000,1136,10411,1845,19684,19684,10411,2020-03-28,1136,1845,0.615718157181572,0.586623209092605,1542.15933947741
Queens,2020-03-29T00:00:00.000,1258,11669,1915,21599,21599,11669,2020-03-29,1258,1915,0.656919060052219,0.590996992148912,1699.91889105672
Queens,2020-03-30T00:00:00.000,2022,13691,3325,24924,24924,13691,2020-03-30,2022,3325,0.60812030075188,0.593609179127383,2719.26164830347
Queens,2020-03-31T00:00:00.000,1211,14902,1871,26795,26795,14902,2020-03-31,1211,1871,0.647247461250668,0.594483719272116,1624.15930831056
Queens,2020-04-01T00:00:00.000,1366,16268,2157,28952,28952,16268,2020-04-01,1366,2157,0.633286972647195,0.593646701737218,1835.73375195834
Queens,2020-04-02T00:00:00.000,1899,18167,3048,32000,32000,18167,2020-04-02,1899,3048,0.623031496062992,0.591126029137088,2555.42086422127
Queens,2020-04-03T00:00:00.000,1947,20114,3407,35407,35407,20114,2020-04-03,1947,3407,0.571470501907837,0.586951759959134,2621.87463029833
Queens,2020-04-04T00:00:00.000,1322,21436,2255,37662,37662,21436,2020-04-04,1322,2255,0.586252771618625,0.581157036769941,1780.48904298762
Queens,2020-04-05T00:00:00.000,1697,23133,2730,40392,40392,23133,2020-04-05,1697,2730,0.621611721611722,0.573779498618739,2284.44581897127
Queens,2020-04-06T00:00:00.000,1707,24840,2864,43256,43256,24840,2020-04-06,1707,2864,0.596019553072626,0.564863056665622,2295.70300224599
Queens,2020-04-07T00:00:00.000,1408,26248,2884,46140,46140,26248,2020-04-07,1408,2884,0.488210818307906,0.554459891095516,1891.00629796996
Queens,2020-04-08T00:00:00.000,1504,27752,2831,48971,48971,27752,2020-04-08,1504,2831,0.531261038502296,0.542632505781409,2016.6549659301
Queens,2020-04-09T00:00:00.000,1551,29303,2941,51912,51912,29303,2020-04-09,1551,2941,0.527371642298538,0.529455657840203,2080.19827685699
Queens,2020-04-10T00:00:00.000,1988,31291,3803,55715,55715,31291,2020-04-10,1988,3803,0.522745201156981,0.515017966551417,2665.14872225256
Queens,2020-04-11T00:00:00.000,1544,32835,3219,58934,58934,32835,2020-04-11,1544,3219,0.479652065858962,0.499423005064238,2067.81284741913
Queens,2020-04-12T00:00:00.000,1150,33985,2481,61415,61415,33985,2020-04-12,1150,2481,0.463522773075373,0.482789694327699,1537.81441526523
Queens,2020-04-13T00:00:00.000,1068,35053,2430,63845,63845,35053,2020-04-13,1068,2430,0.439506172839506,0.465251854958109,1425.50859470228
Queens,2020-04-14T00:00:00.000,1712,36765,3674,67519,67519,36765,2020-04-14,1712,3674,0.465977136635819,0.446956830632457,2283.13538819572
Queens,2020-04-15T00:00:00.000,1153,37918,3144,70663,70663,37918,2020-04-15,1153,3144,0.366730279898219,0.42806317273517,1536.11245724339
Queens,2020-04-16T00:00:00.000,1173,39091,3056,73719,73719,39091,2020-04-16,1173,3056,0.383835078534031,0.408737463598752,1560.98805901441
Queens,2020-04-17T00:00:00.000,1125,40216,3347,77066,77066,40216,2020-04-17,1125,3347,0.336121900209143,0.389150443736694,1495.63597404336
Queens,2020-04-18T00:00:00.000,1021,41237,3338,80404,80404,41237,2020-04-18,1021,3338,0.305871779508688,0.369472684557812,1358.8269419254
Queens,2020-04-19T00:00:00.000,786,42023,2428,82832,82832,42023,2020-04-19,786,2428,0.323723228995058,0.349870100110423,1047.05356892926
Queens,2020-04-20T00:00:00.000,799,42822,2498,85330,85330,42822,2020-04-20,799,2498,0.319855884707766,0.330499610599211,1065.23790987015
Queens,2020-04-21T00:00:00.000,891,43713,3058,88388,88388,43713,2020-04-21,891,3058,0.29136690647482,0.311505253578064,1188.72052580822
Queens,2020-04-22T00:00:00.000,1191,44904,4142,92530,92530,44904,2020-04-22,1191,4142,0.287542250120715,0.29301498849903,1589.89515630132
Queens,2020-04-23T00:00:00.000,1483,46387,5468,97998,97998,46387,2020-04-23,1483,5468,0.27121433796635,0.275138365258074,1980.65588300238
Queens,2020-04-24T00:00:00.000,1474,47861,5296,103294,103294,47861,2020-04-24,1474,5296,0.278323262839879,0.257965139616547,1969.41491426315
Queens,2020-04-25T00:00:00.000,884,48745,3676,106970,106970,48745,2020-04-25,884,3676,0.240478781284004,0.24156483077641,1181.4866384364
Queens,2020-04-26T00:00:00.000,654,49399,2829,109799,109799,49399,2020-04-26,654,2829,0.231177094379639,0.225987140542594,874.299336841008
Queens,2020-04-27T00:00:00.000,530,49929,2628,112427,112427,49929,2020-04-27,530,2628,0.201674277016743,0.211263097067852,708.658424214744
Queens,2020-04-28T00:00:00.000,812,50741,4061,116488,116488,50741,2020-04-28,812,4061,0.19995075104654,0.197406752897608,1085.70445104324
Queens,2020-04-29T00:00:00.000,890,51631,4201,120689,120689,51631,2020-04-29,890,4201,0.211854320399905,0.184417256197724,1189.86200985282
Queens,2020-04-30T00:00:00.000,643,52274,3689,124378,124378,52274,2020-04-30,643,3689,0.174301978856059,0.172281122190927,859.504787855617
Queens,2020-05-01T00:00:00.000,765,53039,4517,128895,128895,53039,2020-05-01,765,4517,0.169360194819571,0.160974553612736,1022.37726239946
Queens,2020-05-02T00:00:00.000,601,53640,3755,132650,132650,53640,2020-05-02,601,3755,0.160053262316911,0.150465688631996,803.007420301285
Queens,2020-05-03T00:00:00.000,450,54090,2696,135346,135346,54090,2020-05-03,450,2696,0.166913946587537,0.140716687120045,602.040473999833
Queens,2020-05-04T00:00:00.000,358,54448,2633,137979,137979,54448,2020-05-04,358,2633,0.135966578047854,0.131685597313534,481.200770304515
Queens,2020-05-05T00:00:00.000,432,54880,3591,141570,141570,54880,2020-05-05,432,3591,0.120300751879699,0.123327972165152,582.010829764288
Queens,2020-05-06T00:00:00.000,570,55450,4505,146075,146075,55450,2020-05-06,570,4505,0.126526082130966,0.115598226706162,769.316343078353
Queens,2020-05-07T00:00:00.000,494,55944,3992,150067,150067,55944,2020-05-07,494,3992,0.12374749498998,0.108450744069105,667.603194846204
Queens,2020-05-08T00:00:00.000,549,56493,4596,154663,154663,56493,2020-05-08,549,4596,0.119451697127937,0.101840748907071,741.505834040849
Queens,2020-05-09T00:00:00.000,369,56862,3416,158079,158079,56862,2020-05-09,369,3416,0.108021077283372,0.0957249734848559,497.891412168912
Queens,2020-05-10T00:00:00.000,318,57180,2937,161016,161016,57180,2020-05-10,318,2937,0.108273748723187,0.0900621446593727,428.617643731041
Queens,2020-05-11T00:00:00.000,211,57391,2552,163568,163568,57391,2020-05-11,211,2552,0.0826802507836991,0.084813320266899,284.972422198827
Queens,2020-05-12T00:00:00.000,357,57748,3829,167397,167397,57748,2020-05-12,357,3829,0.093235831809872,0.0799421019410408,483.448816735028
Queens,2020-05-13T00:00:00.000,336,58084,4439,171836,171836,58084,2020-05-13,336,4439,0.0756927235863933,0.0754147487872669,456.161755956879
Queens,2020-05-14T00:00:00.000,432,58516,4879,176715,176715,58516,2020-05-14,432,4879,0.0885427341668375,0.0712002131987217,587.870003811859
Queens,2020-05-15T00:00:00.000,325,58841,4644,181359,181359,58841,2020-05-15,325,4644,0.0699827734711456,0.0672701168174929,443.205375977501
Queens,2020-05-16T00:00:00.000,291,59132,4209,185568,185568,59132,2020-05-16,291,4209,0.0691375623663578,0.0635986814624168,398.551036333594
Queens,2020-05-17T00:00:00.000,192,59324,3226,188794,188794,59324,2020-05-17,192,3226,0.0595164290142591,0.0601626269766205,264.246221617386
Queens,2020-05-18T00:00:00.000,184,59508,3363,192157,192157,59508,2020-05-18,184,3363,0.0547130538209932,0.0569410454242102,254.314369933308
Queens,2020-05-19T00:00:00.000,244,59752,4581,196738,196738,59752,2020-05-19,244,4581,0.0532634795896093,0.053915258990463,339.661736018714
Queens,2020-05-20T00:00:00.000,273,60025,5151,201889,201889,60025,2020-05-20,273,5151,0.0529994175888177,0.0510686672268176,382.530486150152
Queens,2020-05-21T00:00:00.000,211,60236,5181,207070,207070,60236,2020-05-21,211,5181,0.0407257286238178,0.0483865879782782,297.406866815249
Queens,2020-05-22T00:00:00.000,186,60422,5388,212458,212458,60422,2020-05-22,186,5388,0.0345211581291759,0.045856095335127,263.411970171551
Queens,2020-05-23T00:00:00.000,214,60636,5270,217728,217728,60636,2020-05-23,214,5270,0.040607210626186,0.0434658572313498,303.186742552779
Queens,2020-05-24T00:00:00.000,192,60828,4448,222176,222176,60828,2020-05-24,192,4448,0.0431654676258993,0.0412059748225291,271.862921693282
Queens,2020-05-25T00:00:00.000,132,60960,3789,225965,225965,60960,2020-05-25,132,3789,0.0348376880443389,0.0390678254280939,186.603349998105
Queens,2020-05-26T00:00:00.000,165,61125,4201,230166,230166,61125,2020-05-26,165,4201,0.0392763627707689,0.0370439106125813,232.607446847432
Queens,2020-05-27T00:00:00.000,275,61400,9126,239292,239292,61400,2020-05-27,275,9126,0.0301336839798378,0.035127710811738,386.236214704713
Queens,2020-05-28T00:00:00.000,244,61644,8480,247772,247772,61644,2020-05-28,244,8480,0.0287735849056604,0.0333135477896621,341.104340177341
Queens,2020-05-29T00:00:00.000,183,61827,7088,254860,254860,61827,2020-05-29,183,7088,0.0258182844243792,0.0315964560835281,254.410984719281
Queens,2020-05-30T00:00:00.000,148,61975,6226,261086,261086,61975,2020-05-30,148,6226,0.0237712817218118,0.029972064446892,204.437873897587
Queens,2020-05-31T00:00:00.000,119,62094,5906,266992,266992,62094,2020-05-31,119,5906,0.020149001015916,0.0284364881241576,163.249201630768
Queens,2020-06-01T00:00:00.000,199,62293,7231,274223,274223,62293,2020-06-01,199,7231,0.0275203982851611,0.0269862325823296,271.761958608493
Queens,2020-06-02T00:00:00.000,132,62425,6319,280542,280542,62425,2020-06-02,132,6319,0.0208893812312075,0.0256181090805811,179.337676318691
Queens,2020-06-03T00:00:00.000,117,62542,6451,286993,286993,62542,2020-06-03,117,6451,0.0181367229886839,0.0243291621986058,158.047143596628
Queens,2020-06-04T00:00:00.000,150,62692,6695,293688,293688,62692,2020-06-04,150,6695,0.0224047796863331,0.0231166091771189,201.348750837385
Queens,2020-06-05T00:00:00.000,158,62850,7672,301360,301360,62850,2020-06-05,158,7672,0.0205943691345151,0.0219777906554653,210.841428474058
Queens,2020-06-06T00:00:00.000,113,62963,6497,307857,307857,62963,2020-06-06,113,6497,0.0173926427581961,0.0209101321504308,150.022290043184
Queens,2020-06-07T00:00:00.000,134,63097,6514,314371,314371,63097,2020-06-07,134,6514,0.0205710776788456,0.0199111154102212,176.908646972432
Queens,2020-06-08T00:00:00.000,97,63194,5227,319598,319598,63194,2020-06-08,97,5227,0.0185574899559977,0.0189782586085638,127.246039789595
Queens,2020-06-09T00:00:00.000,132,63326,7770,327368,327368,63326,2020-06-09,132,7770,0.016988416988417,0.0181091042236817,172.146204982111
Queens,2020-06-10T00:00:00.000,106,63432,6796,334164,334164,63432,2020-06-10,106,6796,0.0155974102413184,0.0173012133812779,138.031045982068
Queens,2020-06-11T00:00:00.000,141,63573,7566,341730,341730,63573,2020-06-11,141,7566,0.0186360031720856,0.0165521654212095,183.289911988776
Queens,2020-06-12T00:00:00.000,154,63727,7817,349547,349547,63727,2020-06-12,154,7817,0.0197006524242037,0.0158595614745107,199.801254480609
Queens,2020-06-13T00:00:00.000,95,63822,6737,356284,356284,63822,2020-06-13,95,6737,0.0141012320023749,0.0152210309043664,122.992097224042
Queens,2020-06-14T00:00:00.000,110,63932,7488,363772,363772,63932,2020-06-14,110,7488,0.0146901709401709,0.0146342395601695,142.085291094617
Queens,2020-06-15T00:00:00.000,110,64042,7036,370808,370808,64042,2020-06-15,110,7036,0.0156338828880045,0.0140968989119405,141.738322275661
Queens,2020-06-16T00:00:00.000,134,64176,8317,379125,379125,64176,2020-06-16,134,8317,0.0161115786942407,0.0136067752614822,172.219114003124
Queens,2020-06-17T00:00:00.000,92,64268,8696,387821,387821,64268,2020-06-17,92,8696,0.0105795768169273,0.0131616983609065,117.922925139131
Queens,2020-06-18T00:00:00.000,112,64380,9082,396903,396903,64380,2020-06-18,112,9082,0.0123320854437349,0.0127595689009506,143.153839162301
Queens,2020-06-19T00:00:00.000,106,64486,9753,406656,406656,64486,2020-06-19,106,9753,0.0108684507331078,0.012398364453707,135.093860789232
Queens,2020-06-20T00:00:00.000,135,64621,9115,415771,415771,64621,2020-06-20,135,9115,0.0148107515085025,0.0120761435669519,171.547801935908
Queens,2020-06-21T00:00:00.000,91,64712,8237,424008,424008,64712,2020-06-21,91,8237,0.0110477115454656,0.0117910478043875,115.291505507361
Queens,2020-06-22T00:00:00.000,85,64797,6537,430545,430545,64797,2020-06-22,85,6537,0.0130029065320483,0.0115413016097116,107.366199021789
Queens,2020-06-23T00:00:00.000,84,64881,6683,437228,437228,64881,2020-06-23,84,6683,0.0125692054466557,0.0113252099419436,105.782408997413
Queens,2020-06-24T00:00:00.000,106,64987,7723,444951,444951,64987,2020-06-24,106,7723,0.0137252363071345,0.0111411536886107,133.082858584435
Queens,2020-06-25T00:00:00.000,102,65089,6943,451894,451894,65089,2020-06-25,102,6943,0.0146910557395938,0.0109875829090723,127.672712236648
Queens,2020-06-26T00:00:00.000,86,65175,9718,461612,461612,65175,2020-06-26,86,9718,0.00884955752212389,0.0108630080061633,107.319779690155
Queens,2020-06-27T00:00:00.000,101,65276,7681,469293,469293,65276,2020-06-27,101,7681,0.0131493295143861,0.0107659889595662,125.657734707624
Queens,2020-06-28T00:00:00.000,49,65325,4737,474030,474030,65325,2020-06-28,49,4737,0.0103440996411231,0.0106951227948353,60.7790848725555
Queens,2020-06-29T00:00:00.000,66,65391,5589,479619,479619,65391,2020-06-29,66,5589,0.011808910359635,0.0106490295029366,81.6198362576235
Queens,2020-06-30T00:00:00.000,64,65455,6065,485684,485684,65455,2020-06-30,64,6065,0.0105523495465787,0.010626336670352,78.9092624981844
Queens,2020-07-01T00:00:00.000,113,65568,8286,493970,493970,65568,2020-07-01,113,8286,0.0136374607772146,0.0106256631334118,138.906805217662
Queens,2020-07-02T00:00:00.000,137,65705,8116,502086,502086,65705,2020-07-02,137,8116,0.0168802365697388,0.0106456020298461,167.904064496047
Queens,2020-07-03T00:00:00.000,95,65800,7211,509297,509297,65800,2020-07-03,95,7211,0.0131743170156705,0.0106847036855678,115.922735015771
Queens,2020-07-04T00:00:00.000,76,65876,7211,516508,516508,65876,2020-07-04,76,7211,0.0105394536125364,0.0107414588472072,92.5820724504761
Queens,2020-07-05T00:00:00.000,52,65928,5745,522253,522253,65928,2020-07-05,52,5745,0.00905134899912968,0.0108142828405148,63.1523040779881
Queens,2020-07-06T00:00:00.000,96,66024,6329,528582,528582,66024,2020-07-06,96,6329,0.0151682730289145,0.0109015013038431,116.250238098397
Queens,2020-07-07T00:00:00.000,75,66099,6297,534879,534879,66099,2020-07-07,75,6297,0.0119104335397808,0.0110013382032471,90.7076516855771
Queens,2020-07-08T00:00:00.000,75,66174,7104,541983,541983,66174,2020-07-08,75,7104,0.0105574324324324,0.011111906874938,90.5734846528113
Queens,2020-07-09T00:00:00.000,67,66241,7807,549790,549790,66241,2020-07-09,67,7807,0.00858204175739721,0.0112312048558496,80.7850627378695
Queens,2020-07-10T00:00:00.000,82,66323,7981,557771,557771,66323,2020-07-10,82,7981,0.0102744017040471,0.011357113240782,98.7065188599222
Queens,2020-07-11T00:00:00.000,87,66410,6788,564559,564559,66410,2020-07-11,87,6788,0.012816735415439,0.0114874012417639,104.540327557398
Queens,2020-07-12T00:00:00.000,56,66466,5880,570439,570439,66466,2020-07-12,56,5880,0.00952380952380952,0.0116197365132197,67.1645233832403
Queens,2020-07-13T00:00:00.000,78,66544,5537,575976,575976,66544,2020-07-13,78,5537,0.0140870507495033,0.0117517016393498,93.3655111818707
Queens,2020-07-14T00:00:00.000,99,66643,7205,583181,583181,66643,2020-07-14,99,7205,0.0137404580152672,0.0118808169645207,118.254561560317
Queens,2020-07-15T00:00:00.000,92,66735,8387,591568,591568,66735,2020-07-15,92,8387,0.0109693573387385,0.0120045696774774,109.650522676511
Queens,2020-07-16T00:00:00.000,94,66829,8943,600511,600511,66829,2020-07-16,94,8943,0.0105110142010511,0.0121204487565759,111.773546906283
Queens,2020-07-17T00:00:00.000,92,66921,6870,607381,607381,66921,2020-07-17,92,6870,0.013391557496361,0.0122259850506622,109.279226911944
Queens,2020-07-18T00:00:00.000,86,67007,5405,612786,612786,67007,2020-07-18,86,5405,0.0159111933395005,0.0123187954351914,102.310270701037
Queens,2020-07-19T00:00:00.000,72,67079,5736,618522,618522,67079,2020-07-19,72,5736,0.0125523012552301,0.0123966296647891,85.7403835299588
Queens,2020-07-20T00:00:00.000,115,67194,7288,625810,625810,67194,2020-07-20,115,7288,0.0157793633369923,0.0124574182697276,137.004908042221
Queens,2020-07-21T00:00:00.000,71,67265,7508,633318,633318,67265,2020-07-21,71,7508,0.00945657964837507,0.0124993196357194,84.5623955162699
Queens,2020-07-22T00:00:00.000,109,67374,7517,640835,640835,67374,2020-07-22,109,7517,0.0145004656112811,0.0125207642949657,129.697505681465
Queens,2020-07-23T00:00:00.000,84,67458,8063,648898,648898,67458,2020-07-23,84,8063,0.0104179585762123,0.0125204944459892,99.7997126453034
Queens,2020-07-24T00:00:00.000,74,67532,7012,655910,655910,67532,2020-07-24,74,7012,0.0105533371363377,0.0124975968355988,88.1071768116317
Queens,2020-07-25T00:00:00.000,63,67595,4878,660788,660788,67595,2020-07-25,63,4878,0.0129151291512915,0.0124515273659455,75.1254128817097
Queens,2020-07-26T00:00:00.000,84,67679,6560,667348,667348,67679,2020-07-26,84,6560,0.0128048780487805,0.0123821261319565,100.220498526339
Queens,2020-07-27T00:00:00.000,60,67739,5574,672922,672922,67739,2020-07-27,60,5574,0.0107642626480086,0.0122896220282228,71.5648393353976
Queens,2020-07-28T00:00:00.000,81,67820,7112,680034,680034,67820,2020-07-28,81,7112,0.0113892013498313,0.0121746265608031,96.5030133036023
Queens,2020-07-29T00:00:00.000,74,67894,6889,686923,686923,67894,2020-07-29,74,6889,0.0107417622296415,0.0120381170253581,87.9873006027978
Queens,2020-07-30T00:00:00.000,74,67968,7561,694484,694484,67968,2020-07-30,74,7561,0.00978706520301547,0.01188140973527,87.7344041385764
Queens,2020-07-31T00:00:00.000,73,68041,9722,704206,704206,68041,2020-07-31,73,9722,0.00750874305698416,0.0117061244559229,86.2994658701129
Queens,2020-08-01T00:00:00.000,60,68101,6641,710847,710847,68101,2020-08-01,60,6641,0.00903478391808463,0.0115141416044149,70.8074179787791
Queens,2020-08-02T00:00:00.000,65,68166,6268,717115,717115,68166,2020-08-02,65,6268,0.0103701340140396,0.011307554068875,76.4883491916065
Queens,2020-08-03T00:00:00.000,59,68225,7005,724120,724120,68225,2020-08-03,59,7005,0.00842255531763026,0.0110886156794541,69.1908013568167
Queens,2020-08-04T00:00:00.000,72,68297,7698,731818,731818,68297,2020-08-04,72,7698,0.00935307872174591,0.0108596884155739,84.1030544331258
Queens,2020-08-05T00:00:00.000,71,68368,7812,739630,739630,68368,2020-08-05,71,7812,0.00908858166922683,0.0106231903632397,82.56554126602
Queens,2020-08-06T00:00:00.000,84,68452,7539,747169,747169,68452,2020-08-06,84,7539,0.011142061281337,0.0103815462555122,97.5026591493388
Queens,2020-08-07T00:00:00.000,96,68548,9235,756404,756404,68548,2020-08-07,96,9235,0.0103952355170547,0.0101371421641416,111.375485928417
Queens,2020-08-08T00:00:00.000,56,68604,7162,763566,763566,68604,2020-08-08,56,7162,0.00781904495950852,0.00989228557897379,64.9191560514114
Queens,2020-08-09T00:00:00.000,66,68670,6807,770373,770373,68670,2020-08-09,66,6807,0.00969590127809608,0.00964917174703262,76.4321071304727
Queens,2020-08-10T00:00:00.000,63,68733,7556,777929,777929,68733,2020-08-10,63,7556,0.00833774483853891,0.00940985677365395,72.8614336264924
Queens,2020-08-11T00:00:00.000,96,68829,11290,789219,789219,68829,2020-08-11,96,11290,0.00850310008857396,0.00917623763167091,110.829751249345
Queens,2020-08-12T00:00:00.000,96,68925,10584,799803,799803,68925,2020-08-12,96,10584,0.0090702947845805,0.00895003890878539,110.583427203772
Queens,2020-08-13T00:00:00.000,98,69023,9426,809229,809229,69023,2020-08-13,98,9426,0.010396774877997,0.00873280585790319,112.608004816333
Queens,2020-08-14T00:00:00.000,75,69098,9481,818710,818710,69098,2020-08-14,75,9481,0.0079105579580213,0.00852590310860596,86.0675974268855
Queens,2020-08-15T00:00:00.000,76,69174,8964,827674,827674,69174,2020-08-15,76,8964,0.00847835787594824,0.00833051825398802,87.2682565688213
Queens,2020-08-16T00:00:00.000,71,69245,6531,834205,834205,69245,2020-08-16,71,6531,0.0108712295207472,0.00814766944524109,81.5715627879107
Queens,2020-08-17T00:00:00.000,63,69308,7562,841767,841767,69308,2020-08-17,63,7562,0.00833112933086485,0.00797821609405819,72.3094923150987
Queens,2020-08-18T00:00:00.000,76,69384,8697,850464,850464,69384,2020-08-18,76,8697,0.00873864550994596,0.00782287180070773,87.1214764793442
Queens,2020-08-19T00:00:00.000,67,69451,7919,858383,858383,69451,2020-08-19,67,7919,0.00846066422528097,0.0076822186763396,76.7146919704668
Queens,2020-08-20T00:00:00.000,87,69538,9593,867976,867976,69538,2020-08-20,87,9593,0.00906911289481914,0.00755672230332411,99.5084608595053
Queens,2020-08-21T00:00:00.000,85,69623,9862,877838,877838,69623,2020-08-21,85,9862,0.00861894139119854,0.007446746670713,97.1036653820777
Queens,2020-08-22T00:00:00.000,71,69694,8018,885856,885856,69694,2020-08-22,71,8018,0.00885507607882265,0.00735256852135063,81.023754873841
Queens,2020-08-23T00:00:00.000,51,69745,6730,892586,892586,69745,2020-08-23,51,6730,0.00757800891530461,0.00727439064480866,58.2384152423803
Queens,2020-08-24T00:00:00.000,60,69805,7615,900201,900201,69805,2020-08-24,60,7615,0.00787918581746553,0.00721235374845832,68.5396372499805
Queens,2020-08-25T00:00:00.000,65,69870,7377,907578,907578,69870,2020-08-25,65,7377,0.00881116985224346,0.00716654662348565,74.2357743488397
Queens,2020-08-26T00:00:00.000,90,69960,9322,916900,916900,69960,2020-08-26,90,9322,0.00965458056211113,0.00713701440223094,102.710721209566
Queens,2020-08-27T00:00:00.000,74,70034,10803,927703,927703,70034,2020-08-27,74,10803,0.00684994908821624,0.00712376476985137,84.349786443672
Queens,2020-08-28T00:00:00.000,64,70098,9345,937048,937048,70098,2020-08-28,64,9345,0.00684858212948101,0.00712677205321637,73.0345867277538
Queens,2020-08-29T00:00:00.000,64,70162,9956,947004,947004,70162,2020-08-29,64,9956,0.00642828445158698,0.0071459791597387,73.2456499698905
Queens,2020-08-30T00:00:00.000,60,70222,7758,954762,954762,70222,2020-08-30,60,7758,0.00773395204949729,0.00718129738690403,68.8775118259626
Queens,2020-08-31T00:00:00.000,66,70288,7895,962657,962657,70288,2020-08-31,66,7895,0.00835972134262191,0.0072326041648082,76.0077471997198
Queens,2020-09-01T00:00:00.000,56,70344,8305,970962,970962,70344,2020-09-01,56,8305,0.00674292594822396,0.00729973883818565,64.7059425202447
Queens,2020-09-02T00:00:00.000,69,70413,8540,979502,979502,70413,2020-09-02,69,8540,0.00807962529274005,0.00738249663856156,80.0003401789983
Queens,2020-09-03T00:00:00.000,83,70496,10286,989788,989788,70496,2020-09-03,83,10286,0.00806922029943613,0.00748062104659264,96.5696235456898
Queens,2020-09-04T00:00:00.000,53,70549,9134,998922,998922,70549,2020-09-04,53,9134,0.00580249616816291,0.00759379479698487,61.8840438362542
Queens,2020-09-05T00:00:00.000,76,70625,10158,1009080,1009080,70625,2020-09-05,76,10158,0.00748178775349478,0.00772162983782783,89.0561488953868
Queens,2020-09-06T00:00:00.000,50,70675,6321,1015401,1015401,70675,2020-09-06,50,6321,0.00791014080050625,0.00786365661821548,58.7977075224427
Queens,2020-09-07T00:00:00.000,91,70766,6495,1021896,1021896,70766,2020-09-07,91,6495,0.0140107775211701,0.00801931314369774,107.382543283384
Queens,2020-09-08T00:00:00.000,58,70824,7078,1028974,1028974,70824,2020-09-08,58,7078,0.00819440519920882,0.00818793430244226,68.6617120485384
Queens,2020-09-09T00:00:00.000,93,70917,8086,1037060,1037060,70917,2020-09-09,93,8086,0.0115013603759584,0.00836874202552623,110.432835015659
Queens,2020-09-10T00:00:00.000,61,70978,8437,1045497,1045497,70978,2020-09-10,61,8437,0.0072300580775157,0.00856083689143513,72.6424482098265
Queens,2020-09-11T00:00:00.000,62,71040,10532,1056029,1056029,71040,2020-09-11,62,10532,0.00588682111659704,0.00876319181801929,74.1291052224662
Queens,2020-09-12T00:00:00.000,71,71111,7349,1063378,1063378,71111,2020-09-12,71,7349,0.00966117839161791,0.0089746484922812,85.2770267404356
Queens,2020-09-13T00:00:00.000,69,71180,6247,1069625,1069625,71180,2020-09-13,69,6247,0.0110453017448375,0.00919391716770047,83.2294071790262
Queens,2020-09-14T00:00:00.000,74,71254,6868,1076493,1076493,71254,2020-09-14,74,6868,0.010774606872452,0.00941958040065486,89.6132420859287
Queens,2020-09-15T00:00:00.000,55,71309,6732,1083225,1083225,71309,2020-09-15,55,6732,0.00816993464052288,0.00965010120273741,66.843008120666
Queens,2020-09-16T00:00:00.000,83,71392,8034,1091259,1091259,71392,2020-09-16,83,8034,0.0103310928553647,0.00988383594787967,101.191886875541
Queens,2020-09-17T00:00:00.000,82,71474,9319,1100578,1100578,71474,2020-09-17,82,9319,0.00879922738491254,0.0101190521979203,100.244123573917
Queens,2020-09-18T00:00:00.000,103,71577,12199,1112777,1112777,71577,2020-09-18,103,12199,0.00844331502582179,0.0103539514008461,126.195857238364
Queens,2020-09-19T00:00:00.000,105,71682,11181,1123958,1123958,71682,2020-09-19,105,11181,0.00939093104373491,0.0105866961799654,128.739663237656
Queens,2020-09-20T00:00:00.000,70,71752,6174,1130132,1130132,71752,2020-09-20,70,6174,0.0113378684807256,0.0108154416876277,85.8044652684025
Queens,2020-09-21T00:00:00.000,66,71818,8528,1138660,1138660,71818,2020-09-21,66,8528,0.00773921200750469,0.0110383702488988,80.8321067693488
Queens,2020-09-22T00:00:00.000,63,71881,5881,1144541,1144541,71881,2020-09-22,63,5881,0.0107124638666893,0.0112537282999476,77.0445887632045
Queens,2020-09-23T00:00:00.000,97,71978,9524,1154065,1154065,71978,2020-09-23,97,9524,0.0101847963040739,0.0114598644355333,118.376208100604
Queens,2020-09-24T00:00:00.000,73,72051,9253,1163318,1163318,72051,2020-09-24,73,9253,0.00788933318923592,0.0116552672476578,88.8451958566195
Queens,2020-09-25T00:00:00.000,91,72142,9255,1172573,1172573,72142,2020-09-25,91,9255,0.00983252296056186,0.0118386015720087,110.751866968823
Queens,2020-09-26T00:00:00.000,91,72233,7316,1179889,1179889,72233,2020-09-26,91,7316,0.0124384909786769,0.0120087417670501,110.997213093209
Queens,2020-09-27T00:00:00.000,90,72323,5591,1185480,1185480,72323,2020-09-27,90,5591,0.0160972992309068,0.0121648007417477,109.950003011917
Queens,2020-09-28T00:00:00.000,142,72465,9734,1195214,1195214,72465,2020-09-28,142,9734,0.0145880419149373,0.012306153614801,173.638053795456
Queens,2020-09-29T00:00:00.000,91,72556,7756,1202970,1202970,72556,2020-09-29,91,7756,0.0117328519855596,0.0124324551214338,111.30798450117
Queens,2020-09-30T00:00:00.000,136,72692,10673,1213643,1213643,72692,2020-09-30,136,10673,0.0127424341797058,0.0125436501736271,166.295845560253
Queens,2020-10-01T00:00:00.000,171,72863,9883,1223526,1223526,72863,2020-10-01,171,9883,0.0173024385308105,0.0126399772997382,208.89682328086
Queens,2020-10-02T00:00:00.000,149,73012,12449,1235975,1235975,73012,2020-10-02,149,12449,0.011968832837979,0.0127219650236488,181.743558957043
Queens,2020-10-03T00:00:00.000,119,73131,8946,1244921,1244921,73131,2020-10-03,119,8946,0.013302034428795,0.0127904215682236,144.847237136061
Queens,2020-10-04T00:00:00.000,114,73245,6926,1251847,1251847,73245,2020-10-04,114,6926,0.0164597170083742,0.0128464185586591,138.395861213988
Queens,2020-10-05T00:00:00.000,138,73383,10477,1262324,1262324,73383,2020-10-05,138,10477,0.0131717094588145,0.0128912696443661,167.004861686227
Queens,2020-10-06T00:00:00.000,154,73537,9125,1271449,1271449,73537,2020-10-06,154,9125,0.0168767123287671,0.012926505138528,185.691774018718
Queens,2020-10-07T00:00:00.000,205,73742,16090,1287539,1287539,73742,2020-10-07,205,16090,0.0127408328154133,0.012953843883396,246.179652512944
Queens,2020-10-08T00:00:00.000,147,73889,12861,1300400,1300400,73889,2020-10-08,147,12861,0.0114299043620247,0.0129751635863883,175.736300323889
Queens,2020-10-09T00:00:00.000,140,74029,11706,1312106,1312106,74029,2020-10-09,140,11706,0.011959678797198,0.0129924708400626,166.537356785201
Queens,2020-10-10T00:00:00.000,121,74150,10479,1322585,1322585,74150,2020-10-10,121,10479,0.0115469033304705,0.0130078719451424,143.171376051439
Queens,2020-10-11T00:00:00.000,115,74265,8192,1330777,1330777,74265,2020-10-11,115,8192,0.0140380859375,0.0130235455141553,135.309836540362
Queens,2020-10-12T00:00:00.000,139,74404,10358,1341135,1341135,74404,2020-10-12,139,10358,0.0134195790693184,0.0130417176527125,162.591218713286
Queens,2020-10-13T00:00:00.000,106,74510,9123,1350258,1350258,74510,2020-10-13,106,9123,0.01161898498301,0.0130646403176523,123.238254372875
Queens,2020-10-14T00:00:00.000,122,74632,12286,1362544,1362544,74632,2020-10-14,122,12286,0.00993000162786912,0.0130945732412295,141.075071082686
Queens,2020-10-15T00:00:00.000,166,74798,14007,1376551,1376551,74798,2020-10-15,166,14007,0.0118512172485186,0.0131337696091534,191.031375269978
Queens,2020-10-16T00:00:00.000,200,74998,15397,1391948,1391948,74998,2020-10-16,200,15397,0.0129895434175489,0.0131844654896156,229.461819199743
Queens,2020-10-17T00:00:00.000,111,75109,12025,1403973,1403973,75109,2020-10-17,111,12025,0.00923076923076923,0.013248872844741,127.025385935001
Queens,2020-10-18T00:00:00.000,127,75236,7700,1411673,1411673,75236,2020-10-18,127,7700,0.0164935064935065,0.01332917581448,144.994601714377
Queens,2020-10-19T00:00:00.000,108,75344,7980,1419653,1419653,75344,2020-10-19,108,7980,0.0135338345864662,0.013427529848943,123.13097640293
Queens,2020-10-20T00:00:00.000,199,75543,11487,1431140,1431140,75543,2020-10-20,199,11487,0.0173239314007139,0.0135460631829019,226.839993286054
Queens,2020-10-21T00:00:00.000,155,75698,11723,1442863,1442863,75698,2020-10-21,155,11723,0.0132218715345901,0.0136868800851914,176.66340989033
Queens,2020-10-22T00:00:00.000,155,75853,14182,1457045,1457045,75853,2020-10-22,155,14182,0.0109293470596531,0.0138520652827426,176.724261891425
Queens,2020-10-23T00:00:00.000,204,76057,14656,1471701,1471701,76057,2020-10-23,204,14656,0.0139192139737991,0.0140436889443095,232.621798731579
Queens,2020-10-24T00:00:00.000,163,76220,11488,1483189,1483189,76220,2020-10-24,163,11488,0.0141887186629526,0.0142638116113787,185.853608206244
Queens,2020-10-25T00:00:00.000,96,76316,7857,1491046,1491046,76316,2020-10-25,96,7857,0.0122184039709813,0.0145144884842433,109.427558833764
Queens,2020-10-26T00:00:00.000,207,76523,9832,1500878,1500878,76523,2020-10-26,207,9832,0.0210537021969081,0.01479777249876,235.835252391115
Queens,2020-10-27T00:00:00.000,173,76696,11638,1512516,1512516,76696,2020-10-27,173,11638,0.0148650970957209,0.0151157156796336,196.96106509979
Queens,2020-10-28T00:00:00.000,284,76980,16839,1529355,1529355,76980,2020-10-28,284,16839,0.0168656095967694,0.0154703683068275,323.045725633332
Queens,2020-10-29T00:00:00.000,233,77213,14012,1543367,1543367,77213,2020-10-29,233,14012,0.0166286040536683,0.0158637755117133,264.747073574436
Queens,2020-10-30T00:00:00.000,194,77407,12985,1556352,1556352,77407,2020-10-30,194,12985,0.0149403157489411,0.0162979710040257,220.154594613512
Queens,2020-10-31T00:00:00.000,242,77649,14087,1570439,1570439,77649,2020-10-31,242,14087,0.0171789593241996,0.0167749677493608,274.231005946595
Queens,2020-11-01T00:00:00.000,185,77834,10316,1580755,1580755,77834,2020-11-01,185,10316,0.0179333074835207,0.0172967455482246,209.303208926705
Queens,2020-11-02T00:00:00.000,179,78013,11616,1592371,1592371,78013,2020-11-02,179,11616,0.0154097796143251,0.017865235640506,202.158291239355
Queens,2020-11-03T00:00:00.000,174,78187,14754,1607125,1607125,78187,2020-11-03,174,14754,0.0117934119560797,0.0184823026537104,196.136002877083
Queens,2020-11-04T00:00:00.000,253,78440,16122,1623247,1623247,78440,2020-11-04,253,16122,0.0156928420791465,0.0191497244482545,284.601541543575
Queens,2020-11-05T00:00:00.000,297,78737,15147,1638394,1638394,78737,2020-11-05,297,15147,0.0196078431372549,0.0198691706796934,333.368847620064
Queens,2020-11-06T00:00:00.000,306,79043,14315,1652709,1652709,79043,2020-11-06,306,14315,0.0213761788333915,0.020642181191799,342.68035132694
Queens,2020-11-07T00:00:00.000,361,79404,15509,1668218,1668218,79404,2020-11-07,361,15509,0.0232768070152814,0.0214701456805228,403.297800865246
Queens,2020-11-08T00:00:00.000,298,79702,10970,1679188,1679188,79702,2020-11-08,298,10970,0.0271649954421149,0.0223542863987214,332.056732784061
Queens,2020-11-09T00:00:00.000,338,80040,10461,1689649,1689649,80040,2020-11-09,338,10461,0.0323104865691616,0.0232956460152585,375.737222186203
Queens,2020-11-10T00:00:00.000,515,80555,15355,1705004,1705004,80555,2020-11-10,515,15355,0.0335395636600456,0.0242950830594161,572.182735699296
Queens,2020-11-11T00:00:00.000,454,81009,16285,1721289,1721289,81009,2020-11-11,454,16285,0.0278784157199877,0.0253532776804117,504.627522786679
Queens,2020-11-12T00:00:00.000,477,81486,17329,1738618,1738618,81486,2020-11-12,477,17329,0.0275261122973051,0.0264707506892816,532.23322679795
Queens,2020-11-13T00:00:00.000,485,81971,16970,1755588,1755588,81971,2020-11-13,485,16970,0.0285798467884502,0.0276478990318761,543.272667425869
Queens,2020-11-14T00:00:00.000,385,82356,15490,1771078,1771078,82356,2020-11-14,385,15490,0.0248547449967721,0.0288850509518178,432.955989553322
Queens,2020-11-15T00:00:00.000,419,82775,12697,1783775,1783775,82775,2020-11-15,419,12697,0.0329999212412381,0.0301825441297742,473.052964047609
Queens,2020-11-16T00:00:00.000,536,83311,17353,1801128,1801128,83311,2020-11-16,536,17353,0.0308880308880309,0.0315408300629804,607.535767563222
Queens,2020-11-17T00:00:00.000,498,83809,14949,1816077,1816077,83809,2020-11-17,498,14949,0.0333132651013446,0.032960607888082,566.68358988368
Queens,2020-11-18T00:00:00.000,460,84269,18566,1834643,1834643,84269,2020-11-18,460,18566,0.0247764731229129,0.0344429908053619,525.48740950725
Rensselaer,2020-03-01T00:00:00.000,0,0,0,0,0,0,2020-03-01,0,0,0,0.00949583989286571,0
Rensselaer,2020-03-02T00:00:00.000,0,0,0,0,0,0,2020-03-02,0,0,0,0.0102112562231641,0
Rensselaer,2020-03-03T00:00:00.000,0,0,0,0,0,0,2020-03-03,0,0,0,0.0109800231027249,0
Rensselaer,2020-03-04T00:00:00.000,0,0,2,2,2,0,2020-03-04,0,2,0,0.0118061059632213,0
Rensselaer,2020-03-05T00:00:00.000,0,0,0,2,2,0,2020-03-05,0,0,0,0.0126937814336978,0
Rensselaer,2020-03-06T00:00:00.000,0,0,0,2,2,0,2020-03-06,0,0,0,0.0136476491367075,0
Rensselaer,2020-03-07T00:00:00.000,0,0,2,4,4,0,2020-03-07,0,2,0,0.014672639879943,0
Rensselaer,2020-03-08T00:00:00.000,0,0,0,4,4,0,2020-03-08,0,0,0,0.0157740191277667,0
Rensselaer,2020-03-09T00:00:00.000,0,0,1,5,5,0,2020-03-09,0,1,0,0.0169573844606962,0
Rensselaer,2020-03-10T00:00:00.000,0,0,1,6,6,0,2020-03-10,0,1,0,0.0182286555440207,0
Rensselaer,2020-03-11T00:00:00.000,0,0,1,7,7,0,2020-03-11,0,1,0,0.0195940549333946,0
Rensselaer,2020-03-12T00:00:00.000,0,0,2,9,9,0,2020-03-12,0,2,0,0.0210600778551779,0
Rensselaer,2020-03-13T00:00:00.000,0,0,11,20,20,0,2020-03-13,0,11,0,0.0226334489237226,0
Rensselaer,2020-03-14T00:00:00.000,0,0,40,60,60,0,2020-03-14,0,40,0,0.0243210636116635,0
Rensselaer,2020-03-15T00:00:00.000,0,0,50,110,110,0,2020-03-15,0,50,0,0.0261299121936199,0
Rensselaer,2020-03-16T00:00:00.000,1,1,39,149,149,1,2020-03-16,1,39,0.0256410256410256,0.0280669838598516,1.15619741789358
Rensselaer,2020-03-17T00:00:00.000,3,4,70,219,219,4,2020-03-17,3,70,0.0428571428571429,0.0301391487755305,3.42363483915997
Rensselaer,2020-03-18T00:00:00.000,2,6,136,355,355,6,2020-03-18,2,136,0.0147058823529412,0.0323530160701232,2.25001451966304
Rensselaer,2020-03-19T00:00:00.000,2,8,156,511,511,8,2020-03-19,2,156,0.0128205128205128,0.0347147661172266,2.22414388252503
Rensselaer,2020-03-20T00:00:00.000,12,20,166,677,677,20,2020-03-20,12,166,0.072289156626506,0.0372299560357275,13.2002293378157
Rensselaer,2020-03-21T00:00:00.000,6,26,173,850,850,26,2020-03-21,6,173,0.0346820809248555,0.0399032981416656,6.52227478018279
Rensselaer,2020-03-22T00:00:00.000,3,29,78,928,928,29,2020-03-22,3,78,0.0384615384615385,0.042738412123781,3.23833255670464
Rensselaer,2020-03-23T00:00:00.000,1,30,47,975,975,30,2020-03-23,1,47,0.0212765957446809,0.0457375530167551,1.08076550382735
Rensselaer,2020-03-24T00:00:00.000,1,31,26,1001,1001,31,2020-03-24,1,26,0.0384615384615385,0.0489013185930558,1.0807480160179
Rensselaer,2020-03-25T00:00:00.000,1,32,22,1023,1023,32,2020-03-25,1,22,0.0454545454545455,0.0522283415570766,1.07935032318841
Rensselaer,2020-03-26T00:00:00.000,3,35,26,1049,1049,35,2020-03-26,3,26,0.115384615384615,0.0557149738434942,3.23253515431654
Rensselaer,2020-03-27T00:00:00.000,3,38,37,1086,1086,38,2020-03-27,3,37,0.0810810810810811,0.0593549723058582,3.25299450344149
Rensselaer,2020-03-28T00:00:00.000,1,39,12,1098,1098,39,2020-03-28,1,12,0.0833333333333333,0.0631391970096157,1.08628779055921
Rensselaer,2020-03-29T00:00:00.000,1,40,25,1123,1123,40,2020-03-29,1,25,0.04,0.0670553350713343,1.08700706234693
Rensselaer,2020-03-30T00:00:00.000,1,41,20,1143,1143,41,2020-03-30,1,20,0.05,0.0710876643411816,1.08767515921118
Rensselaer,2020-03-31T00:00:00.000,2,43,19,1162,1162,43,2020-03-31,2,19,0.105263157894737,0.0752168720408698,2.18138342238564
Rensselaer,2020-04-01T00:00:00.000,10,53,42,1204,1204,53,2020-04-01,10,42,0.238095238095238,0.0794199435790518,10.9900367610524
Rensselaer,2020-04-02T00:00:00.000,3,56,31,1235,1235,56,2020-04-02,3,31,0.0967741935483871,0.0836701360408493,3.32007401437273
Rensselaer,2020-04-03T00:00:00.000,2,58,18,1253,1253,58,2020-04-03,2,18,0.111111111111111,0.0879370492072596,2.22757796553782
Rensselaer,2020-04-04T00:00:00.000,2,60,48,1301,1301,60,2020-04-04,2,48,0.0416666666666667,0.0921868043937587,2.24065695938856
Rensselaer,2020-04-05T00:00:00.000,2,62,29,1330,1330,62,2020-04-05,2,29,0.0689655172413793,0.0963823379729609,2.252445328545
Rensselaer,2020-04-06T00:00:00.000,5,67,30,1360,1360,67,2020-04-06,5,30,0.166666666666667,0.100483812316177,5.65805908847855
Rensselaer,2020-04-07T00:00:00.000,8,75,53,1413,1413,75,2020-04-07,8,53,0.150943396226415,0.10444914227988,9.09250988155923
Rensselaer,2020-04-08T00:00:00.000,4,79,52,1465,1465,79,2020-04-08,4,52,0.0769230769230769,0.108234630551804,4.56488455202911
Rensselaer,2020-04-09T00:00:00.000,12,91,101,1566,1566,91,2020-04-09,12,101,0.118811881188119,0.111795700461531,13.7763361514438
Rensselaer,2020-04-10T00:00:00.000,5,96,40,1606,1606,96,2020-04-10,5,40,0.125,0.115087710547633,5.77026462181273
Rensselaer,2020-04-11T00:00:00.000,9,105,65,1671,1671,105,2020-04-11,9,65,0.138461538461538,0.118066831492104,10.4345176792978
Rensselaer,2020-04-12T00:00:00.000,8,113,61,1732,1732,113,2020-04-12,8,61,0.131147540983607,0.120690963170622,9.31296027517989
Rensselaer,2020-04-13T00:00:00.000,7,120,79,1811,1811,120,2020-04-13,7,79,0.0886075949367089,0.122920667582352,8.17881353684544
Rensselaer,2020-04-14T00:00:00.000,4,124,42,1853,1853,124,2020-04-14,4,42,0.0952380952380952,0.124720092320129,4.69520956302319
Rensselaer,2020-04-15T00:00:00.000,13,137,106,1959,1959,137,2020-04-15,13,106,0.122641509433962,0.126057858908988,15.3265096208612
Rensselaer,2020-04-16T00:00:00.000,13,150,100,2059,2059,150,2020-04-16,13,100,0.13,0.126907890650066,15.3903798605067
Rensselaer,2020-04-17T00:00:00.000,14,164,135,2194,2194,164,2020-04-17,14,135,0.103703703703704,0.127250155390534,16.6439152191956
Rensselaer,2020-04-18T00:00:00.000,9,173,117,2311,2311,173,2020-04-18,9,117,0.0769230769230769,0.127071299783761,10.765332055961
Rensselaer,2020-04-19T00:00:00.000,4,177,51,2362,2362,177,2020-04-19,4,51,0.0784313725490196,0.126365153051165,4.81258481685581
Rensselaer,2020-04-20T00:00:00.000,6,183,50,2412,2412,183,2020-04-20,6,50,0.12,0.125133080040316,7.2589065114086
Rensselaer,2020-04-21T00:00:00.000,3,186,49,2461,2461,186,2020-04-21,3,49,0.0612244897959184,0.123384165640625,3.64840227438597
Rensselaer,2020-04-22T00:00:00.000,5,191,52,2513,2513,191,2020-04-22,5,52,0.0961538461538462,0.121135215573479,6.11033170732881
Rensselaer,2020-04-23T00:00:00.000,7,198,80,2593,2593,198,2020-04-23,7,80,0.0875,0.11841056248354,8.59309961557595
Rensselaer,2020-04-24T00:00:00.000,23,221,209,2802,2802,221,2020-04-24,23,209,0.110047846889952,0.11524167135839,28.3512641072338
Rensselaer,2020-04-25T00:00:00.000,21,242,151,2953,2953,242,2020-04-25,21,151,0.139072847682119,0.111666544733129,25.9827300645718
Rensselaer,2020-04-26T00:00:00.000,4,246,83,3036,3036,246,2020-04-26,4,83,0.0481927710843374,0.107728935881296,4.96554882186259
Rensselaer,2020-04-27T00:00:00.000,4,250,39,3075,3075,250,2020-04-27,4,39,0.102564102564103,0.103477386996445,4.9799302163357
Rensselaer,2020-04-28T00:00:00.000,12,262,91,3166,3166,262,2020-04-28,12,91,0.131868131868132,0.098964118742187,14.974364859928
Rensselaer,2020-04-29T00:00:00.000,25,287,142,3308,3308,287,2020-04-29,25,142,0.176056338028169,0.0942438067474608,31.2530010772853
Rensselaer,2020-04-30T00:00:00.000,11,298,101,3409,3409,298,2020-04-30,11,101,0.108910891089109,0.0893722887501665,13.7697650890631
Rensselaer,2020-05-01T00:00:00.000,13,311,112,3521,3521,311,2020-05-01,13,112,0.116071428571429,0.0844052521847441,16.2874960587077
Rensselaer,2020-05-02T00:00:00.000,11,322,170,3691,3691,322,2020-05-02,11,170,0.0647058823529412,0.0793969551891439,13.787147082024
Rensselaer,2020-05-03T00:00:00.000,15,337,148,3839,3839,337,2020-05-03,15,148,0.101351351351351,0.0743990336482126,18.8289717370498
Rensselaer,2020-05-04T00:00:00.000,2,339,71,3910,3910,339,2020-05-04,2,71,0.028169014084507,0.0694594427251003,2.52169515818433
Rensselaer,2020-05-05T00:00:00.000,8,347,126,4036,4036,347,2020-05-05,8,126,0.0634920634920635,0.0646215735412509,10.1034314655054
Rensselaer,2020-05-06T00:00:00.000,20,367,159,4195,4195,367,2020-05-06,20,159,0.125786163522013,0.0599235748804703,25.2769548531665
Rensselaer,2020-05-07T00:00:00.000,13,380,194,4389,4389,380,2020-05-07,13,194,0.0670103092783505,0.0553978970071032,16.4270993594768
Rensselaer,2020-05-08T00:00:00.000,27,407,187,4576,4576,407,2020-05-08,27,187,0.144385026737968,0.0510710611407147,34.0354362666474
Rensselaer,2020-05-09T00:00:00.000,2,409,248,4824,4824,409,2020-05-09,2,248,0.00806451612903226,0.0469636451013948,2.51311243591391
Rensselaer,2020-05-10T00:00:00.000,2,411,62,4886,4886,411,2020-05-10,2,62,0.032258064516129,0.0430904642901568,2.50412964173473
Rensselaer,2020-05-11T00:00:00.000,5,416,91,4977,4977,416,2020-05-11,5,91,0.0549450549450549,0.0394609183810948,6.25548079596508
Rensselaer,2020-05-12T00:00:00.000,4,420,429,5406,5406,420,2020-05-12,4,429,0.00932400932400932,0.036079468391253,5.00254188434299
Rensselaer,2020-05-13T00:00:00.000,3,423,278,5684,5684,423,2020-05-13,3,278,0.0107913669064748,0.0329462062820901,3.74917542393055
Rensselaer,2020-05-14T00:00:00.000,5,428,204,5888,5888,428,2020-05-14,5,204,0.0245098039215686,0.0300574797016569,6.24186950874863
Rensselaer,2020-05-15T00:00:00.000,10,438,225,6113,6113,438,2020-05-15,10,225,0.0444444444444444,0.0274065373969526,12.4659349812354
Rensselaer,2020-05-16T00:00:00.000,1,439,113,6226,6226,439,2020-05-16,1,113,0.00884955752212389,0.0249841655453358,1.24741978343386
Rensselaer,2020-05-17T00:00:00.000,5,444,198,6424,6424,444,2020-05-17,5,198,0.0252525252525253,0.0227792910578577,6.2445177302072
Rensselaer,2020-05-18T00:00:00.000,0,444,76,6500,6500,444,2020-05-18,0,76,0,0.0207795341182569,0
Rensselaer,2020-05-19T00:00:00.000,9,453,292,6792,6792,453,2020-05-19,9,292,0.0308219178082192,0.0189716982751687,11.2859665667132
Rensselaer,2020-05-20T00:00:00.000,3,456,403,7195,7195,456,2020-05-20,3,403,0.00744416873449132,0.0173421918760306,3.77328497611352
Rensselaer,2020-05-21T00:00:00.000,4,460,379,7574,7574,460,2020-05-21,4,379,0.0105540897097625,0.0158773792538374,5.0435218859166
Rensselaer,2020-05-22T00:00:00.000,3,463,386,7960,7960,463,2020-05-22,3,386,0.0077720207253886,0.014563863722548,3.78819015099842
Rensselaer,2020-05-23T00:00:00.000,0,463,363,8323,8323,463,2020-05-23,0,363,0,0.0133887070927578,0
Rensselaer,2020-05-24T00:00:00.000,2,465,123,8446,8446,465,2020-05-24,2,123,0.016260162601626,0.0123395921598563,2.51022591136043
Rensselaer,2020-05-25T00:00:00.000,1,466,158,8604,8604,466,2020-05-25,1,158,0.00632911392405063,0.0114049355666748,1.24989308317339
Rensselaer,2020-05-26T00:00:00.000,0,466,150,8754,8754,466,2020-05-26,0,150,0,0.0105739587555128,0
Rensselaer,2020-05-27T00:00:00.000,3,469,405,9159,9159,469,2020-05-27,3,405,0.00740740740740741,0.00983672455437569,3.70989500962566
Rensselaer,2020-05-28T00:00:00.000,9,478,319,9478,9478,478,2020-05-28,9,319,0.0282131661442006,0.00918414643653506,11.0606772499215
Rensselaer,2020-05-29T00:00:00.000,8,486,337,9815,9815,486,2020-05-29,8,337,0.0237388724035608,0.00860797677575301,9.76564712855835
Rensselaer,2020-05-30T00:00:00.000,5,491,313,10128,10128,491,2020-05-30,5,313,0.0159744408945687,0.0081007795944258,6.05969353445032
Rensselaer,2020-05-31T00:00:00.000,1,492,274,10402,10402,492,2020-05-31,1,274,0.00364963503649635,0.00765589244610943,1.20313979284938
Rensselaer,2020-06-01T00:00:00.000,1,493,168,10570,10570,493,2020-06-01,1,168,0.00595238095238095,0.00726738124317805,1.19773062958954
Rensselaer,2020-06-02T00:00:00.000,2,495,426,10996,10996,495,2020-06-02,2,426,0.00469483568075117,0.00692999107053946,2.3842191022725
Rensselaer,2020-06-03T00:00:00.000,0,495,312,11308,11308,495,2020-06-03,0,312,0,0.00663909533877825,0
Rensselaer,2020-06-04T00:00:00.000,2,497,592,11900,11900,497,2020-06-04,2,592,0.00337837837837838,0.00639064503352099,2.3607485558807
Rensselaer,2020-06-05T00:00:00.000,2,499,332,12232,12232,499,2020-06-05,2,332,0.00602409638554217,0.00618111931267498,2.35091630513532
Rensselaer,2020-06-06T00:00:00.000,3,502,421,12653,12653,502,2020-06-06,3,421,0.00712589073634204,0.00600747828482199,3.51586462793239
Rensselaer,2020-06-07T00:00:00.000,1,503,517,13170,13170,503,2020-06-07,1,517,0.00193423597678917,0.00586711846183615,1.1683613701094
Rensselaer,2020-06-08T00:00:00.000,2,505,182,13352,13352,505,2020-06-08,2,182,0.010989010989011,0.00575783110673917,2.32864235493491
Rensselaer,2020-06-09T00:00:00.000,2,507,316,13668,13668,507,2020-06-09,2,316,0.00632911392405063,0.00567776348368483,2.32263812422571
Rensselaer,2020-06-10T00:00:00.000,1,508,299,13967,13967,508,2020-06-10,1,299,0.00334448160535117,0.00562538285101448,1.16380030321156
Rensselaer,2020-06-11T00:00:00.000,2,510,665,14632,14632,510,2020-06-11,2,665,0.00300751879699248,0.00559944291164852,2.33280504582621
Rensselaer,2020-06-12T00:00:00.000,1,511,261,14893,14893,511,2020-06-12,1,261,0.00383141762452107,0.00559895234048425,1.16911989082262
Rensselaer,2020-06-13T00:00:00.000,2,513,262,15155,15155,513,2020-06-13,2,262,0.00763358778625954,0.00562314494027181,2.34388941855991
Rensselaer,2020-06-14T00:00:00.000,1,514,309,15464,15464,514,2020-06-14,1,309,0.00323624595469256,0.0056714509314816,1.17486735902111
Rensselaer,2020-06-15T00:00:00.000,0,514,252,15716,15716,514,2020-06-15,0,252,0,0.00574346885563684,0
Rensselaer,2020-06-16T00:00:00.000,1,515,199,15915,15915,515,2020-06-16,1,199,0.0050251256281407,0.00583893756446597,1.18095789596974
Rensselaer,2020-06-17T00:00:00.000,0,515,383,16298,16298,515,2020-06-17,0,383,0,0.00595770777962639,0
Rensselaer,2020-06-18T00:00:00.000,4,519,413,16711,16711,519,2020-06-18,4,413,0.00968523002421308,0.00609971274129955,4.74889214778637
Rensselaer,2020-06-19T00:00:00.000,2,521,374,17085,17085,521,2020-06-19,2,374,0.0053475935828877,0.00626493752111998,2.38075649796697
Rensselaer,2020-06-20T00:00:00.000,3,524,401,17486,17486,524,2020-06-20,3,401,0.00748129675810474,0.00645338665885695,3.58062290858383
Rensselaer,2020-06-21T00:00:00.000,4,528,361,17847,17847,528,2020-06-21,4,361,0.0110803324099723,0.0066650498958892,4.78675290855376
Rensselaer,2020-06-22T00:00:00.000,5,533,197,18044,18044,533,2020-06-22,5,197,0.0253807106598985,0.00689986592430876,5.99897764041958
Rensselaer,2020-06-23T00:00:00.000,1,534,277,18321,18321,534,2020-06-23,1,277,0.0036101083032491,0.00715768424955227,1.20283704335896
Rensselaer,2020-06-24T00:00:00.000,7,541,450,18771,18771,541,2020-06-24,7,450,0.0155555555555556,0.00743822547597564,8.4405007531001
Rensselaer,2020-06-25T00:00:00.000,8,549,350,19121,19121,549,2020-06-25,8,350,0.0228571428571429,0.00774104056466115,9.66891222124622
Rensselaer,2020-06-26T00:00:00.000,1,550,468,19589,19589,550,2020-06-26,1,468,0.00213675213675214,0.00806546987440169,1.21129319840565
Rensselaer,2020-06-27T00:00:00.000,1,551,359,19948,19948,551,2020-06-27,1,359,0.00278551532033426,0.00841060306802755,1.21379452203224
Rensselaer,2020-06-28T00:00:00.000,2,553,375,20323,20323,553,2020-06-28,2,375,0.00533333333333333,0.00877524123230963,2.43217825490067
Rensselaer,2020-06-29T00:00:00.000,0,553,306,20629,20629,553,2020-06-29,0,306,0,0.00915786280046905,0
Rensselaer,2020-06-30T00:00:00.000,2,555,195,20824,20824,555,2020-06-30,2,195,0.0102564102564103,0.00955659505907376,2.43988842862108
Rensselaer,2020-07-01T00:00:00.000,1,556,287,21111,21111,556,2020-07-01,1,287,0.00348432055749129,0.0099691931412355,1.22144938751392
Rensselaer,2020-07-02T00:00:00.000,3,559,425,21536,21536,559,2020-07-02,3,425,0.00705882352941176,0.010393028430651,3.66791350480541
Rensselaer,2020-07-03T00:00:00.000,4,563,612,22148,22148,563,2020-07-03,4,612,0.0065359477124183,0.0108250882041914,4.88733266700234
Rensselaer,2020-07-04T00:00:00.000,2,565,475,22623,22623,565,2020-07-04,2,475,0.00421052631578947,0.0112619881083622,2.44792710523924
Rensselaer,2020-07-05T00:00:00.000,3,568,389,23012,23012,568,2020-07-05,3,389,0.0077120822622108,0.0116999986883962,3.67219656617253
Rensselaer,2020-07-06T00:00:00.000,3,571,162,23174,23174,571,2020-07-06,3,162,0.0185185185185185,0.0121350866717833,3.67197342879146
Rensselaer,2020-07-07T00:00:00.000,9,580,304,23478,23478,580,2020-07-07,9,304,0.0296052631578947,0.0125629710661248,11.0303642490457
Rensselaer,2020-07-08T00:00:00.000,6,586,399,23877,23877,586,2020-07-08,6,399,0.0150375939849624,0.0129791933938732,7.3593079240308
Rensselaer,2020-07-09T00:00:00.000,2,588,252,24129,24129,588,2020-07-09,2,252,0.00793650793650794,0.0133792005961921,2.45406827535964
Rensselaer,2020-07-10T00:00:00.000,5,593,331,24460,24460,593,2020-07-10,5,331,0.0151057401812689,0.0137584383467428,6.13524776926892
Rensselaer,2020-07-11T00:00:00.000,23,616,378,24838,24838,616,2020-07-11,23,378,0.0608465608465608,0.0141124517830522,28.2117812662338
Rensselaer,2020-07-12T00:00:00.000,1,617,317,25155,25155,617,2020-07-12,1,317,0.00315457413249211,0.0144369900480373,1.22568803872784
Rensselaer,2020-07-13T00:00:00.000,8,625,416,25571,25571,625,2020-07-13,8,416,0.0192307692307692,0.0147281105924375,9.79459519651833
Rensselaer,2020-07-14T00:00:00.000,7,632,409,25980,25980,632,2020-07-14,7,409,0.0171149144254279,0.0149822789663,8.55763787759725
Rensselaer,2020-07-15T00:00:00.000,7,639,495,26475,26475,639,2020-07-15,7,495,0.0141414141414141,0.015196459852441,8.54201838636455
Rensselaer,2020-07-16T00:00:00.000,4,643,442,26917,26917,643,2020-07-16,4,442,0.00904977375565611,0.0153681953786801,4.87059016720554
Rensselaer,2020-07-17T00:00:00.000,7,650,358,27275,27275,650,2020-07-17,7,358,0.0195530726256983,0.0154956672764067,8.5141337607874
Rensselaer,2020-07-18T00:00:00.000,1,651,225,27500,27500,651,2020-07-18,1,225,0.00444444444444444,0.0155777402000419,1.21790777740274
Rensselaer,2020-07-19T00:00:00.000,2,653,295,27795,27795,653,2020-07-19,2,295,0.00677966101694915,0.0156139844348328,2.43727162578899
Rensselaer,2020-07-20T00:00:00.000,5,658,476,28271,28271,658,2020-07-20,5,476,0.0105042016806723,0.0156046772361719,6.09243583436124
Rensselaer,2020-07-21T00:00:00.000,10,668,558,28829,28829,668,2020-07-21,10,558,0.017921146953405,0.0155507830904011,12.1732213095129
Rensselaer,2020-07-22T00:00:00.000,1,669,486,29315,29315,669,2020-07-22,1,486,0.00205761316872428,0.0154539141936214,1.21519476967136
Rensselaer,2020-07-23T00:00:00.000,7,676,429,29744,29744,676,2020-07-23,7,429,0.0163170163170163,0.0153162733424938,8.48596444146637
Rensselaer,2020-07-24T00:00:00.000,5,681,396,30140,30140,681,2020-07-24,5,396,0.0126262626262626,0.0151405821654487,6.06849748807236
Rensselaer,2020-07-25T00:00:00.000,3,684,364,30504,30504,684,2020-07-25,3,364,0.00824175824175824,0.0149299981518252,3.64293388837578
Rensselaer,2020-07-26T00:00:00.000,3,687,624,31128,31128,687,2020-07-26,3,624,0.00480769230769231,0.0146880242388873,3.6409552658818
Rensselaer,2020-07-27T00:00:00.000,3,690,356,31484,31484,690,2020-07-27,3,356,0.00842696629213483,0.0144184147885431,3.63586378096022
Rensselaer,2020-07-28T00:00:00.000,4,694,345,31829,31829,694,2020-07-28,4,345,0.0115942028985507,0.014125081640737,4.83692528106684
Rensselaer,2020-07-29T00:00:00.000,24,718,309,32138,32138,718,2020-07-29,24,309,0.0776699029126214,0.0138120035979783,28.9313918977287
Rensselaer,2020-07-30T00:00:00.000,6,724,413,32551,32551,724,2020-07-30,6,413,0.0145278450363196,0.0134831422155821,7.20413389143376
Rensselaer,2020-07-31T00:00:00.000,10,734,478,33029,33029,734,2020-07-31,10,478,0.0209205020920502,0.0131423661902387,11.9594522819738
Rensselaer,2020-08-01T00:00:00.000,2,736,265,33294,33294,736,2020-08-01,2,265,0.00754716981132075,0.0127933860052154,2.38524446634893
Rensselaer,2020-08-02T00:00:00.000,4,740,293,33587,33587,740,2020-08-02,4,293,0.0136518771331058,0.0124396998482339,4.7521051902543
Rensselaer,2020-08-03T00:00:00.000,8,748,491,34078,34078,748,2020-08-03,8,491,0.0162932790224033,0.0120845512088983,9.46284345144623
Rensselaer,2020-08-04T00:00:00.000,7,755,480,34558,34558,755,2020-08-04,7,480,0.0145833333333333,0.011730898018195,8.24002827069825
Rensselaer,2020-08-05T00:00:00.000,3,758,431,34989,34989,758,2020-08-05,3,431,0.00696055684454756,0.011381392735394,3.51281907913685
Rensselaer,2020-08-06T00:00:00.000,1,759,371,35360,35360,759,2020-08-06,1,371,0.00269541778975741,0.0110383724304638,1.1678887475482
Rensselaer,2020-08-07T00:00:00.000,2,761,241,35601,35601,761,2020-08-07,2,241,0.00829875518672199,0.0107038576573739,2.33297912742249
Rensselaer,2020-08-08T00:00:00.000,4,765,435,36036,36036,765,2020-08-08,4,435,0.00919540229885057,0.0103795587606714,4.65943281892069
Rensselaer,2020-08-09T00:00:00.000,1,766,282,36318,36318,766,2020-08-09,1,282,0.00354609929078014,0.010066888195558,1.16298046020418
Rensselaer,2020-08-10T00:00:00.000,4,770,435,36753,36753,770,2020-08-10,4,435,0.00919540229885057,0.00976697745672776,4.64338689448834
Rensselaer,2020-08-11T00:00:00.000,10,780,608,37361,37361,780,2020-08-11,10,608,0.0164473684210526,0.00948069728711905,11.5825101186611
Rensselaer,2020-08-12T00:00:00.000,2,782,610,37971,37971,782,2020-08-12,2,610,0.00327868852459016,0.0092086799589363,2.31039403023207
Rensselaer,2020-08-13T00:00:00.000,3,785,520,38491,38491,785,2020-08-13,3,520,0.00576923076923077,0.00895134256991659,3.45571469692099
Rensselaer,2020-08-14T00:00:00.000,4,789,420,38911,38911,789,2020-08-14,4,420,0.00952380952380952,0.00870891046401333,4.60003092157671
Rensselaer,2020-08-15T00:00:00.000,6,795,637,39548,39548,795,2020-08-15,6,637,0.00941915227629513,0.00848144005607393,6.90198030291306
Rensselaer,2020-08-16T00:00:00.000,0,795,304,39852,39852,795,2020-08-16,0,304,0,0.00826884050584468,0
Rensselaer,2020-08-17T00:00:00.000,6,801,422,40274,40274,801,2020-08-17,6,422,0.014218009478673,0.00807089384050912,6.8945765398428
Rensselaer,2020-08-18T00:00:00.000,3,804,439,40713,40713,804,2020-08-18,3,439,0.00683371298405467,0.00788727326371686,3.44182636351143
Rensselaer,2020-08-19T00:00:00.000,5,809,475,41188,41188,809,2020-08-19,5,475,0.0105263157894737,0.00771755950956761,5.72760526163987
Rensselaer,2020-08-20T00:00:00.000,1,810,593,41781,41781,810,2020-08-20,1,593,0.00168634064080944,0.00756125520184102,1.14384400301293
Rensselaer,2020-08-21T00:00:00.000,3,813,498,42279,42279,813,2020-08-21,3,498,0.00602409638554217,0.00741779726259121,3.42585352573245
Rensselaer,2020-08-22T00:00:00.000,4,817,563,42842,42842,817,2020-08-22,4,563,0.00710479573712256,0.00728656748099909,4.56060437408958
Rensselaer,2020-08-23T00:00:00.000,1,818,310,43152,43152,818,2020-08-23,1,310,0.0032258064516129,0.00716690140459791,1.14023102461997
Rensselaer,2020-08-24T00:00:00.000,1,819,363,43515,43515,819,2020-08-24,1,363,0.00275482093663912,0.00705809575332772,1.13986023663577
Rensselaer,2020-08-25T00:00:00.000,3,822,392,43907,43907,822,2020-08-25,3,392,0.0076530612244898,0.00695941458296109,3.41623249136359
Rensselaer,2020-08-26T00:00:00.000,1,823,343,44250,44250,823,2020-08-26,1,343,0.00291545189504373,0.00687009444105225,1.13688852416772
Rensselaer,2020-08-27T00:00:00.000,3,826,564,44814,44814,826,2020-08-27,3,564,0.00531914893617021,0.00678934876611388,3.4031835805368
Rensselaer,2020-08-28T00:00:00.000,4,830,405,45219,45219,830,2020-08-28,4,405,0.00987654320987654,0.00671637178091483,4.53766864829381
Rensselaer,2020-08-29T00:00:00.000,3,833,708,45927,45927,833,2020-08-29,3,708,0.00423728813559322,0.00665034212364021,3.40879859519468
Rensselaer,2020-08-30T00:00:00.000,5,838,311,46238,46238,838,2020-08-30,5,311,0.0160771704180064,0.0065904264473042,5.69072061507804
Rensselaer,2020-08-31T00:00:00.000,3,841,309,46547,46547,841,2020-08-31,3,309,0.00970873786407767,0.00653578319761517,3.42007377066989
Rensselaer,2020-09-01T00:00:00.000,3,844,446,46993,46993,844,2020-09-01,3,446,0.00672645739910314,0.0064855667532969,3.42563791242086
Rensselaer,2020-09-02T00:00:00.000,4,848,501,47494,47494,848,2020-09-02,4,501,0.00798403193612774,0.00643893208018728,4.57471236413948
Rensselaer,2020-09-03T00:00:00.000,6,854,379,47873,47873,854,2020-09-03,6,379,0.0158311345646438,0.0063950400119249,6.8723339875075
Rensselaer,2020-09-04T00:00:00.000,4,858,540,48413,48413,858,2020-09-04,4,540,0.00740740740740741,0.00635306322575162,4.58791368668463
Rensselaer,2020-09-05T00:00:00.000,1,859,485,48898,48898,859,2020-09-05,1,485,0.00206185567010309,0.00631219293319118,1.14841127340846
Rensselaer,2020-09-06T00:00:00.000,1,860,217,49115,49115,860,2020-09-06,1,217,0.00460829493087558,0.00627164625298856,1.1496511831484
Rensselaer,2020-09-07T00:00:00.000,5,865,284,49399,49399,865,2020-09-07,5,284,0.0176056338028169,0.00623067417976495,5.75310214145521
Rensselaer,2020-09-08T00:00:00.000,1,866,262,49661,49661,866,2020-09-08,1,262,0.00381679389312977,0.00618857000832504,1.15114022629
Rensselaer,2020-09-09T00:00:00.000,1,867,295,49956,49956,867,2020-09-09,1,295,0.00338983050847458,0.00614467802338907,1.15132826838613
Rensselaer,2020-09-10T00:00:00.000,3,870,600,50556,50556,870,2020-09-10,3,600,0.005,0.00609840222012701,3.45343969298781
Rensselaer,2020-09-11T00:00:00.000,6,876,492,51048,51048,876,2020-09-11,6,492,0.0121951219512195,0.00604921478575832,6.91276809285003
Rensselaer,2020-09-12T00:00:00.000,3,879,407,51455,51455,879,2020-09-12,3,407,0.00737100737100737,0.00599666404893718,3.46086120818118
Rensselaer,2020-09-13T00:00:00.000,0,879,501,51956,51956,879,2020-09-13,0,501,0,0.00594038159450956,0
Rensselaer,2020-09-14T00:00:00.000,5,884,498,52454,52454,884,2020-09-14,5,498,0.0100401606425703,0.00588008824783753,5.77624629630011
Rensselaer,2020-09-15T00:00:00.000,3,887,357,52811,52811,887,2020-09-15,3,357,0.00840336134453781,0.00581559865648972,3.46593814110767
Rensselaer,2020-09-16T00:00:00.000,5,892,260,53071,53071,892,2020-09-16,5,260,0.0192307692307692,0.00574682423705629,5.77414711393277
Rensselaer,2020-09-17T00:00:00.000,3,895,571,53642,53642,895,2020-09-17,3,571,0.00525394045534151,0.00567377431008515,3.4613024323903
Rensselaer,2020-09-18T00:00:00.000,1,896,397,54039,54039,896,2020-09-18,1,397,0.00251889168765743,0.00559655531392135,1.15209778387717
Rensselaer,2020-09-19T00:00:00.000,3,899,808,54847,54847,899,2020-09-19,3,808,0.00371287128712871,0.00551536806496889,3.44608296889641
Rensselaer,2020-09-20T00:00:00.000,2,901,309,55156,55156,901,2020-09-20,2,309,0.00647249190938511,0.00543050311348894,2.28834460197443
Rensselaer,2020-09-21T00:00:00.000,0,901,445,55601,55601,901,2020-09-21,0,445,0,0.00534233432507342,0
Rensselaer,2020-09-22T00:00:00.000,1,902,286,55887,55887,902,2020-09-22,1,286,0.0034965034965035,0.00525131089427114,1.13317953445117
Rensselaer,2020-09-23T00:00:00.000,1,903,460,56347,56347,903,2020-09-23,1,460,0.00217391304347826,0.00515794806295585,1.12673669507938
Rensselaer,2020-09-24T00:00:00.000,2,905,505,56852,56852,905,2020-09-24,2,505,0.00396039603960396,0.00506281686871659,2.23938148339719
Rensselaer,2020-09-25T00:00:00.000,3,908,649,57501,57501,908,2020-09-25,3,649,0.00462249614791988,0.00496653328450653,3.34738921800158
Rensselaer,2020-09-26T00:00:00.000,3,911,585,58086,58086,911,2020-09-26,3,585,0.00512820512820513,0.00486974712832061,3.34343456162353
Rensselaer,2020-09-27T00:00:00.000,2,913,342,58428,58428,913,2020-09-27,2,342,0.00584795321637427,0.00477313112063487,2.22511554782028
Rensselaer,2020-09-28T00:00:00.000,3,916,369,58797,58797,916,2020-09-28,3,369,0.00813008130081301,0.00467737044855774,3.33016508637625
Rensselaer,2020-09-29T00:00:00.000,3,919,1882,60679,60679,919,2020-09-29,3,1882,0.00159404888416578,0.00458315316117964,3.32098510958665
Rensselaer,2020-09-30T00:00:00.000,4,923,2239,62918,62918,923,2020-09-30,4,2239,0.00178651183564091,0.00449116167385631,4.41363035890696
Rensselaer,2020-10-01T00:00:00.000,8,931,1480,64398,64398,931,2020-10-01,8,1480,0.00540540540540541,0.00440206560342155,8.79461300980859
Rensselaer,2020-10-02T00:00:00.000,6,937,1930,66328,66328,937,2020-10-02,6,1930,0.00310880829015544,0.00431651609593084,6.56873780357529
Rensselaer,2020-10-03T00:00:00.000,7,944,619,66947,66947,944,2020-10-03,7,619,0.0113085621970921,0.0042351417472877,7.62885927004753
Rensselaer,2020-10-04T00:00:00.000,1,945,215,67162,67162,945,2020-10-04,1,215,0.00465116279069767,0.00415854615855109,1.08451158862836
Rensselaer,2020-10-05T00:00:00.000,7,952,404,67566,67566,952,2020-10-05,7,404,0.0173267326732673,0.0040873071149574,7.55200424801929
Rensselaer,2020-10-06T00:00:00.000,5,957,2055,69621,69621,957,2020-10-06,5,2055,0.0024330900243309,0.00402197733298418,5.36460559679283
Rensselaer,2020-10-07T00:00:00.000,1,958,2408,72029,72029,958,2020-10-07,1,2408,0.000415282392026578,0.00396308668449376,1.06674787052947
Rensselaer,2020-10-08T00:00:00.000,6,964,1612,73641,73641,964,2020-10-08,6,1612,0.00372208436724566,0.00391114578186027,6.36230538520069
Rensselaer,2020-10-09T00:00:00.000,6,970,2154,75795,75795,970,2020-10-09,6,2154,0.00278551532033426,0.00386665079286417,6.32265088477649
Rensselaer,2020-10-10T00:00:00.000,10,980,692,76487,76487,980,2020-10-10,10,692,0.0144508670520231,0.00383008934825235,10.4705885504508
Rensselaer,2020-10-11T00:00:00.000,5,985,540,77027,77027,985,2020-10-11,5,540,0.00925925925925926,0.00380194740712493,5.20150739975437
Rensselaer,2020-10-12T00:00:00.000,9,994,440,77467,77467,994,2020-10-12,9,440,0.0204545454545455,0.00378271695394791,9.3019007377005
Rensselaer,2020-10-13T00:00:00.000,8,1002,1599,79066,79066,1002,2020-10-13,8,1599,0.00500312695434647,0.0037729044145557,8.21462030388591
Rensselaer,2020-10-14T00:00:00.000,5,1007,2540,81606,81606,1007,2020-10-14,5,2540,0.00196850393700787,0.0037730396948826,5.10529043771251
Rensselaer,2020-10-15T00:00:00.000,13,1020,1815,83421,83421,1020,2020-10-15,13,1815,0.00716253443526171,0.00378368576386439,13.2096871828063
Rensselaer,2020-10-16T00:00:00.000,1,1021,764,84185,84185,1021,2020-10-16,1,764,0.00130890052356021,0.0038054487191083,1.01324570462908
Rensselaer,2020-10-17T00:00:00.000,6,1027,818,85003,85003,1027,2020-10-17,6,818,0.00733496332518337,0.00383898828923678,6.06628178977353
Rensselaer,2020-10-18T00:00:00.000,7,1034,338,85341,85341,1034,2020-10-18,7,338,0.0207100591715976,0.00388502873880712,7.06488743042142
Rensselaer,2020-10-19T00:00:00.000,6,1040,442,85783,85783,1040,2020-10-19,6,442,0.0135746606334842,0.00394437014931416,6.0519171219787
Rensselaer,2020-10-20T00:00:00.000,7,1047,2034,87817,87817,1047,2020-10-20,7,2034,0.00344149459193707,0.00401790005217399,7.06615553523976
Rensselaer,2020-10-21T00:00:00.000,11,1058,2518,90335,90335,1058,2020-10-21,11,2518,0.00436854646544877,0.00410660538571491,11.1154089805318
Rensselaer,2020-10-22T00:00:00.000,6,1064,984,91319,91319,1064,2020-10-22,6,984,0.00609756097560976,0.00421158473781429,6.07307759413667
Rensselaer,2020-10-23T00:00:00.000,9,1073,2668,93987,93987,1073,2020-10-23,9,2668,0.00337331334332834,0.00433406081826564,9.12439612781794
Rensselaer,2020-10-24T00:00:00.000,7,1080,4893,98880,98880,1080,2020-10-24,7,4893,0.00143061516452074,0.00447539308021395,7.1078948059964
Rensselaer,2020-10-25T00:00:00.000,8,1088,296,99176,99176,1088,2020-10-25,8,296,0.027027027027027,0.00463709037831348,8.13560486510847
Rensselaer,2020-10-26T00:00:00.000,6,1094,569,99745,99745,1094,2020-10-26,6,569,0.0105448154657293,0.00482082351293634,6.1105755363152
Rensselaer,2020-10-27T00:00:00.000,5,1099,526,100271,100271,1099,2020-10-27,5,526,0.00950570342205323,0.00502843746652132,5.09923138601143
Rensselaer,2020-10-28T00:00:00.000,11,1110,1019,101290,101290,1110,2020-10-28,11,1019,0.0107948969578018,0.00526196309110948,11.2331888084808
Rensselaer,2020-10-29T00:00:00.000,1,1111,1702,102992,102992,1111,2020-10-29,1,1702,0.000587544065804935,0.00552362795904024,1.02248520727312
Rensselaer,2020-10-30T00:00:00.000,5,1116,2365,105357,105357,1116,2020-10-30,5,2365,0.00211416490486258,0.00581586604475903,5.11851656837033
Rensselaer,2020-10-31T00:00:00.000,8,1124,2407,107764,107764,1124,2020-10-31,8,2407,0.00332363938512671,0.00614132587095798,8.19881756065171
Rensselaer,2020-11-01T00:00:00.000,7,1131,421,108185,108185,1131,2020-11-01,7,421,0.0166270783847981,0.00650287673291131,7.18151895156422
Rensselaer,2020-11-02T00:00:00.000,4,1135,516,108701,108701,1135,2020-11-02,4,516,0.00775193798449612,0.00690361262030924,4.10776211207688
Rensselaer,2020-11-03T00:00:00.000,7,1142,2052,110753,110753,1142,2020-11-03,7,2052,0.00341130604288499,0.00734685349557574,7.19516308954739
Rensselaer,2020-11-04T00:00:00.000,19,1161,868,111621,111621,1161,2020-11-04,19,868,0.021889400921659,0.00783614367382887,19.546288922346
Rensselaer,2020-11-05T00:00:00.000,14,1175,1527,113148,113148,1175,2020-11-05,14,1527,0.0091683038637852,0.00837524719489888,14.4137966095053
Rensselaer,2020-11-06T00:00:00.000,9,1184,2444,115592,115592,1184,2020-11-06,9,2444,0.00368248772504092,0.00896814029520924,9.27267348083301
Rensselaer,2020-11-07T00:00:00.000,14,1198,858,116450,116450,1198,2020-11-07,14,858,0.0163170163170163,0.0096190013902725,14.4336505758386
Rensselaer,2020-11-08T00:00:00.000,15,1213,2238,118688,118688,1213,2020-11-08,15,2238,0.00670241286863271,0.0103321993775393,15.472855942642
Rensselaer,2020-11-09T00:00:00.000,17,1230,585,119273,119273,1230,2020-11-09,17,585,0.0290598290598291,0.0111122815738226,17.5496835298802
Rensselaer,2020-11-10T00:00:00.000,13,1243,2134,121407,121407,1243,2020-11-10,13,2134,0.00609184629803187,0.0119639632152031,13.4557076027337
Rensselaer,2020-11-11T00:00:00.000,15,1258,1307,122714,122714,1258,2020-11-11,15,1307,0.0114766641162969,0.0128921211707067,15.5824365210458
Rensselaer,2020-11-12T00:00:00.000,20,1278,1605,124319,124319,1278,2020-11-12,20,1605,0.0124610591900312,0.0139017953473742,20.9239687904521
Rensselaer,2020-11-13T00:00:00.000,26,1304,2508,126827,126827,1304,2020-11-13,26,2508,0.0103668261562998,0.0149982021839441,27.3960009173331
Rensselaer,2020-11-14T00:00:00.000,17,1321,496,127323,127323,1321,2020-11-14,17,496,0.0342741935483871,0.0161867656295207,18.0418321468375
Rensselaer,2020-11-15T00:00:00.000,12,1333,410,127733,127733,1333,2020-11-15,12,410,0.0292682926829268,0.0174731720690516,12.8273983572883
Rensselaer,2020-11-16T00:00:00.000,31,1364,938,128671,128671,1364,2020-11-16,31,938,0.0330490405117271,0.0188634567842377,33.3767135705824
Rensselaer,2020-11-17T00:00:00.000,25,1389,735,129406,129406,1389,2020-11-17,25,735,0.0340136054421769,0.0203641307340504,27.1105525221821
Rensselaer,2020-11-18T00:00:00.000,22,1411,1403,130809,130809,1411,2020-11-18,22,1403,0.0156806842480399,0.0219823577372285,24.0283807800906
Richmond,2020-03-01T00:00:00.000,0,0,0,0,0,0,2020-03-01,0,0,0,0.100023034570943,0
Richmond,2020-03-02T00:00:00.000,0,0,0,0,0,0,2020-03-02,0,0,0,0.109730332000759,0
Richmond,2020-03-03T00:00:00.000,0,0,0,0,0,0,2020-03-03,0,0,0,0.120247226438504,0
Richmond,2020-03-04T00:00:00.000,0,0,0,0,0,0,2020-03-04,0,0,0,0.131604177779512,0
Richmond,2020-03-05T00:00:00.000,0,0,0,0,0,0,2020-03-05,0,0,0,0.143819932000579,0
Richmond,2020-03-06T00:00:00.000,0,0,3,3,3,0,2020-03-06,0,3,0,0.156898767283431,0
Richmond,2020-03-07T00:00:00.000,0,0,2,5,5,0,2020-03-07,0,2,0,0.170827877332266,0
Richmond,2020-03-08T00:00:00.000,0,0,0,5,5,0,2020-03-08,0,0,0,0.185575095474312,0
Richmond,2020-03-09T00:00:00.000,0,0,6,11,11,0,2020-03-09,0,6,0,0.201087180071199,0
Richmond,2020-03-10T00:00:00.000,1,1,5,16,16,1,2020-03-10,1,5,0.2,0.217288875580008,1.61643613745145
Richmond,2020-03-11T00:00:00.000,1,2,5,21,21,2,2020-03-11,1,5,0.2,0.234082929153387,1.59214386311693
Richmond,2020-03-12T00:00:00.000,4,6,16,37,37,6,2020-03-12,4,16,0.25,0.251351179133754,6.27250385141793
Richmond,2020-03-13T00:00:00.000,5,11,34,71,71,11,2020-03-13,5,34,0.147058823529412,0.268956743521008,7.72214817018122
Richmond,2020-03-14T00:00:00.000,3,14,29,100,100,14,2020-03-14,3,29,0.103448275862069,0.286747233460364,4.56331908421247
Richmond,2020-03-15T00:00:00.000,6,20,27,127,127,20,2020-03-15,6,27,0.222222222222222,0.304558813418933,8.9892662651948
Richmond,2020-03-16T00:00:00.000,11,31,35,162,162,31,2020-03-16,11,35,0.314285714285714,0.322220841870038,16.2338103707401
Richmond,2020-03-17T00:00:00.000,26,57,61,223,223,57,2020-03-17,26,61,0.426229508196721,0.339560768540822,37.8022963953595
Richmond,2020-03-18T00:00:00.000,33,90,110,333,333,90,2020-03-18,33,110,0.3,0.356408945661267,47.1924633433703
Richmond,2020-03-19T00:00:00.000,116,206,272,605,605,206,2020-03-19,116,272,0.426470588235294,0.372603033708663,163.555098416293
Richmond,2020-03-20T00:00:00.000,109,315,334,939,939,315,2020-03-20,109,334,0.326347305389222,0.387991741345531,151.572259355077
Richmond,2020-03-21T00:00:00.000,207,522,645,1584,1584,522,2020-03-21,207,645,0.32093023255814,0.402437723720114,283.522268858104
Richmond,2020-03-22T00:00:00.000,193,715,417,2001,2001,715,2020-03-22,193,417,0.462829736211031,0.415819558535775,261.556883119217
Richmond,2020-03-23T00:00:00.000,200,915,487,2488,2488,915,2020-03-23,200,487,0.410677618069815,0.428032811274952,270.322305985037
Richmond,2020-03-24T00:00:00.000,110,1025,223,2711,2711,1025,2020-03-24,110,223,0.493273542600897,0.438990278149184,148.057552323862
Richmond,2020-03-25T00:00:00.000,164,1189,293,3004,3004,1189,2020-03-25,164,293,0.559726962457338,0.448621550782779,219.484402886967
Richmond,2020-03-26T00:00:00.000,223,1412,413,3417,3417,1412,2020-03-26,223,413,0.539951573849879,0.456872077884466,296.557651308703
Richmond,2020-03-27T00:00:00.000,415,1827,847,4264,4264,1827,2020-03-27,415,847,0.489964580873672,0.463701907787071,552.698580335472
Richmond,2020-03-28T00:00:00.000,402,2229,878,5142,5142,2229,2020-03-28,402,878,0.457858769931663,0.469084285879254,533.661821689265
Richmond,2020-03-29T00:00:00.000,336,2565,711,5853,5853,2565,2020-03-29,336,711,0.472573839662447,0.473004258047727,444.032557184388
Richmond,2020-03-30T00:00:00.000,324,2889,691,6544,6544,2889,2020-03-30,324,691,0.468885672937771,0.475457400434872,426.163211805056
Richmond,2020-03-31T00:00:00.000,299,3188,616,7160,7160,3188,2020-03-31,299,616,0.48538961038961,0.476448761762881,392.232245620858
Richmond,2020-04-01T00:00:00.000,279,3467,559,7719,7719,3467,2020-04-01,279,559,0.499105545617174,0.475992070324595,366.750202868152
Richmond,2020-04-02T00:00:00.000,287,3754,563,8282,8282,3754,2020-04-02,287,563,0.509769094138544,0.474109225670904,377.780207377155
Richmond,2020-04-03T00:00:00.000,319,4073,679,8961,8961,4073,2020-04-03,319,679,0.46980854197349,0.470830066105403,420.206562557862
Richmond,2020-04-04T00:00:00.000,218,4291,513,9474,9474,4291,2020-04-04,218,513,0.42495126705653,0.466192377911277,287.204678806437
Richmond,2020-04-05T00:00:00.000,288,4579,600,10074,10074,4579,2020-04-05,288,600,0.48,0.460242090918544,379.241310262281
Richmond,2020-04-06T00:00:00.000,218,4797,605,10679,10679,4797,2020-04-06,218,605,0.360330578512397,0.453033587884537,286.785637506873
Richmond,2020-04-07T00:00:00.000,546,5343,1262,11941,11941,5343,2020-04-07,546,1262,0.432646592709984,0.444630042676664,717.291740435023
Richmond,2020-04-08T00:00:00.000,641,5984,1528,13469,13469,5984,2020-04-08,641,1528,0.419502617801047,0.435103695056673,840.71827887947
Richmond,2020-04-09T00:00:00.000,500,6484,1212,14681,14681,6484,2020-04-09,500,1212,0.412541254125413,0.424535968936387,655.951045544966
Richmond,2020-04-10T00:00:00.000,376,6860,807,15488,15488,6860,2020-04-10,376,807,0.465923172242875,0.413017347228114,493.068780144117
Richmond,2020-04-11T00:00:00.000,456,7316,1030,16518,16518,7316,2020-04-11,456,1030,0.442718446601942,0.400646930261783,597.390213340566
Richmond,2020-04-12T00:00:00.000,352,7668,887,17405,17405,7668,2020-04-12,352,887,0.39684329199549,0.387531626431379,460.472466111071
Richmond,2020-04-13T00:00:00.000,292,7960,725,18130,18130,7960,2020-04-13,292,725,0.402758620689655,0.373784951964663,381.307027023512
Richmond,2020-04-14T00:00:00.000,338,8298,743,18873,18873,8298,2020-04-14,338,743,0.454912516823688,0.359525449827016,441.053234620303
Richmond,2020-04-15T00:00:00.000,386,8684,1184,20057,20057,8684,2020-04-15,386,1184,0.326013513513513,0.344874772467558,503.264578799594
Richmond,2020-04-16T00:00:00.000,347,9031,1084,21141,21141,9031,2020-04-16,347,1084,0.320110701107011,0.329955505979976,451.993445463977
Richmond,2020-04-17T00:00:00.000,302,9333,1106,22247,22247,9333,2020-04-17,302,1106,0.273056057866184,0.314888840173281,393.083031743653
Richmond,2020-04-18T00:00:00.000,341,9674,1288,23535,23535,9674,2020-04-18,341,1288,0.264751552795031,0.299792206761677,444.443528004276
Richmond,2020-04-19T00:00:00.000,239,9913,874,24409,24409,9913,2020-04-19,239,874,0.273455377574371,0.28477701400012,311.891878871487
Richmond,2020-04-20T00:00:00.000,208,10121,882,25291,25291,10121,2020-04-20,208,882,0.235827664399093,0.269946599736825,271.75269540381
Richmond,2020-04-21T00:00:00.000,224,10345,998,26289,26289,10345,2020-04-21,224,998,0.224448897795591,0.255394507083949,292.97104070231
Richmond,2020-04-22T00:00:00.000,245,10590,1031,27320,27320,10590,2020-04-22,245,1031,0.237633365664403,0.241203160035227,320.754032368801
Richmond,2020-04-23T00:00:00.000,293,10883,1272,28592,28592,10883,2020-04-23,293,1272,0.230345911949686,0.22744298404398,383.943780431752
Richmond,2020-04-24T00:00:00.000,246,11129,1011,29603,29603,11129,2020-04-24,246,1011,0.243323442136499,0.214171982857566,322.622765562645
Richmond,2020-04-25T00:00:00.000,154,11283,882,30485,30485,11283,2020-04-25,154,882,0.174603174603175,0.201435751490673,202.119192758892
Richmond,2020-04-26T00:00:00.000,140,11423,658,31143,31143,11423,2020-04-26,140,658,0.212765957446809,0.18926787929102,183.869525461821
Richmond,2020-04-27T00:00:00.000,93,11516,567,31710,31710,11516,2020-04-27,93,567,0.164021164021164,0.177690678365657,122.216019092297
Richmond,2020-04-28T00:00:00.000,144,11660,935,32645,32645,11660,2020-04-28,144,935,0.154010695187166,0.166716162042413,189.312657088777
Richmond,2020-04-29T00:00:00.000,151,11811,841,33486,33486,11811,2020-04-29,151,841,0.179548156956005,0.156347195018798,198.569431733214
Richmond,2020-04-30T00:00:00.000,126,11937,849,34335,34335,11937,2020-04-30,126,849,0.148409893992933,0.146578740296149,165.726211216033
Richmond,2020-05-01T00:00:00.000,157,12094,918,35253,35253,12094,2020-05-01,157,918,0.171023965141612,0.137399136233348,206.524736535798
Richmond,2020-05-02T00:00:00.000,101,12195,729,35982,35982,12195,2020-05-02,101,729,0.138545953360768,0.128791348242476,132.86524157212
Richmond,2020-05-03T00:00:00.000,60,12255,549,36531,36531,12255,2020-05-03,60,549,0.109289617486339,0.120734152200384,79.0520031167467
Richmond,2020-05-04T00:00:00.000,62,12317,573,37104,37104,12317,2020-05-04,62,573,0.108202443280977,0.113203219137218,82.0856093846555
Richmond,2020-05-05T00:00:00.000,84,12401,702,37806,37806,12401,2020-05-05,84,702,0.11965811965812,0.106172082198797,111.486294132602
Richmond,2020-05-06T00:00:00.000,105,12506,828,38634,38634,12506,2020-05-06,105,828,0.126811594202899,0.099612976698054,139.622650001388
Richmond,2020-05-07T00:00:00.000,72,12578,672,39306,39306,12578,2020-05-07,72,672,0.107142857142857,0.0934975518971806,95.8695578072868
Richmond,2020-05-08T00:00:00.000,72,12650,832,40138,40138,12650,2020-05-08,72,832,0.0865384615384615,0.0877974590562166,95.8143947609877
Richmond,2020-05-09T00:00:00.000,52,12702,717,40855,40855,12702,2020-05-09,52,717,0.0725244072524407,0.0824848243440238,69.1268063264897
Richmond,2020-05-10T00:00:00.000,45,12747,493,41348,41348,12747,2020-05-10,45,493,0.0912778904665314,0.0775326177006305,59.7516158795271
Richmond,2020-05-11T00:00:00.000,22,12769,517,41865,41865,12769,2020-05-11,22,517,0.0425531914893617,0.0729149299745844,29.2670061693635
Richmond,2020-05-12T00:00:00.000,41,12810,806,42671,42671,12810,2020-05-12,41,806,0.0508684863523573,0.0686071709373629,54.6796262059583
Richmond,2020-05-13T00:00:00.000,51,12861,869,43540,43540,12861,2020-05-13,51,869,0.0586881472957422,0.0645862003667906,68.1738962174828
Richmond,2020-05-14T00:00:00.000,48,12909,812,44352,44352,12909,2020-05-14,48,812,0.0591133004926108,0.0608304035407354,64.2987798463079
Richmond,2020-05-15T00:00:00.000,65,12974,843,45195,45195,12974,2020-05-15,65,843,0.0771055753262159,0.0573197213865984,87.2334812236578
Richmond,2020-05-16T00:00:00.000,37,13011,713,45908,45908,13011,2020-05-16,37,713,0.0518934081346424,0.0540356443134029,49.8558241772745
Richmond,2020-05-17T00:00:00.000,36,13047,571,46479,46479,13047,2020-05-17,36,571,0.0630472854640981,0.0509611775506637,48.7305512866831
Richmond,2020-05-18T00:00:00.000,22,13069,621,47100,47100,13069,2020-05-18,22,621,0.035426731078905,0.0480807846580061,29.8971898549415
Richmond,2020-05-19T00:00:00.000,31,13100,751,47851,47851,13100,2020-05-19,31,751,0.0412782956058589,0.0453803148418547,42.416426116652
Richmond,2020-05-20T00:00:00.000,40,13140,908,48759,48759,13140,2020-05-20,40,908,0.0440528634361234,0.0428469187828356,55.0731482935319
Richmond,2020-05-21T00:00:00.000,31,13171,877,49636,49636,13171,2020-05-21,31,877,0.0353477765108324,0.040468956897485,42.9210098396618
Richmond,2020-05-22T00:00:00.000,44,13215,1232,50868,50868,13215,2020-05-22,44,1232,0.0357142857142857,0.0382359032846558,61.1903119389137
Richmond,2020-05-23T00:00:00.000,51,13266,1120,51988,51988,13266,2020-05-23,51,1120,0.0455357142857143,0.0361382480424096,70.9330271474568
Richmond,2020-05-24T00:00:00.000,21,13287,732,52720,52720,13287,2020-05-24,21,732,0.0286885245901639,0.0341674001751995,29.1832207376529
Richmond,2020-05-25T00:00:00.000,38,13325,1047,53767,53767,13325,2020-05-25,38,1047,0.0362941738299905,0.0323155929037593,52.7094385917698
Richmond,2020-05-26T00:00:00.000,23,13348,720,54487,54487,13348,2020-05-26,23,720,0.0319444444444444,0.0305757928570065,31.807797379106
Richmond,2020-05-27T00:00:00.000,56,13404,1623,56110,56110,13404,2020-05-27,56,1623,0.0345040049291436,0.028941614317428,77.1428386356889
Richmond,2020-05-28T00:00:00.000,51,13455,1731,57841,57841,13455,2020-05-28,51,1731,0.0294627383015598,0.0274072394284196,69.9184892641195
Richmond,2020-05-29T00:00:00.000,50,13505,1376,59217,59217,13505,2020-05-29,50,1376,0.0363372093023256,0.0259673450253424,68.1606449214139
Richmond,2020-05-30T00:00:00.000,17,13522,1214,60431,60431,13522,2020-05-30,17,1214,0.014003294892916,0.0246170365264082,23.0250442213884
Richmond,2020-05-31T00:00:00.000,15,13537,1200,61631,61631,13537,2020-05-31,15,1200,0.0125,0.0233517891089069,20.1762190184114
Richmond,2020-06-01T00:00:00.000,25,13562,972,62603,62603,13562,2020-06-01,25,972,0.0257201646090535,0.0221673962061546,33.4759444555256
Richmond,2020-06-02T00:00:00.000,23,13585,991,63594,63594,13585,2020-06-02,23,991,0.0232088799192735,0.0210599251824927,30.6419513317986
Richmond,2020-06-03T00:00:00.000,36,13621,1784,65378,65378,13621,2020-06-03,36,1784,0.0201793721973094,0.0200256798908804,47.6924136225267
Richmond,2020-06-04T00:00:00.000,42,13663,1576,66954,66954,13663,2020-06-04,42,1576,0.0266497461928934,0.0190611696880645,55.3005578909094
Richmond,2020-06-05T00:00:00.000,28,13691,1886,68840,68840,13691,2020-06-05,28,1886,0.0148462354188759,0.0181630843734665,36.6587330298829
Richmond,2020-06-06T00:00:00.000,26,13717,1379,70219,70219,13717,2020-06-06,26,1379,0.018854242204496,0.0173282744405408,33.8758771342434
Richmond,2020-06-07T00:00:00.000,10,13727,1182,71401,71401,13727,2020-06-07,10,1182,0.00846023688663283,0.0165537359774919,12.9605760882095
Richmond,2020-06-08T00:00:00.000,20,13747,896,72297,72297,13747,2020-06-08,20,896,0.0223214285714286,0.0158365995274314,25.7657681022525
Richmond,2020-06-09T00:00:00.000,14,13761,1144,73441,73441,13761,2020-06-09,14,1144,0.0122377622377622,0.0151741222153156,17.9379256004501
Richmond,2020-06-10T00:00:00.000,19,13780,1290,74731,74731,13780,2020-06-10,19,1290,0.0147286821705426,0.0145636824696719,24.3189028958803
Richmond,2020-06-11T00:00:00.000,20,13800,1547,76278,76278,13800,2020-06-11,20,1547,0.0129282482223659,0.0140027767027268,25.5673301922247
Richmond,2020-06-12T00:00:00.000,17,13817,1596,77874,77874,13817,2020-06-12,17,1596,0.0106516290726817,0.0134890173621394,21.701778429754
Richmond,2020-06-13T00:00:00.000,40,13857,1365,79239,79239,13857,2020-06-13,40,1365,0.0293040293040293,0.0130201318271658,50.9836265640511
Richmond,2020-06-14T00:00:00.000,21,13878,1391,80630,80630,13878,2020-06-14,21,1391,0.01509705248023,0.0125939616856651,26.7211381091428
Richmond,2020-06-15T00:00:00.000,10,13888,2387,83017,83017,13888,2020-06-15,10,2387,0.00418935902806871,0.0122084619943067,12.7013048443113
Richmond,2020-06-16T00:00:00.000,5,13893,1328,84345,84345,13893,2020-06-16,5,1328,0.00376506024096386,0.0118617001877285,6.33848883548094
Richmond,2020-06-17T00:00:00.000,7,13900,1579,85924,85924,13900,2020-06-17,7,1579,0.00443318556048132,0.011551854362438,8.85609840066761
Richmond,2020-06-18T00:00:00.000,17,13917,2306,88230,88230,13917,2020-06-18,17,2306,0.00737207285342585,0.0112772107158159,21.4620136977964
Richmond,2020-06-19T00:00:00.000,27,13944,1882,90112,90112,13944,2020-06-19,27,1882,0.014346439957492,0.0110361599675494,34.0125247737566
Richmond,2020-06-20T00:00:00.000,14,13958,1749,91861,91861,13958,2020-06-20,14,1749,0.00800457404230989,0.0108271926325642,17.5969817876357
Richmond,2020-06-21T00:00:00.000,13,13971,1507,93368,93368,13971,2020-06-21,13,1507,0.0086264100862641,0.0106488930488955,16.3032608348207
Richmond,2020-06-22T00:00:00.000,12,13983,1121,94489,94489,13983,2020-06-22,12,1121,0.0107047279214987,0.0104999320936779,15.0149215969284
Richmond,2020-06-23T00:00:00.000,11,13994,1894,96383,96383,13994,2020-06-23,11,1894,0.0058078141499472,0.010379058546114,13.7321336674211
Richmond,2020-06-24T00:00:00.000,26,14020,2032,98415,98415,14020,2020-06-24,26,2032,0.0127952755905512,0.0102850890811659,32.3830233329945
Richmond,2020-06-25T00:00:00.000,17,14037,1707,100122,100122,14037,2020-06-25,17,1707,0.00995899238429994,0.0102168968996399,21.1246011897349
Richmond,2020-06-26T00:00:00.000,15,14052,1697,101819,101819,14052,2020-06-26,15,1697,0.00883912787271656,0.010173399029346,18.5961987111801
Richmond,2020-06-27T00:00:00.000,21,14073,1581,103400,103400,14073,2020-06-27,21,1581,0.0132827324478178,0.0101535423597897,25.9742796880513
Richmond,2020-06-28T00:00:00.000,9,14082,979,104379,104379,14082,2020-06-28,9,979,0.00919305413687436,0.0101562885107329,11.1059448269364
Richmond,2020-06-29T00:00:00.000,11,14093,1749,106128,106128,14093,2020-06-29,11,1749,0.00628930817610063,0.0101805976788225,13.5422489506352
Richmond,2020-06-30T00:00:00.000,16,14109,1304,107432,107432,14109,2020-06-30,16,1304,0.0122699386503067,0.0102254116584087,19.6515909664247
Richmond,2020-07-01T00:00:00.000,16,14125,1787,109219,109219,14125,2020-07-01,16,1787,0.0089535534415221,0.0102896362949924,19.6051179797747
Richmond,2020-07-02T00:00:00.000,39,14164,1955,111174,111174,14164,2020-07-02,39,1955,0.0199488491048593,0.0103721236993818,47.6732758476486
Richmond,2020-07-03T00:00:00.000,26,14190,1613,112787,112787,14190,2020-07-03,26,1613,0.0161190328580285,0.0104716546263288,31.6623863920613
Richmond,2020-07-04T00:00:00.000,12,14202,1578,114365,114365,14202,2020-07-04,12,1578,0.00760456273764259,0.0105869215032111,14.5970533201756
Richmond,2020-07-05T00:00:00.000,11,14213,1362,115727,115727,14213,2020-07-05,11,1362,0.00807635829662261,0.0107165126725532,13.3470140453033
Richmond,2020-07-06T00:00:00.000,12,14225,1707,117434,117434,14225,2020-07-06,12,1707,0.0070298769771529,0.0108588984870042,14.5255909600761
Richmond,2020-07-07T00:00:00.000,18,14243,1406,118840,118840,14243,2020-07-07,18,1406,0.0128022759601707,0.0110124199561913,21.772028307549
Richmond,2020-07-08T00:00:00.000,19,14262,1592,120432,120432,14262,2020-07-08,19,1592,0.0119346733668342,0.0111752806848051,22.9583355469645
Richmond,2020-07-09T00:00:00.000,23,14285,1874,122306,122306,14285,2020-07-09,23,1874,0.012273212379936,0.0113455428539276,27.7602896409875
Richmond,2020-07-10T00:00:00.000,23,14308,1837,124143,124143,14308,2020-07-10,23,1837,0.0125204137180185,0.0115211279710986,27.7257002557284
Richmond,2020-07-11T00:00:00.000,21,14329,1681,125824,125824,14329,2020-07-11,21,1681,0.0124925639500297,0.0116998230454367,25.2801501400155
Richmond,2020-07-12T00:00:00.000,12,14341,1495,127319,127319,14341,2020-07-12,12,1495,0.00802675585284281,0.0118792927249199,14.4242282698024
Richmond,2020-07-13T00:00:00.000,31,14372,1891,129210,129210,14372,2020-07-13,31,1891,0.0163934426229508,0.0120570977592092,37.2021271729969
Richmond,2020-07-14T00:00:00.000,17,14389,1604,130814,130814,14389,2020-07-14,17,1604,0.0105985037406484,0.0122307199297476,20.3653651158399
Richmond,2020-07-15T00:00:00.000,28,14417,1878,132692,132692,14417,2020-07-15,28,1878,0.0149094781682641,0.0123975933161924,33.4795790716779
Richmond,2020-07-16T00:00:00.000,22,14439,2004,134696,134696,14439,2020-07-16,22,2004,0.0109780439121756,0.0125551414640967,26.2521061041567
Richmond,2020-07-17T00:00:00.000,20,14459,1566,136262,136262,14459,2020-07-17,20,1566,0.0127713920817369,0.0127008196899764,23.8470450033715
Richmond,2020-07-18T00:00:00.000,21,14480,1301,137563,137563,14480,2020-07-18,21,1301,0.016141429669485,0.0128321614316632,25.0849496904487
Richmond,2020-07-19T00:00:00.000,23,14503,1213,138776,138776,14503,2020-07-19,23,1213,0.0189612530915087,0.0129468272433431,27.5084888794634
Richmond,2020-07-20T00:00:00.000,36,14539,2050,140826,140826,14539,2020-07-20,36,2050,0.0175609756097561,0.0130426547722984,43.0858416707624
Richmond,2020-07-21T00:00:00.000,18,14557,1252,142078,142078,14557,2020-07-21,18,1252,0.0143769968051118,0.0131177078582116,21.5421274889603
Richmond,2020-07-22T00:00:00.000,30,14587,1890,143968,143968,14587,2020-07-22,30,1890,0.0158730158730159,0.0131703227937688,35.8775632381532
Richmond,2020-07-23T00:00:00.000,26,14613,2065,146033,146033,14613,2020-07-23,26,2065,0.012590799031477,0.0131991497819721,31.0538749953148
Richmond,2020-07-24T00:00:00.000,20,14633,1908,147941,147941,14633,2020-07-24,20,1908,0.010482180293501,0.0132031877423784,23.9438944998703
Richmond,2020-07-25T00:00:00.000,16,14649,1116,149057,149057,14649,2020-07-25,16,1116,0.014336917562724,0.013181810844261,19.1885231245492
Richmond,2020-07-26T00:00:00.000,32,14681,1401,150458,150458,14681,2020-07-26,32,1401,0.0228408279800143,0.0131347854770344,38.4051996394066
Richmond,2020-07-27T00:00:00.000,17,14698,1571,152029,152029,14698,2020-07-27,17,1571,0.0108211330362826,0.0130622767871656,20.4007158665897
Richmond,2020-07-28T00:00:00.000,29,14727,1531,153560,153560,14727,2020-07-28,29,1531,0.0189418680600914,0.0129648443892118,34.7684251341744
Richmond,2020-07-29T00:00:00.000,21,14748,1720,155280,155280,14748,2020-07-29,21,1720,0.0122093023255814,0.0128434273657396,25.1315807618816
Richmond,2020-07-30T00:00:00.000,16,14764,1562,156842,156842,14764,2020-07-30,16,1562,0.0102432778489117,0.0126993191755745,19.0963093036089
Richmond,2020-07-31T00:00:00.000,17,14781,2229,159071,159071,14781,2020-07-31,17,2229,0.00762673844773441,0.0125341335500365,20.2349570581931
Richmond,2020-08-01T00:00:00.000,24,14805,1599,160670,160670,14805,2020-08-01,24,1599,0.0150093808630394,0.0123497628531799,28.5220971273468
Richmond,2020-08-02T00:00:00.000,17,14822,1421,162091,162091,14822,2020-08-02,17,1421,0.011963406052076,0.0121483306790562,20.1486357544976
Richmond,2020-08-03T00:00:00.000,18,14840,1840,163931,163931,14840,2020-08-03,18,1840,0.00978260869565217,0.0119321406471801,21.2643913904903
Richmond,2020-08-04T00:00:00.000,14,14854,1492,165423,165423,14854,2020-08-04,14,1492,0.00938337801608579,0.0117036234280174,16.476220877996
Richmond,2020-08-05T00:00:00.000,23,14877,1916,167339,167339,14877,2020-08-05,23,1916,0.0120041753653445,0.0114652839842046,26.9513984575848
Richmond,2020-08-06T00:00:00.000,14,14891,1679,169018,169018,14891,2020-08-06,14,1679,0.0083382966051221,0.0112196508613701,16.377097694309
Richmond,2020-08-07T00:00:00.000,18,14909,2154,171172,171172,14909,2020-08-07,18,2154,0.00835654596100279,0.0109692291270459,21.0482959261863
Richmond,2020-08-08T00:00:00.000,12,14921,1395,172567,172567,14921,2020-08-08,12,1395,0.00860215053763441,0.0107164582534743,14.0230198085921
Richmond,2020-08-09T00:00:00.000,13,14934,1656,174223,174223,14934,2020-08-09,13,1656,0.00785024154589372,0.0104636758998893,15.1773054197116
Richmond,2020-08-10T00:00:00.000,19,14953,2137,176360,176360,14953,2020-08-10,19,2137,0.00889096864763687,0.0102130881984558,22.1548171805337
Richmond,2020-08-11T00:00:00.000,21,14974,2162,178522,178522,14974,2020-08-11,21,2162,0.00971322849213691,0.0099667468030376,24.4451832680617
Richmond,2020-08-12T00:00:00.000,24,14998,2896,181418,181418,14998,2020-08-12,24,2896,0.00828729281767956,0.00972653264734227,27.8768287192324
Richmond,2020-08-13T00:00:00.000,19,15017,2232,183650,183650,15017,2020-08-13,19,2232,0.00851254480286738,0.00949414608969137,22.0154212329807
Richmond,2020-08-14T00:00:00.000,29,15046,2189,185839,185839,15046,2020-08-14,29,2189,0.0132480584741891,0.00927110290496428,33.5595025895951
Richmond,2020-08-15T00:00:00.000,20,15066,1946,187785,187785,15066,2020-08-15,20,1946,0.0102774922918808,0.00905873542543377,23.1585977135438
Richmond,2020-08-16T00:00:00.000,7,15073,1454,189239,189239,15073,2020-08-16,7,1454,0.00481430536451169,0.00885819803224521,8.10979119578853
Richmond,2020-08-17T00:00:00.000,14,15087,1440,190679,190679,15087,2020-08-17,14,1440,0.00972222222222222,0.00867047614819695,16.2030403626101
Richmond,2020-08-18T00:00:00.000,14,15101,2347,193026,193026,15101,2020-08-18,14,2347,0.00596506178099702,0.00849639788134116,16.1817889730134
Richmond,2020-08-19T00:00:00.000,17,15118,2464,195490,195490,15118,2020-08-19,17,2464,0.00689935064935065,0.00833664750278899,19.6247052019264
Richmond,2020-08-20T00:00:00.000,11,15129,2418,197908,197908,15129,2020-08-20,11,2418,0.00454921422663358,0.00819178000332844,12.6834652440241
Richmond,2020-08-21T00:00:00.000,13,15142,2419,200327,200327,15142,2020-08-21,13,2419,0.00537412153782555,0.00806223605573821,14.9695568231814
Richmond,2020-08-22T00:00:00.000,20,15162,2047,202374,202374,15162,2020-08-22,20,2047,0.00977039570102589,0.00794835680171901,23.0021186917726
Richmond,2020-08-23T00:00:00.000,15,15177,1899,204273,204273,15177,2020-08-23,15,1899,0.00789889415481832,0.00785039797618718,17.2599739944248
Richmond,2020-08-24T00:00:00.000,12,15189,1977,206250,206250,15189,2020-08-24,12,1977,0.00606980273141123,0.00776854297822857,13.8101390870897
Richmond,2020-08-25T00:00:00.000,17,15206,2296,208546,208546,15206,2020-08-25,17,2296,0.00740418118466899,0.00770291458382095,19.556148339866
Richmond,2020-08-26T00:00:00.000,18,15224,1950,210496,210496,15224,2020-08-26,18,1950,0.00923076923076923,0.0076535850771574,20.6861947251148
Richmond,2020-08-27T00:00:00.000,15,15239,2716,213212,213212,15239,2020-08-27,15,2716,0.00552282768777614,0.00762058464706956,17.2135877904291
Richmond,2020-08-28T00:00:00.000,13,15252,2633,215845,215845,15252,2020-08-28,13,2633,0.00493733383972655,0.00760390795733331,14.9316001912691
Richmond,2020-08-29T00:00:00.000,17,15269,2346,218191,218191,15269,2020-08-29,17,2346,0.0072463768115942,0.00760351885088529,19.5769969326421
Richmond,2020-08-30T00:00:00.000,19,15288,1528,219719,219719,15288,2020-08-30,19,1528,0.012434554973822,0.00761935319493349,21.9407424725351
Richmond,2020-08-31T00:00:00.000,20,15308,2469,222188,222188,15308,2020-08-31,20,2469,0.00810044552450385,0.00765131991204648,23.162641590122
Richmond,2020-09-01T00:00:00.000,24,15332,2045,224233,224233,15332,2020-09-01,24,2045,0.0117359413202934,0.00769930027921507,27.8792942631549
Richmond,2020-09-02T00:00:00.000,18,15350,2887,227120,227120,15350,2020-09-02,18,2887,0.00623484586075511,0.00776314561017365,20.9748418771245
Richmond,2020-09-03T00:00:00.000,19,15369,2641,229761,229761,15369,2020-09-03,19,2641,0.00719424460431655,0.00784267347059981,22.21102980339
Richmond,2020-09-04T00:00:00.000,24,15393,2553,232314,232314,15393,2020-09-04,24,2553,0.00940070505287897,0.00793766260939983,28.1473449181365
Richmond,2020-09-05T00:00:00.000,27,15420,2668,234982,234982,15420,2020-09-05,27,2668,0.010119940029985,0.00804784682628616,31.7695567070649
Richmond,2020-09-06T00:00:00.000,31,15451,1846,236828,236828,15451,2020-09-06,31,1846,0.0167930660888407,0.00817290803317292,36.5954667115922
Richmond,2020-09-07T00:00:00.000,15,15466,1483,238311,238311,15466,2020-09-07,15,1483,0.0101146325016858,0.00831246880657364,17.7640848156402
Richmond,2020-09-08T00:00:00.000,20,15486,1827,240138,240138,15486,2020-09-08,20,1827,0.0109469074986316,0.00846608476651557,23.7556794574533
Richmond,2020-09-09T00:00:00.000,24,15510,2525,242663,242663,15510,2020-09-09,24,2525,0.0095049504950495,0.00863323715578555,28.5876109855708
Richmond,2020-09-10T00:00:00.000,27,15537,1967,244630,244630,15537,2020-09-10,27,1967,0.0137264870360956,0.00881332602415918,32.2468103113847
Richmond,2020-09-11T00:00:00.000,28,15565,3042,247672,247672,15565,2020-09-11,28,3042,0.00920447074293228,0.00900566444798724,33.5691576875676
Richmond,2020-09-12T00:00:00.000,17,15582,1740,249412,249412,15582,2020-09-12,17,1740,0.00977011494252874,0.00920947422751751,20.4712499729201
Richmond,2020-09-13T00:00:00.000,22,15604,1601,251013,251013,15604,2020-09-13,22,1601,0.0137414116177389,0.0094238835028661,26.6025533962909
Richmond,2020-09-14T00:00:00.000,27,15631,2318,253331,253331,15631,2020-09-14,27,2318,0.0116479723899914,0.00964792670769796,32.7751341571054
Richmond,2020-09-15T00:00:00.000,11,15642,1532,254863,254863,15642,2020-09-15,11,1532,0.00718015665796345,0.00988054723858756,13.4001881069442
Richmond,2020-09-16T00:00:00.000,24,15666,2426,257289,257289,15666,2020-09-16,24,2426,0.00989282769991756,0.0101206031517262,29.329653355734
Richmond,2020-09-17T00:00:00.000,23,15689,2017,259306,259306,15689,2020-09-17,23,2017,0.0114030738720873,0.0103668761102,28.1853682945671
Richmond,2020-09-18T00:00:00.000,24,15713,2718,262024,262024,15713,2020-09-18,24,2718,0.00883002207505519,0.0106180836942351,29.4790251296976
Richmond,2020-09-19T00:00:00.000,17,15730,2408,264432,264432,15730,2020-09-19,17,2408,0.00705980066445183,0.0108728950558077,20.8992386724827
Richmond,2020-09-20T00:00:00.000,23,15753,1329,265761,265761,15753,2020-09-20,23,1329,0.017306245297216,0.0111299497576142,28.2738259050355
Richmond,2020-09-21T00:00:00.000,33,15786,2287,268048,268048,15786,2020-09-21,33,2287,0.0144293834717971,0.0113878794832099,40.5422355962901
Richmond,2020-09-22T00:00:00.000,13,15799,1076,269124,269124,15799,2020-09-22,13,1076,0.0120817843866171,0.0116453321602504,15.9525637825345
Richmond,2020-09-23T00:00:00.000,24,15823,2677,271801,271801,15823,2020-09-23,24,2677,0.00896525961897647,0.0119009978992757,29.3997963129228
Richmond,2020-09-24T00:00:00.000,14,15837,2118,273919,273919,15837,2020-09-24,14,2118,0.00661000944287063,0.0121536360353798,17.1102960387869
Richmond,2020-09-25T00:00:00.000,30,15867,2524,276443,276443,15867,2020-09-25,30,2524,0.0118858954041204,0.0124021024744593,36.6817806411271
Richmond,2020-09-26T00:00:00.000,23,15890,2226,278669,278669,15890,2020-09-26,23,2226,0.0103324348607367,0.0126453764950288,28.1995348186322
Richmond,2020-09-27T00:00:00.000,23,15913,1743,280412,280412,15913,2020-09-27,23,1743,0.0131956397016638,0.0128825861508096,28.2598841894241
Richmond,2020-09-28T00:00:00.000,37,15950,2385,282797,282797,15950,2020-09-28,37,2385,0.0155136268343816,0.0131130314571758,45.5319621586989
Richmond,2020-09-29T00:00:00.000,39,15989,1763,284560,284560,15989,2020-09-29,39,1763,0.0221213840045377,0.0133362046248475,48.0393440372424
Richmond,2020-09-30T00:00:00.000,36,16025,2281,286841,286841,16025,2020-09-30,36,2281,0.0157825515124945,0.0135518067272549,44.3611012339638
Richmond,2020-10-01T00:00:00.000,36,16061,2341,289182,289182,16061,2020-10-01,36,2341,0.0153780435711235,0.0137597603404801,44.3531718922961
Richmond,2020-10-02T00:00:00.000,46,16107,3278,292460,292460,16107,2020-10-02,46,3278,0.014032946918853,0.0139602178720298,56.6323249747982
Richmond,2020-10-03T00:00:00.000,30,16137,2661,295121,295121,16137,2020-10-03,30,2661,0.0112739571589628,0.0141535654848094,36.8877876415479
Richmond,2020-10-04T00:00:00.000,20,16157,1760,296881,296881,16157,2020-10-04,20,1760,0.0113636363636364,0.0143404227110165,24.5485720728789
Richmond,2020-10-05T00:00:00.000,52,16209,2812,299693,299693,16209,2020-10-05,52,2812,0.0184921763869132,0.014521638029215,63.6832710849667
Richmond,2020-10-06T00:00:00.000,31,16240,2182,301875,301875,16240,2020-10-06,31,2182,0.0142071494042163,0.0146982808350391,37.8627522826095
Richmond,2020-10-07T00:00:00.000,54,16294,3978,305853,305853,16294,2020-10-07,54,3978,0.0135746606334842,0.0148716303623189,65.7488324991923
Richmond,2020-10-08T00:00:00.000,30,16324,2487,308340,308340,16324,2020-10-08,30,2487,0.0120627261761158,0.0150431622026051,36.398880693444
Richmond,2020-10-09T00:00:00.000,49,16373,3396,311736,311736,16373,2020-10-09,49,3396,0.0144287396937574,0.0152145331235229,59.2156362132659
Richmond,2020-10-10T00:00:00.000,28,16401,2812,314548,314548,16401,2020-10-10,28,2812,0.00995732574679943,0.0153875648988756,33.6918784001425
Richmond,2020-10-11T00:00:00.000,33,16434,2630,317178,317178,16434,2020-10-11,33,2630,0.0125475285171103,0.0155642278405905,39.526221830634
Richmond,2020-10-12T00:00:00.000,62,16496,3099,320277,320277,16496,2020-10-12,62,3099,0.0200064536947402,0.0157466246641673,73.9025193473913
Richmond,2020-10-13T00:00:00.000,26,16522,2079,322356,322356,16522,2020-10-13,26,2079,0.0125060125060125,0.0159369752379384,30.8349937533659
Richmond,2020-10-14T00:00:00.000,37,16559,2715,325071,325071,16559,2020-10-14,37,2715,0.0136279926335175,0.0161376026605745,43.688480297987
Richmond,2020-10-15T00:00:00.000,46,16605,3256,328327,328327,16605,2020-10-15,46,3256,0.0141277641277641,0.0163509209961111,54.1090275133586
Richmond,2020-10-16T00:00:00.000,65,16670,4789,333116,333116,16670,2020-10-16,65,4789,0.013572770933389,0.0165794248705304,76.3035048218206
Richmond,2020-10-17T00:00:00.000,50,16720,3621,336737,336737,16720,2020-10-17,50,3621,0.0138083402375035,0.0168256810114326,58.6026048458477
Richmond,2020-10-18T00:00:00.000,26,16746,1988,338725,338725,16746,2020-10-18,26,1988,0.0130784708249497,0.0170923216926769,30.4313512260538
Richmond,2020-10-19T00:00:00.000,36,16782,2376,341101,341101,16782,2020-10-19,36,2376,0.0151515151515152,0.0173820399340797,42.1169128713844
Richmond,2020-10-20T00:00:00.000,78,16860,3394,344495,344495,16860,2020-10-20,78,3394,0.0229817324690631,0.0176975862098933,91.3211235293861
Richmond,2020-10-21T00:00:00.000,32,16892,2803,347298,347298,16892,2020-10-21,32,2803,0.0114163396361042,0.0180417663319353,37.4940494701622
Richmond,2020-10-22T00:00:00.000,37,16929,3598,350896,350896,16929,2020-10-22,37,3598,0.0102834908282379,0.0184174401047364,43.4047916627341
Richmond,2020-10-23T00:00:00.000,75,17004,3988,354884,354884,17004,2020-10-23,75,3988,0.0188064192577733,0.0188275202950437,88.0668976830226
Richmond,2020-10-24T00:00:00.000,44,17048,2919,357803,357803,17048,2020-10-24,44,2919,0.0150736553614251,0.0192749714187708,51.7025405544658
Richmond,2020-10-25T00:00:00.000,37,17085,1832,359635,359635,17085,2020-10-25,37,1832,0.0201965065502183,0.0197628078294227,43.4972592599277
Richmond,2020-10-26T00:00:00.000,89,17174,4278,363913,363913,17174,2020-10-26,89,4278,0.0208041140719963,0.0202940905839695,104.651560701174
Richmond,2020-10-27T00:00:00.000,78,17252,2959,366872,366872,17252,2020-10-27,78,2959,0.0263602568435282,0.0208719225841752,91.7153985768684
Richmond,2020-10-28T00:00:00.000,107,17359,4394,371266,371266,17359,2020-10-28,107,4394,0.0243513882567137,0.0214994415206381,125.783040706222
Richmond,2020-10-29T00:00:00.000,98,17457,3388,374654,374654,17457,2020-10-29,98,3388,0.0289256198347107,0.022179810215435,115.148013474197
Richmond,2020-10-30T00:00:00.000,78,17535,3642,378296,378296,17535,2020-10-30,78,3642,0.0214168039538715,0.0229162040403559,91.5844075414106
Richmond,2020-10-31T00:00:00.000,109,17644,3817,382113,382113,17644,2020-10-31,109,3817,0.0285564579512706,0.0237117952137446,127.866848947587
Richmond,2020-11-01T00:00:00.000,59,17703,2396,384509,384509,17703,2020-11-01,59,2396,0.0246243739565943,0.0245697339252264,69.1352878947496
Richmond,2020-11-02T00:00:00.000,74,17777,3050,387559,387559,17777,2020-11-02,74,3050,0.0242622950819672,0.0254931264354315,86.5987616812981
Richmond,2020-11-03T00:00:00.000,49,17826,2344,389903,389903,17826,2020-11-03,49,2344,0.0209044368600683,0.0264850105235342,57.256996058633
Richmond,2020-11-04T00:00:00.000,115,17941,3848,393751,393751,17941,2020-11-04,115,3848,0.0298856548856549,0.0275483289288899,134.155301722743
Richmond,2020-11-05T00:00:00.000,191,18132,5425,399176,399176,18132,2020-11-05,191,5425,0.0352073732718894,0.0286859017430621,222.408206686683
Richmond,2020-11-06T00:00:00.000,137,18269,4565,403741,403741,18269,2020-11-06,137,4565,0.0300109529025192,0.0299003990491766,159.21371792283
Richmond,2020-11-07T00:00:00.000,128,18397,4448,408189,408189,18397,2020-11-07,128,4448,0.0287769784172662,0.0311943154816006,148.440588848081
Richmond,2020-11-08T00:00:00.000,126,18523,3301,411490,411490,18523,2020-11-08,126,3301,0.0381702514389579,0.0325699487577461,145.784784068414
Richmond,2020-11-09T00:00:00.000,138,18661,3175,414665,414665,18661,2020-11-09,138,3175,0.0434645669291339,0.0340293846276655,159.332562254051
Richmond,2020-11-10T00:00:00.000,215,18876,4472,419137,419137,18876,2020-11-10,215,4472,0.0480769230769231,0.035574491050847,248.157846349962
Richmond,2020-11-11T00:00:00.000,160,19036,4292,423429,423429,19036,2020-11-11,160,4292,0.0372786579683131,0.0372069247542647,184.796622612713
Richmond,2020-11-12T00:00:00.000,229,19265,4967,428396,428396,19265,2020-11-12,229,4967,0.0461042883027985,0.0389281536036266,265.563779989097
Richmond,2020-11-13T00:00:00.000,226,19491,5081,433477,433477,19491,2020-11-13,226,5081,0.0444794331824444,0.0407394984391449,263.160019959979
Richmond,2020-11-14T00:00:00.000,151,19642,4355,437832,437832,19642,2020-11-14,151,4355,0.0346727898966705,0.0426421981711992,176.553615066874
Richmond,2020-11-15T00:00:00.000,107,19749,3502,441334,441334,19749,2020-11-15,107,3502,0.0305539691604797,0.0446375019861785,125.624378608759
Richmond,2020-11-16T00:00:00.000,273,20022,5729,447063,447063,20022,2020-11-16,273,5729,0.0476522953395008,0.0467267925134115,321.839239901496
Richmond,2020-11-17T00:00:00.000,192,20214,4468,451531,451531,20214,2020-11-17,192,4468,0.0429722470904208,0.0489117437566416,227.276386437482
Richmond,2020-11-18T00:00:00.000,184,20398,4427,455958,455958,20398,2020-11-18,184,4427,0.0415631353060764,0.0511945175493975,218.69284084965
Rockland,2020-03-01T00:00:00.000,0,0,0,0,0,0,2020-03-01,0,0,1,0.0347895955453849,0
Rockland,2020-03-02T00:00:00.000,0,0,0,0,0,0,2020-03-02,0,0,1,0.040056533095292,0
Rockland,2020-03-03T00:00:00.000,0,0,0,0,0,0,2020-03-03,0,0,1,0.0460796202842096,0
Rockland,2020-03-04T00:00:00.000,0,0,0,0,0,0,2020-03-04,0,0,1,0.0529488626624248,0
Rockland,2020-03-05T00:00:00.000,0,0,0,0,0,0,2020-03-05,0,0,1,0.0607563618592587,0
Rockland,2020-03-06T00:00:00.000,1,1,1,1,1,1,2020-03-06,1,1,1,0.0695932712997475,1.58128010402105
Rockland,2020-03-07T00:00:00.000,0,1,0,1,1,1,2020-03-07,0,0,0.5,0.0795458597886099,0
Rockland,2020-03-08T00:00:00.000,0,1,2,3,3,1,2020-03-08,0,2,0,0.0906907024195383,0
Rockland,2020-03-09T00:00:00.000,3,4,7,10,10,4,2020-03-09,3,7,0.428571428571429,0.103089125647767,4.60470955669295
Rockland,2020-03-10T00:00:00.000,0,4,2,12,12,4,2020-03-10,0,2,0,0.116781166383805,0
Rockland,2020-03-11T00:00:00.000,2,6,2,14,14,6,2020-03-11,2,2,1,0.131779449526707,3.00649231070907
Rockland,2020-03-12T00:00:00.000,2,8,5,19,19,8,2020-03-12,2,5,0.4,0.148063521037405,2.9745937122787
Rockland,2020-03-13T00:00:00.000,1,9,8,27,27,9,2020-03-13,1,8,0.125,0.165575263500986,1.47129387785697
Rockland,2020-03-14T00:00:00.000,3,12,21,48,48,12,2020-03-14,3,21,0.142857142857143,0.184216035506238,4.36579819356143
Rockland,2020-03-15T00:00:00.000,1,13,35,83,83,13,2020-03-15,1,35,0.0285714285714286,0.203846089822952,1.43924959372671
Rockland,2020-03-16T00:00:00.000,9,22,39,122,122,22,2020-03-16,9,39,0.230769230769231,0.224286630283421,12.8095911595219
Rockland,2020-03-17T00:00:00.000,8,30,29,151,151,30,2020-03-17,8,29,0.275862068965517,0.245324580890779,11.2594500274779
Rockland,2020-03-18T00:00:00.000,23,53,58,209,209,53,2020-03-18,23,58,0.396551724137931,0.266719806131533,31.9519384088307
Rockland,2020-03-19T00:00:00.000,48,101,192,401,401,101,2020-03-19,48,192,0.25,0.28821420079891,65.9620635699529
Rockland,2020-03-20T00:00:00.000,161,262,569,970,970,262,2020-03-20,161,569,0.282952548330404,0.309541825255748,218.88136487305
Rockland,2020-03-21T00:00:00.000,193,455,604,1574,1574,455,2020-03-21,193,604,0.31953642384106,0.330439147611115,259.187122460549
Rockland,2020-03-22T00:00:00.000,137,592,393,1967,1967,592,2020-03-22,137,393,0.348600508905852,0.35065448733559,182.526892619608
Rockland,2020-03-23T00:00:00.000,79,671,315,2282,2282,671,2020-03-23,79,315,0.250793650793651,0.369955921008584,105.231623635036
Rockland,2020-03-24T00:00:00.000,297,968,592,2874,2874,968,2020-03-24,297,592,0.501689189189189,0.388137167368813,394.863838031525
Rockland,2020-03-25T00:00:00.000,229,1197,567,3441,3441,1197,2020-03-25,229,567,0.403880070546737,0.405021259054273,303.357730515168
Rockland,2020-03-26T00:00:00.000,260,1457,588,4029,4029,1457,2020-03-26,260,588,0.442176870748299,0.420462077876242,342.902648859911
Rockland,2020-03-27T00:00:00.000,439,1896,1078,5107,5107,1896,2020-03-27,439,1078,0.407235621521336,0.434344039531596,580.850370782394
Rockland,2020-03-28T00:00:00.000,313,2209,827,5934,5934,2209,2020-03-28,313,827,0.378476420798065,0.446580343153905,413.475033149855
Rockland,2020-03-29T00:00:00.000,302,2511,604,6538,6538,2511,2020-03-29,302,604,0.5,0.457110251389082,397.738902561162
Rockland,2020-03-30T00:00:00.000,352,2863,739,7277,7277,2863,2020-03-30,352,739,0.476319350473613,0.465895851541951,462.052509507537
Rockland,2020-03-31T00:00:00.000,458,3321,930,8207,8207,3321,2020-03-31,458,930,0.49247311827957,0.472918688545631,600.36395710915
Rockland,2020-04-01T00:00:00.000,430,3751,904,9111,9111,3751,2020-04-01,430,904,0.475663716814159,0.478176576773122,565.501124864449
Rockland,2020-04-02T00:00:00.000,538,4289,997,10108,10108,4289,2020-04-02,538,997,0.539618856569709,0.481680807332828,709.296265369228
Rockland,2020-04-03T00:00:00.000,583,4872,1124,11232,11232,4872,2020-04-03,583,1124,0.518683274021352,0.483453882178411,769.998339808279
Rockland,2020-04-04T00:00:00.000,454,5326,880,12112,12112,5326,2020-04-04,454,880,0.515909090909091,0.483527832671557,600.311275696807
Rockland,2020-04-05T00:00:00.000,377,5703,732,12844,12844,5703,2020-04-05,377,732,0.515027322404372,0.481943120289922,498.729945912263
Rockland,2020-04-06T00:00:00.000,287,5990,662,13506,13506,5990,2020-04-06,287,662,0.433534743202417,0.478748070565678,379.647429994999
Rockland,2020-04-07T00:00:00.000,423,6413,1027,14533,14533,6413,2020-04-07,423,1027,0.411879259980526,0.473998756284544,559.269833492298
Rockland,2020-04-08T00:00:00.000,252,6665,648,15181,15181,6665,2020-04-08,252,648,0.388888888888889,0.467759220350208,332.916990272644
Rockland,2020-04-09T00:00:00.000,457,7122,1013,16194,16194,7122,2020-04-09,457,1013,0.451135241855874,0.460101911064502,604.382079895821
Rockland,2020-04-10T00:00:00.000,355,7477,785,16979,16979,7477,2020-04-10,355,785,0.452229299363057,0.45110819223684,469.655329811472
Rockland,2020-04-11T00:00:00.000,244,7721,569,17548,17548,7721,2020-04-11,244,569,0.428822495606327,0.440868787484012,322.728887255162
Rockland,2020-04-12T00:00:00.000,244,7965,586,18134,18134,7965,2020-04-12,244,586,0.416382252559727,0.429484023472381,322.488933327507
Rockland,2020-04-13T00:00:00.000,370,8335,779,18913,18913,8335,2020-04-13,370,779,0.474967907573813,0.417063751259647,488.485576300193
Rockland,2020-04-14T00:00:00.000,139,8474,371,19284,19284,8474,2020-04-14,139,371,0.37466307277628,0.403726849371148,183.495285657932
Rockland,2020-04-15T00:00:00.000,278,8752,830,20114,20114,8752,2020-04-15,278,830,0.334939759036145,0.38960024613621,366.901625127965
Rockland,2020-04-16T00:00:00.000,235,8987,678,20792,20792,8987,2020-04-16,235,678,0.346607669616519,0.374817440817848,310.0323167209
Rockland,2020-04-17T00:00:00.000,184,9171,610,21402,21402,9171,2020-04-17,184,610,0.301639344262295,0.359516549739934,242.689696654676
Rockland,2020-04-18T00:00:00.000,193,9364,547,21949,21949,9364,2020-04-18,193,547,0.352833638025594,0.343837950620885,255.019190860053
Rockland,2020-04-19T00:00:00.000,93,9457,316,22265,22265,9457,2020-04-19,93,316,0.294303797468354,0.327921640291474,123.087975542981
Rockland,2020-04-20T00:00:00.000,111,9568,407,22672,22672,9568,2020-04-20,111,407,0.272727272727273,0.311904452558967,147.132249691548
Rockland,2020-04-21T00:00:00.000,131,9699,478,23150,23150,9699,2020-04-21,131,478,0.274058577405858,0.295917300149943,173.877685834118
Rockland,2020-04-22T00:00:00.000,129,9828,584,23734,23734,9828,2020-04-22,129,584,0.220890410958904,0.280082604905289,171.429699999885
Rockland,2020-04-23T00:00:00.000,263,10091,1255,24989,24989,10091,2020-04-23,263,1255,0.209561752988048,0.264512063921475,349.875118742083
Rockland,2020-04-24T00:00:00.000,1000,11091,2606,27595,27595,11091,2020-04-24,1000,2606,0.383729854182655,0.249304868679114,1331.54765115446
Rockland,2020-04-25T00:00:00.000,165,11256,677,28272,28272,11256,2020-04-25,165,677,0.243722304283604,0.234546453696611,219.877104992613
Rockland,2020-04-26T00:00:00.000,110,11366,565,28837,28837,11366,2020-04-26,110,565,0.194690265486726,0.220307806630331,146.679594874809
Rockland,2020-04-27T00:00:00.000,87,11453,537,29374,29374,11453,2020-04-27,87,537,0.162011173184358,0.206645328404077,116.070146384789
Rockland,2020-04-28T00:00:00.000,133,11586,528,29902,29902,11586,2020-04-28,133,528,0.251893939393939,0.193601194824626,177.48507272766
Rockland,2020-04-29T00:00:00.000,122,11708,691,30593,30593,11708,2020-04-29,122,691,0.176555716353111,0.18120414328115,162.818248774618
Rockland,2020-04-30T00:00:00.000,104,11812,823,31416,31416,11812,2020-04-30,104,823,0.12636695018226,0.169470591131982,138.789410737141
Rockland,2020-05-01T00:00:00.000,133,11945,779,32195,32195,11945,2020-05-01,133,779,0.170731707317073,0.158405986053863,177.460958965921
Rockland,2020-05-02T00:00:00.000,80,12025,598,32793,32793,12025,2020-05-02,80,598,0.133779264214047,0.148006291449733,106.713494898858
Rockland,2020-05-03T00:00:00.000,70,12095,476,33269,33269,12095,2020-05-03,70,476,0.147058823529412,0.138259519855398,93.4859099190873
Rockland,2020-05-04T00:00:00.000,49,12144,437,33706,33706,12144,2020-05-04,49,437,0.112128146453089,0.12914724156667,65.7346042934429
Rockland,2020-05-05T00:00:00.000,60,12204,401,34107,34107,12204,2020-05-05,60,401,0.149625935162095,0.120646012063481,80.6573051137798
Rockland,2020-05-06T00:00:00.000,76,12280,852,34959,34959,12280,2020-05-06,76,852,0.0892018779342723,0.112728678333132,102.31799458614
Rockland,2020-05-07T00:00:00.000,69,12349,740,35699,35699,12349,2020-05-07,69,740,0.0932432432432432,0.105365539335752,92.9794887797815
Rockland,2020-05-08T00:00:00.000,51,12400,669,36368,36368,12400,2020-05-08,51,669,0.0762331838565022,0.0985253488371976,68.6554540477306
Rockland,2020-05-09T00:00:00.000,51,12451,582,36950,36950,12451,2020-05-09,51,582,0.0876288659793814,0.0921761591767722,68.5547861923729
Rockland,2020-05-10T00:00:00.000,33,12484,564,37514,37514,12484,2020-05-10,33,564,0.0585106382978723,0.0862860122140405,44.2890817115994
Rockland,2020-05-11T00:00:00.000,20,12504,368,37882,37882,12504,2020-05-11,20,368,0.0543478260869565,0.0808234889336206,26.8817617104958
Rockland,2020-05-12T00:00:00.000,39,12543,637,38519,38519,12543,2020-05-12,39,637,0.0612244897959184,0.075758132336232,52.5305880080929
Rockland,2020-05-13T00:00:00.000,53,12596,1096,39615,39615,12596,2020-05-13,53,1096,0.0483576642335766,0.0710607597125864,71.5274627264756
Rockland,2020-05-14T00:00:00.000,41,12637,851,40466,40466,12637,2020-05-14,41,851,0.0481786133960047,0.0667036806151597,55.4304317214563
Rockland,2020-05-15T00:00:00.000,51,12688,1035,41501,41501,12688,2020-05-15,51,1035,0.0492753623188406,0.0626608361938383,69.0572428956184
Rockland,2020-05-16T00:00:00.000,70,12758,779,42280,42280,12758,2020-05-16,70,779,0.0898587933247754,0.0589078743315449,95.1396430657891
Rockland,2020-05-17T00:00:00.000,19,12777,486,42766,42766,12777,2020-05-17,19,486,0.0390946502057613,0.0554221735025781,25.9356319578077
Rockland,2020-05-18T00:00:00.000,21,12798,338,43104,43104,12798,2020-05-18,21,338,0.0621301775147929,0.0521828266109007,28.7728305855316
Rockland,2020-05-19T00:00:00.000,33,12831,577,43681,43681,12831,2020-05-19,33,577,0.0571923743500867,0.0491705944445837,45.5166315608709
Rockland,2020-05-20T00:00:00.000,46,12877,1091,44772,44772,12877,2020-05-20,46,1091,0.0421631530705774,0.0463678368171905,63.8362648919497
Rockland,2020-05-21T00:00:00.000,28,12905,790,45562,45562,12905,2020-05-21,28,790,0.0354430379746835,0.0437584280772381,39.0715139036463
Rockland,2020-05-22T00:00:00.000,29,12934,814,46376,46376,12934,2020-05-22,29,814,0.0356265356265356,0.0413276624252059,40.6447949847763
Rockland,2020-05-23T00:00:00.000,29,12963,735,47111,47111,12963,2020-05-23,29,735,0.0394557823129252,0.0390621534081165,40.649501564808
Rockland,2020-05-24T00:00:00.000,33,12996,634,47745,47745,12996,2020-05-24,33,634,0.0520504731861199,0.036949731065011,46.219772127372
Rockland,2020-05-25T00:00:00.000,23,13019,652,48397,48397,13019,2020-05-25,23,652,0.0352760736196319,0.0349793394285477,32.15678170765
Rockland,2020-05-26T00:00:00.000,28,13047,554,48951,48951,13047,2020-05-26,28,554,0.0505415162454874,0.033140936471561,39.0357471639847
Rockland,2020-05-27T00:00:00.000,29,13076,1115,50066,50066,13076,2020-05-27,29,1115,0.0260089686098655,0.031425398058297,40.2792513633321
Rockland,2020-05-28T00:00:00.000,24,13100,1097,51163,51163,13100,2020-05-28,24,1097,0.0218778486782133,0.0298244270399736,33.1820935225234
Rockland,2020-05-29T00:00:00.000,28,13128,807,51970,51970,13128,2020-05-29,28,807,0.0346964064436183,0.028330468280356,38.5038661067763
Rockland,2020-05-30T00:00:00.000,23,13151,616,52586,52586,13151,2020-05-30,23,616,0.0373376623376623,0.0269366301079776,31.4333115362972
Rockland,2020-05-31T00:00:00.000,34,13185,682,53268,53268,13185,2020-05-31,34,682,0.0498533724340176,0.0256366124513413,46.1616676053768
Rockland,2020-06-01T00:00:00.000,38,13223,785,54053,54053,13223,2020-06-01,38,785,0.0484076433121019,0.0244246417201185,51.3792521200677
Rockland,2020-06-02T00:00:00.000,36,13259,1088,55141,55141,13259,2020-06-02,36,1088,0.0330882352941176,0.0232954123294879,48.4476193191334
Rockland,2020-06-03T00:00:00.000,21,13280,969,56110,56110,13280,2020-06-03,21,969,0.021671826625387,0.0222440346354308,28.1143938866867
Rockland,2020-06-04T00:00:00.000,17,13297,1191,57301,57301,13297,2020-06-04,17,1191,0.0142737195633921,0.0212659889465081,22.629905856814
Rockland,2020-06-05T00:00:00.000,18,13315,1030,58331,58331,13315,2020-06-05,18,1030,0.0174757281553398,0.0203570851933326,23.8366118334008
Rockland,2020-06-06T00:00:00.000,10,13325,795,59126,59126,13325,2020-06-06,10,795,0.0125786163522013,0.0195134277808152,13.1848449157222
Rockland,2020-06-07T00:00:00.000,15,13340,761,59887,59887,13340,2020-06-07,15,761,0.0197109067017083,0.0187313851101312,19.6826219967656
Rockland,2020-06-08T00:00:00.000,13,13353,847,60734,60734,13353,2020-06-08,13,847,0.0153482880755608,0.0180075632357707,16.9642924909829
Rockland,2020-06-09T00:00:00.000,19,13372,843,61577,61577,13372,2020-06-09,19,843,0.0225385527876631,0.0173387831174089,24.6711439522214
Rockland,2020-06-10T00:00:00.000,13,13385,976,62553,62553,13385,2020-06-10,13,976,0.0133196721311475,0.016722060937631,16.8707966210551
Rockland,2020-06-11T00:00:00.000,11,13396,905,63458,63458,13396,2020-06-11,11,905,0.0121546961325967,0.0161545909762309,14.2644900374443
Rockland,2020-06-12T00:00:00.000,15,13411,885,64343,64343,13411,2020-06-12,15,885,0.0169491525423729,0.0156337305617876,19.4332704049054
Rockland,2020-06-13T00:00:00.000,12,13423,876,65219,65219,13423,2020-06-13,12,876,0.0136986301369863,0.015156986659813,15.5292945640394
Rockland,2020-06-14T00:00:00.000,18,13441,797,66016,66016,13441,2020-06-14,18,797,0.0225846925972397,0.0147220036991199,23.2642265040328
Rockland,2020-06-15T00:00:00.000,19,13460,770,66786,66786,13460,2020-06-15,19,770,0.0246753246753247,0.0143265522852723,24.5216683256719
Rockland,2020-06-16T00:00:00.000,7,13467,683,67469,67469,13467,2020-06-16,7,683,0.0102489019033675,0.0139685184978958,9.02015718960778
Rockland,2020-06-17T00:00:00.000,7,13474,918,68387,68387,13474,2020-06-17,7,918,0.00762527233115468,0.0136458935183642,9.00487027428688
Rockland,2020-06-18T00:00:00.000,12,13486,1081,69468,69468,13486,2020-06-18,12,1081,0.0111008325624422,0.0133567633843712,15.4082297700314
Rockland,2020-06-19T00:00:00.000,9,13495,804,70272,70272,13495,2020-06-19,9,804,0.0111940298507463,0.01309929871592,11.5334867836213
Rockland,2020-06-20T00:00:00.000,9,13504,628,70900,70900,13504,2020-06-20,9,628,0.0143312101910828,0.0128717443066821,11.5097214257061
Rockland,2020-06-21T00:00:00.000,10,13514,603,71503,71503,13514,2020-06-21,10,603,0.0165837479270315,0.0126724085218448,12.7610554122598
Rockland,2020-06-22T00:00:00.000,15,13529,575,72078,72078,13529,2020-06-22,15,575,0.0260869565217391,0.0124996524910727,19.0987184591026
Rockland,2020-06-23T00:00:00.000,5,13534,498,72576,72576,13534,2020-06-23,5,498,0.0100401606425703,0.0123518791320115,6.35144948689115
Rockland,2020-06-24T00:00:00.000,15,13549,686,73262,73262,13549,2020-06-24,15,686,0.021865889212828,0.012227522088123,19.0085217335401
Rockland,2020-06-25T00:00:00.000,8,13557,881,74143,74143,13557,2020-06-25,8,881,0.00908059023836549,0.0121250347085435,10.1126734187244
Rockland,2020-06-26T00:00:00.000,9,13566,951,75094,75094,13566,2020-06-26,9,951,0.00946372239747634,0.0120428792481604,11.3475434378862
Rockland,2020-06-27T00:00:00.000,10,13576,795,75889,75889,13576,2020-06-27,10,795,0.0125786163522013,0.0119795165076029,12.5749535193212
Rockland,2020-06-28T00:00:00.000,4,13580,627,76516,76516,13580,2020-06-28,4,627,0.00637958532695375,0.011933396177701,5.01621215804022
Rockland,2020-06-29T00:00:00.000,10,13590,728,77244,77244,13590,2020-06-29,10,728,0.0137362637362637,0.0119029481912879,12.5050731040287
Rockland,2020-06-30T00:00:00.000,12,13602,999,78243,78243,13602,2020-06-30,12,999,0.012012012012012,0.011886575416306,14.9622385401866
Rockland,2020-07-01T00:00:00.000,10,13612,980,79223,79223,13612,2020-07-01,10,980,0.0102040816326531,0.0118826480480368,12.4308492130618
Rockland,2020-07-02T00:00:00.000,11,13623,1109,80332,80332,13623,2020-07-02,11,1109,0.00991884580703336,0.0118895000682216,13.6311552465143
Rockland,2020-07-03T00:00:00.000,6,13629,636,80968,80968,13629,2020-07-03,6,636,0.00943396226415094,0.0119054281321096,7.401070100013
Rockland,2020-07-04T00:00:00.000,19,13648,1043,82011,82011,13648,2020-07-04,19,1043,0.0182166826462128,0.0119286932218697,23.3894423223824
Rockland,2020-07-05T00:00:00.000,8,13656,759,82770,82770,13656,2020-07-05,8,759,0.0105401844532279,0.01195752535593,9.81386777195797
Rockland,2020-07-06T00:00:00.000,12,13668,895,83665,83665,13668,2020-07-06,12,895,0.0134078212290503,0.0119901315746407,14.6702538174278
Rockland,2020-07-07T00:00:00.000,11,13679,744,84409,84409,13679,2020-07-07,11,744,0.0147849462365591,0.0120247073271317,13.4226493632044
Rockland,2020-07-08T00:00:00.000,4,13683,932,85341,85341,13683,2020-07-08,4,932,0.00429184549356223,0.0120594512645956,4.87027741929757
Rockland,2020-07-09T00:00:00.000,8,13691,927,86268,86268,13691,2020-07-09,8,927,0.00862998921251348,0.0120925833068674,9.7175218270436
Rockland,2020-07-10T00:00:00.000,9,13700,949,87217,87217,13700,2020-07-10,9,949,0.00948366701791359,0.012122365692263,10.9045170334262
Rockland,2020-07-11T00:00:00.000,16,13716,1039,88256,88256,13716,2020-07-11,16,1039,0.0153994225216554,0.0121471265575715,19.3334679652375
Rockland,2020-07-12T00:00:00.000,3,13719,555,88811,88811,13719,2020-07-12,3,555,0.00540540540540541,0.01216528543265,3.61464596769145
Rockland,2020-07-13T00:00:00.000,14,13733,1001,89812,89812,13733,2020-07-13,14,1001,0.013986013986014,0.0121753798809447,16.8173703666323
Rockland,2020-07-14T00:00:00.000,10,13743,1127,90939,90939,13743,2020-07-14,10,1127,0.00887311446317657,0.0121760923921974,11.9742651491975
Rockland,2020-07-15T00:00:00.000,20,13763,975,91914,91914,13763,2020-07-15,20,975,0.0205128205128205,0.01216627653751,23.8689867400637
Rockland,2020-07-16T00:00:00.000,12,13775,1034,92948,92948,13775,2020-07-16,12,1034,0.011605415860735,0.0121449813518045,14.2718489408116
Rockland,2020-07-17T00:00:00.000,9,13784,1038,93986,93986,13784,2020-07-17,9,1038,0.00867052023121387,0.0121114729123957,10.680303797812
Rockland,2020-07-18T00:00:00.000,9,13793,497,94483,94483,13793,2020-07-18,9,497,0.0181086519114688,0.0120652521467785,10.6846452623628
Rockland,2020-07-19T00:00:00.000,5,13798,497,94980,94980,13798,2020-07-19,5,497,0.0100603621730382,0.012006068024315,5.93516294952471
Rockland,2020-07-20T00:00:00.000,8,13806,651,95631,95631,13806,2020-07-20,8,651,0.0122887864823349,0.0119339254640348,9.48994727659502
Rockland,2020-07-21T00:00:00.000,6,13812,900,96531,96531,13812,2020-07-21,6,900,0.00666666666666667,0.0118490875117231,7.10804276906976
Rockland,2020-07-22T00:00:00.000,8,13820,719,97250,97250,13820,2020-07-22,8,719,0.0111265646731572,0.0117520715991338,9.45896180533408
Rockland,2020-07-23T00:00:00.000,10,13830,1114,98364,98364,13830,2020-07-23,10,1114,0.00897666068222621,0.0116436399684706,11.7949670932834
Rockland,2020-07-24T00:00:00.000,7,13837,844,99208,99208,13837,2020-07-24,7,844,0.00829383886255924,0.011524784622801,8.26719604706034
Rockland,2020-07-25T00:00:00.000,2,13839,520,99728,99728,13839,2020-07-25,2,520,0.00384615384615385,0.0113967074173479,2.36391575544536
Rockland,2020-07-26T00:00:00.000,2,13841,580,100308,100308,13841,2020-07-26,2,580,0.00344827586206897,0.0112607961284873,2.36365809404049
Rockland,2020-07-27T00:00:00.000,4,13845,772,101080,101080,13845,2020-07-27,4,772,0.00518134715025907,0.0111185975106709,4.72345290784569
Rockland,2020-07-28T00:00:00.000,7,13852,646,101726,101726,13852,2020-07-28,7,646,0.0108359133126935,0.0109717884652261,8.25346042563133
Rockland,2020-07-29T00:00:00.000,8,13860,642,102368,102368,13860,2020-07-29,8,642,0.0124610591900312,0.0108221464946413,9.41138946797054
Rockland,2020-07-30T00:00:00.000,4,13864,789,103157,103157,13864,2020-07-30,4,789,0.00506970849176172,0.0106715206045224,4.69174106806085
Rockland,2020-07-31T00:00:00.000,16,13880,898,104055,104055,13880,2020-07-31,16,898,0.0178173719376392,0.0105218037394211,18.7142719518949
Rockland,2020-08-01T00:00:00.000,2,13882,573,104628,104628,13882,2020-08-01,2,573,0.00349040139616056,0.0103749077184739,2.33578449286744
Rockland,2020-08-02T00:00:00.000,3,13885,525,105153,105153,13885,2020-08-02,3,525,0.00571428571428571,0.0102327414728592,3.49514758487335
Rockland,2020-08-03T00:00:00.000,8,13893,948,106101,106101,13893,2020-08-03,8,948,0.00843881856540084,0.0100971932000932,9.29434243629141
Rockland,2020-08-04T00:00:00.000,10,13903,867,106968,106968,13903,2020-08-04,10,867,0.0115340253748558,0.009970116852434,11.58157331168
Rockland,2020-08-05T00:00:00.000,15,13918,841,107809,107809,13918,2020-08-05,15,841,0.0178359096313912,0.00985332317966874,17.3126886584575
Rockland,2020-08-06T00:00:00.000,7,13925,744,108553,108553,13925,2020-08-06,7,744,0.00940860215053763,0.00974857536149613,8.07426734541091
Rockland,2020-08-07T00:00:00.000,11,13936,784,109337,109337,13936,2020-08-07,11,784,0.014030612244898,0.00965758910441031,12.7000778357318
Rockland,2020-08-08T00:00:00.000,6,13942,785,110122,110122,13942,2020-08-08,6,785,0.00764331210191083,0.009582036941236,6.93349502520375
Rockland,2020-08-09T00:00:00.000,7,13949,617,110739,110739,13949,2020-08-09,7,617,0.0113452188006483,0.00952355636517924,8.09582010257784
Rockland,2020-08-10T00:00:00.000,5,13954,1150,111889,111889,13954,2020-08-10,5,1150,0.00434782608695652,0.00948376135524837,5.78717915967232
Rockland,2020-08-11T00:00:00.000,12,13966,1261,113150,113150,13966,2020-08-11,12,1261,0.00951625693893735,0.00946425679732387,13.896600029966
Rockland,2020-08-12T00:00:00.000,7,13973,1042,114192,114192,13973,2020-08-12,7,1042,0.00671785028790787,0.00946665527709286,8.1087519690231
Rockland,2020-08-13T00:00:00.000,8,13981,959,115151,115151,13981,2020-08-13,8,959,0.00834202294056309,0.00949259570764821,9.26949966211225
Rockland,2020-08-14T00:00:00.000,16,13997,1160,116311,116311,13997,2020-08-14,16,1160,0.0137931034482759,0.0095437632487414,18.5693339032443
Rockland,2020-08-15T00:00:00.000,10,14007,852,117163,117163,14007,2020-08-15,10,852,0.0117370892018779,0.0096219099705579,11.6493484096287
Rockland,2020-08-16T00:00:00.000,4,14011,638,117801,117801,14011,2020-08-16,4,638,0.00626959247648903,0.00972887570756641,4.67781832439377
Rockland,2020-08-17T00:00:00.000,42,14053,911,118712,118712,14053,2020-08-17,42,911,0.0461031833150384,0.00986660852414589,49.2413854279447
Rockland,2020-08-18T00:00:00.000,14,14067,1153,119865,119865,14067,2020-08-18,14,1153,0.0121422376409367,0.0100371841775577,16.4537251490559
Rockland,2020-08-19T00:00:00.000,22,14089,1063,120928,120928,14089,2020-08-19,22,1063,0.0206961429915334,0.0102428239036079,25.9250574700845
Rockland,2020-08-20T00:00:00.000,17,14106,1229,122157,122157,14106,2020-08-20,17,1229,0.0138323840520749,0.0104859097646609,20.0917119403523
Rockland,2020-08-21T00:00:00.000,12,14118,1382,123539,123539,14118,2020-08-21,12,1382,0.00868306801736614,0.0107689966912754,14.2239039271207
Rockland,2020-08-22T00:00:00.000,11,14129,997,124536,124536,14129,2020-08-22,11,997,0.0110330992978937,0.01109482021482,13.0802131478599
Rockland,2020-08-23T00:00:00.000,10,14139,782,125318,125318,14139,2020-08-23,10,782,0.0127877237851662,0.0114662987303893,11.9509391686909
Rockland,2020-08-24T00:00:00.000,10,14149,837,126155,126155,14149,2020-08-24,10,837,0.01194743130227,0.0118865289642114,12.0084887216121
Rockland,2020-08-25T00:00:00.000,12,14161,1016,127171,127171,14161,2020-08-25,12,1016,0.0118110236220472,0.0123587731434288,14.4726372008425
Rockland,2020-08-26T00:00:00.000,22,14183,963,128134,128134,14183,2020-08-26,22,963,0.0228452751817238,0.0128864362081724,26.6352989520744
Rockland,2020-08-27T00:00:00.000,14,14197,1165,129299,129299,14197,2020-08-27,14,1165,0.0120171673819742,0.0134730312755873,17.0081030326588
Rockland,2020-08-28T00:00:00.000,21,14218,1251,130550,130550,14218,2020-08-28,21,1251,0.0167865707434053,0.0141221314968022,25.6607080235809
Rockland,2020-08-29T00:00:00.000,15,14233,1733,132283,132283,14233,2020-08-29,15,1733,0.00865551067512983,0.0148373064633988,18.4681100777515
Rockland,2020-08-30T00:00:00.000,22,14255,723,133006,133006,14255,2020-08-30,22,723,0.0304287690179806,0.0156220414659805,27.296211080785
Rockland,2020-08-31T00:00:00.000,16,14271,900,133906,133906,14271,2020-08-31,16,900,0.0177777777777778,0.0164796382093319,20.0077939116796
Rockland,2020-09-01T00:00:00.000,34,14305,2290,136196,136196,14305,2020-09-01,34,2290,0.0148471615720524,0.017413096096334,42.8540552359254
Rockland,2020-09-02T00:00:00.000,29,14334,1283,137479,137479,14334,2020-09-02,29,1283,0.0226032735775526,0.0184249739307002,36.843518951414
Rockland,2020-09-03T00:00:00.000,24,14358,1148,138627,138627,14358,2020-09-03,24,1148,0.0209059233449477,0.0195172328869192,30.7341882257268
Rockland,2020-09-04T00:00:00.000,24,14382,1299,139926,139926,14382,2020-09-04,24,1299,0.0184757505773672,0.0206910628530972,30.9775061216369
Rockland,2020-09-05T00:00:00.000,14,14396,950,140876,140876,14396,2020-09-05,14,950,0.0147368421052632,0.0219466957590784,18.2114434933739
Rockland,2020-09-06T00:00:00.000,22,14418,607,141483,141483,14418,2020-09-06,22,607,0.0362438220757825,0.0232832111996431,28.8373204675968
Rockland,2020-09-07T00:00:00.000,21,14439,505,141988,141988,14439,2020-09-07,21,505,0.0415841584158416,0.0246983414702748,27.7309437538258
Rockland,2020-09-08T00:00:00.000,20,14459,1253,143241,143241,14459,2020-09-08,20,1253,0.0159616919393456,0.0261882849166812,26.595606646962
Rockland,2020-09-09T00:00:00.000,21,14480,1169,144410,144410,14480,2020-09-09,21,1169,0.0179640718562874,0.0277475381054558,28.1119515221637
Rockland,2020-09-10T00:00:00.000,30,14510,1434,145844,145844,14510,2020-09-10,30,1434,0.0209205020920502,0.0293687585436102,40.4127895025533
Rockland,2020-09-11T00:00:00.000,20,14530,1225,147069,147069,14530,2020-09-11,20,1225,0.0163265306122449,0.0310426703230114,27.1366816372203
Rockland,2020-09-12T00:00:00.000,17,14547,745,147814,147814,14547,2020-09-12,17,745,0.0228187919463087,0.0327580249296707,23.2408843019225
Rockland,2020-09-13T00:00:00.000,34,14581,715,148529,148529,14581,2020-09-13,34,715,0.0475524475524476,0.0345016283931656,46.8102034007792
Rockland,2020-09-14T00:00:00.000,36,14617,1571,150100,150100,14617,2020-09-14,36,1571,0.022915340547422,0.0362584438523379,49.8862353412026
Rockland,2020-09-15T00:00:00.000,43,14660,1135,151235,151235,14660,2020-09-15,43,1135,0.0378854625550661,0.0380117754942254,59.9377424106268
Rockland,2020-09-16T00:00:00.000,38,14698,1256,152491,152491,14698,2020-09-16,38,1256,0.0302547770700637,0.0397435357742379,53.2457925283428
Rockland,2020-09-17T00:00:00.000,49,14747,1402,153893,153893,14747,2020-09-17,49,1402,0.0349500713266762,0.0414345930819302,68.970515980483
Rockland,2020-09-18T00:00:00.000,54,14801,1453,155346,155346,14801,2020-09-18,54,1453,0.037164487267722,0.0430651918961342,76.2963320424705
Rockland,2020-09-19T00:00:00.000,22,14823,946,156292,156292,14823,2020-09-19,22,946,0.0232558139534884,0.0446154323711946,31.1471429550131
Rockland,2020-09-20T00:00:00.000,10,14833,654,156946,156946,14833,2020-09-20,10,654,0.0152905198776758,0.0460657916712113,14.169198257007
Rockland,2020-09-21T00:00:00.000,58,14891,1763,158709,158709,14891,2020-09-21,58,1763,0.0328984685195689,0.0473976656086496,82.1775436590243
Rockland,2020-09-22T00:00:00.000,63,14954,1341,160050,160050,14954,2020-09-22,63,1341,0.0469798657718121,0.0485939066677283,89.1806596372132
Rockland,2020-09-23T00:00:00.000,44,14998,1308,161358,161358,14998,2020-09-23,44,1308,0.0336391437308868,0.0496393335066328,62.174172336387
Rockland,2020-09-24T00:00:00.000,47,15045,1070,162428,162428,15045,2020-09-24,47,1070,0.0439252336448598,0.0505211877101428,66.2375222620257
Rockland,2020-09-25T00:00:00.000,55,15100,1477,163905,163905,15100,2020-09-25,55,1477,0.037237643872715,0.051229515870418,77.4986857834838
Rockland,2020-09-26T00:00:00.000,67,15167,993,164898,164898,15167,2020-09-26,67,993,0.067472306143001,0.0517574588389646,94.5786322187334
Rockland,2020-09-27T00:00:00.000,110,15277,859,165757,165757,15277,2020-09-27,110,859,0.128055878928987,0.0521014349564744,155.42464705003
Rockland,2020-09-28T00:00:00.000,65,15342,1811,167568,167568,15342,2020-09-28,65,1811,0.0358917725013805,0.0522612098357685,91.8492542386455
Rockland,2020-09-29T00:00:00.000,110,15452,1680,169248,169248,15452,2020-09-29,110,1680,0.0654761904761905,0.0522398514135833,155.318116377338
Rockland,2020-09-30T00:00:00.000,184,15636,2143,171391,171391,15636,2020-09-30,184,2143,0.0858609426038264,0.0520435750743455,259.390838604847
Rockland,2020-10-01T00:00:00.000,213,15849,2790,174181,174181,15849,2020-10-01,213,2790,0.0763440860215054,0.0516814892305888,299.553364114451
Rockland,2020-10-02T00:00:00.000,124,15973,2078,176259,176259,15973,2020-10-02,124,2078,0.0596727622714148,0.0511652564766126,173.834727391096
Rockland,2020-10-03T00:00:00.000,43,16016,1115,177374,177374,16016,2020-10-03,43,1115,0.0385650224215247,0.05050868902345,60.0454126360993
Rockland,2020-10-04T00:00:00.000,55,16071,888,178262,178262,16071,2020-10-04,55,888,0.0619369369369369,0.0497272993779768,76.4473123038952
Rockland,2020-10-05T00:00:00.000,119,16190,1633,179895,179895,16190,2020-10-05,119,1633,0.0728720146968769,0.048837828087837,164.529225760357
Rockland,2020-10-06T00:00:00.000,66,16256,1478,181373,181373,16256,2020-10-06,66,1478,0.0446549391069012,0.0478577698668619,90.7116388827845
Rockland,2020-10-07T00:00:00.000,198,16454,2760,184133,184133,16454,2020-10-07,198,2760,0.0717391304347826,0.0468049176760516,270.366429825732
Rockland,2020-10-08T00:00:00.000,145,16599,2577,186710,186710,16599,2020-10-08,145,2577,0.056266977105161,0.0456969415915279,196.602744420655
Rockland,2020-10-09T00:00:00.000,91,16690,2330,189040,189040,16690,2020-10-09,91,2330,0.0390557939914163,0.0445510158229188,122.4451563459
Rockland,2020-10-10T00:00:00.000,27,16717,1283,190323,190323,16717,2020-10-10,27,1283,0.0210444271239283,0.0433835033626665,36.0368174358862
Rockland,2020-10-11T00:00:00.000,43,16760,1046,191369,191369,16760,2020-10-11,43,1046,0.0411089866156788,0.042209703770587,56.9073407640999
Rockland,2020-10-12T00:00:00.000,69,16829,3169,194538,194538,16829,2020-10-12,69,3169,0.0217734301041338,0.0410436657974557,90.5154076639378
Rockland,2020-10-13T00:00:00.000,62,16891,1552,196090,196090,16891,2020-10-13,62,1552,0.0399484536082474,0.039898063184412,80.5966142147316
Rockland,2020-10-14T00:00:00.000,81,16972,2254,198344,198344,16972,2020-10-14,81,2254,0.0359361135758651,0.038784129181649,104.407509295975
Rockland,2020-10-15T00:00:00.000,91,17063,2005,200349,200349,17063,2020-10-15,91,2005,0.0453865336658354,0.0377116432338251,116.371494783031
Rockland,2020-10-16T00:00:00.000,62,17125,2420,202769,202769,17125,2020-10-16,62,2420,0.0256198347107438,0.0366889618832229,78.798765887405
Rockland,2020-10-17T00:00:00.000,46,17171,2138,204907,204907,17171,2020-10-17,46,2138,0.0215154349859682,0.0357230852315657,58.1302751673717
Rockland,2020-10-18T00:00:00.000,36,17207,1631,206538,206538,17207,2020-10-18,36,1631,0.0220723482526058,0.0348197501818646,45.2431514650929
Rockland,2020-10-19T00:00:00.000,62,17269,3034,209572,209572,17269,2020-10-19,62,3034,0.020435069215557,0.0339835420463707,77.5644127926406
Rockland,2020-10-20T00:00:00.000,184,17453,3576,213148,213148,17453,2020-10-20,184,3576,0.0514541387024608,0.0332180168424618,229.424837495498
Rockland,2020-10-21T00:00:00.000,71,17524,4181,217329,217329,17524,2020-10-21,71,4181,0.0169815833532648,0.0325258275586274,88.2400303095004
Rockland,2020-10-22T00:00:00.000,57,17581,2649,219978,219978,17581,2020-10-22,57,2649,0.0215175537938845,0.0319088487694292,70.6446039251888
Rockland,2020-10-23T00:00:00.000,54,17635,3304,223282,223282,17635,2020-10-23,54,3304,0.0163438256658596,0.0313682951001647,66.7290548093767
Rockland,2020-10-24T00:00:00.000,50,17685,1857,225139,225139,17685,2020-10-24,50,1857,0.0269251480883145,0.030904830122374,61.5931582563931
Rockland,2020-10-25T00:00:00.000,75,17760,1344,226483,226483,17760,2020-10-25,75,1344,0.0558035714285714,0.0305186632583251,92.0858960565992
Rockland,2020-10-26T00:00:00.000,72,17832,2631,229114,229114,17832,2020-10-26,72,2631,0.0273660205245154,0.0302096331379919,88.0979464016337
Rockland,2020-10-27T00:00:00.000,111,17943,3399,232513,232513,17943,2020-10-27,111,3399,0.0326566637246249,0.0299772766107731,135.329851687953
Rockland,2020-10-28T00:00:00.000,81,18024,2769,235282,235282,18024,2020-10-28,81,2769,0.0292524377031419,0.0298208832223323,98.3858546991011
Rockland,2020-10-29T00:00:00.000,86,18110,2878,238160,238160,18110,2020-10-29,86,2878,0.0298818624044475,0.0297395354947905,104.055840375697
Rockland,2020-10-30T00:00:00.000,67,18177,2202,240362,240362,18177,2020-10-30,67,2202,0.0304268846503179,0.0297321357608917,80.7439670463128
Rockland,2020-10-31T00:00:00.000,88,18265,2331,242693,242693,18265,2020-10-31,88,2331,0.0377520377520378,0.0297974206746023,105.61742154302
Rockland,2020-11-01T00:00:00.000,88,18353,1588,244281,244281,18353,2020-11-01,88,1588,0.0554156171284635,0.0299339648264365,105.173618299116
Rockland,2020-11-02T00:00:00.000,113,18466,3596,247877,247877,18466,2020-11-02,113,3596,0.0314238042269188,0.0301401751985043,134.471631133571
Rockland,2020-11-03T00:00:00.000,115,18581,3055,250932,250932,18581,2020-11-03,115,3055,0.0376432078559738,0.0304142784754798,136.250484890803
Rockland,2020-11-04T00:00:00.000,102,18683,3091,254023,254023,18683,2020-11-04,102,3091,0.0329990294403106,0.0307543035234529,120.307093668393
Rockland,2020-11-05T00:00:00.000,73,18756,3378,257401,257401,18756,2020-11-05,73,3378,0.0216104203670811,0.031158061645153,85.7098023830627
Rockland,2020-11-06T00:00:00.000,98,18854,3773,261174,261174,18854,2020-11-06,98,3773,0.025974025974026,0.0316231275102074,114.529872179734
Rockland,2020-11-07T00:00:00.000,56,18910,1464,262638,262638,18910,2020-11-07,56,1464,0.0382513661202186,0.0321468239453497,65.1383850409437
Rockland,2020-11-08T00:00:00.000,85,18995,2084,264722,264722,18995,2020-11-08,85,2084,0.0407869481765835,0.0327262140016397,98.393961786343
Rockland,2020-11-09T00:00:00.000,138,19133,3251,267973,267973,19133,2020-11-09,138,3251,0.0424484773915718,0.0333581039023866,159.015429394913
Rockland,2020-11-10T00:00:00.000,144,19277,3903,271876,271876,19277,2020-11-10,144,3903,0.0368946963873943,0.0340390605505249,165.476349140147
Rockland,2020-11-11T00:00:00.000,137,19414,4093,275969,275969,19414,2020-11-11,137,4093,0.0334717810896653,0.0347654472460035,157.161808850247
Rockland,2020-11-12T00:00:00.000,153,19567,4310,280279,280279,19567,2020-11-12,153,4310,0.0354988399071926,0.0355334810728,175.817534333523
Rockland,2020-11-13T00:00:00.000,156,19723,4635,284914,284914,19723,2020-11-13,156,4635,0.0336569579288026,0.0363393150785222,179.585875329417
Rockland,2020-11-14T00:00:00.000,120,19843,3911,288825,288825,19843,2020-11-14,120,3911,0.0306826898491434,0.0371791478820555,138.397070712736
Rockland,2020-11-15T00:00:00.000,61,19904,1723,290548,290548,19904,2020-11-15,61,1723,0.0354033662217063,0.038049362719379,70.4830573696878
Rockland,2020-11-16T00:00:00.000,140,20044,2800,293348,293348,20044,2020-11-16,140,2800,0.05,0.0389466972544352,162.067095492167
Rockland,2020-11-17T00:00:00.000,132,20176,2800,296148,296148,20176,2020-11-17,132,2800,0.0471428571428571,0.039868444800357,153.090638054086
Rockland,2020-11-18T00:00:00.000,87,20263,3039,299187,299187,20263,2020-11-18,87,3039,0.0286278381046397,0.0408126870386547,101.086502171651
Saratoga,2020-03-01T00:00:00.000,0,0,0,0,0,0,2020-03-01,0,0,0,0.0192658179019067,0
Saratoga,2020-03-02T00:00:00.000,0,0,0,0,0,0,2020-03-02,0,0,0,0.0206308190061559,0
Saratoga,2020-03-03T00:00:00.000,0,0,0,0,0,0,2020-03-03,0,0,0,0.0220898259477452,0
Saratoga,2020-03-04T00:00:00.000,0,0,0,0,0,0,2020-03-04,0,0,0,0.0236480245922683,0
Saratoga,2020-03-05T00:00:00.000,0,0,0,0,0,0,2020-03-05,0,0,0,0.0253102517485223,0
Saratoga,2020-03-06T00:00:00.000,0,0,0,0,0,0,2020-03-06,0,0,0,0.0270808587884652,0
Saratoga,2020-03-07T00:00:00.000,0,0,1,1,1,0,2020-03-07,0,1,0,0.0289635601225119,0
Saratoga,2020-03-08T00:00:00.000,0,0,0,1,1,0,2020-03-08,0,0,0.111111111111111,0.0309612678238166,0
Saratoga,2020-03-09T00:00:00.000,2,2,9,10,10,2,2020-03-09,2,9,0.222222222222222,0.0330759146069338,2.73993893421047
Saratoga,2020-03-10T00:00:00.000,0,2,2,12,12,2,2020-03-10,0,2,0,0.0353082683748586,0
Saratoga,2020-03-11T00:00:00.000,1,3,31,43,43,3,2020-03-11,1,31,0.032258064516129,0.0376577426073809,1.32626638142515
Saratoga,2020-03-12T00:00:00.000,0,3,32,75,75,3,2020-03-12,0,32,0,0.0401222079257702,0
Saratoga,2020-03-13T00:00:00.000,0,3,41,116,116,3,2020-03-13,0,41,0,0.0426978111636477,0
Saratoga,2020-03-14T00:00:00.000,0,3,45,161,161,3,2020-03-14,0,45,0,0.0453788091232004,0
Saratoga,2020-03-15T00:00:00.000,2,5,66,227,227,5,2020-03-15,2,66,0.0303030303030303,0.0481574248216888,2.49173698330342
Saratoga,2020-03-16T00:00:00.000,4,9,55,282,282,9,2020-03-16,4,55,0.0727272727272727,0.051023734343743,4.90963985827499
Saratoga,2020-03-17T00:00:00.000,5,14,76,358,358,14,2020-03-17,5,76,0.0657894736842105,0.0539655923504512,6.04832031947108
Saratoga,2020-03-18T00:00:00.000,4,18,156,514,514,18,2020-03-18,4,156,0.0256410256410256,0.0569686037852208,4.76197813055483
Saratoga,2020-03-19T00:00:00.000,6,24,102,616,616,24,2020-03-19,6,102,0.0588235294117647,0.0600161483474203,7.04789655675266
Saratoga,2020-03-20T00:00:00.000,11,35,279,895,895,35,2020-03-20,11,279,0.039426523297491,0.0630894628640791,12.7555546082461
Saratoga,2020-03-21T00:00:00.000,6,41,143,1038,1038,41,2020-03-21,6,143,0.041958041958042,0.0661677848356328,6.8606122069267
Saratoga,2020-03-22T00:00:00.000,12,53,164,1202,1202,53,2020-03-22,12,164,0.0731707317073171,0.0692285582290602,13.5934009756251
Saratoga,2020-03-23T00:00:00.000,7,60,76,1278,1278,60,2020-03-23,7,76,0.0921052631578947,0.0722477001642683,7.91926041472505
Saratoga,2020-03-24T00:00:00.000,4,64,69,1347,1347,64,2020-03-24,4,69,0.0579710144927536,0.0751999246172717,4.51309132520133
Saratoga,2020-03-25T00:00:00.000,9,73,55,1402,1402,73,2020-03-25,9,55,0.163636363636364,0.0780591168046066,10.1124567013094
Saratoga,2020-03-26T00:00:00.000,9,82,69,1471,1471,82,2020-03-26,9,69,0.130434782608696,0.0807987496655349,10.0648610178757
Saratoga,2020-03-27T00:00:00.000,14,96,82,1553,1553,96,2020-03-27,14,82,0.170731707317073,0.0833923319600336,15.7056896576009
Saratoga,2020-03-28T00:00:00.000,6,102,51,1604,1604,102,2020-03-28,6,51,0.117647058823529,0.085813876057563,6.72081583717864
Saratoga,2020-03-29T00:00:00.000,3,105,15,1619,1619,105,2020-03-29,3,15,0.2,0.0880383725850046,3.35102360711622
Saratoga,2020-03-30T00:00:00.000,3,108,23,1642,1642,108,2020-03-30,3,23,0.130434782608696,0.0900422587476726,3.34107079646757
Saratoga,2020-03-31T00:00:00.000,14,122,78,1720,1720,122,2020-03-31,14,78,0.179487179487179,0.0918038673398529,15.5770286667451
Saratoga,2020-04-01T00:00:00.000,10,132,69,1789,1789,132,2020-04-01,10,69,0.144927536231884,0.0933038441610985,11.1685332482286
Saratoga,2020-04-02T00:00:00.000,9,141,53,1842,1842,141,2020-04-02,9,53,0.169811320754717,0.0945255226831729,10.0824686775464
Saratoga,2020-04-03T00:00:00.000,0,141,57,1899,1899,141,2020-04-03,0,57,0,0.095455246273304,0
Saratoga,2020-04-04T00:00:00.000,7,148,110,2009,2009,148,2020-04-04,7,110,0.0636363636363636,0.0960826299823216,7.87482712218865
Saratoga,2020-04-05T00:00:00.000,5,153,34,2043,2043,153,2020-04-05,5,34,0.147058823529412,0.0964007557511216,5.63122091750601
Saratoga,2020-04-06T00:00:00.000,2,155,40,2083,2083,155,2020-04-06,2,40,0.05,0.0964062968024936,2.25386759554522
Saratoga,2020-04-07T00:00:00.000,7,162,73,2156,2156,162,2020-04-07,7,73,0.0958904109589041,0.0960995689072262,7.88993619041316
Saratoga,2020-04-08T00:00:00.000,10,172,113,2269,2269,172,2020-04-08,10,113,0.0884955752212389,0.0954845080929829,11.270066399735
Saratoga,2020-04-09T00:00:00.000,10,182,154,2423,2423,182,2020-04-09,10,154,0.0649350649350649,0.0945685761782056,11.2897587118985
Saratoga,2020-04-10T00:00:00.000,5,187,68,2491,2491,187,2020-04-10,5,68,0.0735294117647059,0.0933625972471493,5.65080248635913
Saratoga,2020-04-11T00:00:00.000,9,196,88,2579,2579,196,2020-04-11,9,88,0.102272727272727,0.0918805298050755,10.1761133873369
Saratoga,2020-04-12T00:00:00.000,5,201,61,2640,2640,201,2020-04-12,5,61,0.0819672131147541,0.0901391808782612,5.65316489224798
Saratoga,2020-04-13T00:00:00.000,23,224,193,2833,2833,224,2020-04-13,23,193,0.119170984455959,0.0881578696958375,25.9946348251718
Saratoga,2020-04-14T00:00:00.000,3,227,71,2904,2904,227,2020-04-14,3,71,0.0422535211267606,0.0859580498128554,3.39274529946636
Saratoga,2020-04-15T00:00:00.000,4,231,92,2996,2996,231,2020-04-15,4,92,0.0434782608695652,0.0835628995367265,4.52589275398327
Saratoga,2020-04-16T00:00:00.000,5,236,77,3073,3073,236,2020-04-16,5,77,0.0649350649350649,0.0809968912828964,5.6594465627366
Saratoga,2020-04-17T00:00:00.000,8,244,98,3171,3171,244,2020-04-17,8,98,0.0816326530612245,0.0782853509405945,9.05982198493887
Saratoga,2020-04-18T00:00:00.000,7,251,105,3276,3276,251,2020-04-18,7,105,0.0666666666666667,0.0754540184479815,7.94779123386503
Saratoga,2020-04-19T00:00:00.000,3,254,32,3308,3308,254,2020-04-19,3,32,0.09375,0.0725286205230499,3.41450591141769
Saratoga,2020-04-20T00:00:00.000,3,257,42,3350,3350,257,2020-04-20,3,42,0.0714285714285714,0.0695344658536588,3.42234672156872
Saratoga,2020-04-21T00:00:00.000,7,264,101,3451,3451,264,2020-04-21,7,101,0.0693069306930693,0.0664960720412285,8.00263776853205
Saratoga,2020-04-22T00:00:00.000,1,265,52,3503,3503,265,2020-04-22,1,52,0.0192307692307692,0.0634368322393676,1.14551792644922
Saratoga,2020-04-23T00:00:00.000,13,278,127,3630,3630,278,2020-04-23,13,127,0.102362204724409,0.0603787277999101,14.9191647583587
Saratoga,2020-04-24T00:00:00.000,42,320,642,4272,4272,320,2020-04-24,42,642,0.0654205607476635,0.0573420914159884,48.281447294789
Saratoga,2020-04-25T00:00:00.000,10,330,217,4489,4489,330,2020-04-25,10,217,0.0460829493087558,0.0543454233211745,11.5130257631992
Saratoga,2020-04-26T00:00:00.000,6,336,114,4603,4603,336,2020-04-26,6,114,0.0526315789473684,0.0514052611791749,6.91713155273893
Saratoga,2020-04-27T00:00:00.000,7,343,116,4719,4719,343,2020-04-27,7,116,0.0603448275862069,0.0485361024657557,8.07947702407961
Saratoga,2020-04-28T00:00:00.000,3,346,125,4844,4844,346,2020-04-28,3,125,0.024,0.0457503765047849,3.46561337092809
Saratoga,2020-04-29T00:00:00.000,8,354,195,5039,5039,354,2020-04-29,8,195,0.041025641025641,0.0430584619331068,9.2474560191717
Saratoga,2020-04-30T00:00:00.000,4,358,171,5210,5210,358,2020-04-30,4,171,0.0233918128654971,0.0404687442913988,4.62578583978897
Saratoga,2020-05-01T00:00:00.000,3,361,173,5383,5383,361,2020-05-01,3,173,0.0173410404624277,0.0379877076940538,3.47024060893823
Saratoga,2020-05-02T00:00:00.000,2,363,203,5586,5586,363,2020-05-02,2,203,0.00985221674876847,0.035620054118038,2.31366667849522
Saratoga,2020-05-03T00:00:00.000,4,367,103,5689,5689,367,2020-05-03,4,103,0.0388349514563107,0.0333688437559679,4.63417811801461
Saratoga,2020-05-04T00:00:00.000,1,368,115,5804,5804,368,2020-05-04,1,115,0.00869565217391304,0.0312356500611854,1.1640041114412
Saratoga,2020-05-05T00:00:00.000,3,371,173,5977,5977,371,2020-05-05,3,173,0.0173410404624277,0.0292207235249355,3.49970559011057
Saratoga,2020-05-06T00:00:00.000,3,374,157,6134,6134,374,2020-05-06,3,157,0.0191082802547771,0.0273231588173521,3.50517197757714
Saratoga,2020-05-07T00:00:00.000,14,388,174,6308,6308,388,2020-05-07,14,174,0.0804597701149425,0.0255410606312105,16.3726935182319
Saratoga,2020-05-08T00:00:00.000,11,399,179,6487,6487,399,2020-05-08,11,179,0.0614525139664804,0.0238717043437789,12.8508275984534
Saratoga,2020-05-09T00:00:00.000,3,402,183,6670,6670,402,2020-05-09,3,183,0.0163934426229508,0.0223116884054051,3.49929246945186
Saratoga,2020-05-10T00:00:00.000,1,403,170,6840,6840,403,2020-05-10,1,170,0.00588235294117647,0.0208570761346343,1.16443175015109
Saratoga,2020-05-11T00:00:00.000,4,407,154,6994,6994,407,2020-05-11,4,154,0.025974025974026,0.01950352531828,4.66385752881247
Saratoga,2020-05-12T00:00:00.000,3,410,196,7190,7190,410,2020-05-12,3,196,0.0153061224489796,0.0182464046588617,3.50464242641791
Saratoga,2020-05-13T00:00:00.000,5,415,280,7470,7470,415,2020-05-13,5,280,0.0178571428571429,0.0170808966670134,5.85133598836913
Saratoga,2020-05-14T00:00:00.000,6,421,266,7736,7736,421,2020-05-14,6,266,0.0225563909774436,0.016002087057668,7.03263921190838
Saratoga,2020-05-15T00:00:00.000,2,423,358,8094,8094,423,2020-05-15,2,358,0.00558659217877095,0.0150050410765672,2.34743272674487
Saratoga,2020-05-16T00:00:00.000,5,428,560,8654,8654,428,2020-05-16,5,560,0.00892857142857143,0.014084867461003,5.88967625929431
Saratoga,2020-05-17T00:00:00.000,6,434,242,8896,8896,434,2020-05-17,6,242,0.0247933884297521,0.0132367709364099,7.09748256024365
Saratoga,2020-05-18T00:00:00.000,2,436,139,9035,9035,436,2020-05-18,2,139,0.0143884892086331,0.0124560942754123,2.37453578093101
Saratoga,2020-05-19T00:00:00.000,2,438,267,9302,9302,438,2020-05-19,2,267,0.00749063670411985,0.011738351012943,2.3904316696373
Saratoga,2020-05-20T00:00:00.000,2,440,458,9760,9760,440,2020-05-20,2,458,0.00436681222707424,0.0110792499269679,2.40529852284141
Saratoga,2020-05-21T00:00:00.000,8,448,351,10111,10111,448,2020-05-21,8,351,0.0227920227920228,0.0104747123738682,9.67609746368532
Saratoga,2020-05-22T00:00:00.000,4,452,254,10365,10365,452,2020-05-22,4,254,0.015748031496063,0.00992088351741739,4.86068952596424
Saratoga,2020-05-23T00:00:00.000,4,456,316,10681,10681,456,2020-05-23,4,316,0.0126582278481013,0.00941413842017258,4.86317231462552
Saratoga,2020-05-24T00:00:00.000,5,461,185,10866,10866,461,2020-05-24,5,185,0.027027027027027,0.00895108388370075,6.07729473253595
Saratoga,2020-05-25T00:00:00.000,2,463,312,11178,11178,463,2020-05-25,2,312,0.00641025641025641,0.0085285568335629,2.42818141952144
Saratoga,2020-05-26T00:00:00.000,2,465,285,11463,11463,465,2020-05-26,2,285,0.00701754385964912,0.00814361995346427,2.42314684100444
Saratoga,2020-05-27T00:00:00.000,3,468,292,11755,11755,468,2020-05-27,3,292,0.0102739726027397,0.00779355518138798,3.62451690466298
Saratoga,2020-05-28T00:00:00.000,5,473,511,12266,12266,473,2020-05-28,5,511,0.00978473581213307,0.00747585559374668,6.01965255422925
Saratoga,2020-05-29T00:00:00.000,4,477,518,12784,12784,477,2020-05-29,4,518,0.00772200772200772,0.00718821612183515,4.7956009300315
Saratoga,2020-05-30T00:00:00.000,3,480,399,13183,13183,480,2020-05-30,3,399,0.0075187969924812,0.00692852346997266,3.57942525968438
Saratoga,2020-05-31T00:00:00.000,3,483,487,13670,13670,483,2020-05-31,3,487,0.00616016427104723,0.00669484553695076,3.56132673075476
Saratoga,2020-06-01T00:00:00.000,1,484,317,13987,13987,484,2020-06-01,1,317,0.00315457413249211,0.00648542058234217,1.18417305855163
Saratoga,2020-06-02T00:00:00.000,5,489,609,14596,14596,489,2020-06-02,5,609,0.00821018062397373,0.00629864632595104,5.90388142847333
Saratoga,2020-06-03T00:00:00.000,4,493,741,15337,15337,493,2020-06-03,4,741,0.00539811066126856,0.0061330691227232,4.70777665886235
Saratoga,2020-06-04T00:00:00.000,3,496,574,15911,15911,496,2020-06-04,3,574,0.00522648083623693,0.00598737331595176,3.51811600769842
Saratoga,2020-06-05T00:00:00.000,5,501,610,16521,16521,501,2020-06-05,5,610,0.00819672131147541,0.00586037083769313,5.84605603713967
Saratoga,2020-06-06T00:00:00.000,1,502,520,17041,17041,502,2020-06-06,1,520,0.00192307692307692,0.00575099109715622,1.16685244037906
Saratoga,2020-06-07T00:00:00.000,2,504,654,17695,17695,504,2020-06-07,2,654,0.00305810397553517,0.00565827117441131,2.32826856728635
Saratoga,2020-06-08T00:00:00.000,7,511,396,18091,18091,511,2020-06-08,7,396,0.0176767676767677,0.00558134631759814,8.12491528959278
Saratoga,2020-06-09T00:00:00.000,0,511,495,18586,18586,511,2020-06-09,0,495,0,0.00551944072654256,0
Saratoga,2020-06-10T00:00:00.000,2,513,577,19163,19163,513,2020-06-10,2,577,0.00346620450606586,0.00547185859416177,2.32116888222865
Saratoga,2020-06-11T00:00:00.000,1,514,693,19856,19856,514,2020-06-11,1,693,0.00144300144300144,0.00543797536853355,1.16299458289924
Saratoga,2020-06-12T00:00:00.000,0,514,357,20213,20213,514,2020-06-12,0,357,0,0.00541722919306975,0
Saratoga,2020-06-13T00:00:00.000,1,515,437,20650,20650,515,2020-06-13,1,437,0.0022883295194508,0.00540911247977869,1.16740566435793
Saratoga,2020-06-14T00:00:00.000,2,517,568,21218,21218,517,2020-06-14,2,568,0.00352112676056338,0.00541316357084431,2.338807785773
Saratoga,2020-06-15T00:00:00.000,5,522,425,21643,21643,522,2020-06-15,5,425,0.0117647058823529,0.00542895844688369,5.85630787541944
Saratoga,2020-06-16T00:00:00.000,1,523,435,22078,22078,523,2020-06-16,1,435,0.00229885057471264,0.00545610244608693,1.17297642271873
Saratoga,2020-06-17T00:00:00.000,3,526,488,22566,22566,526,2020-06-17,3,488,0.00614754098360656,0.00549422196720859,3.52363648092469
Saratoga,2020-06-18T00:00:00.000,2,528,546,23112,23112,528,2020-06-18,2,546,0.00366300366300366,0.00554295614105847,2.35182778380034
Saratoga,2020-06-19T00:00:00.000,3,531,561,23673,23673,531,2020-06-19,3,561,0.0053475935828877,0.00560194846956222,3.53141269522402
Saratoga,2020-06-20T00:00:00.000,2,533,492,24165,24165,533,2020-06-20,2,492,0.0040650406504065,0.00567083844888684,2.35642317722528
Saratoga,2020-06-21T00:00:00.000,2,535,543,24708,24708,535,2020-06-21,2,543,0.00368324125230203,0.00574925321305246,2.35826072025589
Saratoga,2020-06-22T00:00:00.000,3,538,273,24981,24981,538,2020-06-22,3,273,0.010989010989011,0.00583679925678793,3.53966290160866
Saratoga,2020-06-23T00:00:00.000,0,538,470,25451,25451,538,2020-06-23,0,470,0,0.00593305432054279,0
Saratoga,2020-06-24T00:00:00.000,2,540,389,25840,25840,540,2020-06-24,2,389,0.0051413881748072,0.00603755954608273,2.36177965638486
Saratoga,2020-06-25T00:00:00.000,0,540,564,26404,26404,540,2020-06-25,0,564,0,0.00614981203643142,0
Saratoga,2020-06-26T00:00:00.000,6,546,589,26993,26993,546,2020-06-26,6,589,0.0101867572156197,0.00626925797916048,7.08694685142133
Saratoga,2020-06-27T00:00:00.000,2,548,517,27510,27510,548,2020-06-27,2,517,0.00386847195357834,0.00639528651422418,2.36199218137522
Saratoga,2020-06-28T00:00:00.000,1,549,531,28041,28041,549,2020-06-28,1,531,0.00188323917137476,0.00652722454658895,1.1806260311348
Saratoga,2020-06-29T00:00:00.000,0,549,283,28324,28324,549,2020-06-29,0,283,0,0.00666433271726135,0
Saratoga,2020-06-30T00:00:00.000,1,550,246,28570,28570,550,2020-06-30,1,246,0.0040650406504065,0.00680580275236016,1.17922747434641
Saratoga,2020-07-01T00:00:00.000,5,555,444,29014,29014,555,2020-07-01,5,444,0.0112612612612613,0.00695075640724457,5.89091404958816
Saratoga,2020-07-02T00:00:00.000,6,561,512,29526,29526,561,2020-07-02,6,512,0.01171875,0.00709824620945081,7.06138638411631
Saratoga,2020-07-03T00:00:00.000,1,562,518,30044,30044,562,2020-07-03,1,518,0.00193050193050193,0.00724725817912328,1.17377846899962
Saratoga,2020-07-04T00:00:00.000,4,566,516,30560,30560,566,2020-07-04,4,516,0.00775193798449612,0.00739671666856424,4.69430030264678
Saratoga,2020-07-05T00:00:00.000,6,572,431,30991,30991,572,2020-07-05,6,431,0.0139211136890951,0.00754549141234272,7.02920302793747
Saratoga,2020-07-06T00:00:00.000,6,578,267,31258,31258,578,2020-07-06,6,267,0.0224719101123595,0.00769240681778317,7.01667662328357
Saratoga,2020-07-07T00:00:00.000,4,582,539,31797,31797,582,2020-07-07,4,539,0.00742115027829314,0.00783625345336971,4.67637088003976
Saratoga,2020-07-08T00:00:00.000,3,585,555,32352,32352,585,2020-07-08,3,555,0.00540540540540541,0.00797580161216654,3.50477097124442
Saratoga,2020-07-09T00:00:00.000,2,587,419,32771,32771,587,2020-07-09,2,419,0.00477326968973747,0.00810981674235469,2.3342358172625
Saratoga,2020-07-10T00:00:00.000,8,595,524,33295,33295,595,2020-07-10,8,524,0.0152671755725191,0.00823707645065788,9.32550768545749
Saratoga,2020-07-11T00:00:00.000,7,602,506,33801,33801,602,2020-07-11,7,506,0.0138339920948617,0.00835638870204681,8.1478369243615
Saratoga,2020-07-12T00:00:00.000,8,610,480,34281,34281,610,2020-07-12,8,480,0.0166666666666667,0.00846661076515557,9.29593821721039
Saratoga,2020-07-13T00:00:00.000,6,616,577,34858,34858,616,2020-07-13,6,577,0.0103986135181976,0.00856666839180129,6.95847781509398
Saratoga,2020-07-14T00:00:00.000,7,623,531,35389,35389,623,2020-07-14,7,531,0.0131826741996234,0.00865557467646006,8.10075892401174
Saratoga,2020-07-15T00:00:00.000,1,624,483,35872,35872,624,2020-07-15,1,483,0.0020703933747412,0.00873244801960929,1.15452095540783
Saratoga,2020-07-16T00:00:00.000,6,630,494,36366,36366,630,2020-07-16,6,494,0.0121457489878543,0.00879652862204164,6.90942156964801
Saratoga,2020-07-17T00:00:00.000,5,635,893,37259,37259,635,2020-07-17,5,893,0.00559910414333707,0.00884719296532712,5.75005441868459
Saratoga,2020-07-18T00:00:00.000,2,637,479,37738,37738,637,2020-07-18,2,479,0.00417536534446764,0.00888396578754895,2.30279162644583
Saratoga,2020-07-19T00:00:00.000,2,639,412,38150,38150,639,2020-07-19,2,412,0.00485436893203883,0.00890652914082508,2.30421716571503
Saratoga,2020-07-20T00:00:00.000,7,646,782,38932,38932,646,2020-07-20,7,782,0.00895140664961637,0.00891472821510177,8.06499924870432
Saratoga,2020-07-21T00:00:00.000,4,650,556,39488,39488,650,2020-07-21,4,556,0.00719424460431655,0.00890857372590764,4.60543970019461
Saratoga,2020-07-22T00:00:00.000,13,663,890,40378,40378,663,2020-07-22,13,890,0.0146067415730337,0.00888824078778652,14.9474453895329
Saratoga,2020-07-23T00:00:00.000,2,665,546,40924,40924,665,2020-07-23,2,546,0.00366300366300366,0.00885406432147963,2.29526122343434
Saratoga,2020-07-24T00:00:00.000,14,679,889,41813,41813,679,2020-07-24,14,889,0.015748031496063,0.00880653116738152,16.0955357882283
Saratoga,2020-07-25T00:00:00.000,6,685,795,42608,42608,685,2020-07-25,6,795,0.00754716981132075,0.00874626919182129,6.90649328720998
Saratoga,2020-07-26T00:00:00.000,3,688,521,43129,43129,688,2020-07-26,3,521,0.00575815738963532,0.00867403377189955,3.45414938406689
Saratoga,2020-07-27T00:00:00.000,3,691,639,43768,43768,691,2020-07-27,3,639,0.00469483568075117,0.00859069212393324,3.45238060249551
Saratoga,2020-07-28T00:00:00.000,10,701,462,44230,44230,701,2020-07-28,10,462,0.0216450216450216,0.00849720599652247,11.4931190504657
Saratoga,2020-07-29T00:00:00.000,8,709,537,44767,44767,709,2020-07-29,8,537,0.0148975791433892,0.0083946132802283,9.175346511656
Saratoga,2020-07-30T00:00:00.000,6,715,540,45307,45307,715,2020-07-30,6,540,0.0111111111111111,0.00828400909219355,6.86162091574436
Saratoga,2020-07-31T00:00:00.000,11,726,1028,46335,46335,726,2020-07-31,11,1028,0.0107003891050584,0.00816652687561652,12.544124584797
Saratoga,2020-08-01T00:00:00.000,6,732,603,46938,46938,732,2020-08-01,6,603,0.00995024875621891,0.00804332001540812,6.83123359164635
Saratoga,2020-08-02T00:00:00.000,1,733,426,47364,47364,733,2020-08-02,1,426,0.00234741784037559,0.00791554441428547,1.13551569905308
Saratoga,2020-08-03T00:00:00.000,6,739,841,48205,48205,739,2020-08-03,6,841,0.00713436385255648,0.00778434240352104,6.79175575170893
Saratoga,2020-08-04T00:00:00.000,5,744,681,48886,48886,744,2020-08-04,5,681,0.00734214390602056,0.00765082828395531,5.6394712320411
Saratoga,2020-08-05T00:00:00.000,3,747,576,49462,49462,747,2020-08-05,3,576,0.00520833333333333,0.00751607571006653,3.37004233455899
Saratoga,2020-08-06T00:00:00.000,5,752,826,50288,50288,752,2020-08-06,5,826,0.00605326876513317,0.00738110704723811,5.60909924790641
Saratoga,2020-08-07T00:00:00.000,3,755,506,50794,50794,755,2020-08-07,3,506,0.00592885375494071,0.0072468847544412,3.36560555112752
Saratoga,2020-08-08T00:00:00.000,2,757,685,51479,51479,757,2020-08-08,2,685,0.00291970802919708,0.00711430477326431,2.24335712866479
Saratoga,2020-08-09T00:00:00.000,3,760,451,51930,51930,760,2020-08-09,3,451,0.00665188470066519,0.00698419184267736,3.36368845182079
Saratoga,2020-08-10T00:00:00.000,7,767,749,52679,52679,767,2020-08-10,7,749,0.00934579439252336,0.00685729660875059,7.84354143166819
Saratoga,2020-08-11T00:00:00.000,1,768,601,53280,53280,768,2020-08-11,1,601,0.00166389351081531,0.00673429435942615,1.11930352079965
Saratoga,2020-08-12T00:00:00.000,6,774,831,54111,54111,774,2020-08-12,6,831,0.0072202166064982,0.00661578518749694,6.70572455012895
Saratoga,2020-08-13T00:00:00.000,8,782,728,54839,54839,782,2020-08-13,8,728,0.010989010989011,0.00650229536890746,8.92533372845862
Saratoga,2020-08-14T00:00:00.000,1,783,789,55628,55628,783,2020-08-14,1,789,0.00126742712294043,0.00639427973728067,1.11502226700311
Saratoga,2020-08-15T00:00:00.000,9,792,720,56348,56348,792,2020-08-15,9,720,0.0125,0.00629212483802549,10.0484192763617
Saratoga,2020-08-16T00:00:00.000,3,795,498,56846,56846,795,2020-08-16,3,498,0.00602409638554217,0.00619615265526125,3.35359458404712
Saratoga,2020-08-17T00:00:00.000,5,800,934,57780,57780,800,2020-08-17,5,934,0.00535331905781585,0.00610662471943229,5.58745850472773
Saratoga,2020-08-18T00:00:00.000,0,800,1088,58868,58868,800,2020-08-18,0,1088,0,0.00602374642288873,0
Saratoga,2020-08-19T00:00:00.000,2,802,1221,60089,60089,802,2020-08-19,2,1221,0.00163800163800164,0.00594767139226875,2.23213146033751
Saratoga,2020-08-20T00:00:00.000,6,808,1254,61343,61343,808,2020-08-20,6,1254,0.00478468899521531,0.00587850578932567,6.69245339257664
Saratoga,2020-08-21T00:00:00.000,5,813,1228,62571,62571,813,2020-08-21,5,1228,0.00407166123778502,0.00581631243540131,5.57256081750225
Saratoga,2020-08-22T00:00:00.000,2,815,981,63552,63552,815,2020-08-22,2,981,0.00203873598369011,0.00576111467769109,2.22736174656349
Saratoga,2020-08-23T00:00:00.000,1,816,438,63990,63990,816,2020-08-23,1,438,0.00228310502283105,0.00571289993694978,1.11466758621312
Saratoga,2020-08-24T00:00:00.000,8,824,679,64669,64669,824,2020-08-24,8,679,0.0117820324005891,0.00567162289723402,8.92161691045261
Saratoga,2020-08-25T00:00:00.000,0,824,1137,65806,65806,824,2020-08-25,0,1137,0,0.0056372083165197,0
Saratoga,2020-08-26T00:00:00.000,5,829,1175,66981,66981,829,2020-08-26,5,1175,0.00425531914893617,0.00560955345427919,5.57037515852196
Saratoga,2020-08-27T00:00:00.000,3,832,661,67642,67642,832,2020-08-27,3,661,0.00453857791225416,0.00558853012693716,3.33758492363502
Saratoga,2020-08-28T00:00:00.000,0,832,1292,68934,68934,832,2020-08-28,0,1292,0,0.00557398641557329,0
Saratoga,2020-08-29T00:00:00.000,10,842,1102,70036,70036,842,2020-08-29,10,1102,0.00907441016333938,0.00556574806143429,11.1621548495389
Saratoga,2020-08-30T00:00:00.000,2,844,800,70836,70836,844,2020-08-30,2,800,0.0025,0.00556361959493957,2.23805959592007
Saratoga,2020-08-31T00:00:00.000,2,846,379,71215,71215,846,2020-08-31,2,379,0.00527704485488127,0.00556738525168146,2.24377641392818
Saratoga,2020-09-01T00:00:00.000,6,852,1239,72454,72454,852,2020-09-01,6,1239,0.00484261501210654,0.00557680973563646,6.74862414664405
Saratoga,2020-09-02T00:00:00.000,11,863,1102,73556,73556,863,2020-09-02,11,1102,0.00998185117967332,0.00559163889452797,12.40420725622
Saratoga,2020-09-03T00:00:00.000,5,868,1151,74707,74707,868,2020-09-03,5,1151,0.00434404865334492,0.0056116003755989,5.65258834162965
Saratoga,2020-09-04T00:00:00.000,9,877,1075,75782,75782,877,2020-09-04,9,1075,0.00837209302325581,0.00563640433124638,10.1999878208879
Saratoga,2020-09-05T00:00:00.000,12,889,1108,76890,76890,889,2020-09-05,12,1108,0.0108303249097473,0.00566574424362677,13.6328408038268
Saratoga,2020-09-06T00:00:00.000,4,893,420,77310,77310,893,2020-09-06,4,420,0.00952380952380952,0.00569929793469119,4.5548078719416
Saratoga,2020-09-07T00:00:00.000,7,900,470,77780,77780,900,2020-09-07,7,470,0.0148936170212766,0.00573672882354804,7.98809182028076
Saratoga,2020-09-08T00:00:00.000,11,911,910,78690,78690,911,2020-09-08,11,910,0.0120879120879121,0.0057776874860431,12.5758482891865
Saratoga,2020-09-09T00:00:00.000,7,918,376,79066,79066,918,2020-09-09,7,376,0.0186170212765957,0.0058218135625987,8.01591538543638
Saratoga,2020-09-10T00:00:00.000,25,943,1731,80797,80797,943,2020-09-10,25,1731,0.0144425187752744,0.00586873804882885,28.6684027041524
Saratoga,2020-09-11T00:00:00.000,12,955,1702,82499,82499,955,2020-09-11,12,1702,0.00705052878965922,0.0059180859904593,13.7952701579709
Saratoga,2020-09-12T00:00:00.000,6,961,958,83457,83457,961,2020-09-12,6,958,0.00626304801670146,0.00596947958896031,6.91857819755402
Saratoga,2020-09-13T00:00:00.000,3,964,642,84099,84099,964,2020-09-13,3,642,0.00467289719626168,0.00602254170819739,3.46878105203955
Saratoga,2020-09-14T00:00:00.000,1,965,471,84570,84570,965,2020-09-14,1,471,0.00212314225053079,0.00607689975517912,1.15905894122304
Saratoga,2020-09-15T00:00:00.000,5,970,1298,85868,85868,970,2020-09-15,5,1298,0.00385208012326656,0.00613218989101328,5.80726539082156
Saratoga,2020-09-16T00:00:00.000,6,976,1190,87058,87058,976,2020-09-16,6,1190,0.00504201680672269,0.00618806151141848,6.98042333146736
Saratoga,2020-09-17T00:00:00.000,9,985,1305,88363,88363,985,2020-09-17,9,1305,0.00689655172413793,0.00624418192099637,10.4838585173255
Saratoga,2020-09-18T00:00:00.000,5,990,1188,89551,89551,990,2020-09-18,5,1188,0.00420875420875421,0.00630024111241492,5.82911982059039
Saratoga,2020-09-19T00:00:00.000,8,998,1375,90926,90926,998,2020-09-19,8,1375,0.00581818181818182,0.00635595655130698,9.32084108727374
Saratoga,2020-09-20T00:00:00.000,6,1004,511,91437,91437,1004,2020-09-20,6,511,0.0117416829745597,0.00641107786141341,6.97994143389001
Saratoga,2020-09-21T00:00:00.000,2,1006,728,92165,92165,1006,2020-09-21,2,728,0.00274725274725275,0.0064653913014496,2.32187558072882
Saratoga,2020-09-22T00:00:00.000,8,1014,690,92855,92855,1014,2020-09-22,8,690,0.0115942028985507,0.00651872392756484,9.26356589686584
Saratoga,2020-09-23T00:00:00.000,3,1017,1849,94704,94704,1017,2020-09-23,3,1849,0.00162249864791779,0.0065709473411595,3.4630502662468
Saratoga,2020-09-24T00:00:00.000,14,1031,1044,95748,95748,1031,2020-09-24,14,1044,0.0134099616858238,0.00662198093268583,16.1022176879942
Saratoga,2020-09-25T00:00:00.000,5,1036,1322,97070,97070,1036,2020-09-25,5,1322,0.0037821482602118,0.00667179454676715,5.74610944839117
Saratoga,2020-09-26T00:00:00.000,8,1044,1862,98932,98932,1044,2020-09-26,8,1862,0.00429645542427497,0.00672041051171796,9.20768596677457
Saratoga,2020-09-27T00:00:00.000,8,1052,650,99582,99582,1052,2020-09-27,8,650,0.0123076923076923,0.00676790499717507,9.21674662446713
Saratoga,2020-09-28T00:00:00.000,8,1060,643,100225,100225,1060,2020-09-28,8,643,0.0124416796267496,0.00681440868558622,9.22098119820645
Saratoga,2020-09-29T00:00:00.000,6,1066,1286,101511,101511,1066,2020-09-29,6,1286,0.0046656298600311,0.00686010676560496,6.91534058726216
Saratoga,2020-09-30T00:00:00.000,7,1073,1305,102816,102816,1073,2020-09-30,7,1305,0.0053639846743295,0.00690523827760199,8.06335916467728
Saratoga,2020-10-01T00:00:00.000,10,1083,1421,104237,104237,1083,2020-10-01,10,1421,0.00703729767769177,0.00695009486154162,11.5069484923601
Saratoga,2020-10-02T00:00:00.000,7,1090,1172,105409,105409,1090,2020-10-02,7,1172,0.00597269624573379,0.00699501897521056,8.04255926476505
Saratoga,2020-10-03T00:00:00.000,5,1095,1666,107075,107075,1095,2020-10-03,5,1666,0.00300120048019208,0.00704040166526027,5.7332980102843
Saratoga,2020-10-04T00:00:00.000,5,1100,1001,108076,108076,1100,2020-10-04,5,1001,0.004995004995005,0.00708667998384252,5.71945083253997
Saratoga,2020-10-05T00:00:00.000,3,1103,1206,109282,109282,1103,2020-10-05,3,1206,0.00248756218905473,0.00713433414986486,3.42197677622291
Saratoga,2020-10-06T00:00:00.000,8,1111,1036,110318,110318,1111,2020-10-06,8,1036,0.00772200772200772,0.00718388455584747,9.09598537940947
Saratoga,2020-10-07T00:00:00.000,11,1122,1426,111744,111744,1122,2020-10-07,11,1426,0.00771388499298738,0.00723588871893457,12.4623602274912
Saratoga,2020-10-08T00:00:00.000,17,1139,1587,113331,113331,1139,2020-10-08,17,1587,0.0107120352867045,0.00729093826835624,19.1849257955472
Saratoga,2020-10-09T00:00:00.000,2,1141,1133,114464,114464,1141,2020-10-09,2,1133,0.00176522506619594,0.00734965605193713,2.2473522749093
Saratoga,2020-10-10T00:00:00.000,8,1149,1012,115476,115476,1149,2020-10-10,8,1012,0.00790513833992095,0.00741269343157153,8.94824351578653
Saratoga,2020-10-11T00:00:00.000,9,1158,1961,117437,117437,1158,2020-10-11,9,1961,0.00458949515553289,0.00748072782293435,10.0183338653324
Saratoga,2020-10-12T00:00:00.000,10,1168,1397,118834,118834,1168,2020-10-12,10,1397,0.00715819613457409,0.00755446051811772,11.0756481917539
Saratoga,2020-10-13T00:00:00.000,6,1174,745,119579,119579,1174,2020-10-13,6,745,0.00805369127516779,0.00763461481299898,6.61088938452597
Saratoga,2020-10-14T00:00:00.000,8,1182,1150,120729,120729,1182,2020-10-14,8,1150,0.00695652173913044,0.00772193444345359,8.7749350418837
Saratoga,2020-10-15T00:00:00.000,8,1190,991,121720,121720,1190,2020-10-15,8,991,0.00807265388496468,0.00781718231770046,8.74083024552341
Saratoga,2020-10-16T00:00:00.000,12,1202,1463,123183,123183,1202,2020-10-16,12,1463,0.00820232399179768,0.00792113951558125,13.0838090205476
Saratoga,2020-10-17T00:00:00.000,5,1207,1762,124945,124945,1207,2020-10-17,5,1762,0.00283768444948922,0.00803460451074469,5.44272141845268
Saratoga,2020-10-18T00:00:00.000,6,1213,1148,126093,126093,1213,2020-10-18,6,1148,0.00522648083623693,0.00815839255815419,6.52198045488623
Saratoga,2020-10-19T00:00:00.000,6,1219,1462,127555,127555,1219,2020-10-19,6,1462,0.00410396716826265,0.00829333517750822,6.51880706241995
Saratoga,2020-10-20T00:00:00.000,10,1229,1103,128658,128658,1229,2020-10-20,10,1103,0.00906618313689937,0.00844027965386008,10.8722873800986
Saratoga,2020-10-21T00:00:00.000,15,1244,1060,129718,129718,1244,2020-10-21,15,1060,0.0141509433962264,0.0086000884689657,16.3202202432239
Saratoga,2020-10-22T00:00:00.000,21,1265,1125,130843,130843,1265,2020-10-22,21,1125,0.0186666666666667,0.0087736385722138,22.8744306950324
Saratoga,2020-10-23T00:00:00.000,30,1295,1240,132083,132083,1295,2020-10-23,30,1240,0.0241935483870968,0.00896182039768721,32.7064193103042
Saratoga,2020-10-24T00:00:00.000,13,1308,1772,133855,133855,1308,2020-10-24,13,1772,0.00733634311512415,0.009165536534578,14.1813956859492
Saratoga,2020-10-25T00:00:00.000,11,1319,1278,135133,135133,1319,2020-10-25,11,1278,0.00860719874804382,0.00938569996262755,12.0036868235605
Saratoga,2020-10-26T00:00:00.000,15,1334,1577,136710,136710,1334,2020-10-26,15,1577,0.00951173113506658,0.00962323177160049,16.369751889693
Saratoga,2020-10-27T00:00:00.000,11,1345,1168,137878,137878,1345,2020-10-27,11,1168,0.00941780821917808,0.00987905829686103,12.0020560201428
Saratoga,2020-10-28T00:00:00.000,20,1365,1314,139192,139192,1365,2020-10-28,20,1314,0.015220700152207,0.0101541076191274,21.8117125473361
Saratoga,2020-10-29T00:00:00.000,18,1383,1073,140265,140265,1383,2020-10-29,18,1073,0.0167753960857409,0.010449305399909,19.6162432821116
Saratoga,2020-10-30T00:00:00.000,22,1405,1349,141614,141614,1405,2020-10-30,22,1349,0.0163083765752409,0.0107655700515933,23.9518494659461
Saratoga,2020-10-31T00:00:00.000,18,1423,2115,143729,143729,1423,2020-10-31,18,2115,0.00851063829787234,0.0111038072768836,19.5728793037823
Saratoga,2020-11-01T00:00:00.000,15,1438,1029,144758,144758,1438,2020-11-01,15,1029,0.0145772594752187,0.0114649040530396,16.2868096340032
Saratoga,2020-11-02T00:00:00.000,10,1448,1765,146523,146523,1448,2020-11-02,10,1765,0.0056657223796034,0.0118497221859556,10.8394805144774
Saratoga,2020-11-03T00:00:00.000,10,1458,1375,147898,147898,1458,2020-11-03,10,1375,0.00727272727272727,0.0122590916141145,10.8187800978373
Saratoga,2020-11-04T00:00:00.000,24,1482,1362,149260,149260,1482,2020-11-04,24,1362,0.0176211453744493,0.0126938037049618,25.9102076510948
Saratoga,2020-11-05T00:00:00.000,21,1503,1255,150515,150515,1503,2020-11-05,21,1255,0.0167330677290837,0.0131546048542427,22.6192221461543
Saratoga,2020-11-06T00:00:00.000,17,1520,976,151491,151491,1520,2020-11-06,17,976,0.0174180327868852,0.013642190770869,18.2654153182063
Saratoga,2020-11-07T00:00:00.000,21,1541,2204,153695,153695,1541,2020-11-07,21,2204,0.00952813067150635,0.0141572019058916,22.5036098700204
Saratoga,2020-11-08T00:00:00.000,12,1553,1032,154727,154727,1553,2020-11-08,12,1032,0.0116279069767442,0.0147002205593473,12.8225256473966
Saratoga,2020-11-09T00:00:00.000,14,1567,1463,156190,156190,1567,2020-11-09,14,1463,0.00956937799043062,0.0152717702739976,14.9195944496768
Saratoga,2020-11-10T00:00:00.000,16,1583,1390,157580,157580,1583,2020-11-10,16,1390,0.0115107913669065,0.0158723181943154,17.0356889085195
Saratoga,2020-11-11T00:00:00.000,28,1611,1495,159075,159075,1611,2020-11-11,28,1495,0.0187290969899666,0.0165022811336128,29.8142644242038
Saratoga,2020-11-12T00:00:00.000,31,1642,1258,160333,160333,1642,2020-11-12,31,1258,0.0246422893481717,0.0171620361460575,33.122686484128
Saratoga,2020-11-13T00:00:00.000,24,1666,1065,161398,161398,1666,2020-11-13,24,1065,0.0225352112676056,0.0178519364451991,25.7329560725349
Saratoga,2020-11-14T00:00:00.000,14,1680,729,162127,162127,1680,2020-11-14,14,729,0.0192043895747599,0.0185723335452154,15.0636560881868
Saratoga,2020-11-15T00:00:00.000,14,1694,748,162875,162875,1694,2020-11-15,14,748,0.018716577540107,0.0193236065253146,15.1167007150837
Saratoga,2020-11-16T00:00:00.000,47,1741,2624,165499,165499,1741,2020-11-16,47,2624,0.0179115853658537,0.0201061993381524,50.9272946296974
Saratoga,2020-11-17T00:00:00.000,28,1769,976,166475,166475,1769,2020-11-17,28,976,0.0286885245901639,0.0209206671033625,30.4457976515645
Saratoga,2020-11-18T00:00:00.000,35,1804,1949,168424,168424,1804,2020-11-18,35,1949,0.0179579271421242,0.0217677323578945,38.1894814086392
Schenectady,2020-03-01T00:00:00.000,0,0,0,0,0,0,2020-03-01,0,0,0,0.0159553942348737,0
Schenectady,2020-03-02T00:00:00.000,0,0,0,0,0,0,2020-03-02,0,0,0,0.0173521840681847,0
Schenectady,2020-03-03T00:00:00.000,0,0,0,0,0,0,2020-03-03,0,0,0,0.0188687891040556,0
Schenectady,2020-03-04T00:00:00.000,0,0,0,0,0,0,2020-03-04,0,0,0,0.0205148192354115,0
Schenectady,2020-03-05T00:00:00.000,0,0,0,0,0,0,2020-03-05,0,0,0,0.0223003971027712,0
Schenectady,2020-03-06T00:00:00.000,0,0,0,0,0,0,2020-03-06,0,0,0,0.0242361133284415,0
Schenectady,2020-03-07T00:00:00.000,0,0,0,0,0,0,2020-03-07,0,0,0,0.0263329602093629,0
Schenectady,2020-03-08T00:00:00.000,0,0,1,1,1,0,2020-03-08,0,1,0,0.0286022399053671,0
Schenectady,2020-03-09T00:00:00.000,0,0,2,3,3,0,2020-03-09,0,2,0,0.0310554429757481,0
Schenectady,2020-03-10T00:00:00.000,0,0,0,3,3,0,2020-03-10,0,0,0,0.0337040930750549,0
Schenectady,2020-03-11T00:00:00.000,0,0,12,15,15,0,2020-03-11,0,12,0,0.0365595537943622,0
Schenectady,2020-03-12T00:00:00.000,0,0,5,20,20,0,2020-03-12,0,5,0,0.0396327940740986,0
Schenectady,2020-03-13T00:00:00.000,1,1,20,40,40,1,2020-03-13,1,20,0.05,0.0429341093944599,1.28552381982313
Schenectady,2020-03-14T00:00:00.000,1,2,54,94,94,2,2020-03-14,1,54,0.0185185185185185,0.0464727971330049,1.26803003416119
Schenectady,2020-03-15T00:00:00.000,2,4,42,136,136,4,2020-03-15,2,42,0.0476190476190476,0.0502567861069741,2.50239200537512
Schenectady,2020-03-16T00:00:00.000,1,5,27,163,163,5,2020-03-16,1,27,0.037037037037037,0.0542922224447335,1.23505467130382
Schenectady,2020-03-17T00:00:00.000,9,14,98,261,261,14,2020-03-17,9,98,0.0918367346938776,0.05858301652115,10.9767245628707
Schenectady,2020-03-18T00:00:00.000,4,18,131,392,392,18,2020-03-18,4,131,0.0305343511450382,0.0631303587423711,4.81113634476535
Schenectady,2020-03-19T00:00:00.000,3,21,115,507,507,21,2020-03-19,3,115,0.0260869565217391,0.0679322153267989,3.56788042843343
Schenectady,2020-03-20T00:00:00.000,11,32,157,664,664,32,2020-03-20,11,157,0.0700636942675159,0.0729828187845822,12.9427250910304
Schenectady,2020-03-21T00:00:00.000,7,39,123,787,787,39,2020-03-21,7,123,0.0569105691056911,0.0782721712686504,8.13965016920035
Schenectady,2020-03-22T00:00:00.000,5,44,62,849,849,44,2020-03-22,5,62,0.0806451612903226,0.0837855821036439,5.77304956976452
Schenectady,2020-03-23T00:00:00.000,2,46,50,899,899,46,2020-03-23,2,50,0.04,0.0895032632299732,2.31162862835767
Schenectady,2020-03-24T00:00:00.000,9,55,53,952,952,55,2020-03-24,9,53,0.169811320754717,0.0954000077057876,10.3989559944173
Schenectady,2020-03-25T00:00:00.000,7,62,32,984,984,62,2020-03-25,7,32,0.21875,0.101444976449927,8.07407718765827
Schenectady,2020-03-26T00:00:00.000,4,66,41,1025,1025,66,2020-03-26,4,41,0.0975609756097561,0.107601616845869,4.60327244949131
Schenectady,2020-03-27T00:00:00.000,6,72,43,1068,1068,72,2020-03-27,6,43,0.13953488372093,0.113827733533439,6.94372357129732
Schenectady,2020-03-28T00:00:00.000,4,76,28,1096,1096,76,2020-03-28,4,28,0.142857142857143,0.120075726728991,4.63362097964586
Schenectady,2020-03-29T00:00:00.000,4,80,12,1108,1108,80,2020-03-29,4,12,0.333333333333333,0.126293006935038,4.63219628269888
Schenectady,2020-03-30T00:00:00.000,5,85,33,1141,1141,85,2020-03-30,5,33,0.151515151515152,0.132422587371163,5.78743327266679
Schenectady,2020-03-31T00:00:00.000,8,93,22,1163,1163,93,2020-03-31,8,22,0.363636363636364,0.13840384738564,9.27417505288578
Schenectady,2020-04-01T00:00:00.000,8,101,31,1194,1194,101,2020-04-01,8,31,0.258064516129032,0.144173452179901,9.33221432804357
Schenectady,2020-04-02T00:00:00.000,9,110,42,1236,1236,110,2020-04-02,9,42,0.214285714285714,0.149666407034054,10.5566082648349
Schenectady,2020-04-03T00:00:00.000,7,117,38,1274,1274,117,2020-04-03,7,38,0.184210526315789,0.154817218463117,8.25022314027636
Schenectady,2020-04-04T00:00:00.000,11,128,64,1338,1338,128,2020-04-04,11,64,0.171875,0.159561130752703,13.01858838358
Schenectady,2020-04-05T00:00:00.000,10,138,64,1402,1402,138,2020-04-05,10,64,0.15625,0.163835404344393,11.8758661176685
Schenectady,2020-04-06T00:00:00.000,7,145,35,1437,1437,145,2020-04-06,7,35,0.2,0.167580602479432,8.33697076635419
Schenectady,2020-04-07T00:00:00.000,4,149,23,1460,1460,149,2020-04-07,4,23,0.173913043478261,0.170741854042125,4.77526302181915
Schenectady,2020-04-08T00:00:00.000,18,167,104,1564,1564,167,2020-04-08,18,104,0.173076923076923,0.173270063196419,21.5316861959239
Schenectady,2020-04-09T00:00:00.000,24,191,183,1747,1747,191,2020-04-09,24,183,0.131147540983607,0.175123039534226,28.8174498122806
Schenectady,2020-04-10T00:00:00.000,3,194,24,1771,1771,194,2020-04-10,3,24,0.125,0.176266525409376,3.61294266664113
Schenectady,2020-04-11T00:00:00.000,5,199,27,1798,1798,199,2020-04-11,5,27,0.185185185185185,0.176675099456678,6.03537997707767
Schenectady,2020-04-12T00:00:00.000,5,204,27,1825,1825,204,2020-04-12,5,27,0.185185185185185,0.176332936533055,6.0455196412939
Schenectady,2020-04-13T00:00:00.000,31,235,232,2057,2057,235,2020-04-13,31,232,0.133620689655172,0.175234404546212,37.5278261142464
Schenectady,2020-04-14T00:00:00.000,2,237,18,2075,2075,237,2020-04-14,2,18,0.111111111111111,0.173384477943305,2.42623221301321
Schenectady,2020-04-15T00:00:00.000,8,245,45,2120,2120,245,2020-04-15,8,45,0.177777777777778,0.170798946685146,9.72257770959458
Schenectady,2020-04-16T00:00:00.000,5,250,35,2155,2155,250,2020-04-16,5,35,0.142857142857143,0.1675043989943,6.08596920132902
Schenectady,2020-04-17T00:00:00.000,9,259,38,2193,2193,259,2020-04-17,9,38,0.236842105263158,0.163537957071347,10.9714996442523
Schenectady,2020-04-18T00:00:00.000,9,268,36,2229,2229,268,2020-04-18,9,36,0.25,0.158946748196607,11.0089993900554
Schenectady,2020-04-19T00:00:00.000,1,269,23,2252,2252,269,2020-04-19,1,23,0.0434782608695652,0.153787099965862,1.2270087597399
Schenectady,2020-04-20T00:00:00.000,4,273,23,2275,2275,273,2020-04-20,4,23,0.173913043478261,0.148123458307004,4.92158641384578
Schenectady,2020-04-21T00:00:00.000,7,280,24,2299,2299,280,2020-04-21,7,24,0.291666666666667,0.142027040226984,8.63357495640517
Schenectady,2020-04-22T00:00:00.000,8,288,47,2346,2346,288,2020-04-22,8,47,0.170212765957447,0.13557424929716,9.88724848588057
Schenectady,2020-04-23T00:00:00.000,9,297,33,2379,2379,297,2020-04-23,9,33,0.272727272727273,0.128844899297179,11.1419702477819
Schenectady,2020-04-24T00:00:00.000,134,431,964,3343,3343,431,2020-04-24,134,964,0.139004149377593,0.121920308299806,166.110100287864
Schenectady,2020-04-25T00:00:00.000,18,449,186,3529,3529,449,2020-04-25,18,186,0.0967741935483871,0.114881339652941,22.334211944452
Schenectady,2020-04-26T00:00:00.000,8,457,96,3625,3625,457,2020-04-26,8,96,0.0833333333333333,0.107806475582157,9.9318122196477
Schenectady,2020-04-27T00:00:00.000,12,469,119,3744,3744,469,2020-04-27,12,119,0.100840336134454,0.100770011855917,14.9002342938346
Schenectady,2020-04-28T00:00:00.000,10,479,184,3928,3928,479,2020-04-28,10,184,0.0543478260869565,0.0938404571170542,12.4124753783974
Schenectady,2020-04-29T00:00:00.000,22,501,246,4174,4174,501,2020-04-29,22,246,0.0894308943089431,0.0870792082230662,27.2860433151253
Schenectady,2020-04-30T00:00:00.000,13,514,195,4369,4369,514,2020-04-30,13,195,0.0666666666666667,0.0805395543367918,16.1048925891071
Schenectady,2020-05-01T00:00:00.000,7,521,194,4563,4563,521,2020-05-01,7,194,0.0360824742268041,0.0742660396017459,8.65866805714419
Schenectady,2020-05-02T00:00:00.000,6,527,146,4709,4709,527,2020-05-02,6,146,0.0410958904109589,0.0682941896292798,7.40782927403485
Schenectady,2020-05-03T00:00:00.000,8,535,126,4835,4835,535,2020-05-03,8,126,0.0634920634920635,0.0626505834003522,9.8709991376897
Schenectady,2020-05-04T00:00:00.000,2,537,98,4933,4933,537,2020-05-04,2,98,0.0204081632653061,0.0573532319828721,2.47386071903424
Schenectady,2020-05-05T00:00:00.000,14,551,178,5111,5111,551,2020-05-05,14,178,0.0786516853932584,0.0524122104424277,17.3145992142858
Schenectady,2020-05-06T00:00:00.000,0,551,194,5305,5305,551,2020-05-06,0,194,0,0.047830480377282,0
Schenectady,2020-05-07T00:00:00.000,7,558,144,5449,5449,558,2020-05-07,7,144,0.0486111111111111,0.0436048377247768,8.63614074083395
Schenectady,2020-05-08T00:00:00.000,13,571,204,5653,5653,571,2020-05-08,13,204,0.0637254901960784,0.03972692314391,15.9809250533768
Schenectady,2020-05-09T00:00:00.000,0,571,199,5852,5852,571,2020-05-09,0,199,0,0.0361842392023094,0
Schenectady,2020-05-10T00:00:00.000,4,575,113,5965,5965,575,2020-05-10,4,113,0.0353982300884956,0.0329611283357029,4.8758338084784
Schenectady,2020-05-11T00:00:00.000,6,581,102,6067,6067,581,2020-05-11,6,102,0.0588235294117647,0.0300396766529001,7.30457155465384
Schenectady,2020-05-12T00:00:00.000,6,587,164,6231,6231,587,2020-05-12,6,164,0.0365853658536585,0.0274005198636095,7.30015127668422
Schenectady,2020-05-13T00:00:00.000,10,597,276,6507,6507,597,2020-05-13,10,276,0.036231884057971,0.0250235379405004,12.1581875013038
Schenectady,2020-05-14T00:00:00.000,6,603,170,6677,6677,603,2020-05-14,6,170,0.0352941176470588,0.0228884339470694,7.28890488154392
Schenectady,2020-05-15T00:00:00.000,10,613,272,6949,6949,613,2020-05-15,10,272,0.0367647058823529,0.0209751994447312,12.1369636261217
Schenectady,2020-05-16T00:00:00.000,7,620,175,7124,7124,620,2020-05-16,7,175,0.04,0.0192644739812278,8.50785144454331
Schenectady,2020-05-17T00:00:00.000,9,629,233,7357,7357,629,2020-05-17,9,233,0.0386266094420601,0.0177378094768359,10.9624439622324
Schenectady,2020-05-18T00:00:00.000,2,631,83,7440,7440,631,2020-05-18,2,83,0.0240963855421687,0.0163778521255562,2.44042926375328
Schenectady,2020-05-19T00:00:00.000,2,633,392,7832,7832,633,2020-05-19,2,392,0.00510204081632653,0.0151684550061281,2.45250419820284
Schenectady,2020-05-20T00:00:00.000,5,638,378,8210,8210,638,2020-05-20,5,378,0.0132275132275132,0.0140947342803449,6.15975794785297
Schenectady,2020-05-21T00:00:00.000,7,645,667,8877,8877,645,2020-05-21,7,667,0.0104947526236882,0.0131430809170457,8.66091536645603
Schenectady,2020-05-22T00:00:00.000,3,648,248,9125,9125,648,2020-05-22,3,248,0.0120967741935484,0.0123011385747353,3.7247629697435
Schenectady,2020-05-23T00:00:00.000,10,658,641,9766,9766,658,2020-05-23,10,641,0.015600624024961,0.0115577567941307,12.4099194861323
Schenectady,2020-05-24T00:00:00.000,6,664,340,10106,10106,664,2020-05-24,6,340,0.0176470588235294,0.0109029271369231,7.43803629606121
Schenectady,2020-05-25T00:00:00.000,4,668,143,10249,10249,668,2020-05-25,4,143,0.027972027972028,0.0103277084633044,4.9502139468588
Schenectady,2020-05-26T00:00:00.000,5,673,243,10492,10492,673,2020-05-26,5,243,0.0205761316872428,0.00982414622258554,6.17259060599731
Schenectady,2020-05-27T00:00:00.000,3,676,485,10977,10977,676,2020-05-27,3,485,0.00618556701030928,0.00938518947954672,3.69250313468381
Schenectady,2020-05-28T00:00:00.000,4,680,792,11769,11769,680,2020-05-28,4,792,0.00505050505050505,0.00900460841807434,4.90616110190537
Schenectady,2020-05-29T00:00:00.000,6,686,477,12246,12246,686,2020-05-29,6,477,0.0125786163522013,0.00867691425482468,7.3300799702385
Schenectady,2020-05-30T00:00:00.000,3,689,324,12570,12570,689,2020-05-30,3,324,0.00925925925925926,0.00839728284444134,3.64890962868655
Schenectady,2020-05-31T00:00:00.000,4,693,482,13052,13052,693,2020-05-31,4,482,0.00829875518672199,0.00816148274787798,4.84343422868219
Schenectady,2020-06-01T00:00:00.000,3,696,481,13533,13533,696,2020-06-01,3,481,0.00623700623700624,0.00796580814607507,3.62631561874534
Schenectady,2020-06-02T00:00:00.000,5,701,406,13939,13939,701,2020-06-02,5,406,0.0123152709359606,0.00780701669573002,6.0320011434613
Schenectady,2020-06-03T00:00:00.000,0,701,565,14504,14504,701,2020-06-03,0,565,0,0.00768227222180981,0
Schenectady,2020-06-04T00:00:00.000,5,706,802,15306,15306,706,2020-06-04,5,802,0.00623441396508728,0.00758909200775866,6.00418760517847
Schenectady,2020-06-05T00:00:00.000,4,710,497,15803,15803,710,2020-06-05,4,497,0.00804828973843058,0.00752529836670805,4.79526732913326
Schenectady,2020-06-06T00:00:00.000,1,711,579,16382,16382,711,2020-06-06,1,579,0.00172711571675302,0.00748897414148279,1.19807471444931
Schenectady,2020-06-07T00:00:00.000,1,712,533,16915,16915,712,2020-06-07,1,533,0.00187617260787992,0.00747842177979,1.19705939406617
Schenectady,2020-06-08T00:00:00.000,3,715,402,17317,17317,715,2020-06-08,3,402,0.00746268656716418,0.00749212565587346,3.58615176292922
Schenectady,2020-06-09T00:00:00.000,1,716,211,17528,17528,716,2020-06-09,1,211,0.004739336492891,0.00752871735441748,1.19455437786866
Schenectady,2020-06-10T00:00:00.000,1,717,550,18078,18078,717,2020-06-10,1,550,0.00181818181818182,0.00758694369021775,1.19914014773964
Schenectady,2020-06-11T00:00:00.000,4,721,990,19068,19068,721,2020-06-11,4,990,0.00404040404040404,0.00766563730481765,4.8144733411076
Schenectady,2020-06-12T00:00:00.000,2,723,372,19440,19440,723,2020-06-12,2,372,0.00537634408602151,0.00776368975353044,2.41593466459616
Schenectady,2020-06-13T00:00:00.000,2,725,421,19861,19861,725,2020-06-13,2,421,0.00475059382422803,0.00788002706852915,2.42433126072502
Schenectady,2020-06-14T00:00:00.000,7,732,329,20190,20190,732,2020-06-14,7,329,0.0212765957446809,0.0080135878525197,8.51334357086395
Schenectady,2020-06-15T00:00:00.000,3,735,495,20685,20685,735,2020-06-15,3,495,0.00606060606060606,0.00816330401784204,3.66007593653404
Schenectady,2020-06-16T00:00:00.000,2,737,350,21035,21035,737,2020-06-16,2,350,0.00571428571428571,0.008328084334314,2.44729057808543
Schenectady,2020-06-17T00:00:00.000,1,738,540,21575,21575,738,2020-06-17,1,540,0.00185185185185185,0.00850680098111915,1.22703189033204
Schenectady,2020-06-18T00:00:00.000,8,746,763,22338,22338,746,2020-06-18,8,763,0.0104849279161206,0.00869827931024142,9.84089728175825
Schenectady,2020-06-19T00:00:00.000,3,749,478,22816,22816,749,2020-06-19,3,478,0.00627615062761506,0.00890129101931358,3.69879160280454
Schenectady,2020-06-20T00:00:00.000,5,754,549,23365,23365,754,2020-06-20,5,549,0.00910746812386157,0.00911455089741261,6.17734837483597
Schenectady,2020-06-21T00:00:00.000,7,761,594,23959,23959,761,2020-06-21,7,594,0.0117845117845118,0.00933671724932652,8.66399391761833
Schenectady,2020-06-22T00:00:00.000,9,770,347,24306,24306,770,2020-06-22,9,347,0.0259365994236311,0.00956639602270107,11.1568223714908
Schenectady,2020-06-23T00:00:00.000,2,772,391,24697,24697,772,2020-06-23,2,391,0.0051150895140665,0.00980214856186435,2.48251376095354
Schenectady,2020-06-24T00:00:00.000,6,778,812,25509,25509,778,2020-06-24,6,812,0.00738916256157635,0.0100425027959454,7.45518947418403
Schenectady,2020-06-25T00:00:00.000,3,781,403,25912,25912,781,2020-06-25,3,403,0.00744416873449132,0.0102859675464282,3.73038336597976
Schenectady,2020-06-26T00:00:00.000,5,786,454,26366,26366,786,2020-06-26,5,454,0.0110132158590308,0.0105310495128401,6.22018757009263
Schenectady,2020-06-27T00:00:00.000,6,792,385,26751,26751,792,2020-06-27,6,385,0.0155844155844156,0.0107762723802358,7.46552863867785
Schenectady,2020-06-28T00:00:00.000,7,799,393,27144,27144,799,2020-06-28,7,393,0.0178117048346056,0.0110201973905207,8.70876309559354
Schenectady,2020-06-29T00:00:00.000,1,800,295,27439,27439,800,2020-06-29,1,295,0.00338983050847458,0.0112614446429988,1.24359850488881
Schenectady,2020-06-30T00:00:00.000,5,805,247,27686,27686,805,2020-06-30,5,247,0.0202429149797571,0.0114987143436961,6.21361851346248
Schenectady,2020-07-01T00:00:00.000,11,816,690,28376,28376,816,2020-07-01,11,690,0.0159420289855072,0.0117308072108063,13.6563597841054
Schenectady,2020-07-02T00:00:00.000,8,824,395,28771,28771,824,2020-07-02,8,395,0.020253164556962,0.0119566432690129,9.91915173334086
Schenectady,2020-07-03T00:00:00.000,7,831,418,29189,29189,831,2020-07-03,7,418,0.0167464114832536,0.0121752783276492,8.65395625113116
Schenectady,2020-07-04T00:00:00.000,3,834,559,29748,29748,834,2020-07-04,3,559,0.00536672629695885,0.0123859175309994,3.70698690766803
Schenectady,2020-07-05T00:00:00.000,4,838,471,30219,30219,838,2020-07-05,4,471,0.00849256900212314,0.0125879254924189,4.9322092328127
Schenectady,2020-07-06T00:00:00.000,5,843,340,30559,30559,843,2020-07-06,5,340,0.0147058823529412,0.0127808326652035,6.15176739753331
Schenectady,2020-07-07T00:00:00.000,1,844,297,30856,30856,844,2020-07-07,1,297,0.00336700336700337,0.0129643377566939,1.22945642943242
Schenectady,2020-07-08T00:00:00.000,4,848,413,31269,31269,848,2020-07-08,4,413,0.00968523002421308,0.013138306148055,4.91218690644402
Schenectady,2020-07-09T00:00:00.000,4,852,436,31705,31705,852,2020-07-09,4,436,0.00917431192660551,0.0133027644299836,4.90532526815688
Schenectady,2020-07-10T00:00:00.000,4,856,447,32152,32152,856,2020-07-10,4,447,0.00894854586129754,0.0134578912994564,4.89736959489979
Schenectady,2020-07-11T00:00:00.000,8,864,385,32537,32537,864,2020-07-11,8,385,0.0207792207792208,0.0136040051748634,9.77685311921618
Schenectady,2020-07-12T00:00:00.000,4,868,488,33025,33025,868,2020-07-12,4,488,0.00819672131147541,0.0137415489735425,4.87860708921671
Schenectady,2020-07-13T00:00:00.000,15,883,495,33520,33520,883,2020-07-13,15,495,0.0303030303030303,0.0138710725559252,18.2550936129335
Schenectady,2020-07-14T00:00:00.000,8,891,476,33996,33996,891,2020-07-14,8,476,0.0168067226890756,0.0139932133691918,9.71359092413355
Schenectady,2020-07-15T00:00:00.000,5,896,445,34441,34441,896,2020-07-15,5,445,0.0112359550561798,0.0141086758292436,6.05629259676349
Schenectady,2020-07-16T00:00:00.000,6,902,489,34930,34930,902,2020-07-16,6,489,0.0122699386503067,0.0142182099584266,7.24928295826367
Schenectady,2020-07-17T00:00:00.000,8,910,639,35569,35569,910,2020-07-17,8,639,0.0125195618153365,0.0143225897590236,9.65413889651077
Schenectady,2020-07-18T00:00:00.000,5,915,203,35772,35772,915,2020-07-18,5,203,0.0246305418719212,0.0144225917495233,6.04280101590586
Schenectady,2020-07-19T00:00:00.000,0,915,249,36021,36021,915,2020-07-19,0,249,0,0.0145189740302742,0
Schenectady,2020-07-20T00:00:00.000,11,926,661,36682,36682,926,2020-07-20,11,661,0.0166414523449319,0.0146124561809137,13.3155922543102
Schenectady,2020-07-21T00:00:00.000,10,936,497,37179,37179,936,2020-07-21,10,497,0.0201207243460765,0.0147037002316707,12.1052274841335
Schenectady,2020-07-22T00:00:00.000,10,946,476,37655,37655,946,2020-07-22,10,476,0.0210084033613445,0.0147932928927698,12.0989735569014
Schenectady,2020-07-23T00:00:00.000,9,955,441,38096,38096,955,2020-07-23,9,441,0.0204081632653061,0.014881729182874,10.8791685653328
Schenectady,2020-07-24T00:00:00.000,20,975,590,38686,38686,975,2020-07-24,20,590,0.0338983050847458,0.0149693975607177,24.2464043039933
Schenectady,2020-07-25T00:00:00.000,12,987,466,39152,39152,987,2020-07-25,12,466,0.0257510729613734,0.015056566644092,14.5840418129983
Schenectady,2020-07-26T00:00:00.000,3,990,260,39412,39412,990,2020-07-26,3,260,0.0115384615384615,0.0151433735919004,3.65208829442981
Schenectady,2020-07-27T00:00:00.000,8,998,543,39955,39955,998,2020-07-27,8,543,0.0147329650092081,0.0152298142288625,9.74886474790514
Schenectady,2020-07-28T00:00:00.000,12,1010,450,40405,40405,1010,2020-07-28,12,450,0.0266666666666667,0.015315735007971,14.6286861018268
Schenectady,2020-07-29T00:00:00.000,8,1018,512,40917,40917,1018,2020-07-29,8,512,0.015625,0.0154008269301768,9.74937575899562
Schenectady,2020-07-30T00:00:00.000,5,1023,563,41480,41480,1023,2020-07-30,5,563,0.0088809946714032,0.015484621568217,6.08711459468476
Schenectady,2020-07-31T00:00:00.000,9,1032,666,42146,42146,1032,2020-07-31,9,666,0.0135135135135135,0.0155664893752681,10.9472619793903
Schenectady,2020-08-01T00:00:00.000,3,1035,332,42478,42478,1035,2020-08-01,3,332,0.00903614457831325,0.0156456404855167,3.65060580721276
Schenectady,2020-08-02T00:00:00.000,2,1037,298,42776,42776,1037,2020-08-02,2,298,0.00671140939597315,0.01572112823786,2.43233523239789
Schenectady,2020-08-03T00:00:00.000,4,1041,482,43258,43258,1041,2020-08-03,4,482,0.00829875518672199,0.0157918556653708,4.85972756700293
Schenectady,2020-08-04T00:00:00.000,4,1045,518,43776,43776,1045,2020-08-04,4,518,0.00772200772200772,0.0158565851888449,4.85264469134877
Schenectady,2020-08-05T00:00:00.000,5,1050,719,44495,44495,1050,2020-08-05,5,719,0.00695410292072323,0.0159139517300087,6.05428408059041
Schenectady,2020-08-06T00:00:00.000,5,1055,662,45157,45157,1055,2020-08-06,5,662,0.00755287009063444,0.0159624794157011,6.05886127845119
Schenectady,2020-08-07T00:00:00.000,3,1058,352,45509,45509,1058,2020-08-07,3,352,0.00852272727272727,0.0160006019720326,3.64302131295664
Schenectady,2020-08-08T00:00:00.000,0,1058,399,45908,45908,1058,2020-08-08,0,399,0,0.0160266868125732,0
Schenectady,2020-08-09T00:00:00.000,2,1060,274,46182,46182,1060,2020-08-09,2,274,0.0072992700729927,0.0160390627036685,2.43686116934803
Schenectady,2020-08-10T00:00:00.000,15,1075,523,46705,46705,1075,2020-08-10,15,523,0.0286806883365201,0.0160360507442324,18.2978415570061
Schenectady,2020-08-11T00:00:00.000,4,1079,448,47153,47153,1079,2020-08-11,4,448,0.00892857142857143,0.0160159982376637,4.88240782332206
Schenectady,2020-08-12T00:00:00.000,5,1084,749,47902,47902,1084,2020-08-12,5,749,0.00667556742323097,0.0159773148600975,6.10318737928606
Schenectady,2020-08-13T00:00:00.000,8,1092,558,48460,48460,1092,2020-08-13,8,558,0.014336917562724,0.0159185103547183,9.76130846252162
Schenectady,2020-08-14T00:00:00.000,9,1101,647,49107,49107,1101,2020-08-14,9,647,0.0139103554868624,0.015838232817482,10.9879723742092
Schenectady,2020-08-15T00:00:00.000,18,1119,536,49643,49643,1119,2020-08-15,18,536,0.0335820895522388,0.0157353064959709,22.025994743187
Schenectady,2020-08-16T00:00:00.000,2,1121,324,49967,49967,1121,2020-08-16,2,324,0.00617283950617284,0.0156087679107654,2.4521326046826
Schenectady,2020-08-17T00:00:00.000,9,1130,515,50482,50482,1130,2020-08-17,9,515,0.0174757281553398,0.0154578990464066,11.0362553279745
Schenectady,2020-08-18T00:00:00.000,3,1133,386,50868,50868,1133,2020-08-18,3,386,0.0077720207253886,0.0152822563473928,3.67718107332738
Schenectady,2020-08-19T00:00:00.000,10,1143,885,51753,51753,1143,2020-08-19,10,885,0.0112994350282486,0.0150816943087985,12.2489846309331
Schenectady,2020-08-20T00:00:00.000,16,1159,825,52578,52578,1159,2020-08-20,16,825,0.0193939393939394,0.0148563825731835,19.5802710778953
Schenectady,2020-08-21T00:00:00.000,13,1172,905,53483,53483,1172,2020-08-21,13,905,0.0143646408839779,0.0146068156312927,15.8861605352885
Schenectady,2020-08-22T00:00:00.000,7,1179,567,54050,54050,1179,2020-08-22,7,567,0.0123456790123457,0.0143338144719947,8.53973367809664
Schenectady,2020-08-23T00:00:00.000,3,1182,148,54198,54198,1182,2020-08-23,3,148,0.0202702702702703,0.0140385198278504,3.65858456039267
Schenectady,2020-08-24T00:00:00.000,24,1206,542,54740,54740,1206,2020-08-24,24,542,0.044280442804428,0.0137223769932913,29.2372839490966
Schenectady,2020-08-25T00:00:00.000,5,1211,536,55276,55276,1211,2020-08-25,5,536,0.00932835820895522,0.0133871125462123,6.07865631287643
Schenectady,2020-08-26T00:00:00.000,20,1231,813,56089,56089,1231,2020-08-26,20,813,0.02460024600246,0.0130347036481935,24.2416247256473
Schenectady,2020-08-27T00:00:00.000,2,1233,626,56715,56715,1233,2020-08-27,2,626,0.00319488817891374,0.0126673409204816,2.41479268820883
Schenectady,2020-08-28T00:00:00.000,22,1255,949,57664,57664,1255,2020-08-28,22,949,0.0231822971548999,0.0122873861659595,26.5111121472505
Schenectady,2020-08-29T00:00:00.000,5,1260,751,58415,58415,1260,2020-08-29,5,751,0.0066577896138482,0.0118973264193273,6.02158235970111
Schenectady,2020-08-30T00:00:00.000,3,1263,440,58855,58855,1263,2020-08-30,3,440,0.00681818181818182,0.0114997259389028,3.60990615743281
Schenectady,2020-08-31T00:00:00.000,8,1271,442,59297,59297,1271,2020-08-31,8,442,0.0180995475113122,0.0110971778039656,9.61602750363445
Schenectady,2020-09-01T00:00:00.000,7,1278,769,60066,60066,1278,2020-09-01,7,769,0.00910273081924577,0.010692256742984,8.40292304425996
Schenectady,2020-09-02T00:00:00.000,12,1290,826,60892,60892,1290,2020-09-02,12,826,0.0145278450363196,0.0102874747003149,14.3825052507675
Schenectady,2020-09-03T00:00:00.000,8,1298,829,61721,61721,1298,2020-09-03,8,829,0.00965018094089264,0.00988524045918808,9.57100165550237
Schenectady,2020-09-04T00:00:00.000,1,1299,855,62576,62576,1299,2020-09-04,1,855,0.00116959064327485,0.00948782439516337,1.19391550853223
Schenectady,2020-09-05T00:00:00.000,11,1310,778,63354,63354,1310,2020-09-05,11,778,0.0141388174807198,0.00909732915144579,13.1027814327421
Schenectady,2020-09-06T00:00:00.000,4,1314,489,63843,63843,1314,2020-09-06,4,489,0.0081799591002045,0.00871566672834327,4.75245472321693
Schenectady,2020-09-07T00:00:00.000,8,1322,536,64379,64379,1322,2020-09-07,8,536,0.0149253731343284,0.00834454218031794,9.47782781566532
Schenectady,2020-09-08T00:00:00.000,2,1324,652,65031,65031,1324,2020-09-08,2,652,0.00306748466257669,0.00798544383524043,2.36172377336906
Schenectady,2020-09-09T00:00:00.000,11,1335,520,65551,65551,1335,2020-09-09,11,520,0.0211538461538462,0.00763963970308621,12.9434254815753
Schenectady,2020-09-10T00:00:00.000,8,1343,1235,66786,66786,1343,2020-09-10,8,1235,0.00647773279352227,0.00730817953978976,9.37734561816126
Schenectady,2020-09-11T00:00:00.000,8,1351,1410,68196,68196,1351,2020-09-11,8,1410,0.00567375886524823,0.00699190187814252,9.35148014631605
Schenectady,2020-09-12T00:00:00.000,5,1356,550,68746,68746,1356,2020-09-12,5,550,0.00909090909090909,0.00669144523748379,5.83168360516186
Schenectady,2020-09-13T00:00:00.000,1,1357,219,68965,68965,1357,2020-09-13,1,219,0.0045662100456621,0.00640726267302916,1.1634424475687
Schenectady,2020-09-14T00:00:00.000,1,1358,329,69294,69294,1358,2020-09-14,1,329,0.00303951367781155,0.00613963882155458,1.16025005232586
Schenectady,2020-09-15T00:00:00.000,4,1362,884,70178,70178,1362,2020-09-15,4,884,0.00452488687782805,0.00588870863365289,4.62702778914553
Schenectady,2020-09-16T00:00:00.000,10,1372,1199,71377,71377,1372,2020-09-16,10,1199,0.00834028356964137,0.00565447704804445,11.5296014060722
Schenectady,2020-09-17T00:00:00.000,2,1374,1111,72488,72488,1374,2020-09-17,2,1111,0.0018001800180018,0.00543683894987982,2.29771272651518
Schenectady,2020-09-18T00:00:00.000,3,1377,1213,73701,73701,1377,2020-09-18,3,1213,0.00247320692497939,0.00523559885506022,3.43332686919303
Schenectady,2020-09-19T00:00:00.000,3,1380,1112,74813,74813,1380,2020-09-19,3,1112,0.00269784172661871,0.00505048986903186,3.41587232617057
Schenectady,2020-09-20T00:00:00.000,3,1383,326,75139,75139,1383,2020-09-20,3,326,0.00920245398773006,0.00488119157292131,3.39610620362546
Schenectady,2020-09-21T00:00:00.000,0,1383,451,75590,75590,1383,2020-09-21,0,451,0,0.00472734659045203,0
Schenectady,2020-09-22T00:00:00.000,5,1388,1006,76596,76596,1388,2020-09-22,5,1006,0.00497017892644135,0.0045885756776937,5.58997342946663
Schenectady,2020-09-23T00:00:00.000,7,1395,1193,77789,77789,1395,2020-09-23,7,1193,0.00586756077116513,0.00446449125643636,7.77409743874985
Schenectady,2020-09-24T00:00:00.000,3,1398,1096,78885,78885,1398,2020-09-24,3,1096,0.00273722627737226,0.00435470937632276,3.3088420609466
Schenectady,2020-09-25T00:00:00.000,1,1399,1364,80249,80249,1399,2020-09-25,1,1364,0.000733137829912023,0.00425886014193384,1.09877548445109
Schenectady,2020-09-26T00:00:00.000,3,1402,1461,81710,81710,1402,2020-09-26,3,1461,0.00205338809034908,0.00417659667995058,3.29248981657279
Schenectady,2020-09-27T00:00:00.000,1,1403,310,82020,82020,1403,2020-09-27,1,310,0.0032258064516129,0.00410760274784575,1.09597609038765
Schenectady,2020-09-28T00:00:00.000,2,1405,481,82501,82501,1405,2020-09-28,2,481,0.00415800415800416,0.00405159910195688,2.18845174105916
Schenectady,2020-09-29T00:00:00.000,5,1410,941,83442,83442,1410,2020-09-29,5,941,0.0053134962805526,0.00400834875073578,5.46129694554528
Schenectady,2020-09-30T00:00:00.000,7,1417,1243,84685,84685,1417,2020-09-30,7,1243,0.00563153660498793,0.00397766121911742,7.63063916213332
Schenectady,2020-10-01T00:00:00.000,3,1420,1540,86225,86225,1420,2020-10-01,3,1540,0.00194805194805195,0.00395939594538273,3.26321165904156
Schenectady,2020-10-02T00:00:00.000,5,1425,1135,87360,87360,1425,2020-10-02,5,1135,0.00440528634361234,0.00395346492286258,5.42606676799612
Schenectady,2020-10-03T00:00:00.000,4,1429,1369,88729,88729,1429,2020-10-03,4,1369,0.0029218407596786,0.00395983468694173,4.33014525812076
Schenectady,2020-10-04T00:00:00.000,0,1429,380,89109,89109,1429,2020-10-04,0,380,0,0.00397852773481603,0
Schenectady,2020-10-05T00:00:00.000,1,1430,349,89458,89458,1430,2020-10-05,1,349,0.00286532951289398,0.00400962345145225,1.07678951333699
Schenectady,2020-10-06T00:00:00.000,2,1432,634,90092,90092,1432,2020-10-06,2,634,0.00315457413249211,0.00405325860138604,2.14750537308413
Schenectady,2020-10-07T00:00:00.000,6,1438,1564,91656,91656,1438,2020-10-07,6,1564,0.00383631713554987,0.00410962743319359,6.42376911439117
Schenectady,2020-10-08T00:00:00.000,7,1445,1590,93246,93246,1445,2020-10-08,7,1590,0.00440251572327044,0.00417898143194754,7.47201860200406
Schenectady,2020-10-09T00:00:00.000,6,1451,871,94117,94117,1451,2020-10-09,6,871,0.0068886337543054,0.00426162874524087,6.38444674002799
Schenectady,2020-10-10T00:00:00.000,3,1454,1721,95838,95838,1454,2020-10-10,3,1721,0.00174317257408483,0.00435793330101795,3.18199517002769
Schenectady,2020-10-11T00:00:00.000,5,1459,429,96267,96267,1459,2020-10-11,5,429,0.0116550116550117,0.00446831363022516,5.28619251018526
Schenectady,2020-10-12T00:00:00.000,2,1461,424,96691,96691,1461,2020-10-12,2,424,0.00471698113207547,0.0045932414053766,2.10761232454295
Schenectady,2020-10-13T00:00:00.000,3,1464,488,97179,97179,1464,2020-10-13,3,488,0.00614754098360656,0.00473323970621425,3.15113516080881
Schenectady,2020-10-14T00:00:00.000,13,1477,1309,98488,98488,1477,2020-10-14,13,1309,0.00993124522536287,0.00488888102749893,13.6221485308369
Schenectady,2020-10-15T00:00:00.000,8,1485,1071,99559,99559,1485,2020-10-15,8,1071,0.00746965452847806,0.00506078504985996,8.36892066726215
Schenectady,2020-10-16T00:00:00.000,6,1491,2493,102052,102052,1491,2020-10-16,6,2493,0.00240673886883273,0.00524961620390715,6.27824399166974
Schenectady,2020-10-17T00:00:00.000,7,1498,676,102728,102728,1498,2020-10-17,7,676,0.0103550295857988,0.00545608106888958,7.33053670348583
Schenectady,2020-10-18T00:00:00.000,9,1507,376,103104,103104,1507,2020-10-18,9,376,0.023936170212766,0.00568092566052808,9.43522373220034
Schenectady,2020-10-19T00:00:00.000,3,1510,402,103506,103506,1510,2020-10-19,3,402,0.00746268656716418,0.00592493267769383,3.15161785279145
Schenectady,2020-10-20T00:00:00.000,6,1516,1127,104633,104633,1516,2020-10-20,6,1127,0.00532386867790594,0.00618891879244827,6.32408893082561
Schenectady,2020-10-21T00:00:00.000,6,1522,1423,106056,106056,1522,2020-10-21,6,1423,0.00421644413211525,0.0064737320838288,6.34528578393237
Schenectady,2020-10-22T00:00:00.000,8,1530,1501,107557,107557,1530,2020-10-22,8,1501,0.00532978014656895,0.00678024972959264,8.49234406789269
Schenectady,2020-10-23T00:00:00.000,9,1539,1620,109177,109177,1539,2020-10-23,9,1620,0.00555555555555556,0.00710937608224723,9.58733229701054
Schenectady,2020-10-24T00:00:00.000,7,1546,583,109760,109760,1546,2020-10-24,7,583,0.0120068610634648,0.00746204126491552,7.48072410347306
Schenectady,2020-10-25T00:00:00.000,3,1549,362,110122,110122,1549,2020-10-25,3,362,0.00828729281767956,0.00783920042664152,3.21531654942335
Schenectady,2020-10-26T00:00:00.000,15,1564,986,111108,111108,1564,2020-10-26,15,986,0.0152129817444219,0.00824183379766252,16.118045881243
Schenectady,2020-10-27T00:00:00.000,6,1570,1025,112133,112133,1570,2020-10-27,6,1025,0.00585365853658537,0.00867094767719618,6.46173757609305
Schenectady,2020-10-28T00:00:00.000,9,1579,1238,113371,113371,1579,2020-10-28,9,1238,0.00726978998384491,0.00912757647598969,9.71121683252092
Schenectady,2020-10-29T00:00:00.000,12,1591,1707,115078,115078,1591,2020-10-29,12,1707,0.0070298769771529,0.00961278591444941,12.9688290250377
Schenectady,2020-10-30T00:00:00.000,9,1600,1766,116844,116844,1600,2020-10-30,9,1766,0.00509626274065685,0.0101276774535904,9.73881610278992
Schenectady,2020-10-31T00:00:00.000,22,1622,871,117715,117715,1622,2020-10-31,22,871,0.0252583237657865,0.0106733940017876,23.8280200224282
Schenectady,2020-11-01T00:00:00.000,9,1631,398,118113,118113,1631,2020-11-01,9,398,0.0226130653266332,0.0112511269048431,9.75370981099574
Schenectady,2020-11-02T00:00:00.000,13,1644,694,118807,118807,1644,2020-11-02,13,694,0.0187319884726225,0.0118621241820682,14.0927987818677
Schenectady,2020-11-03T00:00:00.000,6,1650,1162,119969,119969,1650,2020-11-03,6,1162,0.00516351118760757,0.0125076999261071,6.50431341826563
Schenectady,2020-11-04T00:00:00.000,16,1666,1393,121362,121362,1666,2020-11-04,16,1393,0.0114860014357502,0.0131892447340492,17.3397347372653
Schenectady,2020-11-05T00:00:00.000,21,1687,1543,122905,122905,1687,2020-11-05,21,1543,0.0136098509397278,0.01390823698591,22.7455840743789
Schenectady,2020-11-06T00:00:00.000,14,1701,1637,124542,124542,1701,2020-11-06,14,1637,0.00855222968845449,0.0146662547353524,15.1513795097894
Schenectady,2020-11-07T00:00:00.000,15,1716,964,125506,125506,1716,2020-11-07,15,964,0.0155601659751037,0.015464987922631,16.2166584710971
Schenectady,2020-11-08T00:00:00.000,17,1733,517,126023,126023,1733,2020-11-08,17,517,0.0328820116054159,0.0163062505693231,18.3545726729759
Schenectady,2020-11-09T00:00:00.000,25,1758,520,126543,126543,1758,2020-11-09,25,520,0.0480769230769231,0.0171919925582939,26.9595522036475
Schenectady,2020-11-10T00:00:00.000,19,1777,1069,127612,127612,1777,2020-11-10,19,1069,0.0177736202057998,0.0181243105504443,20.5000741732983
Schenectady,2020-11-11T00:00:00.000,25,1802,1813,129425,129425,1802,2020-11-11,25,1813,0.0137892995035852,0.0191054575302846,27.0126643578174
Schenectady,2020-11-12T00:00:00.000,26,1828,1583,131008,131008,1828,2020-11-12,26,1583,0.016424510423247,0.0201378504140419,28.2280993871111
Schenectady,2020-11-13T00:00:00.000,32,1860,1969,132977,132977,1860,2020-11-13,32,1969,0.0162519045200609,0.0212240750870952,34.9094301336869
Schenectady,2020-11-14T00:00:00.000,11,1871,447,133424,133424,1871,2020-11-14,11,447,0.0246085011185682,0.0223668881615793,12.0578242803275
Schenectady,2020-11-15T00:00:00.000,19,1890,514,133938,133938,1890,2020-11-15,19,514,0.0369649805447471,0.0235692146628434,20.9270625678789
Schenectady,2020-11-16T00:00:00.000,30,1920,875,134813,134813,1920,2020-11-16,30,875,0.0342857142857143,0.0248341407536503,33.200598929289
Schenectady,2020-11-17T00:00:00.000,30,1950,647,135460,135460,1950,2020-11-17,30,647,0.0463678516228748,0.0261649004923234,33.3583787915473
Schenectady,2020-11-18T00:00:00.000,33,1983,1817,137277,137277,1983,2020-11-18,33,1817,0.0181618051733627,0.0275648554909959,36.8675187312558
Schoharie,2020-03-01T00:00:00.000,0,0,0,0,0,0,2020-03-01,0,0,0,0.0337627618924482,0
Schoharie,2020-03-02T00:00:00.000,0,0,0,0,0,0,2020-03-02,0,0,0,0.0345707233186446,0
Schoharie,2020-03-03T00:00:00.000,0,0,0,0,0,0,2020-03-03,0,0,0,0.0353976462065195,0
Schoharie,2020-03-04T00:00:00.000,0,0,0,0,0,0,2020-03-04,0,0,0,0.0362444842832001,0
Schoharie,2020-03-05T00:00:00.000,0,0,0,0,0,0,2020-03-05,0,0,0,0.0371124384649615,0
Schoharie,2020-03-06T00:00:00.000,0,0,0,0,0,0,2020-03-06,0,0,0,0.0380029235214341,0
Schoharie,2020-03-07T00:00:00.000,0,0,0,0,0,0,2020-03-07,0,0,0,0.0389175305702549,0
Schoharie,2020-03-08T00:00:00.000,0,0,0,0,0,0,2020-03-08,0,0,0,0.0398579854084657,0
Schoharie,2020-03-09T00:00:00.000,0,0,0,0,0,0,2020-03-09,0,0,0,0.0408261026857074,0
Schoharie,2020-03-10T00:00:00.000,0,0,0,0,0,0,2020-03-10,0,0,0,0.0418237359071973,0
Schoharie,2020-03-11T00:00:00.000,0,0,2,2,2,0,2020-03-11,0,2,0,0.0428527232350226,0
Schoharie,2020-03-12T00:00:00.000,0,0,1,3,3,0,2020-03-12,0,1,0,0.0439148290382142,0
Schoharie,2020-03-13T00:00:00.000,0,0,0,3,3,0,2020-03-13,0,0,0,0.0450116811377979,0
Schoharie,2020-03-14T00:00:00.000,0,0,0,3,3,0,2020-03-14,0,0,0,0.0461447037110248,0
Schoharie,2020-03-15T00:00:00.000,0,0,0,3,3,0,2020-03-15,0,0,0,0.0473150458659458,0
Schoharie,2020-03-16T00:00:00.000,0,0,0,3,3,0,2020-03-16,0,0,0,0.0485235059864632,0
Schoharie,2020-03-17T00:00:00.000,0,0,8,11,11,0,2020-03-17,0,8,0,0.0497704520791296,0
Schoharie,2020-03-18T00:00:00.000,1,1,8,19,19,1,2020-03-18,1,8,0.125,0.0510557385406326,1.17752003162803
Schoharie,2020-03-19T00:00:00.000,0,1,10,29,29,1,2020-03-19,0,10,0,0.0523786200031995,0
Schoharie,2020-03-20T00:00:00.000,0,1,16,45,45,1,2020-03-20,0,16,0,0.0537376632147067,0
Schoharie,2020-03-21T00:00:00.000,0,1,6,51,51,1,2020-03-21,0,6,0,0.0551306582601226,0
Schoharie,2020-03-22T00:00:00.000,0,1,3,54,54,1,2020-03-22,0,3,0,0.056554530831081,0
Schoharie,2020-03-23T00:00:00.000,0,1,1,55,55,1,2020-03-23,0,1,0,0.0580052576849485,0
Schoharie,2020-03-24T00:00:00.000,1,2,3,58,58,2,2020-03-24,1,3,0.333333333333333,0.0594777878911363,1.10211742984026
Schoharie,2020-03-25T00:00:00.000,0,2,2,60,60,2,2020-03-25,0,2,0,0.060965972914835,0
Schoharie,2020-03-26T00:00:00.000,1,3,3,63,63,3,2020-03-26,1,3,0.333333333333333,0.0624625090120086,1.08990024772059
Schoharie,2020-03-27T00:00:00.000,2,5,9,72,72,5,2020-03-27,2,9,0.222222222222222,0.0639588957701616,2.18492460524611
Schoharie,2020-03-28T00:00:00.000,0,5,5,77,77,5,2020-03-28,0,5,0,0.0654454148920394,0
Schoharie,2020-03-29T00:00:00.000,1,6,3,80,80,6,2020-03-29,1,3,0.333333333333333,0.0669111334423905,1.08677307636499
Schoharie,2020-03-30T00:00:00.000,0,6,4,84,84,6,2020-03-30,0,4,0,0.0683439357279108,0
Schoharie,2020-03-31T00:00:00.000,2,8,7,91,91,8,2020-03-31,2,7,0.285714285714286,0.069730587716253,2.16492479280262
Schoharie,2020-04-01T00:00:00.000,0,8,10,101,101,8,2020-04-01,0,10,0,0.0710568373972447,0
Schoharie,2020-04-02T00:00:00.000,1,9,5,106,106,9,2020-04-02,1,5,0.2,0.0723075537260797,1.09065609371568
Schoharie,2020-04-03T00:00:00.000,1,10,21,127,127,10,2020-04-03,1,21,0.0476190476190476,0.0734669057597625,1.09394352917929
Schoharie,2020-04-04T00:00:00.000,1,11,16,143,143,11,2020-04-04,1,16,0.0625,0.0745185823106563,1.09674322069879
Schoharie,2020-04-05T00:00:00.000,0,11,17,160,160,11,2020-04-05,0,17,0,0.0754460509242507,0
Schoharie,2020-04-06T00:00:00.000,1,12,19,179,179,12,2020-04-06,1,19,0.0526315789473684,0.0762328532839167,1.10078393147933
Schoharie,2020-04-07T00:00:00.000,0,12,20,199,199,12,2020-04-07,0,20,0,0.0768629323137442,0
Schoharie,2020-04-08T00:00:00.000,0,12,8,207,207,12,2020-04-08,0,8,0,0.0773209843717556,0
Schoharie,2020-04-09T00:00:00.000,0,12,16,223,223,12,2020-04-09,0,16,0,0.0775928280859902,0
Schoharie,2020-04-10T00:00:00.000,0,12,5,228,228,12,2020-04-10,0,5,0,0.0776657796835832,0
Schoharie,2020-04-11T00:00:00.000,0,12,2,230,230,12,2020-04-11,0,2,0,0.0775290232068383,0
Schoharie,2020-04-12T00:00:00.000,0,12,4,234,234,12,2020-04-12,0,4,0,0.077173962894306,0
Schoharie,2020-04-13T00:00:00.000,8,20,59,293,293,20,2020-04-13,8,59,0.135593220338983,0.0765945443421587,8.91537359387242
Schoharie,2020-04-14T00:00:00.000,0,20,1,294,294,20,2020-04-14,0,1,0,0.0757875309289427,0
Schoharie,2020-04-15T00:00:00.000,0,20,5,299,299,20,2020-04-15,0,5,0,0.0747527224736188,0
Schoharie,2020-04-16T00:00:00.000,0,20,0,299,299,20,2020-04-16,0,0,0,0.0734931042458924,0
Schoharie,2020-04-17T00:00:00.000,0,20,1,300,300,20,2020-04-17,0,1,0,0.0720149162949661,0
Schoharie,2020-04-18T00:00:00.000,0,20,2,302,302,20,2020-04-18,0,2,0,0.0703276355910928,0
Schoharie,2020-04-19T00:00:00.000,0,20,4,306,306,20,2020-04-19,0,4,0,0.0684438666300718,0
Schoharie,2020-04-20T00:00:00.000,0,20,4,310,310,20,2020-04-20,0,4,0,0.0663791398309859,0
Schoharie,2020-04-21T00:00:00.000,0,20,0,310,310,20,2020-04-21,0,0,0.0625,0.0641516210951117,0
Schoharie,2020-04-22T00:00:00.000,1,21,8,318,318,21,2020-04-22,1,8,0.125,0.0617817400818881,1.14249354426869
Schoharie,2020-04-23T00:00:00.000,0,21,13,331,331,21,2020-04-23,0,13,0,0.0592917488352115,0
Schoharie,2020-04-24T00:00:00.000,12,33,177,508,508,33,2020-04-24,12,177,0.0677966101694915,0.0567052260741923,13.7793011394557
Schoharie,2020-04-25T00:00:00.000,2,35,29,537,537,35,2020-04-25,2,29,0.0689655172413793,0.0540465454637796,2.30133566797603
Schoharie,2020-04-26T00:00:00.000,0,35,15,552,552,35,2020-04-26,0,15,0,0.0513403282342354,0
Schoharie,2020-04-27T00:00:00.000,3,38,19,571,571,38,2020-04-27,3,19,0.157894736842105,0.0486109014275102,3.46316626680314
Schoharie,2020-04-28T00:00:00.000,1,39,21,592,592,39,2020-04-28,1,21,0.0476190476190476,0.0458817826903408,1.15553583165483
Schoharie,2020-04-29T00:00:00.000,3,42,17,609,609,42,2020-04-29,3,17,0.176470588235294,0.0431752109048979,3.46873512220137
Schoharie,2020-04-30T00:00:00.000,1,43,24,633,633,43,2020-04-30,1,24,0.0416666666666667,0.0405117391505575,1.15656926459144
Schoharie,2020-05-01T00:00:00.000,0,43,16,649,649,43,2020-05-01,0,16,0,0.0379099027421672,0
Schoharie,2020-05-02T00:00:00.000,2,45,20,669,669,45,2020-05-02,2,20,0.1,0.0353859706958457,2.31214169671904
Schoharie,2020-05-03T00:00:00.000,0,45,21,690,690,45,2020-05-03,0,21,0,0.0329537842869967,0
Schoharie,2020-05-04T00:00:00.000,0,45,29,719,719,45,2020-05-04,0,29,0,0.0306246817601062,0
Schoharie,2020-05-05T00:00:00.000,0,45,29,748,748,45,2020-05-05,0,29,0,0.0284075040681019,0
Schoharie,2020-05-06T00:00:00.000,0,45,20,768,768,45,2020-05-06,0,20,0,0.0263086730370944,0
Schoharie,2020-05-07T00:00:00.000,0,45,15,783,783,45,2020-05-07,0,15,0,0.0243323307646457,0
Schoharie,2020-05-08T00:00:00.000,1,46,32,815,815,46,2020-05-08,1,32,0.03125,0.0224805274524564,1.16126334838717
Schoharie,2020-05-09T00:00:00.000,0,46,23,838,838,46,2020-05-09,0,23,0,0.0207534442424276,0
Schoharie,2020-05-10T00:00:00.000,0,46,19,857,857,46,2020-05-10,0,19,0,0.0191496378764258,0
Schoharie,2020-05-11T00:00:00.000,0,46,32,889,889,46,2020-05-11,0,32,0,0.0176662949810092,0
Schoharie,2020-05-12T00:00:00.000,1,47,27,916,916,47,2020-05-12,1,27,0.037037037037037,0.0162994852996038,1.15510674078933
Schoharie,2020-05-13T00:00:00.000,0,47,32,948,948,47,2020-05-13,0,32,0,0.0150444050557155,0
Schoharie,2020-05-14T00:00:00.000,0,47,8,956,956,47,2020-05-14,0,8,0,0.0138956036413185,0
Schoharie,2020-05-15T00:00:00.000,0,47,22,978,978,47,2020-05-15,0,22,0,0.0128471888207192,0
Schoharie,2020-05-16T00:00:00.000,0,47,39,1017,1017,47,2020-05-16,0,39,0,0.0118930074948872,0
Schoharie,2020-05-17T00:00:00.000,1,48,36,1053,1053,48,2020-05-17,1,36,0.0277777777777778,0.0110268006947018,1.161501649319
Schoharie,2020-05-18T00:00:00.000,0,48,21,1074,1074,48,2020-05-18,0,21,0,0.0102423328144494,0
Schoharie,2020-05-19T00:00:00.000,0,48,34,1108,1108,48,2020-05-19,0,34,0,0.0095334961397547,0
Schoharie,2020-05-20T00:00:00.000,1,49,33,1141,1141,49,2020-05-20,1,33,0.0303030303030303,0.00889439247680633,1.17652072502855
Schoharie,2020-05-21T00:00:00.000,0,49,27,1168,1168,49,2020-05-21,0,27,0,0.00831939417707037,0
Schoharie,2020-05-22T00:00:00.000,0,49,23,1191,1191,49,2020-05-22,0,23,0,0.00780318711272544,0
Schoharie,2020-05-23T00:00:00.000,0,49,29,1220,1220,49,2020-05-23,0,29,0,0.0073407982352188,0
Schoharie,2020-05-24T00:00:00.000,0,49,21,1241,1241,49,2020-05-24,0,21,0,0.00692761028590047,0
Schoharie,2020-05-25T00:00:00.000,0,49,12,1253,1253,49,2020-05-25,0,12,0,0.0065593660644974,0
Schoharie,2020-05-26T00:00:00.000,0,49,46,1299,1299,49,2020-05-26,0,46,0,0.00623216443272519,0
Schoharie,2020-05-27T00:00:00.000,0,49,74,1373,1373,49,2020-05-27,0,74,0,0.00594244996662298,0
Schoharie,2020-05-28T00:00:00.000,0,49,32,1405,1405,49,2020-05-28,0,32,0,0.00568699789438498,0
Schoharie,2020-05-29T00:00:00.000,1,50,32,1437,1437,50,2020-05-29,1,32,0.03125,0.00546289568404309,1.16644219792743
Schoharie,2020-05-30T00:00:00.000,0,50,41,1478,1478,50,2020-05-30,0,41,0,0.0052675223889452,0
Schoharie,2020-05-31T00:00:00.000,0,50,47,1525,1525,50,2020-05-31,0,47,0,0.00509852662620808,0
Schoharie,2020-06-01T00:00:00.000,1,51,39,1564,1564,51,2020-06-01,1,39,0.0256410256410256,0.00495380385822735,1.1526972107119
Schoharie,2020-06-02T00:00:00.000,0,51,46,1610,1610,51,2020-06-02,0,46,0,0.00483147347184687,0
Schoharie,2020-06-03T00:00:00.000,0,51,63,1673,1673,51,2020-06-03,0,63,0,0.00472985600357984,0
Schoharie,2020-06-04T00:00:00.000,0,51,60,1733,1733,51,2020-06-04,0,60,0,0.00464745074122182,0
Schoharie,2020-06-05T00:00:00.000,3,54,85,1818,1818,54,2020-06-05,3,85,0.0352941176470588,0.00458291384064281,3.42244032019727
Schoharie,2020-06-06T00:00:00.000,0,54,59,1877,1877,54,2020-06-06,0,59,0,0.00453503702909811,0
Schoharie,2020-06-07T00:00:00.000,0,54,65,1942,1942,54,2020-06-07,0,65,0,0.00450272692107859,0
Schoharie,2020-06-08T00:00:00.000,0,54,60,2002,2002,54,2020-06-08,0,60,0,0.00448498494742858,0
Schoharie,2020-06-09T00:00:00.000,0,54,41,2043,2043,54,2020-06-09,0,41,0,0.0044808878912679,0
Schoharie,2020-06-10T00:00:00.000,0,54,74,2117,2117,54,2020-06-10,0,74,0,0.00448956903314324,0
Schoharie,2020-06-11T00:00:00.000,0,54,33,2150,2150,54,2020-06-11,0,33,0,0.00451019993117252,0
Schoharie,2020-06-12T00:00:00.000,0,54,40,2190,2190,54,2020-06-12,0,40,0,0.00454197289759657,0
Schoharie,2020-06-13T00:00:00.000,0,54,37,2227,2227,54,2020-06-13,0,37,0,0.00458408427883966,0
Schoharie,2020-06-14T00:00:00.000,0,54,42,2269,2269,54,2020-06-14,0,42,0,0.00463571869925908,0
Schoharie,2020-06-15T00:00:00.000,0,54,83,2352,2352,54,2020-06-15,0,83,0,0.00469603448586763,0
Schoharie,2020-06-16T00:00:00.000,1,55,87,2439,2439,55,2020-06-16,1,87,0.0114942528735632,0.00476415054854411,1.15717642909413
Schoharie,2020-06-17T00:00:00.000,0,55,38,2477,2477,55,2020-06-17,0,38,0,0.00483913504291179,0
Schoharie,2020-06-18T00:00:00.000,0,55,45,2522,2522,55,2020-06-18,0,45,0,0.00491999618590615,0
Schoharie,2020-06-19T00:00:00.000,1,56,35,2557,2557,56,2020-06-19,1,35,0.0285714285714286,0.0050056756215027,1.16396408106564
Schoharie,2020-06-20T00:00:00.000,1,57,55,2612,2612,57,2020-06-20,1,55,0.0181818181818182,0.00509504474024717,1.16566394268309
Schoharie,2020-06-21T00:00:00.000,0,57,84,2696,2696,57,2020-06-21,0,84,0,0.00518690433592744,0
Schoharie,2020-06-22T00:00:00.000,0,57,61,2757,2757,57,2020-06-22,0,61,0,0.00527998793144126,0
Schoharie,2020-06-23T00:00:00.000,0,57,37,2794,2794,57,2020-06-23,0,37,0,0.00537296902089038,0
Schoharie,2020-06-24T00:00:00.000,0,57,45,2839,2839,57,2020-06-24,0,45,0,0.00546447235546574,0
Schoharie,2020-06-25T00:00:00.000,0,57,19,2858,2858,57,2020-06-25,0,19,0,0.00555308924923977,0
Schoharie,2020-06-26T00:00:00.000,0,57,47,2905,2905,57,2020-06-26,0,47,0,0.00563739670232673,0
Schoharie,2020-06-27T00:00:00.000,1,58,61,2966,2966,58,2020-06-27,1,61,0.0163934426229508,0.00571597994231663,1.16780822319231
Schoharie,2020-06-28T00:00:00.000,0,58,48,3014,3014,58,2020-06-28,0,48,0,0.00578745778141008,0
Schoharie,2020-06-29T00:00:00.000,0,58,68,3082,3082,58,2020-06-29,0,68,0,0.00585050999070797,0
Schoharie,2020-06-30T00:00:00.000,0,58,46,3128,3128,58,2020-06-30,0,46,0,0.00590390572009741,0
Schoharie,2020-07-01T00:00:00.000,0,58,49,3177,3177,58,2020-07-01,0,49,0,0.00594653185754602,0
Schoharie,2020-07-02T00:00:00.000,0,58,25,3202,3202,58,2020-07-02,0,25,0,0.0059774201397965,0
Schoharie,2020-07-03T00:00:00.000,0,58,39,3241,3241,58,2020-07-03,0,39,0,0.00599577180865251,0
Schoharie,2020-07-04T00:00:00.000,1,59,49,3290,3290,59,2020-07-04,1,49,0.0204081632653061,0.00600097865989482,1.14928883400853
Schoharie,2020-07-05T00:00:00.000,0,59,39,3329,3329,59,2020-07-05,0,39,0,0.00599263945719656,0
Schoharie,2020-07-06T00:00:00.000,0,59,29,3358,3358,59,2020-07-06,0,29,0,0.00597057087614276,0
Schoharie,2020-07-07T00:00:00.000,1,60,48,3406,3406,60,2020-07-07,1,48,0.0208333333333333,0.00593481239331418,1.13704802510068
Schoharie,2020-07-08T00:00:00.000,1,61,45,3451,3451,61,2020-07-08,1,45,0.0222222222222222,0.00588562482646182,1.13328779481198
Schoharie,2020-07-09T00:00:00.000,1,62,42,3493,3493,62,2020-07-09,1,42,0.0238095238095238,0.00582348254419225,1.12909869853362
Schoharie,2020-07-10T00:00:00.000,0,62,53,3546,3546,62,2020-07-10,0,53,0,0.00574905967572048,0
Schoharie,2020-07-11T00:00:00.000,0,62,42,3588,3588,62,2020-07-11,0,42,0,0.00566321094090715,0
Schoharie,2020-07-12T00:00:00.000,0,62,32,3620,3620,62,2020-07-12,0,32,0,0.00556694796823918,0
Schoharie,2020-07-13T00:00:00.000,0,62,35,3655,3655,62,2020-07-13,0,35,0,0.00546141215766862,0
Schoharie,2020-07-14T00:00:00.000,0,62,73,3728,3728,62,2020-07-14,0,73,0,0.0053478452651218,0
Schoharie,2020-07-15T00:00:00.000,0,62,52,3780,3780,62,2020-07-15,0,52,0,0.00522755893179706,0
Schoharie,2020-07-16T00:00:00.000,0,62,77,3857,3857,62,2020-07-16,0,77,0,0.00510190435482773,0
Schoharie,2020-07-17T00:00:00.000,0,62,81,3938,3938,62,2020-07-17,0,81,0,0.00497224320400184,0
Schoharie,2020-07-18T00:00:00.000,0,62,28,3966,3966,62,2020-07-18,0,28,0,0.00483992074315627,0
Schoharie,2020-07-19T00:00:00.000,0,62,42,4008,4008,62,2020-07-19,0,42,0,0.00470624192943967,0
Schoharie,2020-07-20T00:00:00.000,2,64,71,4079,4079,64,2020-07-20,2,71,0.028169014084507,0.00457245105488881,2.15546205913785
Schoharie,2020-07-21T00:00:00.000,0,64,86,4165,4165,64,2020-07-21,0,86,0,0.0044397152789186,0
Schoharie,2020-07-22T00:00:00.000,2,66,43,4208,4208,66,2020-07-22,2,43,0.0465116279069767,0.00430911219165718,2.13900016349897
Schoharie,2020-07-23T00:00:00.000,1,67,32,4240,4240,67,2020-07-23,1,32,0.03125,0.00418162135919141,1.06468792181136
Schoharie,2020-07-24T00:00:00.000,0,67,32,4272,4272,67,2020-07-24,0,32,0,0.00405811964102372,0
Schoharie,2020-07-25T00:00:00.000,1,68,48,4320,4320,68,2020-07-25,1,48,0.0208333333333333,0.00393937994342414,1.0628374447537
Schoharie,2020-07-26T00:00:00.000,0,68,28,4348,4348,68,2020-07-26,0,28,0,0.0038260729817234,0
Schoharie,2020-07-27T00:00:00.000,0,68,36,4384,4384,68,2020-07-27,0,36,0,0.00371877156930847,0
Schoharie,2020-07-28T00:00:00.000,0,68,44,4428,4428,68,2020-07-28,0,44,0,0.0036179569281028,0
Schoharie,2020-07-29T00:00:00.000,0,68,62,4490,4490,68,2020-07-29,0,62,0,0.00352402651991053,0
Schoharie,2020-07-30T00:00:00.000,0,68,55,4545,4545,68,2020-07-30,0,55,0,0.00343730292436429,0
Schoharie,2020-07-31T00:00:00.000,0,68,61,4606,4606,68,2020-07-31,0,61,0,0.0033580433316815,0
Schoharie,2020-08-01T00:00:00.000,0,68,56,4662,4662,68,2020-08-01,0,56,0,0.00328644927072719,0
Schoharie,2020-08-02T00:00:00.000,0,68,39,4701,4701,68,2020-08-02,0,39,0,0.00322267625022176,0
Schoharie,2020-08-03T00:00:00.000,0,68,72,4773,4773,68,2020-08-03,0,72,0,0.00316684304861111,0
Schoharie,2020-08-04T00:00:00.000,0,68,82,4855,4855,68,2020-08-04,0,82,0,0.00311904044273986,0
Schoharie,2020-08-05T00:00:00.000,1,69,37,4892,4892,69,2020-08-05,1,37,0.027027027027027,0.00307933921456757,1.02745010403228
Schoharie,2020-08-06T00:00:00.000,0,69,42,4934,4934,69,2020-08-06,0,42,0,0.00304779731712957,0
Schoharie,2020-08-07T00:00:00.000,0,69,65,4999,4999,69,2020-08-07,0,65,0,0.00302446611480085,0
Schoharie,2020-08-08T00:00:00.000,0,69,62,5061,5061,69,2020-08-08,0,62,0,0.00300939563875969,0
Schoharie,2020-08-09T00:00:00.000,0,69,33,5094,5094,69,2020-08-09,0,33,0,0.00300263881659723,0
Schoharie,2020-08-10T00:00:00.000,0,69,121,5215,5215,69,2020-08-10,0,121,0,0.00300425464600647,0
Schoharie,2020-08-11T00:00:00.000,0,69,68,5283,5283,69,2020-08-11,0,68,0,0.00301431028773146,0
Schoharie,2020-08-12T00:00:00.000,0,69,65,5348,5348,69,2020-08-12,0,65,0,0.00303288205350532,0
Schoharie,2020-08-13T00:00:00.000,0,69,38,5386,5386,69,2020-08-13,0,38,0,0.00306005526216287,0
Schoharie,2020-08-14T00:00:00.000,0,69,75,5461,5461,69,2020-08-14,0,75,0,0.00309592293306498,0
Schoharie,2020-08-15T00:00:00.000,0,69,55,5516,5516,69,2020-08-15,0,55,0,0.00314058328205385,0
Schoharie,2020-08-16T00:00:00.000,0,69,52,5568,5568,69,2020-08-16,0,52,0,0.00319413598304352,0
Schoharie,2020-08-17T00:00:00.000,0,69,65,5633,5633,69,2020-08-17,0,65,0,0.00325667716010261,0
Schoharie,2020-08-18T00:00:00.000,0,69,64,5697,5697,69,2020-08-18,0,64,0,0.00332829308198061,0
Schoharie,2020-08-19T00:00:00.000,0,69,61,5758,5758,69,2020-08-19,0,61,0,0.00340905254551999,0
Schoharie,2020-08-20T00:00:00.000,0,69,55,5813,5813,69,2020-08-20,0,55,0,0.00349899795793333,0
Schoharie,2020-08-21T00:00:00.000,0,69,64,5877,5877,69,2020-08-21,0,64,0,0.00359813516178567,0
Schoharie,2020-08-22T00:00:00.000,0,69,86,5963,5963,69,2020-08-22,0,86,0,0.00370642209193898,0
Schoharie,2020-08-23T00:00:00.000,0,69,50,6013,6013,69,2020-08-23,0,50,0,0.00382375641125142,0
Schoharie,2020-08-24T00:00:00.000,0,69,47,6060,6060,69,2020-08-24,0,47,0,0.00394996234080003,0
Schoharie,2020-08-25T00:00:00.000,0,69,84,6144,6144,69,2020-08-25,0,84,0,0.0040847769800432,0
Schoharie,2020-08-26T00:00:00.000,0,69,30,6174,6174,69,2020-08-26,0,30,0,0.00422783649958014,0
Schoharie,2020-08-27T00:00:00.000,0,69,53,6227,6227,69,2020-08-27,0,53,0,0.00437866268040077,0
Schoharie,2020-08-28T00:00:00.000,0,69,53,6280,6280,69,2020-08-28,0,53,0,0.0045366503630413,0
Schoharie,2020-08-29T00:00:00.000,0,69,68,6348,6348,69,2020-08-29,0,68,0,0.004701056451203,0
Schoharie,2020-08-30T00:00:00.000,0,69,46,6394,6394,69,2020-08-30,0,46,0,0.00487099117864459,0
Schoharie,2020-08-31T00:00:00.000,1,70,86,6480,6480,70,2020-08-31,1,86,0.0116279069767442,0.00504541238698673,1.11089783986528
Schoharie,2020-09-01T00:00:00.000,0,70,56,6536,6536,70,2020-09-01,0,56,0,0.00522312356587875,0
Schoharie,2020-09-02T00:00:00.000,0,70,65,6601,6601,70,2020-09-02,0,65,0,0.00540277636755603,0
Schoharie,2020-09-03T00:00:00.000,1,71,50,6651,6651,71,2020-09-03,1,50,0.02,0.00558287821806619,1.12993769226484
Schoharie,2020-09-04T00:00:00.000,1,72,54,6705,6705,72,2020-09-04,1,54,0.0185185185185185,0.00576180550345993,1.13582857179308
Schoharie,2020-09-05T00:00:00.000,1,73,66,6771,6771,73,2020-09-05,1,66,0.0151515151515152,0.00593782261037624,1.14141123374508
Schoharie,2020-09-06T00:00:00.000,0,73,60,6831,6831,73,2020-09-06,0,60,0,0.00610910685127059,0
Schoharie,2020-09-07T00:00:00.000,0,73,55,6886,6886,73,2020-09-07,0,55,0,0.00627377901422509,0
Schoharie,2020-09-08T00:00:00.000,0,73,26,6912,6912,73,2020-09-08,0,26,0,0.00642993896076667,0
Schoharie,2020-09-09T00:00:00.000,1,74,40,6952,6952,74,2020-09-09,1,40,0.025,0.00657570537137083,1.15916027561656
Schoharie,2020-09-10T00:00:00.000,1,75,57,7009,7009,75,2020-09-10,1,57,0.0175438596491228,0.00670925843072176,1.16218821500305
Schoharie,2020-09-11T00:00:00.000,2,77,66,7075,7075,77,2020-09-11,2,66,0.0303030303030303,0.00682888397735019,2.33236118740882
Schoharie,2020-09-12T00:00:00.000,1,78,63,7138,7138,78,2020-09-12,1,63,0.0158730158730159,0.0069330174396689,1.17048050764434
Schoharie,2020-09-13T00:00:00.000,4,82,57,7195,7195,82,2020-09-13,4,57,0.0701754385964912,0.00702028576357176,4.69648697545131
Schoharie,2020-09-14T00:00:00.000,1,83,56,7251,7251,83,2020-09-14,1,56,0.0178571428571429,0.0070895455219084,1.1770614975293
Schoharie,2020-09-15T00:00:00.000,0,83,46,7297,7297,83,2020-09-15,0,46,0,0.00713991549152234,0
Schoharie,2020-09-16T00:00:00.000,0,83,51,7348,7348,83,2020-09-16,0,51,0,0.00717080218929728,0
Schoharie,2020-09-17T00:00:00.000,0,83,48,7396,7396,83,2020-09-17,0,48,0,0.00718191716489481,0
Schoharie,2020-09-18T00:00:00.000,0,83,47,7443,7443,83,2020-09-18,0,47,0,0.00717328523616446,0
Schoharie,2020-09-19T00:00:00.000,0,83,86,7529,7529,83,2020-09-19,0,86,0,0.00714524329777012,0
Schoharie,2020-09-20T00:00:00.000,0,83,47,7576,7576,83,2020-09-20,0,47,0,0.00709842980272594,0
Schoharie,2020-09-21T00:00:00.000,0,83,63,7639,7639,83,2020-09-21,0,63,0,0.00703376547771815,0
Schoharie,2020-09-22T00:00:00.000,0,83,53,7692,7692,83,2020-09-22,0,53,0,0.00695242625270809,0
Schoharie,2020-09-23T00:00:00.000,0,83,54,7746,7746,83,2020-09-23,0,54,0,0.00685580973592053,0
Schoharie,2020-09-24T00:00:00.000,0,83,43,7789,7789,83,2020-09-24,0,43,0,0.00674549682416177,0
Schoharie,2020-09-25T00:00:00.000,1,84,82,7871,7871,84,2020-09-25,1,82,0.0121951219512195,0.00662321019201629,1.14838226525188
Schoharie,2020-09-26T00:00:00.000,1,85,64,7935,7935,85,2020-09-26,1,64,0.015625,0.00649077144767128,1.14696605116812
Schoharie,2020-09-27T00:00:00.000,0,85,45,7980,7980,85,2020-09-27,0,45,0,0.00635005868185537,0
Schoharie,2020-09-28T00:00:00.000,0,85,107,8087,8087,85,2020-09-28,0,107,0,0.00620296598259725,0
Schoharie,2020-09-29T00:00:00.000,0,85,49,8136,8136,85,2020-09-29,0,49,0,0.00605136626067693,0
Schoharie,2020-09-30T00:00:00.000,0,85,596,8732,8732,85,2020-09-30,0,596,0,0.00589707845107184,0
Schoharie,2020-10-01T00:00:00.000,0,85,60,8792,8792,85,2020-10-01,0,60,0,0.00574183984872701,0
Schoharie,2020-10-02T00:00:00.000,1,86,88,8880,8880,86,2020-10-02,1,88,0.0113636363636364,0.00558728402552141,1.12340774857163
Schoharie,2020-10-03T00:00:00.000,0,86,76,8956,8956,86,2020-10-03,0,76,0,0.00543492447988268,0
Schoharie,2020-10-04T00:00:00.000,1,87,80,9036,9036,87,2020-10-04,1,80,0.0125,0.00528614390780825,1.1108462227624
Schoharie,2020-10-05T00:00:00.000,0,87,63,9099,9099,87,2020-10-05,0,63,0,0.00514218876533096,0
Schoharie,2020-10-06T00:00:00.000,0,87,51,9150,9150,87,2020-10-06,0,51,0,0.00500416862446978,0
Schoharie,2020-10-07T00:00:00.000,1,88,55,9205,9205,88,2020-10-07,1,55,0.0181818181818182,0.00487305970923197,1.08902688322723
Schoharie,2020-10-08T00:00:00.000,2,90,400,9605,9605,90,2020-10-08,2,400,0.005,0.00474971193301754,2.16236788651116
Schoharie,2020-10-09T00:00:00.000,3,93,81,9686,9686,93,2020-10-09,3,81,0.037037037037037,0.00463485873854373,3.21913627237027
Schoharie,2020-10-10T00:00:00.000,1,94,61,9747,9747,94,2020-10-10,1,61,0.0163934426229508,0.00452912905878001,1.064759866446
Schoharie,2020-10-11T00:00:00.000,0,94,780,10527,10527,94,2020-10-11,0,780,0,0.00443306076382655,0
Schoharie,2020-10-12T00:00:00.000,1,95,121,10648,10648,95,2020-10-12,1,121,0.00826446280991736,0.00434711502563642,1.04801842972911
Schoharie,2020-10-13T00:00:00.000,0,95,57,10705,10705,95,2020-10-13,0,57,0,0.00427169111150838,0
Schoharie,2020-10-14T00:00:00.000,2,97,496,11201,11201,97,2020-10-14,2,496,0.00403225806451613,0.00420714120142328,2.06447684707835
Schoharie,2020-10-15T00:00:00.000,3,100,87,11288,11288,100,2020-10-15,3,87,0.0344827586206897,0.00415378490722876,3.07697048185042
Schoharie,2020-10-16T00:00:00.000,0,100,88,11376,11376,100,2020-10-16,0,88,0,0.00411192324904889,0
Schoharie,2020-10-17T00:00:00.000,0,100,84,11460,11460,100,2020-10-17,0,84,0,0.00408185191254154,0
Schoharie,2020-10-18T00:00:00.000,0,100,94,11554,11554,100,2020-10-18,0,94,0,0.00406387366784934,0
Schoharie,2020-10-19T00:00:00.000,1,101,70,11624,11624,101,2020-10-19,1,70,0.0142857142857143,0.00405830987621741,1.01152932009829
Schoharie,2020-10-20T00:00:00.000,0,101,577,12201,12201,101,2020-10-20,0,577,0,0.00406551104293682,0
Schoharie,2020-10-21T00:00:00.000,0,101,53,12254,12254,101,2020-10-21,0,53,0,0.00408586639625462,0
Schoharie,2020-10-22T00:00:00.000,3,104,72,12326,12326,104,2020-10-22,3,72,0.0416666666666667,0.00411981248184021,3.02985625585383
Schoharie,2020-10-23T00:00:00.000,3,107,81,12407,12407,107,2020-10-23,3,81,0.037037037037037,0.0041678407627595,3.0295943938775
Schoharie,2020-10-24T00:00:00.000,2,109,111,12518,12518,109,2020-10-24,2,111,0.018018018018018,0.00423050420725276,2.01943110789368
Schoharie,2020-10-25T00:00:00.000,0,109,91,12609,12609,109,2020-10-25,0,91,0,0.00430842283254456,0
Schoharie,2020-10-26T00:00:00.000,1,110,66,12675,12675,110,2020-10-26,1,66,0.0151515151515152,0.0044022881547627,1.00922172320921
Schoharie,2020-10-27T00:00:00.000,1,111,752,13427,13427,111,2020-10-27,1,752,0.00132978723404255,0.00451286647449564,1.00887336835196
Schoharie,2020-10-28T00:00:00.000,1,112,821,14248,14248,112,2020-10-28,1,821,0.00121802679658952,0.00464100090784132,1.00845554673762
Schoharie,2020-10-29T00:00:00.000,1,113,86,14334,14334,113,2020-10-29,1,86,0.0116279069767442,0.00478761205596902,1.00796740145283
Schoharie,2020-10-30T00:00:00.000,1,114,107,14441,14441,114,2020-10-30,1,107,0.00934579439252336,0.00495369719642657,1.00740850995189
Schoharie,2020-10-31T00:00:00.000,1,115,70,14511,14511,115,2020-10-31,1,70,0.0142857142857143,0.00514032787945419,1.00677889652499
Schoharie,2020-11-01T00:00:00.000,1,116,99,14610,14610,116,2020-11-01,1,99,0.0101010101010101,0.00534864582744125,1.00607904353635
Schoharie,2020-11-02T00:00:00.000,0,116,32,14642,14642,116,2020-11-02,0,32,0,0.00557985706892721,0
Schoharie,2020-11-03T00:00:00.000,1,117,792,15434,15434,117,2020-11-03,1,792,0.00126262626262626,0.0058352242956865,1.00447288963346
Schoharie,2020-11-04T00:00:00.000,2,119,838,16272,16272,119,2020-11-04,2,838,0.00238663484486874,0.00611605751640842,2.0071398140431
Schoharie,2020-11-05T00:00:00.000,1,120,74,16346,16346,120,2020-11-05,1,74,0.0135135135135135,0.00642370319782458,1.0026033169672
Schoharie,2020-11-06T00:00:00.000,1,121,80,16426,16426,121,2020-11-06,1,80,0.0125,0.00675953223718574,1.00157593876971
Schoharie,2020-11-07T00:00:00.000,1,122,86,16512,16512,122,2020-11-07,1,86,0.0116279069767442,0.00712492730043405,1.00049102374152
Schoharie,2020-11-08T00:00:00.000,2,124,59,16571,16571,124,2020-11-08,2,59,0.0338983050847458,0.00752127028909668,1.99856860330688
Schoharie,2020-11-09T00:00:00.000,6,130,796,17367,17367,130,2020-11-09,6,796,0.00753768844221105,0.00794993096278722,5.99001114322991
Schoharie,2020-11-10T00:00:00.000,3,133,1031,18398,18398,133,2020-11-10,3,1031,0.002909796314258,0.0084122580395873,2.99770018885353
Schoharie,2020-11-11T00:00:00.000,4,137,123,18521,18521,137,2020-11-11,4,123,0.032520325203252,0.00890957441513344,4.00458352858237
Schoharie,2020-11-12T00:00:00.000,4,141,96,18617,18617,141,2020-11-12,4,96,0.0416666666666667,0.0094431784746583,4.02604653105281
Schoharie,2020-11-13T00:00:00.000,0,141,80,18697,18697,141,2020-11-13,0,80,0,0.0100143538094412,0
Schoharie,2020-11-14T00:00:00.000,2,143,65,18762,18762,143,2020-11-14,2,65,0.0307692307692308,0.0106243899806836,2.03505478313932
Schoharie,2020-11-15T00:00:00.000,2,145,56,18818,18818,145,2020-11-15,2,56,0.0357142857142857,0.0112746172939844,2.04625774967345
Schoharie,2020-11-16T00:00:00.000,10,155,104,18922,18922,155,2020-11-16,10,104,0.0961538461538462,0.0119664588562109,10.2876531844978
Schoharie,2020-11-17T00:00:00.000,5,160,602,19524,19524,160,2020-11-17,5,602,0.00830564784053156,0.0127015034956864,5.17210448744113
Schoharie,2020-11-18T00:00:00.000,2,162,609,20133,20133,162,2020-11-18,2,609,0.00328407224958949,0.0134816034637191,2.08016865658717
Schuyler,2020-03-01T00:00:00.000,0,0,0,0,0,0,2020-03-01,0,0,0,0.0695502869358032,0
Schuyler,2020-03-02T00:00:00.000,0,0,0,0,0,0,2020-03-02,0,0,0,0.0670962278761278,0
Schuyler,2020-03-03T00:00:00.000,0,0,0,0,0,0,2020-03-03,0,0,0,0.0647226788169293,0
Schuyler,2020-03-04T00:00:00.000,0,0,0,0,0,0,2020-03-04,0,0,0,0.0624273306705631,0
Schuyler,2020-03-05T00:00:00.000,0,0,0,0,0,0,2020-03-05,0,0,0,0.0602078822628619,0
Schuyler,2020-03-06T00:00:00.000,0,0,0,0,0,0,2020-03-06,0,0,0,0.0580620524745862,0
Schuyler,2020-03-07T00:00:00.000,0,0,0,0,0,0,2020-03-07,0,0,0,0.0559875904877395,0
Schuyler,2020-03-08T00:00:00.000,0,0,0,0,0,0,2020-03-08,0,0,0,0.0539822843106739,0
Schuyler,2020-03-09T00:00:00.000,0,0,0,0,0,0,2020-03-09,0,0,0,0.0520439677466496,0
Schuyler,2020-03-10T00:00:00.000,0,0,0,0,0,0,2020-03-10,0,0,0,0.0501705259615195,0
Schuyler,2020-03-11T00:00:00.000,0,0,0,0,0,0,2020-03-11,0,0,0,0.0483598997966738,0
Schuyler,2020-03-12T00:00:00.000,0,0,0,0,0,0,2020-03-12,0,0,0,0.046610088964335,0
Schuyler,2020-03-13T00:00:00.000,0,0,0,0,0,0,2020-03-13,0,0,0,0.0449191542532709,0
Schuyler,2020-03-14T00:00:00.000,0,0,1,1,1,0,2020-03-14,0,1,0,0.0432852188641661,0
Schuyler,2020-03-15T00:00:00.000,0,0,1,2,2,0,2020-03-15,0,1,0,0.0417064689856064,0
Schuyler,2020-03-16T00:00:00.000,0,0,2,4,4,0,2020-03-16,0,2,0,0.0401811537132658,0
Schuyler,2020-03-17T00:00:00.000,0,0,0,4,4,0,2020-03-17,0,0,0,0.038707584407388,0
Schuyler,2020-03-18T00:00:00.000,0,0,1,5,5,0,2020-03-18,0,1,0,0.0372841335759025,0
Schuyler,2020-03-19T00:00:00.000,0,0,0,5,5,0,2020-03-19,0,0,0,0.0359092333637016,0
Schuyler,2020-03-20T00:00:00.000,0,0,9,14,14,0,2020-03-20,0,9,0,0.034581373721543,0
Schuyler,2020-03-21T00:00:00.000,0,0,3,17,17,0,2020-03-21,0,3,0,0.0332991003217711,0
Schuyler,2020-03-22T00:00:00.000,0,0,7,24,24,0,2020-03-22,0,7,0,0.0320610122817147,0
Schuyler,2020-03-23T00:00:00.000,0,0,8,32,32,0,2020-03-23,0,8,0,0.0308657597498056,0
Schuyler,2020-03-24T00:00:00.000,0,0,0,32,32,0,2020-03-24,0,0,0,0.0297120414037434,0
Schuyler,2020-03-25T00:00:00.000,0,0,1,33,33,0,2020-03-25,0,1,0,0.0285986019046663,0
Schuyler,2020-03-26T00:00:00.000,0,0,8,41,41,0,2020-03-26,0,8,0,0.0275242293461447,0
Schuyler,2020-03-27T00:00:00.000,1,1,6,47,47,1,2020-03-27,1,6,0.166666666666667,0.0264877527318914,1.00027836468704
Schuyler,2020-03-28T00:00:00.000,0,1,7,54,54,1,2020-03-28,0,7,0,0.0254880395113674,0
Schuyler,2020-03-29T00:00:00.000,1,2,6,60,60,2,2020-03-29,1,6,0.166666666666667,0.0245239931981228,0.982987851959904
Schuyler,2020-03-30T00:00:00.000,0,2,6,66,66,2,2020-03-30,0,6,0,0.0235945510913963,0
Schuyler,2020-03-31T00:00:00.000,0,2,1,67,67,2,2020-03-31,0,1,0,0.0226986821176367,0
Schuyler,2020-04-01T00:00:00.000,1,3,8,75,75,3,2020-04-01,1,8,0.125,0.0218353848048593,0.965877996707802
Schuyler,2020-04-02T00:00:00.000,0,3,13,88,88,3,2020-04-02,0,13,0,0.0210036853993422,0
Schuyler,2020-04-03T00:00:00.000,1,4,5,93,93,4,2020-04-03,1,5,0.2,0.0202026361309479,0.961449621981535
Schuyler,2020-04-04T00:00:00.000,0,4,2,95,95,4,2020-04-04,0,2,0,0.019431313630512,0
Schuyler,2020-04-05T00:00:00.000,0,4,9,104,104,4,2020-04-05,0,9,0,0.0186888175000675,0
Schuyler,2020-04-06T00:00:00.000,0,4,4,108,108,4,2020-04-06,0,4,0,0.0179742690343388,0
Schuyler,2020-04-07T00:00:00.000,0,4,12,120,120,4,2020-04-07,0,12,0,0.0172868100898972,0
Schuyler,2020-04-08T00:00:00.000,0,4,20,140,140,4,2020-04-08,0,20,0,0.0166256020965632,0
Schuyler,2020-04-09T00:00:00.000,1,5,4,144,144,5,2020-04-09,1,4,0.25,0.0159898252041227,0.945136089410067
Schuyler,2020-04-10T00:00:00.000,0,5,7,151,151,5,2020-04-10,0,7,0,0.0153786775562469,0
Schuyler,2020-04-11T00:00:00.000,0,5,1,152,152,5,2020-04-11,0,1,0,0.0147913746824218,0
Schuyler,2020-04-12T00:00:00.000,0,5,1,153,153,5,2020-04-12,0,1,0,0.0142271489980834,0
Schuyler,2020-04-13T00:00:00.000,1,6,11,164,164,6,2020-04-13,1,11,0.0909090909090909,0.0136852494025456,0.938112769833297
Schuyler,2020-04-14T00:00:00.000,0,6,0,164,164,6,2020-04-14,0,0,0.0454545454545455,0.0131649409641127,0
Schuyler,2020-04-15T00:00:00.000,0,6,5,169,169,6,2020-04-15,0,5,0,0.0126655046816128,0
Schuyler,2020-04-16T00:00:00.000,0,6,8,177,177,6,2020-04-16,0,8,0,0.0121862373117387,0
Schuyler,2020-04-17T00:00:00.000,0,6,4,181,181,6,2020-04-17,0,4,0,0.0117264512517938,0
Schuyler,2020-04-18T00:00:00.000,0,6,0,181,181,6,2020-04-18,0,0,0.125,0.0112854744678371,0
Schuyler,2020-04-19T00:00:00.000,1,7,4,185,185,7,2020-04-19,1,4,0.25,0.0108626504587378,0.941345938102691
Schuyler,2020-04-20T00:00:00.000,0,7,4,189,189,7,2020-04-20,0,4,0,0.0104573382472071,0
Schuyler,2020-04-21T00:00:00.000,0,7,10,199,199,7,2020-04-21,0,10,0,0.0100689123895783,0
Schuyler,2020-04-22T00:00:00.000,0,7,108,307,307,7,2020-04-22,0,108,0,0.00969676299680429,0
Schuyler,2020-04-23T00:00:00.000,0,7,18,325,325,7,2020-04-23,0,18,0,0.00934029575988921,0
Schuyler,2020-04-24T00:00:00.000,0,7,38,363,363,7,2020-04-24,0,38,0,0.00899893197377071,0
Schuyler,2020-04-25T00:00:00.000,0,7,10,373,373,7,2020-04-25,0,10,0,0.00867210855441004,0
Schuyler,2020-04-26T00:00:00.000,0,7,9,382,382,7,2020-04-26,0,9,0,0.00835927804464563,0
Schuyler,2020-04-27T00:00:00.000,0,7,8,390,390,7,2020-04-27,0,8,0,0.00805990860507636,0
Schuyler,2020-04-28T00:00:00.000,0,7,15,405,405,7,2020-04-28,0,15,0,0.00777348398698498,0
Schuyler,2020-04-29T00:00:00.000,0,7,7,412,412,7,2020-04-29,0,7,0,0.0074995034849594,0
Schuyler,2020-04-30T00:00:00.000,0,7,6,418,418,7,2020-04-30,0,6,0,0.00723748186750235,0
Schuyler,2020-05-01T00:00:00.000,0,7,7,425,425,7,2020-05-01,0,7,0,0.00698694928450841,0
Schuyler,2020-05-02T00:00:00.000,0,7,2,427,427,7,2020-05-02,0,2,0,0.00674745115098838,0
Schuyler,2020-05-03T00:00:00.000,0,7,12,439,439,7,2020-05-03,0,12,0,0.00651854800690238,0
Schuyler,2020-05-04T00:00:00.000,0,7,5,444,444,7,2020-05-04,0,5,0,0.00629981535337533,0
Schuyler,2020-05-05T00:00:00.000,0,7,31,475,475,7,2020-05-05,0,31,0,0.00609084346590413,0
Schuyler,2020-05-06T00:00:00.000,0,7,12,487,487,7,2020-05-06,0,12,0,0.0058912371854985,0
Schuyler,2020-05-07T00:00:00.000,0,7,9,496,496,7,2020-05-07,0,9,0,0.00570061568891821,0
Schuyler,2020-05-08T00:00:00.000,0,7,38,534,534,7,2020-05-08,0,38,0,0.00551861223938474,0
Schuyler,2020-05-09T00:00:00.000,0,7,31,565,565,7,2020-05-09,0,31,0,0.00534487391930071,0
Schuyler,2020-05-10T00:00:00.000,0,7,14,579,579,7,2020-05-10,0,14,0,0.00517906134661721,0
Schuyler,2020-05-11T00:00:00.000,1,8,17,596,596,8,2020-05-11,1,17,0.0588235294117647,0.0050208483765663,1.01800915260795
Schuyler,2020-05-12T00:00:00.000,0,8,32,628,628,8,2020-05-12,0,32,0,0.00486992179051887,0
Schuyler,2020-05-13T00:00:00.000,0,8,46,674,674,8,2020-05-13,0,46,0,0.00472598097373498,0
Schuyler,2020-05-14T00:00:00.000,0,8,18,692,692,8,2020-05-14,0,18,0,0.00458873758375455,0
Schuyler,2020-05-15T00:00:00.000,0,8,52,744,744,8,2020-05-15,0,52,0,0.00445791521114595,0
Schuyler,2020-05-16T00:00:00.000,1,9,32,776,776,9,2020-05-16,1,32,0.03125,0.004333249034259,1.04695377568452
Schuyler,2020-05-17T00:00:00.000,1,10,55,831,831,10,2020-05-17,1,55,0.0181818181818182,0.00421448546956971,1.05499240817455
Schuyler,2020-05-18T00:00:00.000,0,10,57,888,888,10,2020-05-18,0,57,0,0.00410138181909918,0
Schuyler,2020-05-19T00:00:00.000,0,10,44,932,932,10,2020-05-19,0,44,0,0.00399370591631651,0
Schuyler,2020-05-20T00:00:00.000,0,10,42,974,974,10,2020-05-20,0,42,0,0.00389123577181032,0
Schuyler,2020-05-21T00:00:00.000,1,11,49,1023,1023,11,2020-05-21,1,49,0.0204081632653061,0.00379375921992282,1.09270520787533
Schuyler,2020-05-22T00:00:00.000,0,11,78,1101,1101,11,2020-05-22,0,78,0,0.00370107356742643,0
Schuyler,2020-05-23T00:00:00.000,0,11,45,1146,1146,11,2020-05-23,0,45,0,0.0036129852452106,0
Schuyler,2020-05-24T00:00:00.000,0,11,52,1198,1198,11,2020-05-24,0,52,0,0.00352930946384971,0
Schuyler,2020-05-25T00:00:00.000,0,11,14,1212,1212,11,2020-05-25,0,14,0,0.00344986987380487,0
Schuyler,2020-05-26T00:00:00.000,0,11,68,1280,1280,11,2020-05-26,0,68,0,0.00337449823092908,0
Schuyler,2020-05-27T00:00:00.000,0,11,41,1321,1321,11,2020-05-27,0,41,0,0.00330303406783651,0
Schuyler,2020-05-28T00:00:00.000,0,11,52,1373,1373,11,2020-05-28,0,52,0,0.00323532437161838,0
Schuyler,2020-05-29T00:00:00.000,0,11,64,1437,1437,11,2020-05-29,0,64,0,0.0031712232683036,0
Schuyler,2020-05-30T00:00:00.000,0,11,76,1513,1513,11,2020-05-30,0,76,0,0.00311059171438925,0
Schuyler,2020-05-31T00:00:00.000,0,11,30,1543,1543,11,2020-05-31,0,30,0,0.00305329719569846,0
Schuyler,2020-06-01T00:00:00.000,1,12,26,1569,1569,12,2020-06-01,1,26,0.0384615384615385,0.00299921343377173,1.09628153399497
Schuyler,2020-06-02T00:00:00.000,0,12,40,1609,1609,12,2020-06-02,0,40,0,0.00294822009994133,0
Schuyler,2020-06-03T00:00:00.000,0,12,22,1631,1631,12,2020-06-03,0,22,0,0.00290020253720089,0
Schuyler,2020-06-04T00:00:00.000,0,12,32,1663,1663,12,2020-06-04,0,32,0,0.00285505148995317,0
Schuyler,2020-06-05T00:00:00.000,0,12,139,1802,1802,12,2020-06-05,0,139,0,0.00281266284168785,0
Schuyler,2020-06-06T00:00:00.000,0,12,47,1849,1849,12,2020-06-06,0,47,0,0.00277293736062844,0
Schuyler,2020-06-07T00:00:00.000,0,12,45,1894,1894,12,2020-06-07,0,45,0,0.00273578045337966,0
Schuyler,2020-06-08T00:00:00.000,0,12,81,1975,1975,12,2020-06-08,0,81,0,0.00270110192660386,0
Schuyler,2020-06-09T00:00:00.000,0,12,46,2021,2021,12,2020-06-09,0,46,0,0.00266881575675768,0
Schuyler,2020-06-10T00:00:00.000,0,12,47,2068,2068,12,2020-06-10,0,47,0,0.00263883986793681,0
Schuyler,2020-06-11T00:00:00.000,0,12,51,2119,2119,12,2020-06-11,0,51,0,0.00261109591789175,0
Schuyler,2020-06-12T00:00:00.000,0,12,67,2186,2186,12,2020-06-12,0,67,0,0.00258550909229898,0
Schuyler,2020-06-13T00:00:00.000,0,12,30,2216,2216,12,2020-06-13,0,30,0,0.00256200790740152,0
Schuyler,2020-06-14T00:00:00.000,0,12,43,2259,2259,12,2020-06-14,0,43,0,0.00254052402116171,0
Schuyler,2020-06-15T00:00:00.000,0,12,68,2327,2327,12,2020-06-15,0,68,0,0.0025209920531044,0
Schuyler,2020-06-16T00:00:00.000,0,12,59,2386,2386,12,2020-06-16,0,59,0,0.00250334941306256,0
Schuyler,2020-06-17T00:00:00.000,0,12,42,2428,2428,12,2020-06-17,0,42,0,0.00248753613907409,0
Schuyler,2020-06-18T00:00:00.000,0,12,67,2495,2495,12,2020-06-18,0,67,0,0.0024734947447163,0
Schuyler,2020-06-19T00:00:00.000,0,12,57,2552,2552,12,2020-06-19,0,57,0,0.00246117007619626,0
Schuyler,2020-06-20T00:00:00.000,0,12,31,2583,2583,12,2020-06-20,0,31,0,0.00245050917955038,0
Schuyler,2020-06-21T00:00:00.000,0,12,33,2616,2616,12,2020-06-21,0,33,0,0.00244146117833324,0
Schuyler,2020-06-22T00:00:00.000,0,12,63,2679,2679,12,2020-06-22,0,63,0,0.00243397716219965,0
Schuyler,2020-06-23T00:00:00.000,0,12,63,2742,2742,12,2020-06-23,0,63,0,0.00242801008680032,0
Schuyler,2020-06-24T00:00:00.000,0,12,26,2768,2768,12,2020-06-24,0,26,0,0.00242351468542503,0
Schuyler,2020-06-25T00:00:00.000,0,12,31,2799,2799,12,2020-06-25,0,31,0,0.00242044739282005,0
Schuyler,2020-06-26T00:00:00.000,0,12,69,2868,2868,12,2020-06-26,0,69,0,0.00241876628160967,0
Schuyler,2020-06-27T00:00:00.000,0,12,56,2924,2924,12,2020-06-27,0,56,0,0.0024184310117224,0
Schuyler,2020-06-28T00:00:00.000,0,12,36,2960,2960,12,2020-06-28,0,36,0,0.0024194027931977,0
Schuyler,2020-06-29T00:00:00.000,0,12,61,3021,3021,12,2020-06-29,0,61,0,0.00242164436270726,0
Schuyler,2020-06-30T00:00:00.000,1,13,44,3065,3065,13,2020-06-30,1,44,0.0227272727272727,0.00242511997406708,1.06361138187161
Schuyler,2020-07-01T00:00:00.000,0,13,33,3098,3098,13,2020-07-01,0,33,0,0.00242979540295436,0
Schuyler,2020-07-02T00:00:00.000,0,13,27,3125,3125,13,2020-07-02,0,27,0,0.00243563796596442,0
Schuyler,2020-07-03T00:00:00.000,0,13,74,3199,3199,13,2020-07-03,0,74,0,0.00244261655405015,0
Schuyler,2020-07-04T00:00:00.000,0,13,47,3246,3246,13,2020-07-04,0,47,0,0.00245070168029392,0
Schuyler,2020-07-05T00:00:00.000,0,13,51,3297,3297,13,2020-07-05,0,51,0,0.00245986554184705,0
Schuyler,2020-07-06T00:00:00.000,0,13,38,3335,3335,13,2020-07-06,0,38,0,0.00247008209576105,0
Schuyler,2020-07-07T00:00:00.000,0,13,46,3381,3381,13,2020-07-07,0,46,0,0.00248132714831354,0
Schuyler,2020-07-08T00:00:00.000,0,13,15,3396,3396,13,2020-07-08,0,15,0,0.00249357845730674,0
Schuyler,2020-07-09T00:00:00.000,0,13,47,3443,3443,13,2020-07-09,0,47,0,0.00250681584669739,0
Schuyler,2020-07-10T00:00:00.000,2,15,52,3495,3495,15,2020-07-10,2,52,0.0384615384615385,0.00252102133279214,2.0710607368737
Schuyler,2020-07-11T00:00:00.000,0,15,93,3588,3588,15,2020-07-11,0,93,0,0.00253617926112996,0
Schuyler,2020-07-12T00:00:00.000,0,15,27,3615,3615,15,2020-07-12,0,27,0,0.00255227645306852,0
Schuyler,2020-07-13T00:00:00.000,0,15,70,3685,3685,15,2020-07-13,0,70,0,0.00256930236099134,0
Schuyler,2020-07-14T00:00:00.000,0,15,48,3733,3733,15,2020-07-14,0,48,0,0.00258724923098075,0
Schuyler,2020-07-15T00:00:00.000,0,15,134,3867,3867,15,2020-07-15,0,134,0,0.00260611227172934,0
Schuyler,2020-07-16T00:00:00.000,0,15,63,3930,3930,15,2020-07-16,0,63,0,0.00262588982842673,0
Schuyler,2020-07-17T00:00:00.000,1,16,67,3997,3997,16,2020-07-17,1,67,0.0149253731343284,0.0026465835603303,1.01927168919726
Schuyler,2020-07-18T00:00:00.000,0,16,67,4064,4064,16,2020-07-18,0,67,0,0.00266819862073093,0
Schuyler,2020-07-19T00:00:00.000,4,20,19,4083,4083,20,2020-07-19,4,19,0.210526315789474,0.00269074383804592,4.08855448324353
Schuyler,2020-07-20T00:00:00.000,0,20,35,4118,4118,20,2020-07-20,0,35,0,0.00271423189682001,0
Schuyler,2020-07-21T00:00:00.000,0,20,99,4217,4217,20,2020-07-21,0,99,0,0.00273867951747725,0
Schuyler,2020-07-22T00:00:00.000,0,20,142,4359,4359,20,2020-07-22,0,142,0,0.00276410763376725,0
Schuyler,2020-07-23T00:00:00.000,0,20,69,4428,4428,20,2020-07-23,0,69,0,0.0027905415669453,0
Schuyler,2020-07-24T00:00:00.000,0,20,83,4511,4511,20,2020-07-24,0,83,0,0.00281801119586329,0
Schuyler,2020-07-25T00:00:00.000,0,20,51,4562,4562,20,2020-07-25,0,51,0,0.00284655112228042,0
Schuyler,2020-07-26T00:00:00.000,0,20,20,4582,4582,20,2020-07-26,0,20,0,0.00287620083085351,0
Schuyler,2020-07-27T00:00:00.000,0,20,23,4605,4605,20,2020-07-27,0,23,0,0.00290700484342303,0
Schuyler,2020-07-28T00:00:00.000,0,20,56,4661,4661,20,2020-07-28,0,56,0,0.0029390128673651,0
Schuyler,2020-07-29T00:00:00.000,0,20,99,4760,4760,20,2020-07-29,0,99,0,0.00297227993792898,0
Schuyler,2020-07-30T00:00:00.000,1,21,98,4858,4858,21,2020-07-30,1,98,0.0102040816326531,0.00300686655463142,1.03338660845311
Schuyler,2020-07-31T00:00:00.000,1,22,66,4924,4924,22,2020-07-31,1,66,0.0151515151515152,0.00304283881189734,1.03317009873239
Schuyler,2020-08-01T00:00:00.000,0,22,82,5006,5006,22,2020-08-01,0,82,0,0.00308026852426144,0
Schuyler,2020-08-02T00:00:00.000,0,22,9,5015,5015,22,2020-08-02,0,9,0,0.00311923334652805,0
Schuyler,2020-08-03T00:00:00.000,0,22,34,5049,5049,22,2020-08-03,0,34,0,0.00315981688935259,0
Schuyler,2020-08-04T00:00:00.000,0,22,43,5092,5092,22,2020-08-04,0,43,0,0.00320210883074619,0
Schuyler,2020-08-05T00:00:00.000,0,22,91,5183,5183,22,2020-08-05,0,91,0,0.00324620502400807,0
Schuyler,2020-08-06T00:00:00.000,0,22,116,5299,5299,22,2020-08-06,0,116,0,0.00329220760255265,0
Schuyler,2020-08-07T00:00:00.000,0,22,48,5347,5347,22,2020-08-07,0,48,0,0.00334022508204073,0
Schuyler,2020-08-08T00:00:00.000,0,22,101,5448,5448,22,2020-08-08,0,101,0,0.00339037246011352,0
Schuyler,2020-08-09T00:00:00.000,0,22,27,5475,5475,22,2020-08-09,0,27,0,0.00344277131388295,0
Schuyler,2020-08-10T00:00:00.000,0,22,44,5519,5519,22,2020-08-10,0,44,0,0.00349754989516179,0
Schuyler,2020-08-11T00:00:00.000,0,22,53,5572,5572,22,2020-08-11,0,53,0,0.00355484322319011,0
Schuyler,2020-08-12T00:00:00.000,0,22,43,5615,5615,22,2020-08-12,0,43,0,0.00361479317436828,0
Schuyler,2020-08-13T00:00:00.000,0,22,107,5722,5722,22,2020-08-13,0,107,0,0.00367754856822404,0
Schuyler,2020-08-14T00:00:00.000,1,23,69,5791,5791,23,2020-08-14,1,69,0.0144927536231884,0.00374326524852224,1.05688914493653
Schuyler,2020-08-15T00:00:00.000,0,23,91,5882,5882,23,2020-08-15,0,91,0,0.00381210615808182,0
Schuyler,2020-08-16T00:00:00.000,0,23,56,5938,5938,23,2020-08-16,0,56,0,0.00388424140550898,0
Schuyler,2020-08-17T00:00:00.000,0,23,23,5961,5961,23,2020-08-17,0,23,0,0.00395984832165362,0
Schuyler,2020-08-18T00:00:00.000,0,23,58,6019,6019,23,2020-08-18,0,58,0,0.00403911150320825,0
Schuyler,2020-08-19T00:00:00.000,0,23,28,6047,6047,23,2020-08-19,0,28,0,0.00412222284045577,0
Schuyler,2020-08-20T00:00:00.000,1,24,157,6204,6204,24,2020-08-20,1,157,0.00636942675159236,0.00420938152574968,1.07877094035021
Schuyler,2020-08-21T00:00:00.000,0,24,70,6274,6274,24,2020-08-21,0,70,0,0.00430079403890731,0
Schuyler,2020-08-22T00:00:00.000,0,24,65,6339,6339,24,2020-08-22,0,65,0,0.00439667410529611,0
Schuyler,2020-08-23T00:00:00.000,0,24,33,6372,6372,24,2020-08-23,0,33,0,0.0044972426219919,0
Schuyler,2020-08-24T00:00:00.000,0,24,19,6391,6391,24,2020-08-24,0,19,0,0.00460272754705303,0
Schuyler,2020-08-25T00:00:00.000,0,24,54,6445,6445,24,2020-08-25,0,54,0,0.00471336374660853,0
Schuyler,2020-08-26T00:00:00.000,0,24,97,6542,6542,24,2020-08-26,0,97,0,0.00482939279419658,0
Schuyler,2020-08-27T00:00:00.000,1,25,88,6630,6630,25,2020-08-27,1,88,0.0113636363636364,0.00495106271655773,1.09913529346988
Schuyler,2020-08-28T00:00:00.000,1,26,62,6692,6692,26,2020-08-28,1,62,0.0161290322580645,0.00507862767994662,1.10314843407304
Schuyler,2020-08-29T00:00:00.000,0,26,58,6750,6750,26,2020-08-29,0,58,0,0.00521234761093824,0
Schuyler,2020-08-30T00:00:00.000,0,26,20,6770,6770,26,2020-08-30,0,20,0,0.00535248774574907,0
Schuyler,2020-08-31T00:00:00.000,0,26,28,6798,6798,26,2020-08-31,0,28,0,0.00549931810220555,0
Schuyler,2020-09-01T00:00:00.000,0,26,47,6845,6845,26,2020-09-01,0,47,0,0.00565311286875742,0
Schuyler,2020-09-02T00:00:00.000,1,27,127,6972,6972,27,2020-09-02,1,127,0.0078740157480315,0.00581414970531442,1.13206415190038
Schuyler,2020-09-03T00:00:00.000,0,27,68,7040,7040,27,2020-09-03,0,68,0,0.00598270895122839,0
Schuyler,2020-09-04T00:00:00.000,0,27,82,7122,7122,27,2020-09-04,0,82,0,0.00615907273642853,0
Schuyler,2020-09-05T00:00:00.000,1,28,127,7249,7249,28,2020-09-05,1,127,0.0078740157480315,0.00634352399259459,1.14898002703427
Schuyler,2020-09-06T00:00:00.000,0,28,17,7266,7266,28,2020-09-06,0,17,0,0.00653634536228953,0
Schuyler,2020-09-07T00:00:00.000,1,29,42,7308,7308,29,2020-09-07,1,42,0.0238095238095238,0.0067378180052115,1.15965953647511
Schuyler,2020-09-08T00:00:00.000,0,29,34,7342,7342,29,2020-09-08,0,34,0,0.00694822030212811,0
Schuyler,2020-09-09T00:00:00.000,0,29,84,7426,7426,29,2020-09-09,0,84,0,0.00716782645867593,0
Schuyler,2020-09-10T00:00:00.000,1,30,100,7526,7526,30,2020-09-10,1,100,0.01,0.00739690501296403,1.17358356601919
Schuyler,2020-09-11T00:00:00.000,2,32,114,7640,7640,32,2020-09-11,2,114,0.0175438596491228,0.00763571725288259,2.35855395731498
Schuyler,2020-09-12T00:00:00.000,0,32,29,7669,7669,32,2020-09-12,0,29,0,0.00788451555109669,0
Schuyler,2020-09-13T00:00:00.000,0,32,63,7732,7732,32,2020-09-13,0,63,0,0.00814354162793044,0
Schuyler,2020-09-14T00:00:00.000,1,33,87,7819,7819,33,2020-09-14,1,87,0.0114942528735632,0.00841302475463686,1.1973814645952
Schuyler,2020-09-15T00:00:00.000,0,33,85,7904,7904,33,2020-09-15,0,85,0,0.008693179911926,0
Schuyler,2020-09-16T00:00:00.000,0,33,150,8054,8054,33,2020-09-16,0,150,0,0.00898420592097691,0
Schuyler,2020-09-17T00:00:00.000,4,37,99,8153,8153,37,2020-09-17,4,99,0.0404040404040404,0.00928628356649223,4.84814134132492
Schuyler,2020-09-18T00:00:00.000,0,37,132,8285,8285,37,2020-09-18,0,132,0,0.00959957373358353,0
Schuyler,2020-09-19T00:00:00.000,1,38,109,8394,8394,38,2020-09-19,1,109,0.00917431192660551,0.00992421558232744,1.21819452609628
Schuyler,2020-09-20T00:00:00.000,0,38,26,8420,8420,38,2020-09-20,0,26,0,0.0102603247857078,0
Schuyler,2020-09-21T00:00:00.000,1,39,52,8472,8472,39,2020-09-21,1,52,0.0192307692307692,0.0106079918581642,1.21986784781637
Schuyler,2020-09-22T00:00:00.000,1,40,106,8578,8578,40,2020-09-22,1,106,0.00943396226415094,0.0109672806032163,1.21978094561651
Schuyler,2020-09-23T00:00:00.000,0,40,130,8708,8708,40,2020-09-23,0,130,0,0.0113382267093725,0
Schuyler,2020-09-24T00:00:00.000,1,41,137,8845,8845,41,2020-09-24,1,137,0.0072992700729927,0.0117208365238391,1.21774043283712
Schuyler,2020-09-25T00:00:00.000,0,41,112,8957,8957,41,2020-09-25,0,112,0,0.0121150860333335,0
Schuyler,2020-09-26T00:00:00.000,0,41,60,9017,9017,41,2020-09-26,0,60,0,0.0125209200804704,0
Schuyler,2020-09-27T00:00:00.000,0,41,23,9040,9040,41,2020-09-27,0,23,0,0.0129382518427992,0
Schuyler,2020-09-28T00:00:00.000,2,43,29,9069,9069,43,2020-09-28,2,29,0.0689655172413793,0.013366962599547,2.46591215203527
Schuyler,2020-09-29T00:00:00.000,0,43,86,9155,9155,43,2020-09-29,0,86,0,0.0138069018084418,0
Schuyler,2020-09-30T00:00:00.000,4,47,141,9296,9296,47,2020-09-30,4,141,0.0283687943262411,0.014257887511768,4.95410957079282
Schuyler,2020-10-01T00:00:00.000,2,49,110,9406,9406,49,2020-10-01,2,110,0.0181818181818182,0.0147197070869416,2.48073862314182
Schuyler,2020-10-02T00:00:00.000,0,49,89,9495,9495,49,2020-10-02,0,89,0,0.0151921183525407,0
Schuyler,2020-10-03T00:00:00.000,2,51,103,9598,9598,51,2020-10-03,2,103,0.0194174757281553,0.0156748510359278,2.48442051265729
Schuyler,2020-10-04T00:00:00.000,6,57,84,9682,9682,57,2020-10-04,6,84,0.0714285714285714,0.0161676086033967,7.45342478993159
Schuyler,2020-10-05T00:00:00.000,1,58,65,9747,9747,58,2020-10-05,1,65,0.0153846153846154,0.0166700704483134,1.24169291179998
Schuyler,2020-10-06T00:00:00.000,1,59,93,9840,9840,59,2020-10-06,1,93,0.010752688172043,0.0171818944271176,1.24059760031123
Schuyler,2020-10-07T00:00:00.000,3,62,178,10018,10018,62,2020-10-07,3,178,0.0168539325842697,0.0177027197273634,3.71692400277564
Schuyler,2020-10-08T00:00:00.000,4,66,139,10157,10157,66,2020-10-08,4,139,0.0287769784172662,0.018232170046397,4.94739616245734
Schuyler,2020-10-09T00:00:00.000,0,66,205,10362,10362,66,2020-10-09,0,205,0,0.0187698570538965,0
Schuyler,2020-10-10T00:00:00.000,1,67,175,10537,10537,67,2020-10-10,1,175,0.00571428571428571,0.0193153841064228,1.23095035628437
Schuyler,2020-10-11T00:00:00.000,5,72,97,10634,10634,72,2020-10-11,5,97,0.0515463917525773,0.0198683501775591,6.1368398623981
Schuyler,2020-10-12T00:00:00.000,4,76,68,10702,10702,76,2020-10-12,4,68,0.0588235294117647,0.0204283539631055,4.89364133092192
Schuyler,2020-10-13T00:00:00.000,3,79,91,10793,10793,79,2020-10-13,3,91,0.032967032967033,0.0209949981174337,3.65731835634317
Schuyler,2020-10-14T00:00:00.000,3,82,146,10939,10939,82,2020-10-14,3,146,0.0205479452054795,0.021567893574349,3.64655980106013
Schuyler,2020-10-15T00:00:00.000,3,85,169,11108,11108,85,2020-10-15,3,169,0.0177514792899408,0.0221466639039002,3.63755661204079
Schuyler,2020-10-16T00:00:00.000,1,86,169,11277,11277,86,2020-10-16,1,169,0.00591715976331361,0.0227309496554002,1.21153493580985
Schuyler,2020-10-17T00:00:00.000,2,88,140,11417,11417,88,2020-10-17,2,140,0.0142857142857143,0.0233204126366007,2.42188361937268
Schuyler,2020-10-18T00:00:00.000,5,93,100,11517,11517,93,2020-10-18,5,100,0.05,0.0239147400793902,6.05207572785257
Schuyler,2020-10-19T00:00:00.000,7,100,61,11578,11578,100,2020-10-19,7,61,0.114754098360656,0.0245136486435464,8.47584080160577
Schuyler,2020-10-20T00:00:00.000,4,104,178,11756,11756,104,2020-10-20,4,178,0.0224719101123595,0.0251168882119893,4.85000084479877
Schuyler,2020-10-21T00:00:00.000,5,109,141,11897,11897,109,2020-10-21,5,141,0.0354609929078014,0.0257242454333968,6.07000058816413
Schuyler,2020-10-22T00:00:00.000,2,111,156,12053,12053,111,2020-10-22,2,156,0.0128205128205128,0.0263355469710481,2.4316286699681
Schuyler,2020-10-23T00:00:00.000,4,115,164,12217,12217,115,2020-10-23,4,164,0.024390243902439,0.026950662420128,4.86843143220346
Schuyler,2020-10-24T00:00:00.000,1,116,220,12437,12437,116,2020-10-24,1,220,0.00454545454545455,0.0275695068593252,1.21787504881509
Schuyler,2020-10-25T00:00:00.000,3,119,56,12493,12493,119,2020-10-25,3,56,0.0535714285714286,0.0281920430064167,3.65434220690006
Schuyler,2020-10-26T00:00:00.000,5,124,109,12602,12602,124,2020-10-26,5,109,0.0458715596330275,0.0288182829511842,6.0891343704153
Schuyler,2020-10-27T00:00:00.000,2,126,196,12798,12798,126,2020-10-27,2,196,0.0102040816326531,0.0294482894428716,2.43403832729305
Schuyler,2020-10-28T00:00:00.000,9,135,165,12963,12963,135,2020-10-28,9,165,0.0545454545454545,0.0300821767125956,10.9413025902149
Schuyler,2020-10-29T00:00:00.000,4,139,164,13127,13127,139,2020-10-29,4,164,0.024390243902439,0.0307201108143954,4.85553244892263
Schuyler,2020-10-30T00:00:00.000,8,147,148,13275,13275,147,2020-10-30,8,148,0.0540540540540541,0.0313623094709972,9.69267074359362
Schuyler,2020-10-31T00:00:00.000,2,149,208,13483,13483,149,2020-10-31,2,208,0.00961538461538462,0.0320090414125693,2.41764362628736
Schuyler,2020-11-01T00:00:00.000,6,155,48,13531,13531,155,2020-11-01,6,48,0.125,0.032660625197916,7.2337154065852
Schuyler,2020-11-02T00:00:00.000,4,159,60,13591,13591,159,2020-11-02,4,60,0.0666666666666667,0.0333174275083633,4.80800366032104
Schuyler,2020-11-03T00:00:00.000,5,164,191,13782,13782,164,2020-11-03,5,191,0.0261780104712042,0.033979860904345,5.98996973923282
Schuyler,2020-11-04T00:00:00.000,2,166,131,13913,13913,166,2020-11-04,2,131,0.0152671755725191,0.0346483810338127,2.38725474019
Schuyler,2020-11-05T00:00:00.000,6,172,166,14079,14079,172,2020-11-05,6,166,0.036144578313253,0.0353234832798518,7.13359079334832
Schuyler,2020-11-06T00:00:00.000,6,178,162,14241,14241,178,2020-11-06,6,162,0.037037037037037,0.0360056988322537,7.10363426213516
Schuyler,2020-11-07T00:00:00.000,5,183,274,14515,14515,183,2020-11-07,5,274,0.0182481751824818,0.0366955901645684,5.89340849585233
Schuyler,2020-11-08T00:00:00.000,3,186,98,14613,14613,186,2020-11-08,3,98,0.0306122448979592,0.0373937458939061,3.519338959615
Schuyler,2020-11-09T00:00:00.000,10,196,104,14717,14717,196,2020-11-09,10,104,0.0961538461538462,0.0381007749961299,11.6770576721033
Schuyler,2020-11-10T00:00:00.000,4,200,179,14896,14896,200,2020-11-10,4,179,0.0223463687150838,0.0388173003435419,4.65734281158376
Schuyler,2020-11-11T00:00:00.000,8,208,127,15023,15023,208,2020-11-11,8,127,0.062992125984252,0.0395439515264545,9.29628999477267
Schuyler,2020-11-12T00:00:00.000,2,210,188,15211,15211,210,2020-11-12,2,188,0.0106382978723404,0.0402813569136338,2.3272732819614
Schuyler,2020-11-13T00:00:00.000,8,218,143,15354,15354,218,2020-11-13,8,143,0.0559440559440559,0.041030134900222,9.32202332372306
Schuyler,2020-11-14T00:00:00.000,10,228,72,15426,15426,228,2020-11-14,10,72,0.138888888888889,0.041790884285298,11.6687373604977
Schuyler,2020-11-15T00:00:00.000,3,231,162,15588,15588,231,2020-11-15,3,162,0.0185185185185185,0.0425641737148239,3.50546662038879
Schuyler,2020-11-16T00:00:00.000,6,237,87,15675,15675,237,2020-11-16,6,87,0.0689655172413793,0.0433505301199626,7.02053876039015
Schuyler,2020-11-17T00:00:00.000,1,238,127,15802,15802,238,2020-11-17,1,127,0.0078740157480315,0.0441504260756186,1.17166987090753
Schuyler,2020-11-18T00:00:00.000,9,247,193,15995,15995,247,2020-11-18,9,193,0.0466321243523316,0.0449642659999983,10.5590211058332
Seneca,2020-03-01T00:00:00.000,0,0,0,0,0,0,2020-03-01,0,0,0,0.00150131104793812,0
Seneca,2020-03-02T00:00:00.000,0,0,0,0,0,0,2020-03-02,0,0,0,0.00174486057431158,0
Seneca,2020-03-03T00:00:00.000,0,0,0,0,0,0,2020-03-03,0,0,0,0.00202778567478035,0
Seneca,2020-03-04T00:00:00.000,0,0,0,0,0,0,2020-03-04,0,0,0,0.00235631070929752,0
Seneca,2020-03-05T00:00:00.000,0,0,0,0,0,0,2020-03-05,0,0,0,0.00273754227946902,0
Seneca,2020-03-06T00:00:00.000,0,0,0,0,0,0,2020-03-06,0,0,0,0.00317955701021435,0
Seneca,2020-03-07T00:00:00.000,0,0,0,0,0,0,2020-03-07,0,0,0,0.00369148612710233,0
Seneca,2020-03-08T00:00:00.000,0,0,0,0,0,0,2020-03-08,0,0,0,0.00428359217000777,0
Seneca,2020-03-09T00:00:00.000,0,0,0,0,0,0,2020-03-09,0,0,0,0.00496733185734267,0
Seneca,2020-03-10T00:00:00.000,0,0,0,0,0,0,2020-03-10,0,0,0,0.00575539765052898,0
Seneca,2020-03-11T00:00:00.000,0,0,0,0,0,0,2020-03-11,0,0,0,0.00666172902751328,0
Seneca,2020-03-12T00:00:00.000,0,0,0,0,0,0,2020-03-12,0,0,0,0.00770148295286182,0
Seneca,2020-03-13T00:00:00.000,0,0,0,0,0,0,2020-03-13,0,0,0,0.00889095167190331,0
Seneca,2020-03-14T00:00:00.000,0,0,0,0,0,0,2020-03-14,0,0,0,0.010247414946961,0
Seneca,2020-03-15T00:00:00.000,0,0,1,1,1,0,2020-03-15,0,1,0,0.0117889134316691,0
Seneca,2020-03-16T00:00:00.000,0,0,1,2,2,0,2020-03-16,0,1,0,0.0135339303265693,0
Seneca,2020-03-17T00:00:00.000,0,0,1,3,3,0,2020-03-17,0,1,0,0.0155009700748759,0
Seneca,2020-03-18T00:00:00.000,0,0,2,5,5,0,2020-03-18,0,2,0,0.0177080259431003,0
Seneca,2020-03-19T00:00:00.000,0,0,2,7,7,0,2020-03-19,0,2,0,0.0201719331260056,0
Seneca,2020-03-20T00:00:00.000,0,0,6,13,13,0,2020-03-20,0,6,0,0.0229076106608311,0
Seneca,2020-03-21T00:00:00.000,0,0,3,16,16,0,2020-03-21,0,3,0,0.0259272038837513,0
Seneca,2020-03-22T00:00:00.000,0,0,4,20,20,0,2020-03-22,0,4,0,0.0292391491333844,0
Seneca,2020-03-23T00:00:00.000,0,0,11,31,31,0,2020-03-23,0,11,0,0.0328471933183702,0
Seneca,2020-03-24T00:00:00.000,0,0,0,31,31,0,2020-03-24,0,0,0,0.0367494119314158,0
Seneca,2020-03-25T00:00:00.000,0,0,6,37,37,0,2020-03-25,0,6,0,0.040937278935788,0
Seneca,2020-03-26T00:00:00.000,0,0,11,48,48,0,2020-03-26,0,11,0,0.0453948493184034,0
Seneca,2020-03-27T00:00:00.000,0,0,16,64,64,0,2020-03-27,0,16,0,0.0500981186228281,0
Seneca,2020-03-28T00:00:00.000,0,0,4,68,68,0,2020-03-28,0,4,0,0.0550146222706508,0
Seneca,2020-03-29T00:00:00.000,0,0,5,73,73,0,2020-03-29,0,5,0,0.060103330209788,0
Seneca,2020-03-30T00:00:00.000,2,2,7,80,80,2,2020-03-30,2,7,0.285714285714286,0.0653148793159667,2.15700421646893
Seneca,2020-03-31T00:00:00.000,0,2,1,81,81,2,2020-03-31,0,1,0,0.0705921677005184,0
Seneca,2020-04-01T00:00:00.000,2,4,14,95,95,4,2020-04-01,2,14,0.142857142857143,0.075871313124571,2.18798300043895
Seneca,2020-04-02T00:00:00.000,2,6,13,108,108,6,2020-04-02,2,13,0.153846153846154,0.0810829541789336,2.20644148954841
Seneca,2020-04-03T00:00:00.000,0,6,7,115,115,6,2020-04-03,0,7,0,0.0861538501957006,0
Seneca,2020-04-04T00:00:00.000,3,9,15,130,130,9,2020-04-04,3,15,0.2,0.0910087163850466,3.356665414287
Seneca,2020-04-05T00:00:00.000,0,9,11,141,141,9,2020-04-05,0,11,0,0.0955722163902286,0
Seneca,2020-04-06T00:00:00.000,1,10,8,149,149,10,2020-04-06,1,8,0.125,0.0997710265096569,1.13080653057321
Seneca,2020-04-07T00:00:00.000,2,12,14,163,163,12,2020-04-07,2,14,0.142857142857143,0.103535884514917,2.27113208312903
Seneca,2020-04-08T00:00:00.000,3,15,20,183,183,15,2020-04-08,3,20,0.15,0.106803540684284,3.41910944763503
Seneca,2020-04-09T00:00:00.000,0,15,8,191,191,15,2020-04-09,0,8,0,0.109518538028338,0
Seneca,2020-04-10T00:00:00.000,1,16,5,196,196,16,2020-04-10,1,5,0.2,0.111634760968127,1.15054279061255
Seneca,2020-04-11T00:00:00.000,0,16,3,199,199,16,2020-04-11,0,3,0,0.113116705183317,0
Seneca,2020-04-12T00:00:00.000,0,16,1,200,200,16,2020-04-12,0,1,0,0.113940434434225,0
Seneca,2020-04-13T00:00:00.000,2,18,33,233,233,18,2020-04-13,2,33,0.0606060606060606,0.114094201942133,2.31945595117856
Seneca,2020-04-14T00:00:00.000,0,18,1,234,234,18,2020-04-14,0,1,0,0.11357872395714,0
Seneca,2020-04-15T00:00:00.000,0,18,2,236,236,18,2020-04-15,0,2,0,0.112407101708638,0
Seneca,2020-04-16T00:00:00.000,0,18,3,239,239,18,2020-04-16,0,3,0,0.110604395619003,0
Seneca,2020-04-17T00:00:00.000,0,18,2,241,241,18,2020-04-17,0,2,0,0.108206863358876,0
Seneca,2020-04-18T00:00:00.000,0,18,5,246,246,18,2020-04-18,0,5,0,0.105260881810495,0
Seneca,2020-04-19T00:00:00.000,0,18,2,248,248,18,2020-04-19,0,2,0,0.101821582793876,0
Seneca,2020-04-20T00:00:00.000,0,18,0,248,248,18,2020-04-20,0,0,0,0.0979512435300464,0
Seneca,2020-04-21T00:00:00.000,0,18,3,251,251,18,2020-04-21,0,3,0,0.0937174846736928,0
Seneca,2020-04-22T00:00:00.000,0,18,15,266,266,18,2020-04-22,0,15,0,0.0891913402608665,0
Seneca,2020-04-23T00:00:00.000,0,18,5,271,271,18,2020-04-23,0,5,0,0.0844452735655893,0
Seneca,2020-04-24T00:00:00.000,18,36,135,406,406,36,2020-04-24,18,135,0.133333333333333,0.0795512190106791,21.3806461428765
Seneca,2020-04-25T00:00:00.000,2,38,11,417,417,38,2020-04-25,2,11,0.181818181818182,0.0745787315245089,2.37664695855085
Seneca,2020-04-26T00:00:00.000,0,38,12,429,429,38,2020-04-26,0,12,0,0.0695933201350183,0
Seneca,2020-04-27T00:00:00.000,0,38,9,438,438,38,2020-04-27,0,9,0,0.0646550320150925,0
Seneca,2020-04-28T00:00:00.000,0,38,13,451,451,38,2020-04-28,0,13,0,0.0598173373002565,0
Seneca,2020-04-29T00:00:00.000,1,39,24,475,475,39,2020-04-29,1,24,0.0416666666666667,0.0551263452823501,1.18484722665052
Seneca,2020-04-30T00:00:00.000,2,41,22,497,497,41,2020-04-30,2,22,0.0909090909090909,0.0506203610414679,2.36524469805018
Seneca,2020-05-01T00:00:00.000,1,42,26,523,523,42,2020-05-01,1,26,0.0384615384615385,0.0463297704523889,1.1799403124774
Seneca,2020-05-02T00:00:00.000,3,45,51,574,574,45,2020-05-02,3,51,0.0588235294117647,0.0422772228889042,3.53047579752562
Seneca,2020-05-03T00:00:00.000,0,45,19,593,593,45,2020-05-03,0,19,0,0.0384780664705993,0
Seneca,2020-05-04T00:00:00.000,1,46,26,619,619,46,2020-05-04,1,26,0.0384615384615385,0.0349409813361944,1.17712604577819
Seneca,2020-05-05T00:00:00.000,0,46,20,639,639,46,2020-05-05,0,20,0,0.0316687524321375,0
Seneca,2020-05-06T00:00:00.000,0,46,24,663,663,46,2020-05-06,0,24,0,0.0286591242598294,0
Seneca,2020-05-07T00:00:00.000,0,46,19,682,682,46,2020-05-07,0,19,0,0.0259056850390145,0
Seneca,2020-05-08T00:00:00.000,2,48,46,728,728,48,2020-05-08,2,46,0.0434782608695652,0.0233987356208037,2.33184298697318
Seneca,2020-05-09T00:00:00.000,1,49,42,770,770,49,2020-05-09,1,42,0.0238095238095238,0.0211261079724524,1.16007934233564
Seneca,2020-05-10T00:00:00.000,0,49,41,811,811,49,2020-05-10,0,41,0,0.0190739080021831,0
Seneca,2020-05-11T00:00:00.000,0,49,25,836,836,49,2020-05-11,0,25,0,0.0172271669616042,0
Seneca,2020-05-12T00:00:00.000,0,49,49,885,885,49,2020-05-12,0,49,0,0.0155703939977191,0
Seneca,2020-05-13T00:00:00.000,0,49,40,925,925,49,2020-05-13,0,40,0,0.0140880292473124,0
Seneca,2020-05-14T00:00:00.000,0,49,30,955,955,49,2020-05-14,0,30,0,0.012764802035405,0
Seneca,2020-05-15T00:00:00.000,1,50,29,984,984,50,2020-05-15,1,29,0.0344827586206897,0.0115860023075259,1.14375446253346
Seneca,2020-05-16T00:00:00.000,1,51,48,1032,1032,51,2020-05-16,1,48,0.0208333333333333,0.0105376755725332,1.14424921968382
Seneca,2020-05-17T00:00:00.000,0,51,122,1154,1154,51,2020-05-17,0,122,0,0.0096067526024906,0
Seneca,2020-05-18T00:00:00.000,0,51,65,1219,1219,51,2020-05-18,0,65,0,0.00878112520308,0
Seneca,2020-05-19T00:00:00.000,1,52,50,1269,1269,52,2020-05-19,1,50,0.02,0.00804967878837321,1.15096862248217
Seneca,2020-05-20T00:00:00.000,0,52,79,1348,1348,52,2020-05-20,0,79,0,0.00740229150176823,0
Seneca,2020-05-21T00:00:00.000,2,54,54,1402,1402,54,2020-05-21,2,54,0.037037037037037,0.00682980840434028,2.31775157189789
Seneca,2020-05-22T00:00:00.000,0,54,51,1453,1453,54,2020-05-22,0,51,0,0.00632399795046384,0
Seneca,2020-05-23T00:00:00.000,1,55,103,1556,1556,55,2020-05-23,1,103,0.00970873786407767,0.00587749669047707,1.15984738599801
Seneca,2020-05-24T00:00:00.000,0,55,56,1612,1612,55,2020-05-24,0,56,0,0.00548374694905268,0
Seneca,2020-05-25T00:00:00.000,0,55,86,1698,1698,55,2020-05-25,0,86,0,0.00513693116686427,0
Seneca,2020-05-26T00:00:00.000,0,55,50,1748,1748,55,2020-05-26,0,50,0,0.00483190567779595,0
Seneca,2020-05-27T00:00:00.000,1,56,77,1825,1825,56,2020-05-27,1,77,0.012987012987013,0.00456413592924252,1.14522592412652
Seneca,2020-05-28T00:00:00.000,1,57,140,1965,1965,57,2020-05-28,1,140,0.00714285714285714,0.0043296345293058,1.13993596074945
Seneca,2020-05-29T00:00:00.000,1,58,68,2033,2033,58,2020-05-29,1,68,0.0147058823529412,0.00412490300973227,1.13412860910868
Seneca,2020-05-30T00:00:00.000,0,58,138,2171,2171,58,2020-05-30,0,138,0,0.00394687781007199,0
Seneca,2020-05-31T00:00:00.000,1,59,81,2252,2252,59,2020-05-31,1,81,0.0123456790123457,0.00379288069977006,1.12153653813363
Seneca,2020-06-01T00:00:00.000,0,59,60,2312,2312,59,2020-06-01,0,60,0,0.0036605736437516,0
Seneca,2020-06-02T00:00:00.000,1,60,157,2469,2469,60,2020-06-02,1,157,0.00636942675159236,0.00354791796897822,1.11491114555378
Seneca,2020-06-03T00:00:00.000,0,60,106,2575,2575,60,2020-06-03,0,106,0,0.00345313759055155,0
Seneca,2020-06-04T00:00:00.000,1,61,141,2716,2716,61,2020-06-04,1,141,0.00709219858156028,0.00337468599522659,1.10735941993467
Seneca,2020-06-05T00:00:00.000,0,61,165,2881,2881,61,2020-06-05,0,165,0,0.00331121664878008,0
Seneca,2020-06-06T00:00:00.000,0,61,162,3043,3043,61,2020-06-06,0,162,0,0.00326155648350404,0
Seneca,2020-06-07T00:00:00.000,0,61,118,3161,3161,61,2020-06-07,0,118,0,0.0032246821276901,0
Seneca,2020-06-08T00:00:00.000,0,61,91,3252,3252,61,2020-06-08,0,91,0,0.00319969855582999,0
Seneca,2020-06-09T00:00:00.000,0,61,98,3350,3350,61,2020-06-09,0,98,0,0.0031858198628959,0
Seneca,2020-06-10T00:00:00.000,1,62,198,3548,3548,62,2020-06-10,1,198,0.00505050505050505,0.0031823518957212,1.09935530792597
Seneca,2020-06-11T00:00:00.000,1,63,198,3746,3746,63,2020-06-11,1,198,0.00505050505050505,0.00318867650765913,1.10254167521268
Seneca,2020-06-12T00:00:00.000,0,63,86,3832,3832,63,2020-06-12,0,86,0,0.00320423723769515,0
Seneca,2020-06-13T00:00:00.000,0,63,127,3959,3959,63,2020-06-13,0,127,0,0.00322852625089176,0
Seneca,2020-06-14T00:00:00.000,1,64,103,4062,4062,64,2020-06-14,1,103,0.00970873786407767,0.00326107241274244,1.11161772849635
Seneca,2020-06-15T00:00:00.000,0,64,105,4167,4167,64,2020-06-15,0,105,0,0.00330143040470906,0
Seneca,2020-06-16T00:00:00.000,0,64,81,4248,4248,64,2020-06-16,0,81,0,0.00334917082134517,0
Seneca,2020-06-17T00:00:00.000,0,64,34,4282,4282,64,2020-06-17,0,34,0,0.00340387122001946,0
Seneca,2020-06-18T00:00:00.000,0,64,80,4362,4362,64,2020-06-18,0,80,0,0.00346510812158057,0
Seneca,2020-06-19T00:00:00.000,0,64,80,4442,4442,64,2020-06-19,0,80,0,0.00353244998363109,0
Seneca,2020-06-20T00:00:00.000,0,64,123,4565,4565,64,2020-06-20,0,123,0,0.00360545118628836,0
Seneca,2020-06-21T00:00:00.000,0,64,80,4645,4645,64,2020-06-21,0,80,0,0.00368364708286052,0
Seneca,2020-06-22T00:00:00.000,0,64,78,4723,4723,64,2020-06-22,0,78,0,0.00376655017387943,0
Seneca,2020-06-23T00:00:00.000,0,64,62,4785,4785,64,2020-06-23,0,62,0,0.00385364746198758,0
Seneca,2020-06-24T00:00:00.000,2,66,61,4846,4846,66,2020-06-24,2,61,0.0327868852459016,0.00394439903679202,2.26334792328803
Seneca,2020-06-25T00:00:00.000,3,69,89,4935,4935,69,2020-06-25,3,89,0.0337078651685393,0.00403823792366333,3.39741141176193
Seneca,2020-06-26T00:00:00.000,0,69,82,5017,5017,69,2020-06-26,0,82,0,0.004134571207835,0
Seneca,2020-06-27T00:00:00.000,0,69,93,5110,5110,69,2020-06-27,0,93,0,0.00423278241746313,0
Seneca,2020-06-28T00:00:00.000,0,69,118,5228,5228,69,2020-06-28,0,118,0,0.00433223511639929,0
Seneca,2020-06-29T00:00:00.000,0,69,60,5288,5288,69,2020-06-29,0,60,0,0.00443227762180543,0
Seneca,2020-06-30T00:00:00.000,1,70,109,5397,5397,70,2020-06-30,1,109,0.00917431192660551,0.00453224872523902,1.13224660417404
Seneca,2020-07-01T00:00:00.000,0,70,44,5441,5441,70,2020-07-01,0,44,0,0.00463148426025022,0
Seneca,2020-07-02T00:00:00.000,0,70,47,5488,5488,70,2020-07-02,0,47,0,0.00472932432750553,0
Seneca,2020-07-03T00:00:00.000,0,70,98,5586,5586,70,2020-07-03,0,98,0,0.00482512096205194,0
Seneca,2020-07-04T00:00:00.000,1,71,42,5628,5628,71,2020-07-04,1,42,0.0238095238095238,0.00491824600788573,1.1266473612906
Seneca,2020-07-05T00:00:00.000,0,71,60,5688,5688,71,2020-07-05,0,60,0,0.00500809895494699,0
Seneca,2020-07-06T00:00:00.000,0,71,82,5770,5770,71,2020-07-06,0,82,0,0.00509411449293332,0
Seneca,2020-07-07T00:00:00.000,0,71,105,5875,5875,71,2020-07-07,0,105,0,0.00517576954594908,0
Seneca,2020-07-08T00:00:00.000,2,73,115,5990,5990,73,2020-07-08,2,115,0.0173913043478261,0.00525258957153198,2.24093002974752
Seneca,2020-07-09T00:00:00.000,0,73,85,6075,6075,73,2020-07-09,0,85,0,0.00532415393576796,0
Seneca,2020-07-10T00:00:00.000,1,74,176,6251,6251,74,2020-07-10,1,176,0.00568181818181818,0.0053901002122539,1.11728732413483
Seneca,2020-07-11T00:00:00.000,0,74,110,6361,6361,74,2020-07-11,0,110,0,0.00545012729399758,0
Seneca,2020-07-12T00:00:00.000,0,74,84,6445,6445,74,2020-07-12,0,84,0,0.00550399725210507,0
Seneca,2020-07-13T00:00:00.000,0,74,104,6549,6549,74,2020-07-13,0,104,0,0.00555153592132891,0
Seneca,2020-07-14T00:00:00.000,2,76,139,6688,6688,76,2020-07-14,2,139,0.0143884892086331,0.00559263223688318,2.21559154401641
Seneca,2020-07-15T00:00:00.000,0,76,116,6804,6804,76,2020-07-15,0,116,0,0.00562723638885995,0
Seneca,2020-07-16T00:00:00.000,1,77,109,6913,6913,77,2020-07-16,1,109,0.00917431192660551,0.00565535689660274,1.10180645090431
Seneca,2020-07-17T00:00:00.000,1,78,108,7021,7021,78,2020-07-17,1,108,0.00925925925925926,0.00567705673563213,1.10010394994889
Seneca,2020-07-18T00:00:00.000,2,80,89,7110,7110,80,2020-07-18,2,89,0.0224719101123595,0.00569244867223337,2.20254031372436
Seneca,2020-07-19T00:00:00.000,0,80,79,7189,7189,80,2020-07-19,0,79,0,0.00570168997576635,0
Seneca,2020-07-20T00:00:00.000,0,80,79,7268,7268,80,2020-07-20,0,79,0,0.00570497668579781,0
Seneca,2020-07-21T00:00:00.000,0,80,70,7338,7338,80,2020-07-21,0,70,0,0.00570253761134301,0
Seneca,2020-07-22T00:00:00.000,0,80,145,7483,7483,80,2020-07-22,0,145,0,0.00569462823236844,0
Seneca,2020-07-23T00:00:00.000,3,83,145,7628,7628,83,2020-07-23,3,145,0.0206896551724138,0.00568152466221483,3.29348432729669
Seneca,2020-07-24T00:00:00.000,0,83,173,7801,7801,83,2020-07-24,0,173,0,0.00566351781265078,0
Seneca,2020-07-25T00:00:00.000,0,83,145,7946,7946,83,2020-07-25,0,145,0,0.00564090788405849,0
Seneca,2020-07-26T00:00:00.000,0,83,48,7994,7994,83,2020-07-26,0,48,0,0.00561399928179428,0
Seneca,2020-07-27T00:00:00.000,1,84,36,8030,8030,84,2020-07-27,1,36,0.0277777777777778,0.00558309603748681,1.10225507594508
Seneca,2020-07-28T00:00:00.000,0,84,68,8098,8098,84,2020-07-28,0,68,0,0.00554849779211382,0
Seneca,2020-07-29T00:00:00.000,0,84,102,8200,8200,84,2020-07-29,0,102,0,0.00551049637682829,0
Seneca,2020-07-30T00:00:00.000,0,84,137,8337,8337,84,2020-07-30,0,137,0,0.00546937300774355,0
Seneca,2020-07-31T00:00:00.000,1,85,124,8461,8461,85,2020-07-31,1,124,0.00806451612903226,0.00542539609407909,1.09467973647908
Seneca,2020-08-01T00:00:00.000,1,86,77,8538,8538,86,2020-08-01,1,77,0.012987012987013,0.00537881964349049,1.09363663305087
Seneca,2020-08-02T00:00:00.000,0,86,43,8581,8581,86,2020-08-02,0,43,0,0.00532988223609623,0
Seneca,2020-08-03T00:00:00.000,0,86,101,8682,8682,86,2020-08-03,0,101,0,0.00527880652841748,0
Seneca,2020-08-04T00:00:00.000,0,86,55,8737,8737,86,2020-08-04,0,55,0,0.0052257992403501,0
Seneca,2020-08-05T00:00:00.000,0,86,135,8872,8872,86,2020-08-05,0,135,0,0.00517105157245478,0
Seneca,2020-08-06T00:00:00.000,1,87,136,9008,9008,87,2020-08-06,1,136,0.00735294117647059,0.00511473999708859,1.0814173324523
Seneca,2020-08-07T00:00:00.000,2,89,106,9114,9114,89,2020-08-07,2,106,0.0188679245283019,0.00505702736421342,2.16444398613326
Seneca,2020-08-08T00:00:00.000,0,89,98,9212,9212,89,2020-08-08,0,98,0,0.00499806426206614,0
Seneca,2020-08-09T00:00:00.000,1,90,38,9250,9250,90,2020-08-09,1,38,0.0263157894736842,0.00493799057329304,1.08302359687979
Seneca,2020-08-10T00:00:00.000,1,91,93,9343,9343,91,2020-08-10,1,93,0.010752688172043,0.00487693716821531,1.08296289649707
Seneca,2020-08-11T00:00:00.000,0,91,89,9432,9432,91,2020-08-11,0,89,0,0.00481502767953363,0
Seneca,2020-08-12T00:00:00.000,1,92,100,9532,9532,92,2020-08-12,1,100,0.01,0.0047523803056666,1.08125328231943
Seneca,2020-08-13T00:00:00.000,1,93,133,9665,9665,93,2020-08-13,1,133,0.0075187969924812,0.00468910959360785,1.07978389537533
Seneca,2020-08-14T00:00:00.000,0,93,83,9748,9748,93,2020-08-14,0,83,0,0.00462532815665632,0
Seneca,2020-08-15T00:00:00.000,0,93,133,9881,9881,93,2020-08-15,0,133,0,0.00456114828731265,0
Seneca,2020-08-16T00:00:00.000,1,94,85,9966,9966,94,2020-08-16,1,85,0.0117647058823529,0.00449668343071035,1.08259576883522
Seneca,2020-08-17T00:00:00.000,1,95,67,10033,10033,95,2020-08-17,1,67,0.0149253731343284,0.00443204949019922,1.08224264628659
Seneca,2020-08-18T00:00:00.000,0,95,66,10099,10099,95,2020-08-18,0,66,0,0.00436736594249617,0
Seneca,2020-08-19T00:00:00.000,0,95,107,10206,10206,95,2020-08-19,0,107,0,0.00430275674629092,0
Seneca,2020-08-20T00:00:00.000,0,95,131,10337,10337,95,2020-08-20,0,131,0,0.00423835103496027,0
Seneca,2020-08-21T00:00:00.000,0,95,143,10480,10480,95,2020-08-21,0,143,0,0.00417428359038804,0
Seneca,2020-08-22T00:00:00.000,0,95,69,10549,10549,95,2020-08-22,0,69,0,0.00411069510130783,0
Seneca,2020-08-23T00:00:00.000,0,95,84,10633,10633,95,2020-08-23,0,84,0,0.00404773221612068,0
Seneca,2020-08-24T00:00:00.000,1,96,100,10733,10733,96,2020-08-24,1,100,0.01,0.00398554740532315,1.07654365874363
Seneca,2020-08-25T00:00:00.000,2,98,59,10792,10792,98,2020-08-25,2,59,0.0338983050847458,0.0039242986542848,2.15067652183893
Seneca,2020-08-26T00:00:00.000,0,98,97,10889,10889,98,2020-08-26,0,97,0,0.00386414901116022,0
Seneca,2020-08-27T00:00:00.000,0,98,167,11056,11056,98,2020-08-27,0,167,0,0.00380526601840363,0
Seneca,2020-08-28T00:00:00.000,0,98,137,11193,11193,98,2020-08-28,0,137,0,0.00374782105869427,0
Seneca,2020-08-29T00:00:00.000,2,100,111,11304,11304,100,2020-08-29,2,111,0.018018018018018,0.00369198864783653,2.1426523920749
Seneca,2020-08-30T00:00:00.000,0,100,61,11365,11365,100,2020-08-30,0,61,0,0.0036379457072975,0
Seneca,2020-08-31T00:00:00.000,0,100,48,11413,11413,100,2020-08-31,0,48,0,0.00358587084877148,0
Seneca,2020-09-01T00:00:00.000,0,100,61,11474,11474,100,2020-09-01,0,61,0,0.0035359437014092,0
Seneca,2020-09-02T00:00:00.000,1,101,80,11554,11554,101,2020-09-02,1,80,0.0125,0.00348834431005206,1.07568311520319
Seneca,2020-09-03T00:00:00.000,1,102,122,11676,11676,102,2020-09-03,1,122,0.00819672131147541,0.00344325262953859,1.07662774951832
Seneca,2020-09-04T00:00:00.000,0,102,121,11797,11797,102,2020-09-04,0,121,0,0.00340084813658861,0
Seneca,2020-09-05T00:00:00.000,0,102,175,11972,11972,102,2020-09-05,0,175,0,0.00336130957646593,0
Seneca,2020-09-06T00:00:00.000,0,102,30,12002,12002,102,2020-09-06,0,30,0,0.00332481485735874,0
Seneca,2020-09-07T00:00:00.000,0,102,38,12040,12040,102,2020-09-07,0,38,0,0.00329154110085028,0
Seneca,2020-09-08T00:00:00.000,0,102,76,12116,12116,102,2020-09-08,0,76,0,0.00326166485260795,0
Seneca,2020-09-09T00:00:00.000,1,103,72,12188,12188,103,2020-09-09,1,72,0.0138888888888889,0.00323536245301982,1.0797955888211
Seneca,2020-09-10T00:00:00.000,0,103,79,12267,12267,103,2020-09-10,0,79,0,0.00321281056388955,0
Seneca,2020-09-11T00:00:00.000,1,104,196,12463,12463,104,2020-09-11,1,196,0.00510204081632653,0.0031941868435887,1.08085358739766
Seneca,2020-09-12T00:00:00.000,0,104,79,12542,12542,104,2020-09-12,0,79,0,0.0031796707601459,0
Seneca,2020-09-13T00:00:00.000,0,104,104,12646,12646,104,2020-09-13,0,104,0,0.00316944452901643,0
Seneca,2020-09-14T00:00:00.000,0,104,89,12735,12735,104,2020-09-14,0,89,0,0.00316369416022122,0
Seneca,2020-09-15T00:00:00.000,0,104,128,12863,12863,104,2020-09-15,0,128,0,0.00316261059758991,0
Seneca,2020-09-16T00:00:00.000,0,104,104,12967,12967,104,2020-09-16,0,104,0,0.00316639093151078,0
Seneca,2020-09-17T00:00:00.000,1,105,152,13119,13119,105,2020-09-17,1,152,0.00657894736842105,0.0031752396653547,1.08870129199738
Seneca,2020-09-18T00:00:00.000,0,105,204,13323,13323,105,2020-09-18,0,204,0,0.00318937001472174,0
Seneca,2020-09-19T00:00:00.000,0,105,97,13420,13420,105,2020-09-19,0,97,0,0.00320900521796537,0
Seneca,2020-09-20T00:00:00.000,0,105,64,13484,13484,105,2020-09-20,0,64,0,0.0032343798353777,0
Seneca,2020-09-21T00:00:00.000,0,105,129,13613,13613,105,2020-09-21,0,129,0,0.00326574101402859,0
Seneca,2020-09-22T00:00:00.000,0,105,88,13701,13701,105,2020-09-22,0,88,0,0.00330334969403212,0
Seneca,2020-09-23T00:00:00.000,0,105,134,13835,13835,105,2020-09-23,0,134,0,0.00334748173143829,0
Seneca,2020-09-24T00:00:00.000,1,106,203,14038,14038,106,2020-09-24,1,203,0.00492610837438424,0.00339842891193883,1.07593660801771
Seneca,2020-09-25T00:00:00.000,0,106,168,14206,14206,106,2020-09-25,0,168,0,0.00345649982851732,0
Seneca,2020-09-26T00:00:00.000,0,106,84,14290,14290,106,2020-09-26,0,84,0,0.00352202059547434,0
Seneca,2020-09-27T00:00:00.000,0,106,122,14412,14412,106,2020-09-27,0,122,0,0.0035953353703229,0
Seneca,2020-09-28T00:00:00.000,1,107,41,14453,14453,107,2020-09-28,1,41,0.024390243902439,0.00367680665450809,1.08365592820965
Seneca,2020-09-29T00:00:00.000,0,107,148,14601,14601,107,2020-09-29,0,148,0,0.00376681534388439,0
Seneca,2020-09-30T00:00:00.000,1,108,151,14752,14752,108,2020-09-30,1,151,0.00662251655629139,0.00386576050008714,1.08698510357316
Seneca,2020-10-01T00:00:00.000,2,110,128,14880,14880,110,2020-10-01,2,128,0.015625,0.00397405881524939,2.17627874548613
Seneca,2020-10-02T00:00:00.000,0,110,206,15086,15086,110,2020-10-02,0,206,0,0.00409214374461138,0
Seneca,2020-10-03T00:00:00.000,0,110,99,15185,15185,110,2020-10-03,0,99,0,0.00422046428473267,0
Seneca,2020-10-04T00:00:00.000,1,111,99,15284,15284,111,2020-10-04,1,99,0.0101010101010101,0.00435948337984221,1.08964127836333
Seneca,2020-10-05T00:00:00.000,1,112,126,15410,15410,112,2020-10-05,1,126,0.00793650793650794,0.00450967594504157,1.08951946094931
Seneca,2020-10-06T00:00:00.000,0,112,119,15529,15529,112,2020-10-06,0,119,0,0.00467152650298872,0
Seneca,2020-10-07T00:00:00.000,2,114,110,15639,15639,114,2020-10-07,2,110,0.0181818181818182,0.00484552644050161,2.17682000440762
Seneca,2020-10-08T00:00:00.000,0,114,109,15748,15748,114,2020-10-08,0,109,0,0.00503217090310532,0
Seneca,2020-10-09T00:00:00.000,1,115,188,15936,15936,115,2020-10-09,1,188,0.00531914893617021,0.00523195535884406,1.08612762448283
Seneca,2020-10-10T00:00:00.000,4,119,151,16087,16087,119,2020-10-10,4,151,0.0264900662251656,0.00544537187766006,4.33823375520278
Seneca,2020-10-11T00:00:00.000,1,120,93,16180,16180,120,2020-10-11,1,93,0.010752688172043,0.00567290518862112,1.0827773398311
Seneca,2020-10-12T00:00:00.000,0,120,97,16277,16277,120,2020-10-12,0,97,0,0.0059150285944456,0
Seneca,2020-10-13T00:00:00.000,2,122,87,16364,16364,122,2020-10-13,2,87,0.0229885057471264,0.00617219983957081,2.15726710192419
Seneca,2020-10-14T00:00:00.000,2,124,260,16624,16624,124,2020-10-14,2,260,0.00769230769230769,0.00644485704487022,2.15443123422005
Seneca,2020-10-15T00:00:00.000,1,125,150,16774,16774,125,2020-10-15,1,150,0.00666666666666667,0.00673341483705289,1.07641864574576
Seneca,2020-10-16T00:00:00.000,1,126,237,17011,17011,126,2020-10-16,1,237,0.00421940928270042,0.00703826081387366,1.07750853665677
Seneca,2020-10-17T00:00:00.000,1,127,117,17128,17128,127,2020-10-17,1,117,0.00854700854700855,0.00735975249572604,1.07903609367757
Seneca,2020-10-18T00:00:00.000,1,128,137,17265,17265,128,2020-10-18,1,137,0.0072992700729927,0.00769821491956125,1.08070406714716
Seneca,2020-10-19T00:00:00.000,0,128,129,17394,17394,128,2020-10-19,0,129,0,0.00805393903161712,0
Seneca,2020-10-20T00:00:00.000,3,131,133,17527,17527,131,2020-10-20,3,133,0.0225563909774436,0.00842718102947062,3.26117967312928
Seneca,2020-10-21T00:00:00.000,4,135,299,17826,17826,135,2020-10-21,4,299,0.0133779264214047,0.00881816279243715,4.36297040326026
Seneca,2020-10-22T00:00:00.000,4,139,170,17996,17996,139,2020-10-22,4,170,0.0235294117647059,0.00922707352058438,4.37904506692983
Seneca,2020-10-23T00:00:00.000,1,140,329,18325,18325,140,2020-10-23,1,329,0.00303951367781155,0.00965407267753179,1.09835613040373
Seneca,2020-10-24T00:00:00.000,0,140,324,18649,18649,140,2020-10-24,0,324,0,0.0100992943011878,0
Seneca,2020-10-25T00:00:00.000,0,140,86,18735,18735,140,2020-10-25,0,86,0,0.0105628527093324,0
Seneca,2020-10-26T00:00:00.000,2,142,562,19297,19297,142,2020-10-26,2,562,0.00355871886120996,0.0110448495867829,2.21291493388232
Seneca,2020-10-27T00:00:00.000,1,143,205,19502,19502,143,2020-10-27,1,205,0.0048780487804878,0.011545382395384,1.10823596943448
Seneca,2020-10-28T00:00:00.000,4,147,267,19769,19769,147,2020-10-28,4,267,0.0149812734082397,0.0120645540040359,4.4381983967843
Seneca,2020-10-29T00:00:00.000,1,148,359,20128,20128,148,2020-10-29,1,359,0.00278551532033426,0.0126024833886715,1.11040192254483
Seneca,2020-10-30T00:00:00.000,0,148,251,20379,20379,148,2020-10-30,0,251,0,0.0131593172098602,0
Seneca,2020-10-31T00:00:00.000,1,149,128,20507,20507,149,2020-10-31,1,128,0.0078125,0.0137352420333074,1.11075596215287
Seneca,2020-11-01T00:00:00.000,3,152,98,20605,20605,152,2020-11-01,3,98,0.0306122448979592,0.0143304969238001,3.33085017745953
Seneca,2020-11-02T00:00:00.000,2,154,162,20767,20767,154,2020-11-02,2,162,0.0123456790123457,0.0149453861103074,2.21880104502182
Seneca,2020-11-03T00:00:00.000,1,155,97,20864,20864,155,2020-11-03,1,97,0.0103092783505155,0.0155802913953249,1.10812823796664
Seneca,2020-11-04T00:00:00.000,8,163,250,21114,21114,163,2020-11-04,8,250,0.032,0.0162356839606187,8.85192080713776
Seneca,2020-11-05T00:00:00.000,4,167,113,21227,21227,167,2020-11-05,4,113,0.0353982300884956,0.016912135205692,4.41804795922009
Seneca,2020-11-06T00:00:00.000,4,171,220,21447,21447,171,2020-11-06,4,220,0.0181818181818182,0.0176103262437865,4.40888681654343
Seneca,2020-11-07T00:00:00.000,5,176,155,21602,21602,176,2020-11-07,5,155,0.032258064516129,0.0183310556682524,5.49824268109013
Seneca,2020-11-08T00:00:00.000,6,182,128,21730,21730,182,2020-11-08,6,128,0.046875,0.0190752451931895,6.58048962235121
Seneca,2020-11-09T00:00:00.000,6,188,181,21911,21911,188,2020-11-09,6,181,0.0331491712707182,0.0198439427569,6.56378113173584
Seneca,2020-11-10T00:00:00.000,2,190,93,22004,22004,190,2020-11-10,2,93,0.021505376344086,0.0206383226599399,2.18611557015965
Seneca,2020-11-11T00:00:00.000,9,199,310,22314,22314,199,2020-11-11,9,310,0.0290322580645161,0.0214596822816481,9.8382194954427
Seneca,2020-11-12T00:00:00.000,3,202,107,22421,22421,202,2020-11-12,3,107,0.0280373831775701,0.0223094348843765,3.29061513196967
Seneca,2020-11-13T00:00:00.000,3,205,300,22721,22721,205,2020-11-13,3,300,0.01,0.0231890979665103,3.30186675812611
Seneca,2020-11-14T00:00:00.000,4,209,223,22944,22944,209,2020-11-14,4,223,0.0179372197309417,0.0241002765633456,4.41751367656978
Seneca,2020-11-15T00:00:00.000,5,214,80,23024,23024,214,2020-11-15,5,80,0.0625,0.0250446408216346,5.54066185022072
Seneca,2020-11-16T00:00:00.000,6,220,318,23342,23342,220,2020-11-16,6,318,0.0188679245283019,0.0260238970839186,6.67126563191021
Seneca,2020-11-17T00:00:00.000,2,222,133,23475,23475,222,2020-11-17,2,133,0.0150375939849624,0.0270397516182925,2.23121816955916
Seneca,2020-11-18T00:00:00.000,3,225,149,23624,23624,225,2020-11-18,3,149,0.0201342281879195,0.0280938660196369,3.35796993241299
St. Lawrence,2020-03-01T00:00:00.000,0,0,0,0,0,0,2020-03-01,0,0,0,0.00439993671694731,0
St. Lawrence,2020-03-02T00:00:00.000,0,0,0,0,0,0,2020-03-02,0,0,0,0.00488313984765925,0
St. Lawrence,2020-03-03T00:00:00.000,0,0,0,0,0,0,2020-03-03,0,0,0,0.00541921770804143,0
St. Lawrence,2020-03-04T00:00:00.000,0,0,0,0,0,0,2020-03-04,0,0,0,0.00601406735394812,0
St. Lawrence,2020-03-05T00:00:00.000,0,0,0,0,0,0,2020-03-05,0,0,0,0.00667432480884192,0
St. Lawrence,2020-03-06T00:00:00.000,0,0,0,0,0,0,2020-03-06,0,0,0,0.0074074522169531,0
St. Lawrence,2020-03-07T00:00:00.000,0,0,2,2,2,0,2020-03-07,0,2,0,0.00822182876683674,0
St. Lawrence,2020-03-08T00:00:00.000,0,0,0,2,2,0,2020-03-08,0,0,0,0.00912684326233496,0
St. Lawrence,2020-03-09T00:00:00.000,0,0,0,2,2,0,2020-03-09,0,0,0,0.0101329853236333,0
St. Lawrence,2020-03-10T00:00:00.000,0,0,1,3,3,0,2020-03-10,0,1,0,0.0112519310625399,0
St. Lawrence,2020-03-11T00:00:00.000,0,0,2,5,5,0,2020-03-11,0,2,0,0.0124966176754931,0
St. Lawrence,2020-03-12T00:00:00.000,0,0,1,6,6,0,2020-03-12,0,1,0,0.0138812997000662,0
St. Lawrence,2020-03-13T00:00:00.000,0,0,1,7,7,0,2020-03-13,0,1,0,0.0154215776912881,0
St. Lawrence,2020-03-14T00:00:00.000,0,0,1,8,8,0,2020-03-14,0,1,0,0.0171343878242676,0
St. Lawrence,2020-03-15T00:00:00.000,0,0,1,9,9,0,2020-03-15,0,1,0,0.0190379384860588,0
St. Lawrence,2020-03-16T00:00:00.000,0,0,0,9,9,0,2020-03-16,0,0,0,0.0211515774487519,0
St. Lawrence,2020-03-17T00:00:00.000,0,0,7,16,16,0,2020-03-17,0,7,0,0.0234955709143093,0
St. Lawrence,2020-03-18T00:00:00.000,0,0,3,19,19,0,2020-03-18,0,3,0,0.0260907739657099,0
St. Lawrence,2020-03-19T00:00:00.000,0,0,7,26,26,0,2020-03-19,0,7,0,0.0289581711507248,0
St. Lawrence,2020-03-20T00:00:00.000,0,0,7,33,33,0,2020-03-20,0,7,0,0.0321182666788233,0
St. Lawrence,2020-03-21T00:00:00.000,1,1,20,53,53,1,2020-03-21,1,20,0.05,0.0355903066331213,1.07468239560712
St. Lawrence,2020-03-22T00:00:00.000,0,1,9,62,62,1,2020-03-22,0,9,0,0.0393913214148853,0
St. Lawrence,2020-03-23T00:00:00.000,0,1,6,68,68,1,2020-03-23,0,6,0,0.0435349859328562,0
St. Lawrence,2020-03-24T00:00:00.000,0,1,10,78,78,1,2020-03-24,0,10,0,0.0480303082598621,0
St. Lawrence,2020-03-25T00:00:00.000,1,2,14,92,92,2,2020-03-25,1,14,0.0714285714285714,0.0528801745982575,1.08068989442907
St. Lawrence,2020-03-26T00:00:00.000,1,3,29,121,121,3,2020-03-26,1,29,0.0344827586206897,0.0580797988638611,1.08200014544638
St. Lawrence,2020-03-27T00:00:00.000,5,8,82,203,203,8,2020-03-27,5,82,0.0609756097560976,0.0636151476843867,5.45936866083389
St. Lawrence,2020-03-28T00:00:00.000,4,12,65,268,268,12,2020-03-28,4,65,0.0615384615384615,0.0694614339551289,4.38681539215152
St. Lawrence,2020-03-29T00:00:00.000,1,13,44,312,312,13,2020-03-29,1,44,0.0227272727272727,0.0755817913392249,1.10009641679321
St. Lawrence,2020-03-30T00:00:00.000,17,30,74,386,386,30,2020-03-30,17,74,0.22972972972973,0.0819262548993521,18.7547386742064
St. Lawrence,2020-03-31T00:00:00.000,4,34,32,418,418,34,2020-03-31,4,32,0.125,0.0884311759585324,4.43395230453657
St. Lawrence,2020-04-01T00:00:00.000,5,39,30,448,448,39,2020-04-01,5,30,0.166666666666667,0.0950191897199278,5.59444906698299
St. Lawrence,2020-04-02T00:00:00.000,4,43,54,502,502,43,2020-04-02,4,54,0.0740740740740741,0.101599830907265,4.51355514773798
St. Lawrence,2020-04-03T00:00:00.000,9,52,81,583,583,52,2020-04-03,9,81,0.111111111111111,0.108070856600827,10.2329086615878
St. Lawrence,2020-04-04T00:00:00.000,3,55,46,629,629,55,2020-04-04,3,46,0.0652173913043478,0.11432028960026,3.43409327053629
St. Lawrence,2020-04-05T00:00:00.000,4,59,43,672,672,59,2020-04-05,4,43,0.0930232558139535,0.120229145152959,4.60559223744405
St. Lawrence,2020-04-06T00:00:00.000,1,60,64,736,736,60,2020-04-06,1,64,0.015625,0.125674754851724,1.15721130729895
St. Lawrence,2020-04-07T00:00:00.000,9,69,69,805,805,69,2020-04-07,9,69,0.130434782608696,0.130534559871695,10.4596792583346
St. Lawrence,2020-04-08T00:00:00.000,7,76,50,855,855,76,2020-04-08,7,50,0.14,0.134690216005665,8.1651624229835
St. Lawrence,2020-04-09T00:00:00.000,2,78,24,879,879,78,2020-04-09,2,24,0.0833333333333333,0.138031837024506,2.34497327513468
St. Lawrence,2020-04-10T00:00:00.000,2,80,19,898,898,80,2020-04-10,2,19,0.105263157894737,0.140462199637082,2.35455463877597
St. Lawrence,2020-04-11T00:00:00.000,5,85,65,963,963,85,2020-04-11,5,65,0.0769230769230769,0.14190073924617,5.90453293048186
St. Lawrence,2020-04-12T00:00:00.000,4,89,47,1010,1010,89,2020-04-12,4,47,0.0851063829787234,0.142287175413445,4.73376675487561
St. Lawrence,2020-04-13T00:00:00.000,3,92,29,1039,1039,92,2020-04-13,3,29,0.103448275862069,0.141584614787097,3.55510667826768
St. Lawrence,2020-04-14T00:00:00.000,0,92,7,1046,1046,92,2020-04-14,0,7,0,0.139781983759347,0
St. Lawrence,2020-04-15T00:00:00.000,1,93,48,1094,1094,93,2020-04-15,1,48,0.0208333333333333,0.13689564369032,1.18872632371942
St. Lawrence,2020-04-16T00:00:00.000,3,96,16,1110,1110,96,2020-04-16,3,16,0.1875,0.132970041887499,3.5682375526183
St. Lawrence,2020-04-17T00:00:00.000,2,98,6,1116,1116,98,2020-04-17,2,6,0.333333333333333,0.128077259424588,2.37924313767637
St. Lawrence,2020-04-18T00:00:00.000,7,105,25,1141,1141,105,2020-04-18,7,25,0.28,0.122315341725409,8.34115721308548
St. Lawrence,2020-04-19T00:00:00.000,5,110,24,1165,1165,110,2020-04-19,5,24,0.208333333333333,0.115805348599886,5.96346313178235
St. Lawrence,2020-04-20T00:00:00.000,10,120,17,1182,1182,120,2020-04-20,10,17,0.588235294117647,0.108687142144237,11.928904347992
St. Lawrence,2020-04-21T00:00:00.000,3,123,6,1188,1188,123,2020-04-21,3,6,0.5,0.101114041207194,3.5764974665252
St. Lawrence,2020-04-22T00:00:00.000,16,139,94,1282,1282,139,2020-04-22,16,94,0.170212765957447,0.0932465986584486,19.048071987138
St. Lawrence,2020-04-23T00:00:00.000,5,144,37,1319,1319,144,2020-04-23,5,37,0.135135135135135,0.0852458820904622,5.93950301596768
St. Lawrence,2020-04-24T00:00:00.000,12,156,64,1383,1383,156,2020-04-24,12,64,0.1875,0.0772667342521035,14.2122925507037
St. Lawrence,2020-04-25T00:00:00.000,11,167,36,1419,1419,167,2020-04-25,11,36,0.305555555555556,0.0694515319516432,12.9787852644284
St. Lawrence,2020-04-26T00:00:00.000,2,169,27,1446,1446,169,2020-04-26,2,27,0.0740740740740741,0.0619249349919193,2.34904090567433
St. Lawrence,2020-04-27T00:00:00.000,1,170,19,1465,1465,170,2020-04-27,1,19,0.0526315789473684,0.0547900180609716,1.16828517231289
St. Lawrence,2020-04-28T00:00:00.000,0,170,84,1549,1549,170,2020-04-28,0,84,0,0.0481260225618117,0
St. Lawrence,2020-04-29T00:00:00.000,3,173,277,1826,1826,173,2020-04-29,3,277,0.0108303249097473,0.0419877797973831,3.45907502803499
St. Lawrence,2020-04-30T00:00:00.000,3,176,157,1983,1983,176,2020-04-30,3,157,0.0191082802547771,0.0364066752661603,3.43283488459607
St. Lawrence,2020-05-01T00:00:00.000,0,176,130,2113,2113,176,2020-05-01,0,130,0,0.0313928768905924,0
St. Lawrence,2020-05-02T00:00:00.000,1,177,125,2238,2238,177,2020-05-02,1,125,0.008,0.0269384583969966,1.1249639684529
St. Lawrence,2020-05-03T00:00:00.000,1,178,85,2323,2323,178,2020-05-03,1,85,0.0117647058823529,0.0230210194641821,1.11632607802949
St. Lawrence,2020-05-04T00:00:00.000,0,178,38,2361,2361,178,2020-05-04,0,38,0,0.0196074303006685,0
St. Lawrence,2020-05-05T00:00:00.000,2,180,34,2395,2395,180,2020-05-05,2,34,0.0588235294117647,0.0166573945302183,2.20562595048402
St. Lawrence,2020-05-06T00:00:00.000,1,181,53,2448,2448,181,2020-05-06,1,53,0.0188679245283019,0.0141266115665241,1.0938021835793
St. Lawrence,2020-05-07T00:00:00.000,6,187,845,3293,3293,187,2020-05-07,6,845,0.00710059171597633,0.0119694102722919,6.50469188316431
St. Lawrence,2020-05-08T00:00:00.000,0,187,164,3457,3457,187,2020-05-08,0,164,0,0.0101408062378641,0
St. Lawrence,2020-05-09T00:00:00.000,0,187,51,3508,3508,187,2020-05-09,0,51,0,0.00859799778402185,0
St. Lawrence,2020-05-10T00:00:00.000,3,190,47,3555,3555,190,2020-05-10,3,47,0.0638297872340425,0.0073013582652179,3.14521484392436
St. Lawrence,2020-05-11T00:00:00.000,1,191,18,3573,3573,191,2020-05-11,1,18,0.0555555555555556,0.00621500574689666,1.03996356818904
St. Lawrence,2020-05-12T00:00:00.000,1,192,151,3724,3724,192,2020-05-12,1,151,0.00662251655629139,0.00530703921757871,1.03249975882691
St. Lawrence,2020-05-13T00:00:00.000,0,192,105,3829,3829,192,2020-05-13,0,105,0,0.00454952756378322,0
St. Lawrence,2020-05-14T00:00:00.000,0,192,332,4161,4161,192,2020-05-14,0,332,0,0.0039183277984303,0
St. Lawrence,2020-05-15T00:00:00.000,0,192,1456,5617,5617,192,2020-05-15,0,1456,0,0.0033927959774368,0
St. Lawrence,2020-05-16T00:00:00.000,0,192,205,5822,5822,192,2020-05-16,0,205,0,0.00295544041797789,0
St. Lawrence,2020-05-17T00:00:00.000,0,192,239,6061,6061,192,2020-05-17,0,239,0,0.00259155388527251,0
St. Lawrence,2020-05-18T00:00:00.000,0,192,71,6132,6132,192,2020-05-18,0,71,0,0.00228885024528587,0
St. Lawrence,2020-05-19T00:00:00.000,3,195,173,6305,6305,195,2020-05-19,3,173,0.0173410404624277,0.00203712202850905,3.00959868380088
St. Lawrence,2020-05-20T00:00:00.000,0,195,504,6809,6809,195,2020-05-20,0,504,0,0.00182792840650903,0
St. Lawrence,2020-05-21T00:00:00.000,0,195,349,7158,7158,195,2020-05-21,0,349,0,0.00165431802039226,0
St. Lawrence,2020-05-22T00:00:00.000,1,196,333,7491,7491,196,2020-05-22,1,333,0.003003003003003,0.00151058760763343,1.00669392308701
St. Lawrence,2020-05-23T00:00:00.000,1,197,301,7792,7792,197,2020-05-23,1,301,0.00332225913621262,0.00139207511455609,1.00426395594064
St. Lawrence,2020-05-24T00:00:00.000,0,197,114,7906,7906,197,2020-05-24,0,114,0,0.00129498464569865,0
St. Lawrence,2020-05-25T00:00:00.000,0,197,60,7966,7966,197,2020-05-25,0,60,0,0.00121623992565804,0
St. Lawrence,2020-05-26T00:00:00.000,3,200,78,8044,8044,200,2020-05-26,3,78,0.0384615384615385,0.00115336271882275,2.98941240993339
St. Lawrence,2020-05-27T00:00:00.000,1,201,227,8271,8271,201,2020-05-27,1,227,0.00440528634361234,0.00110437270787393,0.993726519570259
St. Lawrence,2020-05-28T00:00:00.000,1,202,447,8718,8718,202,2020-05-28,1,447,0.00223713646532438,0.00106770555154311,0.991015576123632
St. Lawrence,2020-05-29T00:00:00.000,0,202,136,8854,8854,202,2020-05-29,0,136,0,0.00104214614360615,0
St. Lawrence,2020-05-30T00:00:00.000,2,204,303,9157,9157,204,2020-05-30,2,303,0.0066006600660066,0.00102677442126655,1.97153946243477
St. Lawrence,2020-05-31T00:00:00.000,1,205,472,9629,9629,205,2020-05-31,1,472,0.00211864406779661,0.00102092138621497,0.983593700826164
St. Lawrence,2020-06-01T00:00:00.000,0,205,106,9735,9735,205,2020-06-01,0,106,0,0.00102413328405683,0
St. Lawrence,2020-06-02T00:00:00.000,1,206,324,10059,10059,206,2020-06-02,1,324,0.00308641975308642,0.00103614212746273,0.985790964483125
St. Lawrence,2020-06-03T00:00:00.000,1,207,293,10352,10352,207,2020-06-03,1,293,0.00341296928327645,0.00105684094122281,0.987163381523557
St. Lawrence,2020-06-04T00:00:00.000,0,207,451,10803,10803,207,2020-06-04,0,451,0,0.00108626225579178,0
St. Lawrence,2020-06-05T00:00:00.000,2,209,477,11280,11280,209,2020-06-05,2,477,0.00419287211740042,0.0011245584868388,1.98257059331551
St. Lawrence,2020-06-06T00:00:00.000,0,209,382,11662,11662,209,2020-06-06,0,382,0,0.00117198292114515,0
St. Lawrence,2020-06-07T00:00:00.000,0,209,539,12201,12201,209,2020-06-07,0,539,0,0.00122887009810147,0
St. Lawrence,2020-06-08T00:00:00.000,0,209,220,12421,12421,209,2020-06-08,0,220,0,0.00129561444820063,0
St. Lawrence,2020-06-09T00:00:00.000,0,209,170,12591,12591,209,2020-06-09,0,170,0,0.00137264614550832,0
St. Lawrence,2020-06-10T00:00:00.000,3,212,256,12847,12847,212,2020-06-10,3,256,0.01171875,0.00146040327235148,3.05092682887879
St. Lawrence,2020-06-11T00:00:00.000,2,214,427,13274,13274,214,2020-06-11,2,427,0.00468384074941452,0.00155929960554453,2.05284859986169
St. Lawrence,2020-06-12T00:00:00.000,0,214,368,13642,13642,214,2020-06-12,0,368,0,0.00166968763597218,0
St. Lawrence,2020-06-13T00:00:00.000,1,215,383,14025,14025,215,2020-06-13,1,383,0.00261096605744125,0.00179181684391531,1.04529423805281
St. Lawrence,2020-06-14T00:00:00.000,0,215,222,14247,14247,215,2020-06-14,0,222,0,0.00192578777861282,0
St. Lawrence,2020-06-15T00:00:00.000,0,215,190,14437,14437,215,2020-06-15,0,190,0,0.00207150312406824,0
St. Lawrence,2020-06-16T00:00:00.000,0,215,226,14663,14663,215,2020-06-16,0,226,0,0.00222861764695645,0
St. Lawrence,2020-06-17T00:00:00.000,0,215,246,14909,14909,215,2020-06-17,0,246,0,0.00239648966543084,0
St. Lawrence,2020-06-18T00:00:00.000,0,215,216,15125,15125,215,2020-06-18,0,216,0,0.00257413737453764,0
St. Lawrence,2020-06-19T00:00:00.000,1,216,352,15477,15477,216,2020-06-19,1,352,0.00284090909090909,0.00276020391911167,1.09669894347794
St. Lawrence,2020-06-20T00:00:00.000,0,216,266,15743,15743,216,2020-06-20,0,266,0,0.00295293540881988,0
St. Lawrence,2020-06-21T00:00:00.000,1,217,271,16014,16014,217,2020-06-21,1,271,0.003690036900369,0.00315017601580911,1.11028420125884
St. Lawrence,2020-06-22T00:00:00.000,0,217,153,16167,16167,217,2020-06-22,0,153,0,0.00334938379481596,0
St. Lawrence,2020-06-23T00:00:00.000,0,217,99,16266,16266,217,2020-06-23,0,99,0,0.00354766987123147,0
St. Lawrence,2020-06-24T00:00:00.000,0,217,249,16515,16515,217,2020-06-24,0,249,0,0.00374186216477462,0
St. Lawrence,2020-06-25T00:00:00.000,1,218,282,16797,16797,218,2020-06-25,1,282,0.00354609929078014,0.00392859294049365,1.12935739356342
St. Lawrence,2020-06-26T00:00:00.000,0,218,315,17112,17112,218,2020-06-26,0,315,0,0.0041044073564882,0
St. Lawrence,2020-06-27T00:00:00.000,0,218,435,17547,17547,218,2020-06-27,0,435,0,0.00426588803491166,0
St. Lawrence,2020-06-28T00:00:00.000,1,219,220,17767,17767,219,2020-06-28,1,220,0.00454545454545455,0.00440978877089843,1.13522325216166
St. Lawrence,2020-06-29T00:00:00.000,0,219,144,17911,17911,219,2020-06-29,0,144,0,0.00453316907582829,0
St. Lawrence,2020-06-30T00:00:00.000,0,219,121,18032,18032,219,2020-06-30,0,121,0,0.00463352054635058,0
St. Lawrence,2020-07-01T00:00:00.000,1,220,137,18169,18169,220,2020-07-01,1,137,0.0072992700729927,0.0047088761985739,1.13318600510307
St. Lawrence,2020-07-02T00:00:00.000,2,222,183,18352,18352,222,2020-07-02,2,183,0.0109289617486339,0.00475789494417197,2.26149223043423
St. Lawrence,2020-07-03T00:00:00.000,1,223,416,18768,18768,223,2020-07-03,1,416,0.00240384615384615,0.004779915227253,1.1259284290968
St. Lawrence,2020-07-04T00:00:00.000,1,224,143,18911,18911,224,2020-07-04,1,143,0.00699300699300699,0.00477497429022834,1.12332153003098
St. Lawrence,2020-07-05T00:00:00.000,2,226,242,19153,19153,226,2020-07-05,2,242,0.00826446280991736,0.00474379232071171,2.23680768706956
St. Lawrence,2020-07-06T00:00:00.000,0,226,141,19294,19294,226,2020-07-06,0,141,0,0.00468772352607883,0
St. Lawrence,2020-07-07T00:00:00.000,1,227,278,19572,19572,227,2020-07-07,1,278,0.00359712230215827,0.00460867867947519,1.10865329402907
St. Lawrence,2020-07-08T00:00:00.000,0,227,215,19787,19787,227,2020-07-08,0,215,0,0.00450902562058531,0
St. Lawrence,2020-07-09T00:00:00.000,0,227,247,20034,20034,227,2020-07-09,0,247,0,0.00439147540207929,0
St. Lawrence,2020-07-10T00:00:00.000,3,230,555,20589,20589,230,2020-07-10,3,555,0.00540540540540541,0.00425896218309827,3.27383525188221
St. Lawrence,2020-07-11T00:00:00.000,0,230,385,20974,20974,230,2020-07-11,0,385,0,0.00411452461729716,0
St. Lawrence,2020-07-12T00:00:00.000,1,231,489,21463,21463,231,2020-07-12,1,489,0.00204498977505112,0.00396119549043587,1.07699803222346
St. Lawrence,2020-07-13T00:00:00.000,2,233,321,21784,21784,233,2020-07-13,2,321,0.00623052959501558,0.00380190491619464,2.13851313336283
St. Lawrence,2020-07-14T00:00:00.000,1,234,345,22129,22129,234,2020-07-14,1,345,0.00289855072463768,0.00363940070560477,1.06120934230453
St. Lawrence,2020-07-15T00:00:00.000,3,237,384,22513,22513,237,2020-07-15,3,384,0.0078125,0.00347618779648073,3.15878303565102
St. Lawrence,2020-07-16T00:00:00.000,1,238,227,22740,22740,238,2020-07-16,1,227,0.00440528634361234,0.00331448703282994,1.0444819553944
St. Lawrence,2020-07-17T00:00:00.000,4,242,307,23047,23047,242,2020-07-17,4,307,0.0130293159609121,0.00315621225281454,4.14952143220063
St. Lawrence,2020-07-18T00:00:00.000,0,242,149,23196,23196,242,2020-07-18,0,149,0,0.00300296364695667,0
St. Lawrence,2020-07-19T00:00:00.000,4,246,274,23470,23470,246,2020-07-19,4,274,0.0145985401459854,0.00285603470972135,4.11300182416678
St. Lawrence,2020-07-20T00:00:00.000,1,247,315,23785,23785,247,2020-07-20,1,315,0.00317460317460317,0.00271642980551814,1.0230463947159
St. Lawrence,2020-07-21T00:00:00.000,3,250,301,24086,24086,250,2020-07-21,3,301,0.00996677740863787,0.00258488935557532,3.05207879646152
St. Lawrence,2020-07-22T00:00:00.000,3,253,427,24513,24513,253,2020-07-22,3,427,0.00702576112412178,0.00246191985494532,3.03382613151402
St. Lawrence,2020-07-23T00:00:00.000,1,254,276,24789,24789,254,2020-07-23,1,276,0.0036231884057971,0.00234782628209102,1.00497313599531
St. Lawrence,2020-07-24T00:00:00.000,3,257,414,25203,25203,257,2020-07-24,3,414,0.0072463768115942,0.0022427448946727,3.00812692628732
St. Lawrence,2020-07-25T00:00:00.000,1,258,605,25808,25808,258,2020-07-25,1,605,0.00165289256198347,0.00214667486257205,1.00023186665798
St. Lawrence,2020-07-26T00:00:00.000,0,258,488,26296,26296,258,2020-07-26,0,488,0,0.00205950762723935,0
St. Lawrence,2020-07-27T00:00:00.000,0,258,248,26544,26544,258,2020-07-27,0,248,0,0.00198105326726092,0
St. Lawrence,2020-07-28T00:00:00.000,1,259,298,26842,26842,259,2020-07-28,1,298,0.00335570469798658,0.0019110634778555,0.990005943556681
St. Lawrence,2020-07-29T00:00:00.000,1,260,313,27155,27155,260,2020-07-29,1,313,0.00319488817891374,0.00184925103081359,0.985898044350532
St. Lawrence,2020-07-30T00:00:00.000,0,260,270,27425,27425,260,2020-07-30,0,270,0,0.00179530577221753,0
St. Lawrence,2020-07-31T00:00:00.000,1,261,603,28028,28028,261,2020-07-31,1,603,0.00165837479270315,0.00174890734731663,0.977508661233239
St. Lawrence,2020-08-01T00:00:00.000,1,262,418,28446,28446,262,2020-08-01,1,418,0.00239234449760766,0.00170973492154243,0.975207941318169
St. Lawrence,2020-08-02T00:00:00.000,0,262,221,28667,28667,262,2020-08-02,0,221,0,0.00167747420764038,0
St. Lawrence,2020-08-03T00:00:00.000,0,262,228,28895,28895,262,2020-08-03,0,228,0,0.00165182211966004,0
St. Lawrence,2020-08-04T00:00:00.000,0,262,292,29187,29187,262,2020-08-04,0,292,0,0.0016324893650579,0
St. Lawrence,2020-08-05T00:00:00.000,1,263,182,29369,29369,263,2020-08-05,1,182,0.00549450549450549,0.00161920126486793,0.963485250457844
St. Lawrence,2020-08-06T00:00:00.000,0,263,254,29623,29623,263,2020-08-06,0,254,0,0.00161169706537404,0
St. Lawrence,2020-08-07T00:00:00.000,0,263,216,29839,29839,263,2020-08-07,0,216,0,0.00160972797698842,0
St. Lawrence,2020-08-08T00:00:00.000,0,263,419,30258,30258,263,2020-08-08,0,419,0,0.00161305415264011,0
St. Lawrence,2020-08-09T00:00:00.000,0,263,122,30380,30380,263,2020-08-09,0,122,0,0.00162144080036274,0
St. Lawrence,2020-08-10T00:00:00.000,0,263,422,30802,30802,263,2020-08-10,0,422,0,0.00163465361414826,0
St. Lawrence,2020-08-11T00:00:00.000,0,263,315,31117,31117,263,2020-08-11,0,315,0,0.00165245370570425,0
St. Lawrence,2020-08-12T00:00:00.000,0,263,416,31533,31533,263,2020-08-12,0,416,0,0.00167459222544814,0
St. Lawrence,2020-08-13T00:00:00.000,0,263,283,31816,31816,263,2020-08-13,0,283,0,0.00170080487375259,0
St. Lawrence,2020-08-14T00:00:00.000,0,263,716,32532,32532,263,2020-08-14,0,716,0,0.0017308065213006,0
St. Lawrence,2020-08-15T00:00:00.000,0,263,429,32961,32961,263,2020-08-15,0,429,0,0.00176428617740941,0
St. Lawrence,2020-08-16T00:00:00.000,0,263,283,33244,33244,263,2020-08-16,0,283,0,0.00180090256339378,0
St. Lawrence,2020-08-17T00:00:00.000,0,263,321,33565,33565,263,2020-08-17,0,321,0,0.0018402805625406,0
St. Lawrence,2020-08-18T00:00:00.000,1,264,652,34217,34217,264,2020-08-18,1,652,0.00153374233128834,0.0018820088221382,0.994116263589629
St. Lawrence,2020-08-19T00:00:00.000,0,264,1001,35218,35218,264,2020-08-19,0,1001,0,0.00192563877418069,0
St. Lawrence,2020-08-20T00:00:00.000,1,265,1052,36270,36270,265,2020-08-20,1,1052,0.000950570342205323,0.00197068531582634,0.999928940172768
St. Lawrence,2020-08-21T00:00:00.000,0,265,1220,37490,37490,265,2020-08-21,0,1220,0,0.00201662934456725,0
St. Lawrence,2020-08-22T00:00:00.000,2,267,1003,38493,38493,267,2020-08-22,2,1003,0.00199401794616152,0.00206292227632827,2.00996451962538
St. Lawrence,2020-08-23T00:00:00.000,0,267,959,39452,39452,267,2020-08-23,0,959,0,0.00210899258881106,0
St. Lawrence,2020-08-24T00:00:00.000,0,267,408,39860,39860,267,2020-08-24,0,408,0,0.0021542543273914,0
St. Lawrence,2020-08-25T00:00:00.000,0,267,505,40365,40365,267,2020-08-25,0,505,0,0.00219811739658191,0
St. Lawrence,2020-08-26T00:00:00.000,2,269,423,40788,40788,269,2020-08-26,2,423,0.00472813238770686,0.00223999933995322,2.03271455404106
St. Lawrence,2020-08-27T00:00:00.000,1,270,529,41317,41317,270,2020-08-27,1,529,0.00189035916824197,0.00227933819792521,1.01709656472453
St. Lawrence,2020-08-28T00:00:00.000,3,273,915,42232,42232,273,2020-08-28,3,915,0.00327868852459016,0.00231560593392198,3.05947589202753
St. Lawrence,2020-08-29T00:00:00.000,1,274,464,42696,42696,274,2020-08-29,1,464,0.0021551724137931,0.00234832184725713,1.02393278920796
St. Lawrence,2020-08-30T00:00:00.000,1,275,230,42926,42926,275,2020-08-30,1,230,0.00434782608695652,0.0023770653514527,1.02780333043528
St. Lawrence,2020-08-31T00:00:00.000,0,275,357,43283,43283,275,2020-08-31,0,357,0,0.0024014874990563,0
St. Lawrence,2020-09-01T00:00:00.000,4,279,324,43607,43607,279,2020-09-01,4,324,0.0123456790123457,0.00242132067776968,4.13895429578551
St. Lawrence,2020-09-02T00:00:00.000,8,287,313,43920,43920,287,2020-09-02,8,313,0.0255591054313099,0.00243638598882906,8.30208190247795
St. Lawrence,2020-09-03T00:00:00.000,4,291,1157,45077,45077,291,2020-09-03,4,1157,0.00345721694036301,0.00244659793988026,4.16183571167896
St. Lawrence,2020-09-04T00:00:00.000,2,293,1004,46081,46081,293,2020-09-04,2,1004,0.00199203187250996,0.00245196623370284,2.08563532478062
St. Lawrence,2020-09-05T00:00:00.000,3,296,1005,47086,47086,296,2020-09-05,3,1005,0.00298507462686567,0.00245259459721094,3.13446375348967
St. Lawrence,2020-09-06T00:00:00.000,1,297,698,47784,47784,297,2020-09-06,1,698,0.00143266475644699,0.00244867676088797,1.04645626194221
St. Lawrence,2020-09-07T00:00:00.000,0,297,421,48205,48205,297,2020-09-07,0,421,0,0.00244048985237814,0
St. Lawrence,2020-09-08T00:00:00.000,4,301,254,48459,48459,301,2020-09-08,4,254,0.015748031496063,0.00242838559907577,4.19334848742307
St. Lawrence,2020-09-09T00:00:00.000,1,302,300,48759,48759,302,2020-09-09,1,300,0.00333333333333333,0.00241277983212071,1.04857868237346
St. Lawrence,2020-09-10T00:00:00.000,1,303,1032,49791,49791,303,2020-09-10,1,1032,0.000968992248062015,0.00239414084538568,1.04839269153852
St. Lawrence,2020-09-11T00:00:00.000,1,304,591,50382,50382,304,2020-09-11,1,591,0.00169204737732657,0.00237297718277643,1.04920461672641
St. Lawrence,2020-09-12T00:00:00.000,0,304,551,50933,50933,304,2020-09-12,0,551,0,0.00234982541022442,0
St. Lawrence,2020-09-13T00:00:00.000,3,307,278,51211,51211,307,2020-09-13,3,278,0.0107913669064748,0.00232523837797785,3.15388355639939
St. Lawrence,2020-09-14T00:00:00.000,1,308,338,51549,51549,308,2020-09-14,1,338,0.0029585798816568,0.00229977440331101,1.05173381616615
St. Lawrence,2020-09-15T00:00:00.000,2,310,267,51816,51816,310,2020-09-15,2,267,0.00749063670411985,0.00227398771018891,2.10353100079271
St. Lawrence,2020-09-16T00:00:00.000,3,313,1027,52843,52843,313,2020-09-16,3,1027,0.00292112950340798,0.00224842036164676,3.15416243060456
St. Lawrence,2020-09-17T00:00:00.000,1,314,560,53403,53403,314,2020-09-17,1,560,0.00178571428571429,0.00222359581921715,1.05059824762885
St. Lawrence,2020-09-18T00:00:00.000,1,315,459,53862,53862,315,2020-09-18,1,459,0.00217864923747277,0.00220001416931489,1.0493969774561
St. Lawrence,2020-09-19T00:00:00.000,3,318,616,54478,54478,318,2020-09-19,3,616,0.00487012987012987,0.0021781489747095,3.14034264929083
St. Lawrence,2020-09-20T00:00:00.000,0,318,274,54752,54752,318,2020-09-20,0,274,0,0.00215844564137571,0
St. Lawrence,2020-09-21T00:00:00.000,1,319,231,54983,54983,319,2020-09-21,1,231,0.00432900432900433,0.00214132114209207,1.03948361342428
St. Lawrence,2020-09-22T00:00:00.000,1,320,339,55322,55322,320,2020-09-22,1,339,0.00294985250737463,0.0021271649032788,1.03526627180048
St. Lawrence,2020-09-23T00:00:00.000,2,322,598,55920,55920,322,2020-09-23,2,598,0.00334448160535117,0.00211634064421812,2.06140485669255
St. Lawrence,2020-09-24T00:00:00.000,0,322,804,56724,56724,322,2020-09-24,0,804,0,0.00210918895209098,0
St. Lawrence,2020-09-25T00:00:00.000,0,322,844,57568,57568,322,2020-09-25,0,844,0,0.00210603038092204,0
St. Lawrence,2020-09-26T00:00:00.000,0,322,475,58043,58043,322,2020-09-26,0,475,0,0.00210716887549485,0
St. Lawrence,2020-09-27T00:00:00.000,2,324,345,58388,58388,324,2020-09-27,2,345,0.00579710144927536,0.00211289533804648,2.05097341180434
St. Lawrence,2020-09-28T00:00:00.000,1,325,210,58598,58598,325,2020-09-28,1,210,0.00476190476190476,0.00212349117517577,1.02576854627661
St. Lawrence,2020-09-29T00:00:00.000,2,327,1949,60547,60547,327,2020-09-29,2,1949,0.00102616726526424,0.0021392316829627,2.05156373907587
St. Lawrence,2020-09-30T00:00:00.000,3,330,1096,61643,61643,330,2020-09-30,3,1096,0.00273722627737226,0.00216038914708969,3.07662490570012
St. Lawrence,2020-10-01T00:00:00.000,1,331,852,62495,62495,331,2020-10-01,1,852,0.00117370892018779,0.00218723555287886,1.02506322125044
St. Lawrence,2020-10-02T00:00:00.000,2,333,799,63294,63294,333,2020-10-02,2,799,0.00250312891113892,0.00222004481565762,2.04872425903672
St. Lawrence,2020-10-03T00:00:00.000,2,335,653,63947,63947,335,2020-10-03,2,653,0.00306278713629403,0.00225909445507773,2.04690743305803
St. Lawrence,2020-10-04T00:00:00.000,1,336,236,64183,64183,336,2020-10-04,1,236,0.00423728813559322,0.00230466664920323,1.02235295390734
St. Lawrence,2020-10-05T00:00:00.000,1,337,646,64829,64829,337,2020-10-05,1,646,0.00154798761609907,0.00235704861480509,1.0210742227023
St. Lawrence,2020-10-06T00:00:00.000,0,337,1964,66793,66793,337,2020-10-06,0,1964,0,0.00241653227068393,0
St. Lawrence,2020-10-07T00:00:00.000,2,339,435,67228,67228,339,2020-10-07,2,435,0.00459770114942529,0.0024834131521777,2.03607288703661
St. Lawrence,2020-10-08T00:00:00.000,3,342,1328,68556,68556,342,2020-10-08,3,1328,0.00225903614457831,0.00255798855784294,3.0489055771949
St. Lawrence,2020-10-09T00:00:00.000,2,344,1047,69603,69603,344,2020-10-09,2,1047,0.00191021967526266,0.00264055492465198,2.02868198620432
St. Lawrence,2020-10-10T00:00:00.000,1,345,681,70284,70284,345,2020-10-10,1,681,0.00146842878120411,0.00273140444702307,1.01225237565591
St. Lawrence,2020-10-11T00:00:00.000,0,345,278,70562,70562,345,2020-10-11,0,278,0,0.00283082097731676,0
St. Lawrence,2020-10-12T00:00:00.000,1,346,278,70840,70840,346,2020-10-12,1,278,0.00359712230215827,0.00293907527283481,1.00778961238051
St. Lawrence,2020-10-13T00:00:00.000,3,349,2005,72845,72845,349,2020-10-13,3,2005,0.00149625935162095,0.00305641968437076,3.01628573750256
St. Lawrence,2020-10-14T00:00:00.000,2,351,284,73129,73129,351,2020-10-14,2,284,0.00704225352112676,0.00318308241608723,2.00768741281463
St. Lawrence,2020-10-15T00:00:00.000,2,353,371,73500,73500,353,2020-10-15,2,371,0.00539083557951483,0.00331926152195565,2.00581935489045
St. Lawrence,2020-10-16T00:00:00.000,2,355,2157,75657,75657,355,2020-10-16,2,2157,0.000927213722763097,0.00346511884096011,2.00759448055167
St. Lawrence,2020-10-17T00:00:00.000,3,358,618,76275,76275,358,2020-10-17,3,618,0.00485436893203883,0.00362077410721009,3.0154424817188
St. Lawrence,2020-10-18T00:00:00.000,5,363,192,76467,76467,363,2020-10-18,5,192,0.0260416666666667,0.00378629950087756,5.03337495120032
St. Lawrence,2020-10-19T00:00:00.000,5,368,306,76773,76773,368,2020-10-19,5,306,0.0163398692810458,0.00396171492843074,5.04547759229763
St. Lawrence,2020-10-20T00:00:00.000,4,372,1858,78631,78631,372,2020-10-20,4,1858,0.00215285252960172,0.00414698433088468,4.05059171824462
St. Lawrence,2020-10-21T00:00:00.000,4,376,1320,79951,79951,376,2020-10-21,4,1320,0.00303030303030303,0.00434201331747505,4.06456029885812
St. Lawrence,2020-10-22T00:00:00.000,3,379,951,80902,80902,379,2020-10-22,3,951,0.00315457413249211,0.00454664840324082,3.05987311050241
St. Lawrence,2020-10-23T00:00:00.000,3,382,455,81357,81357,382,2020-10-23,3,455,0.00659340659340659,0.00476067809340177,3.07015469236616
St. Lawrence,2020-10-24T00:00:00.000,4,386,517,81874,81874,386,2020-10-24,4,517,0.00773694390715667,0.00498383600444774,4.10559587953329
St. Lawrence,2020-10-25T00:00:00.000,4,390,294,82168,82168,390,2020-10-25,4,294,0.0136054421768707,0.00521580614037907,4.1159248794404
St. Lawrence,2020-10-26T00:00:00.000,6,396,651,82819,82819,396,2020-10-26,6,651,0.00921658986175115,0.00545623035998019,6.18670294094162
St. Lawrence,2020-10-27T00:00:00.000,3,399,1991,84810,84810,399,2020-10-27,3,1991,0.00150678051230537,0.00570471797253006,3.09838999886713
St. Lawrence,2020-10-28T00:00:00.000,6,405,1509,86319,86319,405,2020-10-28,6,1509,0.00397614314115308,0.00596085730221641,6.20408467594325
St. Lawrence,2020-10-29T00:00:00.000,4,409,604,86923,86923,409,2020-10-29,4,604,0.00662251655629139,0.00622422895681868,4.13907350459542
St. Lawrence,2020-10-30T00:00:00.000,6,415,830,87753,87753,415,2020-10-30,6,830,0.0072289156626506,0.00649442044556112,6.21037693316474
St. Lawrence,2020-10-31T00:00:00.000,8,423,354,88107,88107,423,2020-10-31,8,354,0.0225988700564972,0.00677104170522563,8.27924162207016
St. Lawrence,2020-11-01T00:00:00.000,5,428,275,88382,88382,428,2020-11-01,5,275,0.0181818181818182,0.00705374103297031,5.17153745187246
St. Lawrence,2020-11-02T00:00:00.000,8,436,431,88813,88813,436,2020-11-02,8,431,0.0185614849187935,0.00734222087744146,8.26628517368885
St. Lawrence,2020-11-03T00:00:00.000,6,442,342,89155,89155,442,2020-11-03,6,342,0.0175438596491228,0.00763625292271806,6.1911559717349
St. Lawrence,2020-11-04T00:00:00.000,7,449,3437,92592,92592,449,2020-11-04,7,3437,0.00203665987780041,0.00793569190206504,7.21036074839396
St. Lawrence,2020-11-05T00:00:00.000,12,461,839,93431,93431,461,2020-11-05,12,839,0.0143027413587604,0.00824048760340376,12.3346584288251
St. Lawrence,2020-11-06T00:00:00.000,10,471,486,93917,93917,471,2020-11-06,10,486,0.0205761316872428,0.00855069457275897,10.2539774447005
St. Lawrence,2020-11-07T00:00:00.000,9,480,578,94495,94495,480,2020-11-07,9,578,0.0155709342560554,0.00886647907306648,9.20349501889399
St. Lawrence,2020-11-08T00:00:00.000,13,493,361,94856,94856,493,2020-11-08,13,361,0.03601108033241,0.00918812291925537,13.2533594629169
St. Lawrence,2020-11-09T00:00:00.000,8,501,303,95159,95159,501,2020-11-09,8,303,0.0264026402640264,0.00951602386373697,8.13159206572952
St. Lawrence,2020-11-10T00:00:00.000,8,509,1355,96514,96514,509,2020-11-10,8,1355,0.00590405904059041,0.00985069225849775,8.121052987221
St. Lawrence,2020-11-11T00:00:00.000,18,527,1148,97662,97662,527,2020-11-11,18,1148,0.0156794425087108,0.0101927437480063,18.2647311998333
St. Lawrence,2020-11-12T00:00:00.000,19,546,2839,100501,100501,546,2020-11-12,19,2839,0.00669249735822473,0.0105428877617691,19.3355503558629
St. Lawrence,2020-11-13T00:00:00.000,8,554,1162,101663,101663,554,2020-11-13,8,1162,0.00688468158347676,0.0109019115608613,8.16488657869696
St. Lawrence,2020-11-14T00:00:00.000,14,568,1104,102767,102767,568,2020-11-14,14,1104,0.0126811594202899,0.0112706595508269,14.329752109695
St. Lawrence,2020-11-15T00:00:00.000,5,573,151,102918,102918,573,2020-11-15,5,151,0.033112582781457,0.0116500075115513,5.1324270533263
St. Lawrence,2020-11-16T00:00:00.000,30,603,798,103716,103716,603,2020-11-16,30,798,0.037593984962406,0.0120408313035402,30.8820876799339
St. Lawrence,2020-11-17T00:00:00.000,7,610,1011,104727,104727,610,2020-11-17,7,1011,0.00692383778437191,0.0124439695050619,7.22612893303667
St. Lawrence,2020-11-18T00:00:00.000,17,627,2866,107593,107593,627,2020-11-18,17,2866,0.00593161200279135,0.0128601793205672,17.5981907792105
Steuben,2020-03-01T00:00:00.000,0,0,0,0,0,0,2020-03-01,0,0,0,0.000138390661683656,0
Steuben,2020-03-02T00:00:00.000,0,0,0,0,0,0,2020-03-02,0,0,0,0.000194398711027157,0
Steuben,2020-03-03T00:00:00.000,0,0,0,0,0,0,2020-03-03,0,0,0,0.000273020236434803,0
Steuben,2020-03-04T00:00:00.000,0,0,0,0,0,0,2020-03-04,0,0,0,0.000383251393210124,0
Steuben,2020-03-05T00:00:00.000,0,0,0,0,0,0,2020-03-05,0,0,0,0.000537499891359029,0
Steuben,2020-03-06T00:00:00.000,0,0,0,0,0,0,2020-03-06,0,0,0,0.000752745974218957,0
Steuben,2020-03-07T00:00:00.000,0,0,0,0,0,0,2020-03-07,0,0,0,0.00105201146070199,0
Steuben,2020-03-08T00:00:00.000,0,0,0,0,0,0,2020-03-08,0,0,0,0.00146616575727585,0
Steuben,2020-03-09T00:00:00.000,0,0,0,0,0,0,2020-03-09,0,0,0,0.00203606585595479,0
Steuben,2020-03-10T00:00:00.000,0,0,0,0,0,0,2020-03-10,0,0,0,0.00281497088665567,0
Steuben,2020-03-11T00:00:00.000,0,0,0,0,0,0,2020-03-11,0,0,0,0.00387108347237088,0
Steuben,2020-03-12T00:00:00.000,0,0,0,0,0,0,2020-03-12,0,0,0,0.00528994514710832,0
Steuben,2020-03-13T00:00:00.000,0,0,1,1,1,0,2020-03-13,0,1,0,0.007176253307486,0
Steuben,2020-03-14T00:00:00.000,0,0,0,1,1,0,2020-03-14,0,0,0,0.00965448700601606,0
Steuben,2020-03-15T00:00:00.000,0,0,0,1,1,0,2020-03-15,0,0,0,0.0128675621190398,0
Steuben,2020-03-16T00:00:00.000,0,0,0,1,1,0,2020-03-16,0,0,0,0.0169726412028166,0
Steuben,2020-03-17T00:00:00.000,0,0,0,1,1,0,2020-03-17,0,0,0,0.0221332809584514,0
Steuben,2020-03-18T00:00:00.000,0,0,4,5,5,0,2020-03-18,0,4,0,0.0285074005503312,0
Steuben,2020-03-19T00:00:00.000,0,0,3,8,8,0,2020-03-19,0,3,0,0.0362311627230824,0
Steuben,2020-03-20T00:00:00.000,2,2,27,35,35,2,2020-03-20,2,27,0.0740740740740741,0.0453997679462458,2.24412134825763
Steuben,2020-03-21T00:00:00.000,1,3,17,52,52,3,2020-03-21,1,17,0.0588235294117647,0.0560472354551311,1.12461114049041
Steuben,2020-03-22T00:00:00.000,1,4,10,62,62,4,2020-03-22,1,10,0.1,0.0681282048573659,1.13096990265867
Steuben,2020-03-23T00:00:00.000,1,5,2,64,64,5,2020-03-23,1,2,0.5,0.0815052649413776,1.14504550985358
Steuben,2020-03-24T00:00:00.000,3,8,13,77,77,8,2020-03-24,3,13,0.230769230769231,0.0959449713409022,3.46829369529503
Steuben,2020-03-25T00:00:00.000,3,11,30,107,107,11,2020-03-25,3,30,0.1,0.111124442406658,3.4919982431875
Steuben,2020-03-26T00:00:00.000,1,12,25,132,132,12,2020-03-26,1,25,0.04,0.126648460403566,1.16972776951959
Steuben,2020-03-27T00:00:00.000,1,13,27,159,159,13,2020-03-27,1,27,0.037037037037037,0.142074905695371,1.18322708300988
Steuben,2020-03-28T00:00:00.000,4,17,22,181,181,17,2020-03-28,4,22,0.181818181818182,0.156944772649387,4.75937220189558
Steuben,2020-03-29T00:00:00.000,2,19,8,189,189,19,2020-03-29,2,8,0.25,0.170812431571615,2.38710199204706
Steuben,2020-03-30T00:00:00.000,5,24,39,228,228,24,2020-03-30,5,39,0.128205128205128,0.183272299060372,5.97859965379092
Steuben,2020-03-31T00:00:00.000,14,38,56,284,284,38,2020-03-31,14,56,0.25,0.193979360866209,16.7870380138162
Steuben,2020-04-01T00:00:00.000,5,43,25,309,309,43,2020-04-01,5,25,0.2,0.202662549035307,6.03467022226738
Steuben,2020-04-02T00:00:00.000,3,46,36,345,345,46,2020-04-02,3,36,0.0833333333333333,0.209131328763671,3.63858586207919
Steuben,2020-04-03T00:00:00.000,9,55,27,372,372,55,2020-04-03,9,27,0.333333333333333,0.213276711204607,10.9527350426206
Steuben,2020-04-04T00:00:00.000,8,63,31,403,403,63,2020-04-04,8,31,0.258064516129032,0.215068218188955,9.75497388032932
Steuben,2020-04-05T00:00:00.000,12,75,40,443,443,75,2020-04-05,12,40,0.3,0.214548196138286,14.6405789201071
Steuben,2020-04-06T00:00:00.000,0,75,22,465,465,75,2020-04-06,0,22,0,0.211824499172372,0
Steuben,2020-04-07T00:00:00.000,7,82,67,532,532,82,2020-04-07,7,67,0.104477611940299,0.207062122732384,8.51944714986196
Steuben,2020-04-08T00:00:00.000,7,89,50,582,582,89,2020-04-08,7,50,0.14,0.200474008894231,8.49644070293633
Steuben,2020-04-09T00:00:00.000,28,117,97,679,679,117,2020-04-09,28,97,0.288659793814433,0.192311041836392,33.9366077317322
Steuben,2020-04-10T00:00:00.000,2,119,28,707,707,119,2020-04-10,2,28,0.0714285714285714,0.182851227354878,2.41747846694277
Steuben,2020-04-11T00:00:00.000,2,121,12,719,719,121,2020-04-11,2,12,0.166666666666667,0.172388176307976,2.40822922319556
Steuben,2020-04-12T00:00:00.000,2,123,10,729,729,123,2020-04-12,2,10,0.2,0.161219227034349,2.39663538568698
Steuben,2020-04-13T00:00:00.000,24,147,90,819,819,147,2020-04-13,24,90,0.266666666666667,0.149633765490985,28.5985476390991
Steuben,2020-04-14T00:00:00.000,4,151,24,843,843,151,2020-04-14,4,24,0.166666666666667,0.137902456406005,4.74262229861132
Steuben,2020-04-15T00:00:00.000,3,154,20,863,863,154,2020-04-15,3,20,0.15,0.12626812742539,3.53747635718417
Steuben,2020-04-16T00:00:00.000,0,154,25,888,888,154,2020-04-16,0,25,0,0.114938932551701,0
Steuben,2020-04-17T00:00:00.000,6,160,92,980,980,160,2020-04-17,6,92,0.0652173913043478,0.104084183226373,6.99119396336113
Steuben,2020-04-18T00:00:00.000,7,167,100,1080,1080,167,2020-04-18,7,100,0.07,0.0938329302951502,8.12294927841584
Steuben,2020-04-19T00:00:00.000,0,167,4,1084,1084,167,2020-04-19,0,4,0,0.0842750761198348,0
Steuben,2020-04-20T00:00:00.000,3,170,33,1117,1117,170,2020-04-20,3,33,0.0909090909090909,0.0754645538808379,3.45047031050822
Steuben,2020-04-21T00:00:00.000,1,171,41,1158,1158,171,2020-04-21,1,41,0.024390243902439,0.0674239681435181,1.14481932291286
Steuben,2020-04-22T00:00:00.000,0,171,24,1182,1182,171,2020-04-22,0,24,0,0.06015005521261,0
Steuben,2020-04-23T00:00:00.000,0,171,28,1210,1210,171,2020-04-23,0,28,0,0.0536193774678599,0
Steuben,2020-04-24T00:00:00.000,33,204,556,1766,1766,204,2020-04-24,33,556,0.0593525179856115,0.0477937819964591,37.2507238713971
Steuben,2020-04-25T00:00:00.000,3,207,35,1801,1801,207,2020-04-25,3,35,0.0857142857142857,0.0426252963642591,3.3710188016379
Steuben,2020-04-26T00:00:00.000,2,209,10,1811,1811,209,2020-04-26,2,10,0.2,0.0380602747842714,2.23743906037035
Steuben,2020-04-27T00:00:00.000,1,210,58,1869,1869,210,2020-04-27,1,58,0.0172413793103448,0.0340427270564418,1.11398964690791
Steuben,2020-04-28T00:00:00.000,4,214,105,1974,1974,214,2020-04-28,4,105,0.0380952380952381,0.0305168515407647,4.43744877193132
Steuben,2020-04-29T00:00:00.000,2,216,63,2037,2037,216,2020-04-29,2,63,0.0317460317460317,0.0274288509561353,2.20992326191752
Steuben,2020-04-30T00:00:00.000,0,216,42,2079,2079,216,2020-04-30,0,42,0,0.0247281401038875,0
Steuben,2020-05-01T00:00:00.000,1,217,62,2141,2141,217,2020-05-01,1,62,0.0161290322580645,0.0223680640934271,1.09707637791029
Steuben,2020-05-02T00:00:00.000,1,218,41,2182,2182,218,2020-05-02,1,41,0.024390243902439,0.020306241016985,1.09361458205294
Steuben,2020-05-03T00:00:00.000,1,219,70,2252,2252,219,2020-05-03,1,70,0.0142857142857143,0.0185046301995398,1.09221127648699
Steuben,2020-05-04T00:00:00.000,2,221,90,2342,2342,221,2020-05-04,2,90,0.0222222222222222,0.0169294106044895,2.18969506180324
Steuben,2020-05-05T00:00:00.000,2,223,114,2456,2456,223,2020-05-05,2,114,0.0175438596491228,0.0155507367957874,2.19051510732204
Steuben,2020-05-06T00:00:00.000,1,224,66,2522,2522,224,2020-05-06,1,66,0.0151515151515152,0.0143424239323002,1.09546180847774
Steuben,2020-05-07T00:00:00.000,1,225,101,2623,2623,225,2020-05-07,1,101,0.0099009900990099,0.0132815995056124,1.09545172066427
Steuben,2020-05-08T00:00:00.000,1,226,228,2851,2851,226,2020-05-08,1,228,0.0043859649122807,0.0123483482874962,1.09373209509011
Steuben,2020-05-09T00:00:00.000,1,227,73,2924,2924,227,2020-05-09,1,73,0.0136986301369863,0.011525368134951,1.09187073129921
Steuben,2020-05-10T00:00:00.000,1,228,58,2982,2982,228,2020-05-10,1,58,0.0172413793103448,0.0107976476410533,1.0902387429495
Steuben,2020-05-11T00:00:00.000,1,229,90,3072,3072,229,2020-05-11,1,90,0.0111111111111111,0.0101521717639042,1.09226965312626
Steuben,2020-05-12T00:00:00.000,1,230,306,3378,3378,230,2020-05-12,1,306,0.00326797385620915,0.00957765814568637,1.09529388334731
Steuben,2020-05-13T00:00:00.000,0,230,103,3481,3481,230,2020-05-13,0,103,0,0.00906432451014857,0
Steuben,2020-05-14T00:00:00.000,1,231,110,3591,3591,231,2020-05-14,1,110,0.00909090909090909,0.00860368601943801,1.10158466074996
Steuben,2020-05-15T00:00:00.000,2,233,68,3659,3659,233,2020-05-15,2,68,0.0294117647058824,0.00818838055234708,2.20947574294208
Steuben,2020-05-16T00:00:00.000,1,234,97,3756,3756,234,2020-05-16,1,97,0.0103092783505155,0.00781201934916874,1.11050999982231
Steuben,2020-05-17T00:00:00.000,1,235,67,3823,3823,235,2020-05-17,1,67,0.0149253731343284,0.00746906023555598,1.11712423753502
Steuben,2020-05-18T00:00:00.000,1,236,126,3949,3949,236,2020-05-18,1,126,0.00793650793650794,0.00715470057724982,1.12323254964271
Steuben,2020-05-19T00:00:00.000,1,237,314,4263,4263,237,2020-05-19,1,314,0.00318471337579618,0.00686478718424547,1.13278720999452
Steuben,2020-05-20T00:00:00.000,1,238,133,4396,4396,238,2020-05-20,1,133,0.0075187969924812,0.00659574051111182,1.14186381097465
Steuben,2020-05-21T00:00:00.000,2,240,161,4557,4557,240,2020-05-21,2,161,0.0124223602484472,0.00634449068535735,2.30073028179916
Steuben,2020-05-22T00:00:00.000,0,240,114,4671,4671,240,2020-05-22,0,114,0,0.00610842310675637,0
Steuben,2020-05-23T00:00:00.000,0,240,83,4754,4754,240,2020-05-23,0,83,0,0.00588533159501955,0
Steuben,2020-05-24T00:00:00.000,0,240,72,4826,4826,240,2020-05-24,0,72,0,0.00567337731906352,0
Steuben,2020-05-25T00:00:00.000,0,240,79,4905,4905,240,2020-05-25,0,79,0,0.00547105200459453,0
Steuben,2020-05-26T00:00:00.000,1,241,221,5126,5126,241,2020-05-26,1,221,0.00452488687782805,0.00527714419704096,1.16013327537694
Steuben,2020-05-27T00:00:00.000,0,241,132,5258,5258,241,2020-05-27,0,132,0,0.0050907076322716,0
Steuben,2020-05-28T00:00:00.000,0,241,98,5356,5356,241,2020-05-28,0,98,0,0.00491103104351811,0
Steuben,2020-05-29T00:00:00.000,0,241,133,5489,5489,241,2020-05-29,0,133,0,0.00473760899065177,0
Steuben,2020-05-30T00:00:00.000,0,241,122,5611,5611,241,2020-05-30,0,122,0,0.00457011353149691,0
Steuben,2020-05-31T00:00:00.000,0,241,91,5702,5702,241,2020-05-31,0,91,0,0.00440836675274632,0
Steuben,2020-06-01T00:00:00.000,1,242,133,5835,5835,242,2020-06-01,1,133,0.0075187969924812,0.00425231433499524,1.13523009979251
Steuben,2020-06-02T00:00:00.000,1,243,332,6167,6167,243,2020-06-02,1,332,0.00301204819277108,0.00410200043230629,1.13120800622266
Steuben,2020-06-03T00:00:00.000,2,245,187,6354,6354,245,2020-06-03,2,187,0.0106951871657754,0.00395754420515956,2.25299717511446
Steuben,2020-06-04T00:00:00.000,1,246,148,6502,6502,246,2020-06-04,1,148,0.00675675675675676,0.00381911835653649,1.12114447029826
Steuben,2020-06-05T00:00:00.000,5,251,360,6862,6862,251,2020-06-05,5,360,0.0138888888888889,0.0036869299871111,5.58132038615146
Steuben,2020-06-06T00:00:00.000,0,251,120,6982,6982,251,2020-06-06,0,120,0,0.00356120402035052,0
Steuben,2020-06-07T00:00:00.000,0,251,162,7144,7144,251,2020-06-07,0,162,0,0.00344216935872866,0
Steuben,2020-06-08T00:00:00.000,1,252,196,7340,7340,252,2020-06-08,1,196,0.00510204081632653,0.00333004782925736,1.10228006138228
Steuben,2020-06-09T00:00:00.000,1,253,238,7578,7578,253,2020-06-09,1,238,0.00420168067226891,0.00322504587110643,1.09745675141794
Steuben,2020-06-10T00:00:00.000,1,254,374,7952,7952,254,2020-06-10,1,374,0.00267379679144385,0.00312734882066223,1.09744026397493
Steuben,2020-06-11T00:00:00.000,0,254,239,8191,8191,254,2020-06-11,0,239,0,0.00303711756427447,0
Steuben,2020-06-12T00:00:00.000,1,255,278,8469,8469,255,2020-06-12,1,278,0.00359712230215827,0.00295448726245296,1.09672207364567
Steuben,2020-06-13T00:00:00.000,0,255,158,8627,8627,255,2020-06-13,0,158,0,0.00287956780369889,0
Steuben,2020-06-14T00:00:00.000,1,256,198,8825,8825,256,2020-06-14,1,198,0.00505050505050505,0.00281244562013459,1.09528674918911
Steuben,2020-06-15T00:00:00.000,1,257,346,9171,9171,257,2020-06-15,1,346,0.00289017341040462,0.00275318648989217,1.09437410205368
Steuben,2020-06-16T00:00:00.000,0,257,306,9477,9477,257,2020-06-16,0,306,0,0.00270183895849247,0
Steuben,2020-06-17T00:00:00.000,0,257,359,9836,9836,257,2020-06-17,0,359,0,0.00265843803025571,0
Steuben,2020-06-18T00:00:00.000,0,257,257,10093,10093,257,2020-06-18,0,257,0,0.00262300880681035,0
Steuben,2020-06-19T00:00:00.000,4,261,133,10226,10226,261,2020-06-19,4,133,0.0300751879699248,0.00259556977850292,4.35990042369987
Steuben,2020-06-20T00:00:00.000,0,261,172,10398,10398,261,2020-06-20,0,172,0,0.00257613550447331,0
Steuben,2020-06-21T00:00:00.000,2,263,204,10602,10602,263,2020-06-21,2,204,0.00980392156862745,0.00256471844455913,2.17537755458473
Steuben,2020-06-22T00:00:00.000,0,263,163,10765,10765,263,2020-06-22,0,163,0,0.00256132973095733,0
Steuben,2020-06-23T00:00:00.000,0,263,263,11028,11028,263,2020-06-23,0,263,0,0.00256597868907382,0
Steuben,2020-06-24T00:00:00.000,1,264,245,11273,11273,264,2020-06-24,1,245,0.00408163265306122,0.00257867093721608,1.08458309658904
Steuben,2020-06-25T00:00:00.000,0,264,220,11493,11493,264,2020-06-25,0,220,0,0.00259940491297493,0
Steuben,2020-06-26T00:00:00.000,0,264,178,11671,11671,264,2020-06-26,0,178,0,0.00262816669849363,0
Steuben,2020-06-27T00:00:00.000,2,266,236,11907,11907,266,2020-06-27,2,236,0.00847457627118644,0.00266492304412346,2.16401826639314
Steuben,2020-06-28T00:00:00.000,0,266,171,12078,12078,266,2020-06-28,0,171,0,0.00270961253072532,0
Steuben,2020-06-29T00:00:00.000,0,266,165,12243,12243,266,2020-06-29,0,165,0,0.00276213486584176,0
Steuben,2020-06-30T00:00:00.000,2,268,402,12645,12645,268,2020-06-30,2,402,0.00497512437810945,0.00282233838306867,2.15973545137303
Steuben,2020-07-01T00:00:00.000,0,268,213,12858,12858,268,2020-07-01,0,213,0,0.00289000591227049,0
Steuben,2020-07-02T00:00:00.000,0,268,201,13059,13059,268,2020-07-02,0,201,0,0.00296483931125467,0
Steuben,2020-07-03T00:00:00.000,1,269,282,13341,13341,269,2020-07-03,1,282,0.00354609929078014,0.00304644309730131,1.07633651133027
Steuben,2020-07-04T00:00:00.000,1,270,209,13550,13550,270,2020-07-04,1,209,0.00478468899521531,0.00313430778861738,1.07701349055546
Steuben,2020-07-05T00:00:00.000,1,271,252,13802,13802,271,2020-07-05,1,252,0.00396825396825397,0.00322779375000182,1.07615954439891
Steuben,2020-07-06T00:00:00.000,0,271,195,13997,13997,271,2020-07-06,0,195,0,0.00332611652609494,0
Steuben,2020-07-07T00:00:00.000,0,271,223,14220,14220,271,2020-07-07,0,223,0,0.00342833481956083,0
Steuben,2020-07-08T00:00:00.000,1,272,199,14419,14419,272,2020-07-08,1,199,0.0050251256281407,0.0035333424090252,1.07691028990396
Steuben,2020-07-09T00:00:00.000,0,272,182,14601,14601,272,2020-07-09,0,182,0,0.00363986537839685,0
Steuben,2020-07-10T00:00:00.000,2,274,183,14784,14784,274,2020-07-10,2,183,0.0109289617486339,0.00374646601483135,2.15475235017603
Steuben,2020-07-11T00:00:00.000,0,274,247,15031,15031,274,2020-07-11,0,247,0,0.00385155460426204,0
Steuben,2020-07-12T00:00:00.000,2,276,101,15132,15132,276,2020-07-12,2,101,0.0198019801980198,0.00395341008937804,2.15357233949968
Steuben,2020-07-13T00:00:00.000,2,278,292,15424,15424,278,2020-07-13,2,292,0.00684931506849315,0.00405021014353997,2.15208565340702
Steuben,2020-07-14T00:00:00.000,1,279,402,15826,15826,279,2020-07-14,1,402,0.00248756218905473,0.00414007066526165,1.07497620854983
Steuben,2020-07-15T00:00:00.000,0,279,299,16125,16125,279,2020-07-15,0,299,0,0.00422109402736239,0
Steuben,2020-07-16T00:00:00.000,0,279,254,16379,16379,279,2020-07-16,0,254,0,0.00429142467443077,0
Steuben,2020-07-17T00:00:00.000,1,280,228,16607,16607,280,2020-07-17,1,228,0.0043859649122807,0.00434930990688202,1.07118241867973
Steuben,2020-07-18T00:00:00.000,1,281,178,16785,16785,281,2020-07-18,1,178,0.00561797752808989,0.00439316300171972,1.0731036941215
Steuben,2020-07-19T00:00:00.000,1,282,172,16957,16957,282,2020-07-19,1,172,0.00581395348837209,0.00442162527950247,1.0741891369543
Steuben,2020-07-20T00:00:00.000,1,283,119,17076,17076,283,2020-07-20,1,119,0.00840336134453781,0.00443362341540832,1.07441326282595
Steuben,2020-07-21T00:00:00.000,0,283,324,17400,17400,283,2020-07-21,0,324,0,0.00442841826975163,0
Steuben,2020-07-22T00:00:00.000,1,284,359,17759,17759,284,2020-07-22,1,359,0.00278551532033426,0.0044056418222411,1.07187208483237
Steuben,2020-07-23T00:00:00.000,1,285,226,17985,17985,285,2020-07-23,1,226,0.00442477876106195,0.00436531942432875,1.06927511464287
Steuben,2020-07-24T00:00:00.000,3,288,297,18282,18282,288,2020-07-24,3,297,0.0101010101010101,0.0043078755067657,3.21103089283649
Steuben,2020-07-25T00:00:00.000,0,288,179,18461,18461,288,2020-07-25,0,179,0,0.00423412200632027,0
Steuben,2020-07-26T00:00:00.000,0,288,187,18648,18648,288,2020-07-26,0,187,0,0.00414523000483298,0
Steuben,2020-07-27T00:00:00.000,1,289,161,18809,18809,289,2020-07-27,1,161,0.0062111801242236,0.00404268627926533,1.06723878969952
Steuben,2020-07-28T00:00:00.000,1,290,330,19139,19139,290,2020-07-28,1,330,0.00303030303030303,0.00392823751826372,1.0639716706191
Steuben,2020-07-29T00:00:00.000,0,290,393,19532,19532,290,2020-07-29,0,393,0,0.0038038257631871,0
Steuben,2020-07-30T00:00:00.000,0,290,266,19798,19798,290,2020-07-30,0,266,0,0.00367151910748969,0
Steuben,2020-07-31T00:00:00.000,0,290,216,20014,20014,290,2020-07-31,0,216,0,0.00353344179766137,0
Steuben,2020-08-01T00:00:00.000,2,292,147,20161,20161,292,2020-08-01,2,147,0.0136054421768707,0.00339170764144897,2.08870058124077
Steuben,2020-08-02T00:00:00.000,0,292,95,20256,20256,292,2020-08-02,0,95,0,0.00324836008594885,0
Steuben,2020-08-03T00:00:00.000,2,294,171,20427,20427,294,2020-08-03,2,171,0.0116959064327485,0.00310532156558298,2.06513890955241
Steuben,2020-08-04T00:00:00.000,3,297,423,20850,20850,297,2020-08-04,3,423,0.00709219858156028,0.0029643538336316,3.07759731635705
Steuben,2020-08-05T00:00:00.000,0,297,253,21103,21103,297,2020-08-05,0,253,0,0.00282703007933186,0
Steuben,2020-08-06T00:00:00.000,0,297,221,21324,21324,297,2020-08-06,0,221,0,0.00269471878489073,0
Steuben,2020-08-07T00:00:00.000,1,298,203,21527,21527,298,2020-08-07,1,203,0.00492610837438424,0.00256857856490462,1.01133749884378
Steuben,2020-08-08T00:00:00.000,0,298,298,21825,21825,298,2020-08-08,0,298,0,0.0024495626936292,0
Steuben,2020-08-09T00:00:00.000,0,298,218,22043,22043,298,2020-08-09,0,218,0,0.00233843168406519,0
Steuben,2020-08-10T00:00:00.000,2,300,380,22423,22423,300,2020-08-10,2,380,0.00526315789473684,0.00223577213158368,2.00341818223256
Steuben,2020-08-11T00:00:00.000,0,300,325,22748,22748,300,2020-08-11,0,325,0,0.00214202004667226,0
Steuben,2020-08-12T00:00:00.000,1,301,320,23068,23068,301,2020-08-12,1,320,0.003125,0.00205748704576524,0.994420413759313
Steuben,2020-08-13T00:00:00.000,2,303,275,23343,23343,303,2020-08-13,2,275,0.00727272727272727,0.00198238800409488,1.9814205790802
Steuben,2020-08-14T00:00:00.000,3,306,348,23691,23691,306,2020-08-14,3,348,0.00862068965517241,0.00191686906151439,2.96541088009788
Steuben,2020-08-15T00:00:00.000,0,306,388,24079,24079,306,2020-08-15,0,388,0,0.00186103517814546,0
Steuben,2020-08-16T00:00:00.000,1,307,237,24316,24316,307,2020-08-16,1,237,0.00421940928270042,0.00181497673556685,0.988699239816094
Steuben,2020-08-17T00:00:00.000,0,307,156,24472,24472,307,2020-08-17,0,156,0,0.00177879494909666,0
Steuben,2020-08-18T00:00:00.000,0,307,286,24758,24758,307,2020-08-18,0,286,0,0.00175262609077087,0
Steuben,2020-08-19T00:00:00.000,0,307,204,24962,24962,307,2020-08-19,0,204,0,0.00173666471226987,0
Steuben,2020-08-20T00:00:00.000,1,308,380,25342,25342,308,2020-08-20,1,380,0.00263157894736842,0.00173118620284701,0.987055989517327
Steuben,2020-08-21T00:00:00.000,1,309,316,25658,25658,309,2020-08-21,1,316,0.00316455696202532,0.00173656912327979,0.987618570147658
Steuben,2020-08-22T00:00:00.000,1,310,241,25899,25899,310,2020-08-22,1,241,0.004149377593361,0.00175331782509375,0.988772032364861
Steuben,2020-08-23T00:00:00.000,0,310,295,26194,26194,310,2020-08-23,0,295,0,0.00178208589777175,0
Steuben,2020-08-24T00:00:00.000,0,310,156,26350,26350,310,2020-08-24,0,156,0,0.00182370099134252,0
Steuben,2020-08-25T00:00:00.000,0,310,299,26649,26649,310,2020-08-25,0,299,0,0.00187919153225859,0
Steuben,2020-08-26T00:00:00.000,1,311,263,26912,26912,311,2020-08-26,1,263,0.00380228136882129,0.00194981578933646,1.00235363640654
Steuben,2020-08-27T00:00:00.000,1,312,337,27249,27249,312,2020-08-27,1,337,0.0029673590504451,0.00203709364372527,1.00573232747601
Steuben,2020-08-28T00:00:00.000,1,313,360,27609,27609,313,2020-08-28,1,360,0.00277777777777778,0.00214284126578295,1.01194827733134
Steuben,2020-08-29T00:00:00.000,2,315,213,27822,27822,315,2020-08-29,2,213,0.00938967136150235,0.00226920868655842,2.04085959740688
Steuben,2020-08-30T00:00:00.000,0,315,246,28068,28068,315,2020-08-30,0,246,0,0.00241871996007086,0
Steuben,2020-08-31T00:00:00.000,0,315,230,28298,28298,315,2020-08-31,0,230,0,0.00259431522241311,0
Steuben,2020-09-01T00:00:00.000,0,315,273,28571,28571,315,2020-09-01,0,273,0,0.00279939345068842,0
Steuben,2020-09-02T00:00:00.000,1,316,286,28857,28857,316,2020-09-02,1,286,0.0034965034965035,0.00303785408989336,1.06091138071579
Steuben,2020-09-03T00:00:00.000,3,319,163,29020,29020,319,2020-09-03,3,163,0.0184049079754601,0.00331413494189439,3.21756222118526
Steuben,2020-09-04T00:00:00.000,0,319,237,29257,29257,319,2020-09-04,0,237,0,0.00363324279698294,0
Steuben,2020-09-05T00:00:00.000,1,320,150,29407,29407,320,2020-09-05,1,150,0.00666666666666667,0.00400077225892497,1.09722022329574
Steuben,2020-09-06T00:00:00.000,0,320,134,29541,29541,320,2020-09-06,0,134,0,0.00442290711312409,0
Steuben,2020-09-07T00:00:00.000,3,323,139,29680,29680,323,2020-09-07,3,139,0.0215827338129496,0.00490639749949769,3.37035854134334
Steuben,2020-09-08T00:00:00.000,2,325,338,30018,30018,325,2020-09-08,2,338,0.00591715976331361,0.00545850519911389,2.2735607762983
Steuben,2020-09-09T00:00:00.000,0,325,401,30419,30419,325,2020-09-09,0,401,0,0.00608690870329934,0
Steuben,2020-09-10T00:00:00.000,1,326,83,30502,30502,326,2020-09-10,1,83,0.0120481927710843,0.00679955961670148,1.16374303235715
Steuben,2020-09-11T00:00:00.000,0,326,307,30809,30809,326,2020-09-11,0,307,0,0.00760448261211697,0
Steuben,2020-09-12T00:00:00.000,0,326,132,30941,30941,326,2020-09-12,0,132,0,0.00850951285994707,0
Steuben,2020-09-13T00:00:00.000,0,326,277,31218,31218,326,2020-09-13,0,277,0,0.00952196783982693,0
Steuben,2020-09-14T00:00:00.000,5,331,339,31557,31557,331,2020-09-14,5,339,0.0147492625368732,0.0106482548515027,6.1296427329739
Steuben,2020-09-15T00:00:00.000,3,334,273,31830,31830,334,2020-09-15,3,273,0.010989010989011,0.011893421390151,3.72299150443692
Steuben,2020-09-16T00:00:00.000,5,339,346,32176,32176,339,2020-09-16,5,346,0.0144508670520231,0.0132606626208458,6.27771471602259
Steuben,2020-09-17T00:00:00.000,3,342,265,32441,32441,342,2020-09-17,3,265,0.0113207547169811,0.0147508080128625,3.8083242920236
Steuben,2020-09-18T00:00:00.000,2,344,316,32757,32757,344,2020-09-18,2,316,0.00632911392405063,0.0163618170162738,2.56513608406102
Steuben,2020-09-19T00:00:00.000,6,350,373,33130,33130,350,2020-09-19,6,373,0.0160857908847185,0.0180883204648169,7.76136485022235
Steuben,2020-09-20T00:00:00.000,3,353,195,33325,33325,353,2020-09-20,3,195,0.0153846153846154,0.0199212490204379,3.90895197048963
Steuben,2020-09-21T00:00:00.000,7,360,317,33642,33642,360,2020-09-21,7,317,0.0220820189274448,0.0218475912429214,9.17884134353544
Steuben,2020-09-22T00:00:00.000,6,366,440,34082,34082,366,2020-09-22,6,440,0.0136363636363636,0.0238503208765098,7.90992967612603
Steuben,2020-09-23T00:00:00.000,10,376,347,34429,34429,376,2020-09-23,10,347,0.0288184438040346,0.0259085251457017,13.2409458998194
Steuben,2020-09-24T00:00:00.000,11,387,305,34734,34734,387,2020-09-24,11,305,0.0360655737704918,0.0279977534136837,14.6138238748047
Steuben,2020-09-25T00:00:00.000,17,404,488,35222,35222,404,2020-09-25,17,488,0.0348360655737705,0.0300905893217585,22.7128490138817
Steuben,2020-09-26T00:00:00.000,12,416,387,35609,35609,416,2020-09-26,12,387,0.0310077519379845,0.0321574310239861,16.1521490105701
Steuben,2020-09-27T00:00:00.000,4,420,170,35779,35779,420,2020-09-27,4,170,0.0235294117647059,0.0341674454297902,5.41830537871325
Steuben,2020-09-28T00:00:00.000,30,450,517,36296,36296,450,2020-09-28,30,517,0.058027079303675,0.0360896456959881,40.8511087605
Steuben,2020-09-29T00:00:00.000,3,453,407,36703,36703,453,2020-09-29,3,407,0.00737100737100737,0.0378940286474701,4.10211252351433
Steuben,2020-09-30T00:00:00.000,11,464,440,37143,37143,464,2020-09-30,11,440,0.025,0.0395527019629938,15.0872608401695
Steuben,2020-10-01T00:00:00.000,35,499,413,37556,37556,499,2020-10-01,35,413,0.0847457627118644,0.0410409306217104,48.100640590882
Steuben,2020-10-02T00:00:00.000,21,520,456,38012,38012,520,2020-10-02,21,456,0.0460526315789474,0.0423380382614005,28.887483337834
Steuben,2020-10-03T00:00:00.000,14,534,354,38366,38366,534,2020-10-03,14,354,0.0395480225988701,0.0434281108958581,19.2566127992422
Steuben,2020-10-04T00:00:00.000,6,540,242,38608,38608,540,2020-10-04,6,242,0.0247933884297521,0.0443004663722432,8.24388879221217
Steuben,2020-10-05T00:00:00.000,30,570,578,39186,39186,570,2020-10-05,30,578,0.0519031141868512,0.0449498711936226,41.1352895197304
Steuben,2020-10-06T00:00:00.000,15,585,567,39753,39753,585,2020-10-06,15,567,0.0264550264550265,0.0453765049389006,20.5068141454718
Steuben,2020-10-07T00:00:00.000,23,608,492,40245,40245,608,2020-10-07,23,492,0.0467479674796748,0.0455856896953433,31.3234158641959
Steuben,2020-10-08T00:00:00.000,24,632,412,40657,40657,632,2020-10-08,24,412,0.058252427184466,0.0455874162613215,32.5333360962171
Steuben,2020-10-09T00:00:00.000,28,660,676,41333,41333,660,2020-10-09,28,676,0.0414201183431953,0.0453957094032215,37.7462636239665
Steuben,2020-10-10T00:00:00.000,30,690,564,41897,41897,690,2020-10-10,30,564,0.0531914893617021,0.0450278806720881,40.190148310946
Steuben,2020-10-11T00:00:00.000,12,702,400,42297,42297,702,2020-10-11,12,400,0.03,0.0445037192068852,15.9653881868046
Steuben,2020-10-12T00:00:00.000,29,731,617,42914,42914,731,2020-10-12,29,617,0.0470016207455429,0.0438446689190386,38.2946834676269
Steuben,2020-10-13T00:00:00.000,16,747,389,43303,43303,747,2020-10-13,16,389,0.0411311053984576,0.0430730352065769,20.9589951559841
Steuben,2020-10-14T00:00:00.000,17,764,368,43671,43671,764,2020-10-14,17,368,0.046195652173913,0.0422112567010856,22.0990223820376
Steuben,2020-10-15T00:00:00.000,53,817,522,44193,44193,817,2020-10-15,53,522,0.101532567049808,0.0412812685323965,68.3925580752963
Steuben,2020-10-16T00:00:00.000,30,847,558,44751,44751,847,2020-10-16,30,558,0.0537634408602151,0.0403039740893935,38.4884326436216
Steuben,2020-10-17T00:00:00.000,10,857,417,45168,45168,857,2020-10-17,10,417,0.0239808153477218,0.0392988331420419,12.7581474359655
Steuben,2020-10-18T00:00:00.000,16,873,475,45643,45643,873,2020-10-18,16,475,0.0336842105263158,0.0382835660926311,20.2996712167625
Steuben,2020-10-19T00:00:00.000,11,884,472,46115,46115,884,2020-10-19,11,472,0.0233050847457627,0.0372739675027323,13.8891990706839
Steuben,2020-10-20T00:00:00.000,14,898,494,46609,46609,898,2020-10-20,14,494,0.0283400809716599,0.0362838171576293,17.6110225151402
Steuben,2020-10-21T00:00:00.000,17,915,758,47367,47367,915,2020-10-21,17,758,0.0224274406332454,0.0353248737614632,21.3030333667046
Steuben,2020-10-22T00:00:00.000,14,929,529,47896,47896,929,2020-10-22,14,529,0.0264650283553875,0.0344069348372956,17.4825854447208
Steuben,2020-10-23T00:00:00.000,22,951,696,48592,48592,951,2020-10-23,22,696,0.0316091954022989,0.0335379462547474,27.3683395417904
Steuben,2020-10-24T00:00:00.000,11,962,384,48976,48976,962,2020-10-24,11,384,0.0286458333333333,0.0327241457331154,13.6282267274843
Steuben,2020-10-25T00:00:00.000,8,970,438,49414,49414,970,2020-10-25,8,438,0.0182648401826484,0.0319702263659365,9.86824361862326
Steuben,2020-10-26T00:00:00.000,14,984,616,50030,50030,984,2020-10-26,14,616,0.0227272727272727,0.0312795083324376,17.1898770676446
Steuben,2020-10-27T00:00:00.000,21,1005,499,50529,50529,1005,2020-10-27,21,499,0.0420841683366733,0.0306541093261102,25.6601726705803
Steuben,2020-10-28T00:00:00.000,20,1025,661,51190,51190,1025,2020-10-28,20,661,0.0302571860816944,0.0300951065231278,24.3150506096074
Steuben,2020-10-29T00:00:00.000,16,1041,844,52034,52034,1041,2020-10-29,16,844,0.018957345971564,0.0296026851223814,19.3502992137767
Steuben,2020-10-30T00:00:00.000,17,1058,759,52793,52793,1058,2020-10-30,17,759,0.0223978919631094,0.02917627039545,20.4486465575847
Steuben,2020-10-31T00:00:00.000,29,1087,437,53230,53230,1087,2020-10-31,29,437,0.0663615560640732,0.0288146418667954,34.6892046025588
Steuben,2020-11-01T00:00:00.000,22,1109,428,53658,53658,1109,2020-11-01,22,428,0.0514018691588785,0.0285160295836826,26.1661185789203
Steuben,2020-11-02T00:00:00.000,22,1131,560,54218,54218,1131,2020-11-02,22,560,0.0392857142857143,0.0282781935536779,26.0139019648868
Steuben,2020-11-03T00:00:00.000,14,1145,483,54701,54701,1145,2020-11-03,14,483,0.0289855072463768,0.0280984882601078,16.456171150172
Steuben,2020-11-04T00:00:00.000,14,1159,665,55366,55366,1159,2020-11-04,14,665,0.0210526315789474,0.0279739148150749,16.3570068104053
Steuben,2020-11-05T00:00:00.000,17,1176,1001,56367,56367,1176,2020-11-05,17,1001,0.016983016983017,0.0279011637712901,19.7406634118989
Steuben,2020-11-06T00:00:00.000,24,1200,822,57189,57189,1200,2020-11-06,24,822,0.0291970802919708,0.0278766519121822,27.6966677570144
Steuben,2020-11-07T00:00:00.000,25,1225,814,58003,58003,1225,2020-11-07,25,814,0.0307125307125307,0.0278965565239935,28.670166912907
Steuben,2020-11-08T00:00:00.000,4,1229,491,58494,58494,1229,2020-11-08,4,491,0.00814663951120163,0.0279568506720144,4.55794165166009
Steuben,2020-11-09T00:00:00.000,20,1249,757,59251,59251,1249,2020-11-09,20,757,0.0264200792602378,0.0280533429281042,22.6500154154093
Steuben,2020-11-10T00:00:00.000,17,1266,1183,60434,60434,1266,2020-11-10,17,1183,0.0143702451394759,0.0281817247501206,19.1699667779071
Steuben,2020-11-11T00:00:00.000,29,1295,1314,61748,61748,1295,2020-11-11,29,1314,0.0220700152207002,0.0283376283655322,32.5946271399635
Steuben,2020-11-12T00:00:00.000,66,1361,1220,62968,62968,1361,2020-11-12,66,1220,0.0540983606557377,0.0285166974899888,74.1926421101717
Steuben,2020-11-13T00:00:00.000,33,1394,823,63791,63791,1394,2020-11-13,33,823,0.040097205346294,0.028714672584593,37.1051533215922
Steuben,2020-11-14T00:00:00.000,22,1416,684,64475,64475,1416,2020-11-14,22,684,0.0321637426900585,0.0289274916275612,24.7439749463523
Steuben,2020-11-15T00:00:00.000,18,1434,472,64947,64947,1434,2020-11-15,18,472,0.038135593220339,0.0291514065662982,20.2515662558489
Steuben,2020-11-16T00:00:00.000,14,1448,572,65519,65519,1448,2020-11-16,14,572,0.0244755244755245,0.0293831148365946,15.7564207234983
Steuben,2020-11-17T00:00:00.000,19,1467,878,66397,66397,1467,2020-11-17,19,878,0.0216400911161731,0.0296199046282485,21.3906380426224
Steuben,2020-11-18T00:00:00.000,21,1488,777,67174,67174,1488,2020-11-18,21,777,0.027027027027027,0.0298598120594399,23.6495237500859
Suffolk,2020-03-01T00:00:00.000,0,0,0,0,0,0,2020-03-01,0,0,0,0.0407659239570735,0
Suffolk,2020-03-02T00:00:00.000,0,0,0,0,0,0,2020-03-02,0,0,0,0.0464208906848126,0
Suffolk,2020-03-03T00:00:00.000,0,0,0,0,0,0,2020-03-03,0,0,0,0.0528138195260338,0
Suffolk,2020-03-04T00:00:00.000,0,0,2,2,2,0,2020-03-04,0,2,0,0.0600219240377144,0
Suffolk,2020-03-05T00:00:00.000,0,0,2,4,4,0,2020-03-05,0,2,0,0.0681221606975143,0
Suffolk,2020-03-06T00:00:00.000,0,0,1,5,5,0,2020-03-06,0,1,0,0.0771883573658248,0
Suffolk,2020-03-07T00:00:00.000,0,0,2,7,7,0,2020-03-07,0,2,0,0.087287687787298,0
Suffolk,2020-03-08T00:00:00.000,1,1,11,18,18,1,2020-03-08,1,11,0.0909090909090909,0.098476554956294,1.56341027748678
Suffolk,2020-03-09T00:00:00.000,0,1,4,22,22,1,2020-03-09,0,4,0,0.110796030740178,0
Suffolk,2020-03-10T00:00:00.000,5,6,24,46,46,6,2020-03-10,5,24,0.208333333333333,0.124267095442271,7.64293948405636
Suffolk,2020-03-11T00:00:00.000,5,11,24,70,70,11,2020-03-11,5,24,0.208333333333333,0.138886016701338,7.55581279975037
Suffolk,2020-03-12T00:00:00.000,11,22,73,143,143,22,2020-03-12,11,73,0.150684931506849,0.154620284926783,16.4313098261036
Suffolk,2020-03-13T00:00:00.000,10,32,79,222,222,32,2020-03-13,10,79,0.126582278481013,0.171405561996838,14.7639434616485
Suffolk,2020-03-14T00:00:00.000,9,41,38,260,260,41,2020-03-14,9,38,0.236842105263158,0.189144082225887,13.1320172393235
Suffolk,2020-03-15T00:00:00.000,22,63,95,355,355,63,2020-03-15,22,95,0.231578947368421,0.207704857745951,31.7229249100803
Suffolk,2020-03-16T00:00:00.000,22,85,109,464,464,85,2020-03-16,22,109,0.201834862385321,0.226925884893053,31.3489865295029
Suffolk,2020-03-17T00:00:00.000,31,116,179,643,643,116,2020-03-17,31,179,0.173184357541899,0.246618340405177,43.6533236263196
Suffolk,2020-03-18T00:00:00.000,62,178,361,1004,1004,178,2020-03-18,62,361,0.171745152354571,0.266572527080274,86.1265549963059
Suffolk,2020-03-19T00:00:00.000,193,371,766,1770,1770,371,2020-03-19,193,766,0.251958224543081,0.286565118194914,265.070318766391
Suffolk,2020-03-20T00:00:00.000,290,661,1461,3231,3231,661,2020-03-20,290,1461,0.198494182067077,0.306367097510907,393.852120754521
Suffolk,2020-03-21T00:00:00.000,373,1034,1578,4809,4809,1034,2020-03-21,373,1578,0.23637515842839,0.32575172564545,500.200896862024
Suffolk,2020-03-22T00:00:00.000,424,1458,1153,5962,5962,1458,2020-03-22,424,1153,0.367736339982654,0.344501893649798,563.901657356526
Suffolk,2020-03-23T00:00:00.000,422,1880,1047,7009,7009,1880,2020-03-23,422,1047,0.40305635148042,0.362416340391628,560.967123958442
Suffolk,2020-03-24T00:00:00.000,380,2260,854,7863,7863,2260,2020-03-24,380,854,0.444964871194379,0.379314384602712,504.052668005744
Suffolk,2020-03-25T00:00:00.000,475,2735,1189,9052,9052,2735,2020-03-25,475,1189,0.399495374264087,0.39503901997713,627.66716699562
Suffolk,2020-03-26T00:00:00.000,650,3385,1333,10385,10385,3385,2020-03-26,650,1333,0.487621905476369,0.409458408115487,854.98627832087
Suffolk,2020-03-27T00:00:00.000,753,4138,1690,12075,12075,4138,2020-03-27,753,1690,0.445562130177515,0.422465953498856,993.551793756972
Suffolk,2020-03-28T00:00:00.000,885,5023,2155,14230,14230,5023,2020-03-28,885,2155,0.410672853828306,0.433979243181268,1165.74928926011
Suffolk,2020-03-29T00:00:00.000,768,5791,1598,15828,15828,5791,2020-03-29,768,1598,0.480600750938673,0.443938179700152,1008.5153245182
Suffolk,2020-03-30T00:00:00.000,922,6713,1857,17685,17685,6713,2020-03-30,922,1857,0.496499730748519,0.452302635790498,1206.68417831687
Suffolk,2020-03-31T00:00:00.000,892,7605,1620,19305,19305,7605,2020-03-31,892,1620,0.550617283950617,0.459049926148695,1165.79270226632
Suffolk,2020-04-01T00:00:00.000,1141,8746,2148,21453,21453,8746,2020-04-01,1141,2148,0.531191806331471,0.464172337875512,1496.09701916396
Suffolk,2020-04-02T00:00:00.000,1408,10154,2575,24028,24028,10154,2020-04-02,1408,2575,0.546796116504854,0.467674899151073,1850.82997398487
Suffolk,2020-04-03T00:00:00.000,1216,11370,2463,26491,26491,11370,2020-04-03,1216,2463,0.493706861550954,0.469573503862693,1601.36252927717
Suffolk,2020-04-04T00:00:00.000,1035,12405,2200,28691,28691,12405,2020-04-04,1035,2200,0.470454545454545,0.469893453885203,1364.64217564315
Suffolk,2020-04-05T00:00:00.000,1082,13487,2211,30902,30902,13487,2020-04-05,1082,2211,0.489371325192221,0.468668433068389,1427.37586208479
Suffolk,2020-04-06T00:00:00.000,1030,14517,2323,33225,33225,14517,2020-04-06,1030,2323,0.443392165303487,0.465939888410786,1358.80794556832
Suffolk,2020-04-07T00:00:00.000,1327,15844,3139,36364,36364,15844,2020-04-07,1327,3139,0.422746097483275,0.461756763866738,1749.90936898185
Suffolk,2020-04-08T00:00:00.000,1569,17413,3889,40253,40253,17413,2020-04-08,1569,3889,0.403445615839547,0.456175509689523,2067.61333016751
Suffolk,2020-04-09T00:00:00.000,1279,18692,2942,43195,43195,18692,2020-04-09,1279,2942,0.434738273283481,0.449260274326752,1687.4477000344
Suffolk,2020-04-10T00:00:00.000,1191,19883,2556,45751,45751,19883,2020-04-10,1191,2556,0.465962441314554,0.441083176182075,1572.12343488722
Suffolk,2020-04-11T00:00:00.000,933,20816,2215,47966,47966,20816,2020-04-11,933,2215,0.421218961625282,0.431724548828464,1231.45741219646
Suffolk,2020-04-12T00:00:00.000,827,21643,2164,50130,50130,21643,2020-04-12,827,2164,0.382162661737523,0.421273056127005,1090.91814674375
Suffolk,2020-04-13T00:00:00.000,819,22462,2246,52376,52376,22462,2020-04-13,819,2246,0.364648263579697,0.409825583280693,1079.37805574053
Suffolk,2020-04-14T00:00:00.000,816,23278,2135,54511,54511,23278,2020-04-14,816,2135,0.382201405152225,0.397486826757128,1075.5330990181
Suffolk,2020-04-15T00:00:00.000,904,24182,2536,57047,57047,24182,2020-04-15,904,2536,0.356466876971609,0.384368529674017,1191.47828036147
Suffolk,2020-04-16T00:00:00.000,853,25035,2496,59543,59543,25035,2020-04-16,853,2496,0.341746794871795,0.37058833887468,1124.07510696903
Suffolk,2020-04-17T00:00:00.000,1108,26143,3385,62928,62928,26143,2020-04-17,1108,3385,0.327326440177253,0.35626829327823,1460.08824600981
Suffolk,2020-04-18T00:00:00.000,745,26888,2392,65320,65320,26888,2020-04-18,745,2392,0.311454849498328,0.341532987442567,983.738598493651
Suffolk,2020-04-19T00:00:00.000,774,27662,2278,67598,67598,27662,2020-04-19,774,2278,0.339771729587357,0.326507486110873,1023.96696906853
Suffolk,2020-04-20T00:00:00.000,492,28154,1482,69080,69080,28154,2020-04-20,492,1482,0.331983805668016,0.311315091173077,652.030422283443
Suffolk,2020-04-21T00:00:00.000,700,28854,2188,71268,71268,28854,2020-04-21,700,2188,0.319926873857404,0.296075079032186,929.166932552733
Suffolk,2020-04-22T00:00:00.000,713,29567,2428,73696,73696,29567,2020-04-22,713,2428,0.293657331136738,0.28090053162074,947.790883629609
Suffolk,2020-04-23T00:00:00.000,1039,30606,3858,77554,77554,30606,2020-04-23,1039,3858,0.269310523587351,0.265896377775984,1382.92794202725
Suffolk,2020-04-24T00:00:00.000,762,31368,2860,80414,80414,31368,2020-04-24,762,2860,0.266433566433566,0.251157744371203,1015.39089691989
Suffolk,2020-04-25T00:00:00.000,691,32059,2830,83244,83244,32059,2020-04-25,691,2830,0.24416961130742,0.236768690811856,921.687406532965
Suffolk,2020-04-26T00:00:00.000,411,32470,1826,85070,85070,32470,2020-04-26,411,1826,0.225082146768894,0.222801369788767,548.665478269027
Suffolk,2020-04-27T00:00:00.000,254,32724,1429,86499,86499,32724,2020-04-27,254,1429,0.177746675997201,0.209315625135211,339.306830104416
Suffolk,2020-04-28T00:00:00.000,541,33265,2669,89168,89168,33265,2020-04-28,541,2669,0.20269763956538,0.196359007964415,722.972430798506
Suffolk,2020-04-29T00:00:00.000,399,33664,2193,91361,91361,33664,2020-04-29,399,2193,0.181942544459644,0.18396716762312,533.302186331075
Suffolk,2020-04-30T00:00:00.000,373,34037,2207,93568,93568,34037,2020-04-30,373,2207,0.169007702763933,0.172164556249115,498.559234348889
Suffolk,2020-05-01T00:00:00.000,441,34478,2660,96228,96228,34478,2020-05-01,441,2660,0.165789473684211,0.160965375492197,589.367061414875
Suffolk,2020-05-02T00:00:00.000,377,34855,2521,98749,98749,34855,2020-05-02,377,2521,0.149543831812773,0.150374690842986,503.686329293637
Suffolk,2020-05-03T00:00:00.000,222,35077,1640,100389,100389,35077,2020-05-03,222,1640,0.135365853658537,0.140389642008152,296.937533075131
Suffolk,2020-05-04T00:00:00.000,198,35275,1586,101975,101975,35275,2020-05-04,198,1586,0.12484237074401,0.131000685283515,266.000226512422
Suffolk,2020-05-05T00:00:00.000,268,35543,2112,104087,104087,35543,2020-05-05,268,2112,0.126893939393939,0.122192814263448,360.728553868466
Suffolk,2020-05-06T00:00:00.000,349,35892,2668,106755,106755,35892,2020-05-06,349,2668,0.130809595202399,0.113946716996253,470.360230270943
Suffolk,2020-05-07T00:00:00.000,331,36223,2357,109112,109112,36223,2020-05-07,331,2357,0.140432753500212,0.106239839468616,446.400773218505
Suffolk,2020-05-08T00:00:00.000,238,36461,2227,111339,111339,36461,2020-05-08,238,2227,0.106870229007634,0.099047336233208,320.5614593323
Suffolk,2020-05-09T00:00:00.000,241,36702,2556,113895,113895,36702,2020-05-09,241,2556,0.0942879499217527,0.092342898425005,324.013523243996
Suffolk,2020-05-10T00:00:00.000,209,36911,2014,115909,115909,36911,2020-05-10,209,2014,0.10377358490566,0.0860994570645316,280.436813301953
Suffolk,2020-05-11T00:00:00.000,151,37062,1964,117873,117873,37062,2020-05-11,151,1964,0.0768839103869654,0.0802897653770416,202.822876701391
Suffolk,2020-05-12T00:00:00.000,243,37305,2950,120823,120823,37305,2020-05-12,243,2950,0.0823728813559322,0.0748868679818468,326.927587373086
Suffolk,2020-05-13T00:00:00.000,239,37544,3229,124052,124052,37544,2020-05-13,239,3229,0.0740167234437906,0.069864467434322,322.001208555392
Suffolk,2020-05-14T00:00:00.000,175,37719,2777,126829,126829,37719,2020-05-14,175,2777,0.0630176449405834,0.0651972000144277,236.053458454737
Suffolk,2020-05-15T00:00:00.000,223,37942,3048,129877,129877,37942,2020-05-15,223,3048,0.0731627296587927,0.0608608331295523,301.077355548865
Suffolk,2020-05-16T00:00:00.000,175,38117,2818,132695,132695,38117,2020-05-16,175,2818,0.0621007806955287,0.0568323964666681,236.997512757957
Suffolk,2020-05-17T00:00:00.000,107,38224,1948,134643,134643,38224,2020-05-17,107,1948,0.0549281314168378,0.0530902583479662,145.432054669881
Suffolk,2020-05-18T00:00:00.000,103,38327,2118,136761,136761,38327,2020-05-18,103,2118,0.0486307837582625,0.0496141577495887,140.413324119237
Suffolk,2020-05-19T00:00:00.000,84,38411,2416,139177,139177,38411,2020-05-19,84,2416,0.0347682119205298,0.0463852013262801,115.186838822706
Suffolk,2020-05-20T00:00:00.000,142,38553,3623,142800,142800,38553,2020-05-20,142,3623,0.0391940380899807,0.043385833587578,195.754201414618
Suffolk,2020-05-21T00:00:00.000,119,38672,3022,145822,145822,38672,2020-05-21,119,3022,0.0393778954334878,0.0405997872205384,164.814483464972
Suffolk,2020-05-22T00:00:00.000,130,38802,4005,149827,149827,38802,2020-05-22,130,4005,0.0324594257178527,0.0380120194541142,180.683419785041
Suffolk,2020-05-23T00:00:00.000,162,38964,3865,153692,153692,38964,2020-05-23,162,3865,0.0419146183699871,0.0356086393529273,224.984273173006
Suffolk,2020-05-24T00:00:00.000,126,39090,4010,157702,157702,39090,2020-05-24,126,4010,0.0314214463840399,0.0333768300316791,174.689895795535
Suffolk,2020-05-25T00:00:00.000,109,39199,3241,160943,160943,39199,2020-05-25,109,3241,0.0336315951866708,0.0313047689755657,150.713143890823
Suffolk,2020-05-26T00:00:00.000,59,39258,2492,163435,163435,39258,2020-05-26,59,2492,0.0236757624398074,0.0293815489656092,81.2694775474078
Suffolk,2020-05-27T00:00:00.000,101,39359,4482,167917,167917,39359,2020-05-27,101,4482,0.0225345827755466,0.0275971014993818,138.472340969257
Suffolk,2020-05-28T00:00:00.000,86,39445,4591,172508,172508,39445,2020-05-28,86,4591,0.0187323023306469,0.0259421240897345,117.255800218032
Suffolk,2020-05-29T00:00:00.000,87,39532,4388,176896,176896,39532,2020-05-29,87,4388,0.0198268003646308,0.0244080123881403,117.867324620343
Suffolk,2020-05-30T00:00:00.000,111,39643,5138,182034,182034,39643,2020-05-30,111,5138,0.0216037368625924,0.0229867977167752,149.313405474835
Suffolk,2020-05-31T00:00:00.000,62,39705,4294,186328,186328,39705,2020-05-31,62,4294,0.0144387517466232,0.0216710902934205,82.7744443820775
Suffolk,2020-06-01T00:00:00.000,275,39980,4365,190693,190693,39980,2020-06-01,275,4365,0.0630011454753723,0.0204540281941576,365.285085475501
Suffolk,2020-06-02T00:00:00.000,82,40062,4840,195533,195533,40062,2020-06-02,82,4840,0.0169421487603306,0.0193292319052508,108.312408227989
Suffolk,2020-06-03T00:00:00.000,91,40153,5178,200711,200711,40153,2020-06-03,91,5178,0.0175743530320587,0.0182907641722484,119.468291079506
Suffolk,2020-06-04T00:00:00.000,86,40239,5202,205913,205913,40239,2020-06-04,86,5202,0.0165321030372933,0.0173330947514234,112.16344242768
Suffolk,2020-06-05T00:00:00.000,39,40278,5505,211418,211418,40278,2020-06-05,39,5505,0.00708446866485014,0.0164510695968668,50.5573708080059
Suffolk,2020-06-06T00:00:00.000,51,40329,4582,216000,216000,40329,2020-06-06,51,4582,0.0111305106940201,0.0156398839794621,65.7711140476238
Suffolk,2020-06-07T00:00:00.000,48,40377,4833,220833,220833,40377,2020-06-07,48,4833,0.00993171942892613,0.0148950590208173,61.5573852006406
Suffolk,2020-06-08T00:00:00.000,49,40426,4098,224931,224931,40426,2020-06-08,49,4098,0.0119570522205954,0.0142124211315679,62.4467429082307
Suffolk,2020-06-09T00:00:00.000,38,40464,4099,229030,229030,40464,2020-06-09,38,4099,0.0092705537936082,0.013588083865584,48.1540970207415
Suffolk,2020-06-10T00:00:00.000,48,40512,5079,234109,234109,40512,2020-06-10,48,5079,0.00945067926757236,0.0130184317371152,60.7519695207098
Suffolk,2020-06-11T00:00:00.000,47,40559,5206,239315,239315,40559,2020-06-11,47,5206,0.00902804456396466,0.0125001055884834,59.4050265494791
Suffolk,2020-06-12T00:00:00.000,56,40615,5879,245194,245194,40615,2020-06-12,56,5879,0.00952542949481204,0.0120299891408755,70.6745290053712
Suffolk,2020-06-13T00:00:00.000,44,40659,4243,249437,249437,40659,2020-06-13,44,4243,0.010370021211407,0.0116051964073113,55.4404977736775
Suffolk,2020-06-14T00:00:00.000,33,40692,4110,253547,253547,40692,2020-06-14,33,4110,0.00802919708029197,0.0112230596907529,41.5092118499785
Suffolk,2020-06-15T00:00:00.000,46,40738,4866,258413,258413,40738,2020-06-15,46,4866,0.00945334977394164,0.0108811179316229,57.7573724260176
Suffolk,2020-06-16T00:00:00.000,32,40770,4086,262499,262499,40770,2020-06-16,32,4086,0.00783162016642193,0.0105771052048403,40.1040000198974
Suffolk,2020-06-17T00:00:00.000,40,40810,5476,267975,267975,40810,2020-06-17,40,5476,0.00730460189919649,0.0103089391976746,50.0334686404354
Suffolk,2020-06-18T00:00:00.000,54,40864,5570,273545,273545,40864,2020-06-18,54,5570,0.00969479353680431,0.0100747095256851,67.4090784544174
Suffolk,2020-06-19T00:00:00.000,44,40908,4391,277936,277936,40908,2020-06-19,44,4391,0.0100204964700524,0.00987266576400393,54.8137390825127
Suffolk,2020-06-20T00:00:00.000,64,40972,5243,283179,283179,40972,2020-06-20,64,5243,0.0122067518596224,0.00970120508824967,79.5648237515508
Suffolk,2020-06-21T00:00:00.000,38,41010,3952,287131,287131,41010,2020-06-21,38,3952,0.00961538461538462,0.00955885943216483,47.1438321841969
Suffolk,2020-06-22T00:00:00.000,46,41056,3530,290661,290661,41056,2020-06-22,46,3530,0.0130311614730878,0.00944428208053671,56.9505470840191
Suffolk,2020-06-23T00:00:00.000,45,41101,3941,294602,294602,41101,2020-06-23,45,3941,0.0114184217203755,0.00935623362684026,55.5971027436672
Suffolk,2020-06-24T00:00:00.000,50,41151,5529,300131,300131,41151,2020-06-24,50,5529,0.00904322662325918,0.00929356723834586,61.6469348529161
Suffolk,2020-06-25T00:00:00.000,57,41208,5076,305207,305207,41208,2020-06-25,57,5076,0.0112293144208038,0.00925521318517198,70.1328026533184
Suffolk,2020-06-26T00:00:00.000,45,41253,4615,309822,309822,41253,2020-06-26,45,4615,0.00975081256771398,0.00924016261284693,55.2543897109557
Suffolk,2020-06-27T00:00:00.000,53,41306,5095,314917,314917,41306,2020-06-27,53,5095,0.0104023552502453,0.00924745056268621,64.9442238412694
Suffolk,2020-06-28T00:00:00.000,33,41339,4481,319398,319398,41339,2020-06-28,33,4481,0.00736442758312877,0.00927613828068278,40.3543318005622
Suffolk,2020-06-29T00:00:00.000,46,41385,3312,322710,322710,41385,2020-06-29,46,3312,0.0138888888888889,0.00932529489966557,56.1364402846443
Suffolk,2020-06-30T00:00:00.000,42,41427,4047,326757,326757,41427,2020-06-30,42,4047,0.0103780578206079,0.00939397863279034,51.149795353838
Suffolk,2020-07-01T00:00:00.000,64,41491,5730,332487,332487,41491,2020-07-01,64,5730,0.0111692844677138,0.00948121768077841,77.7814188073627
Suffolk,2020-07-02T00:00:00.000,47,41538,4791,337278,337278,41538,2020-07-02,47,4791,0.00981006053016072,0.00958599112757157,57.0013550201938
Suffolk,2020-07-03T00:00:00.000,47,41585,4110,341388,341388,41585,2020-07-03,47,4110,0.0114355231143552,0.00970721017764904,56.8036269730146
Suffolk,2020-07-04T00:00:00.000,57,41642,5933,347321,347321,41642,2020-07-04,57,5933,0.00960728130793865,0.00984370017279886,68.833154422286
Suffolk,2020-07-05T00:00:00.000,43,41685,3812,351133,351133,41685,2020-07-05,43,3812,0.0112801678908709,0.00999418390729593,51.8118707425857
Suffolk,2020-07-06T00:00:00.000,45,41730,4226,355359,355359,41730,2020-07-06,45,4226,0.0106483672503549,0.0101572668378877,54.1083370770331
Suffolk,2020-07-07T00:00:00.000,69,41799,4108,359467,359467,41799,2020-07-07,69,4108,0.0167964946445959,0.0103314248484701,82.9283876391555
Suffolk,2020-07-08T00:00:00.000,50,41849,5372,364839,364839,41849,2020-07-08,50,5372,0.00930752047654505,0.0105149952720557,60.0498416587211
Suffolk,2020-07-09T00:00:00.000,62,41911,6245,371084,371084,41911,2020-07-09,62,6245,0.00992794235388311,0.0107061718883117,74.3992811998035
Suffolk,2020-07-10T00:00:00.000,76,41987,5490,376574,376574,41987,2020-07-10,76,5490,0.0138433515482696,0.0109030045922391,91.1115425483623
Suffolk,2020-07-11T00:00:00.000,41,42028,4260,380834,380834,42028,2020-07-11,41,4260,0.00962441314553991,0.0111034043651009,49.0989152394461
Suffolk,2020-07-12T00:00:00.000,84,42112,4517,385351,385351,42112,2020-07-12,84,4517,0.0185964135488156,0.0113051540656784,100.470651118223
Suffolk,2020-07-13T00:00:00.000,102,42214,4795,390146,390146,42214,2020-07-13,102,4795,0.0212721584984359,0.0115059253942749,121.835578036612
Suffolk,2020-07-14T00:00:00.000,53,42267,4756,394902,394902,42267,2020-07-14,53,4756,0.0111438183347351,0.0117033021701898,63.2127651842462
Suffolk,2020-07-15T00:00:00.000,66,42333,6205,401107,401107,42333,2020-07-15,66,6205,0.0106365834004835,0.0118948098030723,78.5901114992673
Suffolk,2020-07-16T00:00:00.000,49,42382,4822,405929,405929,42382,2020-07-16,49,4822,0.0101617586063874,0.0120779505485939,58.2444721514523
Suffolk,2020-07-17T00:00:00.000,58,42440,4671,410600,410600,42440,2020-07-17,58,4671,0.0124170413187754,0.0122502438259951,68.9070832914412
Suffolk,2020-07-18T00:00:00.000,26,42466,2755,413355,413355,42466,2020-07-18,26,2755,0.00943738656987296,0.0124092705633932,30.9536545543615
Suffolk,2020-07-19T00:00:00.000,30,42496,4235,417590,417590,42496,2020-07-19,30,4235,0.00708382526564345,0.0125527202444369,35.7698898188682
Suffolk,2020-07-20T00:00:00.000,79,42575,4508,422098,422098,42575,2020-07-20,79,4508,0.0175244010647737,0.0126784390818277,94.282079025948
Suffolk,2020-07-21T00:00:00.000,46,42621,4070,426168,426168,42621,2020-07-21,46,4070,0.0113022113022113,0.0127844775579524,54.9106293580008
Suffolk,2020-07-22T00:00:00.000,94,42715,5525,431693,431693,42715,2020-07-22,94,5525,0.0170135746606335,0.0128691354763398,112.156599366243
Suffolk,2020-07-23T00:00:00.000,58,42773,6010,437703,437703,42773,2020-07-23,58,6010,0.00965058236272879,0.0129310026634415,69.1319919089938
Suffolk,2020-07-24T00:00:00.000,49,42822,5594,443297,443297,42822,2020-07-24,49,5594,0.00875938505541652,0.0129689935682283,58.5576476662423
Suffolk,2020-07-25T00:00:00.000,61,42883,4214,447511,447511,42883,2020-07-25,61,4214,0.0144755576649264,0.0129823742159182,73.0448004576801
Suffolk,2020-07-26T00:00:00.000,84,42967,5292,452803,452803,42967,2020-07-26,84,5292,0.0158730158730159,0.0129707802794748,100.687056916601
Suffolk,2020-07-27T00:00:00.000,57,43024,4926,457729,457729,43024,2020-07-27,57,4926,0.0115712545676005,0.0129342254194292,68.3350467462931
Suffolk,2020-07-28T00:00:00.000,60,43084,4399,462128,462128,43084,2020-07-28,60,4399,0.0136394635144351,0.012873099484001,71.8836057439402
Suffolk,2020-07-29T00:00:00.000,86,43170,6247,468375,468375,43170,2020-07-29,86,6247,0.0137666079718265,0.0127881566291357,102.875430148999
Suffolk,2020-07-30T00:00:00.000,54,43224,5371,473746,473746,43224,2020-07-30,54,5371,0.0100539936697077,0.0126804938838397,64.4404835368211
Suffolk,2020-07-31T00:00:00.000,76,43300,6595,480341,480341,43300,2020-07-31,76,6595,0.0115238817285823,0.0125515211112864,90.474702202583
Suffolk,2020-08-01T00:00:00.000,45,43345,4797,485138,485138,43345,2020-08-01,45,4797,0.00938086303939963,0.0124029236841483,53.5019082017121
Suffolk,2020-08-02T00:00:00.000,50,43395,4339,489477,489477,43395,2020-08-02,50,4339,0.0115233924867481,0.0122366194705561,59.303621288721
Suffolk,2020-08-03T00:00:00.000,73,43468,5697,495174,495174,43468,2020-08-03,73,5697,0.0128137616289275,0.0120547119071278,86.3271015165208
Suffolk,2020-08-04T00:00:00.000,85,43553,5570,500744,500744,43553,2020-08-04,85,5570,0.0152603231597846,0.0118594410097234,100.166588661556
Suffolk,2020-08-05T00:00:00.000,77,43630,7082,507826,507826,43630,2020-08-05,77,7082,0.0108726348489127,0.0116531341413323,90.3753489015702
Suffolk,2020-08-06T00:00:00.000,51,43681,5537,513363,513363,43681,2020-08-06,51,5537,0.00921076395159834,0.011438158229423,59.7746106417465
Suffolk,2020-08-07T00:00:00.000,68,43749,6401,519764,519764,43749,2020-08-07,68,6401,0.0106233401031089,0.0112168749222019,79.6935045565277
Suffolk,2020-08-08T00:00:00.000,37,43786,6048,525812,525812,43786,2020-08-08,37,6048,0.00611772486772487,0.0109915999079193,43.3473935798796
Suffolk,2020-08-09T00:00:00.000,58,43844,4029,529841,529841,43844,2020-08-09,58,4029,0.0143956316703897,0.0107645673203935,67.9063745946622
Suffolk,2020-08-10T00:00:00.000,49,43893,4999,534840,534840,43893,2020-08-10,49,4999,0.00980196039207842,0.0105378998407236,57.3152707238547
Suffolk,2020-08-11T00:00:00.000,55,43948,5030,539870,539870,43948,2020-08-11,55,5030,0.010934393638171,0.0103135847945743,64.2424823876821
Suffolk,2020-08-12T00:00:00.000,39,43987,6363,546233,546233,43987,2020-08-12,39,6363,0.00612918434700613,0.0100934562605236,45.4679022517247
Suffolk,2020-08-13T00:00:00.000,58,44045,6154,552387,552387,44045,2020-08-13,58,6154,0.00942476438089048,0.00987918295732161,67.4726711959294
Suffolk,2020-08-14T00:00:00.000,64,44109,6312,558699,558699,44109,2020-08-14,64,6312,0.0101394169835234,0.00967226147521722,74.3767425796214
Suffolk,2020-08-15T00:00:00.000,50,44159,5886,564585,564585,44159,2020-08-15,50,5886,0.00849473326537547,0.0094740142641925,58.1565872424277
Suffolk,2020-08-16T00:00:00.000,26,44185,3839,568424,568424,44185,2020-08-16,26,3839,0.00677259703047669,0.0092855916918575,30.2643534431087
Suffolk,2020-08-17T00:00:00.000,50,44235,4631,573055,573055,44235,2020-08-17,50,4631,0.0107968041459728,0.00910797742684411,58.1535701898273
Suffolk,2020-08-18T00:00:00.000,70,44305,7334,580389,580389,44305,2020-08-18,70,7334,0.00954458685574039,0.00894199639271006,81.323582555612
Suffolk,2020-08-19T00:00:00.000,48,44353,6779,587168,587168,44353,2020-08-19,48,6779,0.00708069036731081,0.00878832455900482,55.704069298751
Suffolk,2020-08-20T00:00:00.000,47,44400,6908,594076,594076,44400,2020-08-20,47,6908,0.00680370584829184,0.00864749988421783,54.487179113517
Suffolk,2020-08-21T00:00:00.000,56,44456,7213,601289,601289,44456,2020-08-21,56,7213,0.00776375987799806,0.00851993379507299,64.8412963374351
Suffolk,2020-08-22T00:00:00.000,42,44498,5256,606545,606545,44498,2020-08-22,42,5256,0.00799086757990868,0.00840592266779804,48.575573689018
Suffolk,2020-08-23T00:00:00.000,21,44519,4910,611455,611455,44519,2020-08-23,21,4910,0.00427698574338086,0.00830565886242365,24.3005674052016
Suffolk,2020-08-24T00:00:00.000,42,44561,4505,615960,615960,44561,2020-08-24,42,4505,0.00932297447280799,0.00821924095276793,48.6088460037188
Suffolk,2020-08-25T00:00:00.000,44,44605,4955,620915,620915,44605,2020-08-25,44,4955,0.00887991927346115,0.00814668287884086,50.9002189970748
Suffolk,2020-08-26T00:00:00.000,36,44641,6990,627905,627905,44641,2020-08-26,36,6990,0.00515021459227468,0.00808792183215889,41.6013867059183
Suffolk,2020-08-27T00:00:00.000,37,44678,7132,635037,635037,44678,2020-08-27,37,7132,0.00518788558609086,0.00804282475930094,42.6897778969974
Suffolk,2020-08-28T00:00:00.000,34,44712,6415,641452,641452,44712,2020-08-28,34,6415,0.00530007794232268,0.00801119343946012,39.2561725747301
Suffolk,2020-08-29T00:00:00.000,51,44763,7199,648651,648651,44763,2020-08-29,51,7199,0.00708431726628698,0.00799276815314382,59.0249443586027
Suffolk,2020-08-30T00:00:00.000,57,44820,5198,653849,653849,44820,2020-08-30,57,5198,0.0109657560600231,0.00798723001771765,66.1333287902738
Suffolk,2020-08-31T00:00:00.000,65,44885,8045,661894,661894,44885,2020-08-31,65,8045,0.00807955251709136,0.0079942021151758,75.6093186475347
Suffolk,2020-09-01T00:00:00.000,55,44940,5761,667655,667655,44940,2020-09-01,55,5761,0.00954695365387953,0.00801324958506416,64.1459091447362
Suffolk,2020-09-02T00:00:00.000,66,45006,6644,674299,674299,45006,2020-09-02,66,6644,0.00993377483443709,0.00804387889679988,77.1814449744733
Suffolk,2020-09-03T00:00:00.000,96,45102,6039,680338,680338,45102,2020-09-03,96,6039,0.0158966716343766,0.00808553655398088,112.566923830636
Suffolk,2020-09-04T00:00:00.000,98,45200,6619,686957,686957,45200,2020-09-04,98,6619,0.0148058619126756,0.00813760751511122,115.221275727047
Suffolk,2020-09-05T00:00:00.000,58,45258,5274,692231,692231,45258,2020-09-05,58,5274,0.0109973454683352,0.0081994136431853,68.3731665629051
Suffolk,2020-09-06T00:00:00.000,46,45304,4364,696595,696595,45304,2020-09-06,46,4364,0.0105407882676444,0.00827021251607778,54.3672584749836
Suffolk,2020-09-07T00:00:00.000,52,45356,3680,700275,700275,45356,2020-09-07,52,3680,0.0141304347826087,0.00834919694158033,61.6093164451973
Suffolk,2020-09-08T00:00:00.000,55,45411,3080,703355,703355,45411,2020-09-08,55,3080,0.0178571428571429,0.0084354955207563,65.3044760036325
Suffolk,2020-09-09T00:00:00.000,52,45463,6741,710096,710096,45463,2020-09-09,52,6741,0.00771398902240024,0.00852817459226866,61.8640298562849
Suffolk,2020-09-10T00:00:00.000,71,45534,6839,716935,716935,45534,2020-09-10,71,6839,0.0103816347419213,0.00862624186171317,84.6154224336178
Suffolk,2020-09-11T00:00:00.000,81,45615,6077,723012,723012,45615,2020-09-11,81,6077,0.0133289452032253,0.00872865197783804,96.8078496318912
Suffolk,2020-09-12T00:00:00.000,68,45683,6000,729012,729012,45683,2020-09-12,68,6000,0.0113333333333333,0.00883431425598965,81.5451532982353
Suffolk,2020-09-13T00:00:00.000,31,45714,4905,733917,733917,45714,2020-09-13,31,4905,0.00632008154943935,0.00894210267231552,37.2892210173483
Suffolk,2020-09-14T00:00:00.000,71,45785,5634,739551,739551,45785,2020-09-14,71,5634,0.0126020589279375,0.0090508681581895,85.6376392905101
Suffolk,2020-09-15T00:00:00.000,58,45843,4753,744304,744304,45843,2020-09-15,58,4753,0.0122028192720387,0.00915945311973512,70.1221232581815
Suffolk,2020-09-16T00:00:00.000,72,45915,8319,752623,752623,45915,2020-09-16,72,8319,0.00865488640461594,0.00926670799246628,87.2167889126338
Suffolk,2020-09-17T00:00:00.000,41,45956,5925,758548,758548,45956,2020-09-17,41,5925,0.00691983122362869,0.00937150952497257,49.7388682300112
Suffolk,2020-09-18T00:00:00.000,54,46010,8053,766601,766601,46010,2020-09-18,54,8053,0.0067055755619024,0.00947278037344788,65.5750707514756
Suffolk,2020-09-19T00:00:00.000,51,46061,6712,773313,773313,46061,2020-09-19,51,6712,0.00759833134684148,0.00956950948724426,61.9022120363675
Suffolk,2020-09-20T00:00:00.000,48,46109,5208,778521,778521,46109,2020-09-20,48,5208,0.00921658986175115,0.0096607726861563,58.1768023478346
Suffolk,2020-09-21T00:00:00.000,67,46176,5863,784384,784384,46176,2020-09-21,67,5863,0.0114275967934505,0.00974575277221216,81.0411898358815
Suffolk,2020-09-22T00:00:00.000,32,46208,5254,789638,789638,46208,2020-09-22,32,5254,0.00609059763989341,0.00982375849854425,38.6055456762644
Suffolk,2020-09-23T00:00:00.000,33,46241,6408,796046,796046,46241,2020-09-23,33,6408,0.0051498127340824,0.00989424172828811,39.6850501550217
Suffolk,2020-09-24T00:00:00.000,52,46293,5646,801692,801692,46293,2020-09-24,52,5646,0.00921006021962451,0.00995681216742325,62.2980195135666
Suffolk,2020-09-25T00:00:00.000,52,46345,6759,808451,808451,46345,2020-09-25,52,6759,0.00769344577600237,0.0100112491422311,62.2345844083688
Suffolk,2020-09-26T00:00:00.000,42,46387,5435,813886,813886,46387,2020-09-26,42,5435,0.00772769089236431,0.0100575100092021,50.329112196429
Suffolk,2020-09-27T00:00:00.000,41,46428,4697,818583,818583,46428,2020-09-27,41,4697,0.0087289759420907,0.0100957349302435,49.1631709948448
Suffolk,2020-09-28T00:00:00.000,36,46464,4300,822883,822883,46464,2020-09-28,36,4300,0.00837209302325581,0.0101262479072672,43.1709582040465
Suffolk,2020-09-29T00:00:00.000,53,46517,3988,826871,826871,46517,2020-09-29,53,3988,0.0132898696088265,0.0101495541374818,63.5257502110708
Suffolk,2020-09-30T00:00:00.000,46,46563,5924,832795,832795,46563,2020-09-30,46,5924,0.00776502363268062,0.0101663339168999,55.0775187099537
Suffolk,2020-10-01T00:00:00.000,104,46667,8609,841404,841404,46667,2020-10-01,104,8609,0.0120803809966314,0.0101774334695735,124.324941163324
Suffolk,2020-10-02T00:00:00.000,103,46770,10195,851599,851599,46770,2020-10-02,103,10195,0.0101029916625797,0.0101838532088169,122.869977268085
Suffolk,2020-10-03T00:00:00.000,72,46842,8656,860255,860255,46842,2020-10-03,72,8656,0.00831792975970425,0.010186734036238,85.6664483090272
Suffolk,2020-10-04T00:00:00.000,49,46891,5724,865979,865979,46891,2020-10-04,49,5724,0.00856044723969252,0.0101873423481377,58.1222227523096
Suffolk,2020-10-05T00:00:00.000,89,46980,8563,874542,874542,46980,2020-10-05,89,8563,0.0103935536611001,0.0101870544474559,105.199900201762
Suffolk,2020-10-06T00:00:00.000,109,47089,10845,885387,885387,47089,2020-10-06,109,10845,0.01005071461503,0.0101873410526715,128.338339138339
Suffolk,2020-10-07T00:00:00.000,107,47196,11812,897199,897199,47196,2020-10-07,107,11812,0.0090585844903488,0.0101897525552212,125.446505783516
Suffolk,2020-10-08T00:00:00.000,89,47285,8946,906145,906145,47285,2020-10-08,89,8946,0.00994858037111558,0.0101959056102181,103.864096486628
Suffolk,2020-10-09T00:00:00.000,72,47357,7703,913848,913848,47357,2020-10-09,72,7703,0.0093470076593535,0.0102074715574799,83.6062551083432
Suffolk,2020-10-10T00:00:00.000,74,47431,8565,922413,922413,47431,2020-10-10,74,8565,0.00863981319322825,0.0102261670674611,85.4777755276801
Suffolk,2020-10-11T00:00:00.000,62,47493,5651,928064,928064,47493,2020-10-11,62,5651,0.0109715094673509,0.0102537472982307,71.2260001596154
Suffolk,2020-10-12T00:00:00.000,68,47561,7109,935173,935173,47561,2020-10-12,68,7109,0.00956533971022647,0.0102920017384364,77.6797294901002
Suffolk,2020-10-13T00:00:00.000,69,47630,7745,942918,942918,47630,2020-10-13,69,7745,0.00890897353131052,0.0103427528072519,78.3686981297667
Suffolk,2020-10-14T00:00:00.000,81,47711,7801,950719,950719,47711,2020-10-14,81,7801,0.0103832841943341,0.0104078571840948,91.5382200743741
Suffolk,2020-10-15T00:00:00.000,104,47815,9276,959995,959995,47815,2020-10-15,104,9276,0.0112117291936179,0.0104892097566074,117.02140044048
Suffolk,2020-10-16T00:00:00.000,126,47941,12149,972144,972144,47941,2020-10-16,126,12149,0.010371223969051,0.0105887500011935,141.425980560765
Suffolk,2020-10-17T00:00:00.000,88,48029,8887,981031,981031,48029,2020-10-17,88,8887,0.00990210419714189,0.0107084705507286,98.583689566403
Suffolk,2020-10-18T00:00:00.000,51,48080,5554,986585,986585,48080,2020-10-18,51,5554,0.00918257111991358,0.0108504276544505,57.0404107737318
Suffolk,2020-10-19T00:00:00.000,41,48121,5978,992563,992563,48121,2020-10-19,41,5978,0.00685848109735698,0.0110167531943021,45.8282394878645
Suffolk,2020-10-20T00:00:00.000,113,48234,7837,1000400,1000400,48234,2020-10-20,113,7837,0.0144187826974608,0.0112096678907207,126.392981248524
Suffolk,2020-10-21T00:00:00.000,74,48308,8143,1008543,1008543,48308,2020-10-21,74,8143,0.00908755986737075,0.0114314953008295,82.837405529728
Suffolk,2020-10-22T00:00:00.000,91,48399,9115,1017658,1017658,48399,2020-10-22,91,9115,0.009983543609435,0.0116846761870783,102.003737695618
Suffolk,2020-10-23T00:00:00.000,163,48562,9623,1027281,1027281,48562,2020-10-23,163,9623,0.0169385846409644,0.0119717828084669,182.926072207377
Suffolk,2020-10-24T00:00:00.000,101,48663,7576,1034857,1034857,48663,2020-10-24,101,7576,0.0133315733896515,0.0122955326596622,113.46343877363
Suffolk,2020-10-25T00:00:00.000,54,48717,5071,1039928,1039928,48717,2020-10-25,54,5071,0.0106487872214553,0.0126588011578607,60.7167227406517
Suffolk,2020-10-26T00:00:00.000,112,48829,6767,1046695,1046695,48829,2020-10-26,112,6767,0.0165509088222255,0.0130646327478259,126.02203452301
Suffolk,2020-10-27T00:00:00.000,169,48998,8769,1055464,1055464,48998,2020-10-27,169,8769,0.019272436993956,0.0135162498759233,190.267116002902
Suffolk,2020-10-28T00:00:00.000,200,49198,13426,1068890,1068890,49198,2020-10-28,200,13426,0.0148964695367198,0.0140170592622846,225.263734806488
Suffolk,2020-10-29T00:00:00.000,102,49300,9696,1078586,1078586,49300,2020-10-29,102,9696,0.010519801980198,0.0145706549011046,114.916574197679
Suffolk,2020-10-30T00:00:00.000,96,49396,8488,1087074,1087074,49396,2020-10-30,96,8488,0.0113100848256362,0.0151808172304989,108.171640907745
Suffolk,2020-10-31T00:00:00.000,142,49538,10200,1097274,1097274,49538,2020-10-31,142,10200,0.013921568627451,0.0158515079630557,160.003846815438
Suffolk,2020-11-01T00:00:00.000,66,49604,5501,1102775,1102775,49604,2020-11-01,66,5501,0.0119978185784403,0.0165868601481557,74.3580637707564
Suffolk,2020-11-02T00:00:00.000,176,49780,9927,1112702,1112702,49780,2020-11-02,176,9927,0.0177294248010476,0.0173911631771564,198.236299901318
Suffolk,2020-11-03T00:00:00.000,74,49854,7486,1120188,1120188,49854,2020-11-03,74,7486,0.00988511888859204,0.0182688426372479,83.3173191721249
Suffolk,2020-11-04T00:00:00.000,179,50033,10371,1130559,1130559,50033,2020-11-04,179,10371,0.0172596663773985,0.0192244351930219,201.436823308958
Suffolk,2020-11-05T00:00:00.000,177,50210,10332,1140891,1140891,50210,2020-11-05,177,10332,0.0171312427409988,0.0202625590296384,199.064256474616
Suffolk,2020-11-06T00:00:00.000,259,50469,10353,1151244,1151244,50469,2020-11-06,259,10353,0.0250169033130494,0.0213878808330309,291.077581671948
Suffolk,2020-11-07T00:00:00.000,259,50728,9743,1160987,1160987,50728,2020-11-07,259,9743,0.0265831879297958,0.0226050808214639,290.840929087835
Suffolk,2020-11-08T00:00:00.000,324,51052,8467,1169454,1169454,51052,2020-11-08,324,8467,0.0382662099917326,0.023918817959804,363.478667128177
Suffolk,2020-11-09T00:00:00.000,280,51332,7813,1177267,1177267,51332,2020-11-09,280,7813,0.0358377063867912,0.0253336981908943,313.883101156459
Suffolk,2020-11-10T00:00:00.000,412,51744,12162,1189429,1189429,51744,2020-11-10,412,12162,0.033876007235652,0.0268542492689986,462.35355324897
Suffolk,2020-11-11T00:00:00.000,321,52065,10924,1200353,1200353,52065,2020-11-11,321,10924,0.0293848407176858,0.0284849065741725,360.975878310291
Suffolk,2020-11-12T00:00:00.000,428,52493,11768,1212121,1212121,52493,2020-11-12,428,11768,0.0363698164513936,0.0302300150710173,483.943414336496
Suffolk,2020-11-13T00:00:00.000,449,52942,12149,1224270,1224270,52942,2020-11-13,449,12149,0.0369577743024117,0.0320938533343288,510.503155753934
Suffolk,2020-11-14T00:00:00.000,366,53308,12561,1236831,1236831,53308,2020-11-14,366,12561,0.0291378074994029,0.0340806862615086,418.453907191486
Suffolk,2020-11-15T00:00:00.000,345,53653,9345,1246176,1246176,53653,2020-11-15,345,9345,0.0369181380417336,0.0361948536938518,396.64678478408
Suffolk,2020-11-16T00:00:00.000,402,54055,11729,1257905,1257905,54055,2020-11-16,402,11729,0.0342740216557251,0.0384409026870025,464.756166279719
Suffolk,2020-11-17T00:00:00.000,430,54485,11360,1269265,1269265,54485,2020-11-17,430,11360,0.0378521126760563,0.0408237716059445,499.88665223877
Suffolk,2020-11-18T00:00:00.000,431,54916,13645,1282910,1282910,54916,2020-11-18,431,13645,0.0315866617808721,0.0433490346262642,503.813280013224
Sullivan,2020-03-01T00:00:00.000,0,0,0,0,0,0,2020-03-01,0,0,0,0.059383933420864,0
Sullivan,2020-03-02T00:00:00.000,0,0,0,0,0,0,2020-03-02,0,0,0,0.0620006267000145,0
Sullivan,2020-03-03T00:00:00.000,0,0,0,0,0,0,2020-03-03,0,0,0,0.0647247532130565,0
Sullivan,2020-03-04T00:00:00.000,0,0,0,0,0,0,2020-03-04,0,0,0,0.0675601108863578,0
Sullivan,2020-03-05T00:00:00.000,0,0,0,0,0,0,2020-03-05,0,0,0,0.0705105880416243,0
Sullivan,2020-03-06T00:00:00.000,0,0,0,0,0,0,2020-03-06,0,0,0,0.0735801341010642,0
Sullivan,2020-03-07T00:00:00.000,0,0,0,0,0,0,2020-03-07,0,0,0,0.0767727234547423,0
Sullivan,2020-03-08T00:00:00.000,0,0,0,0,0,0,2020-03-08,0,0,0,0.080092311896298,0
Sullivan,2020-03-09T00:00:00.000,0,0,0,0,0,0,2020-03-09,0,0,0,0.083542785082453,0
Sullivan,2020-03-10T00:00:00.000,0,0,0,0,0,0,2020-03-10,0,0,0,0.0871278985368622,0
Sullivan,2020-03-11T00:00:00.000,0,0,1,1,1,0,2020-03-11,0,1,0,0.0908512088145263,0
Sullivan,2020-03-12T00:00:00.000,0,0,0,1,1,0,2020-03-12,0,0,0,0.0947159955630436,0
Sullivan,2020-03-13T00:00:00.000,0,0,1,2,2,0,2020-03-13,0,1,0,0.0987251743705633,0
Sullivan,2020-03-14T00:00:00.000,0,0,7,9,9,0,2020-03-14,0,7,0,0.102881200480047,0
Sullivan,2020-03-15T00:00:00.000,0,0,2,11,11,0,2020-03-15,0,2,0,0.107185963672368,0
Sullivan,2020-03-16T00:00:00.000,1,1,9,20,20,1,2020-03-16,1,9,0.111111111111111,0.111640674888019,1.32737815470322
Sullivan,2020-03-17T00:00:00.000,0,1,14,34,34,1,2020-03-17,0,14,0,0.116245745452877,0
Sullivan,2020-03-18T00:00:00.000,2,3,23,57,57,3,2020-03-18,2,23,0.0869565217391304,0.121000660112082,2.56727633365557
Sullivan,2020-03-19T00:00:00.000,5,8,79,136,136,8,2020-03-19,5,79,0.0632911392405063,0.125903845432516,6.32492474593623
Sullivan,2020-03-20T00:00:00.000,4,12,42,178,178,12,2020-03-20,4,42,0.0952380952380952,0.130952535518825,4.98979106166187
Sullivan,2020-03-21T00:00:00.000,4,16,37,215,215,16,2020-03-21,4,37,0.108108108108108,0.136142637369982,4.91593768472783
Sullivan,2020-03-22T00:00:00.000,7,23,83,298,298,23,2020-03-22,7,83,0.0843373493975904,0.141468598582186,8.51691667243134
Sullivan,2020-03-23T00:00:00.000,7,30,44,342,342,30,2020-03-23,7,44,0.159090909090909,0.146923280449432,8.50180781402748
Sullivan,2020-03-24T00:00:00.000,9,39,23,365,365,39,2020-03-24,9,23,0.391304347826087,0.152497839812407,10.8983629851948
Sullivan,2020-03-25T00:00:00.000,14,53,53,418,418,53,2020-03-25,14,53,0.264150943396226,0.158181623230733,16.8816713334776
Sullivan,2020-03-26T00:00:00.000,11,64,62,480,480,64,2020-03-26,11,62,0.17741935483871,0.163962077182669,13.2035840720009
Sullivan,2020-03-27T00:00:00.000,8,72,49,529,529,72,2020-03-27,8,49,0.163265306122449,0.16982467800903,9.63621388566707
Sullivan,2020-03-28T00:00:00.000,16,88,91,620,620,88,2020-03-28,16,91,0.175824175824176,0.175752885196931,19.2541886124349
Sullivan,2020-03-29T00:00:00.000,13,101,53,673,673,101,2020-03-29,13,53,0.245283018867925,0.18172812132517,15.612577170393
Sullivan,2020-03-30T00:00:00.000,8,109,33,706,706,109,2020-03-30,8,33,0.242424242424242,0.187729781574771,9.58877415964369
Sullivan,2020-03-31T00:00:00.000,12,121,55,761,761,121,2020-03-31,12,55,0.218181818181818,0.193735275133896,14.3870781349591
Sullivan,2020-04-01T00:00:00.000,22,143,96,857,857,143,2020-04-01,22,96,0.229166666666667,0.199720100122739,26.5137432268877
Sullivan,2020-04-02T00:00:00.000,25,168,140,997,997,168,2020-04-02,25,140,0.178571428571429,0.205657952848332,30.2708086520164
Sullivan,2020-04-03T00:00:00.000,25,193,133,1130,1130,193,2020-04-03,25,133,0.18796992481203,0.211520871312254,30.3991233905499
Sullivan,2020-04-04T00:00:00.000,41,234,153,1283,1283,234,2020-04-04,41,153,0.26797385620915,0.217279411970203,50.0454057410636
Sullivan,2020-04-05T00:00:00.000,19,253,91,1374,1374,253,2020-04-05,19,91,0.208791208791209,0.222902857840375,23.2696409306694
Sullivan,2020-04-06T00:00:00.000,17,270,77,1451,1451,270,2020-04-06,17,77,0.220779220779221,0.228359455221395,20.8832787311578
Sullivan,2020-04-07T00:00:00.000,9,279,56,1507,1507,279,2020-04-07,9,56,0.160714285714286,0.233616675557031,11.086544391939
Sullivan,2020-04-08T00:00:00.000,15,294,60,1567,1567,294,2020-04-08,15,60,0.25,0.238641498424815,18.5267413774641
Sullivan,2020-04-09T00:00:00.000,24,318,115,1682,1682,318,2020-04-09,24,115,0.208695652173913,0.243400711255007,29.7819685809334
Sullivan,2020-04-10T00:00:00.000,22,340,99,1781,1781,340,2020-04-10,22,99,0.222222222222222,0.247861221219257,27.413618844156
Sullivan,2020-04-11T00:00:00.000,18,358,65,1846,1846,358,2020-04-11,18,65,0.276923076923077,0.251990374788036,22.5127204875836
Sullivan,2020-04-12T00:00:00.000,22,380,73,1919,1919,380,2020-04-12,22,73,0.301369863013699,0.255756280695416,27.6080415397032
Sullivan,2020-04-13T00:00:00.000,35,415,133,2052,2052,415,2020-04-13,35,133,0.263157894736842,0.259128132479156,44.0604853617988
Sullivan,2020-04-14T00:00:00.000,9,424,37,2089,2089,424,2020-04-14,9,37,0.243243243243243,0.26207652729981,11.378543374155
Sullivan,2020-04-15T00:00:00.000,13,437,39,2128,2128,437,2020-04-15,13,39,0.333333333333333,0.264573778364422,16.5059661249147
Sullivan,2020-04-16T00:00:00.000,68,505,192,2320,2320,505,2020-04-16,68,192,0.354166666666667,0.266594218893741,86.7063909599301
Sullivan,2020-04-17T00:00:00.000,19,524,92,2412,2412,524,2020-04-17,19,92,0.206521739130435,0.268114496138005,24.3358913418525
Sullivan,2020-04-18T00:00:00.000,13,537,38,2450,2450,537,2020-04-18,13,38,0.342105263157895,0.26911385438362,16.7616640304649
Sullivan,2020-04-19T00:00:00.000,7,544,30,2480,2480,544,2020-04-19,7,30,0.233333333333333,0.26957440614909,9.08492984981551
Sullivan,2020-04-20T00:00:00.000,11,555,44,2524,2524,555,2020-04-20,11,44,0.25,0.269481390808531,14.3690581534587
Sullivan,2020-04-21T00:00:00.000,6,561,45,2569,2569,561,2020-04-21,6,45,0.133333333333333,0.268823419654806,7.88775623727775
Sullivan,2020-04-22T00:00:00.000,19,580,52,2621,2621,580,2020-04-22,19,52,0.365384615384615,0.267592705932531,25.1344142866013
Sullivan,2020-04-23T00:00:00.000,48,628,253,2874,2874,628,2020-04-23,48,253,0.189723320158103,0.265785277633543,63.8862051020816
Sullivan,2020-04-24T00:00:00.000,61,689,296,3170,3170,689,2020-04-24,61,296,0.206081081081081,0.263401169884601,81.6723857063679
Sullivan,2020-04-25T00:00:00.000,35,724,160,3330,3330,724,2020-04-25,35,160,0.21875,0.260444592647695,47.1316623509523
Sullivan,2020-04-26T00:00:00.000,24,748,120,3450,3450,748,2020-04-26,24,120,0.2,0.256924068256349,32.498682028138
Sullivan,2020-04-27T00:00:00.000,21,769,77,3527,3527,769,2020-04-27,21,77,0.272727272727273,0.252852532161646,28.5880640093207
Sullivan,2020-04-28T00:00:00.000,42,811,114,3641,3641,811,2020-04-28,42,114,0.368421052631579,0.248247389259152,57.4588788839303
Sullivan,2020-04-29T00:00:00.000,27,838,102,3743,3743,838,2020-04-29,27,102,0.264705882352941,0.243130517474653,37.1085639298403
Sullivan,2020-04-30T00:00:00.000,42,880,122,3865,3865,880,2020-04-30,42,122,0.344262295081967,0.237528210029003,57.9741471001368
Sullivan,2020-05-01T00:00:00.000,51,931,128,3993,3993,931,2020-05-01,51,128,0.3984375,0.231471048114201,70.6795650155327
Sullivan,2020-05-02T00:00:00.000,20,951,105,4098,4098,951,2020-05-02,20,105,0.19047619047619,0.224993696713265,27.8194391072533
Sullivan,2020-05-03T00:00:00.000,25,976,106,4204,4204,976,2020-05-03,25,106,0.235849056603774,0.2181346180365,34.9454858652039
Sullivan,2020-05-04T00:00:00.000,8,984,111,4315,4315,984,2020-05-04,8,111,0.0720720720720721,0.210935699551281,11.2718306489606
Sullivan,2020-05-05T00:00:00.000,12,996,99,4414,4414,996,2020-05-05,12,99,0.121212121212121,0.203441796793246,16.9967710460535
Sullivan,2020-05-06T00:00:00.000,25,1021,150,4564,4564,1021,2020-05-06,25,150,0.166666666666667,0.195700194918675,35.5659259682857
Sullivan,2020-05-07T00:00:00.000,18,1039,90,4654,4654,1039,2020-05-07,18,90,0.2,0.18775999710152,25.6981000678
Sullivan,2020-05-08T00:00:00.000,32,1071,143,4797,4797,1071,2020-05-08,32,143,0.223776223776224,0.179671452096894,45.7454554162171
Sullivan,2020-05-09T00:00:00.000,22,1093,115,4912,4912,1093,2020-05-09,22,115,0.191304347826087,0.171485237273484,31.4666926732123
Sullivan,2020-05-10T00:00:00.000,16,1109,78,4990,4990,1109,2020-05-10,16,78,0.205128205128205,0.163251716816418,22.8872943165697
Sullivan,2020-05-11T00:00:00.000,10,1119,95,5085,5085,1119,2020-05-11,10,95,0.105263157894737,0.155020197293936,14.3454045620147
Sullivan,2020-05-12T00:00:00.000,16,1135,89,5174,5174,1135,2020-05-12,16,89,0.179775280898876,0.146838204097964,23.0254760659469
Sullivan,2020-05-13T00:00:00.000,33,1168,178,5352,5352,1168,2020-05-13,33,178,0.185393258426966,0.138750802237302,47.6180334379023
Sullivan,2020-05-14T00:00:00.000,21,1189,127,5479,5479,1189,2020-05-14,21,127,0.165354330708661,0.130799983519139,30.3689298392754
Sullivan,2020-05-15T00:00:00.000,28,1217,176,5655,5655,1217,2020-05-15,28,176,0.159090909090909,0.123024139367365,40.5598654258152
Sullivan,2020-05-16T00:00:00.000,14,1231,138,5793,5793,1231,2020-05-16,14,138,0.101449275362319,0.115457634595557,20.3524381596539
Sullivan,2020-05-17T00:00:00.000,15,1246,133,5926,5926,1246,2020-05-17,15,133,0.112781954887218,0.108130492665812,21.8907658453834
Sullivan,2020-05-18T00:00:00.000,12,1258,111,6037,6037,1258,2020-05-18,12,111,0.108108108108108,0.10106819770542,17.5652053763116
Sullivan,2020-05-19T00:00:00.000,9,1267,116,6153,6153,1267,2020-05-19,9,116,0.0775862068965517,0.0942916132061701,13.2487664712131
Sullivan,2020-05-20T00:00:00.000,14,1281,157,6310,6310,1281,2020-05-20,14,157,0.089171974522293,0.0878170122997575,20.7097022237448
Sullivan,2020-05-21T00:00:00.000,6,1287,158,6468,6468,1287,2020-05-21,6,158,0.0379746835443038,0.0816562101043302,8.91140555814687
Sullivan,2020-05-22T00:00:00.000,10,1297,148,6616,6616,1297,2020-05-22,10,148,0.0675675675675676,0.0758167851346228,14.8922182306742
Sullivan,2020-05-23T00:00:00.000,13,1310,155,6771,6771,1310,2020-05-23,13,155,0.0838709677419355,0.0703023743077189,19.3251093612504
Sullivan,2020-05-24T00:00:00.000,14,1324,170,6941,6941,1324,2020-05-24,14,170,0.0823529411764706,0.0651130247054414,20.751407299832
Sullivan,2020-05-25T00:00:00.000,14,1338,238,7179,7179,1338,2020-05-25,14,238,0.0588235294117647,0.0602455849328387,20.6673188316868
Sullivan,2020-05-26T00:00:00.000,2,1340,77,7256,7256,1340,2020-05-26,2,77,0.025974025974026,0.0556941195095368,2.93683074018898
Sullivan,2020-05-27T00:00:00.000,11,1351,209,7465,7465,1351,2020-05-27,11,209,0.0526315789473684,0.0514503310821612,16.0504353251347
Sullivan,2020-05-28T00:00:00.000,13,1364,160,7625,7625,1364,2020-05-28,13,160,0.08125,0.0475039771403524,18.8300589588364
Sullivan,2020-05-29T00:00:00.000,11,1375,254,7879,7879,1375,2020-05-29,11,254,0.0433070866141732,0.0438432701551912,15.8017035872008
Sullivan,2020-05-30T00:00:00.000,12,1387,237,8116,8116,1387,2020-05-30,12,237,0.0506329113924051,0.0404552524414313,17.080741187742
Sullivan,2020-05-31T00:00:00.000,2,1389,145,8261,8261,1389,2020-05-31,2,145,0.0137931034482759,0.0373261394096722,2.8193423279943
Sullivan,2020-06-01T00:00:00.000,3,1392,108,8369,8369,1392,2020-06-01,3,108,0.0277777777777778,0.0344416270903283,4.19808262837551
Sullivan,2020-06-02T00:00:00.000,1,1393,155,8524,8524,1393,2020-06-02,1,155,0.00645161290322581,0.0317871617881329,1.38825125667215
Sullivan,2020-06-03T00:00:00.000,12,1405,186,8710,8710,1405,2020-06-03,12,186,0.0645161290322581,0.02934817140545,16.5168576102916
Sullivan,2020-06-04T00:00:00.000,4,1409,167,8877,8877,1409,2020-06-04,4,167,0.0239520958083832,0.0271102593316812,5.45555107503056
Sullivan,2020-06-05T00:00:00.000,2,1411,176,9053,9053,1411,2020-06-05,2,176,0.0113636363636364,0.0250593628370889,2.70412932475524
Sullivan,2020-06-06T00:00:00.000,4,1415,177,9230,9230,1415,2020-06-06,4,177,0.0225988700564972,0.0231818786505597,5.36557813356774
Sullivan,2020-06-07T00:00:00.000,2,1417,123,9353,9353,1417,2020-06-07,2,123,0.016260162601626,0.0214647588767705,2.66034095743241
Sullivan,2020-06-08T00:00:00.000,1,1418,152,9505,9505,1418,2020-06-08,1,152,0.00657894736842105,0.0198955806587323,1.31802171792807
Sullivan,2020-06-09T00:00:00.000,7,1425,499,10004,10004,1425,2020-06-09,7,499,0.0140280561122244,0.0184625930589751,9.14663049219018
Sullivan,2020-06-10T00:00:00.000,1,1426,272,10276,10276,1426,2020-06-10,1,272,0.00367647058823529,0.017154744557718,1.30107305583281
Sullivan,2020-06-11T00:00:00.000,2,1428,112,10388,10388,1428,2020-06-11,2,112,0.0178571428571429,0.0159616943883241,2.59043001180699
Sullivan,2020-06-12T00:00:00.000,2,1430,299,10687,10687,1430,2020-06-12,2,299,0.00668896321070234,0.014873810681839,2.57822368035663
Sullivan,2020-06-13T00:00:00.000,0,1430,287,10974,10974,1430,2020-06-13,0,287,0,0.0138821581014016,0
Sullivan,2020-06-14T00:00:00.000,2,1432,76,11050,11050,1432,2020-06-14,2,76,0.0263157894736842,0.0129784773367004,2.55253549598657
Sullivan,2020-06-15T00:00:00.000,1,1433,163,11213,11213,1433,2020-06-15,1,163,0.00613496932515337,0.0121551585153044,1.26957483900412
Sullivan,2020-06-16T00:00:00.000,0,1433,189,11402,11402,1433,2020-06-16,0,189,0,0.0114052102847218,0
Sullivan,2020-06-17T00:00:00.000,1,1434,176,11578,11578,1434,2020-06-17,1,176,0.00568181818181818,0.0107222260348544,1.25576310381049
Sullivan,2020-06-18T00:00:00.000,0,1434,206,11784,11784,1434,2020-06-18,0,206,0,0.0101003484707554,0
Sullivan,2020-06-19T00:00:00.000,1,1435,84,11868,11868,1435,2020-06-19,1,84,0.0119047619047619,0.00953423351335057,1.24142900101386
Sullivan,2020-06-20T00:00:00.000,2,1437,139,12007,12007,1437,2020-06-20,2,139,0.0143884892086331,0.00901901430165141,2.46833707083479
Sullivan,2020-06-21T00:00:00.000,1,1438,103,12110,12110,1438,2020-06-21,1,103,0.00970873786407767,0.00855026589389804,1.2268702628723
Sullivan,2020-06-22T00:00:00.000,2,1440,262,12372,12372,1440,2020-06-22,2,262,0.00763358778625954,0.00812397111532806,2.43910224781927
Sullivan,2020-06-23T00:00:00.000,7,1447,197,12569,12569,1447,2020-06-23,7,197,0.0355329949238579,0.00773648787494272,8.48558847058682
Sullivan,2020-06-24T00:00:00.000,1,1448,176,12745,12745,1448,2020-06-24,1,176,0.00568181818181818,0.00738451817013288,1.20491234886291
Sullivan,2020-06-25T00:00:00.000,1,1449,132,12877,12877,1449,2020-06-25,1,132,0.00757575757575758,0.00706507891428649,1.19762098695709
Sullivan,2020-06-26T00:00:00.000,2,1451,142,13019,13019,1451,2020-06-26,2,142,0.0140845070422535,0.00677547465502948,2.3807307391001
Sullivan,2020-06-27T00:00:00.000,0,1451,82,13101,13101,1451,2020-06-27,0,82,0,0.00651327219836604,0
Sullivan,2020-06-28T00:00:00.000,0,1451,89,13190,13190,1451,2020-06-28,0,89,0,0.00627627711329505,0
Sullivan,2020-06-29T00:00:00.000,0,1451,282,13472,13472,1451,2020-06-29,0,282,0,0.00606251206113967,0
Sullivan,2020-06-30T00:00:00.000,1,1452,205,13677,13677,1452,2020-06-30,1,205,0.0048780487804878,0.00587019687187149,1.16191650244985
Sullivan,2020-07-01T00:00:00.000,1,1453,158,13835,13835,1453,2020-07-01,1,158,0.00632911392405063,0.00569773027437202,1.15499382860411
Sullivan,2020-07-02T00:00:00.000,2,1455,288,14123,14123,1455,2020-07-02,2,288,0.00694444444444444,0.00554367317776819,2.29632512206998
Sullivan,2020-07-03T00:00:00.000,1,1456,93,14216,14216,1456,2020-07-03,1,93,0.010752688172043,0.0054067333954925,1.13988820825051
Sullivan,2020-07-04T00:00:00.000,0,1456,129,14345,14345,1456,2020-07-04,0,129,0,0.00528575170136202,0
Sullivan,2020-07-05T00:00:00.000,1,1457,113,14458,14458,1457,2020-07-05,1,113,0.00884955752212389,0.00517968910742769,1.12827886632396
Sullivan,2020-07-06T00:00:00.000,2,1459,122,14580,14580,1459,2020-07-06,2,122,0.0163934426229508,0.0050876152554924,2.24416822364948
Sullivan,2020-07-07T00:00:00.000,1,1460,123,14703,14703,1460,2020-07-07,1,123,0.00813008130081301,0.00500869781784686,1.11791965481685
Sullivan,2020-07-08T00:00:00.000,0,1460,138,14841,14841,1460,2020-07-08,0,138,0,0.00494219280745125,0
Sullivan,2020-07-09T00:00:00.000,4,1464,144,14985,14985,1464,2020-07-09,4,144,0.0277777777777778,0.00488743570305282,4.43794306229418
Sullivan,2020-07-10T00:00:00.000,0,1464,164,15149,15149,1464,2020-07-10,0,164,0,0.00484383330061847,0
Sullivan,2020-07-11T00:00:00.000,1,1465,127,15276,15276,1465,2020-07-11,1,127,0.0078740157480315,0.00481085620854204,1.10144968357678
Sullivan,2020-07-12T00:00:00.000,0,1465,70,15346,15346,1465,2020-07-12,0,70,0,0.00478803191037617,0
Sullivan,2020-07-13T00:00:00.000,1,1466,113,15459,15459,1466,2020-07-13,1,113,0.00884955752212389,0.00477493832538641,1.09390240618484
Sullivan,2020-07-14T00:00:00.000,1,1467,217,15676,15676,1467,2020-07-14,1,217,0.00460829493087558,0.0047711978036233,1.09033717429033
Sullivan,2020-07-15T00:00:00.000,2,1469,159,15835,15835,1469,2020-07-15,2,159,0.0125786163522013,0.00477647149898662,2.17384679805083
Sullivan,2020-07-16T00:00:00.000,0,1469,161,15996,15996,1469,2020-07-16,0,161,0,0.00479045407033069,0
Sullivan,2020-07-17T00:00:00.000,4,1473,333,16329,16329,1473,2020-07-17,4,333,0.012012012012012,0.00481286866755376,4.32834423403949
Sullivan,2020-07-18T00:00:00.000,0,1473,124,16453,16453,1473,2020-07-18,0,124,0,0.00484346216648567,0
Sullivan,2020-07-19T00:00:00.000,0,1473,124,16577,16577,1473,2020-07-19,0,124,0,0.00488200062345301,0
Sullivan,2020-07-20T00:00:00.000,0,1473,166,16743,16743,1473,2020-07-20,0,166,0,0.00492826492752698,0
Sullivan,2020-07-21T00:00:00.000,0,1473,132,16875,16875,1473,2020-07-21,0,132,0,0.00498204663583651,0
Sullivan,2020-07-22T00:00:00.000,2,1475,258,17133,17133,1475,2020-07-22,2,258,0.00775193798449612,0.0050431439845193,2.17291218037017
Sullivan,2020-07-23T00:00:00.000,0,1475,214,17347,17347,1475,2020-07-23,0,214,0,0.00511135807545743,0
Sullivan,2020-07-24T00:00:00.000,1,1476,170,17517,17517,1476,2020-07-24,1,170,0.00588235294117647,0.00518648924608052,1.09039603324539
Sullivan,2020-07-25T00:00:00.000,0,1476,72,17589,17589,1476,2020-07-25,0,72,0,0.00526833363674257,0
Sullivan,2020-07-26T00:00:00.000,0,1476,87,17676,17676,1476,2020-07-26,0,87,0,0.00535667997695256,0
Sullivan,2020-07-27T00:00:00.000,0,1476,174,17850,17850,1476,2020-07-27,0,174,0,0.00545130661798734,0
Sullivan,2020-07-28T00:00:00.000,0,1476,179,18029,18029,1476,2020-07-28,0,179,0,0.00555197884500539,0
Sullivan,2020-07-29T00:00:00.000,3,1479,446,18475,18475,1479,2020-07-29,3,446,0.00672645739910314,0.00565844650645988,3.30767929226455
Sullivan,2020-07-30T00:00:00.000,1,1480,99,18574,18574,1480,2020-07-30,1,99,0.0101010101010101,0.00577044200193052,1.10299189674767
Sullivan,2020-07-31T00:00:00.000,3,1483,119,18693,18693,1483,2020-07-31,3,119,0.0252100840336134,0.00588767867174409,3.31100318582281
Sullivan,2020-08-01T00:00:00.000,0,1483,62,18755,18755,1483,2020-08-01,0,62,0,0.00600984963197365,0
Sullivan,2020-08-02T00:00:00.000,0,1483,58,18813,18813,1483,2020-08-02,0,58,0,0.0061366270971122,0
Sullivan,2020-08-03T00:00:00.000,1,1484,260,19073,19073,1484,2020-08-03,1,260,0.00384615384615385,0.00626766222931148,1.10769239534371
Sullivan,2020-08-04T00:00:00.000,1,1485,144,19217,19217,1485,2020-08-04,1,144,0.00694444444444444,0.00640258554754204,1.10798294334784
Sullivan,2020-08-05T00:00:00.000,0,1485,116,19333,19333,1485,2020-08-05,0,116,0,0.00654100792246519,0
Sullivan,2020-08-06T00:00:00.000,3,1488,84,19417,19417,1488,2020-08-06,3,84,0.0357142857142857,0.00668252217329718,3.3321632121534
Sullivan,2020-08-07T00:00:00.000,0,1488,103,19520,19520,1488,2020-08-07,0,103,0,0.00682670527130982,0
Sullivan,2020-08-08T00:00:00.000,1,1489,135,19655,19655,1489,2020-08-08,1,135,0.00740740740740741,0.00697312114162983,1.11943245718099
Sullivan,2020-08-09T00:00:00.000,0,1489,63,19718,19718,1489,2020-08-09,0,63,0,0.00712132404075243,0
Sullivan,2020-08-10T00:00:00.000,1,1490,167,19885,19885,1490,2020-08-10,1,167,0.00598802395209581,0.00727086247194379,1.12708703593392
Sullivan,2020-08-11T00:00:00.000,1,1491,243,20128,20128,1491,2020-08-11,1,243,0.00411522633744856,0.00742128358561085,1.13022930333599
Sullivan,2020-08-12T00:00:00.000,0,1491,284,20412,20412,1491,2020-08-12,0,284,0,0.00757213799672311,0
Sullivan,2020-08-13T00:00:00.000,0,1491,240,20652,20652,1491,2020-08-13,0,240,0,0.00772298493746959,0
Sullivan,2020-08-14T00:00:00.000,2,1493,195,20847,20847,1493,2020-08-14,2,195,0.0102564102564103,0.00787339765117268,2.27693478252367
Sullivan,2020-08-15T00:00:00.000,0,1493,101,20948,20948,1493,2020-08-15,0,101,0,0.00802296892356483,0
Sullivan,2020-08-16T00:00:00.000,0,1493,75,21023,21023,1493,2020-08-16,0,75,0,0.00817131664017268,0
Sullivan,2020-08-17T00:00:00.000,0,1493,125,21148,21148,1493,2020-08-17,0,125,0,0.00831808925489656,0
Sullivan,2020-08-18T00:00:00.000,1,1494,187,21335,21335,1494,2020-08-18,1,187,0.0053475935828877,0.00846297105423344,1.15538652697436
Sullivan,2020-08-19T00:00:00.000,1,1495,179,21514,21514,1495,2020-08-19,1,179,0.00558659217877095,0.0086056871048554,1.1580668540108
Sullivan,2020-08-20T00:00:00.000,0,1495,169,21683,21683,1495,2020-08-20,0,169,0,0.0087460077792934,0
Sullivan,2020-08-21T00:00:00.000,0,1495,146,21829,21829,1495,2020-08-21,0,146,0,0.00888375276462248,0
Sullivan,2020-08-22T00:00:00.000,0,1495,82,21911,21911,1495,2020-08-22,0,82,0,0.00901879447239198,0
Sullivan,2020-08-23T00:00:00.000,0,1495,89,22000,22000,1495,2020-08-23,0,89,0,0.00915106078427622,0
Sullivan,2020-08-24T00:00:00.000,4,1499,142,22142,22142,1499,2020-08-24,4,142,0.028169014084507,0.00928053708535993,4.68597698885694
Sullivan,2020-08-25T00:00:00.000,0,1499,164,22306,22306,1499,2020-08-25,0,164,0,0.00940726755641703,0
Sullivan,2020-08-26T00:00:00.000,7,1506,192,22498,22498,1506,2020-08-26,7,192,0.0364583333333333,0.00953135571576377,8.22309144374115
Sullivan,2020-08-27T00:00:00.000,9,1515,399,22897,22897,1515,2020-08-27,9,399,0.0225563909774436,0.00965296422055467,10.5752316582872
Sullivan,2020-08-28T00:00:00.000,1,1516,138,23035,23035,1516,2020-08-28,1,138,0.0072463768115942,0.00977231395525155,1.17776611811997
Sullivan,2020-08-29T00:00:00.000,5,1521,276,23311,23311,1521,2020-08-29,5,276,0.0181159420289855,0.00988968245147658,5.91131262138988
Sullivan,2020-08-30T00:00:00.000,8,1529,123,23434,23434,1529,2020-08-30,8,123,0.0650406504065041,0.0100054016970365,9.49334684510282
Sullivan,2020-08-31T00:00:00.000,1,1530,146,23580,23580,1530,2020-08-31,1,146,0.00684931506849315,0.0101198554032875,1.19097291824891
Sullivan,2020-09-01T00:00:00.000,4,1534,244,23824,23824,1534,2020-09-01,4,244,0.0163934426229508,0.0102334758078196,4.78065844311391
Sullivan,2020-09-02T00:00:00.000,3,1537,224,24048,24048,1537,2020-09-02,3,224,0.0133928571428571,0.0103467400942956,3.59769237641641
Sullivan,2020-09-03T00:00:00.000,3,1540,415,24463,24463,1540,2020-09-03,3,415,0.0072289156626506,0.0104601665126593,3.60947297984181
Sullivan,2020-09-04T00:00:00.000,3,1543,199,24662,24662,1543,2020-09-04,3,199,0.0150753768844221,0.010574310281481,3.62079043597798
Sullivan,2020-09-05T00:00:00.000,0,1543,222,24884,24884,1543,2020-09-05,0,222,0,0.0106897593495767,0
Sullivan,2020-09-06T00:00:00.000,1,1544,77,24961,24961,1544,2020-09-06,1,77,0.012987012987013,0.0108071300871903,1.21394489491947
Sullivan,2020-09-07T00:00:00.000,0,1544,107,25068,25068,1544,2020-09-07,0,107,0,0.0109270629678772,0
Sullivan,2020-09-08T00:00:00.000,0,1544,137,25205,25205,1544,2020-09-08,0,137,0,0.0110502182917508,0
Sullivan,2020-09-09T00:00:00.000,4,1548,265,25470,25470,1548,2020-09-09,4,265,0.0150943396226415,0.0111772719887735,4.88925657086899
Sullivan,2020-09-10T00:00:00.000,0,1548,455,25925,25925,1548,2020-09-10,0,455,0,0.0113089115287444,0
Sullivan,2020-09-11T00:00:00.000,1,1549,160,26085,26085,1549,2020-09-11,1,160,0.00625,0.011445831951942,1.22799210092936
Sullivan,2020-09-12T00:00:00.000,4,1553,160,26245,26245,1553,2020-09-12,4,160,0.025,0.0115887320224486,4.92873581028192
Sullivan,2020-09-13T00:00:00.000,4,1557,81,26326,26326,1557,2020-09-13,4,81,0.0493827160493827,0.0117383104946701,4.94422472972453
Sullivan,2020-09-14T00:00:00.000,2,1559,254,26580,26580,1559,2020-09-14,2,254,0.0078740157480315,0.0118952624734899,2.4791608948618
Sullivan,2020-09-15T00:00:00.000,2,1561,122,26702,26702,1561,2020-09-15,2,122,0.0163934426229508,0.0120602758394022,2.48545457132502
Sullivan,2020-09-16T00:00:00.000,4,1565,277,26979,26979,1565,2020-09-16,4,277,0.0144404332129964,0.012234027702934,4.98186536032296
Sullivan,2020-09-17T00:00:00.000,3,1568,214,27193,27193,1568,2020-09-17,3,214,0.014018691588785,0.0124171808472152,3.74330007149739
Sullivan,2020-09-18T00:00:00.000,2,1570,199,27392,27392,1570,2020-09-18,2,199,0.0100502512562814,0.0126103801141733,2.49919460460504
Sullivan,2020-09-19T00:00:00.000,1,1571,111,27503,27503,1571,2020-09-19,1,111,0.00900900900900901,0.0128142486888359,1.24973041511116
Sullivan,2020-09-20T00:00:00.000,2,1573,98,27601,27601,1573,2020-09-20,2,98,0.0204081632653061,0.0130293842368728,2.49763980958757
Sullivan,2020-09-21T00:00:00.000,0,1573,218,27819,27819,1573,2020-09-21,0,218,0,0.0132563548544226,0
Sullivan,2020-09-22T00:00:00.000,3,1576,179,27998,27998,1576,2020-09-22,3,179,0.0167597765363128,0.0134956947943379,3.73605042228766
Sullivan,2020-09-23T00:00:00.000,4,1580,356,28354,28354,1580,2020-09-23,4,356,0.0112359550561798,0.0137478999414835,4.97116719032566
Sullivan,2020-09-24T00:00:00.000,1,1581,199,28553,28553,1581,2020-09-24,1,199,0.0050251256281407,0.0140134230199315,1.23969054408924
Sullivan,2020-09-25T00:00:00.000,2,1583,263,28816,28816,1583,2020-09-25,2,263,0.00760456273764259,0.0142926685273882,2.48039559277573
Sullivan,2020-09-26T00:00:00.000,8,1591,186,29002,29002,1591,2020-09-26,8,186,0.043010752688172,0.0145859874072269,9.94957436130305
Sullivan,2020-09-27T00:00:00.000,3,1594,170,29172,29172,1594,2020-09-27,3,170,0.0176470588235294,0.0148936714850145,3.73993167335522
Sullivan,2020-09-28T00:00:00.000,6,1600,295,29467,29467,1600,2020-09-28,6,295,0.0203389830508475,0.0152159477148225,7.49420351878141
Sullivan,2020-09-29T00:00:00.000,4,1604,306,29773,29773,1604,2020-09-29,4,306,0.0130718954248366,0.0155529723005523,5.00346156148337
Sullivan,2020-09-30T00:00:00.000,3,1607,219,29992,29992,1607,2020-09-30,3,219,0.0136986301369863,0.0159048247778512,3.75642084274176
Sullivan,2020-10-01T00:00:00.000,3,1610,216,30208,30208,1610,2020-10-01,3,216,0.0138888888888889,0.0162715021633578,3.75859139739223
Sullivan,2020-10-02T00:00:00.000,4,1614,314,30522,30522,1614,2020-10-02,4,314,0.0127388535031847,0.0166529132985916,5.01217647263985
Sullivan,2020-10-03T00:00:00.000,1,1615,171,30693,30693,1615,2020-10-03,1,171,0.00584795321637427,0.0170488735350331,1.25269209652597
Sullivan,2020-10-04T00:00:00.000,1,1616,145,30838,30838,1616,2020-10-04,1,145,0.00689655172413793,0.0174590999245478,1.25182099040425
Sullivan,2020-10-05T00:00:00.000,7,1623,238,31076,31076,1623,2020-10-05,7,238,0.0294117647058824,0.0178832070936178,8.75312315658928
Sullivan,2020-10-06T00:00:00.000,6,1629,332,31408,31408,1629,2020-10-06,6,332,0.0180722891566265,0.0183207039901034,7.49150887440416
Sullivan,2020-10-07T00:00:00.000,4,1633,322,31730,31730,1633,2020-10-07,4,322,0.0124223602484472,0.018770991696627,4.9850227025319
Sullivan,2020-10-08T00:00:00.000,10,1643,411,32141,32141,1643,2020-10-08,10,411,0.024330900243309,0.0192333625039525,12.4347879016491
Sullivan,2020-10-09T00:00:00.000,2,1645,344,32485,32485,1645,2020-10-09,2,344,0.00581395348837209,0.0197070004300663,2.48031308799618
Sullivan,2020-10-10T00:00:00.000,4,1649,235,32720,32720,1649,2020-10-10,4,235,0.0170212765957447,0.0201909833556388,4.94567919226611
Sullivan,2020-10-11T00:00:00.000,1,1650,123,32843,32843,1650,2020-10-11,1,123,0.00813008130081301,0.0206842869232015,1.23231762850712
Sullivan,2020-10-12T00:00:00.000,5,1655,326,33169,33169,1655,2020-10-12,5,326,0.0153374233128834,0.0211857903164876,6.1393625123915
Sullivan,2020-10-13T00:00:00.000,4,1659,301,33470,33470,1659,2020-10-13,4,301,0.0132890365448505,0.0216942839968573,4.89242808378589
Sullivan,2020-10-14T00:00:00.000,4,1663,253,33723,33723,1663,2020-10-14,4,253,0.0158102766798419,0.0222084794278515,4.8763310960528
Sullivan,2020-10-15T00:00:00.000,5,1668,418,34141,34141,1668,2020-10-15,5,418,0.0119617224880383,0.0227270207661105,6.07829718398716
Sullivan,2020-10-16T00:00:00.000,6,1674,365,34506,34506,1674,2020-10-16,6,365,0.0164383561643836,0.023248498440124,7.2855933164006
Sullivan,2020-10-17T00:00:00.000,1,1675,117,34623,34623,1675,2020-10-17,1,117,0.00854700854700855,0.0237714644781851,1.21326381420835
Sullivan,2020-10-18T00:00:00.000,5,1680,110,34733,34733,1680,2020-10-18,5,110,0.0454545454545455,0.0242944493864482,6.06161701260505
Sullivan,2020-10-19T00:00:00.000,2,1682,307,35040,35040,1682,2020-10-19,2,307,0.00651465798045603,0.0248159803196846,2.42463904484743
Sullivan,2020-10-20T00:00:00.000,12,1694,244,35284,35284,1694,2020-10-20,12,244,0.0491803278688525,0.0253346002324835,14.5625654837753
Sullivan,2020-10-21T00:00:00.000,15,1709,322,35606,35606,1709,2020-10-21,15,322,0.046583850931677,0.0258488876516931,18.2188059147921
Sullivan,2020-10-22T00:00:00.000,5,1714,261,35867,35867,1714,2020-10-22,5,261,0.0191570881226054,0.0263574766722509,6.07957769174077
Sullivan,2020-10-23T00:00:00.000,11,1725,318,36185,36185,1725,2020-10-23,11,318,0.0345911949685535,0.026859076751384,13.3836297968156
Sullivan,2020-10-24T00:00:00.000,18,1743,320,36505,36505,1743,2020-10-24,18,320,0.05625,0.0273524918618493,21.9044336132007
Sullivan,2020-10-25T00:00:00.000,7,1750,103,36608,36608,1750,2020-10-25,7,103,0.0679611650485437,0.0278366385634629,8.51598765842794
Sullivan,2020-10-26T00:00:00.000,15,1765,290,36898,36898,1765,2020-10-26,15,290,0.0517241379310345,0.0283105625661966,18.2349615704438
Sullivan,2020-10-27T00:00:00.000,14,1779,278,37176,37176,1779,2020-10-27,14,278,0.0503597122302158,0.0287734533833937,16.9988148697384
Sullivan,2020-10-28T00:00:00.000,7,1786,581,37757,37757,1786,2020-10-28,7,581,0.0120481927710843,0.0292246567146245,8.4853268461866
Sullivan,2020-10-29T00:00:00.000,14,1800,397,38154,38154,1800,2020-10-29,14,397,0.035264483627204,0.0296636842460882,16.9349974787724
Sullivan,2020-10-30T00:00:00.000,14,1814,357,38511,38511,1814,2020-10-30,14,357,0.0392156862745098,0.0300902206168308,16.8920843911944
Sullivan,2020-10-31T00:00:00.000,4,1818,186,38697,38697,1818,2020-10-31,4,186,0.021505376344086,0.0305041273622399,4.81205822163634
Sullivan,2020-11-01T00:00:00.000,7,1825,191,38888,38888,1825,2020-11-01,7,191,0.0366492146596859,0.0309054437154728,8.39284605230523
Sullivan,2020-11-02T00:00:00.000,12,1837,386,39274,39274,1837,2020-11-02,12,386,0.0310880829015544,0.0312943842137017,14.3339385802889
Sullivan,2020-11-03T00:00:00.000,15,1852,312,39586,39586,1852,2020-11-03,15,312,0.0480769230769231,0.0316713331215084,17.8439237123981
Sullivan,2020-11-04T00:00:00.000,10,1862,352,39938,39938,1862,2020-11-04,10,352,0.0284090909090909,0.0320368357417884,11.8431010665298
Sullivan,2020-11-05T00:00:00.000,20,1882,688,40626,40626,1882,2020-11-05,20,688,0.0290697674418605,0.0323915867345418,23.5734859190543
Sullivan,2020-11-06T00:00:00.000,9,1891,315,40941,40941,1891,2020-11-06,9,315,0.0285714285714286,0.0327364156041392,10.5545042818305
Sullivan,2020-11-07T00:00:00.000,3,1894,177,41118,41118,1894,2020-11-07,3,177,0.0169491525423729,0.0330722695423895,3.49947429203779
Sullivan,2020-11-08T00:00:00.000,6,1900,249,41367,41367,1900,2020-11-08,6,249,0.0240963855421687,0.033400193831256,6.95962908446977
Sullivan,2020-11-09T00:00:00.000,20,1920,435,41802,41802,1920,2020-11-09,20,435,0.0459770114942529,0.0337213100100252,23.070684688623
Sullivan,2020-11-10T00:00:00.000,12,1932,403,42205,42205,1932,2020-11-10,12,403,0.0297766749379653,0.0340367920031106,13.789603856919
Sullivan,2020-11-11T00:00:00.000,8,1940,541,42746,42746,1940,2020-11-11,8,541,0.0147874306839187,0.0343478403821387,9.16624793210506
Sullivan,2020-11-12T00:00:00.000,16,1956,457,43203,43203,1956,2020-11-12,16,457,0.0350109409190372,0.0346556549062164,18.3402128875106
Sullivan,2020-11-13T00:00:00.000,13,1969,449,43652,43652,1969,2020-11-13,13,449,0.0289532293986637,0.0349614054455422,14.9077514833625
Sullivan,2020-11-14T00:00:00.000,10,1979,267,43919,43919,1979,2020-11-14,10,267,0.0374531835205993,0.0352662013497312,11.4723285771871
Sullivan,2020-11-15T00:00:00.000,2,1981,160,44079,44079,1981,2020-11-15,2,160,0.0125,0.0355710592777776,2.29540771038957
Sullivan,2020-11-16T00:00:00.000,12,1993,391,44470,44470,1993,2020-11-16,12,391,0.030690537084399,0.0358768694615141,13.7778816487598
Sullivan,2020-11-17T00:00:00.000,15,2008,397,44867,44867,2008,2020-11-17,15,397,0.0377833753148615,0.0361843603349203,17.2288036457117
Sullivan,2020-11-18T00:00:00.000,23,2031,394,45261,45261,2031,2020-11-18,23,394,0.0583756345177665,0.0364940614303782,26.4267924327465
Tioga,2020-03-01T00:00:00.000,0,0,0,0,0,0,2020-03-01,0,0,0,0.0096697014402792,0
Tioga,2020-03-02T00:00:00.000,0,0,0,0,0,0,2020-03-02,0,0,0,0.0103310988776804,0
Tioga,2020-03-03T00:00:00.000,0,0,0,0,0,0,2020-03-03,0,0,0,0.0110373427899767,0
Tioga,2020-03-04T00:00:00.000,0,0,0,0,0,0,2020-03-04,0,0,0,0.0117915976025924,0
Tioga,2020-03-05T00:00:00.000,0,0,0,0,0,0,2020-03-05,0,0,0,0.0125973367887304,0
Tioga,2020-03-06T00:00:00.000,0,0,0,0,0,0,2020-03-06,0,0,0,0.0134583634686495,0
Tioga,2020-03-07T00:00:00.000,0,0,0,0,0,0,2020-03-07,0,0,0,0.0143788286396031,0
Tioga,2020-03-08T00:00:00.000,0,0,0,0,0,0,2020-03-08,0,0,0,0.0153632460596658,0
Tioga,2020-03-09T00:00:00.000,0,0,0,0,0,0,2020-03-09,0,0,0,0.016416502641152,0
Tioga,2020-03-10T00:00:00.000,0,0,0,0,0,0,2020-03-10,0,0,0,0.0175438630124972,0
Tioga,2020-03-11T00:00:00.000,0,0,1,1,1,0,2020-03-11,0,1,0,0.0187509666885495,0
Tioga,2020-03-12T00:00:00.000,0,0,0,1,1,0,2020-03-12,0,0,0.5,0.020043816045622,0
Tioga,2020-03-13T00:00:00.000,1,1,1,2,2,1,2020-03-13,1,1,1,0.0214287530397905,1.19922195911574
Tioga,2020-03-14T00:00:00.000,0,1,0,2,2,1,2020-03-14,0,0,0.5,0.0229124223457628,0
Tioga,2020-03-15T00:00:00.000,0,1,1,3,3,1,2020-03-15,0,1,0,0.0245017183421339,0
Tioga,2020-03-16T00:00:00.000,0,1,3,6,6,1,2020-03-16,0,3,0,0.0262037131570556,0
Tioga,2020-03-17T00:00:00.000,0,1,5,11,11,1,2020-03-17,0,5,0,0.0280255628347626,0
Tioga,2020-03-18T00:00:00.000,0,1,0,11,11,1,2020-03-18,0,0,0,0.0299743886379431,0
Tioga,2020-03-19T00:00:00.000,0,1,0,11,11,1,2020-03-19,0,0,0,0.0320571305924056,0
Tioga,2020-03-20T00:00:00.000,0,1,5,16,16,1,2020-03-20,0,5,0,0.0342803706728416,0
Tioga,2020-03-21T00:00:00.000,0,1,4,20,20,1,2020-03-21,0,4,0,0.0366501235605494,0
Tioga,2020-03-22T00:00:00.000,0,1,4,24,24,1,2020-03-22,0,4,0,0.0391715937390299,0
Tioga,2020-03-23T00:00:00.000,0,1,3,27,27,1,2020-03-23,0,3,0,0.0418488988692328,0
Tioga,2020-03-24T00:00:00.000,0,1,1,28,28,1,2020-03-24,0,1,0,0.0446847609429714,0
Tioga,2020-03-25T00:00:00.000,1,2,12,40,40,2,2020-03-25,1,12,0.0833333333333333,0.0476801686568675,1.06956105421783
Tioga,2020-03-26T00:00:00.000,0,2,10,50,50,2,2020-03-26,0,10,0,0.0508340167631813,0
Tioga,2020-03-27T00:00:00.000,2,4,18,68,68,4,2020-03-27,2,18,0.111111111111111,0.0541427307773474,2.14882167166697
Tioga,2020-03-28T00:00:00.000,0,4,21,89,89,4,2020-03-28,0,21,0,0.0575998882469556,0
Tioga,2020-03-29T00:00:00.000,0,4,15,104,104,4,2020-03-29,0,15,0,0.0611958506453988,0
Tioga,2020-03-30T00:00:00.000,3,7,21,125,125,7,2020-03-30,3,21,0.142857142857143,0.0649174226450887,3.23353202930035
Tioga,2020-03-31T00:00:00.000,0,7,15,140,140,7,2020-03-31,0,15,0,0.0687475577804582,0
Tioga,2020-04-01T00:00:00.000,0,7,14,154,154,7,2020-04-01,0,14,0,0.0726651310625291,0
Tioga,2020-04-02T00:00:00.000,0,7,18,172,172,7,2020-04-02,0,18,0,0.0766447996711671,0
Tioga,2020-04-03T00:00:00.000,0,7,9,181,181,7,2020-04-03,0,9,0,0.0806569721942328,0
Tioga,2020-04-04T00:00:00.000,0,7,8,189,189,7,2020-04-04,0,8,0,0.0846679048269496,0
Tioga,2020-04-05T00:00:00.000,1,8,10,199,199,8,2020-04-05,1,10,0.1,0.0886399394404534,1.11683100532747
Tioga,2020-04-06T00:00:00.000,0,8,10,209,209,8,2020-04-06,0,10,0,0.0925318935383858,0
Tioga,2020-04-07T00:00:00.000,4,12,29,238,238,12,2020-04-07,4,29,0.137931034482759,0.0962996060500766,4.5094725672187
Tioga,2020-04-08T00:00:00.000,5,17,32,270,270,17,2020-04-08,5,32,0.15625,0.0998966360096695,5.66054534799416
Tioga,2020-04-09T00:00:00.000,1,18,16,286,286,18,2020-04-09,1,16,0.0625,0.103275103869467,1.13896279861068
Tioga,2020-04-10T00:00:00.000,1,19,10,296,296,19,2020-04-10,1,10,0.1,0.106386657971603,1.14501597891999
Tioga,2020-04-11T00:00:00.000,0,19,8,304,304,19,2020-04-11,0,8,0,0.109183542053676,0
Tioga,2020-04-12T00:00:00.000,1,20,3,307,307,20,2020-04-12,1,3,0.333333333333333,0.111619733947198,1.15505957992483
Tioga,2020-04-13T00:00:00.000,4,24,52,359,359,24,2020-04-13,4,52,0.0769230769230769,0.113652121182019,4.63711132158798
Tioga,2020-04-14T00:00:00.000,1,25,14,373,373,25,2020-04-14,1,14,0.0714285714285714,0.115241676121747,1.16456116643277
Tioga,2020-04-15T00:00:00.000,2,27,16,389,389,27,2020-04-15,2,16,0.125,0.116354591584427,2.33911333867752
Tioga,2020-04-16T00:00:00.000,3,30,13,402,402,30,2020-04-16,3,13,0.230769230769231,0.116963337502488,3.52276241514389
Tioga,2020-04-17T00:00:00.000,2,32,16,418,418,32,2020-04-17,2,16,0.125,0.117047599946801,2.35791352765489
Tioga,2020-04-18T00:00:00.000,3,35,10,428,428,35,2020-04-18,3,10,0.3,0.116595065624966,3.55770099568213
Tioga,2020-04-19T00:00:00.000,2,37,6,434,434,37,2020-04-19,2,6,0.333333333333333,0.115602017720746,2.3849660957967
Tioga,2020-04-20T00:00:00.000,0,37,5,439,439,37,2020-04-20,0,5,0,0.114073712751014,0
Tioga,2020-04-21T00:00:00.000,2,39,10,449,449,39,2020-04-21,2,10,0.2,0.112024513126396,2.4088891881635
Tioga,2020-04-22T00:00:00.000,1,40,13,462,462,40,2020-04-22,1,13,0.0769230769230769,0.109477756604713,1.20976309019497
Tioga,2020-04-23T00:00:00.000,0,40,10,472,472,40,2020-04-23,0,10,0,0.106465352059383,0
Tioga,2020-04-24T00:00:00.000,31,71,173,645,645,71,2020-04-24,31,173,0.179190751445087,0.103027101084631,37.786831647279
Tioga,2020-04-25T00:00:00.000,0,71,8,653,653,71,2020-04-25,0,8,0,0.0992097568661073,0
Tioga,2020-04-26T00:00:00.000,0,71,8,661,661,71,2020-04-26,0,8,0,0.095065844999781,0
Tioga,2020-04-27T00:00:00.000,11,82,86,747,747,82,2020-04-27,11,86,0.127906976744186,0.0906522847833785,13.5147893523501
Tioga,2020-04-28T00:00:00.000,2,84,68,815,815,84,2020-04-28,2,68,0.0294117647058824,0.0860288627345391,2.46101240265818
Tioga,2020-04-29T00:00:00.000,4,88,69,884,884,88,2020-04-29,4,69,0.0579710144927536,0.0812566213400127,4.9268836184323
Tioga,2020-04-30T00:00:00.000,2,90,19,903,903,90,2020-04-30,2,19,0.105263157894737,0.0763962338353093,2.46462442846879
Tioga,2020-05-01T00:00:00.000,0,90,20,923,923,90,2020-05-01,0,20,0,0.0715064389044485,0
Tioga,2020-05-02T00:00:00.000,0,90,25,948,948,90,2020-05-02,0,25,0,0.0666426067803536,0
Tioga,2020-05-03T00:00:00.000,0,90,50,998,998,90,2020-05-03,0,50,0,0.0618555001333631,0
Tioga,2020-05-04T00:00:00.000,2,92,67,1065,1065,92,2020-05-04,2,67,0.0298507462686567,0.0571902799438204,2.47315694529755
Tioga,2020-05-05T00:00:00.000,4,96,76,1141,1141,96,2020-05-05,4,76,0.0526315789473684,0.0526857895175385,4.94960453080978
Tioga,2020-05-06T00:00:00.000,1,97,40,1181,1181,97,2020-05-06,1,40,0.025,0.0483741306747239,1.23707577665263
Tioga,2020-05-07T00:00:00.000,2,99,40,1221,1221,99,2020-05-07,2,40,0.05,0.0442805269457126,2.47126590552011
Tioga,2020-05-08T00:00:00.000,5,104,83,1304,1304,104,2020-05-08,5,83,0.0602409638554217,0.0404234512428205,6.15720215561365
Tioga,2020-05-09T00:00:00.000,1,105,31,1335,1335,105,2020-05-09,1,31,0.032258064516129,0.0368149815238507,1.22633239979806
Tioga,2020-05-10T00:00:00.000,2,107,40,1375,1375,107,2020-05-10,2,40,0.05,0.0334613384229581,2.44159160223751
Tioga,2020-05-11T00:00:00.000,0,107,35,1410,1410,107,2020-05-11,0,35,0,0.0303635540652778,0
Tioga,2020-05-12T00:00:00.000,1,108,92,1502,1502,108,2020-05-12,1,92,0.0108695652173913,0.0275182210670098,1.21721351199559
Tioga,2020-05-13T00:00:00.000,0,108,59,1561,1561,108,2020-05-13,0,59,0,0.0249182743429558,0
Tioga,2020-05-14T00:00:00.000,2,110,42,1603,1603,110,2020-05-14,2,42,0.0476190476190476,0.0225537647863418,2.42605881302877
Tioga,2020-05-15T00:00:00.000,2,112,57,1660,1660,112,2020-05-15,2,57,0.0350877192982456,0.0204125920340711,2.42080190103661
Tioga,2020-05-16T00:00:00.000,1,113,59,1719,1719,113,2020-05-16,1,59,0.0169491525423729,0.0184811723283652,1.21037262930976
Tioga,2020-05-17T00:00:00.000,0,113,82,1801,1801,113,2020-05-17,0,82,0,0.0167450260393018,0
Tioga,2020-05-18T00:00:00.000,0,113,113,1914,1914,113,2020-05-18,0,113,0,0.015189277079845,0
Tioga,2020-05-19T00:00:00.000,1,114,106,2020,2020,114,2020-05-19,1,106,0.00943396226415094,0.0137990628169282,1.21470435409799
Tioga,2020-05-20T00:00:00.000,3,117,89,2109,2109,117,2020-05-20,3,89,0.0337078651685393,0.0125598579958388,3.65348796113825
Tioga,2020-05-21T00:00:00.000,1,118,105,2214,2214,118,2020-05-21,1,105,0.00952380952380952,0.0114577196506707,1.2204102757932
Tioga,2020-05-22T00:00:00.000,3,121,96,2310,2310,121,2020-05-22,3,96,0.03125,0.01047946211363,3.66554038883198
Tioga,2020-05-23T00:00:00.000,1,122,79,2389,2389,122,2020-05-23,1,79,0.0126582278481013,0.00961277226898152,1.21833430823175
Tioga,2020-05-24T00:00:00.000,0,122,54,2443,2443,122,2020-05-24,0,54,0,0.00884627536450948,0
Tioga,2020-05-25T00:00:00.000,0,122,45,2488,2488,122,2020-05-25,0,45,0,0.00816956123639741,0
Tioga,2020-05-26T00:00:00.000,2,124,195,2683,2683,124,2020-05-26,2,195,0.0102564102564103,0.00757317993317365,2.40561326922574
Tioga,2020-05-27T00:00:00.000,2,126,132,2815,2815,126,2020-05-27,2,132,0.0151515151515152,0.00704861462422576,2.39219008363493
Tioga,2020-05-28T00:00:00.000,0,126,110,2925,2925,126,2020-05-28,0,110,0,0.00658823848372915,0
Tioga,2020-05-29T00:00:00.000,2,128,141,3066,3066,128,2020-05-29,2,141,0.0141843971631206,0.00618526105526252,2.36203718803644
Tioga,2020-05-30T00:00:00.000,2,130,107,3173,3173,130,2020-05-30,2,107,0.0186915887850467,0.00583366849209445,2.34559023448484
Tioga,2020-05-31T00:00:00.000,0,130,44,3217,3217,130,2020-05-31,0,44,0,0.00552816107353154,0
Tioga,2020-06-01T00:00:00.000,1,131,143,3360,3360,131,2020-06-01,1,143,0.00699300699300699,0.00526409053712345,1.15972146787471
Tioga,2020-06-02T00:00:00.000,2,133,123,3483,3483,133,2020-06-02,2,123,0.016260162601626,0.00503739904473769,2.3093700609587
Tioga,2020-06-03T00:00:00.000,0,133,101,3584,3584,133,2020-06-03,0,101,0,0.00484456101011082,0
Tioga,2020-06-04T00:00:00.000,1,134,140,3724,3724,134,2020-06-04,1,140,0.00714285714285714,0.00468252854450382,1.14422994915036
Tioga,2020-06-05T00:00:00.000,0,134,302,4026,4026,134,2020-06-05,0,302,0,0.00454868091076865,0
Tioga,2020-06-06T00:00:00.000,0,134,146,4172,4172,134,2020-06-06,0,146,0,0.00444077809718055,0
Tioga,2020-06-07T00:00:00.000,0,134,79,4251,4251,134,2020-06-07,0,79,0,0.00435691841586605,0
Tioga,2020-06-08T00:00:00.000,0,134,166,4417,4417,134,2020-06-08,0,166,0,0.00429549988237597,0
Tioga,2020-06-09T00:00:00.000,1,135,247,4664,4664,135,2020-06-09,1,247,0.00404858299595142,0.00425518503057377,1.12830281043366
Tioga,2020-06-10T00:00:00.000,0,135,159,4823,4823,135,2020-06-10,0,159,0,0.00423486875013298,0
Tioga,2020-06-11T00:00:00.000,2,137,106,4929,4929,137,2020-06-11,2,106,0.0188679245283019,0.00423364869509803,2.26848256464601
Tioga,2020-06-12T00:00:00.000,0,137,162,5091,5091,137,2020-06-12,0,162,0,0.00425079779476634,0
Tioga,2020-06-13T00:00:00.000,2,139,71,5162,5162,139,2020-06-13,2,71,0.028169014084507,0.00428573839824466,2.28108651146689
Tioga,2020-06-14T00:00:00.000,0,139,71,5233,5233,139,2020-06-14,0,71,0,0.00433801759894797,0
Tioga,2020-06-15T00:00:00.000,1,140,174,5407,5407,140,2020-06-15,1,174,0.00574712643678161,0.00440728331328812,1.14709487922488
Tioga,2020-06-16T00:00:00.000,0,140,70,5477,5477,140,2020-06-16,0,70,0,0.00449326072864017,0
Tioga,2020-06-17T00:00:00.000,0,140,175,5652,5652,140,2020-06-17,0,175,0,0.00459572878937802,0
Tioga,2020-06-18T00:00:00.000,0,140,123,5775,5775,140,2020-06-18,0,123,0,0.0047144964570349,0
Tioga,2020-06-19T00:00:00.000,0,140,77,5852,5852,140,2020-06-19,0,77,0,0.00484937856236442,0
Tioga,2020-06-20T00:00:00.000,0,140,60,5912,5912,140,2020-06-20,0,60,0,0.00500017116326549,0
Tioga,2020-06-21T00:00:00.000,0,140,70,5982,5982,140,2020-06-21,0,70,0,0.00516662643334631,0
Tioga,2020-06-22T00:00:00.000,1,141,186,6168,6168,141,2020-06-22,1,186,0.00537634408602151,0.00534842722980153,1.16962268482037
Tioga,2020-06-23T00:00:00.000,0,141,128,6296,6296,141,2020-06-23,0,128,0,0.00554516162382375,0
Tioga,2020-06-24T00:00:00.000,0,141,151,6447,6447,141,2020-06-24,0,151,0,0.00575629781737722,0
Tioga,2020-06-25T00:00:00.000,0,141,68,6515,6515,141,2020-06-25,0,68,0,0.00598116001186624,0
Tioga,2020-06-26T00:00:00.000,1,142,131,6646,6646,142,2020-06-26,1,131,0.00763358778625954,0.00621890592735723,1.1802057059491
Tioga,2020-06-27T00:00:00.000,0,142,77,6723,6723,142,2020-06-27,0,77,0,0.0064685067887539,0
Tioga,2020-06-28T00:00:00.000,0,142,51,6774,6774,142,2020-06-28,0,51,0,0.00672873068492581,0
Tioga,2020-06-29T00:00:00.000,1,143,175,6949,6949,143,2020-06-29,1,175,0.00571428571428571,0.00699813025866505,1.18582057866834
Tioga,2020-06-30T00:00:00.000,0,143,107,7056,7056,143,2020-06-30,0,107,0,0.00727503568880723,0
Tioga,2020-07-01T00:00:00.000,0,143,130,7186,7186,143,2020-07-01,0,130,0,0.00755755387125719,0
Tioga,2020-07-02T00:00:00.000,0,143,108,7294,7294,143,2020-07-02,0,108,0,0.00784357458733749,0
Tioga,2020-07-03T00:00:00.000,2,145,101,7395,7395,145,2020-07-03,2,101,0.0198019801980198,0.00813078426321845,2.37471778594334
Tioga,2020-07-04T00:00:00.000,1,146,101,7496,7496,146,2020-07-04,1,101,0.0099009900990099,0.0084166876742759,1.18883367989659
Tioga,2020-07-05T00:00:00.000,2,148,126,7622,7622,148,2020-07-05,2,126,0.0158730158730159,0.00869863764240563,2.37662796923723
Tioga,2020-07-06T00:00:00.000,2,150,105,7727,7727,150,2020-07-06,2,105,0.019047619047619,0.00897387242372621,2.37520977389143
Tioga,2020-07-07T00:00:00.000,0,150,61,7788,7788,150,2020-07-07,0,61,0,0.00923956010816957,0
Tioga,2020-07-08T00:00:00.000,1,151,110,7898,7898,151,2020-07-08,1,110,0.00909090909090909,0.00949284897337143,1.18877759476495
Tioga,2020-07-09T00:00:00.000,8,159,160,8058,8058,159,2020-07-09,8,160,0.05,0.00973092237735633,9.50865339144524
Tioga,2020-07-10T00:00:00.000,1,160,126,8184,8184,160,2020-07-10,1,126,0.00793650793650794,0.00995105646497776,1.18793343712164
Tioga,2020-07-11T00:00:00.000,1,161,151,8335,8335,161,2020-07-11,1,151,0.00662251655629139,0.0101506787248024,1.18683933917722
Tioga,2020-07-12T00:00:00.000,0,161,83,8418,8418,161,2020-07-12,0,83,0,0.0103274252873138,0
Tioga,2020-07-13T00:00:00.000,0,161,121,8539,8539,161,2020-07-13,0,121,0,0.010479194817449,0
Tioga,2020-07-14T00:00:00.000,2,163,208,8747,8747,163,2020-07-14,2,208,0.00961538461538462,0.0106041969296892,2.36197801656747
Tioga,2020-07-15T00:00:00.000,0,163,165,8912,8912,163,2020-07-15,0,165,0,0.0107009932446415,0
Tioga,2020-07-16T00:00:00.000,5,168,101,9013,9013,168,2020-07-16,5,101,0.0495049504950495,0.0107685294992518,5.87550166360595
Tioga,2020-07-17T00:00:00.000,1,169,141,9154,9154,169,2020-07-17,1,141,0.00709219858156028,0.0108061575045674,1.17324450790007
Tioga,2020-07-18T00:00:00.000,1,170,104,9258,9258,170,2020-07-18,1,104,0.00961538461538462,0.0108136461895569,1.17425163554285
Tioga,2020-07-19T00:00:00.000,3,173,131,9389,9389,173,2020-07-19,3,131,0.0229007633587786,0.0107911814502376,3.52330886791368
Tioga,2020-07-20T00:00:00.000,1,174,110,9499,9499,174,2020-07-20,1,110,0.00909090909090909,0.0107393550094348,1.17379782494287
Tioga,2020-07-21T00:00:00.000,1,175,128,9627,9627,175,2020-07-21,1,128,0.0078125,0.0106591429556242,1.17220216694849
Tioga,2020-07-22T00:00:00.000,0,175,129,9756,9756,175,2020-07-22,0,129,0,0.0105518750399552,0
Tioga,2020-07-23T00:00:00.000,1,176,187,9943,9943,176,2020-07-23,1,187,0.0053475935828877,0.0104191961507864,1.16646383415882
Tioga,2020-07-24T00:00:00.000,2,178,131,10074,10074,178,2020-07-24,2,131,0.0152671755725191,0.0102630216340554,2.33482553756342
Tioga,2020-07-25T00:00:00.000,1,179,89,10163,10163,179,2020-07-25,1,89,0.0112359550561798,0.0100854882808606,1.16759910272342
Tioga,2020-07-26T00:00:00.000,1,180,145,10308,10308,180,2020-07-26,1,145,0.00689655172413793,0.00988890285641052,1.16657472117887
Tioga,2020-07-27T00:00:00.000,0,180,85,10393,10393,180,2020-07-27,0,85,0,0.00967569000267046,0
Tioga,2020-07-28T00:00:00.000,3,183,129,10522,10522,183,2020-07-28,3,129,0.0232558139534884,0.00944834122168565,3.4847136960009
Tioga,2020-07-29T00:00:00.000,1,184,118,10640,10640,184,2020-07-29,1,118,0.00847457627118644,0.0092093664525315,1.157591671832
Tioga,2020-07-30T00:00:00.000,3,187,150,10790,10790,187,2020-07-30,3,150,0.02,0.00896124950890101,3.45787687708882
Tioga,2020-07-31T00:00:00.000,1,188,133,10923,10923,188,2020-07-31,1,133,0.0075187969924812,0.00870640836833591,1.14769856146241
Tioga,2020-08-01T00:00:00.000,1,189,70,10993,10993,189,2020-08-01,1,70,0.0142857142857143,0.00844716101290238,1.14413014459922
Tioga,2020-08-02T00:00:00.000,1,190,75,11068,11068,190,2020-08-02,1,75,0.0133333333333333,0.00818569723557578,1.13933288208327
Tioga,2020-08-03T00:00:00.000,1,191,171,11239,11239,191,2020-08-03,1,171,0.00584795321637427,0.00792405655890045,1.13397471899896
Tioga,2020-08-04T00:00:00.000,2,193,230,11469,11469,193,2020-08-04,2,230,0.00869565217391304,0.00766411217451891,2.25617985253977
Tioga,2020-08-05T00:00:00.000,0,193,100,11569,11569,193,2020-08-05,0,100,0,0.00740756061226341,0
Tioga,2020-08-06T00:00:00.000,0,193,135,11704,11704,193,2020-08-06,0,135,0,0.00715591668993673,0
Tioga,2020-08-07T00:00:00.000,0,193,153,11857,11857,193,2020-08-07,0,153,0,0.00691051317969524,0
Tioga,2020-08-08T00:00:00.000,0,193,120,11977,11977,193,2020-08-08,0,120,0,0.00667250455455417,0
Tioga,2020-08-09T00:00:00.000,0,193,103,12080,12080,193,2020-08-09,0,103,0,0.00644287414407036,0
Tioga,2020-08-10T00:00:00.000,1,194,197,12277,12277,194,2020-08-10,1,197,0.0050761421319797,0.00622244402631611,1.1096728522183
Tioga,2020-08-11T00:00:00.000,0,194,124,12401,12401,194,2020-08-11,0,124,0,0.00601188700963266,0
Tioga,2020-08-12T00:00:00.000,0,194,160,12561,12561,194,2020-08-12,0,160,0,0.00581174010411765,0
Tioga,2020-08-13T00:00:00.000,1,195,204,12765,12765,195,2020-08-13,1,204,0.00490196078431373,0.0056224189443699,1.0995630260691
Tioga,2020-08-14T00:00:00.000,0,195,134,12899,12899,195,2020-08-14,0,134,0,0.00544423269602157,0
Tioga,2020-08-15T00:00:00.000,0,195,95,12994,12994,195,2020-08-15,0,95,0,0.0052773990537743,0
Tioga,2020-08-16T00:00:00.000,1,196,102,13096,13096,196,2020-08-16,1,102,0.00980392156862745,0.00512205901356714,1.09678512500947
Tioga,2020-08-17T00:00:00.000,2,198,130,13226,13226,198,2020-08-17,2,130,0.0153846153846154,0.0049782911744661,2.18978869066839
Tioga,2020-08-18T00:00:00.000,1,199,98,13324,13324,199,2020-08-18,1,98,0.0102040816326531,0.00484612539239794,1.09273405506482
Tioga,2020-08-19T00:00:00.000,4,203,165,13489,13489,203,2020-08-19,4,165,0.0242424242424242,0.00472555566808169,4.36275028973658
Tioga,2020-08-20T00:00:00.000,0,203,220,13709,13709,203,2020-08-20,0,220,0,0.00461655220419618,0
Tioga,2020-08-21T00:00:00.000,1,204,205,13914,13914,204,2020-08-21,1,205,0.0048780487804878,0.00451907261086189,1.0867382965309
Tioga,2020-08-22T00:00:00.000,2,206,103,14017,14017,206,2020-08-22,2,103,0.0194174757281553,0.0044330722749212,2.16975444053123
Tioga,2020-08-23T00:00:00.000,0,206,99,14116,14116,206,2020-08-23,0,99,0,0.00435851393790465,0
Tioga,2020-08-24T00:00:00.000,0,206,93,14209,14209,206,2020-08-24,0,93,0,0.00429537654898903,0
Tioga,2020-08-25T00:00:00.000,0,206,110,14319,14319,206,2020-08-25,0,110,0,0.0042436634758624,0
Tioga,2020-08-26T00:00:00.000,0,206,137,14456,14456,206,2020-08-26,0,137,0,0.00420341016669249,0
Tioga,2020-08-27T00:00:00.000,1,207,199,14655,14655,207,2020-08-27,1,199,0.0050251256281407,0.00417469136276514,1.08054721405282
Tioga,2020-08-28T00:00:00.000,1,208,174,14829,14829,208,2020-08-28,1,174,0.00574712643678161,0.00415762796340221,1.08129421075231
Tioga,2020-08-29T00:00:00.000,0,208,117,14946,14946,208,2020-08-29,0,117,0,0.00415239364406675,0
Tioga,2020-08-30T00:00:00.000,1,209,103,15049,15049,209,2020-08-30,1,103,0.00970873786407767,0.00415922132431761,1.08694385482385
Tioga,2020-08-31T00:00:00.000,0,209,68,15117,15117,209,2020-08-31,0,68,0,0.00417840957631379,0
Tioga,2020-09-01T00:00:00.000,0,209,74,15191,15191,209,2020-09-01,0,74,0,0.00421032905568256,0
Tioga,2020-09-02T00:00:00.000,1,210,96,15287,15287,210,2020-09-02,1,96,0.0104166666666667,0.00425542902578231,1.09727820335682
Tioga,2020-09-03T00:00:00.000,1,211,118,15405,15405,211,2020-09-03,1,118,0.00847457627118644,0.00431424403292438,1.10118212042637
Tioga,2020-09-04T00:00:00.000,0,211,232,15637,15637,211,2020-09-04,0,232,0,0.00438740077441052,0
Tioga,2020-09-05T00:00:00.000,1,212,186,15823,15823,212,2020-09-05,1,186,0.00537634408602151,0.00447562518211537,1.10959576760499
Tioga,2020-09-06T00:00:00.000,2,214,79,15902,15902,214,2020-09-06,2,79,0.0253164556962025,0.00457974972210586,2.2281381021631
Tioga,2020-09-07T00:00:00.000,2,216,133,16035,16035,216,2020-09-07,2,133,0.0150375939849624,0.00470072088421848,2.23730409891339
Tioga,2020-09-08T00:00:00.000,1,217,81,16116,16116,217,2020-09-08,1,81,0.0123456790123457,0.00483960680457076,1.12318218788192
Tioga,2020-09-09T00:00:00.000,1,218,118,16234,16234,218,2020-09-09,1,118,0.00847457627118644,0.00499760492713086,1.12778274845885
Tioga,2020-09-10T00:00:00.000,0,218,198,16432,16432,218,2020-09-10,0,198,0,0.00517604956825678,0
Tioga,2020-09-11T00:00:00.000,1,219,267,16699,16699,219,2020-09-11,1,267,0.00374531835205993,0.0053764191985006,1.13862351586743
Tioga,2020-09-12T00:00:00.000,0,219,115,16814,16814,219,2020-09-12,0,115,0,0.005600343199784,0
Tioga,2020-09-13T00:00:00.000,2,221,118,16932,16932,221,2020-09-13,2,118,0.0169491525423729,0.00584960779209361,2.30579303162944
Tioga,2020-09-14T00:00:00.000,0,221,198,17130,17130,221,2020-09-14,0,198,0,0.00612616075316993,0
Tioga,2020-09-15T00:00:00.000,0,221,190,17320,17320,221,2020-09-15,0,190,0,0.00643211447694625,0
Tioga,2020-09-16T00:00:00.000,0,221,249,17569,17569,221,2020-09-16,0,249,0,0.0067697468342363,0
Tioga,2020-09-17T00:00:00.000,1,222,249,17818,17818,222,2020-09-17,1,249,0.00401606425702811,0.00714149921374172,1.18061970221975
Tioga,2020-09-18T00:00:00.000,0,222,287,18105,18105,222,2020-09-18,0,287,0,0.00754997103657466,0
Tioga,2020-09-19T00:00:00.000,2,224,144,18249,18249,224,2020-09-19,2,144,0.0138888888888889,0.0079979099582369,2.38437561369932
Tioga,2020-09-20T00:00:00.000,0,224,65,18314,18314,224,2020-09-20,0,65,0,0.00848819690288139,0
Tioga,2020-09-21T00:00:00.000,1,225,181,18495,18495,225,2020-09-21,1,181,0.00552486187845304,0.00902382502603972,1.20029648282203
Tioga,2020-09-22T00:00:00.000,0,225,223,18718,18718,225,2020-09-22,0,223,0,0.009607871679127,0
Tioga,2020-09-23T00:00:00.000,4,229,218,18936,18936,229,2020-09-23,4,218,0.018348623853211,0.0102434624663433,4.82702348007011
Tioga,2020-09-24T00:00:00.000,0,229,346,19282,19282,229,2020-09-24,0,346,0,0.0109337265505757,0
Tioga,2020-09-25T00:00:00.000,5,234,271,19553,19553,234,2020-09-25,5,271,0.018450184501845,0.011681742492457,6.07715607808014
Tioga,2020-09-26T00:00:00.000,1,235,142,19695,19695,235,2020-09-26,1,142,0.00704225352112676,0.0124904741083231,1.22455648936218
Tioga,2020-09-27T00:00:00.000,2,237,101,19796,19796,237,2020-09-27,2,101,0.0198019801980198,0.0133626961163552,2.46638937643395
Tioga,2020-09-28T00:00:00.000,5,242,172,19968,19968,242,2020-09-28,5,172,0.0290697674418605,0.0143009097139536,6.20655634906174
Tioga,2020-09-29T00:00:00.000,7,249,283,20251,20251,249,2020-09-29,7,283,0.0247349823321555,0.0153072486958158,8.74212456473447
Tioga,2020-09-30T00:00:00.000,7,256,309,20560,20560,256,2020-09-30,7,309,0.0226537216828479,0.0163833772751955,8.79100407211936
Tioga,2020-10-01T00:00:00.000,5,261,359,20919,20919,261,2020-10-01,5,359,0.0139275766016713,0.0175303814006579,6.31117520322797
Tioga,2020-10-02T00:00:00.000,3,264,342,21261,21261,264,2020-10-02,3,342,0.0087719298245614,0.0187486560436652,3.80395708777335
Tioga,2020-10-03T00:00:00.000,10,274,462,21723,21723,274,2020-10-03,10,462,0.0216450216450216,0.0200377916362957,12.7309189741218
Tioga,2020-10-04T00:00:00.000,4,278,211,21934,21934,278,2020-10-04,4,211,0.018957345971564,0.0213964635229765,5.11015690933327
Tioga,2020-10-05T00:00:00.000,6,284,105,22039,22039,284,2020-10-05,6,105,0.0571428571428571,0.0228223289018192,7.68789963144408
Tioga,2020-10-06T00:00:00.000,7,291,446,22485,22485,291,2020-10-06,7,446,0.015695067264574,0.0243119362132743,8.99091365555975
Tioga,2020-10-07T00:00:00.000,13,304,441,22926,22926,304,2020-10-07,13,441,0.0294784580498866,0.0258606522268305,16.7288361348874
Tioga,2020-10-08T00:00:00.000,15,319,439,23365,23365,319,2020-10-08,15,439,0.0341685649202733,0.0274626121227403,19.3285067635716
Tioga,2020-10-09T00:00:00.000,14,333,422,23787,23787,333,2020-10-09,14,422,0.033175355450237,0.0291106976173108,18.0529323061228
Tioga,2020-10-10T00:00:00.000,12,345,364,24151,24151,345,2020-10-10,12,364,0.032967032967033,0.0307965476054874,15.4768171921795
Tioga,2020-10-11T00:00:00.000,7,352,204,24355,24355,352,2020-10-11,7,204,0.0343137254901961,0.0325106048807114,9.02524813189205
Tioga,2020-10-12T00:00:00.000,6,358,285,24640,24640,358,2020-10-12,6,285,0.0210526315789474,0.0342422012577494,7.72958584203928
Tioga,2020-10-13T00:00:00.000,13,371,300,24940,24940,371,2020-10-13,13,300,0.0433333333333333,0.0359796819076529,16.7254962120362
Tioga,2020-10-14T00:00:00.000,19,390,442,25382,25382,390,2020-10-14,19,442,0.0429864253393665,0.0377105679935678,24.4219996403589
Tioga,2020-10-15T00:00:00.000,23,413,579,25961,25961,413,2020-10-15,23,579,0.0397236614853195,0.0394217548601727,29.5433069110761
Tioga,2020-10-16T00:00:00.000,11,424,295,26256,26256,424,2020-10-16,11,295,0.0372881355932203,0.0410997411985155,14.1400445522403
Tioga,2020-10-17T00:00:00.000,11,435,370,26626,26626,435,2020-10-17,11,370,0.0297297297297297,0.04273088289697,14.1519577348557
Tioga,2020-10-18T00:00:00.000,13,448,220,26846,26846,448,2020-10-18,13,220,0.0590909090909091,0.0443016638217099,16.7360567090442
Tioga,2020-10-19T00:00:00.000,11,459,201,27047,27047,459,2020-10-19,11,201,0.054726368159204,0.0457989746526824,14.1782364857589
Tioga,2020-10-20T00:00:00.000,19,478,297,27344,27344,478,2020-10-20,19,297,0.063973063973064,0.0472103902107465,24.5381942216319
Tioga,2020-10-21T00:00:00.000,24,502,566,27910,27910,502,2020-10-21,24,566,0.0424028268551237,0.0485244355111878,31.0450065114945
Tioga,2020-10-22T00:00:00.000,10,512,363,28273,28273,512,2020-10-22,10,363,0.0275482093663912,0.0497308310760356,12.9561389501493
Tioga,2020-10-23T00:00:00.000,37,549,664,28937,28937,549,2020-10-23,37,664,0.0557228915662651,0.0508207088211821,47.9819526513403
Tioga,2020-10-24T00:00:00.000,23,572,507,29444,29444,572,2020-10-24,23,507,0.0453648915187377,0.051786791052294,29.8338683731869
Tioga,2020-10-25T00:00:00.000,17,589,205,29649,29649,589,2020-10-25,17,205,0.0829268292682927,0.0526235266722092,22.0415545210498
Tioga,2020-10-26T00:00:00.000,21,610,374,30023,30023,610,2020-10-26,21,374,0.0561497326203209,0.053327180534426,27.1977451740977
Tioga,2020-10-27T00:00:00.000,19,629,348,30371,30371,629,2020-10-27,19,348,0.0545977011494253,0.0538958738412009,24.5640833457581
Tioga,2020-10-28T00:00:00.000,24,653,349,30720,30720,653,2020-10-28,24,349,0.0687679083094556,0.054329575494545,30.9535501433214
Tioga,2020-10-29T00:00:00.000,19,672,446,31166,31166,672,2020-10-29,19,446,0.0426008968609865,0.0546300462199183,24.4304434090772
Tioga,2020-10-30T00:00:00.000,17,689,528,31694,31694,689,2020-10-30,17,528,0.0321969696969697,0.0548007390326985,21.7791152197779
Tioga,2020-10-31T00:00:00.000,10,699,330,32024,32024,699,2020-10-31,10,330,0.0303030303030303,0.0548466610904708,12.7570436287089
Tioga,2020-11-01T00:00:00.000,18,717,221,32245,32245,717,2020-11-01,18,221,0.081447963800905,0.0547742031415531,22.8527164267087
Tioga,2020-11-02T00:00:00.000,15,732,264,32509,32509,732,2020-11-02,15,264,0.0568181818181818,0.0545909435710691,18.9426603082914
Tioga,2020-11-03T00:00:00.000,18,750,275,32784,32784,750,2020-11-03,18,275,0.0654545454545455,0.0543054344732521,22.599003985048
Tioga,2020-11-04T00:00:00.000,25,775,419,33203,33203,775,2020-11-04,25,419,0.0596658711217184,0.0539269772275033,31.1904104891282
Tioga,2020-11-05T00:00:00.000,17,792,346,33549,33549,792,2020-11-05,17,346,0.0491329479768786,0.0534653947637299,21.0671986110675
Tioga,2020-11-06T00:00:00.000,31,823,521,34070,34070,823,2020-11-06,31,521,0.0595009596928983,0.0529308071129159,38.1438709045079
Tioga,2020-11-07T00:00:00.000,13,836,379,34449,34449,836,2020-11-07,13,379,0.0343007915567282,0.0523334159981475,15.8765601648569
Tioga,2020-11-08T00:00:00.000,10,846,153,34602,34602,846,2020-11-08,10,153,0.065359477124183,0.0516833032140712,12.1169961960282
Tioga,2020-11-09T00:00:00.000,18,864,245,34847,34847,864,2020-11-09,18,245,0.073469387755102,0.0509902464139961,21.6401995090755
Tioga,2020-11-10T00:00:00.000,22,886,300,35147,35147,886,2020-11-10,22,300,0.0733333333333333,0.050263554768414,26.2859503210148
Tioga,2020-11-11T00:00:00.000,27,913,341,35488,35488,913,2020-11-11,27,341,0.0791788856304985,0.049511925816307,32.0882782916257
Tioga,2020-11-12T00:00:00.000,17,930,457,35945,35945,930,2020-11-12,17,457,0.037199124726477,0.04874332378137,20.162640848509
Tioga,2020-11-13T00:00:00.000,10,940,337,36282,36282,940,2020-11-13,10,337,0.029673590504451,0.0479648786989204,11.8359259333205
Tioga,2020-11-14T00:00:00.000,11,951,253,36535,36535,951,2020-11-14,11,253,0.0434782608695652,0.0471828049374876,12.992321819197
Tioga,2020-11-15T00:00:00.000,6,957,272,36807,36807,957,2020-11-15,6,272,0.0220588235294118,0.0464023371339,7.07172553262749
Tioga,2020-11-16T00:00:00.000,16,973,204,37011,37011,973,2020-11-16,16,204,0.0784313725490196,0.0456276811924139,18.8175280583713
Tioga,2020-11-17T00:00:00.000,11,984,249,37260,37260,984,2020-11-17,11,249,0.0441767068273092,0.0448619778446752,12.9089910361398
Tioga,2020-11-18T00:00:00.000,12,996,352,37612,37612,996,2020-11-18,12,352,0.0340909090909091,0.0441072763232661,14.0516287743789
Tompkins,2020-03-01T00:00:00.000,0,0,0,0,0,0,2020-03-01,0,0,0,0.141390016380523,0
Tompkins,2020-03-02T00:00:00.000,0,0,0,0,0,0,2020-03-02,0,0,0,0.136357158542578,0
Tompkins,2020-03-03T00:00:00.000,0,0,0,0,0,0,2020-03-03,0,0,0,0.131475832243501,0
Tompkins,2020-03-04T00:00:00.000,0,0,0,0,0,0,2020-03-04,0,0,0,0.126743125732248,0
Tompkins,2020-03-05T00:00:00.000,0,0,0,0,0,0,2020-03-05,0,0,0,0.122155928568986,0
Tompkins,2020-03-06T00:00:00.000,0,0,0,0,0,0,2020-03-06,0,0,0,0.117710969629765,0
Tompkins,2020-03-07T00:00:00.000,0,0,0,0,0,0,2020-03-07,0,0,0,0.113404852230405,0
Tompkins,2020-03-08T00:00:00.000,0,0,0,0,0,0,2020-03-08,0,0,0,0.109234086415129,0
Tompkins,2020-03-09T00:00:00.000,0,0,1,1,1,0,2020-03-09,0,1,0,0.105195118484608,0
Tompkins,2020-03-10T00:00:00.000,0,0,0,1,1,0,2020-03-10,0,0,0,0.101284357854249,0
Tompkins,2020-03-11T00:00:00.000,0,0,2,3,3,0,2020-03-11,0,2,0,0.0974982013492868,0
Tompkins,2020-03-12T00:00:00.000,0,0,2,5,5,0,2020-03-12,0,2,0,0.0938330550492318,0
Tompkins,2020-03-13T00:00:00.000,1,1,5,10,10,1,2020-03-13,1,5,0.2,0.090285353797753,1.38471887725224
Tompkins,2020-03-14T00:00:00.000,0,1,1,11,11,1,2020-03-14,0,1,0,0.08685157849498,0
Tompkins,2020-03-15T00:00:00.000,0,1,4,15,15,1,2020-03-15,0,4,0,0.0835282712847208,0
Tompkins,2020-03-16T00:00:00.000,1,2,17,32,32,2,2020-03-16,1,17,0.0588235294117647,0.0803120487475467,1.28437100037846
Tompkins,2020-03-17T00:00:00.000,1,3,11,43,43,3,2020-03-17,1,11,0.0909090909090909,0.0771996132022242,1.25376053883127
Tompkins,2020-03-18T00:00:00.000,3,6,18,61,61,6,2020-03-18,3,18,0.166666666666667,0.074187762215375,3.66706264821486
Tompkins,2020-03-19T00:00:00.000,1,7,7,68,68,7,2020-03-19,1,7,0.142857142857143,0.0712733964104203,1.19501733243968
Tompkins,2020-03-20T00:00:00.000,4,11,96,164,164,11,2020-03-20,4,96,0.0416666666666667,0.0684535256642832,4.67638815354911
Tompkins,2020-03-21T00:00:00.000,2,13,76,240,240,13,2020-03-21,2,76,0.0263157894736842,0.0657252737736816,2.28533672019532
Tompkins,2020-03-22T00:00:00.000,2,15,115,355,355,15,2020-03-22,2,115,0.0173913043478261,0.0630858816707691,2.24461347847915
Tompkins,2020-03-23T00:00:00.000,1,16,111,466,466,16,2020-03-23,1,111,0.00900900900900901,0.0605327092646023,1.11148394262948
Tompkins,2020-03-24T00:00:00.000,0,16,2,468,468,16,2020-03-24,0,2,0,0.0580632359846629,0
Tompkins,2020-03-25T00:00:00.000,6,22,89,557,557,22,2020-03-25,6,89,0.0674157303370786,0.0556750601026701,6.51762129357266
Tompkins,2020-03-26T00:00:00.000,4,26,109,666,666,26,2020-03-26,4,109,0.036697247706422,0.0533658969104687,4.29152040089999
Tompkins,2020-03-27T00:00:00.000,19,45,182,848,848,45,2020-03-27,19,182,0.104395604395604,0.0511335758348595,20.2974079943046
Tompkins,2020-03-28T00:00:00.000,7,52,128,976,976,52,2020-03-28,7,128,0.0546875,0.0489760365743723,7.41329694594027
Tompkins,2020-03-29T00:00:00.000,14,66,157,1133,1133,66,2020-03-29,14,157,0.089171974522293,0.0468913243468427,14.6833894420819
Tompkins,2020-03-30T00:00:00.000,0,66,18,1151,1151,66,2020-03-30,0,18,0,0.0448775843430642,0
Tompkins,2020-03-31T00:00:00.000,2,68,15,1166,1166,68,2020-03-31,2,15,0.133333333333333,0.0429330554864799,2.06243210828447
Tompkins,2020-04-01T00:00:00.000,6,74,126,1292,1292,74,2020-04-01,6,126,0.0476190476190476,0.041056063604816,6.17298424913625
Tompkins,2020-04-02T00:00:00.000,10,84,160,1452,1452,84,2020-04-02,10,160,0.0625,0.0392450141244034,10.2600130289197
Tompkins,2020-04-03T00:00:00.000,1,85,81,1533,1533,85,2020-04-03,1,81,0.0123456790123457,0.0374983844026457,1.0227912041694
Tompkins,2020-04-04T00:00:00.000,3,88,52,1585,1585,88,2020-04-04,3,52,0.0576923076923077,0.0358147158168554,3.05777767724228
Tompkins,2020-04-05T00:00:00.000,6,94,94,1679,1679,94,2020-04-05,6,94,0.0638297872340425,0.0341926057299181,6.09212754894894
Tompkins,2020-04-06T00:00:00.000,3,97,23,1702,1702,97,2020-04-06,3,23,0.130434782608696,0.0326306994535238,3.03369389032459
Tompkins,2020-04-07T00:00:00.000,2,99,85,1787,1787,99,2020-04-07,2,85,0.0235294117647059,0.0311276823276521,2.01394673977266
Tompkins,2020-04-08T00:00:00.000,6,105,299,2086,2086,105,2020-04-08,6,299,0.020066889632107,0.0296822720317243,6.01636460732937
Tompkins,2020-04-09T00:00:00.000,0,105,24,2110,2110,105,2020-04-09,0,24,0,0.0282932112370525,0
Tompkins,2020-04-10T00:00:00.000,3,108,135,2245,2245,108,2020-04-10,3,135,0.0222222222222222,0.0269592607018333,2.99443495178793
Tompkins,2020-04-11T00:00:00.000,1,109,77,2322,2322,109,2020-04-11,1,77,0.012987012987013,0.0256791929010463,0.995348613699021
Tompkins,2020-04-12T00:00:00.000,1,110,31,2353,2353,110,2020-04-12,1,31,0.032258064516129,0.0244517862707331,0.992341941449928
Tompkins,2020-04-13T00:00:00.000,2,112,104,2457,2457,112,2020-04-13,2,104,0.0192307692307692,0.023275820133912,1.97856476618069
Tompkins,2020-04-14T00:00:00.000,3,115,44,2501,2501,115,2020-04-14,3,44,0.0681818181818182,0.0221500703599107,2.96251196531432
Tompkins,2020-04-15T00:00:00.000,1,116,73,2574,2574,116,2020-04-15,1,73,0.0136986301369863,0.02107330579414,0.985862129534192
Tompkins,2020-04-16T00:00:00.000,1,117,36,2610,2610,117,2020-04-16,1,36,0.0277777777777778,0.0200442854786856,0.984365042134031
Tompkins,2020-04-17T00:00:00.000,0,117,44,2654,2654,117,2020-04-17,0,44,0,0.0190617566684378,0
Tompkins,2020-04-18T00:00:00.000,0,117,41,2695,2695,117,2020-04-18,0,41,0,0.0181244536316303,0
Tompkins,2020-04-19T00:00:00.000,2,119,47,2742,2742,119,2020-04-19,2,47,0.0425531914893617,0.0172310972085349,1.97159161009717
Tompkins,2020-04-20T00:00:00.000,0,119,4,2746,2746,119,2020-04-20,0,4,0,0.0163803950886589,0
Tompkins,2020-04-21T00:00:00.000,0,119,12,2758,2758,119,2020-04-21,0,12,0,0.0155710427541383,0
Tompkins,2020-04-22T00:00:00.000,0,119,95,2853,2853,119,2020-04-22,0,95,0,0.0148017250267874,0
Tompkins,2020-04-23T00:00:00.000,2,121,108,2961,2961,121,2020-04-23,2,108,0.0185185185185185,0.0140711181478632,1.98415510430379
Tompkins,2020-04-24T00:00:00.000,5,126,308,3269,3269,126,2020-04-24,5,308,0.0162337662337662,0.0133778923130245,4.96926789970646
Tompkins,2020-04-25T00:00:00.000,0,126,44,3313,3313,126,2020-04-25,0,44,0,0.0127207145812174,0
Tompkins,2020-04-26T00:00:00.000,0,126,47,3360,3360,126,2020-04-26,0,47,0,0.0120982520739565,0
Tompkins,2020-04-27T00:00:00.000,0,126,13,3373,3373,126,2020-04-27,0,13,0,0.0115091753819684,0
Tompkins,2020-04-28T00:00:00.000,1,127,119,3492,3492,127,2020-04-28,1,119,0.00840336134453781,0.0109521620979718,1.00131189384952
Tompkins,2020-04-29T00:00:00.000,1,128,19,3511,3511,128,2020-04-29,1,19,0.0526315789473684,0.0104259003984273,1.00308513241601
Tompkins,2020-04-30T00:00:00.000,0,128,61,3572,3572,128,2020-04-30,0,61,0,0.00992909260236805,0
Tompkins,2020-05-01T00:00:00.000,0,128,118,3690,3690,128,2020-05-01,0,118,0,0.0094604586418389,0
Tompkins,2020-05-02T00:00:00.000,1,129,27,3717,3717,129,2020-05-02,1,27,0.037037037037037,0.00901873938611585,1.00836072646848
Tompkins,2020-05-03T00:00:00.000,0,129,126,3843,3843,129,2020-05-03,0,126,0,0.00860269976981795,0
Tompkins,2020-05-04T00:00:00.000,0,129,52,3895,3895,129,2020-05-04,0,52,0,0.00821113168347072,0
Tompkins,2020-05-05T00:00:00.000,0,129,104,3999,3999,129,2020-05-05,0,104,0,0.00784285659371447,0
Tompkins,2020-05-06T00:00:00.000,1,130,188,4187,4187,130,2020-05-06,1,188,0.00531914893617021,0.00749672786849025,1.02664940615957
Tompkins,2020-05-07T00:00:00.000,1,131,187,4374,4374,131,2020-05-07,1,187,0.0053475935828877,0.00717163279074607,1.02998288514782
Tompkins,2020-05-08T00:00:00.000,1,132,619,4993,4993,132,2020-05-08,1,619,0.00161550888529887,0.0068664942515693,1.0313915655307
Tompkins,2020-05-09T00:00:00.000,0,132,95,5088,5088,132,2020-05-09,0,95,0,0.00658027212046925,0
Tompkins,2020-05-10T00:00:00.000,0,132,86,5174,5174,132,2020-05-10,0,86,0,0.00631196429664083,0
Tompkins,2020-05-11T00:00:00.000,0,132,91,5265,5265,132,2020-05-11,0,91,0,0.00606060745028943,0
Tompkins,2020-05-12T00:00:00.000,4,136,175,5440,5440,136,2020-05-12,4,175,0.0228571428571429,0.00582527746749244,4.16865910794806
Tompkins,2020-05-13T00:00:00.000,0,136,103,5543,5543,136,2020-05-13,0,103,0,0.00560508961570451,0
Tompkins,2020-05-14T00:00:00.000,0,136,112,5655,5655,136,2020-05-14,0,112,0,0.00539919844981989,0
Tompkins,2020-05-15T00:00:00.000,2,138,331,5986,5986,138,2020-05-15,2,331,0.00604229607250755,0.00520679748068992,2.11167221088772
Tompkins,2020-05-16T00:00:00.000,1,139,421,6407,6407,139,2020-05-16,1,421,0.00237529691211401,0.00502711862943363,1.06262017192273
Tompkins,2020-05-17T00:00:00.000,2,141,412,6819,6819,141,2020-05-17,2,412,0.00485436893203883,0.00485943149151557,2.14024465132397
Tompkins,2020-05-18T00:00:00.000,1,142,446,7265,7265,142,2020-05-18,1,446,0.00224215246636771,0.0047030424348831,1.07708114558864
Tompkins,2020-05-19T00:00:00.000,3,145,219,7484,7484,145,2020-05-19,3,219,0.0136986301369863,0.00455729355604196,3.26195213630426
Tompkins,2020-05-20T00:00:00.000,0,145,199,7683,7683,145,2020-05-20,0,199,0,0.00442156151746094,0
Tompkins,2020-05-21T00:00:00.000,2,147,291,7974,7974,147,2020-05-21,2,291,0.00687285223367698,0.00429525628865012,2.21271225131923
Tompkins,2020-05-22T00:00:00.000,2,149,410,8384,8384,149,2020-05-22,2,410,0.0048780487804878,0.00417781981212528,2.22898846704784
Tompkins,2020-05-23T00:00:00.000,2,151,246,8630,8630,151,2020-05-23,2,246,0.00813008130081301,0.00406872461416207,2.2359260407687
Tompkins,2020-05-24T00:00:00.000,3,154,267,8897,8897,154,2020-05-24,3,267,0.0112359550561798,0.00396747237873263,3.36144010930783
Tompkins,2020-05-25T00:00:00.000,0,154,48,8945,8945,154,2020-05-25,0,48,0,0.00387359250161314,0
Tompkins,2020-05-26T00:00:00.000,1,155,264,9209,9209,155,2020-05-26,1,264,0.00378787878787879,0.00378664064002031,1.12225977436827
Tompkins,2020-05-27T00:00:00.000,1,156,110,9319,9319,156,2020-05-27,1,110,0.00909090909090909,0.00370619727172134,1.12162625486047
Tompkins,2020-05-28T00:00:00.000,1,157,425,9744,9744,157,2020-05-28,1,425,0.00235294117647059,0.00363186627602359,1.12007812441072
Tompkins,2020-05-29T00:00:00.000,4,161,264,10008,10008,161,2020-05-29,4,264,0.0151515151515152,0.00356327354764784,4.47060026488493
Tompkins,2020-05-30T00:00:00.000,3,164,389,10397,10397,164,2020-05-30,3,389,0.0077120822622108,0.00350006565311988,3.34315758616082
Tompkins,2020-05-31T00:00:00.000,0,164,149,10546,10546,164,2020-05-31,0,149,0,0.00344190853802915,0
Tompkins,2020-06-01T00:00:00.000,0,164,168,10714,10714,164,2020-06-01,0,168,0,0.00338848629222886,0
Tompkins,2020-06-02T00:00:00.000,1,165,203,10917,10917,165,2020-06-02,1,203,0.00492610837438424,0.00333949997892033,1.10818187964185
Tompkins,2020-06-03T00:00:00.000,0,165,206,11123,11123,165,2020-06-03,0,206,0,0.00329466653242591,0
Tompkins,2020-06-04T00:00:00.000,2,167,171,11294,11294,167,2020-06-04,2,171,0.0116959064327485,0.0032537177283537,2.20664896332875
Tompkins,2020-06-05T00:00:00.000,4,171,1067,12361,12361,171,2020-06-05,4,1067,0.00374882849109653,0.00321639922886903,4.40450843489388
Tompkins,2020-06-06T00:00:00.000,0,171,518,12879,12879,171,2020-06-06,0,518,0,0.00318246970475855,0
Tompkins,2020-06-07T00:00:00.000,0,171,148,13027,13027,171,2020-06-07,0,148,0,0.00315170003498612,0
Tompkins,2020-06-08T00:00:00.000,0,171,452,13479,13479,171,2020-06-08,0,452,0,0.00312387258349269,0
Tompkins,2020-06-09T00:00:00.000,0,171,333,13812,13812,171,2020-06-09,0,333,0,0.00309878055207121,0
Tompkins,2020-06-10T00:00:00.000,0,171,235,14047,14047,171,2020-06-10,0,235,0,0.00307622740719767,0
Tompkins,2020-06-11T00:00:00.000,1,172,191,14238,14238,172,2020-06-11,1,191,0.00523560209424084,0.00305602637782377,1.09786686588361
Tompkins,2020-06-12T00:00:00.000,1,173,328,14566,14566,173,2020-06-12,1,328,0.00304878048780488,0.00303800002028287,1.09978337318616
Tompkins,2020-06-13T00:00:00.000,0,173,72,14638,14638,173,2020-06-13,0,72,0,0.00302197984562691,0
Tompkins,2020-06-14T00:00:00.000,0,173,61,14699,14699,173,2020-06-14,0,61,0,0.00300780600396036,0
Tompkins,2020-06-15T00:00:00.000,0,173,378,15077,15077,173,2020-06-15,0,378,0,0.00299532701962953,0
Tompkins,2020-06-16T00:00:00.000,0,173,295,15372,15372,173,2020-06-16,0,295,0,0.00298439957052803,0
Tompkins,2020-06-17T00:00:00.000,0,173,210,15582,15582,173,2020-06-17,0,210,0,0.0029748883042649,0
Tompkins,2020-06-18T00:00:00.000,0,173,779,16361,16361,173,2020-06-18,0,779,0,0.00296666568354,0
Tompkins,2020-06-19T00:00:00.000,1,174,395,16756,16756,174,2020-06-19,1,395,0.00253164556962025,0.002959611852828,1.10437555235007
Tompkins,2020-06-20T00:00:00.000,1,175,139,16895,16895,175,2020-06-20,1,139,0.00719424460431655,0.00295361451833387,1.10380903335434
Tompkins,2020-06-21T00:00:00.000,0,175,239,17134,17134,175,2020-06-21,0,239,0,0.00294856883322454,0
Tompkins,2020-06-22T00:00:00.000,0,175,267,17401,17401,175,2020-06-22,0,267,0,0.0029443772803258,0
Tompkins,2020-06-23T00:00:00.000,0,175,237,17638,17638,175,2020-06-23,0,237,0,0.00294094954482072,0
Tompkins,2020-06-24T00:00:00.000,0,175,267,17905,17905,175,2020-06-24,0,267,0,0.00293820236995101,0
Tompkins,2020-06-25T00:00:00.000,0,175,170,18075,18075,175,2020-06-25,0,170,0,0.00293605938941934,0
Tompkins,2020-06-26T00:00:00.000,0,175,231,18306,18306,175,2020-06-26,0,231,0,0.0029344509308662,0
Tompkins,2020-06-27T00:00:00.000,1,176,328,18634,18634,176,2020-06-27,1,328,0.00304878048780488,0.00293331378574329,1.09244180653015
Tompkins,2020-06-28T00:00:00.000,1,177,111,18745,18745,177,2020-06-28,1,111,0.00900900900900901,0.00293259094181982,1.08984477925984
Tompkins,2020-06-29T00:00:00.000,0,177,200,18945,18945,177,2020-06-29,0,200,0,0.00293223127558357,0
Tompkins,2020-06-30T00:00:00.000,0,177,238,19183,19183,177,2020-06-30,0,238,0,0.00293218920287918,0
Tompkins,2020-07-01T00:00:00.000,1,178,309,19492,19492,178,2020-07-01,1,309,0.00323624595469256,0.00293242428717246,1.08076719990195
Tompkins,2020-07-02T00:00:00.000,0,178,233,19725,19725,178,2020-07-02,0,233,0,0.00293290080589413,0
Tompkins,2020-07-03T00:00:00.000,0,178,270,19995,19995,178,2020-07-03,0,270,0,0.00293358727636284,0
Tompkins,2020-07-04T00:00:00.000,1,179,103,20098,20098,179,2020-07-04,1,103,0.00970873786407767,0.00293445594370735,1.06994077454702
Tompkins,2020-07-05T00:00:00.000,0,179,179,20277,20277,179,2020-07-05,0,179,0,0.00293548223415028,0
Tompkins,2020-07-06T00:00:00.000,0,179,200,20477,20477,179,2020-07-06,0,200,0,0.00293664417779339,0
Tompkins,2020-07-07T00:00:00.000,1,180,408,20885,20885,180,2020-07-07,1,408,0.00245098039215686,0.00293792180576913,1.0598444550517
Tompkins,2020-07-08T00:00:00.000,0,180,95,20980,20980,180,2020-07-08,0,95,0,0.00293929652725868,0
Tompkins,2020-07-09T00:00:00.000,1,181,340,21320,21320,181,2020-07-09,1,340,0.00294117647058824,0.00294075049237344,1.05453123225318
Tompkins,2020-07-10T00:00:00.000,2,183,353,21673,21673,183,2020-07-10,2,353,0.0056657223796034,0.002942265947366,2.10331043211989
Tompkins,2020-07-11T00:00:00.000,3,186,482,22155,22155,186,2020-07-11,3,482,0.00622406639004149,0.0029438245889743,3.14597214094041
Tompkins,2020-07-12T00:00:00.000,0,186,104,22259,22259,186,2020-07-12,0,104,0,0.00294540692497539,0
Tompkins,2020-07-13T00:00:00.000,0,186,354,22613,22613,186,2020-07-13,0,354,0,0.00294699164828849,0
Tompkins,2020-07-14T00:00:00.000,12,198,438,23051,23051,198,2020-07-14,12,438,0.0273972602739726,0.00294855503208126,12.4692475487528
Tompkins,2020-07-15T00:00:00.000,0,198,307,23358,23358,198,2020-07-15,0,307,0,0.00295007035353322,0
Tompkins,2020-07-16T00:00:00.000,0,198,688,24046,24046,198,2020-07-16,0,688,0,0.00295150735395936,0
Tompkins,2020-07-17T00:00:00.000,1,199,645,24691,24691,199,2020-07-17,1,645,0.00155038759689922,0.00295283174311159,1.03049353303622
Tompkins,2020-07-18T00:00:00.000,9,208,466,25157,25157,208,2020-07-18,9,466,0.01931330472103,0.0029540047555103,9.28212871825572
Tompkins,2020-07-19T00:00:00.000,1,209,59,25216,25216,209,2020-07-19,1,59,0.0169491525423729,0.00295498276669095,1.03175850590183
Tompkins,2020-07-20T00:00:00.000,0,209,221,25437,25437,209,2020-07-20,0,221,0,0.00295571697721848,0
Tompkins,2020-07-21T00:00:00.000,0,209,828,26265,26265,209,2020-07-21,0,828,0,0.00295615317229539,0
Tompkins,2020-07-22T00:00:00.000,4,213,729,26994,26994,213,2020-07-22,4,729,0.00548696844993141,0.00295623156457794,4.11979758098075
Tompkins,2020-07-23T00:00:00.000,8,221,635,27629,27629,221,2020-07-23,8,635,0.0125984251968504,0.00295588672765954,8.22709708910867
Tompkins,2020-07-24T00:00:00.000,2,223,793,28422,28422,223,2020-07-24,2,793,0.00252206809583859,0.00295504762724349,2.06150009375463
Tompkins,2020-07-25T00:00:00.000,1,224,298,28720,28720,224,2020-07-25,1,298,0.00335570469798658,0.00295363775654792,1.03266577275055
Tompkins,2020-07-26T00:00:00.000,1,225,91,28811,28811,225,2020-07-26,1,91,0.010989010989011,0.00295157538176697,1.03372052202217
Tompkins,2020-07-27T00:00:00.000,0,225,202,29013,29013,225,2020-07-27,0,202,0,0.00294877390246746,0
Tompkins,2020-07-28T00:00:00.000,0,225,534,29547,29547,225,2020-07-28,0,534,0,0.00294514233062918,0
Tompkins,2020-07-29T00:00:00.000,2,227,740,30287,30287,227,2020-07-29,2,740,0.0027027027027027,0.00294058589059914,2.06540774277298
Tompkins,2020-07-30T00:00:00.000,1,228,734,31021,31021,228,2020-07-30,1,734,0.00136239782016349,0.00293500674043652,1.03088999356416
Tompkins,2020-07-31T00:00:00.000,2,230,589,31610,31610,230,2020-07-31,2,589,0.0033955857385399,0.0029283048131622,2.05842741676526
Tompkins,2020-08-01T00:00:00.000,0,230,329,31939,31939,230,2020-08-01,0,329,0,0.00292037877403038,0
Tompkins,2020-08-02T00:00:00.000,0,230,42,31981,31981,230,2020-08-02,0,42,0,0.0029111270873988,0
Tompkins,2020-08-03T00:00:00.000,0,230,320,32301,32301,230,2020-08-03,0,320,0,0.00290044918395752,0
Tompkins,2020-08-04T00:00:00.000,1,231,514,32815,32815,231,2020-08-04,1,514,0.00194552529182879,0.00288824671608202,1.02320102045207
Tompkins,2020-08-05T00:00:00.000,1,232,721,33536,33536,232,2020-08-05,1,721,0.0013869625520111,0.00287442488601348,1.02039913929896
Tompkins,2020-08-06T00:00:00.000,1,233,609,34145,34145,233,2020-08-06,1,609,0.00164203612479475,0.00285889382853805,1.02030677985564
Tompkins,2020-08-07T00:00:00.000,1,234,740,34885,34885,234,2020-08-07,1,740,0.00135135135135135,0.00284157002683093,1.0216041804874
Tompkins,2020-08-08T00:00:00.000,0,234,405,35290,35290,234,2020-08-08,0,405,0,0.00282237773744997,0
Tompkins,2020-08-09T00:00:00.000,0,234,31,35321,35321,234,2020-08-09,0,31,0,0.00280125039811874,0
Tompkins,2020-08-10T00:00:00.000,0,234,303,35624,35624,234,2020-08-10,0,303,0,0.00277813199003705,0
Tompkins,2020-08-11T00:00:00.000,0,234,610,36234,36234,234,2020-08-11,0,610,0,0.00275297832527426,0
Tompkins,2020-08-12T00:00:00.000,0,234,659,36893,36893,234,2020-08-12,0,659,0,0.00272575822928645,0
Tompkins,2020-08-13T00:00:00.000,2,236,1099,37992,37992,236,2020-08-13,2,1099,0.00181983621474067,0.00269645458893801,2.04332342682358
Tompkins,2020-08-14T00:00:00.000,2,238,1203,39195,39195,238,2020-08-14,2,1203,0.00166251039068994,0.00266506523768768,2.04317307712161
Tompkins,2020-08-15T00:00:00.000,0,238,433,39628,39628,238,2020-08-15,0,433,0,0.00263160365181729,0
Tompkins,2020-08-16T00:00:00.000,0,238,165,39793,39793,238,2020-08-16,0,165,0,0.00259609943469613,0
Tompkins,2020-08-17T00:00:00.000,0,238,186,39979,39979,238,2020-08-17,0,186,0,0.00255859857021209,0
Tompkins,2020-08-18T00:00:00.000,0,238,749,40728,40728,238,2020-08-18,0,749,0,0.00251916343133508,0
Tompkins,2020-08-19T00:00:00.000,2,240,1401,42129,42129,240,2020-08-19,2,1401,0.00142755174875089,0.00247787253537131,2.04499837953607
Tompkins,2020-08-20T00:00:00.000,4,244,2018,44147,44147,244,2020-08-20,4,2018,0.00198216055500496,0.00243482004359672,4.08520719481452
Tompkins,2020-08-21T00:00:00.000,0,244,1364,45511,45511,244,2020-08-21,0,1364,0,0.00239011500934262,0
Tompkins,2020-08-22T00:00:00.000,0,244,837,46348,46348,244,2020-08-22,0,837,0,0.00234388038510664,0
Tompkins,2020-08-23T00:00:00.000,0,244,653,47001,47001,244,2020-08-23,0,653,0,0.00229625180567019,0
Tompkins,2020-08-24T00:00:00.000,1,245,1342,48343,48343,245,2020-08-24,1,1342,0.000745156482861401,0.00224737617007465,1.01660075141826
Tompkins,2020-08-25T00:00:00.000,3,248,2713,51056,51056,248,2020-08-25,3,2713,0.00110578695171397,0.00219741005070398,3.0442566168054
Tompkins,2020-08-26T00:00:00.000,1,249,1237,52293,52293,249,2020-08-26,1,1237,0.000808407437348424,0.00214651796214818,1.01203391030246
Tompkins,2020-08-27T00:00:00.000,2,251,906,53199,53199,251,2020-08-27,2,906,0.0022075055187638,0.00209487052601492,2.0170981214478
Tompkins,2020-08-28T00:00:00.000,10,261,1782,54981,54981,261,2020-08-28,10,1782,0.00561167227833894,0.0020426425701366,10.0711381445385
Tompkins,2020-08-29T00:00:00.000,3,264,2081,57062,57062,264,2020-08-29,3,2081,0.00144161460836136,0.00199001120174561,3.02136014101026
Tompkins,2020-08-30T00:00:00.000,1,265,829,57891,57891,265,2020-08-30,1,829,0.00120627261761158,0.00193715389396864,1.00698342205112
Tompkins,2020-08-31T00:00:00.000,5,270,236,58127,58127,270,2020-08-31,5,236,0.0211864406779661,0.00188424662364918,5.03347868985191
Tompkins,2020-09-01T00:00:00.000,10,280,1707,59834,59834,280,2020-09-01,10,1707,0.00585823081429408,0.00183146209595081,10.062483976982
Tompkins,2020-09-02T00:00:00.000,23,303,480,60314,60314,303,2020-09-02,23,480,0.0479166666666667,0.0017789680876869,23.1295439058248
Tompkins,2020-09-03T00:00:00.000,5,308,530,60844,60844,308,2020-09-03,5,530,0.00943396226415094,0.00172692593694436,5.02419001559377
Tompkins,2020-09-04T00:00:00.000,13,321,7425,68269,68269,321,2020-09-04,13,7425,0.00175084175084175,0.00167548920160496,13.0501182037423
Tompkins,2020-09-05T00:00:00.000,11,332,2868,71137,71137,332,2020-09-05,11,2868,0.00383542538354254,0.00162480250394266,11.0294070176634
Tompkins,2020-09-06T00:00:00.000,7,339,3091,74228,74228,339,2020-09-06,7,3091,0.00226463927531543,0.00157500057289749,7.00896750954643
Tompkins,2020-09-07T00:00:00.000,5,344,4157,78385,78385,344,2020-09-07,5,4157,0.00120279047389945,0.00152620749004245,4.99815751410067
Tompkins,2020-09-08T00:00:00.000,2,346,3619,82004,82004,346,2020-09-08,2,3619,0.000552638850511191,0.0014785361399303,1.99518141062491
Tompkins,2020-09-09T00:00:00.000,15,361,3995,85999,85999,361,2020-09-09,15,3995,0.00375469336670839,0.00143208786052753,14.9292324544133
Tompkins,2020-09-10T00:00:00.000,8,369,4186,90185,90185,369,2020-09-10,8,4186,0.00191113234591495,0.00138695228506173,7.9415477990874
Tompkins,2020-09-11T00:00:00.000,6,375,4884,95069,95069,375,2020-09-11,6,4884,0.00122850122850123,0.0013432073628114,5.94697884278027
Tompkins,2020-09-12T00:00:00.000,6,381,3264,98333,98333,381,2020-09-12,6,3264,0.00183823529411765,0.00130091954332975,5.94084539729529
Tompkins,2020-09-13T00:00:00.000,1,382,3013,101346,101346,382,2020-09-13,1,3013,0.000331895121141719,0.00126014410627097,0.988825535479208
Tompkins,2020-09-14T00:00:00.000,2,384,4744,106090,106090,384,2020-09-14,2,4744,0.000421585160202361,0.00122092561743915,1.97440494745896
Tompkins,2020-09-15T00:00:00.000,2,386,5383,111473,111473,386,2020-09-15,2,5383,0.000371540033438603,0.00118329849081177,1.97051405350652
Tompkins,2020-09-16T00:00:00.000,2,388,5657,117130,117130,388,2020-09-16,2,5657,0.000353544281421248,0.00114728763611069,1.96594912916026
Tompkins,2020-09-17T00:00:00.000,2,390,5661,122791,122791,390,2020-09-17,2,5661,0.00035329447094153,0.00111290917187681,1.96068151780885
Tompkins,2020-09-18T00:00:00.000,4,394,5411,128202,128202,394,2020-09-18,4,5411,0.000739234891886897,0.00108017118488628,3.9093676178163
Tompkins,2020-09-19T00:00:00.000,3,397,2274,130476,130476,397,2020-09-19,3,2274,0.00131926121372032,0.00104907451804425,2.919099598823
Tompkins,2020-09-20T00:00:00.000,1,398,1354,131830,131830,398,2020-09-20,1,1354,0.000738552437223043,0.00101961357045356,0.967945675397252
Tompkins,2020-09-21T00:00:00.000,1,399,4504,136334,136334,399,2020-09-21,1,4504,0.00022202486678508,0.000991777095186873,0.962478139665064
Tompkins,2020-09-22T00:00:00.000,6,405,5351,141685,141685,405,2020-09-22,6,5351,0.00112128574098299,0.000965548982171423,5.73985115908977
Tompkins,2020-09-23T00:00:00.000,1,406,4729,146414,146414,406,2020-09-23,1,4729,0.000211461196870374,0.000940909015582641,0.950450503252014
Tompkins,2020-09-24T00:00:00.000,2,408,5548,151962,151962,408,2020-09-24,2,5548,0.000360490266762797,0.000917833597068384,1.88784031440503
Tompkins,2020-09-25T00:00:00.000,1,409,3228,155190,155190,409,2020-09-25,1,3228,0.000309789343246592,0.00089629642797339,0.940209834892243
Tompkins,2020-09-26T00:00:00.000,4,413,2389,157579,157579,413,2020-09-26,4,2389,0.00167434072833822,0.000876269145480604,3.75530032731874
Tompkins,2020-09-27T00:00:00.000,1,414,73,157652,157652,414,2020-09-27,1,73,0.0136986301369863,0.000857721909151525,0.937080469676787
Tompkins,2020-09-28T00:00:00.000,3,417,2631,160283,160283,417,2020-09-28,3,2631,0.00114025085518814,0.000840623935749939,2.80495411857007
Tompkins,2020-09-29T00:00:00.000,4,421,8648,168931,168931,421,2020-09-29,4,8648,0.000462534690101758,0.000824943981458589,3.73019618602723
Tompkins,2020-09-30T00:00:00.000,5,426,10801,179732,179732,426,2020-09-30,5,10801,0.000462920099990742,0.000810650771611519,4.6489350889608
Tompkins,2020-10-01T00:00:00.000,6,432,10039,189771,189771,432,2020-10-01,6,10039,0.000597669090546867,0.000797713378920248,5.56028476105732
Tompkins,2020-10-02T00:00:00.000,6,438,9108,198879,198879,438,2020-10-02,6,9108,0.000658761528326746,0.000786101551837591,5.54008535531131
Tompkins,2020-10-03T00:00:00.000,7,445,10828,209707,209707,445,2020-10-03,7,10828,0.00064647210934614,0.000775785995206893,6.43794114364004
Tompkins,2020-10-04T00:00:00.000,6,451,8669,218376,218376,451,2020-10-04,6,8669,0.000692121351943707,0.000766738605717031,5.49485235914467
Tompkins,2020-10-05T00:00:00.000,4,455,4988,223364,223364,455,2020-10-05,4,4988,0.000801924619085806,0.000758932664920303,3.64670619080119
Tompkins,2020-10-06T00:00:00.000,3,458,7336,230700,230700,458,2020-10-06,3,7336,0.000408942202835333,0.000752342992700194,2.72199093724051
Tompkins,2020-10-07T00:00:00.000,7,465,10526,241226,241226,465,2020-10-07,7,10526,0.000665019950598518,0.000746946064122437,6.31953890354381
Tompkins,2020-10-08T00:00:00.000,8,473,11929,253155,253155,473,2020-10-08,8,11929,0.000670634587978875,0.000742720092574702,7.18464583439783
Tompkins,2020-10-09T00:00:00.000,3,476,11001,264156,264156,476,2020-10-09,3,11001,0.000272702481592582,0.000739645082017322,2.67940305854307
Tompkins,2020-10-10T00:00:00.000,3,479,10409,274565,274565,479,2020-10-10,3,10409,0.000288212124123355,0.000737702851051053,2.66415571150074
Tompkins,2020-10-11T00:00:00.000,2,481,8475,283040,283040,481,2020-10-11,2,8475,0.000235988200589971,0.000736877031355727,1.76574548103878
Tompkins,2020-10-12T00:00:00.000,9,490,2785,285825,285825,490,2020-10-12,9,2785,0.00323159784560144,0.000737153042905572,7.89854473911485
Tompkins,2020-10-13T00:00:00.000,17,507,13369,299194,299194,507,2020-10-13,17,13369,0.00127159847408183,0.000738518048194639,14.8291056637906
Tompkins,2020-10-14T00:00:00.000,8,515,11718,310912,310912,515,2020-10-14,8,11718,0.000682710360129715,0.000740960887561888,6.94146003467421
Tompkins,2020-10-15T00:00:00.000,8,523,8846,319758,319758,523,2020-10-15,8,8846,0.000904363554148768,0.000744471997556465,6.90927531668715
Tompkins,2020-10-16T00:00:00.000,11,534,7652,327410,327410,534,2020-10-16,11,7652,0.00143753267119707,0.00074904331416973,9.47365493966507
Tompkins,2020-10-17T00:00:00.000,6,540,11388,338798,338798,540,2020-10-17,6,11388,0.000526870389884088,0.000754668162658084,5.15556782117836
Tompkins,2020-10-18T00:00:00.000,8,548,8303,347101,347101,548,2020-10-18,8,8303,0.000963507166084548,0.00076134113561208,6.85986705784414
Tompkins,2020-10-19T00:00:00.000,8,556,5324,352425,352425,556,2020-10-19,8,5324,0.00150262960180316,0.000769057960894233,6.85219714234646
Tompkins,2020-10-20T00:00:00.000,7,563,7827,360252,360252,563,2020-10-20,7,7827,0.000894340104765555,0.000777815361047359,5.9961284975639
Tompkins,2020-10-21T00:00:00.000,16,579,11430,371682,371682,579,2020-10-21,16,11430,0.00139982502187227,0.000787610905811043,13.7067855838574
Tompkins,2020-10-22T00:00:00.000,6,585,10011,381693,381693,585,2020-10-22,6,10011,0.000599340725202278,0.000798442859430159,5.14267003391809
Tompkins,2020-10-23T00:00:00.000,8,593,11164,392857,392857,593,2020-10-23,8,11164,0.000716589036187746,0.000810310024525187,6.85846979184999
Tompkins,2020-10-24T00:00:00.000,10,603,10288,403145,403145,603,2020-10-24,10,10288,0.000972006220839813,0.000823211584412046,8.57256882432042
Tompkins,2020-10-25T00:00:00.000,3,606,8122,411267,411267,606,2020-10-25,3,8122,0.000369367150948042,0.000837146945884927,2.57084994619989
Tompkins,2020-10-26T00:00:00.000,3,609,5741,417008,417008,609,2020-10-26,3,5741,0.000522557045810834,0.000852115584658817,2.56915229308059
Tompkins,2020-10-27T00:00:00.000,10,619,8298,425306,425306,619,2020-10-27,10,8298,0.00120510966497951,0.000868116895818404,8.55557554486251
Tompkins,2020-10-28T00:00:00.000,13,632,10597,435903,435903,632,2020-10-28,13,10597,0.00122676229121449,0.000885150051852632,11.1081218715689
Tompkins,2020-10-29T00:00:00.000,7,639,10976,446879,446879,639,2020-10-29,7,10976,0.000637755102040816,0.000903213871026496,5.9718885145283
Tompkins,2020-10-30T00:00:00.000,11,650,9041,455920,455920,650,2020-10-30,11,9041,0.00121667957084393,0.000922306699089608,9.3668354528556
Tompkins,2020-10-31T00:00:00.000,6,656,10948,466868,466868,656,2020-10-31,6,10948,0.000548045305078553,0.000942426307506903,5.09813124749735
Tompkins,2020-11-01T00:00:00.000,3,659,8383,475251,475251,659,2020-11-01,3,8383,0.000357867112012406,0.00096356981164513,2.54282979743516
Tompkins,2020-11-02T00:00:00.000,1,660,5730,480981,480981,660,2020-11-02,1,5730,0.000174520069808028,0.000985733612527598,0.845305332605506
Tompkins,2020-11-03T00:00:00.000,4,664,7999,488980,488980,664,2020-11-03,4,7999,0.000500062507813477,0.00100891336599009,3.37114818578365
Tompkins,2020-11-04T00:00:00.000,11,675,9881,498861,498861,675,2020-11-04,11,9881,0.00111324764699929,0.00103310398324401,9.24075727300187
Tompkins,2020-11-05T00:00:00.000,3,678,9864,508725,508725,678,2020-11-05,3,9864,0.000304136253041363,0.0010582996670175,2.51149727393333
Tompkins,2020-11-06T00:00:00.000,12,690,10328,519053,519053,690,2020-11-06,12,10328,0.00116189000774593,0.00108449398760402,10.0091265282541
Tompkins,2020-11-07T00:00:00.000,12,702,5610,524663,524663,702,2020-11-07,12,5610,0.00213903743315508,0.0011116800032475,9.97044123742516
Tompkins,2020-11-08T00:00:00.000,5,707,8469,533132,533132,707,2020-11-08,5,8469,0.000590388475616956,0.00113985042942336,4.13727830955386
Tompkins,2020-11-09T00:00:00.000,5,712,6862,539994,539994,712,2020-11-09,5,6862,0.000728650539201399,0.00116899786162787,4.12089377903294
Tompkins,2020-11-10T00:00:00.000,22,734,6889,546883,546883,734,2020-11-10,22,6889,0.0031934968790826,0.00119911505637731,18.0919112400325
Tompkins,2020-11-11T00:00:00.000,31,765,6779,553662,553662,765,2020-11-11,31,6779,0.00457294586222157,0.00123019527514246,25.4607251528099
Tompkins,2020-11-12T00:00:00.000,21,786,19656,573318,573318,786,2020-11-12,21,19656,0.00106837606837607,0.00126223269601176,17.2838391571258
Tompkins,2020-11-13T00:00:00.000,13,799,12369,585687,585687,799,2020-11-13,13,12369,0.00105101463335759,0.00129522289792337,10.7222939061844
Tompkins,2020-11-14T00:00:00.000,7,806,1895,587582,587582,806,2020-11-14,7,1895,0.00369393139841689,0.00132916342236438,5.78590884133811
Tompkins,2020-11-15T00:00:00.000,5,811,3853,591435,591435,811,2020-11-15,5,3853,0.00129769011160135,0.0013640544175742,4.14164942386706
Tompkins,2020-11-16T00:00:00.000,9,820,13904,605339,605339,820,2020-11-16,9,13904,0.000647295742232451,0.00139989937044265,7.47088310278526
Tompkins,2020-11-17T00:00:00.000,8,828,6591,611930,611930,828,2020-11-17,8,6591,0.00121377636170536,0.00143670593156279,6.65485424374657
Tompkins,2020-11-18T00:00:00.000,12,840,8970,620900,620900,840,2020-11-18,12,8970,0.00133779264214047,0.00147448683928722,10.0032180072107
Ulster,2020-03-01T00:00:00.000,0,0,0,0,0,0,2020-03-01,0,0,0,0.0569887711671886,0
Ulster,2020-03-02T00:00:00.000,0,0,0,0,0,0,2020-03-02,0,0,0,0.0598293788515324,0
Ulster,2020-03-03T00:00:00.000,0,0,0,0,0,0,2020-03-03,0,0,0,0.0628011577032305,0
Ulster,2020-03-04T00:00:00.000,0,0,0,0,0,0,2020-03-04,0,0,0,0.065907450123855,0
Ulster,2020-03-05T00:00:00.000,0,0,1,1,1,0,2020-03-05,0,1,0,0.0691505877322122,0
Ulster,2020-03-06T00:00:00.000,0,0,0,1,1,0,2020-03-06,0,0,0.333333333333333,0.0725317494865924,0
Ulster,2020-03-07T00:00:00.000,0,0,0,1,1,0,2020-03-07,0,0,0.666666666666667,0.0760508199128694,0
Ulster,2020-03-08T00:00:00.000,1,1,1,2,2,1,2020-03-08,1,1,1,0.0797062506890888,1.53069588947292
Ulster,2020-03-09T00:00:00.000,0,1,0,2,2,1,2020-03-09,0,0,0.5,0.0834949293376619,0
Ulster,2020-03-10T00:00:00.000,0,1,2,4,4,1,2020-03-10,0,2,0,0.0874120591945391,0
Ulster,2020-03-11T00:00:00.000,1,2,1,5,5,2,2020-03-11,1,1,1,0.0914510550850486,1.4493197316465
Ulster,2020-03-12T00:00:00.000,3,5,6,11,11,5,2020-03-12,3,6,0.5,0.0956034592392234,4.27092030910213
Ulster,2020-03-13T00:00:00.000,0,5,3,14,14,5,2020-03-13,0,3,0,0.0998588818773599,0
Ulster,2020-03-14T00:00:00.000,0,5,30,44,44,5,2020-03-14,0,30,0,0.104204970567877,0
Ulster,2020-03-15T00:00:00.000,2,7,16,60,60,7,2020-03-15,2,16,0.125,0.10862741191998,2.70289898958112
Ulster,2020-03-16T00:00:00.000,1,8,12,72,72,8,2020-03-16,1,12,0.0833333333333333,0.113109968386683,1.32911484514693
Ulster,2020-03-17T00:00:00.000,1,9,15,87,87,9,2020-03-17,1,15,0.0666666666666667,0.117634552004757,1.30769533504348
Ulster,2020-03-18T00:00:00.000,1,10,41,128,128,10,2020-03-18,1,41,0.024390243902439,0.12218133575166,1.28488522320454
Ulster,2020-03-19T00:00:00.000,2,12,62,190,190,12,2020-03-19,2,62,0.032258064516129,0.126728901990021,2.53162293627272
Ulster,2020-03-20T00:00:00.000,6,18,70,260,260,18,2020-03-20,6,70,0.0857142857142857,0.131254426181407,7.48641028293302
Ulster,2020-03-21T00:00:00.000,8,26,145,405,405,26,2020-03-21,8,145,0.0551724137931034,0.135733892828558,9.82891952454281
Ulster,2020-03-22T00:00:00.000,9,35,54,459,459,35,2020-03-22,9,54,0.166666666666667,0.140142339459632,10.9400120115226
Ulster,2020-03-23T00:00:00.000,12,47,117,576,576,47,2020-03-23,12,117,0.102564102564103,0.144454123512688,14.5498468532865
Ulster,2020-03-24T00:00:00.000,18,65,81,657,657,65,2020-03-24,18,81,0.222222222222222,0.148643206233464,21.7409942674997
Ulster,2020-03-25T00:00:00.000,13,78,71,728,728,78,2020-03-25,13,71,0.183098591549296,0.15268344723179,15.6204791075647
Ulster,2020-03-26T00:00:00.000,21,99,83,811,811,99,2020-03-26,21,83,0.253012048192771,0.156548903157365,25.0904878946334
Ulster,2020-03-27T00:00:00.000,29,128,124,935,935,128,2020-03-27,29,124,0.233870967741935,0.160214124060119,34.7283733634804
Ulster,2020-03-28T00:00:00.000,18,146,82,1017,1017,146,2020-03-28,18,82,0.219512195121951,0.163654441366856,21.5070219099405
Ulster,2020-03-29T00:00:00.000,44,190,194,1211,1211,190,2020-03-29,44,194,0.22680412371134,0.166846242026027,52.3930102268337
Ulster,2020-03-30T00:00:00.000,21,211,123,1334,1334,211,2020-03-30,21,123,0.170731707317073,0.169767224146086,24.9186474093463
Ulster,2020-03-31T00:00:00.000,10,221,51,1385,1385,221,2020-03-31,10,51,0.196078431372549,0.17239663037823,11.8501367766893
Ulster,2020-04-01T00:00:00.000,19,240,118,1503,1503,240,2020-04-01,19,118,0.161016949152542,0.17471545626661,22.5939894338076
Ulster,2020-04-02T00:00:00.000,23,263,125,1628,1628,263,2020-04-02,23,125,0.184,0.176706631771756,27.4297964109478
Ulster,2020-04-03T00:00:00.000,27,290,141,1769,1769,290,2020-04-03,27,141,0.191489361702128,0.178355175095281,32.2758779486791
Ulster,2020-04-04T00:00:00.000,42,332,188,1957,1957,332,2020-04-04,42,188,0.223404255319149,0.17964831877329,50.3002456833367
Ulster,2020-04-05T00:00:00.000,40,372,182,2139,2139,372,2020-04-05,40,182,0.21978021978022,0.180575608699902,47.9678681355801
Ulster,2020-04-06T00:00:00.000,26,398,117,2256,2256,398,2020-04-06,26,117,0.222222222222222,0.181128977286598,31.2075737382545
Ulster,2020-04-07T00:00:00.000,24,422,108,2364,2364,422,2020-04-07,24,108,0.222222222222222,0.181302792354729,28.8240496987219
Ulster,2020-04-08T00:00:00.000,38,460,227,2591,2591,460,2020-04-08,38,227,0.167400881057269,0.181093883572199,45.6569775406767
Ulster,2020-04-09T00:00:00.000,70,530,436,3027,3027,530,2020-04-09,70,436,0.160550458715596,0.180501548311678,84.3055387918733
Ulster,2020-04-10T00:00:00.000,59,589,358,3385,3385,589,2020-04-10,59,358,0.164804469273743,0.179527538757533,71.1849116079064
Ulster,2020-04-11T00:00:00.000,23,612,239,3624,3624,612,2020-04-11,23,239,0.096234309623431,0.17817603188389,27.7862438814492
Ulster,2020-04-12T00:00:00.000,18,630,242,3866,3866,630,2020-04-12,18,242,0.0743801652892562,0.176453583697167,21.7653593365002
Ulster,2020-04-13T00:00:00.000,60,690,424,4290,4290,690,2020-04-13,60,424,0.141509433962264,0.174369068786807,72.5985541124042
Ulster,2020-04-14T00:00:00.000,43,733,259,4549,4549,733,2020-04-14,43,259,0.166023166023166,0.17193360591004,52.1201767840459
Ulster,2020-04-15T00:00:00.000,28,761,189,4738,4738,761,2020-04-15,28,189,0.148148148148148,0.169160469968271,33.9962361125384
Ulster,2020-04-16T00:00:00.000,27,788,142,4880,4880,788,2020-04-16,27,142,0.190140845070423,0.166064990439024,32.8358827971177
Ulster,2020-04-17T00:00:00.000,32,820,239,5119,5119,820,2020-04-17,32,239,0.133891213389121,0.162664436051399,38.9888895920656
Ulster,2020-04-18T00:00:00.000,34,854,170,5289,5289,854,2020-04-18,34,170,0.2,0.15897788531049,41.5903679043588
Ulster,2020-04-19T00:00:00.000,23,877,167,5456,5456,877,2020-04-19,23,167,0.137724550898204,0.155026082392236,28.243855813049
Ulster,2020-04-20T00:00:00.000,16,893,85,5541,5541,893,2020-04-20,16,85,0.188235294117647,0.15083127793159,19.72204125732
Ulster,2020-04-21T00:00:00.000,20,913,110,5651,5651,913,2020-04-21,20,110,0.181818181818182,0.146417054378617,24.7425628673935
Ulster,2020-04-22T00:00:00.000,29,942,152,5803,5803,942,2020-04-22,29,152,0.190789473684211,0.141808135844185,36.0027648441225
Ulster,2020-04-23T00:00:00.000,34,976,208,6011,6011,976,2020-04-23,34,208,0.163461538461538,0.137030182731168,42.3519394140552
Ulster,2020-04-24T00:00:00.000,190,1166,928,6939,6939,1166,2020-04-24,190,928,0.204741379310345,0.132109571942548,237.427306864684
Ulster,2020-04-25T00:00:00.000,24,1190,207,7146,7146,1190,2020-04-25,24,207,0.115942028985507,0.127073164018818,30.0808292863952
Ulster,2020-04-26T00:00:00.000,29,1219,198,7344,7344,1219,2020-04-26,29,198,0.146464646464646,0.121948059212478,36.4493271031359
Ulster,2020-04-27T00:00:00.000,11,1230,94,7438,7438,1230,2020-04-27,11,94,0.117021276595745,0.116761345166063,13.8612154667695
Ulster,2020-04-28T00:00:00.000,22,1252,335,7773,7773,1252,2020-04-28,22,335,0.0656716417910448,0.111539839541017,27.7833794890572
Ulster,2020-04-29T00:00:00.000,27,1279,309,8082,8082,1279,2020-04-29,27,309,0.087378640776699,0.106309831552142,34.1623347078777
Ulster,2020-04-30T00:00:00.000,19,1298,336,8418,8418,1298,2020-04-30,19,336,0.056547619047619,0.101096826887026,24.0791366603181
Ulster,2020-05-01T00:00:00.000,29,1327,362,8780,8780,1327,2020-05-01,29,362,0.0801104972375691,0.095925300881792,36.801484621451
Ulster,2020-05-02T00:00:00.000,14,1341,256,9036,9036,1341,2020-05-02,14,256,0.0546875,0.0908184650248461,17.7847100919726
Ulster,2020-05-03T00:00:00.000,13,1354,198,9234,9234,1354,2020-05-03,13,198,0.0656565656565657,0.0857980518713991,16.5527330076163
Ulster,2020-05-04T00:00:00.000,3,1357,104,9338,9338,1357,2020-05-04,3,104,0.0288461538461538,0.080884123230674,3.84058200213648
Ulster,2020-05-05T00:00:00.000,26,1383,272,9610,9610,1383,2020-05-05,26,272,0.0955882352941176,0.0760949060334194,33.3772127100558
Ulster,2020-05-06T00:00:00.000,33,1416,298,9908,9908,1416,2020-05-06,33,298,0.110738255033557,0.0714466596318094,42.4470114470916
Ulster,2020-05-07T00:00:00.000,13,1429,276,10184,10184,1429,2020-05-07,13,276,0.0471014492753623,0.0669535774159422,16.7412905903221
Ulster,2020-05-08T00:00:00.000,11,1440,195,10379,10379,1440,2020-05-08,11,195,0.0564102564102564,0.0626277246278902,14.1520520740734
Ulster,2020-05-09T00:00:00.000,10,1450,210,10589,10589,1450,2020-05-09,10,210,0.0476190476190476,0.058479013145277,12.8441611945758
Ulster,2020-05-10T00:00:00.000,4,1454,135,10724,10724,1454,2020-05-10,4,135,0.0296296296296296,0.0545152128551694,5.12743848303469
Ulster,2020-05-11T00:00:00.000,11,1465,96,10820,10820,1465,2020-05-11,11,96,0.114583333333333,0.0507419981108532,14.1124824100527
Ulster,2020-05-12T00:00:00.000,16,1481,314,11134,11134,1481,2020-05-12,16,314,0.0509554140127389,0.047163026717995,20.5534569969282
Ulster,2020-05-13T00:00:00.000,14,1495,536,11670,11670,1495,2020-05-13,14,536,0.0261194029850746,0.0437800479818614,18.0007095530603
Ulster,2020-05-14T00:00:00.000,16,1511,431,12101,12101,1511,2020-05-14,16,431,0.037122969837587,0.0405930356110146,20.5832789708383
Ulster,2020-05-15T00:00:00.000,26,1537,398,12499,12499,1537,2020-05-15,26,398,0.0653266331658292,0.0376003407468105,33.4527609032908
Ulster,2020-05-16T00:00:00.000,15,1552,345,12844,12844,1552,2020-05-16,15,345,0.0434782608695652,0.034798860078076,19.3416670673229
Ulster,2020-05-17T00:00:00.000,5,1557,227,13071,13071,1557,2020-05-17,5,227,0.0220264317180617,0.0321842139207814,6.46411647550875
Ulster,2020-05-18T00:00:00.000,8,1565,177,13248,13248,1565,2020-05-18,8,177,0.0451977401129944,0.0297509292636617,10.3621666933456
Ulster,2020-05-19T00:00:00.000,6,1571,284,13532,13532,1571,2020-05-19,6,284,0.0211267605633803,0.0274926230968597,7.80833607371897
Ulster,2020-05-20T00:00:00.000,13,1584,799,14331,14331,1584,2020-05-20,13,799,0.016270337922403,0.0254021817969161,16.9870672947346
Ulster,2020-05-21T00:00:00.000,11,1595,552,14883,14883,1595,2020-05-21,11,552,0.0199275362318841,0.0234719329200281,14.4226016073755
Ulster,2020-05-22T00:00:00.000,11,1606,418,15301,15301,1606,2020-05-22,11,418,0.0263157894736842,0.0216938064013542,14.454701127492
Ulster,2020-05-23T00:00:00.000,11,1617,470,15771,15771,1617,2020-05-23,11,470,0.0234042553191489,0.0200594828376715,14.4246826445514
Ulster,2020-05-24T00:00:00.000,15,1632,590,16361,16361,1632,2020-05-24,15,590,0.0254237288135593,0.0185605272105873,19.6111482080504
Ulster,2020-05-25T00:00:00.000,6,1638,162,16523,16523,1638,2020-05-25,6,162,0.037037037037037,0.0171885070491724,7.81337461388482
Ulster,2020-05-26T00:00:00.000,7,1645,355,16878,16878,1645,2020-05-26,7,355,0.0197183098591549,0.0159350946215818,9.06987897647243
Ulster,2020-05-27T00:00:00.000,13,1658,556,17434,17434,1658,2020-05-27,13,556,0.0233812949640288,0.0147921532559407,16.7456421233512
Ulster,2020-05-28T00:00:00.000,5,1663,683,18117,18117,1663,2020-05-28,5,683,0.00732064421669107,0.0137518083215536,6.39795698329824
Ulster,2020-05-29T00:00:00.000,15,1678,746,18863,18863,1678,2020-05-29,15,746,0.0201072386058981,0.0128065037412374,19.0526438340847
Ulster,2020-05-30T00:00:00.000,7,1685,529,19392,19392,1685,2020-05-30,7,529,0.0132325141776938,0.0119490451586862,8.81981213970012
Ulster,2020-05-31T00:00:00.000,6,1691,538,19930,19930,1691,2020-05-31,6,538,0.0111524163568773,0.0111726310551408,7.49692739264198
Ulster,2020-06-01T00:00:00.000,5,1696,327,20257,20257,1696,2020-06-01,5,327,0.0152905198776758,0.0104708732070985,6.21140226317313
Ulster,2020-06-02T00:00:00.000,5,1701,504,20761,20761,1701,2020-06-02,5,504,0.00992063492063492,0.00983780790857677,6.17309183987983
Ulster,2020-06-03T00:00:00.000,3,1704,617,21378,21378,1704,2020-06-03,3,617,0.00486223662884927,0.00926789936180966,3.67965803370797
Ulster,2020-06-04T00:00:00.000,7,1711,1121,22499,22499,1711,2020-06-04,7,1121,0.00624442462087422,0.00875603657887185,8.52695682916977
Ulster,2020-06-05T00:00:00.000,3,1714,776,23275,23275,1714,2020-06-05,3,776,0.0038659793814433,0.00829752504310962,3.63175523875829
Ulster,2020-06-06T00:00:00.000,4,1718,600,23875,23875,1718,2020-06-06,4,600,0.00666666666666667,0.00788807426557935,4.81724527821031
Ulster,2020-06-07T00:00:00.000,3,1721,644,24519,24519,1721,2020-06-07,3,644,0.0046583850931677,0.00752378224465138,3.59335049330153
Ulster,2020-06-08T00:00:00.000,3,1724,403,24922,24922,1724,2020-06-08,3,403,0.00744416873449132,0.00720111770363278,3.57197285875432
Ulster,2020-06-09T00:00:00.000,2,1726,402,25324,25324,1726,2020-06-09,2,402,0.00497512437810945,0.00691690084758169,2.36894498828527
Ulster,2020-06-10T00:00:00.000,3,1729,609,25933,25933,1729,2020-06-10,3,609,0.00492610837438424,0.00666828325121279,3.55128818238441
Ulster,2020-06-11T00:00:00.000,5,1734,731,26664,26664,1734,2020-06-11,5,731,0.00683994528043776,0.00645272736665904,5.91532082581803
Ulster,2020-06-12T00:00:00.000,5,1739,666,27330,27330,1739,2020-06-12,5,666,0.00750750750750751,0.00626798602563904,5.91195580292761
Ulster,2020-06-13T00:00:00.000,2,1741,506,27836,27836,1741,2020-06-13,2,506,0.00395256916996047,0.00611208220641015,2.3635136199817
Ulster,2020-06-14T00:00:00.000,0,1741,502,28338,28338,1741,2020-06-14,0,502,0,0.00598328924164159,0
Ulster,2020-06-15T00:00:00.000,1,1742,546,28884,28884,1742,2020-06-15,1,546,0.00183150183150183,0.00588011155950923,1.18064899204274
Ulster,2020-06-16T00:00:00.000,2,1744,578,29462,29462,1744,2020-06-16,2,578,0.00346020761245675,0.00580126597602901,2.36038749151044
Ulster,2020-06-17T00:00:00.000,2,1746,740,30202,30202,1746,2020-06-17,2,740,0.0027027027027027,0.00574566349186627,2.35962634953995
Ulster,2020-06-18T00:00:00.000,3,1749,820,31022,31022,1749,2020-06-18,3,820,0.00365853658536585,0.00571239149100151,3.53837964374914
Ulster,2020-06-19T00:00:00.000,1,1750,560,31582,31582,1750,2020-06-19,1,560,0.00178571428571429,0.00570069619103882,1.17919627315423
Ulster,2020-06-20T00:00:00.000,4,1754,706,32288,32288,1754,2020-06-20,4,706,0.0056657223796034,0.00570996515629415,4.71608799368077
Ulster,2020-06-21T00:00:00.000,2,1756,583,32871,32871,1756,2020-06-21,2,583,0.00343053173241852,0.0057397096546805,2.35786896453604
Ulster,2020-06-22T00:00:00.000,1,1757,312,33183,33183,1757,2020-06-22,1,312,0.00320512820512821,0.00578954661902004,1.17892894131078
Ulster,2020-06-23T00:00:00.000,3,1760,262,33445,33445,1760,2020-06-23,3,262,0.0114503816793893,0.00585917996368936,3.53699527213414
Ulster,2020-06-24T00:00:00.000,5,1765,762,34207,34207,1765,2020-06-24,5,762,0.00656167979002625,0.0059483810105157,5.89566938347131
Ulster,2020-06-25T00:00:00.000,3,1768,715,34922,34922,1768,2020-06-25,3,715,0.0041958041958042,0.00605696779424881,3.53797269942648
Ulster,2020-06-26T00:00:00.000,5,1773,902,35824,35824,1773,2020-06-26,5,902,0.00554323725055432,0.00618478305254933,5.89778263763618
Ulster,2020-06-27T00:00:00.000,5,1778,541,36365,36365,1778,2020-06-27,5,541,0.00924214417744917,0.00633167075725329,5.89908013943966
Ulster,2020-06-28T00:00:00.000,0,1778,359,36724,36724,1778,2020-06-28,0,359,0,0.0064974511179196,0
Ulster,2020-06-29T00:00:00.000,3,1781,367,37091,37091,1781,2020-06-29,3,367,0.00817438692098093,0.00668189408516404,3.54104946983187
Ulster,2020-06-30T00:00:00.000,1,1782,617,37708,37708,1782,2020-06-30,1,617,0.00162074554294976,0.00688469150103632,1.18058728554068
Ulster,2020-07-01T00:00:00.000,8,1790,581,38289,38289,1790,2020-07-01,8,581,0.0137693631669535,0.00710542818675564,9.44622938650296
Ulster,2020-07-02T00:00:00.000,25,1815,768,39057,39057,1815,2020-07-02,25,768,0.0325520833333333,0.00734355242102333,29.5225759214713
Ulster,2020-07-03T00:00:00.000,10,1825,564,39621,39621,1825,2020-07-03,10,564,0.0177304964539007,0.00759834644002861,11.7934446911662
Ulster,2020-07-04T00:00:00.000,9,1834,698,40319,40319,1834,2020-07-04,9,698,0.0128939828080229,0.00786889777669236,10.627738964698
Ulster,2020-07-05T00:00:00.000,6,1840,507,40826,40826,1840,2020-07-05,6,507,0.0118343195266272,0.00815407243895356,7.08393864509549
Ulster,2020-07-06T00:00:00.000,3,1843,472,41298,41298,1843,2020-07-06,3,472,0.00635593220338983,0.00845249109389257,3.5415527418306
Ulster,2020-07-07T00:00:00.000,2,1845,371,41669,41669,1845,2020-07-07,2,371,0.00539083557951483,0.00876250955892036,2.36445446575076
Ulster,2020-07-08T00:00:00.000,6,1851,690,42359,42359,1851,2020-07-08,6,690,0.00869565217391304,0.00908220498614506,7.10119329645565
Ulster,2020-07-09T00:00:00.000,2,1853,659,43018,43018,1853,2020-07-09,2,659,0.00303490136570561,0.00940936914457593,2.3691888243108
Ulster,2020-07-10T00:00:00.000,2,1855,636,43654,43654,1855,2020-07-10,2,636,0.00314465408805031,0.00974151013912278,2.37081579531902
Ulster,2020-07-11T00:00:00.000,4,1859,430,44084,44084,1859,2020-07-11,4,430,0.00930232558139535,0.0100758637441488,4.74384668525404
Ulster,2020-07-12T00:00:00.000,3,1862,447,44531,44531,1862,2020-07-12,3,447,0.00671140939597315,0.0104094152643144,3.55873926705533
Ulster,2020-07-13T00:00:00.000,10,1872,525,45056,45056,1872,2020-07-13,10,525,0.019047619047619,0.0107389324655222,11.8625460702719
Ulster,2020-07-14T00:00:00.000,16,1888,823,45879,45879,1888,2020-07-14,16,823,0.0194410692588092,0.0110610096555002,18.9756882573044
Ulster,2020-07-15T00:00:00.000,6,1894,658,46537,46537,1894,2020-07-15,6,658,0.00911854103343465,0.0113721224513302,7.11252199279022
Ulster,2020-07-16T00:00:00.000,4,1898,734,47271,47271,1898,2020-07-16,4,734,0.00544959128065395,0.0116686921829561,4.7382887032715
Ulster,2020-07-17T00:00:00.000,2,1900,817,48088,48088,1900,2020-07-17,2,817,0.00244798041615667,0.0119471582800423,2.37016105603493
Ulster,2020-07-18T00:00:00.000,1,1901,345,48433,48433,1901,2020-07-18,1,345,0.00289855072463768,0.0122040564203003,1.18854157764187
Ulster,2020-07-19T00:00:00.000,0,1901,444,48877,48877,1901,2020-07-19,0,444,0,0.0124360997243822,0
Ulster,2020-07-20T00:00:00.000,5,1906,626,49503,49503,1906,2020-07-20,5,626,0.00798722044728434,0.012640259910914,5.96542081516371
Ulster,2020-07-21T00:00:00.000,3,1909,540,50043,50043,1909,2020-07-21,3,540,0.00555555555555556,0.0128138451113058,3.58194978264139
Ulster,2020-07-22T00:00:00.000,2,1911,586,50629,50629,1911,2020-07-22,2,586,0.00341296928327645,0.0129545710193144,2.38789013435277
Ulster,2020-07-23T00:00:00.000,1,1912,598,51227,51227,1912,2020-07-23,1,598,0.00167224080267559,0.0130606222228486,1.19312032360328
Ulster,2020-07-24T00:00:00.000,4,1916,579,51806,51806,1916,2020-07-24,4,579,0.00690846286701209,0.0131307009402529,4.78614329520528
Ulster,2020-07-25T00:00:00.000,9,1925,540,52346,52346,1925,2020-07-25,9,540,0.0166666666666667,0.0131640609353163,10.7920899762098
Ulster,2020-07-26T00:00:00.000,1,1926,423,52769,52769,1926,2020-07-26,1,423,0.00236406619385343,0.013160525083991,1.20039747165455
Ulster,2020-07-27T00:00:00.000,16,1942,796,53565,53565,1942,2020-07-27,16,796,0.0201005025125628,0.0131204858632371,19.2092129919207
Ulster,2020-07-28T00:00:00.000,31,1973,644,54209,54209,1973,2020-07-28,31,644,0.0481366459627329,0.013044888872262,37.1891303616285
Ulster,2020-07-29T00:00:00.000,37,2010,967,55176,55176,2010,2020-07-29,37,967,0.0382626680455016,0.012935200320135,44.3109905052754
Ulster,2020-07-30T00:00:00.000,11,2021,851,56027,56027,2021,2020-07-30,11,851,0.0129259694477086,0.0127933601663175,13.1384024736115
Ulster,2020-07-31T00:00:00.000,5,2026,642,56669,56669,2026,2020-07-31,5,642,0.00778816199376947,0.0126217232278247,5.95560387107417
Ulster,2020-08-01T00:00:00.000,2,2028,394,57063,57063,2028,2020-08-01,2,394,0.0050761421319797,0.0124229910370066,2.37824703400943
Ulster,2020-08-02T00:00:00.000,3,2031,440,57503,57503,2031,2020-08-02,3,440,0.00681818181818182,0.0122001375173425,3.55715501333276
Ulster,2020-08-03T00:00:00.000,8,2039,526,58029,58029,2039,2020-08-03,8,526,0.0152091254752852,0.0119563316373872,9.45275491726011
Ulster,2020-08-04T00:00:00.000,0,2039,407,58436,58436,2039,2020-08-04,0,407,0,0.0116948601117266,0
Ulster,2020-08-05T00:00:00.000,6,2045,663,59099,59099,2045,2020-08-05,6,663,0.00904977375565611,0.0114190529627721,7.02795943814897
Ulster,2020-08-06T00:00:00.000,4,2049,637,59736,59736,2049,2020-08-06,4,637,0.00627943485086342,0.011132214370079,4.67551136730888
Ulster,2020-08-07T00:00:00.000,8,2057,577,60313,60313,2057,2020-08-07,8,577,0.0138648180242634,0.0108375607554608,9.34350810419751
Ulster,2020-08-08T00:00:00.000,5,2062,669,60982,60982,2062,2020-08-08,5,669,0.00747384155455904,0.0105381675196352,5.83313043672919
Ulster,2020-08-09T00:00:00.000,10,2072,480,61462,61462,2072,2020-08-09,10,480,0.0208333333333333,0.0102369253020891,11.6493004631764
Ulster,2020-08-10T00:00:00.000,4,2076,479,61941,61941,2076,2020-08-10,4,479,0.00835073068893528,0.00993650611635612,4.65138430567318
Ulster,2020-08-11T00:00:00.000,1,2077,409,62350,62350,2077,2020-08-11,1,409,0.00244498777506112,0.00963933924370476,1.16017468991452
Ulster,2020-08-12T00:00:00.000,4,2081,654,63004,63004,2081,2020-08-12,4,654,0.00611620795107034,0.00934759637380899,4.62771182138075
Ulster,2020-08-13T00:00:00.000,5,2086,595,63599,63599,2086,2020-08-13,5,595,0.00840336134453781,0.00906318517158873,5.76668059232856
Ulster,2020-08-14T00:00:00.000,3,2089,981,64580,64580,2089,2020-08-14,3,981,0.00305810397553517,0.00878775022931514,3.45313376714107
Ulster,2020-08-15T00:00:00.000,6,2095,715,65295,65295,2095,2020-08-15,6,715,0.00839160839160839,0.00852268023031445,6.90532900274146
Ulster,2020-08-16T00:00:00.000,3,2098,345,65640,65640,2098,2020-08-16,3,345,0.00869565217391304,0.00826912009789374,3.45178930383945
Ulster,2020-08-17T00:00:00.000,2,2100,489,66129,66129,2100,2020-08-17,2,489,0.00408997955010225,0.00802798691554961,2.29696746976165
Ulster,2020-08-18T00:00:00.000,6,2106,729,66858,66858,2106,2020-08-18,6,729,0.00823045267489712,0.00779998847269887,6.87599670384043
Ulster,2020-08-19T00:00:00.000,7,2113,663,67521,67521,2113,2020-08-19,7,663,0.0105580693815988,0.00758564339615287,8.00483452396562
Ulster,2020-08-20T00:00:00.000,2,2115,741,68262,68262,2115,2020-08-20,2,741,0.00269905533063428,0.00738530195854865,2.28230788826561
Ulster,2020-08-21T00:00:00.000,11,2126,563,68825,68825,2126,2020-08-21,11,563,0.019538188277087,0.00719916680006017,12.5239391437268
Ulster,2020-08-22T00:00:00.000,1,2127,593,69418,69418,2127,2020-08-22,1,593,0.00168634064080944,0.00702731294709169,1.13602800719223
Ulster,2020-08-23T00:00:00.000,7,2134,482,69900,69900,2134,2020-08-23,7,482,0.0145228215767635,0.0068697066528341,7.94788491354871
Ulster,2020-08-24T00:00:00.000,3,2137,530,70430,70430,2137,2020-08-24,3,530,0.00566037735849057,0.00672622271718675,3.40315106926779
Ulster,2020-08-25T00:00:00.000,4,2141,581,71011,71011,2141,2020-08-25,4,581,0.00688468158347676,0.00659666005905473,4.53065815312361
Ulster,2020-08-26T00:00:00.000,11,2152,937,71948,71948,2152,2020-08-26,11,937,0.0117395944503735,0.00648075541537033,12.4330265278391
Ulster,2020-08-27T00:00:00.000,3,2155,692,72640,72640,2155,2020-08-27,3,692,0.00433526011560694,0.00637819512445993,3.38199020502291
Ulster,2020-08-28T00:00:00.000,7,2162,899,73539,73539,2162,2020-08-28,7,899,0.00778642936596218,0.00628862501977036,7.88883595605563
Ulster,2020-08-29T00:00:00.000,6,2168,973,74512,74512,2168,2020-08-29,6,973,0.00616649537512847,0.00621165851267263,6.77123203432957
Ulster,2020-08-30T00:00:00.000,7,2175,608,75120,75120,2175,2020-08-30,7,608,0.0115131578947368,0.00614688298466863,7.91169329482512
Ulster,2020-08-31T00:00:00.000,1,2176,619,75739,75739,2176,2020-08-31,1,619,0.00161550888529887,0.00609386463874773,1.13207118344312
Ulster,2020-09-01T00:00:00.000,2,2178,865,76604,76604,2178,2020-09-01,2,865,0.0023121387283237,0.00605215198177568,2.26801742325449
Ulster,2020-09-02T00:00:00.000,12,2190,1057,77661,77661,2190,2020-09-02,12,1057,0.011352885525071,0.00602127812437719,13.6324066357498
Ulster,2020-09-03T00:00:00.000,6,2196,679,78340,78340,2196,2020-09-03,6,679,0.00883652430044183,0.0060007620948548,6.82873991054936
Ulster,2020-09-04T00:00:00.000,3,2199,722,79062,79062,2199,2020-09-04,3,722,0.00415512465373961,0.00599010936904037,3.42075255236442
Ulster,2020-09-05T00:00:00.000,2,2201,762,79824,79824,2201,2020-09-05,2,762,0.0026246719160105,0.00598881182106009,2.2847752363769
Ulster,2020-09-06T00:00:00.000,2,2203,534,80358,80358,2203,2020-09-06,2,534,0.00374531835205993,0.00599634729977659,2.28900430092842
Ulster,2020-09-07T00:00:00.000,0,2203,292,80650,80650,2203,2020-09-07,0,292,0,0.0060121790334933,0
Ulster,2020-09-08T00:00:00.000,0,2203,469,81119,81119,2203,2020-09-08,0,469,0,0.00603575506012688,0
Ulster,2020-09-09T00:00:00.000,1,2204,529,81648,81648,2204,2020-09-09,1,529,0.00189035916824197,0.00606650787254393,1.14985514130037
Ulster,2020-09-10T00:00:00.000,5,2209,811,82459,82459,2209,2020-09-10,5,811,0.0061652281134402,0.00610385445654675,5.75624720224453
Ulster,2020-09-11T00:00:00.000,6,2215,677,83136,83136,2215,2020-09-11,6,677,0.00886262924667651,0.00614719688389395,6.92388425669518
Ulster,2020-09-12T00:00:00.000,3,2218,730,83866,83866,2218,2020-09-12,3,730,0.00410958904109589,0.00619592360208389,3.47219267478588
Ulster,2020-09-13T00:00:00.000,1,2219,487,84353,84353,2219,2020-09-13,1,487,0.00205338809034908,0.00624941153772128,1.16054387638514
Ulster,2020-09-14T00:00:00.000,6,2225,453,84806,84806,2225,2020-09-14,6,453,0.0132450331125828,0.00630702909956829,6.98025113923803
Ulster,2020-09-15T00:00:00.000,4,2229,481,85287,85287,2229,2020-09-15,4,481,0.00831600831600832,0.00636814013268764,4.66338597582578
Ulster,2020-09-16T00:00:00.000,2,2231,661,85948,85948,2231,2020-09-16,2,661,0.00302571860816944,0.00643210883540075,2.33582543365651
Ulster,2020-09-17T00:00:00.000,4,2235,597,86545,86545,2235,2020-09-17,4,597,0.0067001675041876,0.00649830560855162,4.67811713326668
Ulster,2020-09-18T00:00:00.000,4,2239,729,87274,87274,2239,2020-09-18,4,729,0.00548696844993141,0.00656611376267683,4.68261112730895
Ulster,2020-09-19T00:00:00.000,3,2242,677,87951,87951,2242,2020-09-19,3,677,0.00443131462333826,0.00663493696467169,3.51036244377371
Ulster,2020-09-20T00:00:00.000,0,2242,445,88396,88396,2242,2020-09-20,0,445,0,0.00670420726526755,0
Ulster,2020-09-21T00:00:00.000,2,2244,500,88896,88896,2244,2020-09-21,2,500,0.004,0.00677339351135671,2.33270646687484
Ulster,2020-09-22T00:00:00.000,0,2244,426,89322,89322,2244,2020-09-22,0,426,0,0.0068420099194467,0
Ulster,2020-09-23T00:00:00.000,10,2254,708,90030,90030,2254,2020-09-23,10,708,0.0141242937853107,0.00690962456593909,11.6016614220785
Ulster,2020-09-24T00:00:00.000,1,2255,632,90662,90662,2255,2020-09-24,1,632,0.00158227848101266,0.0069758675416003,1.15616199137694
Ulster,2020-09-25T00:00:00.000,1,2256,810,91472,91472,2256,2020-09-25,1,810,0.00123456790123457,0.00704043852121925,1.15541923759831
Ulster,2020-09-26T00:00:00.000,4,2260,631,92103,92103,2260,2020-09-26,4,631,0.0063391442155309,0.00710311351474417,4.62941163305083
Ulster,2020-09-27T00:00:00.000,4,2264,406,92509,92509,2264,2020-09-27,4,406,0.00985221674876847,0.00716375059441312,4.6346428569073
Ulster,2020-09-28T00:00:00.000,8,2272,837,93346,93346,2272,2020-09-28,8,837,0.00955794504181601,0.00722229443103303,9.27474200675509
Ulster,2020-09-29T00:00:00.000,8,2280,516,93862,93862,2280,2020-09-29,8,516,0.0155038759689922,0.00727877951952473,9.27523837728182
Ulster,2020-09-30T00:00:00.000,2,2282,839,94701,94701,2282,2020-09-30,2,839,0.00238379022646007,0.00733333202801991,2.31771605158396
Ulster,2020-10-01T00:00:00.000,11,2293,867,95568,95568,2293,2020-10-01,11,867,0.0126874279123414,0.00738617026101288,12.7349050856747
Ulster,2020-10-02T00:00:00.000,10,2303,720,96288,96288,2303,2020-10-02,10,720,0.0138888888888889,0.00743760378380306,11.5600747952549
Ulster,2020-10-03T00:00:00.000,12,2315,975,97263,97263,2315,2020-10-03,12,975,0.0123076923076923,0.00748803130910595,13.8449942485124
Ulster,2020-10-04T00:00:00.000,9,2324,512,97775,97775,2324,2020-10-04,9,512,0.017578125,0.00753793749354714,10.3587608572842
Ulster,2020-10-05T00:00:00.000,5,2329,508,98283,98283,2329,2020-10-05,5,508,0.00984251968503937,0.00758788883045226,5.73855513635244
Ulster,2020-10-06T00:00:00.000,6,2335,840,99123,99123,2335,2020-10-06,6,840,0.00714285714285714,0.00763852885374581,6.86398071865481
Ulster,2020-10-07T00:00:00.000,8,2343,1182,100305,100305,2343,2020-10-07,8,1182,0.00676818950930626,0.00769057288445789,9.11893843468887
Ulster,2020-10-08T00:00:00.000,6,2349,1100,101405,101405,2349,2020-10-08,6,1100,0.00545454545454545,0.00774480255653282,6.81216479709243
Ulster,2020-10-09T00:00:00.000,6,2355,919,102324,102324,2355,2020-10-09,6,919,0.00652883569096844,0.00780206035259043,6.78245057409274
Ulster,2020-10-10T00:00:00.000,3,2358,1077,103401,103401,2358,2020-10-10,3,1077,0.00278551532033426,0.00786324436373612,3.37544965946679
Ulster,2020-10-11T00:00:00.000,8,2366,985,104386,104386,2366,2020-10-11,8,985,0.00812182741116751,0.00792930346277932,8.95719639696364
Ulster,2020-10-12T00:00:00.000,11,2377,537,104923,104923,2377,2020-10-12,11,537,0.0204841713221601,0.00800123304763036,12.2534161681098
Ulster,2020-10-13T00:00:00.000,9,2386,612,105535,105535,2386,2020-10-13,9,612,0.0147058823529412,0.00808007147533638,9.97272760107883
Ulster,2020-10-14T00:00:00.000,6,2392,1140,106675,106675,2392,2020-10-14,6,1140,0.00526315789473684,0.00816689726658682,6.61817538221856
Ulster,2020-10-15T00:00:00.000,3,2395,921,107596,107596,2395,2020-10-15,3,921,0.00325732899022801,0.00826282711984222,3.2960348592534
Ulster,2020-10-16T00:00:00.000,7,2402,1242,108838,108838,2402,2020-10-16,7,1242,0.00563607085346216,0.00836901473291143,7.67431563485749
Ulster,2020-10-17T00:00:00.000,9,2411,896,109734,109734,2411,2020-10-17,9,896,0.0100446428571429,0.00848665039099661,9.85067048466649
Ulster,2020-10-18T00:00:00.000,4,2415,979,110713,110713,2415,2020-10-18,4,979,0.00408580183861083,0.00861696124349036,4.37182921589716
Ulster,2020-10-19T00:00:00.000,4,2419,773,111486,111486,2419,2020-10-19,4,773,0.00517464424320828,0.00876121215808083,4.36978798540541
Ulster,2020-10-20T00:00:00.000,9,2428,502,111988,111988,2428,2020-10-20,9,502,0.0179282868525896,0.00892070701174202,9.83937871287333
Ulster,2020-10-21T00:00:00.000,8,2436,996,112984,112984,2436,2020-10-21,8,996,0.00803212851405622,0.00909679025159783,8.7531278009305
Ulster,2020-10-22T00:00:00.000,14,2450,947,113931,113931,2450,2020-10-22,14,947,0.0147835269271383,0.00929084853742246,15.3372182974673
Ulster,2020-10-23T00:00:00.000,9,2459,963,114894,114894,2459,2020-10-23,9,963,0.00934579439252336,0.00950431225988706,9.8697624738727
Ulster,2020-10-24T00:00:00.000,12,2471,781,115675,115675,2471,2020-10-24,12,781,0.0153649167733675,0.00973865671537254,13.1701579944266
Ulster,2020-10-25T00:00:00.000,29,2500,545,116220,116220,2500,2020-10-25,29,545,0.0532110091743119,0.00999540271087514,31.8458856874161
Ulster,2020-10-26T00:00:00.000,15,2515,1100,117320,117320,2515,2020-10-26,15,1100,0.0136363636363636,0.0102761163689374,16.4775600795146
Ulster,2020-10-27T00:00:00.000,3,2518,583,117903,117903,2518,2020-10-27,3,583,0.00514579759862779,0.0105824079090352,3.29587789782489
Ulster,2020-10-28T00:00:00.000,13,2531,1156,119059,119059,2531,2020-10-28,13,1156,0.0112456747404844,0.0109159291924671,14.2805527242863
Ulster,2020-10-29T00:00:00.000,7,2538,836,119895,119895,2538,2020-10-29,7,836,0.00837320574162679,0.0112783698431281,7.6870067936612
Ulster,2020-10-30T00:00:00.000,9,2547,1054,120949,120949,2547,2020-10-30,9,1054,0.00853889943074004,0.0116714517898202,9.87796918613639
Ulster,2020-10-31T00:00:00.000,9,2556,1277,122226,122226,2556,2020-10-31,9,1277,0.00704776820673453,0.012096922127939,9.87063333236209
Ulster,2020-11-01T00:00:00.000,3,2559,844,123070,123070,2559,2020-11-01,3,844,0.00355450236966825,0.012556544263608,3.28712323826411
Ulster,2020-11-02T00:00:00.000,9,2568,782,123852,123852,2568,2020-11-02,9,782,0.0115089514066496,0.0130520873924096,9.85027054515707
Ulster,2020-11-03T00:00:00.000,7,2575,782,124634,124634,2575,2020-11-03,7,782,0.00895140664961637,0.0135853144722746,7.65133952400578
Ulster,2020-11-04T00:00:00.000,13,2588,960,125594,125594,2588,2020-11-04,13,960,0.0135416666666667,0.0141579689829802,14.1887429855394
Ulster,2020-11-05T00:00:00.000,11,2599,1074,126668,126668,2599,2020-11-05,11,1074,0.0102420856610801,0.0147717609210343,11.9863375166764
Ulster,2020-11-06T00:00:00.000,8,2607,866,127534,127534,2607,2020-11-06,8,866,0.0092378752886836,0.0154283526572377,8.7019014617148
Ulster,2020-11-07T00:00:00.000,19,2626,1632,129166,129166,2626,2020-11-07,19,1632,0.0116421568627451,0.016129345486769,20.6276820287178
Ulster,2020-11-08T00:00:00.000,21,2647,1262,130428,130428,2647,2020-11-08,21,1262,0.0166402535657686,0.0168762679178892,22.7513347865428
Ulster,2020-11-09T00:00:00.000,23,2670,1130,131558,131558,2670,2020-11-09,23,1130,0.020353982300885,0.0176705669779049,24.8709817410351
Ulster,2020-11-10T00:00:00.000,24,2694,1192,132750,132750,2694,2020-11-10,24,1192,0.0201342281879195,0.0185136040485082,25.949919849831
Ulster,2020-11-11T00:00:00.000,23,2717,1191,133941,133941,2717,2020-11-11,23,1191,0.019311502938707,0.0194066569775523,24.8905548830119
Ulster,2020-11-12T00:00:00.000,21,2738,1167,135108,135108,2738,2020-11-12,21,1167,0.0179948586118252,0.0203509304336093,22.8236290694293
Ulster,2020-11-13T00:00:00.000,30,2768,1752,136860,136860,2768,2020-11-13,30,1752,0.0171232876712329,0.0213475766724358,32.7465850496681
Ulster,2020-11-14T00:00:00.000,20,2788,724,137584,137584,2788,2020-11-14,20,724,0.0276243093922652,0.0223977290631845,21.9263379269692
Ulster,2020-11-15T00:00:00.000,12,2800,1133,138717,138717,2800,2020-11-15,12,1133,0.0105913503971756,0.0235025508712979,13.2133490240618
Ulster,2020-11-16T00:00:00.000,35,2835,1449,140166,140166,2835,2020-11-16,35,1449,0.0241545893719807,0.0246633019261725,38.7073033518612
Ulster,2020-11-17T00:00:00.000,30,2865,1015,141181,141181,2865,2020-11-17,30,1015,0.0295566502463054,0.0258814259214892,33.3220603897897
Ulster,2020-11-18T00:00:00.000,72,2937,1669,142850,142850,2937,2020-11-18,72,1669,0.0431396045536249,0.0271586612300759,80.318895913964
Warren,2020-03-01T00:00:00.000,0,0,0,0,0,0,2020-03-01,0,0,0,0.000517867862055452,0
Warren,2020-03-02T00:00:00.000,0,0,0,0,0,0,2020-03-02,0,0,0,0.000638134156635422,0
Warren,2020-03-03T00:00:00.000,0,0,0,0,0,0,2020-03-03,0,0,0,0.000786274075493247,0
Warren,2020-03-04T00:00:00.000,0,0,0,0,0,0,2020-03-04,0,0,0,0.000968658185926791,0
Warren,2020-03-05T00:00:00.000,0,0,0,0,0,0,2020-03-05,0,0,0,0.00119303348732517,0
Warren,2020-03-06T00:00:00.000,0,0,0,0,0,0,2020-03-06,0,0,0,0.00146878143068613,0
Warren,2020-03-07T00:00:00.000,0,0,1,1,1,0,2020-03-07,0,1,0,0.00180720828214614,0
Warren,2020-03-08T00:00:00.000,0,0,0,1,1,0,2020-03-08,0,0,0,0.00222186551726699,0
Warren,2020-03-09T00:00:00.000,0,0,0,1,1,0,2020-03-09,0,0,0,0.00272889475825787,0
Warren,2020-03-10T00:00:00.000,0,0,2,3,3,0,2020-03-10,0,2,0,0.00334738750044229,0
Warren,2020-03-11T00:00:00.000,0,0,1,4,4,0,2020-03-11,0,1,0,0.00409974438838324,0
Warren,2020-03-12T00:00:00.000,0,0,0,4,4,0,2020-03-12,0,0,0,0.0050120120534802,0
Warren,2020-03-13T00:00:00.000,0,0,2,6,6,0,2020-03-13,0,2,0,0.00611416761275986,0
Warren,2020-03-14T00:00:00.000,0,0,13,19,19,0,2020-03-14,0,13,0,0.00744031216935588,0
Warren,2020-03-15T00:00:00.000,0,0,12,31,31,0,2020-03-15,0,12,0,0.00902872566744243,0
Warren,2020-03-16T00:00:00.000,0,0,14,45,45,0,2020-03-16,0,14,0,0.0109217272305695,0
Warren,2020-03-17T00:00:00.000,1,1,16,61,61,1,2020-03-17,1,16,0.0625,0.0131652790868414,1.05050008332819
Warren,2020-03-18T00:00:00.000,0,1,8,69,69,1,2020-03-18,0,8,0,0.0158082702097751,0
Warren,2020-03-19T00:00:00.000,0,1,17,86,86,1,2020-03-19,0,17,0,0.0189014200783599,0
Warren,2020-03-20T00:00:00.000,0,1,31,117,117,1,2020-03-20,0,31,0,0.0224957557540038,0
Warren,2020-03-21T00:00:00.000,0,1,28,145,145,1,2020-03-21,0,28,0,0.0266406387540976,0
Warren,2020-03-22T00:00:00.000,1,2,81,226,226,2,2020-03-22,1,81,0.0123456790123457,0.0313813530192541,1.04661154129367
Warren,2020-03-23T00:00:00.000,0,2,8,234,234,2,2020-03-23,0,8,0,0.0367563110967131,0
Warren,2020-03-24T00:00:00.000,0,2,52,286,286,2,2020-03-24,0,52,0,0.0427939897030217,0
Warren,2020-03-25T00:00:00.000,0,2,16,302,302,2,2020-03-25,0,16,0,0.0495097626435386,0
Warren,2020-03-26T00:00:00.000,6,8,54,356,356,8,2020-03-26,6,54,0.111111111111111,0.0569028506492817,6.4787237399179
Warren,2020-03-27T00:00:00.000,5,13,59,415,415,13,2020-03-27,5,59,0.0847457627118644,0.0649536443297338,5.47074813148669
Warren,2020-03-28T00:00:00.000,5,18,38,453,453,18,2020-03-28,5,38,0.131578947368421,0.0736216683641878,5.51550855640412
Warren,2020-03-29T00:00:00.000,0,18,3,456,456,18,2020-03-29,0,3,0,0.0828444347429108,0
Warren,2020-03-30T00:00:00.000,0,18,6,462,462,18,2020-03-30,0,6,0,0.0925373773744618,0
Warren,2020-03-31T00:00:00.000,0,18,7,469,469,18,2020-03-31,0,7,0,0.102594973179662,0
Warren,2020-04-01T00:00:00.000,0,18,9,478,478,18,2020-04-01,0,9,0,0.112893046086895,0
Warren,2020-04-02T00:00:00.000,1,19,11,489,489,19,2020-04-02,1,11,0.0909090909090909,0.123292135712058,1.1504374237307
Warren,2020-04-03T00:00:00.000,1,20,7,496,496,20,2020-04-03,1,7,0.142857142857143,0.133641709803728,1.16139494431085
Warren,2020-04-04T00:00:00.000,5,25,13,509,509,25,2020-04-04,5,13,0.384615384615385,0.143784925000107,5.85625312578888
Warren,2020-04-05T00:00:00.000,1,26,12,521,521,26,2020-04-05,1,12,0.0833333333333333,0.153563604938082,1.1799221312965
Warren,2020-04-06T00:00:00.000,5,31,15,536,536,31,2020-04-06,5,15,0.333333333333333,0.162823111539428,5.93785342914386
Warren,2020-04-07T00:00:00.000,2,33,14,550,550,33,2020-04-07,2,14,0.142857142857143,0.171416829719999,2.38857371306658
Warren,2020-04-08T00:00:00.000,7,40,31,581,581,40,2020-04-08,7,31,0.225806451612903,0.1792100569134,8.40170562886825
Warren,2020-04-09T00:00:00.000,3,43,21,602,602,43,2020-04-09,3,21,0.142857142857143,0.186083172567283,3.62411474808525
Warren,2020-04-10T00:00:00.000,1,44,17,619,619,44,2020-04-10,1,17,0.0588235294117647,0.191934045096831,1.21461330018724
Warren,2020-04-11T00:00:00.000,2,46,20,639,639,46,2020-04-11,2,20,0.1,0.196679703206959,2.44018655006701
Warren,2020-04-12T00:00:00.000,2,48,18,657,657,48,2020-04-12,2,18,0.111111111111111,0.200257348012048,2.44917112091585
Warren,2020-04-13T00:00:00.000,29,77,67,724,724,77,2020-04-13,29,67,0.432835820895522,0.20262480922022,35.6202559588475
Warren,2020-04-14T00:00:00.000,0,77,7,731,731,77,2020-04-14,0,7,0,0.203760554262501,0
Warren,2020-04-15T00:00:00.000,4,81,35,766,766,81,2020-04-15,4,35,0.114285714285714,0.203663347527416,4.94759561940744
Warren,2020-04-16T00:00:00.000,10,91,41,807,807,91,2020-04-16,10,41,0.24390243902439,0.202351633490585,12.4041724569687
Warren,2020-04-17T00:00:00.000,3,94,38,845,845,94,2020-04-17,3,38,0.0789473684210526,0.199862688378599,3.73126465575885
Warren,2020-04-18T00:00:00.000,2,96,27,872,872,96,2020-04-18,2,27,0.0740740740740741,0.19625155582302,2.49856976317352
Warren,2020-04-19T00:00:00.000,5,101,20,892,892,101,2020-04-19,5,20,0.25,0.191589757587028,6.27137695233233
Warren,2020-04-20T00:00:00.000,1,102,13,905,905,102,2020-04-20,1,13,0.0769230769230769,0.185963754608589,1.25870967347278
Warren,2020-04-21T00:00:00.000,6,108,33,938,938,108,2020-04-21,6,33,0.181818181818182,0.179473128850766,7.57541996178908
Warren,2020-04-22T00:00:00.000,11,119,40,978,978,119,2020-04-22,11,40,0.275,0.17222846369781,13.92422136657
Warren,2020-04-23T00:00:00.000,3,122,38,1016,1016,122,2020-04-23,3,38,0.0789473684210526,0.164348919339418,3.8054910243694
Warren,2020-04-24T00:00:00.000,10,132,94,1110,1110,132,2020-04-24,10,94,0.106382978723404,0.155959527505833,12.7052971849342
Warren,2020-04-25T00:00:00.000,3,135,61,1171,1171,135,2020-04-25,3,61,0.0491803278688525,0.147188263217863,3.81576615593026
Warren,2020-04-26T00:00:00.000,12,147,60,1231,1231,147,2020-04-26,12,60,0.2,0.138162985053439,15.2719482858711
Warren,2020-04-27T00:00:00.000,3,150,25,1256,1256,150,2020-04-27,3,25,0.12,0.129008364280389,3.81822715482035
Warren,2020-04-28T00:00:00.000,2,152,12,1268,1268,152,2020-04-28,2,12,0.166666666666667,0.119842942075349,2.54396206221172
Warren,2020-04-29T00:00:00.000,24,176,105,1373,1373,176,2020-04-29,24,105,0.228571428571429,0.110776459067891,30.4917553001483
Warren,2020-04-30T00:00:00.000,6,182,94,1467,1467,182,2020-04-30,6,94,0.0638297872340425,0.101907590931896,7.61001411034596
Warren,2020-05-01T00:00:00.000,3,185,66,1533,1533,185,2020-05-01,3,66,0.0454545454545455,0.0933221984116243,3.79659065973546
Warren,2020-05-02T00:00:00.000,3,188,43,1576,1576,188,2020-05-02,3,43,0.0697674418604651,0.0850921631023398,3.78626973368907
Warren,2020-05-03T00:00:00.000,4,192,53,1629,1629,192,2020-05-03,4,53,0.0754716981132075,0.0772748364639402,5.04013786237613
Warren,2020-05-04T00:00:00.000,0,192,34,1663,1663,192,2020-05-04,0,34,0,0.0699130846669364,0
Warren,2020-05-05T00:00:00.000,1,193,22,1685,1685,193,2020-05-05,1,22,0.0454545454545455,0.0630358715112264,1.25979516185237
Warren,2020-05-06T00:00:00.000,0,193,44,1729,1729,193,2020-05-06,0,44,0,0.0566592902348796,0
Warren,2020-05-07T00:00:00.000,6,199,72,1801,1801,199,2020-05-07,6,72,0.0833333333333333,0.0507879351179849,7.5161512300973
Warren,2020-05-08T00:00:00.000,3,202,97,1898,1898,202,2020-05-08,3,97,0.0309278350515464,0.0454164960957869,3.73759884322795
Warren,2020-05-09T00:00:00.000,5,207,149,2047,2047,207,2020-05-09,5,149,0.0335570469798658,0.0405314630256652,6.19091692321052
Warren,2020-05-10T00:00:00.000,10,217,90,2137,2137,217,2020-05-10,10,90,0.111111111111111,0.0361128384903787,12.3014090095297
Warren,2020-05-11T00:00:00.000,4,221,40,2177,2177,221,2020-05-11,4,40,0.1,0.0321357761107111,4.90267204169353
Warren,2020-05-12T00:00:00.000,2,223,127,2304,2304,223,2020-05-12,2,127,0.015748031496063,0.0285720822643171,2.44359323447725
Warren,2020-05-13T00:00:00.000,4,227,192,2496,2496,227,2020-05-13,4,192,0.0208333333333333,0.0253915402208588,4.87038015717204
Warren,2020-05-14T00:00:00.000,1,228,137,2633,2633,228,2020-05-14,1,137,0.0072992700729927,0.0225630350119424,1.21307925618247
Warren,2020-05-15T00:00:00.000,0,228,116,2749,2749,228,2020-05-15,0,116,0,0.0200554735853921,0
Warren,2020-05-16T00:00:00.000,4,232,205,2954,2954,232,2020-05-16,4,205,0.0195121951219512,0.0178385073441997,4.82438529511391
Warren,2020-05-17T00:00:00.000,2,234,130,3084,3084,234,2020-05-17,2,130,0.0153846153846154,0.015883073002592,2.40934131112143
Warren,2020-05-18T00:00:00.000,1,235,52,3136,3136,235,2020-05-18,1,52,0.0192307692307692,0.0141617731243928,1.20260303936793
Warren,2020-05-19T00:00:00.000,0,235,102,3238,3238,235,2020-05-19,0,102,0,0.0126491203099281,0
Warren,2020-05-20T00:00:00.000,6,241,213,3451,3451,241,2020-05-20,6,213,0.028169014084507,0.0113216693930482,7.23153096607845
Warren,2020-05-21T00:00:00.000,5,246,234,3685,3685,246,2020-05-21,5,234,0.0213675213675214,0.0101580608458528,6.0290255159303
Warren,2020-05-22T00:00:00.000,3,249,114,3799,3799,249,2020-05-22,3,114,0.0263157894736842,0.00913899641645505,3.61571308285456
Warren,2020-05-23T00:00:00.000,1,250,159,3958,3958,250,2020-05-23,1,159,0.00628930817610063,0.00824716530891069,1.19980889875136
Warren,2020-05-24T00:00:00.000,1,251,65,4023,4023,251,2020-05-24,1,65,0.0153846153846154,0.00746713630604031,1.19362564173871
Warren,2020-05-25T00:00:00.000,0,251,56,4079,4079,251,2020-05-25,0,56,0,0.00678522837877075,0
Warren,2020-05-26T00:00:00.000,1,252,111,4190,4190,252,2020-05-26,1,111,0.00900900900900901,0.0061893696864262,1.17877965010421
Warren,2020-05-27T00:00:00.000,1,253,116,4306,4306,253,2020-05-27,1,116,0.00862068965517241,0.00566895253459969,1.17032261017413
Warren,2020-05-28T00:00:00.000,1,254,205,4511,4511,254,2020-05-28,1,205,0.0048780487804878,0.00521468986480971,1.16133677552654
Warren,2020-05-29T00:00:00.000,1,255,235,4746,4746,255,2020-05-29,1,235,0.00425531914893617,0.00481847720108112,1.15189239937551
Warren,2020-05-30T00:00:00.000,0,255,255,5001,5001,255,2020-05-30,0,255,0,0.00447326265332608,0
Warren,2020-05-31T00:00:00.000,0,255,112,5113,5113,255,2020-05-31,0,112,0,0.00417292654063244,0
Warren,2020-06-01T00:00:00.000,0,255,139,5252,5252,255,2020-06-01,0,139,0,0.00391217140954145,0
Warren,2020-06-02T00:00:00.000,1,256,156,5408,5408,256,2020-06-02,1,156,0.00641025641025641,0.00368642264019195,1.11918894712564
Warren,2020-06-03T00:00:00.000,0,256,344,5752,5752,256,2020-06-03,0,344,0,0.00349173941916066,0
Warren,2020-06-04T00:00:00.000,0,256,235,5987,5987,256,2020-06-04,0,235,0,0.00332473557588295,0
Warren,2020-06-05T00:00:00.000,1,257,137,6124,6124,257,2020-06-05,1,137,0.0072992700729927,0.00318250959864255,1.09996136676629
Warren,2020-06-06T00:00:00.000,0,257,256,6380,6380,257,2020-06-06,0,256,0,0.00306258304199621,0
Warren,2020-06-07T00:00:00.000,0,257,204,6584,6584,257,2020-06-07,0,204,0,0.00296284648849543,0
Warren,2020-06-08T00:00:00.000,0,257,12,6596,6596,257,2020-06-08,0,12,0,0.00288151221721727,0
Warren,2020-06-09T00:00:00.000,0,257,189,6785,6785,257,2020-06-09,0,189,0,0.00281707274730299,0
Warren,2020-06-10T00:00:00.000,0,257,234,7019,7019,257,2020-06-10,0,234,0,0.00276826445709411,0
Warren,2020-06-11T00:00:00.000,0,257,344,7363,7363,257,2020-06-11,0,344,0,0.00273403552100349,0
Warren,2020-06-12T00:00:00.000,0,257,135,7498,7498,257,2020-06-12,0,135,0,0.00271351745260309,0
Warren,2020-06-13T00:00:00.000,0,257,86,7584,7584,257,2020-06-13,0,86,0,0.0027059995906781,0
Warren,2020-06-14T00:00:00.000,0,257,195,7779,7779,257,2020-06-14,0,195,0,0.00271090591344005,0
Warren,2020-06-15T00:00:00.000,0,257,62,7841,7841,257,2020-06-15,0,62,0,0.00272777361479557,0
Warren,2020-06-16T00:00:00.000,0,257,177,8018,8018,257,2020-06-16,0,177,0,0.00275623292602187,0
Warren,2020-06-17T00:00:00.000,1,258,225,8243,8243,258,2020-06-17,1,225,0.00444444444444444,0.00279598771826097,1.09782407065209
Warren,2020-06-18T00:00:00.000,3,261,193,8436,8436,261,2020-06-18,3,193,0.0155440414507772,0.00284679647807009,3.30033688764742
Warren,2020-06-19T00:00:00.000,0,261,175,8611,8611,261,2020-06-19,0,175,0,0.00290845331227544,0
Warren,2020-06-20T00:00:00.000,0,261,155,8766,8766,261,2020-06-20,0,155,0,0.00298076871283077,0
Warren,2020-06-21T00:00:00.000,1,262,141,8907,8907,262,2020-06-21,1,141,0.00709219858156028,0.00306354989951184,1.10719259845377
Warren,2020-06-22T00:00:00.000,0,262,62,8969,8969,262,2020-06-22,0,62,0,0.00315658066055046,0
Warren,2020-06-23T00:00:00.000,0,262,177,9146,9146,262,2020-06-23,0,177,0,0.00325960072980074,0
Warren,2020-06-24T00:00:00.000,1,263,138,9284,9284,263,2020-06-24,1,138,0.0072463768115942,0.00337228487385977,1.11407817010256
Warren,2020-06-25T00:00:00.000,0,263,101,9385,9385,263,2020-06-25,0,101,0,0.00349422201061386,0
Warren,2020-06-26T00:00:00.000,0,263,210,9595,9595,263,2020-06-26,0,210,0,0.00362489483921888,0
Warren,2020-06-27T00:00:00.000,0,263,153,9748,9748,263,2020-06-27,0,153,0,0.00376366062078862,0
Warren,2020-06-28T00:00:00.000,0,263,144,9892,9892,263,2020-06-28,0,144,0,0.0039097339010013,0
Warren,2020-06-29T00:00:00.000,0,263,51,9943,9943,263,2020-06-29,0,51,0,0.00406217209612694,0
Warren,2020-06-30T00:00:00.000,0,263,137,10080,10080,263,2020-06-30,0,137,0,0.00421986495763432,0
Warren,2020-07-01T00:00:00.000,1,264,174,10254,10254,264,2020-07-01,1,174,0.00574712643678161,0.00438152897183481,1.12505056952352
Warren,2020-07-02T00:00:00.000,2,266,117,10371,10371,266,2020-07-02,2,117,0.0170940170940171,0.00454570772341143,2.25119837196272
Warren,2020-07-03T00:00:00.000,2,268,134,10505,10505,268,2020-07-03,2,134,0.0149253731343284,0.00471077914166472,2.24857840548745
Warren,2020-07-04T00:00:00.000,1,269,131,10636,10636,269,2020-07-04,1,131,0.00763358778625954,0.00487497034791074,1.1256520767059
Warren,2020-07-05T00:00:00.000,3,272,164,10800,10800,272,2020-07-05,3,164,0.0182926829268293,0.0050363805277739,3.37535295100485
Warren,2020-07-06T00:00:00.000,1,273,62,10862,10862,273,2020-07-06,1,62,0.0161290322580645,0.00519301187149674,1.12438726600873
Warren,2020-07-07T00:00:00.000,0,273,193,11055,11055,273,2020-07-07,0,193,0,0.00534280817406159,0
Warren,2020-07-08T00:00:00.000,0,273,133,11188,11188,273,2020-07-08,0,133,0,0.00548370019168501,0
Warren,2020-07-09T00:00:00.000,1,274,247,11435,11435,274,2020-07-09,1,247,0.00404858299595142,0.00561365634835189,1.12496292888467
Warren,2020-07-10T00:00:00.000,0,274,157,11592,11592,274,2020-07-10,0,157,0,0.00573073691618466,0
Warren,2020-07-11T00:00:00.000,3,277,264,11856,11856,277,2020-07-11,3,264,0.0113636363636364,0.00583314940269501,3.36863525544495
Warren,2020-07-12T00:00:00.000,3,280,219,12075,12075,280,2020-07-12,3,219,0.0136986301369863,0.00591930260836821,3.3634160416137
Warren,2020-07-13T00:00:00.000,0,280,77,12152,12152,280,2020-07-13,0,77,0,0.00598785670434016,0
Warren,2020-07-14T00:00:00.000,4,284,194,12346,12346,284,2020-07-14,4,194,0.0206185567010309,0.00603776674772357,4.4652492024756
Warren,2020-07-15T00:00:00.000,1,285,85,12431,12431,285,2020-07-15,1,85,0.0117647058823529,0.00606831730575927,1.11325600728823
Warren,2020-07-16T00:00:00.000,1,286,220,12651,12651,286,2020-07-16,1,220,0.00454545454545455,0.00607914629255181,1.10979705620596
Warren,2020-07-17T00:00:00.000,0,286,302,12953,12953,286,2020-07-17,0,302,0,0.00607025670223657,0
Warren,2020-07-18T00:00:00.000,1,287,192,13145,13145,287,2020-07-18,1,192,0.00520833333333333,0.00604201560829503,1.10785301117394
Warren,2020-07-19T00:00:00.000,0,287,135,13280,13280,287,2020-07-19,0,135,0,0.00599514053392437,0
Warren,2020-07-20T00:00:00.000,1,288,199,13479,13479,288,2020-07-20,1,199,0.0050251256281407,0.00593067402325391,1.10612927328353
Warren,2020-07-21T00:00:00.000,0,288,265,13744,13744,288,2020-07-21,0,265,0,0.00584994789731786,0
Warren,2020-07-22T00:00:00.000,2,290,215,13959,13959,290,2020-07-22,2,215,0.00930232558139535,0.00575453921314323,2.20177579479815
Warren,2020-07-23T00:00:00.000,2,292,234,14193,14193,292,2020-07-23,2,234,0.00854700854700855,0.00564622031685457,2.19428803234077
Warren,2020-07-24T00:00:00.000,1,293,340,14533,14533,293,2020-07-24,1,340,0.00294117647058824,0.00552690557522586,1.09734987680753
Warren,2020-07-25T00:00:00.000,1,294,375,14908,14908,294,2020-07-25,1,375,0.00266666666666667,0.00539859737709161,1.09686241085705
Warren,2020-07-26T00:00:00.000,0,294,268,15176,15176,294,2020-07-26,0,268,0,0.00526333383249236,0
Warren,2020-07-27T00:00:00.000,4,298,141,15317,15317,298,2020-07-27,4,141,0.0283687943262411,0.00512314029066364,4.37127585233244
Warren,2020-07-28T00:00:00.000,0,298,166,15483,15483,298,2020-07-28,0,166,0,0.00497998638567629,0
Warren,2020-07-29T00:00:00.000,0,298,129,15612,15612,298,2020-07-29,0,129,0,0.00483574984414163,0
Warren,2020-07-30T00:00:00.000,2,300,228,15840,15840,300,2020-07-30,2,228,0.0087719298245614,0.00469218779703792,2.16082177695574
Warren,2020-07-31T00:00:00.000,0,300,238,16078,16078,300,2020-07-31,0,238,0,0.00455091586408017,0
Warren,2020-08-01T00:00:00.000,0,300,159,16237,16237,300,2020-08-01,0,159,0,0.00441339485899402,0
Warren,2020-08-02T00:00:00.000,0,300,151,16388,16388,300,2020-08-02,0,151,0,0.00428092461650333,0
Warren,2020-08-03T00:00:00.000,2,302,353,16741,16741,302,2020-08-03,2,353,0.0056657223796034,0.00415464418106328,2.12614066980402
Warren,2020-08-04T00:00:00.000,2,304,201,16942,16942,304,2020-08-04,2,201,0.00995024875621891,0.00403553742576489,2.11600977384503
Warren,2020-08-05T00:00:00.000,0,304,108,17050,17050,304,2020-08-05,0,108,0,0.0039244430820665,0
Warren,2020-08-06T00:00:00.000,3,307,270,17320,17320,307,2020-08-06,3,270,0.0111111111111111,0.00382206814636807,3.15109913965737
Warren,2020-08-07T00:00:00.000,1,308,150,17470,17470,308,2020-08-07,1,150,0.00666666666666667,0.00372900367464927,1.0497505388671
Warren,2020-08-08T00:00:00.000,0,308,211,17681,17681,308,2020-08-08,0,211,0,0.00364574206368539,0
Warren,2020-08-09T00:00:00.000,4,312,206,17887,17887,312,2020-08-09,4,206,0.0194174757281553,0.00357269503212664,4.19413571527608
Warren,2020-08-10T00:00:00.000,0,312,148,18035,18035,312,2020-08-10,0,148,0,0.00351021164276139,0
Warren,2020-08-11T00:00:00.000,0,312,155,18190,18190,312,2020-08-11,0,155,0,0.00345859583500502,0
Warren,2020-08-12T00:00:00.000,0,312,322,18512,18512,312,2020-08-12,0,322,0,0.00341812305619434,0
Warren,2020-08-13T00:00:00.000,0,312,301,18813,18813,312,2020-08-13,0,301,0,0.00338905568385858,0
Warren,2020-08-14T00:00:00.000,0,312,283,19096,19096,312,2020-08-14,0,283,0,0.00337165701440048,0
Warren,2020-08-15T00:00:00.000,0,312,223,19319,19319,312,2020-08-15,0,223,0,0.00336620365461202,0
Warren,2020-08-16T00:00:00.000,0,312,188,19507,19507,312,2020-08-16,0,188,0,0.00337299619109035,0
Warren,2020-08-17T00:00:00.000,1,313,209,19716,19716,313,2020-08-17,1,209,0.00478468899521531,0.00339236802814401,1.05369393318365
Warren,2020-08-18T00:00:00.000,0,313,135,19851,19851,313,2020-08-18,0,135,0,0.00342469228120175,0
Warren,2020-08-19T00:00:00.000,0,313,174,20025,20025,313,2020-08-19,0,174,0,0.00347038659089663,0
Warren,2020-08-20T00:00:00.000,1,314,202,20227,20227,314,2020-08-20,1,202,0.00495049504950495,0.00352991568651704,1.05994625117434
Warren,2020-08-21T00:00:00.000,1,315,260,20487,20487,315,2020-08-21,1,260,0.00384615384615385,0.00360379148104063,1.06241943155133
Warren,2020-08-22T00:00:00.000,0,315,192,20679,20679,315,2020-08-22,0,192,0,0.00369257042724555,0
Warren,2020-08-23T00:00:00.000,0,315,147,20826,20826,315,2020-08-23,0,147,0,0.00379684781037546,0
Warren,2020-08-24T00:00:00.000,1,316,163,20989,20989,316,2020-08-24,1,163,0.00613496932515337,0.00391724860617945,1.07468444439103
Warren,2020-08-25T00:00:00.000,0,316,95,21084,21084,316,2020-08-25,0,95,0,0.00405441449835721,0
Warren,2020-08-26T00:00:00.000,2,318,172,21256,21256,318,2020-08-26,2,172,0.0116279069767442,0.00420898663856771,2.16505713827979
Warren,2020-08-27T00:00:00.000,2,320,180,21436,21436,320,2020-08-27,2,180,0.0111111111111111,0.00438158375298771,2.17157292380307
Warren,2020-08-28T00:00:00.000,1,321,353,21789,21789,321,2020-08-28,1,353,0.0028328611898017,0.00457277526481711,1.09163462177057
Warren,2020-08-29T00:00:00.000,0,321,155,21944,21944,321,2020-08-29,0,155,0,0.00478304922161677,0
Warren,2020-08-30T00:00:00.000,0,321,144,22088,22088,321,2020-08-30,0,144,0,0.00501277500282055,0
Warren,2020-08-31T00:00:00.000,1,322,158,22246,22246,322,2020-08-31,1,158,0.00632911392405063,0.00526216104182281,1.11558038324564
Warren,2020-09-01T00:00:00.000,0,322,281,22527,22527,322,2020-09-01,0,281,0,0.00553120813550973,0
Warren,2020-09-02T00:00:00.000,1,323,164,22691,22691,323,2020-09-02,1,164,0.00609756097560976,0.00581965932804619,1.13217138319894
Warren,2020-09-03T00:00:00.000,1,324,190,22881,22881,324,2020-09-03,1,190,0.00526315789473684,0.00612694783604022,1.14049424682552
Warren,2020-09-04T00:00:00.000,1,325,134,23015,23015,325,2020-09-04,1,134,0.00746268656716418,0.00645214500592952,1.14875480691421
Warren,2020-09-05T00:00:00.000,1,326,199,23214,23214,326,2020-09-05,1,199,0.0050251256281407,0.00679391082985469,1.15688823594865
Warren,2020-09-06T00:00:00.000,0,326,115,23329,23329,326,2020-09-06,0,115,0,0.00715045004552179,0
Warren,2020-09-07T00:00:00.000,5,331,203,23532,23532,331,2020-09-07,5,203,0.0246305418719212,0.00751947725266484,5.86229063244797
Warren,2020-09-08T00:00:00.000,0,331,203,23735,23735,331,2020-09-08,0,203,0,0.00789819472716103,0
Warren,2020-09-09T00:00:00.000,1,332,131,23866,23866,332,2020-09-09,1,131,0.00763358778625954,0.00828328663864183,1.18623169518624
Warren,2020-09-10T00:00:00.000,9,341,274,24140,24140,341,2020-09-10,9,274,0.0328467153284672,0.00867093311447521,10.7314426310258
Warren,2020-09-11T00:00:00.000,7,348,244,24384,24384,348,2020-09-11,7,244,0.0286885245901639,0.00905684700061681,8.39704691849076
Warren,2020-09-12T00:00:00.000,0,348,230,24614,24614,348,2020-09-12,0,230,0,0.00943633522507285,0
Warren,2020-09-13T00:00:00.000,0,348,188,24802,24802,348,2020-09-13,0,188,0,0.00980438539054366,0
Warren,2020-09-14T00:00:00.000,0,348,105,24907,24907,348,2020-09-14,0,105,0,0.0101557766626276,0
Warren,2020-09-15T00:00:00.000,3,351,174,25081,25081,351,2020-09-15,3,174,0.0172413793103448,0.0104852122802652,3.67636893163673
Warren,2020-09-16T00:00:00.000,1,352,177,25258,25258,352,2020-09-16,1,177,0.00564971751412429,0.0107874692290172,1.22989208283008
Warren,2020-09-17T00:00:00.000,2,354,230,25488,25488,354,2020-09-17,2,230,0.00869565217391304,0.0110575589515462,2.46676063464936
Warren,2020-09-18T00:00:00.000,2,356,221,25709,25709,356,2020-09-18,2,221,0.00904977375565611,0.0112908915961218,2.47172460389322
Warren,2020-09-19T00:00:00.000,4,360,314,26023,26023,360,2020-09-19,4,314,0.0127388535031847,0.0114834353864157,4.94440684676981
Warren,2020-09-20T00:00:00.000,3,363,196,26219,26219,363,2020-09-20,3,196,0.0153061224489796,0.0116318623699717,3.70419297125922
Warren,2020-09-21T00:00:00.000,0,363,547,26766,26766,363,2020-09-21,0,547,0,0.011733672142137,0
Warren,2020-09-22T00:00:00.000,3,366,258,27024,27024,366,2020-09-22,3,258,0.0116279069767442,0.011787286170337,3.6858239426122
Warren,2020-09-23T00:00:00.000,3,369,278,27302,27302,369,2020-09-23,3,278,0.0107913669064748,0.0117921069916771,3.67159811148586
Warren,2020-09-24T00:00:00.000,2,371,322,27624,27624,371,2020-09-24,2,322,0.0062111801242236,0.0117485387047117,2.43605587993341
Warren,2020-09-25T00:00:00.000,6,377,284,27908,27908,377,2020-09-25,6,284,0.0211267605633803,0.0116579676355099,7.29110173437591
Warren,2020-09-26T00:00:00.000,4,381,453,28361,28361,381,2020-09-26,4,453,0.00883002207505519,0.0115227046071772,4.85888215443009
Warren,2020-09-27T00:00:00.000,2,383,206,28567,28567,383,2020-09-27,2,206,0.00970873786407767,0.0113458926536031,2.42636481103572
Warren,2020-09-28T00:00:00.000,3,386,232,28799,28799,386,2020-09-28,3,232,0.0129310344827586,0.0111313860767325,3.63178818278044
Warren,2020-09-29T00:00:00.000,5,391,283,29082,29082,391,2020-09-29,5,283,0.0176678445229682,0.0108836082806838,6.03498967073267
Warren,2020-09-30T00:00:00.000,0,391,344,29426,29426,391,2020-09-30,0,344,0,0.0106073967182348,0
Warren,2020-10-01T00:00:00.000,4,395,278,29704,29704,395,2020-10-01,4,278,0.0143884892086331,0.0103078435107452,4.78782059858927
Warren,2020-10-02T00:00:00.000,12,407,519,30223,30223,407,2020-10-02,12,519,0.023121387283237,0.00999013988546257,14.287483542171
Warren,2020-10-03T00:00:00.000,6,413,269,30492,30492,413,2020-10-03,6,269,0.0223048327137546,0.00965943160510326,7.10102719721506
Warren,2020-10-04T00:00:00.000,3,416,182,30674,30674,416,2020-10-04,3,182,0.0164835164835165,0.00932069117995884,3.52700528983772
Warren,2020-10-05T00:00:00.000,3,419,296,30970,30970,419,2020-10-05,3,296,0.0101351351351351,0.00897861101749441,3.50156851717485
Warren,2020-10-06T00:00:00.000,6,425,411,31381,31381,425,2020-10-06,6,411,0.0145985401459854,0.00863751994522375,6.94886683061585
Warren,2020-10-07T00:00:00.000,2,427,356,31737,31737,427,2020-10-07,2,356,0.00561797752808989,0.00830132389165343,2.29722301663781
Warren,2020-10-08T00:00:00.000,2,429,463,32200,32200,429,2020-10-08,2,463,0.00431965442764579,0.00797347005177114,2.27733852307864
Warren,2020-10-09T00:00:00.000,0,429,361,32561,32561,429,2020-10-09,0,361,0,0.0076569326832969,0
Warren,2020-10-10T00:00:00.000,0,429,542,33103,33103,429,2020-10-10,0,542,0,0.00735421782253448,0
Warren,2020-10-11T00:00:00.000,1,430,234,33337,33337,430,2020-10-11,1,234,0.00427350427350427,0.0070673836826801,1.10683904961065
Warren,2020-10-12T00:00:00.000,1,431,332,33669,33669,431,2020-10-12,1,332,0.00301204819277108,0.00679807327715442,1.09594154598627
Warren,2020-10-13T00:00:00.000,1,432,223,33892,33892,432,2020-10-13,1,223,0.00448430493273543,0.00654755585269751,1.08502026148878
Warren,2020-10-14T00:00:00.000,2,434,334,34226,34226,434,2020-10-14,2,334,0.00598802395209581,0.00631677395953464,2.15011080406769
Warren,2020-10-15T00:00:00.000,3,437,358,34584,34584,437,2020-10-15,3,358,0.00837988826815642,0.00610639336906041,3.19784498339254
Warren,2020-10-16T00:00:00.000,0,437,443,35027,35027,437,2020-10-16,0,443,0,0.00591685351064695,0
Warren,2020-10-17T00:00:00.000,1,438,280,35307,35307,438,2020-10-17,1,280,0.00357142857142857,0.00574841658857416,1.05269964018435
Warren,2020-10-18T00:00:00.000,0,438,293,35600,35600,438,2020-10-18,0,293,0,0.00560121401471406,0
Warren,2020-10-19T00:00:00.000,1,439,276,35876,35876,439,2020-10-19,1,276,0.0036231884057971,0.00547528922322636,1.04228061778848
Warren,2020-10-20T00:00:00.000,2,441,204,36080,36080,441,2020-10-20,2,204,0.00980392156862745,0.00537063630254972,2.07834580704718
Warren,2020-10-21T00:00:00.000,3,444,393,36473,36473,444,2020-10-21,3,393,0.00763358778625954,0.00528723417585597,3.1090562084427
Warren,2020-10-22T00:00:00.000,1,445,355,36828,36828,445,2020-10-22,1,355,0.0028169014084507,0.00522507628496135,1.03424228246456
Warren,2020-10-23T00:00:00.000,3,448,612,37440,37440,448,2020-10-23,3,612,0.00490196078431373,0.00518419588649114,3.09643178598761
Warren,2020-10-24T00:00:00.000,2,450,263,37703,37703,450,2020-10-24,2,263,0.00760456273764259,0.00516468716114929,2.06012812357606
Warren,2020-10-25T00:00:00.000,2,452,229,37932,37932,452,2020-10-25,2,229,0.00873362445414847,0.00516672237760607,2.05601752711323
Warren,2020-10-26T00:00:00.000,5,457,359,38291,38291,457,2020-10-26,5,359,0.0139275766016713,0.0051905653502465,5.1299155305379
Warren,2020-10-27T00:00:00.000,2,459,285,38576,38576,459,2020-10-27,2,285,0.00701754385964912,0.0052365813993805,2.04798226330568
Warren,2020-10-28T00:00:00.000,2,461,278,38854,38854,461,2020-10-28,2,278,0.00719424460431655,0.00530524396884784,2.04407169951562
Warren,2020-10-29T00:00:00.000,0,461,379,39233,39233,461,2020-10-29,0,379,0,0.00539713799566695,0
Warren,2020-10-30T00:00:00.000,6,467,490,39723,39723,467,2020-10-30,6,490,0.0122448979591837,0.00551296006349089,6.1094540758245
Warren,2020-10-31T00:00:00.000,1,468,348,40071,40071,468,2020-10-31,1,348,0.0028735632183908,0.00565351532193374,1.01640520112483
Warren,2020-11-01T00:00:00.000,1,469,222,40293,40293,469,2020-11-01,1,222,0.0045045045045045,0.00581971112221479,1.01460701680435
Warren,2020-11-02T00:00:00.000,1,470,291,40584,40584,470,2020-11-02,1,291,0.00343642611683849,0.00601254732193347,1.01284619965588
Warren,2020-11-03T00:00:00.000,1,471,264,40848,40848,471,2020-11-03,1,264,0.00378787878787879,0.0062331032541541,1.01112045551591
Warren,2020-11-04T00:00:00.000,3,474,409,41257,41257,474,2020-11-04,3,409,0.00733496332518337,0.00648252145261202,3.02828067429207
Warren,2020-11-05T00:00:00.000,1,475,276,41533,41533,475,2020-11-05,1,276,0.0036231884057971,0.00676198838399549,1.0077621258122
Warren,2020-11-06T00:00:00.000,5,480,344,41877,41877,480,2020-11-06,5,344,0.0145348837209302,0.00707271266778015,5.03061202097129
Warren,2020-11-07T00:00:00.000,3,483,487,42364,42364,483,2020-11-07,3,487,0.00616016427104723,0.00741590157152753,3.01351115377744
Warren,2020-11-08T00:00:00.000,2,485,139,42503,42503,485,2020-11-08,2,139,0.0143884892086331,0.00779273695168602,2.00566752485701
Warren,2020-11-09T00:00:00.000,2,487,392,42895,42895,487,2020-11-09,2,392,0.00510204081632653,0.0082043522661954,2.00297011620921
Warren,2020-11-10T00:00:00.000,6,493,484,43379,43379,493,2020-11-10,6,484,0.012396694214876,0.00865181279836669,6.01225848236717
Warren,2020-11-11T00:00:00.000,2,495,279,43658,43658,495,2020-11-11,2,279,0.00716845878136201,0.00913610178686021,2.00732529831165
Warren,2020-11-12T00:00:00.000,8,503,440,44098,44098,503,2020-11-12,8,440,0.0181818181818182,0.00965811572228178,8.07023546485732
Warren,2020-11-13T00:00:00.000,4,507,521,44619,44619,507,2020-11-13,4,521,0.00767754318618042,0.0102186726204383,4.0561064440331
Warren,2020-11-14T00:00:00.000,0,507,207,44826,44826,507,2020-11-14,0,207,0,0.0108185375838155,0
Warren,2020-11-15T00:00:00.000,0,507,121,44947,44947,507,2020-11-15,0,121,0,0.0114584703903751,0
Warren,2020-11-16T00:00:00.000,8,515,482,45429,45429,515,2020-11-16,8,482,0.016597510373444,0.0121393001997164,8.24193342059536
Warren,2020-11-17T00:00:00.000,3,518,353,45782,45782,518,2020-11-17,3,353,0.0084985835694051,0.012862032756875,3.10716265355138
Warren,2020-11-18T00:00:00.000,7,525,572,46354,46354,525,2020-11-18,7,572,0.0122377622377622,0.0136279957647889,7.28845768467551
Washington,2020-03-01T00:00:00.000,0,0,0,0,0,0,2020-03-01,0,0,0,0.00436023043574728,0
Washington,2020-03-02T00:00:00.000,0,0,0,0,0,0,2020-03-02,0,0,0,0.00481022600368556,0
Washington,2020-03-03T00:00:00.000,0,0,0,0,0,0,2020-03-03,0,0,0,0.00530651396488353,0
Washington,2020-03-04T00:00:00.000,0,0,0,0,0,0,2020-03-04,0,0,0,0.00585398425353499,0
Washington,2020-03-05T00:00:00.000,0,0,0,0,0,0,2020-03-05,0,0,0,0.00645813630724204,0
Washington,2020-03-06T00:00:00.000,0,0,0,0,0,0,2020-03-06,0,0,0,0.00712515728899414,0
Washington,2020-03-07T00:00:00.000,0,0,0,0,0,0,2020-03-07,0,0,0,0.00786200696269096,0
Washington,2020-03-08T00:00:00.000,0,0,2,2,2,0,2020-03-08,0,2,0,0.00867650880629667,0
Washington,2020-03-09T00:00:00.000,0,0,0,2,2,0,2020-03-09,0,0,0,0.00957744659063634,0
Washington,2020-03-10T00:00:00.000,0,0,1,3,3,0,2020-03-10,0,1,0,0.0105746651710707,0
Washington,2020-03-11T00:00:00.000,0,0,4,7,7,0,2020-03-11,0,4,0,0.0116791736106595,0
Washington,2020-03-12T00:00:00.000,0,0,0,7,7,0,2020-03-12,0,0,0,0.0129032479419873,0
Washington,2020-03-13T00:00:00.000,0,0,1,8,8,0,2020-03-13,0,1,0,0.0142605298540248,0
Washington,2020-03-14T00:00:00.000,0,0,1,9,9,0,2020-03-14,0,1,0,0.0157661163352429,0
Washington,2020-03-15T00:00:00.000,0,0,5,14,14,0,2020-03-15,0,5,0,0.0174366337946481,0
Washington,2020-03-16T00:00:00.000,0,0,4,18,18,0,2020-03-16,0,4,0,0.0192902884260693,0
Washington,2020-03-17T00:00:00.000,1,1,9,27,27,1,2020-03-17,1,9,0.111111111111111,0.0213468825914874,1.10252013685599
Washington,2020-03-18T00:00:00.000,0,1,5,32,32,1,2020-03-18,0,5,0,0.0236277848527928,0
Washington,2020-03-19T00:00:00.000,0,1,8,40,40,1,2020-03-19,0,8,0,0.0261558390735715,0
Washington,2020-03-20T00:00:00.000,0,1,10,50,50,1,2020-03-20,0,10,0,0.0289551959375239,0
Washington,2020-03-21T00:00:00.000,0,1,18,68,68,1,2020-03-21,0,18,0,0.0320510485255867,0
Washington,2020-03-22T00:00:00.000,2,3,52,120,120,3,2020-03-22,2,52,0.0384615384615385,0.0354692526153859,2.11901266527882
Washington,2020-03-23T00:00:00.000,0,3,7,127,127,3,2020-03-23,0,7,0,0.0392358125310074,0
Washington,2020-03-24T00:00:00.000,1,4,25,152,152,4,2020-03-24,1,25,0.04,0.0433762151873945,1.06786795800676
Washington,2020-03-25T00:00:00.000,0,4,18,170,170,4,2020-03-25,0,18,0,0.0479145989683772,0
Washington,2020-03-26T00:00:00.000,2,6,19,189,189,6,2020-03-26,2,19,0.105263157894737,0.0528727507574472,2.14376904192898
Washington,2020-03-27T00:00:00.000,0,6,40,229,229,6,2020-03-27,0,40,0,0.0582689341804514,0
Washington,2020-03-28T00:00:00.000,1,7,20,249,249,7,2020-03-28,1,20,0.05,0.0641165650441671,1.08795771842162
Washington,2020-03-29T00:00:00.000,0,7,10,259,259,7,2020-03-29,0,10,0,0.0704227657785334,0
Washington,2020-03-30T00:00:00.000,3,10,7,266,266,10,2020-03-30,3,7,0.428571428571429,0.0771868486316945,3.28999600988795
Washington,2020-03-31T00:00:00.000,0,10,5,271,271,10,2020-03-31,0,5,0,0.0843987959766754,0
Washington,2020-04-01T00:00:00.000,2,12,9,280,280,12,2020-04-01,2,9,0.222222222222222,0.0920378233450594,2.23065711169947
Washington,2020-04-02T00:00:00.000,3,15,13,293,293,15,2020-04-02,3,13,0.230769230769231,0.100071124169507,3.38003810138317
Washington,2020-04-03T00:00:00.000,1,16,9,302,302,16,2020-04-03,1,9,0.111111111111111,0.108452901996244,1.13739115490852
Washington,2020-04-04T00:00:00.000,2,18,15,317,317,18,2020-04-04,2,15,0.133333333333333,0.117123793659482,2.29494884224786
Washington,2020-04-05T00:00:00.000,1,19,2,319,319,19,2020-04-05,1,2,0.5,0.126010773982402,1.15681865933261
Washington,2020-04-06T00:00:00.000,0,19,13,332,332,19,2020-04-06,0,13,0,0.135027608678091,0
Washington,2020-04-07T00:00:00.000,1,20,27,359,359,20,2020-04-07,1,27,0.037037037037037,0.144075888669914,1.17371441286369
Washington,2020-04-08T00:00:00.000,5,25,24,383,383,25,2020-04-08,5,24,0.208333333333333,0.153046639233212,5.90725294307394
Washington,2020-04-09T00:00:00.000,1,26,14,397,397,26,2020-04-09,1,14,0.0714285714285714,0.161822455768084,1.19128000893321
Washington,2020-04-10T00:00:00.000,5,31,16,413,413,31,2020-04-10,5,16,0.3125,0.170280079957499,6.0008009283636
Washington,2020-04-11T00:00:00.000,3,34,18,431,431,34,2020-04-11,3,18,0.166666666666667,0.178293300687756,3.62453114696648
Washington,2020-04-12T00:00:00.000,3,37,15,446,446,37,2020-04-12,3,15,0.2,0.18573604712963,3.64620567543494
Washington,2020-04-13T00:00:00.000,3,40,36,482,482,40,2020-04-13,3,36,0.0833333333333333,0.192485538721263,3.66598633246147
Washington,2020-04-14T00:00:00.000,2,42,8,490,490,42,2020-04-14,2,8,0.25,0.198425367705084,2.45918421438738
Washington,2020-04-15T00:00:00.000,4,46,24,514,514,46,2020-04-15,4,24,0.166666666666667,0.20344841158865,4.94707322719318
Washington,2020-04-16T00:00:00.000,2,48,19,533,533,48,2020-04-16,2,19,0.105263157894737,0.207459500738688,2.48702672837582
Washington,2020-04-17T00:00:00.000,4,52,25,558,558,52,2020-04-17,4,25,0.16,0.210377795031289,5.00059414820922
Washington,2020-04-18T00:00:00.000,11,63,35,593,593,63,2020-04-18,11,35,0.314285714285714,0.212138847841126,13.8495250209349
Washington,2020-04-19T00:00:00.000,2,65,9,602,602,65,2020-04-19,2,9,0.222222222222222,0.212696351570076,2.53490490751391
Washington,2020-04-20T00:00:00.000,3,68,12,614,614,68,2020-04-20,3,12,0.25,0.212023564013761,3.82597745908018
Washington,2020-04-21T00:00:00.000,5,73,17,631,631,73,2020-04-21,5,17,0.294117647058824,0.210114408667576,6.41314571963751
Washington,2020-04-22T00:00:00.000,7,80,36,667,667,80,2020-04-22,7,36,0.194444444444444,0.206984226375767,9.02525551685783
Washington,2020-04-23T00:00:00.000,3,83,26,693,693,83,2020-04-23,3,26,0.115384615384615,0.202670134139461,3.8860912324577
Washington,2020-04-24T00:00:00.000,30,113,134,827,827,113,2020-04-24,30,134,0.223880597014925,0.197230924652836,39.0213591901119
Washington,2020-04-25T00:00:00.000,14,127,51,878,878,127,2020-04-25,14,51,0.274509803921569,0.190746423557484,18.2745568774632
Washington,2020-04-26T00:00:00.000,3,130,37,915,915,130,2020-04-26,3,37,0.0810810810810811,0.183316216823951,3.92749256230091
Washington,2020-04-27T00:00:00.000,1,131,13,928,928,131,2020-04-27,1,13,0.0769230769230769,0.175057673694635,1.31219033816903
Washington,2020-04-28T00:00:00.000,3,134,19,947,947,134,2020-04-28,3,19,0.157894736842105,0.166103224445368,3.94256125481538
Washington,2020-04-29T00:00:00.000,14,148,58,1005,1005,148,2020-04-29,14,58,0.241379310344828,0.156596906756201,18.4133492180923
Washington,2020-04-30T00:00:00.000,22,170,88,1093,1093,170,2020-04-30,22,88,0.25,0.146690265126876,28.9385234677625
Washington,2020-05-01T00:00:00.000,14,184,63,1156,1156,184,2020-05-01,14,63,0.222222222222222,0.136537765556908,18.4046405090866
Washington,2020-05-02T00:00:00.000,2,186,63,1219,1219,186,2020-05-02,2,63,0.0317460317460317,0.126291960259097,2.6258439003524
Washington,2020-05-03T00:00:00.000,2,188,31,1250,1250,188,2020-05-03,2,31,0.0645161290322581,0.116098690791824,2.62477053984589
Washington,2020-05-04T00:00:00.000,0,188,22,1272,1272,188,2020-05-04,0,22,0,0.106092640845618,0
Washington,2020-05-05T00:00:00.000,1,189,25,1297,1297,189,2020-05-05,1,25,0.04,0.0963935349136087,1.31445568983914
Washington,2020-05-06T00:00:00.000,1,190,20,1317,1317,190,2020-05-06,1,20,0.05,0.0871032260268486,1.31201382001772
Washington,2020-05-07T00:00:00.000,11,201,106,1423,1423,201,2020-05-07,11,106,0.10377358490566,0.07830383194303,14.3892842065709
Washington,2020-05-08T00:00:00.000,3,204,86,1509,1509,204,2020-05-08,3,86,0.0348837209302326,0.0700569777261156,3.90316098429828
Washington,2020-05-09T00:00:00.000,2,206,60,1569,1569,206,2020-05-09,2,60,0.0333333333333333,0.0624040996198012,2.58557447445751
Washington,2020-05-10T00:00:00.000,4,210,39,1608,1608,210,2020-05-10,4,39,0.102564102564103,0.0553676757804859,5.13540047201381
Washington,2020-05-11T00:00:00.000,0,210,24,1632,1632,210,2020-05-11,0,24,0,0.0489531851666241,0
Washington,2020-05-12T00:00:00.000,4,214,66,1698,1698,214,2020-05-12,4,66,0.0606060606060606,0.0431515622933349,5.09289090109361
Washington,2020-05-13T00:00:00.000,1,215,77,1775,1775,215,2020-05-13,1,77,0.012987012987013,0.0379419122868408,1.26749392671728
Washington,2020-05-14T00:00:00.000,2,217,65,1840,1840,217,2020-05-14,2,65,0.0307692307692308,0.0332942725339701,2.52241402941293
Washington,2020-05-15T00:00:00.000,1,218,75,1915,1915,218,2020-05-15,1,75,0.0133333333333333,0.0291722462338354,1.25440110394175
Washington,2020-05-16T00:00:00.000,1,219,70,1985,1985,219,2020-05-16,1,70,0.0142857142857143,0.0255353806435656,1.25014496525113
Washington,2020-05-17T00:00:00.000,0,219,47,2032,2032,219,2020-05-17,0,47,0,0.0223412110480139,0
Washington,2020-05-18T00:00:00.000,1,220,41,2073,2073,220,2020-05-18,1,41,0.024390243902439,0.019546934783825,1.241990861262
Washington,2020-05-19T00:00:00.000,1,221,66,2139,2139,221,2020-05-19,1,66,0.0151515151515152,0.0171107145960501,1.24111619826054
Washington,2020-05-20T00:00:00.000,1,222,87,2226,2226,222,2020-05-20,1,87,0.0114942528735632,0.0149926359342771,1.23958340221192
Washington,2020-05-21T00:00:00.000,2,224,100,2326,2326,224,2020-05-21,2,100,0.02,0.0131553588015223,2.47477831545689
Washington,2020-05-22T00:00:00.000,1,225,70,2396,2396,225,2020-05-22,1,70,0.0142857142857143,0.0115645127926253,1.23394439420493
Washington,2020-05-23T00:00:00.000,1,226,213,2609,2609,226,2020-05-23,1,213,0.00469483568075117,0.0101888857906502,1.2254462809338
Washington,2020-05-24T00:00:00.000,2,228,51,2660,2660,228,2020-05-24,2,51,0.0392156862745098,0.00900045429060872,2.43225536860975
Washington,2020-05-25T00:00:00.000,0,228,106,2766,2766,228,2020-05-25,0,106,0,0.00797429816103168,0
Washington,2020-05-26T00:00:00.000,0,228,107,2873,2873,228,2020-05-26,0,107,0,0.00708843617063764,0
Washington,2020-05-27T00:00:00.000,3,231,293,3166,3166,231,2020-05-27,3,293,0.0102389078498294,0.00632361179247689,3.54954828425048
Washington,2020-05-28T00:00:00.000,1,232,340,3506,3506,232,2020-05-28,1,340,0.00294117647058824,0.00566305230037888,1.17095549145516
Washington,2020-05-29T00:00:00.000,3,235,240,3746,3746,235,2020-05-29,3,240,0.0125,0.00509221838024559,3.47482460879631
Washington,2020-05-30T00:00:00.000,0,235,222,3968,3968,235,2020-05-30,0,222,0,0.00459855656822908,0
Washington,2020-05-31T00:00:00.000,0,235,99,4067,4067,235,2020-05-31,0,99,0,0.00417126283649676,0
Washington,2020-06-01T00:00:00.000,2,237,81,4148,4148,237,2020-06-01,2,81,0.0246913580246914,0.00380106252187418,2.24513188931761
Washington,2020-06-02T00:00:00.000,1,238,270,4418,4418,238,2020-06-02,1,270,0.0037037037037037,0.00348000943319647,1.11275855574646
Washington,2020-06-03T00:00:00.000,0,238,354,4772,4772,238,2020-06-03,0,354,0,0.00320130525660562,0
Washington,2020-06-04T00:00:00.000,2,240,158,4930,4930,240,2020-06-04,2,158,0.0126582278481013,0.00295913918177836,2.18580694940465
Washington,2020-06-05T00:00:00.000,0,240,254,5184,5184,240,2020-06-05,0,254,0,0.0027485468828316,0
Washington,2020-06-06T00:00:00.000,0,240,243,5427,5427,240,2020-06-06,0,243,0,0.00256528750527226,0
Washington,2020-06-07T00:00:00.000,0,240,211,5638,5638,240,2020-06-07,0,211,0,0.00240573705340081,0
Washington,2020-06-08T00:00:00.000,0,240,32,5670,5670,240,2020-06-08,0,32,0,0.00226679647503021,0
Washington,2020-06-09T00:00:00.000,0,240,260,5930,5930,240,2020-06-09,0,260,0,0.00214581275095422,0
Washington,2020-06-10T00:00:00.000,1,241,230,6160,6160,241,2020-06-10,1,230,0.00434782608695652,0.00204051137642455,1.05156751047962
Washington,2020-06-11T00:00:00.000,1,242,368,6528,6528,242,2020-06-11,1,368,0.00271739130434783,0.00194893874317677,1.04957574800889
Washington,2020-06-12T00:00:00.000,0,242,238,6766,6766,242,2020-06-12,0,238,0,0.00186941307272422,0
Washington,2020-06-13T00:00:00.000,1,243,99,6865,6865,243,2020-06-13,1,99,0.0101010101010101,0.00180048270079115,1.04579868225452
Washington,2020-06-14T00:00:00.000,0,243,185,7050,7050,243,2020-06-14,0,185,0,0.00174089065986848,0
Washington,2020-06-15T00:00:00.000,0,243,67,7117,7117,243,2020-06-15,0,67,0,0.00168954464593287,0
Washington,2020-06-16T00:00:00.000,0,243,164,7281,7281,243,2020-06-16,0,164,0,0.00164549158321709,0
Washington,2020-06-17T00:00:00.000,0,243,171,7452,7452,243,2020-06-17,0,171,0,0.00160789611572123,0
Washington,2020-06-18T00:00:00.000,0,243,148,7600,7600,243,2020-06-18,0,148,0,0.00157602245542532,0
Washington,2020-06-19T00:00:00.000,1,244,206,7806,7806,244,2020-06-19,1,206,0.00485436893203883,0.0015492191052144,1.03515311340662
Washington,2020-06-20T00:00:00.000,0,244,121,7927,7927,244,2020-06-20,0,121,0,0.00152690604974113,0
Washington,2020-06-21T00:00:00.000,0,244,118,8045,8045,244,2020-06-21,0,118,0,0.00150856407098723,0
Washington,2020-06-22T00:00:00.000,0,244,35,8080,8080,244,2020-06-22,0,35,0,0.00149372589801062,0
Washington,2020-06-23T00:00:00.000,0,244,239,8319,8319,244,2020-06-23,0,239,0,0.00148196894348704,0
Washington,2020-06-24T00:00:00.000,1,245,185,8504,8504,245,2020-06-24,1,185,0.00540540540540541,0.00147290941416224,1.02551222720737
Washington,2020-06-25T00:00:00.000,0,245,109,8613,8613,245,2020-06-25,0,109,0,0.00146619760982017,0
Washington,2020-06-26T00:00:00.000,0,245,213,8826,8826,245,2020-06-26,0,213,0,0.00146151424617676,0
Washington,2020-06-27T00:00:00.000,1,246,193,9019,9019,246,2020-06-27,1,193,0.00518134715025907,0.00145856765346712,1.01872066782604
Washington,2020-06-28T00:00:00.000,0,246,157,9176,9176,246,2020-06-28,0,157,0,0.00145709171455556,0
Washington,2020-06-29T00:00:00.000,0,246,50,9226,9226,246,2020-06-29,0,50,0,0.00145684441584988,0
Washington,2020-06-30T00:00:00.000,0,246,172,9398,9398,246,2020-06-30,0,172,0,0.00145760689207575,0
Washington,2020-07-01T00:00:00.000,0,246,156,9554,9554,246,2020-07-01,0,156,0,0.00145918285278318,0
Washington,2020-07-02T00:00:00.000,0,246,86,9640,9640,246,2020-07-02,0,86,0,0.00146139828539693,0
Washington,2020-07-03T00:00:00.000,0,246,192,9832,9832,246,2020-07-03,0,192,0,0.00146410133728549,0
Washington,2020-07-04T00:00:00.000,0,246,79,9911,9911,246,2020-07-04,0,79,0,0.00146716228786358,0
Washington,2020-07-05T00:00:00.000,1,247,206,10117,10117,247,2020-07-05,1,206,0.00485436893203883,0.00147047353197169,0.994790903375525
Washington,2020-07-06T00:00:00.000,0,247,55,10172,10172,247,2020-07-06,0,55,0,0.00147394950713656,0
Washington,2020-07-07T00:00:00.000,0,247,196,10368,10368,247,2020-07-07,0,196,0,0.00147752651003092,0
Washington,2020-07-08T00:00:00.000,1,248,160,10528,10528,248,2020-07-08,1,160,0.00625,0.00148116236108183,0.987236538935844
Washington,2020-07-09T00:00:00.000,1,249,242,10770,10770,249,2020-07-09,1,242,0.00413223140495868,0.00148483589005543,0.984875819016397
Washington,2020-07-10T00:00:00.000,0,249,176,10946,10946,249,2020-07-10,0,176,0,0.0014885462293747,0
Washington,2020-07-11T00:00:00.000,0,249,153,11099,11099,249,2020-07-11,0,153,0,0.00149231191493303,0
Washington,2020-07-12T00:00:00.000,0,249,148,11247,11247,249,2020-07-12,0,148,0,0.00149616980586996,0
Washington,2020-07-13T00:00:00.000,1,250,111,11358,11358,250,2020-07-13,1,111,0.00900900900900901,0.00150017384484282,0.974307307624513
Washington,2020-07-14T00:00:00.000,0,250,178,11536,11536,250,2020-07-14,0,178,0,0.00150439368786033,0
Washington,2020-07-15T00:00:00.000,0,250,95,11631,11631,250,2020-07-15,0,95,0,0.00150891323829319,0
Washington,2020-07-16T00:00:00.000,0,250,196,11827,11827,250,2020-07-16,0,196,0,0.0015138291223056,0
Washington,2020-07-17T00:00:00.000,0,250,247,12074,12074,250,2020-07-17,0,247,0,0.00151924914348178,0
Washington,2020-07-18T00:00:00.000,0,250,135,12209,12209,250,2020-07-18,0,135,0,0.0015252907525314,0
Washington,2020-07-19T00:00:00.000,0,250,115,12324,12324,250,2020-07-19,0,115,0,0.0015320795642594,0
Washington,2020-07-20T00:00:00.000,0,250,140,12464,12464,250,2020-07-20,0,140,0,0.00153974794866627,0
Washington,2020-07-21T00:00:00.000,1,251,329,12793,12793,251,2020-07-21,1,329,0.00303951367781155,0.00154843371683015,0.966539379636449
Washington,2020-07-22T00:00:00.000,1,252,250,13043,13043,252,2020-07-22,1,250,0.004,0.00155827891493899,0.96606547433284
Washington,2020-07-23T00:00:00.000,0,252,219,13262,13262,252,2020-07-23,0,219,0,0.00156942873283678,0
Washington,2020-07-24T00:00:00.000,0,252,275,13537,13537,252,2020-07-24,0,275,0,0.00158203052598843,0
Washington,2020-07-25T00:00:00.000,1,253,300,13837,13837,253,2020-07-25,1,300,0.00333333333333333,0.00159623294311547,0.971032322993705
Washington,2020-07-26T00:00:00.000,1,254,271,14108,14108,254,2020-07-26,1,271,0.003690036900369,0.00161218514556577,0.973059152240125
Washington,2020-07-27T00:00:00.000,0,254,96,14204,14204,254,2020-07-27,0,96,0,0.00163003609908933,0
Washington,2020-07-28T00:00:00.000,0,254,142,14346,14346,254,2020-07-28,0,142,0,0.0016499339143103,0
Washington,2020-07-29T00:00:00.000,0,254,144,14490,14490,254,2020-07-29,0,144,0,0.00167202520884231,0
Washington,2020-07-30T00:00:00.000,0,254,249,14739,14739,254,2020-07-30,0,249,0,0.00169645446141928,0
Washington,2020-07-31T00:00:00.000,1,255,261,15000,15000,255,2020-07-31,1,261,0.00383141762452107,0.00172336332736718,0.976071469672943
Washington,2020-08-01T00:00:00.000,0,255,96,15096,15096,255,2020-08-01,0,96,0,0.00175288988417857,0
Washington,2020-08-02T00:00:00.000,0,255,106,15202,15202,255,2020-08-02,0,106,0,0.00178516777689249,0
Washington,2020-08-03T00:00:00.000,0,255,211,15413,15413,255,2020-08-03,0,211,0,0.00182032523480086,0
Washington,2020-08-04T00:00:00.000,0,255,90,15503,15503,255,2020-08-04,0,90,0,0.00185848393385023,0
Washington,2020-08-05T00:00:00.000,1,256,74,15577,15577,256,2020-08-05,1,74,0.0135135135135135,0.00189975768317344,0.979004770747766
Washington,2020-08-06T00:00:00.000,0,256,260,15837,15837,256,2020-08-06,0,260,0,0.00194425091954509,0
Washington,2020-08-07T00:00:00.000,1,257,84,15921,15921,257,2020-08-07,1,84,0.0119047619047619,0.00199205699976493,0.985954789917093
Washington,2020-08-08T00:00:00.000,2,259,105,16026,16026,259,2020-08-08,2,105,0.019047619047619,0.00204325628878987,1.98023829048284
Washington,2020-08-09T00:00:00.000,1,260,122,16148,16148,260,2020-08-09,1,122,0.00819672131147541,0.00209791405042545,0.994172309456501
Washington,2020-08-10T00:00:00.000,0,260,145,16293,16293,260,2020-08-10,0,145,0,0.00215607815727275,0
Washington,2020-08-11T00:00:00.000,0,260,200,16493,16493,260,2020-08-11,0,200,0,0.00221777664807592,0
Washington,2020-08-12T00:00:00.000,0,260,239,16732,16732,260,2020-08-12,0,239,0,0.0022830151725652,0
Washington,2020-08-13T00:00:00.000,0,260,224,16956,16956,260,2020-08-13,0,224,0,0.00235177437648622,0
Washington,2020-08-14T00:00:00.000,1,261,242,17198,17198,261,2020-08-14,1,242,0.00413223140495868,0.00242400729238,1.0119470049212
Washington,2020-08-15T00:00:00.000,0,261,202,17400,17400,261,2020-08-15,0,202,0,0.00249963681414061,0
Washington,2020-08-16T00:00:00.000,0,261,144,17544,17544,261,2020-08-16,0,144,0,0.00257855334444539,0
Washington,2020-08-17T00:00:00.000,1,262,180,17724,17724,262,2020-08-17,1,180,0.00555555555555556,0.00266061271413437,1.02840066688442
Washington,2020-08-18T00:00:00.000,0,262,140,17864,17864,262,2020-08-18,0,140,0,0.00274563447926379,0
Washington,2020-08-19T00:00:00.000,2,264,183,18047,18047,264,2020-08-19,2,183,0.0109289617486339,0.00283340070511775,2.07260180371916
Washington,2020-08-20T00:00:00.000,0,264,260,18307,18307,264,2020-08-20,0,260,0,0.00292365534599545,0
Washington,2020-08-21T00:00:00.000,2,266,275,18582,18582,266,2020-08-21,2,275,0.00727272727272727,0.00301610432371851,2.08734709320188
Washington,2020-08-22T00:00:00.000,0,266,235,18817,18817,266,2020-08-22,0,235,0,0.00311041639664676,0
Washington,2020-08-23T00:00:00.000,0,266,168,18985,18985,266,2020-08-23,0,168,0,0.00320622489467254,0
Washington,2020-08-24T00:00:00.000,0,266,194,19179,19179,266,2020-08-24,0,194,0,0.00330313037252735,0
Washington,2020-08-25T00:00:00.000,0,266,119,19298,19298,266,2020-08-25,0,119,0,0.00340070420666299,0
Washington,2020-08-26T00:00:00.000,0,266,164,19462,19462,266,2020-08-26,0,164,0,0.00349849312841878,0
Washington,2020-08-27T00:00:00.000,1,267,137,19599,19599,267,2020-08-27,1,137,0.0072992700729927,0.00359602465112381,1.06454390223696
Washington,2020-08-28T00:00:00.000,0,267,257,19856,19856,267,2020-08-28,0,257,0,0.00369281331151074,0
Washington,2020-08-29T00:00:00.000,0,267,204,20060,20060,267,2020-08-29,0,204,0,0.00378836760945929,0
Washington,2020-08-30T00:00:00.000,0,267,122,20182,20182,267,2020-08-30,0,122,0,0.00388219749498195,0
Washington,2020-08-31T00:00:00.000,1,268,111,20293,20293,268,2020-08-31,1,111,0.00900900900900901,0.00397382222162464,1.08468915696536
Washington,2020-09-01T00:00:00.000,0,268,408,20701,20701,268,2020-09-01,0,408,0,0.00406277836113406,0
Washington,2020-09-02T00:00:00.000,0,268,176,20877,20877,268,2020-09-02,0,176,0,0.00414862775843052,0
Washington,2020-09-03T00:00:00.000,1,269,189,21066,21066,269,2020-09-03,1,189,0.00529100529100529,0.00423096519889548,1.09903779034473
Washington,2020-09-04T00:00:00.000,0,269,138,21204,21204,269,2020-09-04,0,138,0,0.00430942556353746,0
Washington,2020-09-05T00:00:00.000,1,270,173,21377,21377,270,2020-09-05,1,173,0.00578034682080925,0.00438369026064784,1.10729517294859
Washington,2020-09-06T00:00:00.000,0,270,117,21494,21494,270,2020-09-06,0,117,0,0.00445349274581446,0
Washington,2020-09-07T00:00:00.000,1,271,105,21599,21599,271,2020-09-07,1,105,0.00952380952380952,0.00451862297350801,1.11424113313296
Washington,2020-09-08T00:00:00.000,1,272,321,21920,21920,272,2020-09-08,1,321,0.00311526479750779,0.00457893066220937,1.11698053861025
Washington,2020-09-09T00:00:00.000,0,272,92,22012,22012,272,2020-09-09,0,92,0,0.00463432729778486,0
Washington,2020-09-10T00:00:00.000,3,275,246,22258,22258,275,2020-09-10,3,246,0.0121951219512195,0.00468478684610076,3.36356057554831
Washington,2020-09-11T00:00:00.000,8,283,230,22488,22488,283,2020-09-11,8,230,0.0347826086956522,0.00473034519103525,8.99311417287798
Washington,2020-09-12T00:00:00.000,1,284,149,22637,22637,284,2020-09-12,1,149,0.00671140939597315,0.0047710983577134,1.12754476609347
Washington,2020-09-13T00:00:00.000,0,284,184,22821,22821,284,2020-09-13,0,184,0,0.00480719961933415,0
Washington,2020-09-14T00:00:00.000,0,284,117,22938,22938,284,2020-09-14,0,117,0,0.00483885561894294,0
Washington,2020-09-15T00:00:00.000,2,286,249,23187,23187,286,2020-09-15,2,249,0.00803212851405622,0.00486632166220606,2.26981356280495
Washington,2020-09-16T00:00:00.000,1,287,191,23378,23378,287,2020-09-16,1,191,0.00523560209424084,0.00488989635450025,1.13633141736722
Washington,2020-09-17T00:00:00.000,0,287,210,23588,23588,287,2020-09-17,0,210,0,0.00490991576397474,0
Washington,2020-09-18T00:00:00.000,0,287,185,23773,23773,287,2020-09-18,0,185,0,0.00492674729255246,0
Washington,2020-09-19T00:00:00.000,0,287,214,23987,23987,287,2020-09-19,0,214,0,0.00494078343027288,0
Washington,2020-09-20T00:00:00.000,0,287,110,24097,24097,287,2020-09-20,0,110,0,0.00495243555437595,0
Washington,2020-09-21T00:00:00.000,1,288,356,24453,24453,288,2020-09-21,1,356,0.00280898876404494,0.00496212791736001,1.13061895579593
Washington,2020-09-22T00:00:00.000,1,289,193,24646,24646,289,2020-09-22,1,193,0.00518134715025907,0.00497029194536146,1.12696424967454
Washington,2020-09-23T00:00:00.000,5,294,295,24941,24941,294,2020-09-23,5,295,0.0169491525423729,0.00497736094516884,5.61364131590602
Washington,2020-09-24T00:00:00.000,0,294,215,25156,25156,294,2020-09-24,0,215,0,0.00498376529327356,0
Washington,2020-09-25T00:00:00.000,2,296,311,25467,25467,296,2020-09-25,2,311,0.00643086816720257,0.00498992815596789,2.23264178291743
Washington,2020-09-26T00:00:00.000,0,296,274,25741,25741,296,2020-09-26,0,274,0,0.00499626176735023,0
Washington,2020-09-27T00:00:00.000,3,299,165,25906,25906,299,2020-09-27,3,165,0.0181818181818182,0.0050031642713245,3.35342013124826
Washington,2020-09-28T00:00:00.000,2,301,313,26219,26219,301,2020-09-28,2,313,0.00638977635782748,0.0050110171161182,2.23546006631106
Washington,2020-09-29T00:00:00.000,1,302,243,26462,26462,302,2020-09-29,1,243,0.00411522633744856,0.00502018297573481,1.11712350873274
Washington,2020-09-30T00:00:00.000,0,302,335,26797,26797,302,2020-09-30,0,335,0,0.00503100416109238,0
Washington,2020-10-01T00:00:00.000,3,305,248,27045,27045,305,2020-10-01,3,248,0.0120967741935484,0.0050438014760027,3.34316759846074
Washington,2020-10-02T00:00:00.000,2,307,345,27390,27390,307,2020-10-02,2,345,0.00579710144927536,0.00505887346811125,2.22460401913606
Washington,2020-10-03T00:00:00.000,0,307,387,27777,27777,307,2020-10-03,0,387,0,0.0050764960223611,0
Washington,2020-10-04T00:00:00.000,0,307,128,27905,27905,307,2020-10-04,0,128,0,0.00509692224496049,0
Washington,2020-10-05T00:00:00.000,3,310,324,28229,28229,310,2020-10-05,3,324,0.00925925925925926,0.00512038258772735,3.31033506509141
Washington,2020-10-06T00:00:00.000,1,311,226,28455,28455,311,2020-10-06,1,226,0.00442477876106195,0.00514708516612936,1.09971454106742
Washington,2020-10-07T00:00:00.000,3,314,271,28726,28726,314,2020-10-07,3,271,0.011070110701107,0.00517721622913627,3.28692135136841
Washington,2020-10-08T00:00:00.000,3,317,423,29149,29149,317,2020-10-08,3,423,0.00709219858156028,0.00521094074442405,3.27375163586678
Washington,2020-10-09T00:00:00.000,0,317,256,29405,29405,317,2020-10-09,0,256,0,0.00524840306827215,0
Washington,2020-10-10T00:00:00.000,0,317,294,29699,29699,317,2020-10-10,0,294,0,0.00528972767563056,0
Washington,2020-10-11T00:00:00.000,1,318,168,29867,29867,318,2020-10-11,1,168,0.00595238095238095,0.00533501993143634,1.07614851432778
Washington,2020-10-12T00:00:00.000,1,319,388,30255,30255,319,2020-10-12,1,388,0.00257731958762887,0.00538436689023576,1.07068636298796
Washington,2020-10-13T00:00:00.000,3,322,184,30439,30439,322,2020-10-13,3,184,0.016304347826087,0.00543783811565771,3.19516881781914
Washington,2020-10-14T00:00:00.000,2,324,301,30740,30740,324,2020-10-14,2,301,0.00664451827242525,0.00549548651621531,2.12037132561804
Washington,2020-10-15T00:00:00.000,1,325,485,31225,31225,325,2020-10-15,1,485,0.00206185567010309,0.00555734919712605,1.05595264778923
Washington,2020-10-16T00:00:00.000,1,326,329,31554,31554,326,2020-10-16,1,329,0.00303951367781155,0.00562344833113317,1.05359682901803
Washington,2020-10-17T00:00:00.000,0,326,248,31802,31802,326,2020-10-17,0,248,0,0.00569379205303642,0
Washington,2020-10-18T00:00:00.000,0,326,172,31974,31974,326,2020-10-18,0,172,0,0.00576837538389982,0
Washington,2020-10-19T00:00:00.000,0,326,283,32257,32257,326,2020-10-19,0,283,0,0.00584718119162722,0
Washington,2020-10-20T00:00:00.000,0,326,193,32450,32450,326,2020-10-20,0,193,0,0.00593018119358379,0
Washington,2020-10-21T00:00:00.000,0,326,271,32721,32721,326,2020-10-21,0,271,0,0.00601733700644697,0
Washington,2020-10-22T00:00:00.000,1,327,286,33007,33007,327,2020-10-22,1,286,0.0034965034965035,0.00610860124634117,1.05052696156578
Washington,2020-10-23T00:00:00.000,3,330,375,33382,33382,330,2020-10-23,3,375,0.008,0.00620391868009587,3.15253550413822
Washington,2020-10-24T00:00:00.000,2,332,301,33683,33683,332,2020-10-24,2,301,0.00664451827242525,0.00630322742603865,2.10158096678072
Washington,2020-10-25T00:00:00.000,2,334,174,33857,33857,334,2020-10-25,2,174,0.0114942528735632,0.00640646019918957,2.10071488737666
Washington,2020-10-26T00:00:00.000,1,335,345,34202,34202,335,2020-10-26,1,345,0.00289855072463768,0.006513545593709,1.04954361073809
Washington,2020-10-27T00:00:00.000,1,336,167,34369,34369,336,2020-10-27,1,167,0.00598802395209581,0.00662440939087812,1.04834958101442
Washington,2020-10-28T00:00:00.000,2,338,244,34613,34613,338,2020-10-28,2,244,0.00819672131147541,0.00673897587988669,2.09355791542579
Washington,2020-10-29T00:00:00.000,2,340,313,34926,34926,340,2020-10-29,2,313,0.00638977635782748,0.00685716917433559,2.08967657211322
Washington,2020-10-30T00:00:00.000,7,347,349,35275,35275,347,2020-10-30,7,349,0.0200573065902579,0.00697891450704991,7.29775866754863
Washington,2020-10-31T00:00:00.000,3,350,306,35581,35581,350,2020-10-31,3,306,0.00980392156862745,0.00710413948269146,3.11966114656912
Washington,2020-11-01T00:00:00.000,3,353,189,35770,35770,353,2020-11-01,3,189,0.0158730158730159,0.00723277526858737,3.11070960763478
Washington,2020-11-02T00:00:00.000,3,356,320,36090,36090,356,2020-11-02,3,320,0.009375,0.00736475770264001,3.1008071243582
Washington,2020-11-03T00:00:00.000,2,358,400,36490,36490,358,2020-11-03,2,400,0.005,0.00750002829912889,2.06000725668271
Washington,2020-11-04T00:00:00.000,3,361,487,36977,36977,361,2020-11-04,3,487,0.00616016427104723,0.00763853513427121,3.07838360086465
Washington,2020-11-05T00:00:00.000,16,377,484,37461,37461,377,2020-11-05,16,484,0.0330578512396694,0.00778023359576047,16.3519607775902
Washington,2020-11-06T00:00:00.000,3,380,652,38113,38113,380,2020-11-06,3,652,0.00460122699386503,0.00792508698426672,3.05290912441871
Washington,2020-11-07T00:00:00.000,0,380,600,38713,38713,380,2020-11-07,0,600,0,0.0080730669574479,0
Washington,2020-11-08T00:00:00.000,2,382,125,38838,38838,382,2020-11-08,2,125,0.016,0.00822415381283714,2.01650388636787
Washington,2020-11-09T00:00:00.000,2,384,541,39379,39379,384,2020-11-09,2,541,0.00369685767097967,0.00837833660914082,2.00717768642062
Washington,2020-11-10T00:00:00.000,6,390,809,40188,40188,390,2020-11-10,6,809,0.00741656365883807,0.0085356131319568,6.00413439263519
Washington,2020-11-11T00:00:00.000,0,390,503,40691,40691,390,2020-11-11,0,503,0,0.00869598971347697,0
Washington,2020-11-12T00:00:00.000,5,395,310,41001,41001,395,2020-11-12,5,310,0.0161290322580645,0.00885948092198643,5.00055042359563
Washington,2020-11-13T00:00:00.000,5,400,255,41256,41256,400,2020-11-13,5,255,0.0196078431372549,0.00902610914135624,5.00760386686652
Washington,2020-11-14T00:00:00.000,3,403,169,41425,41425,403,2020-11-14,3,169,0.0177514792899408,0.00919590406444836,3.00882138188255
Washington,2020-11-15T00:00:00.000,1,404,110,41535,41535,404,2020-11-15,1,110,0.00909090909090909,0.0093689021293785,1.00435912774582
Washington,2020-11-16T00:00:00.000,3,407,368,41903,41903,407,2020-11-16,3,368,0.00815217391304348,0.00954514592973168,3.01730534254292
Washington,2020-11-17T00:00:00.000,0,407,336,42239,42239,407,2020-11-17,0,336,0,0.00972468363218248,0
Washington,2020-11-18T00:00:00.000,4,411,401,42640,42640,411,2020-11-18,4,401,0.00997506234413965,0.00990756843613272,4.03414121964407
Wayne,2020-03-01T00:00:00.000,0,0,0,0,0,0,2020-03-01,0,0,0,0.0888834158761164,0
Wayne,2020-03-02T00:00:00.000,0,0,0,0,0,0,2020-03-02,0,0,0,0.0872669881277746,0
Wayne,2020-03-03T00:00:00.000,0,0,0,0,0,0,2020-03-03,0,0,0,0.0856795699782935,0
Wayne,2020-03-04T00:00:00.000,0,0,0,0,0,0,2020-03-04,0,0,0,0.0841244804781016,0
Wayne,2020-03-05T00:00:00.000,0,0,0,0,0,0,2020-03-05,0,0,0,0.0826062836145941,0
Wayne,2020-03-06T00:00:00.000,0,0,0,0,0,0,2020-03-06,0,0,0,0.0811304265766618,0
Wayne,2020-03-07T00:00:00.000,0,0,0,0,0,0,2020-03-07,0,0,0,0.0797029165712239,0
Wayne,2020-03-08T00:00:00.000,0,0,0,0,0,0,2020-03-08,0,0,0,0.0783300366947669,0
Wayne,2020-03-09T00:00:00.000,0,0,0,0,0,0,2020-03-09,0,0,0,0.0770181006695471,0
Wayne,2020-03-10T00:00:00.000,0,0,0,0,0,0,2020-03-10,0,0,0,0.0757732453333184,0
Wayne,2020-03-11T00:00:00.000,0,0,0,0,0,0,2020-03-11,0,0,0,0.0746012588591926,0
Wayne,2020-03-12T00:00:00.000,0,0,0,0,0,0,2020-03-12,0,0,0,0.0735074417887528,0
Wayne,2020-03-13T00:00:00.000,0,0,2,2,2,0,2020-03-13,0,2,0,0.0724964972215248,0
Wayne,2020-03-14T00:00:00.000,0,0,1,3,3,0,2020-03-14,0,1,0,0.0715724459613058,0
Wayne,2020-03-15T00:00:00.000,0,0,3,6,6,0,2020-03-15,0,3,0,0.0707385620637878,0
Wayne,2020-03-16T00:00:00.000,0,0,3,9,9,0,2020-03-16,0,3,0,0.0699973241473801,0
Wayne,2020-03-17T00:00:00.000,0,0,10,19,19,0,2020-03-17,0,10,0,0.0693503779017062,0
Wayne,2020-03-18T00:00:00.000,1,1,15,34,34,1,2020-03-18,1,15,0.0666666666666667,0.0687985055681164,1.21317023985515
Wayne,2020-03-19T00:00:00.000,0,1,21,55,55,1,2020-03-19,0,21,0,0.068341598615581,0
Wayne,2020-03-20T00:00:00.000,2,3,13,68,68,3,2020-03-20,2,13,0.153846153846154,0.0679786304978856,2.3365668722228
Wayne,2020-03-21T00:00:00.000,0,3,9,77,77,3,2020-03-21,0,9,0,0.0677076271145954,0
Wayne,2020-03-22T00:00:00.000,3,6,14,91,91,6,2020-03-22,3,14,0.214285714285714,0.0675256334763928,3.38989678056044
Wayne,2020-03-23T00:00:00.000,0,6,17,108,108,6,2020-03-23,0,17,0,0.0674286760083329,0
Wayne,2020-03-24T00:00:00.000,1,7,15,123,123,7,2020-03-24,1,15,0.0666666666666667,0.0674117209399755,1.11600446304547
Wayne,2020-03-25T00:00:00.000,1,8,37,160,160,8,2020-03-25,1,37,0.027027027027027,0.0674686302718903,1.10734255900108
Wayne,2020-03-26T00:00:00.000,3,11,27,187,187,11,2020-03-26,3,27,0.111111111111111,0.067592117867998,3.29560891454726
Wayne,2020-03-27T00:00:00.000,1,12,32,219,219,12,2020-03-27,1,32,0.03125,0.0677737092654974,1.09880971264542
Wayne,2020-03-28T00:00:00.000,0,12,13,232,232,12,2020-03-28,0,13,0,0.0680037097833778,0
Wayne,2020-03-29T00:00:00.000,3,15,24,256,256,15,2020-03-29,3,24,0.125,0.0682711863679406,3.26688639088034
Wayne,2020-03-30T00:00:00.000,4,19,28,284,284,19,2020-03-30,4,28,0.142857142857143,0.0685639693306597,4.33500269736185
Wayne,2020-03-31T00:00:00.000,5,24,33,317,317,24,2020-03-31,5,33,0.151515151515152,0.0688686805758726,5.40558457183122
Wayne,2020-04-01T00:00:00.000,3,27,28,345,345,27,2020-04-01,3,28,0.107142857142857,0.0691707950541529,3.25176924463889
Wayne,2020-04-02T00:00:00.000,3,30,28,373,373,30,2020-04-02,3,28,0.107142857142857,0.0694547419060427,3.25882401605617
Wayne,2020-04-03T00:00:00.000,0,30,35,408,408,30,2020-04-03,0,35,0,0.0697040510290657,0
Wayne,2020-04-04T00:00:00.000,2,32,24,432,432,32,2020-04-04,2,24,0.0833333333333333,0.0699015495276728,2.17950151953646
Wayne,2020-04-05T00:00:00.000,2,34,15,447,447,34,2020-04-05,2,15,0.133333333333333,0.0700296106965178,2.18163797233895
Wayne,2020-04-06T00:00:00.000,1,35,31,478,478,35,2020-04-06,1,31,0.032258064516129,0.070070455830113,1.09154427999762
Wayne,2020-04-07T00:00:00.000,4,39,46,524,524,39,2020-04-07,4,46,0.0869565217391304,0.0700065062925529,4.36794477360522
Wayne,2020-04-08T00:00:00.000,0,39,34,558,558,39,2020-04-08,0,34,0,0.0698207800523046,0
Wayne,2020-04-09T00:00:00.000,2,41,34,592,592,41,2020-04-09,2,34,0.0588235294117647,0.0694973234203539,2.18945880684892
Wayne,2020-04-10T00:00:00.000,1,42,17,609,609,42,2020-04-10,1,17,0.0588235294117647,0.0690216652185259,1.09653216127311
Wayne,2020-04-11T00:00:00.000,0,42,7,616,616,42,2020-04-11,0,7,0,0.0683812773542524,0
Wayne,2020-04-12T00:00:00.000,0,42,8,624,624,42,2020-04-12,0,8,0,0.0675660229564226,0
Wayne,2020-04-13T00:00:00.000,6,48,39,663,663,48,2020-04-13,6,39,0.153846153846154,0.0665685712428615,6.59337762623053
Wayne,2020-04-14T00:00:00.000,0,48,20,683,683,48,2020-04-14,0,20,0,0.0653847572881962,0
Wayne,2020-04-15T00:00:00.000,1,49,12,695,695,49,2020-04-15,1,12,0.0833333333333333,0.0640138651860407,1.10171768863477
Wayne,2020-04-16T00:00:00.000,0,49,7,702,702,49,2020-04-16,0,7,0,0.0624588148178324,0
Wayne,2020-04-17T00:00:00.000,0,49,7,709,709,49,2020-04-17,0,7,0,0.060726235711894,0
Wayne,2020-04-18T00:00:00.000,1,50,6,715,715,50,2020-04-18,1,6,0.166666666666667,0.0588264162013667,1.10748387758993
Wayne,2020-04-19T00:00:00.000,0,50,2,717,717,50,2020-04-19,0,2,0,0.0567731221052496,0
Wayne,2020-04-20T00:00:00.000,1,51,8,725,725,51,2020-04-20,1,8,0.125,0.0545832861679029,1.11349611760087
Wayne,2020-04-21T00:00:00.000,1,52,16,741,741,52,2020-04-21,1,16,0.0625,0.052276576985335,1.11605663698115
Wayne,2020-04-22T00:00:00.000,1,53,13,754,754,53,2020-04-22,1,13,0.0769230769230769,0.0498748636101103,1.11829379004968
Wayne,2020-04-23T00:00:00.000,0,53,12,766,766,53,2020-04-23,0,12,0,0.0474015987941231,0
Wayne,2020-04-24T00:00:00.000,12,65,257,1023,1023,65,2020-04-24,12,257,0.0466926070038911,0.0448811492626796,13.460812653689
Wayne,2020-04-25T00:00:00.000,0,65,36,1059,1059,65,2020-04-25,0,36,0,0.0423381049987807,0
Wayne,2020-04-26T00:00:00.000,4,69,28,1087,1087,69,2020-04-26,4,28,0.142857142857143,0.0397966007992612,4.49488533330175
Wayne,2020-04-27T00:00:00.000,1,70,53,1140,1140,70,2020-04-27,1,53,0.0188679245283019,0.0372796822209473,1.12415433754706
Wayne,2020-04-28T00:00:00.000,0,70,45,1185,1185,70,2020-04-28,0,45,0,0.0348087444872526,0
Wayne,2020-04-29T00:00:00.000,1,71,54,1239,1239,71,2020-04-29,1,54,0.0185185185185185,0.0324030673563599,1.1235309710384
Wayne,2020-04-30T00:00:00.000,0,71,56,1295,1295,71,2020-04-30,0,56,0,0.0300794618839966,0
Wayne,2020-05-01T00:00:00.000,2,73,43,1338,1338,73,2020-05-01,2,43,0.0465116279069767,0.0278520371582423,2.24279570837529
Wayne,2020-05-02T00:00:00.000,2,75,86,1424,1424,75,2020-05-02,2,86,0.0232558139534884,0.0257320872135169,2.23964319978345
Wayne,2020-05-03T00:00:00.000,1,76,88,1512,1512,76,2020-05-03,1,88,0.0113636363636364,0.023728091131072,1.11970829407721
Wayne,2020-05-04T00:00:00.000,2,78,66,1578,1578,78,2020-05-04,2,66,0.0303030303030303,0.0218458134023635,2.24624062267608
Wayne,2020-05-05T00:00:00.000,0,78,93,1671,1671,78,2020-05-05,0,93,0,0.0200884873494987,0
Wayne,2020-05-06T00:00:00.000,0,78,93,1764,1764,78,2020-05-06,0,93,0,0.0184570619133525,0
Wayne,2020-05-07T00:00:00.000,1,79,95,1859,1859,79,2020-05-07,1,95,0.0105263157894737,0.0169504914148882,1.12250021579835
Wayne,2020-05-08T00:00:00.000,0,79,63,1922,1922,79,2020-05-08,0,63,0,0.0155660487227614,0
Wayne,2020-05-09T00:00:00.000,1,80,101,2023,2023,80,2020-05-09,1,101,0.0099009900990099,0.0142996442992181,1.11567645337566
Wayne,2020-05-10T00:00:00.000,1,81,72,2095,2095,81,2020-05-10,1,72,0.0138888888888889,0.01314613644944,1.11190711590795
Wayne,2020-05-11T00:00:00.000,2,83,64,2159,2159,83,2020-05-11,2,64,0.03125,0.0120996213717028,2.22321337070618
Wayne,2020-05-12T00:00:00.000,1,84,168,2327,2327,84,2020-05-12,1,168,0.00595238095238095,0.0111536949486518,1.1121070795649
Wayne,2020-05-13T00:00:00.000,5,89,120,2447,2447,89,2020-05-13,5,120,0.0416666666666667,0.0103016813599719,5.56281710117333
Wayne,2020-05-14T00:00:00.000,2,91,110,2557,2557,91,2020-05-14,2,110,0.0181818181818182,0.00953682633862996,2.22597256652035
Wayne,2020-05-15T00:00:00.000,1,92,86,2643,2643,92,2020-05-15,1,86,0.0116279069767442,0.00885245512696685,1.11338614818741
Wayne,2020-05-16T00:00:00.000,4,96,118,2761,2761,96,2020-05-16,4,118,0.0338983050847458,0.00824209688357874,4.46590937055554
Wayne,2020-05-17T00:00:00.000,1,97,114,2875,2875,97,2020-05-17,1,114,0.0087719298245614,0.00769957845776569,1.12052505856989
Wayne,2020-05-18T00:00:00.000,1,98,128,3003,3003,98,2020-05-18,1,128,0.0078125,0.00721909115214759,1.12423936099421
Wayne,2020-05-19T00:00:00.000,5,103,187,3190,3190,103,2020-05-19,5,187,0.0267379679144385,0.00679523440317153,5.65817111926924
Wayne,2020-05-20T00:00:00.000,0,103,155,3345,3345,103,2020-05-20,0,155,0,0.00642304032247218,0
Wayne,2020-05-21T00:00:00.000,1,104,104,3449,3449,104,2020-05-21,1,104,0.00961538461538462,0.00609798283124454,1.14581540349357
Wayne,2020-05-22T00:00:00.000,3,107,163,3612,3612,107,2020-05-22,3,163,0.0184049079754601,0.00581597476820992,3.45594133232316
Wayne,2020-05-23T00:00:00.000,1,108,107,3719,3719,108,2020-05-23,1,107,0.00934579439252336,0.00557335591824398,1.1537010464201
Wayne,2020-05-24T00:00:00.000,1,109,106,3825,3825,109,2020-05-24,1,106,0.00943396226415094,0.00536687444042529,1.1548481299529
Wayne,2020-05-25T00:00:00.000,1,110,170,3995,3995,110,2020-05-25,1,170,0.00588235294117647,0.0051936637115569,1.15534306996054
Wayne,2020-05-26T00:00:00.000,0,110,339,4334,4334,110,2020-05-26,0,339,0,0.00505121616129274,0
Wayne,2020-05-27T00:00:00.000,2,112,303,4637,4637,112,2020-05-27,2,303,0.0066006600660066,0.00493735528026453,2.30852587677875
Wayne,2020-05-28T00:00:00.000,1,113,290,4927,4927,113,2020-05-28,1,290,0.00344827586206897,0.00485020663412616,1.15295233855773
Wayne,2020-05-29T00:00:00.000,0,113,299,5226,5226,113,2020-05-29,0,299,0,0.00478816842152438,0
Wayne,2020-05-30T00:00:00.000,2,115,284,5510,5510,115,2020-05-30,2,284,0.00704225352112676,0.00474988187022735,2.29787421122786
Wayne,2020-05-31T00:00:00.000,1,116,228,5738,5738,116,2020-05-31,1,228,0.0043859649122807,0.00473420157196456,1.14667721543412
Wayne,2020-06-01T00:00:00.000,0,116,216,5954,5954,116,2020-06-01,0,216,0,0.0047401657090338,0
Wayne,2020-06-02T00:00:00.000,4,120,396,6350,6350,120,2020-06-02,4,396,0.0101010101010101,0.00476696602467188,4.59332417593925
Wayne,2020-06-03T00:00:00.000,1,121,468,6818,6818,121,2020-06-03,1,468,0.00213675213675214,0.00481391733033048,1.14878283260098
Wayne,2020-06-04T00:00:00.000,1,122,323,7141,7141,122,2020-06-04,1,323,0.00309597523219814,0.00488042632644963,1.14897622866028
Wayne,2020-06-05T00:00:00.000,1,123,409,7550,7550,123,2020-06-05,1,409,0.00244498777506112,0.00496595954066902,1.15000777738187
Wayne,2020-06-06T00:00:00.000,1,124,362,7912,7912,124,2020-06-06,1,362,0.00276243093922652,0.0050700102561653,1.15223895311689
Wayne,2020-06-07T00:00:00.000,1,125,322,8234,8234,125,2020-06-07,1,322,0.0031055900621118,0.00519206441457627,1.15416715420253
Wayne,2020-06-08T00:00:00.000,1,126,362,8596,8596,126,2020-06-08,1,362,0.00276243093922652,0.00533156563180443,1.15540004623882
Wayne,2020-06-09T00:00:00.000,0,126,388,8984,8984,126,2020-06-09,0,388,0,0.0054878796575761,0
Wayne,2020-06-10T00:00:00.000,1,127,509,9493,9493,127,2020-06-10,1,509,0.00196463654223969,0.00566025883373205,1.16451982551032
Wayne,2020-06-11T00:00:00.000,2,129,460,9953,9953,129,2020-06-11,2,460,0.00434782608695652,0.0058478073538176,2.34295134340005
Wayne,2020-06-12T00:00:00.000,2,131,348,10301,10301,131,2020-06-12,2,348,0.00574712643678161,0.00604944838195051,2.35640505421878
Wayne,2020-06-13T00:00:00.000,2,133,363,10664,10664,133,2020-06-13,2,363,0.00550964187327824,0.00626389433241902,2.36931952257012
Wayne,2020-06-14T00:00:00.000,0,133,160,10824,10824,133,2020-06-14,0,160,0,0.00648962182021321,0
Wayne,2020-06-15T00:00:00.000,1,134,456,11280,11280,134,2020-06-15,1,456,0.00219298245614035,0.00672485293845313,1.19660420110477
Wayne,2020-06-16T00:00:00.000,3,137,298,11578,11578,137,2020-06-16,3,298,0.0100671140939597,0.00696754457417178,3.60603768808138
Wayne,2020-06-17T00:00:00.000,2,139,184,11762,11762,139,2020-06-17,2,184,0.0108695652173913,0.00721538741141213,2.41398842845171
Wayne,2020-06-18T00:00:00.000,2,141,224,11986,11986,141,2020-06-18,2,224,0.00892857142857143,0.00746581606872633,2.42292014648078
Wayne,2020-06-19T00:00:00.000,2,143,280,12266,12266,143,2020-06-19,2,280,0.00714285714285714,0.00771603146550728,2.43087542385084
Wayne,2020-06-20T00:00:00.000,0,143,249,12515,12515,143,2020-06-20,0,249,0,0.00796303600645443,0
Wayne,2020-06-21T00:00:00.000,0,143,239,12754,12754,143,2020-06-21,0,239,0,0.00820368153372933,0
Wayne,2020-06-22T00:00:00.000,2,145,297,13051,13051,145,2020-06-22,2,297,0.00673400673400673,0.00843472925349374,2.44827548564985
Wayne,2020-06-23T00:00:00.000,5,150,305,13356,13356,150,2020-06-23,5,305,0.0163934426229508,0.00865292004734357,6.12936965960286
Wayne,2020-06-24T00:00:00.000,4,154,227,13583,13583,154,2020-06-24,4,227,0.0176211453744493,0.00885505279031296,4.90797504472439
Wayne,2020-06-25T00:00:00.000,5,159,171,13754,13754,159,2020-06-25,5,171,0.0292397660818713,0.00903806759054239,6.13741173003305
Wayne,2020-06-26T00:00:00.000,2,161,280,14034,14034,161,2020-06-26,2,280,0.00714285714285714,0.00919913030338425,2.45465795609137
Wayne,2020-06-27T00:00:00.000,1,162,246,14280,14280,162,2020-06-27,1,246,0.0040650406504065,0.00933571432981201,1.22652728773081
Wayne,2020-06-28T00:00:00.000,3,165,276,14556,14556,165,2020-06-28,3,276,0.0108695652173913,0.00944567562260903,3.67522605454194
Wayne,2020-06-29T00:00:00.000,5,170,334,14890,14890,170,2020-06-29,5,334,0.0149700598802395,0.00952731702554716,6.11487870288815
Wayne,2020-06-30T00:00:00.000,4,174,230,15120,15120,174,2020-06-30,4,230,0.0173913043478261,0.00957943855791893,4.8809420364015
Wayne,2020-07-01T00:00:00.000,2,176,298,15418,15418,176,2020-07-01,2,298,0.00671140939597315,0.00960137099673229,2.43373224306676
Wayne,2020-07-02T00:00:00.000,5,181,234,15652,15652,181,2020-07-02,5,234,0.0213675213675214,0.00959299104893098,6.06441659884618
Wayne,2020-07-03T00:00:00.000,2,183,269,15921,15921,183,2020-07-03,2,269,0.00743494423791822,0.00955471746963232,2.41335130824734
Wayne,2020-07-04T00:00:00.000,2,185,357,16278,16278,185,2020-07-04,2,357,0.00560224089635854,0.00948748857775398,2.40631291143066
Wayne,2020-07-05T00:00:00.000,1,186,259,16537,16537,186,2020-07-05,1,259,0.00386100386100386,0.00939272266440742,1.19747163270748
Wayne,2020-07-06T00:00:00.000,5,191,466,17003,17003,191,2020-07-06,5,466,0.0107296137339056,0.00927226369215119,5.95747966541645
Wayne,2020-07-07T00:00:00.000,2,193,270,17273,17273,193,2020-07-07,2,270,0.00740740740740741,0.0091283153833248,2.37414460775005
Wayne,2020-07-08T00:00:00.000,2,195,352,17625,17625,195,2020-07-08,2,352,0.00568181818181818,0.00896336724810665,2.36394881491346
Wayne,2020-07-09T00:00:00.000,6,201,354,17979,17979,201,2020-07-09,6,354,0.0169491525423729,0.00878011628730705,7.05854042298934
Wayne,2020-07-10T00:00:00.000,2,203,233,18212,18212,203,2020-07-10,2,233,0.00858369098712446,0.00858138803292339,2.34094352956359
Wayne,2020-07-11T00:00:00.000,2,205,325,18537,18537,205,2020-07-11,2,325,0.00615384615384615,0.00837006028638087,2.32833399485435
Wayne,2020-07-12T00:00:00.000,4,209,290,18827,18827,209,2020-07-12,4,290,0.0137931034482759,0.00814899242943416,4.63023107106768
Wayne,2020-07-13T00:00:00.000,5,214,285,19112,19112,214,2020-07-13,5,285,0.0175438596491228,0.00792096257480418,5.7534666685124
Wayne,2020-07-14T00:00:00.000,7,221,268,19380,19380,221,2020-07-14,7,268,0.0261194029850746,0.00768861414782854,8.00536104919796
Wayne,2020-07-15T00:00:00.000,2,223,370,19750,19750,223,2020-07-15,2,370,0.00540540540540541,0.00745441281292178,2.2727913026782
Wayne,2020-07-16T00:00:00.000,0,223,334,20084,20084,223,2020-07-16,0,334,0,0.00722061401987083,0
Wayne,2020-07-17T00:00:00.000,2,225,430,20514,20514,225,2020-07-17,2,430,0.00465116279069767,0.00698924089091311,2.24643779442605
Wayne,2020-07-18T00:00:00.000,2,227,234,20748,20748,227,2020-07-18,2,234,0.00854700854700855,0.00676207171962893,2.2407939905185
Wayne,2020-07-19T00:00:00.000,1,228,274,21022,21022,228,2020-07-19,1,274,0.00364963503649635,0.00654063602195219,1.11708073182184
Wayne,2020-07-20T00:00:00.000,4,232,385,21407,21407,232,2020-07-20,4,385,0.0103896103896104,0.00632621786658664,4.45317627149668
Wayne,2020-07-21T00:00:00.000,4,236,343,21750,21750,236,2020-07-21,4,343,0.0116618075801749,0.0061198651105438,4.43572350885265
Wayne,2020-07-22T00:00:00.000,2,238,284,22034,22034,238,2020-07-22,2,284,0.00704225352112676,0.00592240315505984,2.20811574445552
Wayne,2020-07-23T00:00:00.000,1,239,414,22448,22448,239,2020-07-23,1,414,0.00241545893719807,0.00573445190651978,1.09884654812812
Wayne,2020-07-24T00:00:00.000,1,240,373,22821,22821,240,2020-07-24,1,373,0.00268096514745308,0.00555644474701833,1.09793496205801
Wayne,2020-07-25T00:00:00.000,1,241,363,23184,23184,241,2020-07-25,1,363,0.00275482093663912,0.00538864847807652,1.09666010583476
Wayne,2020-07-26T00:00:00.000,2,243,272,23456,23456,243,2020-07-26,2,272,0.00735294117647059,0.00523118337676655,2.1892115985146
Wayne,2020-07-27T00:00:00.000,0,243,356,23812,23812,243,2020-07-27,0,356,0,0.00508404268319427,0
Wayne,2020-07-28T00:00:00.000,0,243,417,24229,24229,243,2020-07-28,0,417,0,0.00494711101160352,0
Wayne,2020-07-29T00:00:00.000,0,243,355,24584,24584,243,2020-07-29,0,355,0,0.00482018133619085,0
Wayne,2020-07-30T00:00:00.000,2,245,308,24892,24892,245,2020-07-30,2,308,0.00649350649350649,0.00470297034071492,2.16131781628276
Wayne,2020-07-31T00:00:00.000,0,245,458,25350,25350,245,2020-07-31,0,458,0,0.0045951320402267,0
Wayne,2020-08-01T00:00:00.000,1,246,294,25644,25644,246,2020-08-01,1,294,0.00340136054421769,0.00449626967728956,1.0742109772928
Wayne,2020-08-02T00:00:00.000,1,247,224,25868,25868,247,2020-08-02,1,224,0.00446428571428571,0.00440594597078014,1.07090015305995
Wayne,2020-08-03T00:00:00.000,1,248,236,26104,26104,248,2020-08-03,1,236,0.00423728813559322,0.00432369185080689,1.06731862781201
Wayne,2020-08-04T00:00:00.000,0,248,304,26408,26408,248,2020-08-04,0,304,0,0.00424901385160806,0
Wayne,2020-08-05T00:00:00.000,1,249,315,26723,26723,249,2020-08-05,1,315,0.00317460317460317,0.00418140035856196,1.05936876156007
Wayne,2020-08-06T00:00:00.000,0,249,346,27069,27069,249,2020-08-06,0,346,0,0.0041203269178578,0
Wayne,2020-08-07T00:00:00.000,0,249,276,27345,27345,249,2020-08-07,0,276,0,0.00406526081782189,0
Wayne,2020-08-08T00:00:00.000,1,250,417,27762,27762,250,2020-08-08,1,417,0.00239808153477218,0.00401566514438642,1.05932914952152
Wayne,2020-08-09T00:00:00.000,2,252,255,28017,28017,252,2020-08-09,2,255,0.00784313725490196,0.00397100249890982,2.11935107840193
Wayne,2020-08-10T00:00:00.000,0,252,257,28274,28274,252,2020-08-10,0,257,0,0.00393073854508564,0
Wayne,2020-08-11T00:00:00.000,6,258,354,28628,28628,258,2020-08-11,6,354,0.0169491525423729,0.00389434552691558,6.35789511027875
Wayne,2020-08-12T00:00:00.000,5,263,535,29163,29163,263,2020-08-12,5,535,0.00934579439252336,0.00386130586925174,5.29516801723056
Wayne,2020-08-13T00:00:00.000,2,265,423,29586,29586,265,2020-08-13,2,423,0.00472813238770686,0.00383111593901097,2.11636384030935
Wayne,2020-08-14T00:00:00.000,4,269,369,29955,29955,269,2020-08-14,4,369,0.010840108401084,0.00380329000997959,4.23428721037252
Wayne,2020-08-15T00:00:00.000,0,269,325,30280,30280,269,2020-08-15,0,325,0,0.00377736443778243,0
Wayne,2020-08-16T00:00:00.000,0,269,273,30553,30553,269,2020-08-16,0,273,0,0.00375290201464798,0
Wayne,2020-08-17T00:00:00.000,1,270,246,30799,30799,270,2020-08-17,1,246,0.0040650406504065,0.00372949644087467,1.06372460028139
Wayne,2020-08-18T00:00:00.000,0,270,364,31163,31163,270,2020-08-18,0,364,0,0.0037067768186704,0
Wayne,2020-08-19T00:00:00.000,0,270,322,31485,31485,270,2020-08-19,0,322,0,0.00368441204953654,0
Wayne,2020-08-20T00:00:00.000,2,272,475,31960,31960,272,2020-08-20,2,475,0.00421052631578947,0.00366211499947749,2.12770102810812
Wayne,2020-08-21T00:00:00.000,3,275,396,32356,32356,275,2020-08-21,3,396,0.00757575757575758,0.00363964628672828,3.19041524998384
Wayne,2020-08-22T00:00:00.000,0,275,393,32749,32749,275,2020-08-22,0,393,0,0.00361681754715474,0
Wayne,2020-08-23T00:00:00.000,0,275,273,33022,33022,275,2020-08-23,0,273,0,0.00359349404409569,0
Wayne,2020-08-24T00:00:00.000,0,275,200,33222,33222,275,2020-08-24,0,200,0,0.00356959650793273,0
Wayne,2020-08-25T00:00:00.000,2,277,236,33458,33458,277,2020-08-25,2,236,0.00847457627118644,0.00354510212099344,2.12893187281107
Wayne,2020-08-26T00:00:00.000,2,279,438,33896,33896,279,2020-08-26,2,438,0.0045662100456621,0.00352004459828242,2.12670094594527
Wayne,2020-08-27T00:00:00.000,0,279,402,34298,34298,279,2020-08-27,0,402,0,0.00349451335593747,0
Wayne,2020-08-28T00:00:00.000,1,280,335,34633,34633,280,2020-08-28,1,335,0.00298507462686567,0.00346865180171854,1.06187986483921
Wayne,2020-08-29T00:00:00.000,0,280,371,35004,35004,280,2020-08-29,0,371,0,0.00344265482515769,0
Wayne,2020-08-30T00:00:00.000,0,280,215,35219,35219,280,2020-08-30,0,215,0,0.00341676560308005,0
Wayne,2020-08-31T00:00:00.000,0,280,208,35427,35427,280,2020-08-31,0,208,0,0.00339127187053707,0
Wayne,2020-09-01T00:00:00.000,1,281,271,35698,35698,281,2020-09-01,1,271,0.003690036900369,0.00336650183210134,1.06940766810673
Wayne,2020-09-02T00:00:00.000,2,283,465,36163,36163,283,2020-09-02,2,465,0.0043010752688172,0.00334281990527162,2.14221823012527
Wayne,2020-09-03T00:00:00.000,5,288,417,36580,36580,288,2020-09-03,5,417,0.0119904076738609,0.00332062249393417,5.36365252957951
Wayne,2020-09-04T00:00:00.000,0,288,359,36939,36939,288,2020-09-04,0,359,0,0.00330033398737689,0
Wayne,2020-09-05T00:00:00.000,3,291,340,37279,37279,291,2020-09-05,3,340,0.00882352941176471,0.00328240316799488,3.22715531682301
Wayne,2020-09-06T00:00:00.000,5,296,214,37493,37493,296,2020-09-06,5,214,0.0233644859813084,0.0032673001919088,5.38538607845084
Wayne,2020-09-07T00:00:00.000,0,296,166,37659,37659,296,2020-09-07,0,166,0,0.0032555142814158,0
Wayne,2020-09-08T00:00:00.000,1,297,237,37896,37896,297,2020-09-08,1,237,0.00421940928270042,0.00324755223989325,1.07925685113818
Wayne,2020-09-09T00:00:00.000,1,298,272,38168,38168,298,2020-09-09,1,272,0.00367647058823529,0.00324393786851291,1.08008145076322
Wayne,2020-09-10T00:00:00.000,3,301,383,38551,38551,301,2020-09-10,3,383,0.00783289817232376,0.00324521233434869,3.24231034285973
Wayne,2020-09-11T00:00:00.000,0,301,426,38977,38977,301,2020-09-11,0,426,0,0.00325193550948857,0
Wayne,2020-09-12T00:00:00.000,2,303,427,39404,39404,303,2020-09-12,2,427,0.00468384074941452,0.00326468827439585,2.17113147809419
Wayne,2020-09-13T00:00:00.000,0,303,243,39647,39647,303,2020-09-13,0,243,0,0.00328407575442546,0
Wayne,2020-09-14T00:00:00.000,1,304,271,39918,39918,304,2020-09-14,1,271,0.003690036900369,0.00331073143794514,1.09076127173717
Wayne,2020-09-15T00:00:00.000,0,304,297,40215,40215,304,2020-09-15,0,297,0,0.0033453221055777,0
Wayne,2020-09-16T00:00:00.000,1,305,475,40690,40690,305,2020-09-16,1,475,0.00210526315789474,0.00338855348394811,1.09540945025395
Wayne,2020-09-17T00:00:00.000,1,306,352,41042,41042,306,2020-09-17,1,352,0.00284090909090909,0.00344117652120571,1.09749305909785
Wayne,2020-09-18T00:00:00.000,3,309,411,41453,41453,309,2020-09-18,3,411,0.0072992700729927,0.00350399416491878,3.29818379350847
Wayne,2020-09-19T00:00:00.000,1,310,446,41899,41899,310,2020-09-19,1,446,0.00224215246636771,0.00357786850477655,1.10004249449677
Wayne,2020-09-20T00:00:00.000,1,311,170,42069,42069,311,2020-09-20,1,170,0.00588235294117647,0.00366372811920369,1.10001788640357
Wayne,2020-09-21T00:00:00.000,0,311,418,42487,42487,311,2020-09-21,0,418,0,0.00376257543902617,0
Wayne,2020-09-22T00:00:00.000,1,312,357,42844,42844,312,2020-09-22,1,357,0.00280112044817927,0.00387549390608178,1.09927070703545
Wayne,2020-09-23T00:00:00.000,2,314,448,43292,43292,314,2020-09-23,2,448,0.00446428571428571,0.00400365466481357,2.19710290692043
Wayne,2020-09-24T00:00:00.000,1,315,535,43827,43827,315,2020-09-24,1,535,0.00186915887850467,0.0041483224756541,1.09760510001172
Wayne,2020-09-25T00:00:00.000,1,316,586,44413,44413,316,2020-09-25,1,586,0.00170648464163823,0.00431086048207366,1.10010976564063
Wayne,2020-09-26T00:00:00.000,2,318,325,44738,44738,318,2020-09-26,2,325,0.00615384615384615,0.00449273340046849,2.21106745543057
Wayne,2020-09-27T00:00:00.000,2,320,262,45000,45000,320,2020-09-27,2,262,0.00763358778625954,0.00469550863309122,2.22147022269897
Wayne,2020-09-28T00:00:00.000,1,321,313,45313,45313,321,2020-09-28,1,313,0.00319488817891374,0.00492085473381432,1.11570244889872
Wayne,2020-09-29T00:00:00.000,2,323,402,45715,45715,323,2020-09-29,2,402,0.00497512437810945,0.00517053658943523,2.24085003847392
Wayne,2020-09-30T00:00:00.000,3,326,565,46280,46280,326,2020-09-30,3,565,0.00530973451327434,0.00544640661951331,3.37467814464799
Wayne,2020-10-01T00:00:00.000,5,331,452,46732,46732,331,2020-10-01,5,452,0.0110619469026549,0.00575039125644098,5.64547956490212
Wayne,2020-10-02T00:00:00.000,1,332,644,47376,47376,332,2020-10-02,1,644,0.0015527950310559,0.00608447195198931,1.13302535713516
Wayne,2020-10-03T00:00:00.000,0,332,343,47719,47719,332,2020-10-03,0,343,0,0.00645065997854177,0
Wayne,2020-10-04T00:00:00.000,3,335,145,47864,47864,335,2020-10-04,3,145,0.0206896551724138,0.00685096436672815,3.42008161545935
Wayne,2020-10-05T00:00:00.000,2,337,411,48275,48275,337,2020-10-05,2,411,0.0048661800486618,0.00728735245687888,2.28616426279311
Wayne,2020-10-06T00:00:00.000,2,339,349,48624,48624,339,2020-10-06,2,349,0.00573065902578797,0.00776170275213785,2.29165653900577
Wayne,2020-10-07T00:00:00.000,8,347,470,49094,49094,347,2020-10-07,8,470,0.0170212765957447,0.00827575005613762,9.18605731836988
Wayne,2020-10-08T00:00:00.000,10,357,407,49501,49501,357,2020-10-08,10,407,0.0245700245700246,0.00883102326191934,11.5036050592503
Wayne,2020-10-09T00:00:00.000,4,361,507,50008,50008,361,2020-10-09,4,507,0.00788954635108481,0.00942877662971942,4.608079708693
Wayne,2020-10-10T00:00:00.000,1,362,337,50345,50345,362,2020-10-10,1,337,0.0029673590504451,0.01006991593971,1.15332787312594
Wayne,2020-10-11T00:00:00.000,3,365,331,50676,50676,365,2020-10-11,3,331,0.00906344410876133,0.0107549215087158,3.46290506078785
Wayne,2020-10-12T00:00:00.000,0,365,459,51135,51135,365,2020-10-12,0,459,0,0.0114837706882862,0
Wayne,2020-10-13T00:00:00.000,2,367,306,51441,51441,367,2020-10-13,2,306,0.0065359477124183,0.012255863064786,2.31043796728227
Wayne,2020-10-14T00:00:00.000,3,370,626,52067,52067,370,2020-10-14,3,626,0.00479233226837061,0.0130699521125857,3.46840630106957
Wayne,2020-10-15T00:00:00.000,3,373,362,52429,52429,373,2020-10-15,3,362,0.00828729281767956,0.0139240874396306,3.47260673940001
Wayne,2020-10-16T00:00:00.000,4,377,438,52867,52867,377,2020-10-16,4,438,0.0091324200913242,0.0148155719538944,4.64307840584115
Wayne,2020-10-17T00:00:00.000,2,379,296,53163,53163,379,2020-10-17,2,296,0.00675675675675676,0.015740938204434,2.32853466755479
Wayne,2020-10-18T00:00:00.000,4,383,266,53429,53429,383,2020-10-18,4,266,0.0150375939849624,0.0166959477709809,4.67077429888197
Wayne,2020-10-19T00:00:00.000,3,386,321,53750,53750,386,2020-10-19,3,321,0.00934579439252336,0.0176756168669864,3.51562600167543
Wayne,2020-10-20T00:00:00.000,7,393,392,54142,54142,393,2020-10-20,7,392,0.0178571428571429,0.01867427028026,8.23962873871907
Wayne,2020-10-21T00:00:00.000,7,400,384,54526,54526,400,2020-10-21,7,384,0.0182291666666667,0.019685624450846,8.27365531424865
Wayne,2020-10-22T00:00:00.000,8,408,526,55052,55052,408,2020-10-22,8,526,0.0152091254752852,0.0207028989365174,9.49524398267689
Wayne,2020-10-23T00:00:00.000,24,432,520,55572,55572,432,2020-10-23,24,520,0.0461538461538462,0.0217189538513619,28.5869126030161
Wayne,2020-10-24T00:00:00.000,16,448,368,55940,55940,448,2020-10-24,16,368,0.0434782608695652,0.0227264492055817,19.1131810855696
Wayne,2020-10-25T00:00:00.000,23,471,367,56307,56307,471,2020-10-25,23,367,0.0626702997275204,0.0237180205539145,27.5366423820261
Wayne,2020-10-26T00:00:00.000,11,482,674,56981,56981,482,2020-10-26,11,674,0.0163204747774481,0.0246864641250504,13.1903803119106
Wayne,2020-10-27T00:00:00.000,6,488,388,57369,57369,488,2020-10-27,6,388,0.0154639175257732,0.0256249237421973,7.201267076557
Wayne,2020-10-28T00:00:00.000,24,512,685,58054,58054,512,2020-10-28,24,685,0.035036496350365,0.0265270714791359,28.8121565723217
Wayne,2020-10-29T00:00:00.000,18,530,686,58740,58740,530,2020-10-29,18,686,0.0262390670553936,0.027387274121022,21.6004091558804
Wayne,2020-10-30T00:00:00.000,20,550,587,59327,59327,550,2020-10-30,20,587,0.0340715502555366,0.0282007381597821,23.9755574072925
Wayne,2020-10-31T00:00:00.000,11,561,339,59666,59666,561,2020-10-31,11,339,0.0324483775811209,0.0289636271499471,13.1647616749033
Wayne,2020-11-01T00:00:00.000,12,573,313,59979,59979,573,2020-11-01,12,313,0.0383386581469649,0.0296731467375546,14.3293115467215
Wayne,2020-11-02T00:00:00.000,15,588,486,60465,60465,588,2020-11-02,15,486,0.0308641975308642,0.0303275943810219,17.8612852977078
Wayne,2020-11-03T00:00:00.000,14,602,429,60894,60894,602,2020-11-03,14,429,0.0326340326340326,0.0309263726118244,16.6147342215759
Wayne,2020-11-04T00:00:00.000,20,622,764,61658,61658,622,2020-11-04,20,764,0.0261780104712042,0.0314699664586969,23.6439535612987
Wayne,2020-11-05T00:00:00.000,17,639,528,62186,62186,639,2020-11-05,17,528,0.0321969696969697,0.0319598872662815,20.010596540483
Wayne,2020-11-06T00:00:00.000,16,655,617,62803,62803,655,2020-11-06,16,617,0.0259319286871961,0.0323985864707853,18.7441092695529
Wayne,2020-11-07T00:00:00.000,8,663,323,63126,63126,663,2020-11-07,8,323,0.0247678018575851,0.0327893438541565,9.32391729164362
Wayne,2020-11-08T00:00:00.000,13,676,324,63450,63450,676,2020-11-08,13,324,0.0401234567901235,0.0331361353771519,15.0672322680961
Wayne,2020-11-09T00:00:00.000,13,689,513,63963,63963,689,2020-11-09,13,513,0.0253411306042885,0.033443485841541,14.9835440962334
Wayne,2020-11-10T00:00:00.000,15,704,468,64431,64431,704,2020-11-10,15,468,0.032051282051282,0.0337163114232962,17.2207057764562
Wayne,2020-11-11T00:00:00.000,14,718,758,65189,65189,718,2020-11-11,14,758,0.0184696569920844,0.0339597565611797,16.0227169957257
Wayne,2020-11-12T00:00:00.000,17,735,549,65738,65738,735,2020-11-12,17,549,0.0309653916211293,0.0341790288934163,19.4595087367654
Wayne,2020-11-13T00:00:00.000,14,749,501,66239,66239,749,2020-11-13,14,501,0.0279441117764471,0.0343792349608822,16.0275654934491
Wayne,2020-11-14T00:00:00.000,8,757,335,66574,66574,757,2020-11-14,8,335,0.0238805970149254,0.0345652183382175,9.15945485041111
Wayne,2020-11-15T00:00:00.000,23,780,386,66960,66960,780,2020-11-15,23,386,0.0595854922279793,0.0347414008183031,26.334964012868
Wayne,2020-11-16T00:00:00.000,28,808,522,67482,67482,808,2020-11-16,28,522,0.053639846743295,0.0349116263151875,32.0608320560125
Wayne,2020-11-17T00:00:00.000,16,824,575,68057,68057,824,2020-11-17,16,575,0.0278260869565217,0.0350790063689909,18.3204646163159
Wayne,2020-11-18T00:00:00.000,30,854,795,68852,68852,854,2020-11-18,30,795,0.0377358490566038,0.0352457655976496,34.3499688274042
Westchester,2020-03-01T00:00:00.000,0,0,0,0,0,0,2020-03-01,0,0,1,0.0224194534380565,0
Westchester,2020-03-02T00:00:00.000,1,1,1,1,1,1,2020-03-02,1,1,1,0.0258871659885079,1.60766521970784
Westchester,2020-03-03T00:00:00.000,0,1,1,2,2,1,2020-03-03,0,1,0,0.0298729854950915,0
Westchester,2020-03-04T00:00:00.000,0,1,0,2,2,1,2020-03-04,0,0,0.226190476190476,0.03444512516994,0
Westchester,2020-03-05T00:00:00.000,19,20,42,44,44,20,2020-03-05,19,42,0.452380952380952,0.0396761366172361,29.2063780875482
Westchester,2020-03-06T00:00:00.000,0,20,9,53,53,20,2020-03-06,0,9,0,0.045641556874151,0
Westchester,2020-03-07T00:00:00.000,22,42,110,163,163,42,2020-03-07,22,110,0.2,0.0524179694956367,33.0474017601519
Westchester,2020-03-08T00:00:00.000,18,60,207,370,370,60,2020-03-08,18,207,0.0869565217391304,0.0600804162816688,26.7846191966938
Westchester,2020-03-09T00:00:00.000,42,102,222,592,592,102,2020-03-09,42,222,0.189189189189189,0.0686991369491264,61.9019200960496
Westchester,2020-03-10T00:00:00.000,9,111,177,769,769,111,2020-03-10,9,177,0.0508474576271186,0.0783356750791639,13.1369113823718
Westchester,2020-03-11T00:00:00.000,21,132,183,952,952,132,2020-03-11,21,183,0.114754098360656,0.0890384691310239,30.3544519475652
Westchester,2020-03-12T00:00:00.000,19,151,108,1060,1060,151,2020-03-12,19,108,0.175925925925926,0.100838141867793,27.1937397550946
Westchester,2020-03-13T00:00:00.000,20,171,209,1269,1269,171,2020-03-13,20,209,0.0956937799043062,0.113742799282835,28.3414632791112
Westchester,2020-03-14T00:00:00.000,11,182,220,1489,1489,182,2020-03-14,11,220,0.05,0.127733734738265,15.4323798760007
Westchester,2020-03-15T00:00:00.000,41,223,372,1861,1861,223,2020-03-15,41,372,0.110215053763441,0.14276198570641,56.9443961196467
Westchester,2020-03-16T00:00:00.000,157,380,1219,3080,3080,380,2020-03-16,157,1219,0.128794093519278,0.158746189652102,215.865085393581
Westchester,2020-03-17T00:00:00.000,158,538,1026,4106,4106,538,2020-03-17,158,1026,0.153996101364522,0.175572118482216,215.058061136222
Westchester,2020-03-18T00:00:00.000,261,799,1588,5694,5694,799,2020-03-18,261,1588,0.164357682619647,0.19309413500702,351.059931129748
Westchester,2020-03-19T00:00:00.000,292,1091,1483,7177,7177,1091,2020-03-19,292,1483,0.19689817936615,0.211138622641968,388.974452945074
Westchester,2020-03-20T00:00:00.000,296,1387,1459,8636,8636,1387,2020-03-20,296,1459,0.202878684030158,0.229509218470901,390.555450136063
Westchester,2020-03-21T00:00:00.000,486,1873,2011,10647,10647,1873,2020-03-21,486,2011,0.241670810542019,0.247993467486538,634.201485780482
Westchester,2020-03-22T00:00:00.000,1021,2894,4037,14684,14684,2894,2020-03-22,1021,4037,0.252910577161258,0.266370351180689,1323.40473294497
Westchester,2020-03-23T00:00:00.000,997,3891,3282,17966,17966,3891,2020-03-23,997,3282,0.303778184034126,0.284418057033976,1293.58525486143
Westchester,2020-03-24T00:00:00.000,800,4691,2371,20337,20337,4691,2020-03-24,800,2371,0.337410375369043,0.301921360486638,1037.2220982723
Westchester,2020-03-25T00:00:00.000,1253,5944,5951,26288,26288,5944,2020-03-25,1253,5951,0.210552848260797,0.318678081776023,1620.53379658941
Westchester,2020-03-26T00:00:00.000,1243,7187,3227,29515,29515,7187,2020-03-26,1243,3227,0.385187480632166,0.334504233772187,1602.27146850338
Westchester,2020-03-27T00:00:00.000,688,7875,1588,31103,31103,7875,2020-03-27,688,1588,0.433249370277078,0.349237661145878,890.670174278567
Westchester,2020-03-28T00:00:00.000,644,8519,1410,32513,32513,8519,2020-03-28,644,1410,0.456737588652482,0.362740152473475,833.221414804481
Westchester,2020-03-29T00:00:00.000,807,9326,1595,34108,34108,9326,2020-03-29,807,1595,0.505956112852665,0.374898158531977,1041.96683871767
Westchester,2020-03-30T00:00:00.000,641,9967,1515,35623,35623,9967,2020-03-30,641,1515,0.423102310231023,0.385622356070067,825.646293137864
Westchester,2020-03-31T00:00:00.000,716,10683,1567,37190,37190,10683,2020-03-31,716,1567,0.456924058710913,0.394846352436734,921.777962855394
Westchester,2020-04-01T00:00:00.000,884,11567,1891,39081,39081,11567,2020-04-01,884,1891,0.467477525118985,0.402524837274949,1142.71445475913
Westchester,2020-04-02T00:00:00.000,784,12351,1632,40713,40713,12351,2020-04-02,784,1632,0.480392156862745,0.408631463440703,1016.76059426829
Westchester,2020-04-03T00:00:00.000,730,13081,1621,42334,42334,13081,2020-04-03,730,1621,0.450339296730413,0.413156692632784,949.117690352435
Westchester,2020-04-04T00:00:00.000,642,13723,1621,43955,43955,13723,2020-04-04,642,1621,0.396051819864281,0.416105783427017,836.245711222116
Westchester,2020-04-05T00:00:00.000,571,14294,1398,45353,45353,14294,2020-04-05,571,1398,0.408440629470672,0.417497039482607,744.605029677905
Westchester,2020-04-06T00:00:00.000,510,14804,1348,46701,46701,14804,2020-04-06,510,1348,0.378338278931751,0.417360379813863,665.440396626343
Westchester,2020-04-07T00:00:00.000,1083,15887,2647,49348,49348,15887,2020-04-07,1083,2647,0.409142425387231,0.415736244704506,1413.2322921014
Westchester,2020-04-08T00:00:00.000,1117,17004,2889,52237,52237,17004,2020-04-08,1117,2889,0.386638975424022,0.412674811538393,1457.29391856684
Westchester,2020-04-09T00:00:00.000,1073,18077,2911,55148,55148,18077,2020-04-09,1073,2911,0.368601855032635,0.408235464832273,1402.1703202268
Westchester,2020-04-10T00:00:00.000,652,18729,1679,56827,56827,18729,2020-04-10,652,1679,0.388326384752829,0.402486443770202,852.796780711798
Westchester,2020-04-11T00:00:00.000,584,19313,1472,58299,58299,19313,2020-04-11,584,1472,0.396739130434783,0.395504577954356,764.090988116168
Westchester,2020-04-12T00:00:00.000,473,19786,1163,59462,59462,19786,2020-04-12,473,1163,0.4067067927773,0.387375017698957,618.734866551747
Westchester,2020-04-13T00:00:00.000,405,20191,1145,60607,60607,20191,2020-04-13,405,1145,0.353711790393013,0.378190868462216,529.487733216239
Westchester,2020-04-14T00:00:00.000,756,20947,2019,62626,62626,20947,2020-04-14,756,2019,0.37444279346211,0.36805264985124,988.812932306597
Westchester,2020-04-15T00:00:00.000,881,21828,2642,65268,65268,21828,2020-04-15,881,2642,0.333459500378501,0.35706751727154,1152.64045971356
Westchester,2020-04-16T00:00:00.000,648,22476,2042,67310,67310,22476,2020-04-16,648,2042,0.317335945151812,0.345348207899639,847.925801790509
Westchester,2020-04-17T00:00:00.000,703,23179,2298,69608,69608,23179,2020-04-17,703,2298,0.3059181897302,0.333011700428548,920.159048999539
Westchester,2020-04-18T00:00:00.000,624,23803,2133,71741,71741,23803,2020-04-18,624,2133,0.292545710267229,0.320177607792481,818.660542100112
Westchester,2020-04-19T00:00:00.000,503,24306,1599,73340,73340,24306,2020-04-19,503,1599,0.314571607254534,0.306966350987766,661.352096637621
Westchester,2020-04-20T00:00:00.000,350,24656,1208,74548,74548,24656,2020-04-20,350,1208,0.289735099337748,0.293497187115971,461.117047030594
Westchester,2020-04-21T00:00:00.000,620,25276,2016,76564,76564,25276,2020-04-21,620,2016,0.307539682539683,0.279886183198287,818.36181275531
Westchester,2020-04-22T00:00:00.000,683,25959,2317,78881,78881,25959,2020-04-22,683,2317,0.294777729823047,0.266244236917719,903.059709460043
Westchester,2020-04-23T00:00:00.000,674,26633,2672,81553,81553,26633,2020-04-23,674,2672,0.252245508982036,0.252675245233143,892.542547467913
Westchester,2020-04-24T00:00:00.000,598,27231,2468,84021,84021,27231,2020-04-24,598,2468,0.242301458670989,0.239274511979721,793.002332531533
Westchester,2020-04-25T00:00:00.000,433,27664,1951,85972,85972,27664,2020-04-25,433,1951,0.221937467965146,0.226127467476112,574.905425433063
Westchester,2020-04-26T00:00:00.000,343,28007,1764,87736,87736,28007,2020-04-26,343,1764,0.194444444444444,0.213308749334429,455.899394012748
Westchester,2020-04-27T00:00:00.000,238,28245,1408,89144,89144,28245,2020-04-27,238,1408,0.169034090909091,0.200881666997509,316.628284413187
Westchester,2020-04-28T00:00:00.000,381,28626,1843,90987,90987,28626,2020-04-28,381,1843,0.206728160607705,0.188898046202068,507.185829207926
Westchester,2020-04-29T00:00:00.000,344,28970,1842,92829,92829,28970,2020-04-29,344,1842,0.186753528773073,0.177398426184384,458.120636109521
Westchester,2020-04-30T00:00:00.000,262,29232,1613,94442,94442,29232,2020-04-30,262,1613,0.162430254184749,0.166412564052052,349.006455971344
Westchester,2020-05-01T00:00:00.000,394,29626,2359,96801,96801,29626,2020-05-01,394,2359,0.167019923696482,0.15596018841259,524.894015298479
Westchester,2020-05-02T00:00:00.000,258,29884,1809,98610,98610,29884,2020-05-02,258,1809,0.142620232172471,0.146051938237294,343.693862799776
Westchester,2020-05-03T00:00:00.000,213,30097,1662,100272,100272,30097,2020-05-03,213,1662,0.128158844765343,0.136690422559499,284.139771631373
Westchester,2020-05-04T00:00:00.000,143,30240,1225,101497,101497,30240,2020-05-04,143,1225,0.116734693877551,0.127871340852264,191.64735017291
Westchester,2020-05-05T00:00:00.000,186,30426,1434,102931,102931,30426,2020-05-05,186,1434,0.129707112970711,0.119584611481493,249.816795902226
Westchester,2020-05-06T00:00:00.000,282,30708,2311,105242,105242,30708,2020-05-06,282,2311,0.12202509736045,0.1118154651649,379.344927757837
Westchester,2020-05-07T00:00:00.000,197,30905,2224,107466,107466,30905,2020-05-07,197,2224,0.0885791366906475,0.104545470591733,265.255838690797
Westchester,2020-05-08T00:00:00.000,182,31087,1936,109402,109402,31087,2020-05-08,182,1936,0.0940082644628099,0.0977534693591353,244.813112477702
Westchester,2020-05-09T00:00:00.000,207,31294,1940,111342,111342,31294,2020-05-09,207,1940,0.106701030927835,0.091416406420803,278.021577879564
Westchester,2020-05-10T00:00:00.000,90,31384,1321,112663,112663,31384,2020-05-10,90,1321,0.0681302043906132,0.0855100499119739,120.679338648021
Westchester,2020-05-11T00:00:00.000,88,31472,984,113647,113647,31472,2020-05-11,88,984,0.0894308943089431,0.0800096003369554,118.160101193628
Westchester,2020-05-12T00:00:00.000,139,31611,1925,115572,115572,31611,2020-05-12,139,1925,0.0722077922077922,0.0748901936830598,187.008791981096
Westchester,2020-05-13T00:00:00.000,181,31792,2450,118022,118022,31792,2020-05-13,181,2450,0.0738775510204082,0.0701273061780862,243.950243538589
Westchester,2020-05-14T00:00:00.000,151,31943,2024,120046,120046,31943,2020-05-14,151,2024,0.074604743083004,0.0656970703467091,203.836039371275
Westchester,2020-05-15T00:00:00.000,154,32097,2059,122105,122105,32097,2020-05-15,154,2059,0.0747935891209325,0.0615765129795111,208.162104765803
Westchester,2020-05-16T00:00:00.000,127,32224,1940,124045,124045,32224,2020-05-16,127,1940,0.0654639175257732,0.0577437258214167,172.266307103089
Westchester,2020-05-17T00:00:00.000,99,32323,1326,125371,125371,32323,2020-05-17,99,1326,0.0746606334841629,0.0541779794530012,134.831806511442
Westchester,2020-05-18T00:00:00.000,79,32402,1125,126496,126496,32402,2020-05-18,79,1125,0.0702222222222222,0.0508597901279743,107.963034205814
Westchester,2020-05-19T00:00:00.000,115,32517,1867,128363,128363,32517,2020-05-19,115,1867,0.0615961435457954,0.0477709484274272,158.161165175921
Westchester,2020-05-20T00:00:00.000,156,32673,2671,131034,131034,32673,2020-05-20,156,2671,0.0584050917259453,0.0448945175663914,215.790281830003
Westchester,2020-05-21T00:00:00.000,94,32767,2350,133384,133384,32767,2020-05-21,94,2350,0.04,0.0422148081633689,130.698430440496
Westchester,2020-05-22T00:00:00.000,114,32881,3234,136618,136618,32881,2020-05-22,114,3234,0.0352504638218924,0.039717335285567,159.142331693556
Westchester,2020-05-23T00:00:00.000,87,32968,2542,139160,139160,32968,2020-05-23,87,2542,0.0342250196695515,0.0373887626579796,121.415734267819
Westchester,2020-05-24T00:00:00.000,81,33049,2323,141483,141483,33049,2020-05-24,81,2323,0.0348687042617305,0.0352168380966245,112.904899078161
Westchester,2020-05-25T00:00:00.000,58,33107,1695,143178,143178,33107,2020-05-25,58,1695,0.0342182890855457,0.0331903234858874,80.6664088446699
Westchester,2020-05-26T00:00:00.000,79,33186,2207,145385,145385,33186,2020-05-26,79,2207,0.0357951971001359,0.0312989219894418,109.508547017188
Westchester,2020-05-27T00:00:00.000,107,33293,3266,148651,148651,33293,2020-05-27,107,3266,0.0327617881200245,0.0295332046323179,147.696481204357
Westchester,2020-05-28T00:00:00.000,56,33349,3203,151854,151854,33349,2020-05-28,56,3203,0.0174836091164533,0.0278845379319361,76.9059077448233
Westchester,2020-05-29T00:00:00.000,80,33429,3388,155242,155242,33429,2020-05-29,80,3388,0.0236127508854782,0.0263450138635836,109.214615701918
Westchester,2020-05-30T00:00:00.000,52,33481,3290,158532,158532,33481,2020-05-30,52,3290,0.0158054711246201,0.0249073831178806,70.5121778087707
Westchester,2020-05-31T00:00:00.000,71,33552,3376,161908,161908,33552,2020-05-31,71,3376,0.0210308056872038,0.0235649923323306,95.587606615498
Westchester,2020-06-01T00:00:00.000,81,33633,3183,165091,165091,33633,2020-06-01,81,3183,0.0254476908576814,0.022311725751777,108.532472467
Westchester,2020-06-02T00:00:00.000,58,33691,3253,168344,168344,33691,2020-06-02,58,3253,0.0178296956655395,0.0211419515794666,77.3010514054212
Westchester,2020-06-03T00:00:00.000,76,33767,3524,171868,171868,33767,2020-06-03,76,3524,0.021566401816118,0.0200504731235768,100.696442776536
Westchester,2020-06-04T00:00:00.000,87,33854,4216,176084,176084,33854,2020-06-04,87,4216,0.0206356736242884,0.0190324847156356,114.533905251841
Westchester,2020-06-05T00:00:00.000,70,33924,3979,180063,180063,33924,2020-06-05,70,3979,0.0175923598894195,0.0180835322703268,91.6066130410529
Westchester,2020-06-06T00:00:00.000,30,33954,3162,183225,183225,33954,2020-06-06,30,3162,0.0094876660341556,0.0171994782745533,39.0584002349822
Westchester,2020-06-07T00:00:00.000,46,34000,3336,186561,186561,34000,2020-06-07,46,3336,0.01378896882494,0.0163764709304533,59.5544978559339
Westchester,2020-06-08T00:00:00.000,35,34035,2577,189138,189138,34035,2020-06-08,35,2577,0.013581684128832,0.0156109171306501,45.0254218821389
Westchester,2020-06-09T00:00:00.000,41,34076,3304,192442,192442,34076,2020-06-09,41,3304,0.012409200968523,0.014899458913211,52.436625014956
Westchester,2020-06-10T00:00:00.000,30,34106,3494,195936,195936,34106,2020-06-10,30,3494,0.00858614768174013,0.0142389530283654,38.3117789242892
Westchester,2020-06-11T00:00:00.000,69,34175,4954,200890,200890,34175,2020-06-11,69,4954,0.0139281388776746,0.0136264532439123,87.967316148154
Westchester,2020-06-12T00:00:00.000,78,34253,5099,205989,205989,34253,2020-06-12,78,5099,0.0152971170817807,0.0130591950217993,99.2509370716335
Westchester,2020-06-13T00:00:00.000,37,34290,3399,209388,209388,34290,2020-06-13,37,3399,0.010885554574875,0.0125345822129488,46.9809620044777
Westchester,2020-06-14T00:00:00.000,37,34327,3594,212982,212982,34327,2020-06-14,37,3594,0.0102949360044519,0.0120501754378819,46.8727550889026
Westchester,2020-06-15T00:00:00.000,31,34358,3204,216186,216186,34358,2020-06-15,31,3204,0.00967540574282147,0.0116036818467008,39.1745051514055
Westchester,2020-06-16T00:00:00.000,27,34385,3189,219375,219375,34385,2020-06-16,27,3189,0.00846660395108184,0.011192945980697,34.0297874130587
Westchester,2020-06-17T00:00:00.000,24,34409,3998,223373,223373,34409,2020-06-17,24,3998,0.00600300150075038,0.0108159414888611,30.1645532414721
Westchester,2020-06-18T00:00:00.000,46,34455,4521,227894,227894,34455,2020-06-18,46,4521,0.0101747401017474,0.0104707634842903,57.6443894257202
Westchester,2020-06-19T00:00:00.000,31,34486,3624,231518,231518,34486,2020-06-19,31,3624,0.00855408388520971,0.0101556213560608,38.7280519431717
Westchester,2020-06-20T00:00:00.000,35,34521,3879,235397,235397,34521,2020-06-20,35,3879,0.00902294405774684,0.0098688318824571,43.5866189695803
Westchester,2020-06-21T00:00:00.000,36,34557,3794,239191,239191,34557,2020-06-21,36,3794,0.00948866631523458,0.00960881251922784,44.6858631093443
Westchester,2020-06-22T00:00:00.000,24,34581,2844,242035,242035,34581,2020-06-22,24,2844,0.00843881856540084,0.00937407476258655,29.6911662481328
Westchester,2020-06-23T00:00:00.000,16,34597,2320,244355,244355,34597,2020-06-23,16,2320,0.00689655172413793,0.0091632175102949,19.7266946899022
Westchester,2020-06-24T00:00:00.000,45,34642,4611,248966,248966,34642,2020-06-24,45,4611,0.00975927130774236,0.00897492036632485,55.2890099523395
Westchester,2020-06-25T00:00:00.000,58,34700,4127,253093,253093,34700,2020-06-25,58,4127,0.0140537921007996,0.00880793685289372,71.010588031234
Westchester,2020-06-26T00:00:00.000,48,34748,4520,257613,257613,34748,2020-06-26,48,4520,0.0106194690265487,0.00866108751335596,58.557805296597
Westchester,2020-06-27T00:00:00.000,32,34780,3087,260700,260700,34780,2020-06-27,32,3087,0.0103660511823777,0.00853325290440007,38.8976979379849
Westchester,2020-06-28T00:00:00.000,18,34798,2560,263260,263260,34798,2020-06-28,18,2560,0.00703125,0.00842336649251693,21.8002048230206
Westchester,2020-06-29T00:00:00.000,40,34838,3702,266962,266962,34838,2020-06-29,40,3702,0.0108049702863317,0.00833040748458052,48.2666765971801
Westchester,2020-06-30T00:00:00.000,28,34866,3730,270692,270692,34866,2020-06-30,28,3730,0.00750670241286863,0.00825339363662866,33.6613043461652
Westchester,2020-07-01T00:00:00.000,46,34912,4469,275161,275161,34912,2020-07-01,46,4469,0.0102931304542403,0.00819137409989617,55.0938323101349
Westchester,2020-07-02T00:00:00.000,68,34980,4827,279988,279988,34980,2020-07-02,68,4827,0.0140874249015952,0.00814342237742146,81.1359318332942
Westchester,2020-07-03T00:00:00.000,40,35020,3437,283425,283425,35020,2020-07-03,40,3437,0.0116380564445738,0.00810862947829315,47.4813985472918
Westchester,2020-07-04T00:00:00.000,23,35043,4519,287944,287944,35043,2020-07-04,23,4519,0.00508962159769861,0.00808609737119381,27.233829347363
Westchester,2020-07-05T00:00:00.000,41,35084,3639,291583,291583,35084,2020-07-05,41,3639,0.0112668315471283,0.00807493285080894,48.359726141783
Westchester,2020-07-06T00:00:00.000,22,35106,3586,295169,295169,35106,2020-07-06,22,3586,0.00613496932515337,0.00807424194249782,25.8527557805614
Westchester,2020-07-07T00:00:00.000,48,35154,3387,298556,298556,35154,2020-07-07,48,3387,0.0141718334809566,0.00808312497941411,56.2907811571611
Westchester,2020-07-08T00:00:00.000,29,35183,4843,303399,303399,35183,2020-07-08,29,4843,0.00598802395209581,0.00810067249163988,33.9321250922072
Westchester,2020-07-09T00:00:00.000,43,35226,5182,308581,308581,35226,2020-07-09,43,5182,0.00829795445773832,0.0081259620488333,50.1960523496732
Westchester,2020-07-10T00:00:00.000,34,35260,4293,312874,312874,35260,2020-07-10,34,4293,0.00791986955508968,0.00815805619341896,39.5952212406344
Westchester,2020-07-11T00:00:00.000,37,35297,3958,316832,316832,35297,2020-07-11,37,3958,0.00934815563415867,0.00819600159154486,42.9837550158679
Westchester,2020-07-12T00:00:00.000,30,35327,3238,320070,320070,35327,2020-07-12,30,3238,0.00926497838171711,0.00823882951210077,34.7648282788125
Westchester,2020-07-13T00:00:00.000,39,35366,3851,323921,323921,35366,2020-07-13,39,3851,0.0101272396780057,0.00828555771870645,45.0794472999344
Westchester,2020-07-14T00:00:00.000,28,35394,3598,327519,327519,35394,2020-07-14,28,3598,0.00778210116731518,0.00833519382838464,32.2810519557096
Westchester,2020-07-15T00:00:00.000,28,35422,4364,331883,331883,35422,2020-07-15,28,4364,0.00641613198900092,0.00838674014975884,32.196270629294
Westchester,2020-07-16T00:00:00.000,41,35463,4989,336872,336872,35463,2020-07-16,41,4989,0.00821807977550611,0.00843919996853795,47.0189897367176
Westchester,2020-07-17T00:00:00.000,40,35503,4669,341541,341541,35503,2020-07-17,40,4669,0.00856714499892911,0.00849158519613174,45.8121072773985
Westchester,2020-07-18T00:00:00.000,12,35515,3004,344545,344545,35515,2020-07-18,12,3004,0.00399467376830892,0.0085429252433416,13.7627704026466
Westchester,2020-07-19T00:00:00.000,36,35551,3104,347649,347649,35551,2020-07-19,36,3104,0.0115979381443299,0.00859227692602454,41.3271912507606
Westchester,2020-07-20T00:00:00.000,36,35587,3044,350693,350693,35587,2020-07-20,36,3044,0.011826544021025,0.00863873515742534,41.34690414717
Westchester,2020-07-21T00:00:00.000,49,35636,4198,354891,354891,35636,2020-07-21,49,4198,0.0116722248689852,0.00868144413397213,56.2711212234147
Westchester,2020-07-22T00:00:00.000,31,35667,4000,358891,358891,35667,2020-07-22,31,4000,0.00775,0.00871960868418214,35.5756984552096
Westchester,2020-07-23T00:00:00.000,33,35700,4805,363696,363696,35700,2020-07-23,33,4805,0.0068678459937565,0.0087525054217284,37.8281441653863
Westchester,2020-07-24T00:00:00.000,38,35738,4045,367741,367741,35738,2020-07-24,38,4045,0.00939431396786156,0.00877949333214597,43.6744512209502
Westchester,2020-07-25T00:00:00.000,39,35777,3149,370890,370890,35777,2020-07-25,39,3149,0.0123848840901874,0.00880002342464841,44.9197209325276
Westchester,2020-07-26T00:00:00.000,22,35799,3937,374827,374827,35799,2020-07-26,22,3937,0.00558801117602235,0.00881364710017962,25.3709072036018
Westchester,2020-07-27T00:00:00.000,39,35838,3847,378674,378674,35838,2020-07-27,39,3847,0.0101377696906681,0.00882002292311986,44.9993433101805
Westchester,2020-07-28T00:00:00.000,36,35874,3393,382067,382067,35874,2020-07-28,36,3393,0.0106100795755968,0.00881892153526967,41.5292740253178
Westchester,2020-07-29T00:00:00.000,39,35913,4552,386619,386619,35913,2020-07-29,39,4552,0.0085676625659051,0.00881022851486433,44.9464859047043
Westchester,2020-07-30T00:00:00.000,20,35933,3133,389752,389752,35933,2020-07-30,20,3133,0.00638365783593999,0.00879394505877423,23.0091080899971
Westchester,2020-07-31T00:00:00.000,41,35974,4465,394217,394217,35974,2020-07-31,41,4465,0.00918253079507279,0.00877018644500568,47.0899981372641
Westchester,2020-08-01T00:00:00.000,24,35998,3363,397580,397580,35998,2020-08-01,24,3363,0.00713648528099911,0.00873917831620372,27.5526041516821
Westchester,2020-08-02T00:00:00.000,16,36014,2919,400499,400499,36014,2020-08-02,16,2919,0.00548132922233642,0.00870125090343308,18.3410086530848
Westchester,2020-08-03T00:00:00.000,35,36049,4310,404809,404809,36049,2020-08-03,35,4310,0.00812064965197216,0.00865683138213357,40.0417044686368
Westchester,2020-08-04T00:00:00.000,26,36075,4340,409149,409149,36075,2020-08-04,26,4340,0.00599078341013825,0.00860643461444699,29.6724366367486
Westchester,2020-08-05T00:00:00.000,32,36107,4246,413395,413395,36107,2020-08-05,32,4246,0.00753650494583137,0.00855065258036581,36.4137068529215
Westchester,2020-08-06T00:00:00.000,29,36136,3794,417189,417189,36136,2020-08-06,29,3794,0.00764364786505008,0.00849014283238241,32.9913788817123
Westchester,2020-08-07T00:00:00.000,44,36180,4021,421210,421210,36180,2020-08-07,44,4021,0.0109425516040786,0.00842561632574237,50.1117615473356
Westchester,2020-08-08T00:00:00.000,25,36205,4018,425228,425228,36205,2020-08-08,25,4018,0.00622200099552016,0.00835782497577207,28.4973521877578
Westchester,2020-08-09T00:00:00.000,28,36233,3572,428800,428800,36233,2020-08-09,28,3572,0.00783874580067189,0.00828754927836468,31.9362218996462
Westchester,2020-08-10T00:00:00.000,39,36272,4879,433679,433679,36272,2020-08-10,39,4879,0.0079934412789506,0.00821558630214394,44.496650922071
Westchester,2020-08-11T00:00:00.000,52,36324,4970,438649,438649,36324,2020-08-11,52,4970,0.0104627766599598,0.00814273832054687,59.3197144450409
Westchester,2020-08-12T00:00:00.000,33,36357,4767,443416,443416,36357,2020-08-12,33,4767,0.00692259282567653,0.00806980230553457,37.6215383142115
Westchester,2020-08-13T00:00:00.000,45,36402,4340,447756,447756,36402,2020-08-13,45,4340,0.01036866359447,0.0079975604529963,51.2549807138658
Westchester,2020-08-14T00:00:00.000,33,36435,5397,453153,453153,36435,2020-08-14,33,5397,0.00611450806003335,0.00792677185611201,37.5948150734351
Westchester,2020-08-15T00:00:00.000,18,36453,5180,458333,458333,36453,2020-08-15,18,5180,0.00347490347490347,0.00785816539035081,20.5485001117295
Westchester,2020-08-16T00:00:00.000,33,36486,3985,462318,462318,36486,2020-08-16,33,3985,0.0082810539523212,0.00779243382575778,37.7449058265288
Westchester,2020-08-17T00:00:00.000,54,36540,4984,467302,467302,36540,2020-08-17,54,4984,0.0108346709470305,0.00773022913711542,61.7841647568602
Westchester,2020-08-18T00:00:00.000,23,36563,4578,471880,471880,36563,2020-08-18,23,4578,0.00502402795980778,0.00767215894659957,26.3144688626786
Westchester,2020-08-19T00:00:00.000,23,36586,5147,477027,477027,36586,2020-08-19,23,5147,0.00446862249854284,0.00761878400373024,26.313067419944
Westchester,2020-08-20T00:00:00.000,35,36621,5357,482384,482384,36621,2020-08-20,35,5357,0.00653350756020161,0.00757061658490181,40.0394939129584
Westchester,2020-08-21T00:00:00.000,30,36651,6410,488794,488794,36651,2020-08-21,30,6410,0.0046801872074883,0.00752811968122066,34.3091490056366
Westchester,2020-08-22T00:00:00.000,38,36689,4646,493440,493440,36689,2020-08-22,38,4646,0.00817907877744296,0.0074917068364404,43.4461985942342
Westchester,2020-08-23T00:00:00.000,21,36710,3977,497417,497417,36710,2020-08-23,21,3977,0.00528036208197134,0.00746174249501215,24.0415813944843
Westchester,2020-08-24T00:00:00.000,32,36742,3725,501142,501142,36742,2020-08-24,32,3725,0.00859060402684564,0.00743854272704896,36.6675264333621
Westchester,2020-08-25T00:00:00.000,38,36780,4334,505476,505476,36780,2020-08-25,38,4334,0.00876788186432857,0.00742237620518045,43.5518678954672
Westchester,2020-08-26T00:00:00.000,45,36825,5279,510755,510755,36825,2020-08-26,45,5279,0.00852434173138852,0.00741346532290508,51.5509000002301
Westchester,2020-08-27T00:00:00.000,38,36863,4891,515646,515646,36863,2020-08-27,38,4891,0.00776937231649969,0.00741198735974658,43.4868924403929
Westchester,2020-08-28T00:00:00.000,32,36895,5080,520726,520726,36895,2020-08-28,32,5080,0.0062992125984252,0.00741807561765919,36.6638796985034
Westchester,2020-08-29T00:00:00.000,54,36949,5745,526471,526471,36949,2020-08-29,54,5745,0.00939947780678851,0.00743182047197826,62.0438829037507
Westchester,2020-08-30T00:00:00.000,35,36984,4143,530614,530614,36984,2020-08-30,35,4143,0.00844798455225682,0.0074532703017871,40.3281815886832
Westchester,2020-08-31T00:00:00.000,37,37021,4338,534952,534952,37021,2020-08-31,37,4338,0.00852927616413094,0.0074824322840532,42.7553493102054
Westchester,2020-09-01T00:00:00.000,36,37057,4422,539374,539374,37057,2020-09-01,36,4422,0.00814111261872456,0.00751927305669302,41.7201147933139
Westchester,2020-09-02T00:00:00.000,49,37106,5469,544843,544843,37106,2020-09-02,49,5469,0.00895959041872372,0.00756371927451436,56.9497782522678
Westchester,2020-09-03T00:00:00.000,46,37152,5292,550135,550135,37152,2020-09-03,46,5292,0.00869236583522298,0.00761565810041046,53.6163513049787
Westchester,2020-09-04T00:00:00.000,53,37205,5401,555536,555536,37205,2020-09-04,53,5401,0.00981299759303833,0.00767493768972529,61.9498537148741
Westchester,2020-09-05T00:00:00.000,41,37246,5013,560549,560549,37246,2020-09-05,41,5013,0.00817873528825055,0.00774136774028023,48.0557154295378
Westchester,2020-09-06T00:00:00.000,31,37277,3619,564168,564168,37277,2020-09-06,31,3619,0.00856590218292346,0.0078147201915009,36.4318287845929
Westchester,2020-09-07T00:00:00.000,37,37314,3039,567207,567207,37314,2020-09-07,37,3039,0.0121750575847318,0.00789473016465059,43.5927261543198
Westchester,2020-09-08T00:00:00.000,41,37355,3322,570529,570529,37355,2020-09-08,41,3322,0.0123419626730885,0.00798109724034268,48.4127013900992
Westchester,2020-09-09T00:00:00.000,50,37405,4394,574923,574923,37405,2020-09-09,50,4394,0.0113791533909877,0.00807348717100372,59.1596199189003
Westchester,2020-09-10T00:00:00.000,49,37454,4849,579772,579772,37454,2020-09-10,49,4849,0.0101051763250155,0.00817153412127446,58.0811832054424
Westchester,2020-09-11T00:00:00.000,32,37486,4795,584567,584567,37486,2020-09-11,32,4795,0.00667361835245047,0.00827484352190893,38.0414264996234
Westchester,2020-09-12T00:00:00.000,45,37531,3976,588543,588543,37531,2020-09-12,45,3976,0.011317907444668,0.00838299560911732,53.6814692710343
Westchester,2020-09-13T00:00:00.000,40,37571,3371,591914,591914,37571,2020-09-13,40,3371,0.0118659151587066,0.00849554970416848,47.8692685798821
Westchester,2020-09-14T00:00:00.000,30,37601,4081,595995,595995,37601,2020-09-14,30,4081,0.00735113942661112,0.00861204926545244,36.0055309533011
Westchester,2020-09-15T00:00:00.000,33,37634,4896,600891,600891,37634,2020-09-15,33,4896,0.00674019607843137,0.00873202772024985,39.7068614323127
Westchester,2020-09-16T00:00:00.000,38,37672,4826,605717,605717,37672,2020-09-16,38,4826,0.0078740157480315,0.00885501505428522,45.8223729618527
Westchester,2020-09-17T00:00:00.000,46,37718,4825,610542,610542,37718,2020-09-17,46,4825,0.00953367875647668,0.00898054510710615,55.5672863971735
Westchester,2020-09-18T00:00:00.000,37,37755,5740,616282,616282,37755,2020-09-18,37,5740,0.00644599303135888,0.00910816349069838,44.755052097603
Westchester,2020-09-19T00:00:00.000,46,37801,5776,622058,622058,37801,2020-09-19,46,5776,0.00796398891966759,0.00923743601845031,55.6365255302697
Westchester,2020-09-20T00:00:00.000,36,37837,3507,625565,625565,37837,2020-09-20,36,3507,0.0102651839178785,0.00936795750592951,43.4985134277681
Westchester,2020-09-21T00:00:00.000,29,37866,4373,629938,629938,37866,2020-09-21,29,4373,0.00663160301852275,0.00949936078046378,34.9878215707498
Westchester,2020-09-22T00:00:00.000,37,37903,3880,633818,633818,37903,2020-09-22,37,3880,0.0095360824742268,0.0096313257217007,44.5494432101138
Westchester,2020-09-23T00:00:00.000,45,37948,4839,638657,638657,37948,2020-09-23,45,4839,0.00929944203347799,0.00976358814397045,54.0440890484545
Westchester,2020-09-24T00:00:00.000,53,38001,5209,643866,643866,38001,2020-09-24,53,5209,0.0101746976387022,0.00989594833009021,63.4571374022076
Westchester,2020-09-25T00:00:00.000,50,38051,5411,649277,649277,38051,2020-09-25,50,5411,0.00924043614858621,0.0100282790332427,59.8511181597563
Westchester,2020-09-26T00:00:00.000,47,38098,5203,654480,654480,38098,2020-09-26,47,5203,0.0090332500480492,0.0101605327778276,56.3781002895017
Westchester,2020-09-27T00:00:00.000,35,38133,2944,657424,657424,38133,2020-09-27,35,2944,0.0118885869565217,0.0102927483138815,42.0497497820505
Westchester,2020-09-28T00:00:00.000,49,38182,4215,661639,661639,38182,2020-09-28,49,4215,0.0116251482799526,0.0104250561097825,58.9316026602356
Westchester,2020-09-29T00:00:00.000,57,38239,3993,665632,665632,38239,2020-09-29,57,3993,0.01427498121713,0.010557682802844,68.5900237426187
Westchester,2020-09-30T00:00:00.000,61,38300,5027,670659,670659,38300,2020-09-30,61,5027,0.0121344738412572,0.0106909545677388,73.4060037212437
Westchester,2020-10-01T00:00:00.000,46,38346,6018,676677,676677,38346,2020-10-01,46,6018,0.00764373546028581,0.0108252994029677,55.3302865299704
Westchester,2020-10-02T00:00:00.000,85,38431,6800,683477,683477,38431,2020-10-02,85,6800,0.0125,0.0109612483764,102.146212444521
Westchester,2020-10-03T00:00:00.000,44,38475,5443,688920,688920,38475,2020-10-03,44,5443,0.00808377732867904,0.0110994359096125,52.802870887331
Westchester,2020-10-04T00:00:00.000,40,38515,4438,693358,693358,38515,2020-10-04,40,4438,0.00901306894997747,0.0112405992139416,47.9158263212191
Westchester,2020-10-05T00:00:00.000,52,38567,4267,697625,697625,38567,2020-10-05,52,4267,0.0121865479259433,0.0113855770191074,62.1526008061329
Westchester,2020-10-06T00:00:00.000,61,38628,5097,702722,702722,38628,2020-10-06,61,5097,0.0119678242103198,0.0115353077560838,72.7204546998088
Westchester,2020-10-07T00:00:00.000,66,38694,7634,710356,710356,38694,2020-10-07,66,7634,0.00864553314121038,0.01169082736813,78.4489053034826
Westchester,2020-10-08T00:00:00.000,77,38771,7257,717613,717613,38771,2020-10-08,77,7257,0.0106104450875017,0.0118532669280728,91.2236388332812
Westchester,2020-10-09T00:00:00.000,76,38847,7337,724950,724950,38847,2020-10-09,76,7337,0.0103584571350688,0.012023850235834,89.7082541506835
Westchester,2020-10-10T00:00:00.000,47,38894,5815,730765,730765,38894,2020-10-10,47,5815,0.00808254514187446,0.012203891557854,55.2583477791064
Westchester,2020-10-11T00:00:00.000,107,39001,5332,736097,736097,39001,2020-10-11,107,5332,0.0200675168792198,0.0123947936515184,125.275548704446
Westchester,2020-10-12T00:00:00.000,63,39064,4990,741087,741087,39064,2020-10-12,63,4990,0.012625250501002,0.0125980461915237,73.4378029990138
Westchester,2020-10-13T00:00:00.000,54,39118,5661,746748,746748,39118,2020-10-13,54,5661,0.0095389507154213,0.0128152246862208,62.6608539700927
Westchester,2020-10-14T00:00:00.000,82,39200,6575,753323,753323,39200,2020-10-14,82,6575,0.0124714828897338,0.0130479899369806,94.7871632048613
Westchester,2020-10-15T00:00:00.000,88,39288,7113,760436,760436,39288,2020-10-15,88,7113,0.0123717137635316,0.01329808805836,101.395636885605
Westchester,2020-10-16T00:00:00.000,110,39398,7386,767822,767822,39398,2020-10-16,110,7386,0.0148930408881668,0.0135673510381172,126.565801963582
Westchester,2020-10-17T00:00:00.000,78,39476,5852,773674,773674,39476,2020-10-17,78,5852,0.0133287764866712,0.0138576977789365,89.6630199602396
Westchester,2020-10-18T00:00:00.000,72,39548,4893,778567,778567,39548,2020-10-18,72,4893,0.0147148988350705,0.0141711355259824,82.7067098099953
Westchester,2020-10-19T00:00:00.000,68,39616,4171,782738,782738,39616,2020-10-19,68,4171,0.0163030448333733,0.0145097615476158,78.1301927004049
Westchester,2020-10-20T00:00:00.000,78,39694,4962,787700,787700,39694,2020-10-20,78,4962,0.0157194679564692,0.0148757649041639,89.7486186556622
Westchester,2020-10-21T00:00:00.000,95,39789,7568,795268,795268,39789,2020-10-21,95,7568,0.0125528541226216,0.0152714281071254,109.470231085942
Westchester,2020-10-22T00:00:00.000,101,39890,7241,802509,802509,39890,2020-10-22,101,7241,0.0139483496754592,0.0156991284451055,116.606283427987
Westchester,2020-10-23T00:00:00.000,151,40041,7199,809708,809708,40041,2020-10-23,151,7199,0.0209751354354771,0.0161613387300834,174.621133323143
Westchester,2020-10-24T00:00:00.000,90,40131,5455,815163,815163,40131,2020-10-24,90,5455,0.0164986251145738,0.0166606272006319,104.224897642748
Westchester,2020-10-25T00:00:00.000,71,40202,4502,819665,819665,40202,2020-10-25,71,4502,0.0157707685473123,0.0171996563109745,82.3162599372163
Westchester,2020-10-26T00:00:00.000,120,40322,5760,825425,825425,40322,2020-10-26,120,5760,0.0208333333333333,0.0177811801320283,139.250270537114
Westchester,2020-10-27T00:00:00.000,116,40438,6312,831737,831737,40438,2020-10-27,116,6312,0.0183776932826362,0.0184080401053983,134.694590400976
Westchester,2020-10-28T00:00:00.000,116,40554,7381,839118,839118,40554,2020-10-28,116,7381,0.0157160276385314,0.0190831589109561,134.746846340502
Westchester,2020-10-29T00:00:00.000,127,40681,7446,846564,846564,40681,2020-10-29,127,7446,0.0170561375235026,0.0198095322535247,147.545420595524
Westchester,2020-10-30T00:00:00.000,116,40797,6188,852752,852752,40797,2020-10-30,116,6188,0.0187459599224305,0.0205902184286896,134.752476105655
Westchester,2020-10-31T00:00:00.000,149,40946,7355,860107,860107,40946,2020-10-31,149,7355,0.0202583276682529,0.0214283256121568,173.029484341764
Westchester,2020-11-01T00:00:00.000,115,41061,5095,865202,865202,41061,2020-11-01,115,5095,0.0225711481844946,0.0223269969164131,133.471515073578
Westchester,2020-11-02T00:00:00.000,165,41226,6484,871686,871686,41226,2020-11-02,165,6484,0.0254472547809994,0.0232893933921774,191.35394229871
Westchester,2020-11-03T00:00:00.000,134,41360,6358,878044,878044,41360,2020-11-03,134,6358,0.0210758100031456,0.0243186753052017,155.249873204976
Westchester,2020-11-04T00:00:00.000,182,41542,7790,885834,885834,41542,2020-11-04,182,7790,0.0233632862644416,0.0254179822036907,210.613385447221
Westchester,2020-11-05T00:00:00.000,178,41720,7653,893487,893487,41720,2020-11-05,178,7653,0.0232588527374886,0.0265904125004483,205.704172119885
Westchester,2020-11-06T00:00:00.000,234,41954,8184,901671,901671,41954,2020-11-06,234,8184,0.0285923753665689,0.0278390035229371,270.006018265985
Westchester,2020-11-07T00:00:00.000,225,42179,6606,908277,908277,42179,2020-11-07,225,6606,0.0340599455040872,0.0291667132368126,259.182944897377
Westchester,2020-11-08T00:00:00.000,275,42454,6601,914878,914878,42454,2020-11-08,275,6601,0.0416603544917437,0.0305764051036994,316.177733172766
Westchester,2020-11-09T00:00:00.000,242,42696,5528,920406,920406,42696,2020-11-09,242,5528,0.0437771345875543,0.0320708378005622,277.757913243072
Westchester,2020-11-10T00:00:00.000,244,42940,7158,927564,927564,42940,2020-11-10,244,7158,0.0340877340039117,0.0336526617781207,280.070553948621
Westchester,2020-11-11T00:00:00.000,352,43292,8163,935727,935727,43292,2020-11-11,352,8163,0.043121401445547,0.0353244248783326,404.447209088765
Westchester,2020-11-12T00:00:00.000,364,43656,9137,944864,944864,43656,2020-11-12,364,9137,0.039838021232352,0.0370885894362199,420.080376114458
Westchester,2020-11-13T00:00:00.000,437,44093,9495,954359,954359,44093,2020-11-13,437,9495,0.0460242232754081,0.038947563466833,506.569887511924
Westchester,2020-11-14T00:00:00.000,253,44346,6983,961342,961342,44346,2020-11-14,253,6983,0.0362308463411141,0.0409037486737525,294.586296858667
Westchester,2020-11-15T00:00:00.000,230,44576,6167,967509,967509,44576,2020-11-15,230,6167,0.037295281336144,0.0429596081020667,269.001082538272
Westchester,2020-11-16T00:00:00.000,399,44975,8953,976462,976462,44975,2020-11-16,399,8953,0.0445660672400313,0.0451177563180698,468.735012737314
Westchester,2020-11-17T00:00:00.000,360,45335,7332,983794,983794,45335,2020-11-17,360,7332,0.0490998363338789,0.0473810750301859,424.790469260877
Westchester,2020-11-18T00:00:00.000,337,45672,9771,993565,993565,45672,2020-11-18,337,9771,0.0344898168048306,0.0497528570991114,399.398198019224
Wyoming,2020-03-01T00:00:00.000,0,0,0,0,0,0,2020-03-01,0,0,0.333333333333333,0.0552310093956751,0
Wyoming,2020-03-02T00:00:00.000,0,0,0,0,0,0,2020-03-02,0,0,0.333333333333333,0.0573415414001385,0
Wyoming,2020-03-03T00:00:00.000,0,0,0,0,0,0,2020-03-03,0,0,0.333333333333333,0.059527303889707,0
Wyoming,2020-03-04T00:00:00.000,0,0,0,0,0,0,2020-03-04,0,0,0.333333333333333,0.061789969013919,0
Wyoming,2020-03-05T00:00:00.000,0,0,0,0,0,0,2020-03-05,0,0,0.333333333333333,0.0641308398184665,0
Wyoming,2020-03-06T00:00:00.000,0,0,0,0,0,0,2020-03-06,0,0,0.333333333333333,0.0665507786197716,0
Wyoming,2020-03-07T00:00:00.000,0,0,0,0,0,0,2020-03-07,0,0,0.333333333333333,0.0690501287206764,0
Wyoming,2020-03-08T00:00:00.000,0,0,0,0,0,0,2020-03-08,0,0,0.333333333333333,0.0716286296486985,0
Wyoming,2020-03-09T00:00:00.000,0,0,0,0,0,0,2020-03-09,0,0,0.333333333333333,0.0742853263454213,0
Wyoming,2020-03-10T00:00:00.000,0,0,0,0,0,0,2020-03-10,0,0,0.333333333333333,0.0770184730108468,0
Wyoming,2020-03-11T00:00:00.000,0,0,0,0,0,0,2020-03-11,0,0,0.333333333333333,0.0798254326322717,0
Wyoming,2020-03-12T00:00:00.000,0,0,0,0,0,0,2020-03-12,0,0,0.333333333333333,0.0827025735782161,0
Wyoming,2020-03-13T00:00:00.000,0,0,0,0,0,0,2020-03-13,0,0,0.333333333333333,0.0856451650207883,0
Wyoming,2020-03-14T00:00:00.000,0,0,0,0,0,0,2020-03-14,0,0,0.333333333333333,0.0886472733535399,0
Wyoming,2020-03-15T00:00:00.000,1,1,3,3,3,1,2020-03-15,1,3,0.333333333333333,0.0917016621731999,1.32875097982692
Wyoming,2020-03-16T00:00:00.000,0,1,0,3,3,1,2020-03-16,0,0,0.166666666666667,0.094799698798802,0
Wyoming,2020-03-17T00:00:00.000,0,1,2,5,5,1,2020-03-17,0,2,0,0.097931270659273,0
Wyoming,2020-03-18T00:00:00.000,1,2,6,11,11,2,2020-03-18,1,6,0.166666666666667,0.101084715207678,1.26075992833054
Wyoming,2020-03-19T00:00:00.000,0,2,3,14,14,2,2020-03-19,0,3,0,0.104246767252437,0
Wyoming,2020-03-20T00:00:00.000,0,2,0,14,14,2,2020-03-20,0,0,0,0.107402527750626,0
Wyoming,2020-03-21T00:00:00.000,0,2,4,18,18,2,2020-03-21,0,4,0,0.110535458126251,0
Wyoming,2020-03-22T00:00:00.000,2,4,11,29,29,4,2020-03-22,2,11,0.181818181818182,0.113627404068021,2.38065606563754
Wyoming,2020-03-23T00:00:00.000,0,4,8,37,37,4,2020-03-23,0,8,0,0.116658652489482,0
Wyoming,2020-03-24T00:00:00.000,0,4,7,44,44,4,2020-03-24,0,7,0,0.119608024907832,0
Wyoming,2020-03-25T00:00:00.000,3,7,9,53,53,7,2020-03-25,3,9,0.333333333333333,0.122453009902575,3.52606248011193
Wyoming,2020-03-26T00:00:00.000,0,7,14,67,67,7,2020-03-26,0,14,0,0.125169936564215,0
Wyoming,2020-03-27T00:00:00.000,0,7,15,82,82,7,2020-03-27,0,15,0,0.127734189951648,0
Wyoming,2020-03-28T00:00:00.000,1,8,13,95,95,8,2020-03-28,1,13,0.0769230769230769,0.130120468565763,1.16774913614523
Wyoming,2020-03-29T00:00:00.000,0,8,7,102,102,8,2020-03-29,0,7,0,0.132303082733573,0
Wyoming,2020-03-30T00:00:00.000,1,9,13,115,115,9,2020-03-30,1,13,0.0769230769230769,0.134256291632864,1.15907956794682
Wyoming,2020-03-31T00:00:00.000,1,10,10,125,125,10,2020-03-31,1,10,0.1,0.135954675474961,1.1572039317473
Wyoming,2020-04-01T00:00:00.000,4,14,12,137,137,14,2020-04-01,4,12,0.333333333333333,0.137373538151225,4.64361801542115
Wyoming,2020-04-02T00:00:00.000,1,15,11,148,148,15,2020-04-02,1,11,0.0909090909090909,0.138489334447248,1.16388774700843
Wyoming,2020-04-03T00:00:00.000,3,18,11,159,159,18,2020-04-03,3,11,0.272727272727273,0.139280114764891,3.49861291627872
Wyoming,2020-04-04T00:00:00.000,4,22,16,175,175,22,2020-04-04,4,16,0.25,0.13972597916509,4.67160600135059
Wyoming,2020-04-05T00:00:00.000,1,23,6,181,181,23,2020-04-05,1,6,0.166666666666667,0.139809531481239,1.168902251734
Wyoming,2020-04-06T00:00:00.000,0,23,7,188,188,23,2020-04-06,0,7,0,0.139516323255663,0
Wyoming,2020-04-07T00:00:00.000,4,27,18,206,206,27,2020-04-07,4,18,0.222222222222222,0.13883527633543,4.67749445304922
Wyoming,2020-04-08T00:00:00.000,2,29,12,218,218,29,2020-04-08,2,12,0.166666666666667,0.137759072176026,2.33816523999653
Wyoming,2020-04-09T00:00:00.000,1,30,13,231,231,30,2020-04-09,1,13,0.0769230769230769,0.13628449528055,1.17099386602677
Wyoming,2020-04-10T00:00:00.000,1,31,12,243,243,31,2020-04-10,1,12,0.0833333333333333,0.134412717817675,1.17210594041657
Wyoming,2020-04-11T00:00:00.000,0,31,2,245,245,31,2020-04-11,0,2,0,0.132149512438897,0
Wyoming,2020-04-12T00:00:00.000,0,31,2,247,247,31,2020-04-12,0,2,0,0.129505380722935,0
Wyoming,2020-04-13T00:00:00.000,1,32,21,268,268,32,2020-04-13,1,21,0.0476190476190476,0.126495585698703,1.17175634291674
Wyoming,2020-04-14T00:00:00.000,2,34,9,277,277,34,2020-04-14,2,9,0.222222222222222,0.123140078602794,2.34461363176388
Wyoming,2020-04-15T00:00:00.000,0,34,8,285,285,34,2020-04-15,0,8,0,0.119463312561812,0
Wyoming,2020-04-16T00:00:00.000,1,35,11,296,296,35,2020-04-16,1,11,0.0909090909090909,0.115493939254763,1.17277052837951
Wyoming,2020-04-17T00:00:00.000,1,36,6,302,302,36,2020-04-17,1,6,0.166666666666667,0.111264388818243,1.17299793015591
Wyoming,2020-04-18T00:00:00.000,0,36,6,308,308,36,2020-04-18,0,6,0,0.106810338158462,0
Wyoming,2020-04-19T00:00:00.000,0,36,4,312,312,36,2020-04-19,0,4,0,0.102170078207296,0
Wyoming,2020-04-20T00:00:00.000,0,36,6,318,318,36,2020-04-20,0,6,0,0.097383796182984,0
Wyoming,2020-04-21T00:00:00.000,4,40,14,332,332,40,2020-04-21,4,14,0.285714285714286,0.0924927941456609,4.72635459491619
Wyoming,2020-04-22T00:00:00.000,1,41,15,347,347,41,2020-04-22,1,15,0.0666666666666667,0.0875386696315799,1.18300814663257
Wyoming,2020-04-23T00:00:00.000,2,43,18,365,365,43,2020-04-23,2,18,0.111111111111111,0.0825624874283481,2.36821449256161
Wyoming,2020-04-24T00:00:00.000,14,57,117,482,482,57,2020-04-24,14,117,0.11965811965812,0.0776039732131827,16.5882307601019
Wyoming,2020-04-25T00:00:00.000,2,59,19,501,501,59,2020-04-25,2,19,0.105263157894737,0.0727007595593895,2.37059339154619
Wyoming,2020-04-26T00:00:00.000,4,63,15,516,516,63,2020-04-26,4,15,0.266666666666667,0.0678877125940665,4.7414714171715
Wyoming,2020-04-27T00:00:00.000,0,63,9,525,525,63,2020-04-27,0,9,0,0.0631963634863329,0
Wyoming,2020-04-28T00:00:00.000,2,65,26,551,551,65,2020-04-28,2,26,0.0769230769230769,0.0586544632327237,2.36853327658869
Wyoming,2020-04-29T00:00:00.000,2,67,17,568,568,67,2020-04-29,2,17,0.117647058823529,0.0542856723734248,2.36605564427314
Wyoming,2020-04-30T00:00:00.000,1,68,16,584,584,68,2020-04-30,1,16,0.0625,0.0501093898861778,1.18142313102179
Wyoming,2020-05-01T00:00:00.000,1,69,32,616,616,69,2020-05-01,1,32,0.03125,0.0461407181903188,1.17945794215692
Wyoming,2020-05-02T00:00:00.000,0,69,15,631,631,69,2020-05-02,0,15,0,0.0423905545458207,0
Wyoming,2020-05-03T00:00:00.000,0,69,16,647,647,69,2020-05-03,0,16,0,0.0388657936255427,0
Wyoming,2020-05-04T00:00:00.000,1,70,24,671,671,70,2020-05-04,1,24,0.0416666666666667,0.0355696220162341,1.17922691872064
Wyoming,2020-05-05T00:00:00.000,0,70,42,713,713,70,2020-05-05,0,42,0,0.0325018830222194,0
Wyoming,2020-05-06T00:00:00.000,1,71,22,735,735,71,2020-05-06,1,22,0.0454545454545455,0.0296594893858166,1.17801644352011
Wyoming,2020-05-07T00:00:00.000,2,73,130,865,865,73,2020-05-07,2,130,0.0153846153846154,0.0270368622497402,2.3523060649758
Wyoming,2020-05-08T00:00:00.000,2,75,187,1052,1052,75,2020-05-08,2,187,0.0106951871657754,0.024626376588203,2.3437976623015
Wyoming,2020-05-09T00:00:00.000,2,77,26,1078,1078,77,2020-05-09,2,26,0.0769230769230769,0.0224187961002834,2.3339791291748
Wyoming,2020-05-10T00:00:00.000,0,77,39,1117,1117,77,2020-05-10,0,39,0,0.0204036838421865,0
Wyoming,2020-05-11T00:00:00.000,0,77,24,1141,1141,77,2020-05-11,0,24,0,0.0185697783482638,0
Wyoming,2020-05-12T00:00:00.000,0,77,63,1204,1204,77,2020-05-12,0,63,0,0.0169053283787855,0
Wyoming,2020-05-13T00:00:00.000,0,77,41,1245,1245,77,2020-05-13,0,41,0,0.0153983825268633,0
Wyoming,2020-05-14T00:00:00.000,0,77,106,1351,1351,77,2020-05-14,0,106,0,0.0140370325763834,0
Wyoming,2020-05-15T00:00:00.000,1,78,28,1379,1379,78,2020-05-15,1,28,0.0357142857142857,0.0128096116534411,1.15529538058106
Wyoming,2020-05-16T00:00:00.000,0,78,43,1422,1422,78,2020-05-16,0,43,0,0.0117048498399431,0
Wyoming,2020-05-17T00:00:00.000,1,79,56,1478,1478,79,2020-05-17,1,56,0.0178571428571429,0.0107119910418503,1.15814223156963
Wyoming,2020-05-18T00:00:00.000,0,79,27,1505,1505,79,2020-05-18,0,27,0,0.00982087558460037,0
Wyoming,2020-05-19T00:00:00.000,0,79,60,1565,1565,79,2020-05-19,0,60,0,0.00902199331191871,0
Wyoming,2020-05-20T00:00:00.000,0,79,64,1629,1629,79,2020-05-20,0,64,0,0.00830651197413333,0
Wyoming,2020-05-21T00:00:00.000,0,79,46,1675,1675,79,2020-05-21,0,46,0,0.00766628548017055,0
Wyoming,2020-05-22T00:00:00.000,1,80,150,1825,1825,80,2020-05-22,1,150,0.00666666666666667,0.00709384622615484,1.17508973429349
Wyoming,2020-05-23T00:00:00.000,1,81,113,1938,1938,81,2020-05-23,1,113,0.00884955752212389,0.00658238526096307,1.17305922309031
Wyoming,2020-05-24T00:00:00.000,1,82,42,1980,1980,82,2020-05-24,1,42,0.0238095238095238,0.00612572355281369,1.17022257334362
Wyoming,2020-05-25T00:00:00.000,0,82,29,2009,2009,82,2020-05-25,0,29,0,0.00571827711920352,0
Wyoming,2020-05-26T00:00:00.000,0,82,42,2051,2051,82,2020-05-26,0,42,0,0.00535501829942521,0
Wyoming,2020-05-27T00:00:00.000,0,82,77,2128,2128,82,2020-05-27,0,77,0,0.00503143500432808,0
Wyoming,2020-05-28T00:00:00.000,0,82,66,2194,2194,82,2020-05-28,0,66,0,0.00474348938004374,0
Wyoming,2020-05-29T00:00:00.000,2,84,90,2284,2284,84,2020-05-29,2,90,0.0222222222222222,0.00448757697706043,2.28745267952804
Wyoming,2020-05-30T00:00:00.000,2,86,45,2329,2329,86,2020-05-30,2,45,0.0444444444444444,0.00426048722309559,2.27302334927089
Wyoming,2020-05-31T00:00:00.000,0,86,85,2414,2414,86,2020-05-31,0,85,0,0.00405936575556526,0
Wyoming,2020-06-01T00:00:00.000,0,86,229,2643,2643,86,2020-06-01,0,229,0,0.00388167897258944,0
Wyoming,2020-06-02T00:00:00.000,1,87,91,2734,2734,87,2020-06-02,1,91,0.010989010989011,0.00372518100586079,1.12036011127351
Wyoming,2020-06-03T00:00:00.000,0,87,122,2856,2856,87,2020-06-03,0,122,0,0.00358788319820926,0
Wyoming,2020-06-04T00:00:00.000,1,88,67,2923,2923,88,2020-06-04,1,67,0.0149253731343284,0.00346802607811207,1.11038478674942
Wyoming,2020-06-05T00:00:00.000,1,89,129,3052,3052,89,2020-06-05,1,129,0.00775193798449612,0.0033640537579435,1.10608054234919
Wyoming,2020-06-06T00:00:00.000,0,89,124,3176,3176,89,2020-06-06,0,124,0,0.00327459063721657,0
Wyoming,2020-06-07T00:00:00.000,1,90,127,3303,3303,90,2020-06-07,1,127,0.0078740157480315,0.00319842026277628,1.09958360659258
Wyoming,2020-06-08T00:00:00.000,1,91,102,3405,3405,91,2020-06-08,1,102,0.00980392156862745,0.00313446618139764,1.09562835533904
Wyoming,2020-06-09T00:00:00.000,0,91,188,3593,3593,91,2020-06-09,0,188,0,0.00308177461356952,0
Wyoming,2020-06-10T00:00:00.000,0,91,97,3690,3690,91,2020-06-10,0,97,0,0.00303949877787246,0
Wyoming,2020-06-11T00:00:00.000,0,91,97,3787,3787,91,2020-06-11,0,97,0,0.00300688470169928,0
Wyoming,2020-06-12T00:00:00.000,0,91,113,3900,3900,91,2020-06-12,0,113,0,0.00298325836439338,0
Wyoming,2020-06-13T00:00:00.000,1,92,65,3965,3965,92,2020-06-13,1,65,0.0153846153846154,0.00296801403195076,1.09940014510879
Wyoming,2020-06-14T00:00:00.000,0,92,49,4014,4014,92,2020-06-14,0,49,0,0.00296060365746156,0
Wyoming,2020-06-15T00:00:00.000,1,93,201,4215,4215,93,2020-06-15,1,201,0.00497512437810945,0.00296052723753873,1.10234909581459
Wyoming,2020-06-16T00:00:00.000,0,93,85,4300,4300,93,2020-06-16,0,85,0,0.00296732403165183,0
Wyoming,2020-06-17T00:00:00.000,0,93,68,4368,4368,93,2020-06-17,0,68,0,0.00298056456792066,0
Wyoming,2020-06-18T00:00:00.000,0,93,126,4494,4494,93,2020-06-18,0,126,0,0.002999843375142,0
Wyoming,2020-06-19T00:00:00.000,0,93,33,4527,4527,93,2020-06-19,0,33,0,0.00302477239634496,0
Wyoming,2020-06-20T00:00:00.000,0,93,33,4560,4560,93,2020-06-20,0,33,0,0.00305497505343244,0
Wyoming,2020-06-21T00:00:00.000,0,93,151,4711,4711,93,2020-06-21,0,151,0,0.00309008094534634,0
Wyoming,2020-06-22T00:00:00.000,0,93,147,4858,4858,93,2020-06-22,0,147,0,0.00312972117322968,0
Wyoming,2020-06-23T00:00:00.000,0,93,83,4941,4941,93,2020-06-23,0,83,0,0.00317352429503126,0
Wyoming,2020-06-24T00:00:00.000,0,93,95,5036,5036,93,2020-06-24,0,95,0,0.00322111291847759,0
Wyoming,2020-06-25T00:00:00.000,1,94,167,5203,5203,94,2020-06-25,1,167,0.00598802395209581,0.00327210094556313,1.10889484756282
Wyoming,2020-06-26T00:00:00.000,1,95,113,5316,5316,95,2020-06-26,1,113,0.00884955752212389,0.0033260914826544,1.10861239575907
Wyoming,2020-06-27T00:00:00.000,0,95,65,5381,5381,95,2020-06-27,0,65,0,0.00338267542903516,0
Wyoming,2020-06-28T00:00:00.000,0,95,149,5530,5530,95,2020-06-28,0,149,0,0.0034414307522283,0
Wyoming,2020-06-29T00:00:00.000,0,95,99,5629,5629,95,2020-06-29,0,99,0,0.00350192245147604,0
Wyoming,2020-06-30T00:00:00.000,0,95,94,5723,5723,95,2020-06-30,0,94,0,0.0035637032015144,0
Wyoming,2020-07-01T00:00:00.000,0,95,167,5890,5890,95,2020-07-01,0,167,0,0.00362631465737913,0
Wyoming,2020-07-02T00:00:00.000,0,95,112,6002,6002,95,2020-07-02,0,112,0,0.00368928938823562,0
Wyoming,2020-07-03T00:00:00.000,1,96,224,6226,6226,96,2020-07-03,1,224,0.00446428571428571,0.00375215339470705,1.09899780246882
Wyoming,2020-07-04T00:00:00.000,1,97,64,6290,6290,97,2020-07-04,1,64,0.015625,0.0038144291501778,1.09837321679505
Wyoming,2020-07-05T00:00:00.000,0,97,42,6332,6332,97,2020-07-05,0,42,0,0.00387563909348535,0
Wyoming,2020-07-06T00:00:00.000,0,97,89,6421,6421,97,2020-07-06,0,89,0,0.00393530948827339,0
Wyoming,2020-07-07T00:00:00.000,1,98,67,6488,6488,98,2020-07-07,1,67,0.0149253731343284,0.00399297455421351,1.09286813414919
Wyoming,2020-07-08T00:00:00.000,1,99,222,6710,6710,99,2020-07-08,1,222,0.0045045045045045,0.00404818076779668,1.09165885975623
Wyoming,2020-07-09T00:00:00.000,2,101,70,6780,6780,101,2020-07-09,2,70,0.0285714285714286,0.00410049122566551,2.18035501631911
Wyoming,2020-07-10T00:00:00.000,0,101,211,6991,6991,101,2020-07-10,0,211,0,0.00414948996230477,0
Wyoming,2020-07-11T00:00:00.000,0,101,86,7077,7077,101,2020-07-11,0,86,0,0.00419478611598243,0
Wyoming,2020-07-12T00:00:00.000,1,102,65,7142,7142,102,2020-07-12,1,65,0.0153846153846154,0.00423601784233689,1.08424657833559
Wyoming,2020-07-13T00:00:00.000,1,103,215,7357,7357,103,2020-07-13,1,215,0.00465116279069767,0.00427285588395924,1.08181656080879
Wyoming,2020-07-14T00:00:00.000,0,103,97,7454,7454,103,2020-07-14,0,97,0,0.00430500671561207,0
Wyoming,2020-07-15T00:00:00.000,0,103,92,7546,7546,103,2020-07-15,0,92,0,0.00433221519893426,0
Wyoming,2020-07-16T00:00:00.000,0,103,75,7621,7621,103,2020-07-16,0,75,0,0.00435426669579844,0
Wyoming,2020-07-17T00:00:00.000,1,104,83,7704,7704,104,2020-07-17,1,83,0.0120481927710843,0.00437098860626952,1.07171514501675
Wyoming,2020-07-18T00:00:00.000,0,104,161,7865,7865,104,2020-07-18,0,161,0,0.00438225131393439,0
Wyoming,2020-07-19T00:00:00.000,0,104,113,7978,7978,104,2020-07-19,0,113,0,0.004387968537958,0
Wyoming,2020-07-20T00:00:00.000,3,107,114,8092,8092,107,2020-07-20,3,114,0.0263157894736842,0.00438809710667581,3.21991463648591
Wyoming,2020-07-21T00:00:00.000,1,108,102,8194,8194,108,2020-07-21,1,102,0.00980392156862745,0.00438263618174014,1.07251613186415
Wyoming,2020-07-22T00:00:00.000,0,108,122,8316,8316,108,2020-07-22,0,122,0,0.00437162597351262,0
Wyoming,2020-07-23T00:00:00.000,2,110,101,8417,8417,110,2020-07-23,2,101,0.0198019801980198,0.00435514599857329,2.13805131431136
Wyoming,2020-07-24T00:00:00.000,0,110,151,8568,8568,110,2020-07-24,0,151,0,0.00433331293716745,0
Wyoming,2020-07-25T00:00:00.000,0,110,209,8777,8777,110,2020-07-25,0,209,0,0.00430627815344956,0
Wyoming,2020-07-26T00:00:00.000,0,110,175,8952,8952,110,2020-07-26,0,175,0,0.0042742249437606,0
Wyoming,2020-07-27T00:00:00.000,1,111,106,9058,9058,111,2020-07-27,1,106,0.00943396226415094,0.00423736557829229,1.07227008786768
Wyoming,2020-07-28T00:00:00.000,0,111,83,9141,9141,111,2020-07-28,0,83,0,0.00419593819974376,0
Wyoming,2020-07-29T00:00:00.000,0,111,129,9270,9270,111,2020-07-29,0,129,0,0.00415020363920509,0
Wyoming,2020-07-30T00:00:00.000,1,112,114,9384,9384,112,2020-07-30,1,114,0.0087719298245614,0.00410044220448425,1.06594423058217
Wyoming,2020-07-31T00:00:00.000,0,112,74,9458,9458,112,2020-07-31,0,74,0,0.00404695049074394,0
Wyoming,2020-08-01T00:00:00.000,0,112,309,9767,9767,112,2020-08-01,0,309,0,0.00399003825665418,0
Wyoming,2020-08-02T00:00:00.000,1,113,64,9831,9831,113,2020-08-02,1,64,0.015625,0.00393002540292202,1.05872848935334
Wyoming,2020-08-03T00:00:00.000,0,113,85,9916,9916,113,2020-08-03,0,85,0,0.00386723908349866,0
Wyoming,2020-08-04T00:00:00.000,1,114,116,10032,10032,114,2020-08-04,1,116,0.00862068965517241,0.0038020109734229,1.05171694780071
Wyoming,2020-08-05T00:00:00.000,1,115,104,10136,10136,115,2020-08-05,1,104,0.00961538461538462,0.00373467471150448,1.04746679666244
Wyoming,2020-08-06T00:00:00.000,1,116,114,10250,10250,116,2020-08-06,1,114,0.0087719298245614,0.00366556353101541,1.04598400854804
Wyoming,2020-08-07T00:00:00.000,0,116,139,10389,10389,116,2020-08-07,0,139,0,0.00359500808683989,0
Wyoming,2020-08-08T00:00:00.000,2,118,153,10542,10542,118,2020-08-08,2,153,0.0130718954248366,0.00352333448394173,2.09112770963578
Wyoming,2020-08-09T00:00:00.000,0,118,96,10638,10638,118,2020-08-09,0,96,0,0.00345086250903063,0
Wyoming,2020-08-10T00:00:00.000,0,118,88,10726,10726,118,2020-08-10,0,88,0,0.00337790406476473,0
Wyoming,2020-08-11T00:00:00.000,0,118,56,10782,10782,118,2020-08-11,0,56,0,0.00330476180432947,0
Wyoming,2020-08-12T00:00:00.000,0,118,167,10949,10949,118,2020-08-12,0,167,0,0.00323172796291775,0
Wyoming,2020-08-13T00:00:00.000,0,118,117,11066,11066,118,2020-08-13,0,117,0,0.0031590833818339,0
Wyoming,2020-08-14T00:00:00.000,0,118,151,11217,11217,118,2020-08-14,0,151,0,0.00308709672056691,0
Wyoming,2020-08-15T00:00:00.000,0,118,284,11501,11501,118,2020-08-15,0,284,0,0.00301602385198052,0
Wyoming,2020-08-16T00:00:00.000,0,118,26,11527,11527,118,2020-08-16,0,26,0,0.00294610743549621,0
Wyoming,2020-08-17T00:00:00.000,2,120,110,11637,11637,120,2020-08-17,2,110,0.0181818181818182,0.00287757666339057,2.07298838781766
Wyoming,2020-08-18T00:00:00.000,0,120,94,11731,11731,120,2020-08-18,0,94,0,0.00281064717509227,0
Wyoming,2020-08-19T00:00:00.000,0,120,132,11863,11863,120,2020-08-19,0,132,0,0.00274552113434547,0
Wyoming,2020-08-20T00:00:00.000,1,121,138,12001,12001,121,2020-08-20,1,138,0.0072463768115942,0.00268238746410879,1.03123955083756
Wyoming,2020-08-21T00:00:00.000,0,121,159,12160,12160,121,2020-08-21,0,159,0,0.00262142223373747,0
Wyoming,2020-08-22T00:00:00.000,2,123,80,12240,12240,123,2020-08-22,2,80,0.025,0.00256278919274238,2.05405180670385
Wyoming,2020-08-23T00:00:00.000,1,124,166,12406,12406,124,2020-08-23,1,166,0.00602409638554217,0.00250664044535568,1.02652354451401
Wyoming,2020-08-24T00:00:00.000,1,125,156,12562,12562,125,2020-08-24,1,156,0.00641025641025641,0.00245311725955367,1.02554490188751
Wyoming,2020-08-25T00:00:00.000,0,125,128,12690,12690,125,2020-08-25,0,128,0,0.00240235100422641,0
Wyoming,2020-08-26T00:00:00.000,0,125,99,12789,12789,125,2020-08-26,0,99,0,0.00235446420783766,0
Wyoming,2020-08-27T00:00:00.000,0,125,120,12909,12909,125,2020-08-27,0,120,0,0.00230957173198028,0
Wyoming,2020-08-28T00:00:00.000,0,125,237,13146,13146,125,2020-08-28,0,237,0,0.00226778205322647,0
Wyoming,2020-08-29T00:00:00.000,1,126,197,13343,13343,126,2020-08-29,1,197,0.0050761421319797,0.00222919864708698,1.01861616926817
Wyoming,2020-08-30T00:00:00.000,0,126,61,13404,13404,126,2020-08-30,0,61,0,0.00219392146816915,0
Wyoming,2020-08-31T00:00:00.000,0,126,98,13502,13502,126,2020-08-31,0,98,0,0.00216204852145053,0
Wyoming,2020-09-01T00:00:00.000,0,126,153,13655,13655,126,2020-09-01,0,153,0,0.00213367752033142,0
Wyoming,2020-09-02T00:00:00.000,0,126,102,13757,13757,126,2020-09-02,0,102,0,0.00210890762823166,0
Wyoming,2020-09-03T00:00:00.000,0,126,86,13843,13843,126,2020-09-03,0,86,0,0.00208784128162767,0
Wyoming,2020-09-04T00:00:00.000,0,126,115,13958,13958,126,2020-09-04,0,115,0,0.00207058609384211,0
Wyoming,2020-09-05T00:00:00.000,0,126,196,14154,14154,126,2020-09-05,0,196,0,0.00205725684022757,0
Wyoming,2020-09-06T00:00:00.000,1,127,161,14315,14315,127,2020-09-06,1,161,0.0062111801242236,0.00204797752690182,1.0279226928619
Wyoming,2020-09-07T00:00:00.000,0,127,40,14355,14355,127,2020-09-07,0,40,0,0.0020428835465793,0
Wyoming,2020-09-08T00:00:00.000,0,127,92,14447,14447,127,2020-09-08,0,92,0,0.00204212392648213,0
Wyoming,2020-09-09T00:00:00.000,0,127,103,14550,14550,127,2020-09-09,0,103,0,0.00204586367442161,0
Wyoming,2020-09-10T00:00:00.000,0,127,51,14601,14601,127,2020-09-10,0,51,0,0.00205428623029338,0
Wyoming,2020-09-11T00:00:00.000,1,128,128,14729,14729,128,2020-09-11,1,128,0.0078125,0.00206759603083595,1.03485000394899
Wyoming,2020-09-12T00:00:00.000,0,128,76,14805,14805,128,2020-09-12,0,76,0,0.00208602119594167,0
Wyoming,2020-09-13T00:00:00.000,2,130,222,15027,15027,130,2020-09-13,2,222,0.00900900900900901,0.00210981634465222,2.08224636586798
Wyoming,2020-09-14T00:00:00.000,0,130,411,15438,15438,130,2020-09-14,0,411,0,0.00213926554841458,0
Wyoming,2020-09-15T00:00:00.000,0,130,430,15868,15868,130,2020-09-15,0,430,0,0.00217468542780712,0
Wyoming,2020-09-16T00:00:00.000,0,130,459,16327,16327,130,2020-09-16,0,459,0,0.00221642839700204,0
Wyoming,2020-09-17T00:00:00.000,1,131,342,16669,16669,131,2020-09-17,1,342,0.00292397660818713,0.00226488605733622,1.05253300458624
Wyoming,2020-09-18T00:00:00.000,1,132,416,17085,17085,132,2020-09-18,1,416,0.00240384615384615,0.00232049273752617,1.0550068575057
Wyoming,2020-09-19T00:00:00.000,0,132,579,17664,17664,132,2020-09-19,0,579,0,0.00238372917328914,0
Wyoming,2020-09-20T00:00:00.000,0,132,126,17790,17790,132,2020-09-20,0,126,0,0.00245512631293762,0
Wyoming,2020-09-21T00:00:00.000,0,132,722,18512,18512,132,2020-09-21,0,722,0,0.00253526922851474,0
Wyoming,2020-09-22T00:00:00.000,0,132,417,18929,18929,132,2020-09-22,0,417,0,0.00262480110324443,0
Wyoming,2020-09-23T00:00:00.000,2,134,374,19303,19303,134,2020-09-23,2,374,0.0053475935828877,0.00272442725643042,2.11413277621019
Wyoming,2020-09-24T00:00:00.000,1,135,251,19554,19554,135,2020-09-24,1,251,0.00398406374501992,0.00283491915577396,1.05660566105926
Wyoming,2020-09-25T00:00:00.000,1,136,165,19719,19719,136,2020-09-25,1,165,0.00606060606060606,0.00295711835473452,1.05941591758109
Wyoming,2020-09-26T00:00:00.000,1,137,291,20010,20010,137,2020-09-26,1,291,0.00343642611683849,0.00309194027944147,1.06498635012532
Wyoming,2020-09-27T00:00:00.000,0,137,62,20072,20072,137,2020-09-27,0,62,0,0.00324037777562414,0
Wyoming,2020-09-28T00:00:00.000,0,137,78,20150,20150,137,2020-09-28,0,78,0,0.00340350431180176,0
Wyoming,2020-09-29T00:00:00.000,0,137,98,20248,20248,137,2020-09-29,0,98,0,0.00358247672114848,0
Wyoming,2020-09-30T00:00:00.000,0,137,157,20405,20405,137,2020-09-30,0,157,0,0.00377853735135294,0
Wyoming,2020-10-01T00:00:00.000,0,137,190,20595,20595,137,2020-10-01,0,190,0,0.00399301548083979,0
Wyoming,2020-10-02T00:00:00.000,3,140,177,20772,20772,140,2020-10-02,3,177,0.0169491525423729,0.00422732785152829,3.2775187732956
Wyoming,2020-10-03T00:00:00.000,1,141,348,21120,21120,141,2020-10-03,1,348,0.0028735632183908,0.00448297816407718,1.0960526862955
Wyoming,2020-10-04T00:00:00.000,1,142,54,21174,21174,142,2020-10-04,1,54,0.0185185185185185,0.00476155538290146,1.09929671057361
Wyoming,2020-10-05T00:00:00.000,2,144,126,21300,21300,144,2020-10-05,2,126,0.0158730158730159,0.00506473070608464,2.2044796289529
Wyoming,2020-10-06T00:00:00.000,3,147,129,21429,21429,147,2020-10-06,3,129,0.0232558139534884,0.00539425307111769,3.31465413221848
Wyoming,2020-10-07T00:00:00.000,0,147,153,21582,21582,147,2020-10-07,0,153,0,0.00575194309245248,0
Wyoming,2020-10-08T00:00:00.000,3,150,267,21849,21849,150,2020-10-08,3,267,0.0112359550561798,0.00613968536200986,3.32788819039234
Wyoming,2020-10-09T00:00:00.000,0,150,218,22067,22067,150,2020-10-09,0,218,0,0.00655941908964707,0
Wyoming,2020-10-10T00:00:00.000,2,152,80,22147,22147,152,2020-10-10,2,80,0.025,0.00701312711744089,2.22469956668567
Wyoming,2020-10-11T00:00:00.000,0,152,166,22313,22313,152,2020-10-11,0,166,0,0.00750282340862065,0
Wyoming,2020-10-12T00:00:00.000,1,153,68,22381,22381,153,2020-10-12,1,68,0.0147058823529412,0.0080305391884965,1.11435425913004
Wyoming,2020-10-13T00:00:00.000,3,156,86,22467,22467,156,2020-10-13,3,86,0.0348837209302326,0.00859830799766544,3.34497195984838
Wyoming,2020-10-14T00:00:00.000,0,156,108,22575,22575,156,2020-10-14,0,108,0,0.00920815000545916,0
Wyoming,2020-10-15T00:00:00.000,4,160,139,22714,22714,160,2020-10-15,4,139,0.0287769784172662,0.00986205601890466,4.47315979406426
Wyoming,2020-10-16T00:00:00.000,3,163,458,23172,23172,163,2020-10-16,3,458,0.00655021834061135,0.0105619717061017,3.36643271513786
Wyoming,2020-10-17T00:00:00.000,3,166,89,23261,23261,166,2020-10-17,3,89,0.0337078651685393,0.011309782626665,3.37921894719211
Wyoming,2020-10-18T00:00:00.000,1,167,70,23331,23331,167,2020-10-18,1,70,0.0142857142857143,0.012107300721058,1.13076541183076
Wyoming,2020-10-19T00:00:00.000,0,167,278,23609,23609,167,2020-10-19,0,278,0,0.0129562529500667,0
Wyoming,2020-10-20T00:00:00.000,5,172,142,23751,23751,172,2020-10-20,5,142,0.0352112676056338,0.0138582727891389,5.71249923045684
Wyoming,2020-10-21T00:00:00.000,2,174,218,23969,23969,174,2020-10-21,2,218,0.00917431192660551,0.0148148952679209,2.29765235477674
Wyoming,2020-10-22T00:00:00.000,3,177,176,24145,24145,177,2020-10-22,3,176,0.0170454545454545,0.0158275561981744,3.46637597872448
Wyoming,2020-10-23T00:00:00.000,2,179,296,24441,24441,179,2020-10-23,2,296,0.00675675675675676,0.0168975961535043,2.32318936147369
Wyoming,2020-10-24T00:00:00.000,3,182,104,24545,24545,182,2020-10-24,3,104,0.0288461538461538,0.0180262696525807,3.50164144773455
Wyoming,2020-10-25T00:00:00.000,3,185,191,24736,24736,185,2020-10-25,3,191,0.0157068062827225,0.0192147598549961,3.51690028691012
Wyoming,2020-10-26T00:00:00.000,1,186,124,24860,24860,186,2020-10-26,1,124,0.00806451612903226,0.0204641989133294,1.1768421594125
Wyoming,2020-10-27T00:00:00.000,2,188,92,24952,24952,188,2020-10-27,2,92,0.0217391304347826,0.0217756939368529,2.3616666977737
Wyoming,2020-10-28T00:00:00.000,4,192,169,25121,25121,192,2020-10-28,4,169,0.0236686390532544,0.0231503583270881,4.73708695472285
Wyoming,2020-10-29T00:00:00.000,4,196,164,25285,25285,196,2020-10-29,4,164,0.024390243902439,0.0245893480411042,4.74864041507501
Wyoming,2020-10-30T00:00:00.000,3,199,213,25498,25498,199,2020-10-30,3,213,0.0140845070422535,0.0260939021436797,3.56851747008935
Wyoming,2020-10-31T00:00:00.000,4,203,230,25728,25728,203,2020-10-31,4,230,0.0173913043478261,0.0276653868207481,4.76528288866505
Wyoming,2020-11-01T00:00:00.000,2,205,218,25946,25946,205,2020-11-01,2,218,0.00917431192660551,0.0293053418606911,2.38524170149482
Wyoming,2020-11-02T00:00:00.000,11,216,171,26117,26117,216,2020-11-02,11,171,0.064327485380117,0.0310155284599128,13.1276882828278
Wyoming,2020-11-03T00:00:00.000,3,219,160,26277,26277,219,2020-11-03,3,160,0.01875,0.0327979770864214,3.58128121659655
Wyoming,2020-11-04T00:00:00.000,7,226,166,26443,26443,226,2020-11-04,7,166,0.0421686746987952,0.0346550340311807,8.35555201257789
Wyoming,2020-11-05T00:00:00.000,4,230,233,26676,26676,230,2020-11-05,4,233,0.0171673819742489,0.0365894051917364,4.77250197412797
Wyoming,2020-11-06T00:00:00.000,13,243,312,26988,26988,243,2020-11-06,13,312,0.0416666666666667,0.0386041955605907,15.4988338084385
Wyoming,2020-11-07T00:00:00.000,3,246,129,27117,27117,246,2020-11-07,3,129,0.0232558139534884,0.0407029428181017,3.57288459426729
Wyoming,2020-11-08T00:00:00.000,4,250,120,27237,27237,250,2020-11-08,4,120,0.0333333333333333,0.0428896433564765,4.75724129493443
Wyoming,2020-11-09T00:00:00.000,11,261,198,27435,27435,261,2020-11-09,11,198,0.0555555555555556,0.0451687689643297,13.0652148184432
Wyoming,2020-11-10T00:00:00.000,10,271,218,27653,27653,271,2020-11-10,10,218,0.0458715596330275,0.04754527228338,11.8819143059296
Wyoming,2020-11-11T00:00:00.000,16,287,178,27831,27831,287,2020-11-11,16,178,0.0898876404494382,0.050024578986792,19.0348735588772
Wyoming,2020-11-12T00:00:00.000,45,332,365,28196,28196,332,2020-11-12,45,365,0.123287671232877,0.052612564428025,53.7809463123498
Wyoming,2020-11-13T00:00:00.000,8,340,330,28526,28526,340,2020-11-13,8,330,0.0242424242424242,0.0553155122554645,9.60471725524789
Wyoming,2020-11-14T00:00:00.000,3,343,92,28618,28618,343,2020-11-14,3,92,0.0326086956521739,0.0581400521832446,3.61813281718591
Wyoming,2020-11-15T00:00:00.000,11,354,121,28739,28739,354,2020-11-15,11,121,0.0909090909090909,0.0610930737642052,13.3263754111194
Wyoming,2020-11-16T00:00:00.000,9,363,210,28949,28949,363,2020-11-16,9,210,0.0428571428571429,0.0641816126269722,10.9522493219416
Wyoming,2020-11-17T00:00:00.000,12,375,225,29174,29174,375,2020-11-17,12,225,0.0533333333333333,0.0674127052440124,14.6678747901319
Wyoming,2020-11-18T00:00:00.000,7,382,182,29356,29356,382,2020-11-18,7,182,0.0384615384615385,0.0707932079168922,8.5939257461487
Yates,2020-03-01T00:00:00.000,0,0,0,0,0,0,2020-03-01,0,0,0,0.00216714970504354,0
Yates,2020-03-02T00:00:00.000,0,0,0,0,0,0,2020-03-02,0,0,0,0.00239616662850643,0
Yates,2020-03-03T00:00:00.000,0,0,0,0,0,0,2020-03-03,0,0,0,0.00264931024891233,0
Yates,2020-03-04T00:00:00.000,0,0,0,0,0,0,2020-03-04,0,0,0,0.00292908590100094,0
Yates,2020-03-05T00:00:00.000,0,0,0,0,0,0,2020-03-05,0,0,0,0.00323823868032368,0
Yates,2020-03-06T00:00:00.000,0,0,0,0,0,0,2020-03-06,0,0,0,0.00357976987294149,0
Yates,2020-03-07T00:00:00.000,0,0,0,0,0,0,2020-03-07,0,0,0,0.00395695269327074,0
Yates,2020-03-08T00:00:00.000,0,0,0,0,0,0,2020-03-08,0,0,0,0.00437334673104081,0
Yates,2020-03-09T00:00:00.000,0,0,0,0,0,0,2020-03-09,0,0,0,0.00483281036474353,0
Yates,2020-03-10T00:00:00.000,0,0,0,0,0,0,2020-03-10,0,0,0,0.00533951023643192,0
Yates,2020-03-11T00:00:00.000,0,0,0,0,0,0,2020-03-11,0,0,0,0.00589792670450001,0
Yates,2020-03-12T00:00:00.000,0,0,0,0,0,0,2020-03-12,0,0,0,0.00651285399886528,0
Yates,2020-03-13T00:00:00.000,0,0,1,1,1,0,2020-03-13,0,1,0,0.00718939360304188,0
Yates,2020-03-14T00:00:00.000,0,0,2,3,3,0,2020-03-14,0,2,0,0.00793293918802943,0
Yates,2020-03-15T00:00:00.000,0,0,1,4,4,0,2020-03-15,0,1,0,0.00874915123389046,0
Yates,2020-03-16T00:00:00.000,0,0,0,4,4,0,2020-03-16,0,0,0,0.0096439193135825,0
Yates,2020-03-17T00:00:00.000,0,0,0,4,4,0,2020-03-17,0,0,0,0.0106233098954994,0
Yates,2020-03-18T00:00:00.000,0,0,3,7,7,0,2020-03-18,0,3,0,0.0116934974735145,0
Yates,2020-03-19T00:00:00.000,0,0,1,8,8,0,2020-03-19,0,1,0,0.0128606768780507,0
Yates,2020-03-20T00:00:00.000,0,0,2,10,10,0,2020-03-20,0,2,0,0.0141309547935487,0
Yates,2020-03-21T00:00:00.000,0,0,3,13,13,0,2020-03-21,0,3,0,0.0155102188330887,0
Yates,2020-03-22T00:00:00.000,0,0,3,16,16,0,2020-03-22,0,3,0,0.0170039830343398,0
Yates,2020-03-23T00:00:00.000,0,0,3,19,19,0,2020-03-23,0,3,0,0.0186172093658123,0
Yates,2020-03-24T00:00:00.000,0,0,3,22,22,0,2020-03-24,0,3,0,0.02035410578983,0
Yates,2020-03-25T00:00:00.000,0,0,1,23,23,0,2020-03-25,0,1,0,0.0222179026229138,0
Yates,2020-03-26T00:00:00.000,0,0,2,25,25,0,2020-03-26,0,2,0,0.0242106103546588,0
Yates,2020-03-27T00:00:00.000,0,0,10,35,35,0,2020-03-27,0,10,0,0.0263327636990202,0
Yates,2020-03-28T00:00:00.000,0,0,7,42,42,0,2020-03-28,0,7,0,0.0285831583969272,0
Yates,2020-03-29T00:00:00.000,0,0,2,44,44,0,2020-03-29,0,2,0,0.0309585890745402,0
Yates,2020-03-30T00:00:00.000,0,0,3,47,47,0,2020-03-30,0,3,0,0.0334535981758014,0
Yates,2020-03-31T00:00:00.000,0,0,7,54,54,0,2020-03-31,0,7,0,0.036060247483511,0
Yates,2020-04-01T00:00:00.000,1,1,8,62,62,1,2020-04-01,1,8,0.125,0.0387679248690042,1.02294773062137
Yates,2020-04-02T00:00:00.000,0,1,7,69,69,1,2020-04-02,0,7,0,0.0415631995042552,0
Yates,2020-04-03T00:00:00.000,0,1,3,72,72,1,2020-04-03,0,3,0,0.0444297386896004,0
Yates,2020-04-04T00:00:00.000,0,1,6,78,78,1,2020-04-04,0,6,0,0.0473482985764473,0
Yates,2020-04-05T00:00:00.000,0,1,2,80,80,1,2020-04-05,0,2,0,0.0502967993396485,0
Yates,2020-04-06T00:00:00.000,0,1,3,83,83,1,2020-04-06,0,3,0,0.0532504927764971,0
Yates,2020-04-07T00:00:00.000,0,1,5,88,88,1,2020-04-07,0,5,0,0.0561822269514259,0
Yates,2020-04-08T00:00:00.000,0,1,7,95,95,1,2020-04-08,0,7,0,0.0590628085246424,0
Yates,2020-04-09T00:00:00.000,1,2,3,98,98,2,2020-04-09,1,3,0.333333333333333,0.0618614590115338,1.08206161453854
Yates,2020-04-10T00:00:00.000,0,2,5,103,103,2,2020-04-10,0,5,0,0.0645463566796729,0
Yates,2020-04-11T00:00:00.000,1,3,6,109,109,3,2020-04-11,1,6,0.166666666666667,0.0670852514074048,1.09567003405478
Yates,2020-04-12T00:00:00.000,1,4,4,113,113,4,2020-04-12,1,4,0.25,0.0694461358590521,1.10152687296358
Yates,2020-04-13T00:00:00.000,2,6,5,118,118,6,2020-04-13,2,5,0.4,0.0715979530601208,2.21385836297474
Yates,2020-04-14T00:00:00.000,0,6,5,123,123,6,2020-04-14,0,5,0,0.0735113180407495,0
Yates,2020-04-15T00:00:00.000,1,7,2,125,125,7,2020-04-15,1,2,0.5,0.0751592298100402,1.11954395502406
Yates,2020-04-16T00:00:00.000,1,8,10,135,135,8,2020-04-16,1,10,0.1,0.0765177495429966,1.12546849672576
Yates,2020-04-17T00:00:00.000,1,9,28,163,163,9,2020-04-17,1,28,0.0357142857142857,0.0775666215089246,1.13143371178535
Yates,2020-04-18T00:00:00.000,0,9,2,165,165,9,2020-04-18,0,2,0,0.0782898148503911,0
Yates,2020-04-19T00:00:00.000,1,10,13,178,178,10,2020-04-19,1,13,0.0769230769230769,0.0786759667282305,1.14746614596212
Yates,2020-04-20T00:00:00.000,0,10,1,179,179,10,2020-04-20,0,1,0,0.0787187104676449,0
Yates,2020-04-21T00:00:00.000,1,11,1,180,180,11,2020-04-21,1,1,1,0.0784168760288218,1.16224175483691
Yates,2020-04-22T00:00:00.000,0,11,8,188,188,11,2020-04-22,0,8,0,0.0777745542926036,0
Yates,2020-04-23T00:00:00.000,0,11,5,193,193,11,2020-04-23,0,5,0,0.0768010211821442,0
Yates,2020-04-24T00:00:00.000,5,16,41,234,234,16,2020-04-24,5,41,0.121951219512195,0.0755105224273091,5.90818912189194
Yates,2020-04-25T00:00:00.000,1,17,4,238,238,17,2020-04-25,1,4,0.25,0.0739219247229695,1.18727276483212
Yates,2020-04-26T00:00:00.000,0,17,3,241,241,17,2020-04-26,0,3,0,0.0720582439624277,0
Yates,2020-04-27T00:00:00.000,0,17,3,244,244,17,2020-04-27,0,3,0,0.0699460659875326,0
Yates,2020-04-28T00:00:00.000,0,17,8,252,252,17,2020-04-28,0,8,0,0.067614879633098,0
Yates,2020-04-29T00:00:00.000,1,18,10,262,262,18,2020-04-29,1,10,0.1,0.0650963455218806,1.20470883974178
Yates,2020-04-30T00:00:00.000,0,18,12,274,274,18,2020-04-30,0,12,0,0.0624235268028489,0
Yates,2020-05-01T00:00:00.000,0,18,13,287,287,18,2020-05-01,0,13,0,0.0596301095755652,0
Yates,2020-05-02T00:00:00.000,1,19,23,310,310,19,2020-05-02,1,23,0.0434782608695652,0.0567496409285707,1.21198613211629
Yates,2020-05-03T00:00:00.000,0,19,9,319,319,19,2020-05-03,0,9,0,0.0538148112282229,0
Yates,2020-05-04T00:00:00.000,0,19,7,326,326,19,2020-05-04,0,7,0,0.050856804562385,0
Yates,2020-05-05T00:00:00.000,0,19,13,339,339,19,2020-05-05,0,13,0,0.0479047372221626,0
Yates,2020-05-06T00:00:00.000,0,19,13,352,352,19,2020-05-06,0,13,0,0.0449851990613946,0
Yates,2020-05-07T00:00:00.000,1,20,12,364,364,20,2020-05-07,1,12,0.0833333333333333,0.0421219068979614,1.22947302947582
Yates,2020-05-08T00:00:00.000,0,20,24,388,388,20,2020-05-08,0,24,0,0.0393354732246389,0
Yates,2020-05-09T00:00:00.000,1,21,27,415,415,21,2020-05-09,1,27,0.037037037037037,0.0366432878263629,1.22575927243133
Yates,2020-05-10T00:00:00.000,0,21,15,430,430,21,2020-05-10,0,15,0,0.0340595048472122,0
Yates,2020-05-11T00:00:00.000,0,21,15,445,445,21,2020-05-11,0,15,0,0.0315951237247218,0
Yates,2020-05-12T00:00:00.000,1,22,23,468,468,22,2020-05-12,1,23,0.0434782608695652,0.0292581494129387,1.22469914466266
Yates,2020-05-13T00:00:00.000,0,22,51,519,519,22,2020-05-13,0,51,0,0.027053815533573,0
Yates,2020-05-14T00:00:00.000,0,22,16,535,535,22,2020-05-14,0,16,0,0.0249848534908256,0
Yates,2020-05-15T00:00:00.000,0,22,15,550,550,22,2020-05-15,0,15,0,0.0230517910310608,0
Yates,2020-05-16T00:00:00.000,1,23,14,564,564,23,2020-05-16,1,14,0.0714285714285714,0.0212532650313876,1.22740731821716
Yates,2020-05-17T00:00:00.000,2,25,22,586,586,25,2020-05-17,2,22,0.0909090909090909,0.0195863352209327,2.46036869368315
Yates,2020-05-18T00:00:00.000,1,26,25,611,611,26,2020-05-18,1,25,0.04,0.0180467878424221,1.232112958313
Yates,2020-05-19T00:00:00.000,8,34,67,678,678,34,2020-05-19,8,67,0.119402985074627,0.016629420716293,9.90064134130665
Yates,2020-05-20T00:00:00.000,0,34,62,740,740,34,2020-05-20,0,62,0,0.0153283035951699,0
Yates,2020-05-21T00:00:00.000,0,34,107,847,847,34,2020-05-21,0,107,0,0.014137009937482,0
Yates,2020-05-22T00:00:00.000,3,37,22,869,869,37,2020-05-22,3,22,0.136363636363636,0.0130488181925636,3.74680618082737
Yates,2020-05-23T00:00:00.000,0,37,58,927,927,37,2020-05-23,0,58,0,0.0120568823173203,0
Yates,2020-05-24T00:00:00.000,0,37,28,955,955,37,2020-05-24,0,28,0,0.0111543725175755,0
Yates,2020-05-25T00:00:00.000,0,37,67,1022,1022,37,2020-05-25,0,67,0,0.0103345881400332,0
Yates,2020-05-26T00:00:00.000,2,39,28,1050,1050,39,2020-05-26,2,28,0.0714285714285714,0.00959104526022577,2.46311436546146
Yates,2020-05-27T00:00:00.000,0,39,50,1100,1100,39,2020-05-27,0,50,0,0.00891754186715438,0
Yates,2020-05-28T00:00:00.000,0,39,130,1230,1230,39,2020-05-28,0,130,0,0.00830820368139996,0
Yates,2020-05-29T00:00:00.000,0,39,31,1261,1261,39,2020-05-29,0,31,0,0.00775751361311913,0
Yates,2020-05-30T00:00:00.000,0,39,87,1348,1348,39,2020-05-30,0,87,0,0.00726032771427014,0
Yates,2020-05-31T00:00:00.000,0,39,77,1425,1425,39,2020-05-31,0,77,0,0.00681188024665626,0
Yates,2020-06-01T00:00:00.000,0,39,48,1473,1473,39,2020-06-01,0,48,0,0.00640778020687044,0
Yates,2020-06-02T00:00:00.000,0,39,108,1581,1581,39,2020-06-02,0,108,0,0.00604400134880102,0
Yates,2020-06-03T00:00:00.000,0,39,78,1659,1659,39,2020-06-03,0,78,0,0.00571686744263439,0
Yates,2020-06-04T00:00:00.000,0,39,113,1772,1772,39,2020-06-04,0,113,0,0.00542303422089696,0
Yates,2020-06-05T00:00:00.000,0,39,109,1881,1881,39,2020-06-05,0,109,0,0.00515946919685222,0
Yates,2020-06-06T00:00:00.000,0,39,73,1954,1954,39,2020-06-06,0,73,0,0.00492343030253595,0
Yates,2020-06-07T00:00:00.000,0,39,110,2064,2064,39,2020-06-07,0,110,0,0.00471244408593288,0
Yates,2020-06-08T00:00:00.000,0,39,30,2094,2094,39,2020-06-08,0,30,0,0.00452428402932235,0
Yates,2020-06-09T00:00:00.000,0,39,64,2158,2158,39,2020-06-09,0,64,0,0.0043569494020805,0
Yates,2020-06-10T00:00:00.000,0,39,99,2257,2257,39,2020-06-10,0,99,0,0.00420864493865203,0
Yates,2020-06-11T00:00:00.000,0,39,103,2360,2360,39,2020-06-11,0,103,0,0.00407776153372772,0
Yates,2020-06-12T00:00:00.000,0,39,52,2412,2412,39,2020-06-12,0,52,0,0.00396285806850044,0
Yates,2020-06-13T00:00:00.000,1,40,64,2476,2476,40,2020-06-13,1,64,0.015625,0.0038626444211814,1.12874975234394
Yates,2020-06-14T00:00:00.000,0,40,89,2565,2565,40,2020-06-14,0,89,0,0.00377596566920122,0
Yates,2020-06-15T00:00:00.000,0,40,98,2663,2663,40,2020-06-15,0,98,0,0.00370178745685765,0
Yates,2020-06-16T00:00:00.000,0,40,58,2721,2721,40,2020-06-16,0,58,0,0.00363918247861414,0
Yates,2020-06-17T00:00:00.000,0,40,53,2774,2774,40,2020-06-17,0,53,0,0.00358731801262712,0
Yates,2020-06-18T00:00:00.000,0,40,74,2848,2848,40,2020-06-18,0,74,0,0.00354544442983264,0
Yates,2020-06-19T00:00:00.000,1,41,49,2897,2897,41,2020-06-19,1,49,0.0204081632653061,0.00351288459982737,1.12346538665528
Yates,2020-06-20T00:00:00.000,0,41,70,2967,2967,41,2020-06-20,0,70,0,0.00348902411442755,0
Yates,2020-06-21T00:00:00.000,1,42,72,3039,3039,42,2020-06-21,1,72,0.0138888888888889,0.00347330225259334,1.12117895124353
Yates,2020-06-22T00:00:00.000,1,43,43,3082,3082,43,2020-06-22,1,43,0.0232558139534884,0.0034652036154488,1.11994333517769
Yates,2020-06-23T00:00:00.000,1,44,44,3126,3126,44,2020-06-23,1,44,0.0227272727272727,0.00346425036696406,1.11864031771881
Yates,2020-06-24T00:00:00.000,0,44,41,3167,3167,44,2020-06-24,0,41,0,0.00346999502382774,0
Yates,2020-06-25T00:00:00.000,1,45,61,3228,3228,45,2020-06-25,1,61,0.0163934426229508,0.00348201374739854,1.11581127196267
Yates,2020-06-26T00:00:00.000,0,45,56,3284,3284,45,2020-06-26,0,56,0,0.00349990009992318,0
Yates,2020-06-27T00:00:00.000,0,45,63,3347,3347,45,2020-06-27,0,63,0,0.00352325923773931,0
Yates,2020-06-28T00:00:00.000,1,46,133,3480,3480,46,2020-06-28,1,133,0.0075187969924812,0.00355170252433461,1.11092095194244
Yates,2020-06-29T00:00:00.000,0,46,55,3535,3535,46,2020-06-29,0,55,0,0.00358484255654613,0
Yates,2020-06-30T00:00:00.000,0,46,53,3588,3588,46,2020-06-30,0,53,0,0.00362228860750144,0
Yates,2020-07-01T00:00:00.000,0,46,28,3616,3616,46,2020-07-01,0,28,0,0.00366364249960632,0
Yates,2020-07-02T00:00:00.000,0,46,67,3683,3683,46,2020-07-02,0,67,0,0.00370849493011905,0
Yates,2020-07-03T00:00:00.000,2,48,84,3767,3767,48,2020-07-03,2,84,0.0238095238095238,0.00375642228031823,2.19824554651656
Yates,2020-07-04T00:00:00.000,0,48,45,3812,3812,48,2020-07-04,0,45,0,0.00380698394622316,0
Yates,2020-07-05T00:00:00.000,0,48,33,3845,3845,48,2020-07-05,0,33,0,0.00385972023482118,0
Yates,2020-07-06T00:00:00.000,0,48,59,3904,3904,48,2020-07-06,0,59,0,0.00391415087358699,0
Yates,2020-07-07T00:00:00.000,0,48,73,3977,3977,48,2020-07-07,0,73,0,0.00396977418300679,0
Yates,2020-07-08T00:00:00.000,0,48,87,4064,4064,48,2020-07-08,0,87,0,0.00402606696139968,0
Yates,2020-07-09T00:00:00.000,0,48,65,4129,4129,48,2020-07-09,0,65,0,0.00408248512795437,0
Yates,2020-07-10T00:00:00.000,0,48,59,4188,4188,48,2020-07-10,0,59,0,0.0041384651638982,0
Yates,2020-07-11T00:00:00.000,0,48,44,4232,4232,48,2020-07-11,0,44,0,0.00419342638230574,0
Yates,2020-07-12T00:00:00.000,0,48,46,4278,4278,48,2020-07-12,0,46,0,0.00424677404440441,0
Yates,2020-07-13T00:00:00.000,1,49,54,4332,4332,49,2020-07-13,1,54,0.0185185185185185,0.00429790332465214,1.08244905398815
Yates,2020-07-14T00:00:00.000,1,50,55,4387,4387,50,2020-07-14,1,55,0.0181818181818182,0.00434620410759943,1.0802122273255
Yates,2020-07-15T00:00:00.000,0,50,84,4471,4471,50,2020-07-15,0,84,0,0.00439106657824095,0
Yates,2020-07-16T00:00:00.000,1,51,89,4560,4560,51,2020-07-16,1,89,0.0112359550561798,0.0044318875432551,1.0752716168709
Yates,2020-07-17T00:00:00.000,0,51,104,4664,4664,51,2020-07-17,0,104,0,0.00446807739515963,0
Yates,2020-07-18T00:00:00.000,0,51,33,4697,4697,51,2020-07-18,0,33,0,0.00449906760495718,0
Yates,2020-07-19T00:00:00.000,0,51,46,4743,4743,51,2020-07-19,0,46,0,0.00452431860284107,0
Yates,2020-07-20T00:00:00.000,0,51,109,4852,4852,51,2020-07-20,0,109,0,0.00454332788182426,0
Yates,2020-07-21T00:00:00.000,0,51,53,4905,4905,51,2020-07-21,0,53,0,0.00455563813755708,0
Yates,2020-07-22T00:00:00.000,0,51,115,5020,5020,51,2020-07-22,0,115,0,0.00456084523936276,0
Yates,2020-07-23T00:00:00.000,0,51,41,5061,5061,51,2020-07-23,0,41,0,0.00455860581563079,0
Yates,2020-07-24T00:00:00.000,0,51,79,5140,5140,51,2020-07-24,0,79,0,0.00454864423041437,0
Yates,2020-07-25T00:00:00.000,0,51,120,5260,5260,51,2020-07-25,0,120,0,0.00453075873009294,0
Yates,2020-07-26T00:00:00.000,1,52,67,5327,5327,52,2020-07-26,1,67,0.0149253731343284,0.00450482654899866,1.07836443871435
Yates,2020-07-27T00:00:00.000,0,52,55,5382,5382,52,2020-07-27,0,55,0,0.00447080778162133,0
Yates,2020-07-28T00:00:00.000,0,52,47,5429,5429,52,2020-07-28,0,47,0,0.00442874785654116,0
Yates,2020-07-29T00:00:00.000,0,52,39,5468,5468,52,2020-07-29,0,39,0,0.00437877848299238,0
Yates,2020-07-30T00:00:00.000,1,53,90,5558,5558,53,2020-07-30,1,90,0.0111111111111111,0.00432111698345827,1.07154648550061
Yates,2020-07-31T00:00:00.000,2,55,58,5616,5616,55,2020-07-31,2,58,0.0344827586206897,0.00425606397468547,2.13685347951929
Yates,2020-08-01T00:00:00.000,0,55,86,5702,5702,55,2020-08-01,0,86,0,0.00418399941139658,0
Yates,2020-08-02T00:00:00.000,0,55,51,5753,5753,55,2020-08-02,0,51,0,0.0041053770611904,0
Yates,2020-08-03T00:00:00.000,1,56,65,5818,5818,56,2020-08-03,1,65,0.0153846153846154,0.00402071753215848,1.05959273548195
Yates,2020-08-04T00:00:00.000,0,56,49,5867,5867,56,2020-08-04,0,49,0,0.0039306000243213,0
Yates,2020-08-05T00:00:00.000,0,56,75,5942,5942,56,2020-08-05,0,75,0,0.0038356530198853,0
Yates,2020-08-06T00:00:00.000,0,56,50,5992,5992,56,2020-08-06,0,50,0,0.00373654416331732,0
Yates,2020-08-07T00:00:00.000,0,56,122,6114,6114,56,2020-08-07,0,122,0,0.00363396960792272,0
Yates,2020-08-08T00:00:00.000,1,57,64,6178,6178,57,2020-08-08,1,64,0.015625,0.00352864312066503,1.04572128406378
Yates,2020-08-09T00:00:00.000,0,57,37,6215,6215,57,2020-08-09,0,37,0,0.0034212852400898,0
Yates,2020-08-10T00:00:00.000,0,57,49,6264,6264,57,2020-08-10,0,49,0,0.00331261277323062,0
Yates,2020-08-11T00:00:00.000,0,57,133,6397,6397,57,2020-08-11,0,133,0,0.00320332889779925,0
Yates,2020-08-12T00:00:00.000,1,58,94,6491,6491,58,2020-08-12,1,94,0.0106382978723404,0.00309411410609981,1.03583350048756
Yates,2020-08-13T00:00:00.000,0,58,58,6549,6549,58,2020-08-13,0,58,0,0.0029856181893096,0
Yates,2020-08-14T00:00:00.000,1,59,55,6604,6604,59,2020-08-14,1,55,0.0181818181818182,0.00287845341721612,1.02948565079347
Yates,2020-08-15T00:00:00.000,0,59,82,6686,6686,59,2020-08-15,0,82,0,0.00277318902143695,0
Yates,2020-08-16T00:00:00.000,0,59,59,6745,6745,59,2020-08-16,0,59,0,0.00267034704187766,0
Yates,2020-08-17T00:00:00.000,0,59,70,6815,6815,59,2020-08-17,0,70,0,0.0025703995498379,0
Yates,2020-08-18T00:00:00.000,0,59,51,6866,6866,59,2020-08-18,0,51,0,0.0024737672178166,0
Yates,2020-08-19T00:00:00.000,0,59,64,6930,6930,59,2020-08-19,0,64,0,0.00238081916831065,0
Yates,2020-08-20T00:00:00.000,0,59,96,7026,7026,59,2020-08-20,0,96,0,0.00229187400286143,0
Yates,2020-08-21T00:00:00.000,0,59,61,7087,7087,59,2020-08-21,0,61,0,0.00220720188874666,0
Yates,2020-08-22T00:00:00.000,1,60,90,7177,7177,60,2020-08-22,1,90,0.0111111111111111,0.00212702756482639,1.00806241074966
Yates,2020-08-23T00:00:00.000,0,60,27,7204,7204,60,2020-08-23,0,27,0,0.00205153412010744,0
Yates,2020-08-24T00:00:00.000,0,60,35,7239,7239,60,2020-08-24,0,35,0,0.00198086739734565,0
Yates,2020-08-25T00:00:00.000,0,60,78,7317,7317,60,2020-08-25,0,78,0,0.0019151408797964,0
Yates,2020-08-26T00:00:00.000,0,60,47,7364,7364,60,2020-08-26,0,47,0,0.00185444092996225,0
Yates,2020-08-27T00:00:00.000,0,60,94,7458,7458,60,2020-08-27,0,94,0,0.00179883226451207,0
Yates,2020-08-28T00:00:00.000,1,61,65,7523,7523,61,2020-08-28,1,65,0.0153846153846154,0.00174836356778445,0.991567971227454
Yates,2020-08-29T00:00:00.000,0,61,100,7623,7623,61,2020-08-29,0,100,0,0.00170307316676038,0
Yates,2020-08-30T00:00:00.000,1,62,80,7703,7703,62,2020-08-30,1,80,0.0125,0.00166299471153087,0.991733526574061
Yates,2020-08-31T00:00:00.000,0,62,32,7735,7735,62,2020-08-31,0,32,0,0.00162816282685405,0
Yates,2020-09-01T00:00:00.000,0,62,47,7782,7782,62,2020-09-01,0,47,0,0.00159861872109063,0
Yates,2020-09-02T00:00:00.000,0,62,69,7851,7851,62,2020-09-02,0,69,0,0.00157441575849492,0
Yates,2020-09-03T00:00:00.000,0,62,86,7937,7937,62,2020-09-03,0,86,0,0.00155562501886127,0
Yates,2020-09-04T00:00:00.000,0,62,56,7993,7993,62,2020-09-04,0,56,0,0.00154234088488968,0
Yates,2020-09-05T00:00:00.000,0,62,87,8080,8080,62,2020-09-05,0,87,0,0.00153468671190217,0
Yates,2020-09-06T00:00:00.000,0,62,60,8140,8140,62,2020-09-06,0,60,0,0.00153282064692968,0
Yates,2020-09-07T00:00:00.000,0,62,37,8177,8177,62,2020-09-07,0,37,0,0.0015369416744229,0
Yates,2020-09-08T00:00:00.000,0,62,34,8211,8211,62,2020-09-08,0,34,0,0.00154729597407533,0
Yates,2020-09-09T00:00:00.000,0,62,35,8246,8246,62,2020-09-09,0,35,0,0.00156418368209034,0
Yates,2020-09-10T00:00:00.000,0,62,85,8331,8331,62,2020-09-10,0,85,0,0.00158796615085522,0
Yates,2020-09-11T00:00:00.000,0,62,97,8428,8428,62,2020-09-11,0,97,0,0.00161907380258887,0
Yates,2020-09-12T00:00:00.000,0,62,74,8502,8502,62,2020-09-12,0,74,0,0.00165801466996842,0
Yates,2020-09-13T00:00:00.000,0,62,113,8615,8615,62,2020-09-13,0,113,0,0.00170538370993261,0
Yates,2020-09-14T00:00:00.000,0,62,40,8655,8655,62,2020-09-14,0,40,0,0.0017618729650425,0
Yates,2020-09-15T00:00:00.000,0,62,50,8705,8705,62,2020-09-15,0,50,0,0.00182828262833047,0
Yates,2020-09-16T00:00:00.000,0,62,94,8799,8799,62,2020-09-16,0,94,0,0.00190553304118104,0
Yates,2020-09-17T00:00:00.000,0,62,91,8890,8890,62,2020-09-17,0,91,0,0.00199467761726351,0
Yates,2020-09-18T00:00:00.000,0,62,71,8961,8961,62,2020-09-18,0,71,0,0.00209691663678017,0
Yates,2020-09-19T00:00:00.000,0,62,179,9140,9140,62,2020-09-19,0,179,0,0.00221361179198932,0
Yates,2020-09-20T00:00:00.000,0,62,71,9211,9211,62,2020-09-20,0,71,0,0.0023463012841946,0
Yates,2020-09-21T00:00:00.000,0,62,43,9254,9254,62,2020-09-21,0,43,0,0.00249671517248094,0
Yates,2020-09-22T00:00:00.000,0,62,72,9326,9326,62,2020-09-22,0,72,0,0.00266679055237497,0
Yates,2020-09-23T00:00:00.000,0,62,63,9389,9389,62,2020-09-23,0,63,0,0.00285868599808341,0
Yates,2020-09-24T00:00:00.000,0,62,92,9481,9481,62,2020-09-24,0,92,0,0.00307479453418997,0
Yates,2020-09-25T00:00:00.000,0,62,77,9558,9558,62,2020-09-25,0,77,0,0.0033177542137563,0
Yates,2020-09-26T00:00:00.000,2,64,124,9682,9682,64,2020-09-26,2,124,0.0161290322580645,0.00359045517433467,2.16205072205704
Yates,2020-09-27T00:00:00.000,0,64,103,9785,9785,64,2020-09-27,0,103,0,0.00389604182871241,0
Yates,2020-09-28T00:00:00.000,0,64,45,9830,9830,64,2020-09-28,0,45,0,0.00423790863553094,0
Yates,2020-09-29T00:00:00.000,0,64,63,9893,9893,64,2020-09-29,0,63,0,0.0046196877031094,0
Yates,2020-09-30T00:00:00.000,0,64,87,9980,9980,64,2020-09-30,0,87,0,0.0050452263293444,0
Yates,2020-10-01T00:00:00.000,1,65,86,10066,10066,65,2020-10-01,1,86,0.0116279069767442,0.00551855249950875,1.12445897124292
Yates,2020-10-02T00:00:00.000,0,65,101,10167,10167,65,2020-10-02,0,101,0,0.00604382638353742,0
Yates,2020-10-03T00:00:00.000,1,66,132,10299,10299,66,2020-10-03,1,132,0.00757575757575758,0.00662527602993305,1.13971211859145
Yates,2020-10-04T00:00:00.000,0,66,66,10365,10365,66,2020-10-04,0,66,0,0.0072671157807057,0
Yates,2020-10-05T00:00:00.000,1,67,78,10443,10443,67,2020-10-05,1,78,0.0128205128205128,0.00797344646215408,1.15341359676457
Yates,2020-10-06T00:00:00.000,0,67,66,10509,10509,67,2020-10-06,0,66,0,0.00874813716348038,0
Yates,2020-10-07T00:00:00.000,0,67,101,10610,10610,67,2020-10-07,0,101,0,0.00959468940842209,0
Yates,2020-10-08T00:00:00.000,3,70,112,10722,10722,70,2020-10-08,3,112,0.0267857142857143,0.010516085742313,3.51187886032686
Yates,2020-10-09T00:00:00.000,1,71,111,10833,10833,71,2020-10-09,1,111,0.00900900900900901,0.0115146261597409,1.17527484524803
Yates,2020-10-10T00:00:00.000,0,71,117,10950,10950,71,2020-10-10,0,117,0,0.0125917573170824,0
Yates,2020-10-11T00:00:00.000,1,72,93,11043,11043,72,2020-10-11,1,93,0.010752688172043,0.0137479010070042,1.18299319239529
Yates,2020-10-12T00:00:00.000,5,77,52,11095,11095,77,2020-10-12,5,52,0.0961538461538462,0.0149822897881505,5.93029954257461
Yates,2020-10-13T00:00:00.000,0,77,60,11155,11155,77,2020-10-13,0,60,0,0.0162928188069133,0
Yates,2020-10-14T00:00:00.000,1,78,107,11262,11262,78,2020-10-14,1,107,0.00934579439252336,0.0176759235597491,1.19156989890145
Yates,2020-10-15T00:00:00.000,3,81,205,11467,11467,81,2020-10-15,3,205,0.0146341463414634,0.0191264934680345,3.58461456614313
Yates,2020-10-16T00:00:00.000,3,84,106,11573,11573,84,2020-10-16,3,106,0.0283018867924528,0.0206378305532699,3.59966299035876
Yates,2020-10-17T00:00:00.000,4,88,111,11684,11684,88,2020-10-17,4,111,0.036036036036036,0.0222016611355522,4.82001277606155
Yates,2020-10-18T00:00:00.000,6,94,99,11783,11783,94,2020-10-18,6,99,0.0606060606060606,0.0238082063343973,7.25924912494309
Yates,2020-10-19T00:00:00.000,4,98,52,11835,11835,98,2020-10-19,4,52,0.0769230769230769,0.0254463143108343,4.86145684927712
Yates,2020-10-20T00:00:00.000,1,99,133,11968,11968,99,2020-10-20,1,133,0.0075187969924812,0.0271036538161461,1.22176596806075
Yates,2020-10-21T00:00:00.000,3,102,110,12078,12078,102,2020-10-21,3,110,0.0272727272727273,0.0287669649504781,3.68294406912876
Yates,2020-10-22T00:00:00.000,5,107,107,12185,12185,107,2020-10-22,5,107,0.0467289719626168,0.0304223593708507,6.16740287482327
Yates,2020-10-23T00:00:00.000,4,111,119,12304,12304,111,2020-10-23,4,119,0.0336134453781513,0.0320556588395942,4.95361881279593
Yates,2020-10-24T00:00:00.000,1,112,109,12413,12413,112,2020-10-24,1,109,0.00917431192660551,0.0336527582699907,1.24240130750696
Yates,2020-10-25T00:00:00.000,3,115,69,12482,12482,115,2020-10-25,3,69,0.0434782608695652,0.0351999975527591,3.73637813846446
Yates,2020-10-26T00:00:00.000,6,121,109,12591,12591,121,2020-10-26,6,109,0.055045871559633,0.0366845256129361,7.48545638983063
Yates,2020-10-27T00:00:00.000,2,123,47,12638,12638,123,2020-10-27,2,47,0.0425531914893617,0.0380946404115997,2.49751320455193
Yates,2020-10-28T00:00:00.000,3,126,209,12847,12847,126,2020-10-28,3,209,0.0143540669856459,0.039420089956385,3.7470424181075
Yates,2020-10-29T00:00:00.000,2,128,133,12980,12980,128,2020-10-29,2,133,0.0150375939849624,0.0406523216665092,2.49673887074072
Yates,2020-10-30T00:00:00.000,4,132,89,13069,13069,132,2020-10-30,4,89,0.0449438202247191,0.0417846704651391,4.98740181565264
Yates,2020-10-31T00:00:00.000,2,134,92,13161,13161,134,2020-10-31,2,92,0.0217391304347826,0.0428124794578826,2.48898371500638
Yates,2020-11-01T00:00:00.000,3,137,124,13285,13285,137,2020-11-01,3,124,0.0241935483870968,0.0437331507362504,3.724003239722
Yates,2020-11-02T00:00:00.000,8,145,78,13363,13363,145,2020-11-02,8,78,0.102564102564103,0.0445461274157007,9.89939456842727
Yates,2020-11-03T00:00:00.000,2,147,51,13414,13414,147,2020-11-03,2,51,0.0392156862745098,0.0452528112496471,2.46562495206203
Yates,2020-11-04T00:00:00.000,6,153,99,13513,13513,153,2020-11-04,6,99,0.0606060606060606,0.0458564228396586,7.36532205917845
Yates,2020-11-05T00:00:00.000,3,156,82,13595,13595,156,2020-11-05,3,82,0.0365853658536585,0.0463618134586799,3.66511736854244
Yates,2020-11-06T00:00:00.000,5,161,117,13712,13712,161,2020-11-06,5,117,0.0427350427350427,0.046775238748815,6.07664442081801
Yates,2020-11-07T00:00:00.000,2,163,145,13857,13857,163,2020-11-07,2,145,0.0137931034482759,0.047104105032969,2.41696868819337
Yates,2020-11-08T00:00:00.000,8,171,88,13945,13945,171,2020-11-08,8,88,0.0909090909090909,0.0473566987561691,9.60921862236968
Yates,2020-11-09T00:00:00.000,5,176,80,14025,14025,176,2020-11-09,5,80,0.0625,0.0475419087223992,5.96922171113175
Yates,2020-11-10T00:00:00.000,2,178,51,14076,14076,178,2020-11-10,2,51,0.0392156862745098,0.0476689494636356,2.3770002955797
Yates,2020-11-11T00:00:00.000,4,182,72,14148,14148,182,2020-11-11,4,72,0.0555555555555556,0.0477470923934114,4.73659610759331
Yates,2020-11-12T00:00:00.000,8,190,138,14286,14286,190,2020-11-12,8,138,0.0579710144927536,0.04778540952663,9.46948797859137
Yates,2020-11-13T00:00:00.000,11,201,101,14387,14387,201,2020-11-13,11,101,0.108910891089109,0.0477925326210171,13.0148328077324
Yates,2020-11-14T00:00:00.000,5,206,85,14472,14472,206,2020-11-14,5,85,0.0588235294117647,0.0477764287505291,5.91298914150195
Yates,2020-11-15T00:00:00.000,3,209,90,14562,14562,209,2020-11-15,3,90,0.0333333333333333,0.0477441916796239,3.54595704099074
Yates,2020-11-16T00:00:00.000,8,217,149,14711,14711,217,2020-11-16,8,149,0.0536912751677852,0.0477018470542575,9.45068431137467
Yates,2020-11-17T00:00:00.000,1,218,87,14798,14798,218,2020-11-17,1,87,0.0114942528735632,0.0476541684534773,1.18065187725564
Yates,2020-11-18T00:00:00.000,2,220,100,14898,14898,220,2020-11-18,2,100,0.02,0.0476045008210026,2.35987606194688
